4.172 0.231311 0.0906588 0.230243 0.0781885 0.228698 0.0672536 0.226825 0.0566353 0.223903 0.0451893 0.220685 0.0346275 0.216906 0.0245056 
1.482 -0.541871 0.224202 -0.535947 0.259742 -0.529195 0.291163 -0.520943 0.321588 -0.510088 0.354034 -0.498257 0.384005 -0.485088 0.412994 
0.839 -0.369977 0.261183 -0.361778 0.286761 -0.353288 0.309078 -0.343781 0.33041 -0.33209 0.352734 -0.319824 0.373031 -0.306634 0.392315 
1.498 -0.569264 0.117367 -0.56964 0.154574 -0.568479 0.187734 -0.565667 0.220242 -0.560548 0.255244 -0.554033 0.287906 -0.545884 0.319861 
1.493 -0.537077 0.206396 -0.532165 0.241602 -0.526403 0.272902 -0.519085 0.303139 -0.509273 0.335438 -0.498481 0.365444 -0.486267 0.394486 
1.521 -0.495302 0.225572 -0.48888 0.257795 -0.481891 0.286246 -0.473482 0.313638 -0.46263 0.342692 -0.451031 0.369753 -0.438156 0.395698 
3.17 -0.341898 -0.0257636 -0.349224 -0.00348158 -0.354767 0.016962 -0.359177 0.0369809 -0.362821 0.0591168 -0.365221 0.0800705 -0.366379 0.100907 
3.139 -0.372716 0.0612108 -0.374777 0.0853711 -0.375727 0.107058 -0.375483 0.12815 -0.373903 0.151269 -0.371342 0.172704 -0.367567 0.193823 
0.96 -0.199452 0.287207 -0.191107 0.303371 -0.183051 0.317536 -0.174464 0.330954 -0.164419 0.344875 -0.154231 0.357482 -0.14358 0.369446 
0.809 -0.0727572 0.402945 -0.0587065 0.41216 -0.0458601 0.419845 -0.0327842 0.426738 -0.0183657 0.433301 -0.00453158 0.438755 0.00942349 0.443498 
0.964 -0.184386 0.289947 -0.175991 0.305131 -0.168007 0.31836 -0.159283 0.330936 -0.149193 0.343965 -0.139077 0.355773 -0.128463 0.366925 
0.928 -0.0933023 0.350897 -0.0817497 0.360964 -0.0710637 0.369551 -0.0601169 0.377398 -0.0478765 0.385187 -0.0359381 0.391851 -0.0238683 0.397967 
0.984 -0.214519 0.272826 -0.206803 0.289837 -0.19931 0.304753 -0.191108 0.318962 -0.181469 0.333744 -0.171707 0.34723 -0.161337 0.360074 
1.202 -0.443939 0.228311 -0.437186 0.257681 -0.429867 0.283557 -0.4215 0.308527 -0.410784 0.334952 -0.399327 0.359308 -0.386853 0.382709 
0.746 -0.052212 0.44609 -0.0361912 0.454571 -0.0216266 0.461572 -0.00692538 0.467723 0.00925174 0.473327 0.0248046 0.47781 0.0403785 0.481485 
0.858 -0.0796055 0.37966 -0.0666054 0.389135 -0.0545814 0.397174 -0.0422938 0.404458 -0.0286991 0.411421 -0.0154976 0.417335 -0.00223367 0.422538 
3.975 -0.0713875 -0.0572661 -0.0803353 -0.0515192 -0.0880859 -0.0460163 -0.0953005 -0.0403199 -0.102974 -0.0336537 -0.109764 -0.0270349 -0.116123 -0.0200878 
1.352 -0.56584 0.284468 -0.556324 0.32136 -0.546309 0.353912 -0.53477 0.38527 -0.520339 0.418444 -0.505065 0.449092 -0.488478 0.478388 
4.145 0.0505136 0.000260238 0.0445711 -0.00140362 0.0391688 -0.00260334 0.0339286 -0.00354202 0.0280574 -0.00420279 0.0225172 -0.00459612 0.0170766 -0.00453613 
3.139 -0.206301 0.14887 -0.203599 0.163189 -0.200592 0.175981 -0.19711 0.188098 -0.192594 0.201092 -0.187752 0.213157 -0.182362 0.224829 
0.761 -0.069333 0.433078 -0.053834 0.442437 -0.0396421 0.45029 -0.0253277 0.457262 -0.00939525 0.4638 0.00578897 0.469149 0.0211283 0.473777 
1.014 0.537433 0.502931 0.556554 0.474252 0.572196 0.447957 0.586383 0.421643 0.599804 0.391893 0.61097 0.363461 0.62039 0.335068 
4.191 0.0895494 0.0112176 0.0842373 0.00753355 0.0793307 0.00458165 0.0744648 0.00190963 0.0688235 -0.000762044 0.0635185 -0.00296532 0.058164 -0.00473288 
4.18 0.0758526 -0.275045 0.0533253 -0.277401 0.0331589 -0.278458 0.0135635 -0.278613 -0.00792526 -0.277487 -0.0279577 -0.275428 -0.047537 -0.272209 
3.984 -0.0645391 -0.0784961 -0.0748471 -0.0732056 -0.0838775 -0.067933 -0.0923325 -0.0624689 -0.101355 -0.0559518 -0.109462 -0.0493888 -0.117105 -0.0423498 
0.766 -0.0316669 0.439241 -0.0157494 0.446296 -0.0012901 0.452025 0.0132244 0.456924 0.029261 0.461181 0.044432 0.464395 0.0596471 0.46686 
1.781 -0.393261 -0.152459 -0.408095 -0.126837 -0.420202 -0.103416 -0.430766 -0.0799996 -0.440858 -0.0540149 -0.449002 -0.0292322 -0.455664 -0.00440309 
3.318 -0.188495 0.109834 -0.189343 0.124157 -0.189569 0.137073 -0.189088 0.149659 -0.187975 0.163229 -0.186169 0.176016 -0.183683 0.188548 
1.582 -0.469278 0.0831256 -0.471874 0.114468 -0.472957 0.142561 -0.472512 0.170047 -0.470398 0.199875 -0.466925 0.228031 -0.462028 0.255469 
1.156 -0.554198 0.305013 -0.54371 0.341414 -0.532874 0.373446 -0.520652 0.40442 -0.505376 0.437037 -0.489317 0.466971 -0.472032 0.495665 
0.878 -0.18644 0.321449 -0.176393 0.337119 -0.16686 0.350747 -0.156681 0.363692 -0.144998 0.376898 -0.133374 0.38875 -0.121304 0.399931 
4.188 0.082701 -0.290796 0.0593976 -0.293458 0.0385451 -0.294819 0.0182108 -0.295233 -0.00404688 -0.294356 -0.0248314 -0.292511 -0.0451486 -0.289478 
0.848 -0.141926 0.357061 -0.130347 0.370297 -0.11951 0.381681 -0.108256 0.392311 -0.0955363 0.403006 -0.0828913 0.412463 -0.0700403 0.421291 
4.16 0.0635255 -0.281893 0.0406861 -0.28349 0.0202434 -0.283886 0.000379154 -0.283365 -0.0212837 -0.28153 -0.0415204 -0.278789 -0.0611972 -0.27487 
4.16 0.0683194 -0.298329 0.0446709 -0.300171 0.0234764 -0.300789 0.00288506 -0.300438 -0.0196311 -0.298719 -0.0406648 -0.296016 -0.0611205 -0.292149 
4.27 0.272401 0.0824408 0.270799 0.0673463 0.26862 0.0540548 0.266014 0.041184 0.26215 0.0273739 0.257906 0.0145521 0.253066 0.00245118 
4.25 0.247747 0.0345021 0.243449 0.0212242 0.239058 0.009661 0.23434 -0.00145106 0.22833 -0.0132126 0.222237 -0.0239457 0.215724 -0.0341285 
1.49 -0.52475 0.228311 -0.518822 0.263049 -0.512116 0.293749 -0.50395 0.323363 -0.493366 0.355217 -0.481725 0.384455 -0.468655 0.412866 
0.986 -0.169319 0.292686 -0.160568 0.306995 -0.152157 0.319507 -0.1432 0.331292 -0.132891 0.343436 -0.122609 0.354367 -0.11198 0.364639 
1.401 -0.122065 0.174894 -0.119618 0.1855 -0.117018 0.194929 -0.11398 0.204032 -0.110277 0.213686 -0.106274 0.222597 -0.101834 0.231227 
1.375 -0.548719 0.289262 -0.538717 0.325384 -0.528333 0.357237 -0.51649 0.387694 -0.50178 0.420209 -0.486333 0.449939 -0.469483 0.478494 
3.943 -0.0953568 -0.181222 -0.111738 -0.173671 -0.126061 -0.166205 -0.139627 -0.158255 -0.154026 -0.148803 -0.167008 -0.139172 -0.179273 -0.128923 
4.258 0.236789 0.00984797 0.23081 -0.00285096 0.225118 -0.0137888 0.219042 -0.0242137 0.211507 -0.0351329 0.203929 -0.045047 0.196079 -0.0542405 
0.862 -0.221367 0.314601 -0.211829 0.332549 -0.202561 0.348061 -0.192729 0.362884 -0.181124 0.378231 -0.169499 0.392171 -0.157279 0.405301 
4.047 -0.0138611 -0.0339816 -0.021521 -0.0317205 -0.028271 -0.0293756 -0.0346875 -0.0268 -0.0416464 -0.023582 -0.0479934 -0.0202264 -0.0541069 -0.0165839 
4.133 0.0470894 -0.286687 0.0239448 -0.287319 0.00327333 -0.286858 -0.0167257 -0.285485 -0.0385948 -0.282715 -0.0588808 -0.279 -0.0786134 -0.274214 
4.008 -0.0494727 -0.10452 -0.0614137 -0.0999491 -0.0718935 -0.0953059 -0.0818675 -0.090358 -0.0924877 -0.0843 -0.102149 -0.078091 -0.111263 -0.0713885 
1.125 0.388823 0.360485 0.400682 0.340315 0.410334 0.321963 0.419037 0.303667 0.426982 0.283047 0.433505 0.263414 0.438833 0.24381 
4.371 0.271716 0.0194357 0.266363 0.00471444 0.260931 -0.00809964 0.255013 -0.0203284 0.24764 -0.033287 0.240168 -0.045072 0.232283 -0.0561333 
0.786 -0.0885084 0.409793 -0.0742442 0.420275 -0.0611277 0.429115 -0.0478142 0.437044 -0.032965 0.444785 -0.0186169 0.451312 -0.00409963 0.457005 
0.931 -0.464484 0.245432 -0.456814 0.276016 -0.448784 0.303091 -0.439453 0.329062 -0.42781 0.356623 -0.415496 0.382011 -0.401876 0.406426 
4.02 -0.0446788 -0.163416 -0.0599845 -0.15886 -0.0733737 -0.154091 -0.0862173 -0.148834 -0.0999317 -0.142387 -0.112523 -0.135591 -0.124428 -0.128162 
3.975 0.207341 0.0995617 0.206716 0.0883376 0.205627 0.0784229 0.204252 0.0688675 0.201846 0.0584841 0.199203 0.0489645 0.196088 0.039836 
4.363 0.286098 0.0228599 0.280717 0.00731891 0.275188 -0.00617972 0.269337 -0.019126 0.261913 -0.0327856 0.254401 -0.045232 0.246393 -0.0569476 
3.959 -0.0857691 -0.205876 -0.103753 -0.198796 -0.119445 -0.191717 -0.134197 -0.184036 -0.150191 -0.174835 -0.164663 -0.165443 -0.178179 -0.155256 
0.802 -0.0330366 0.422805 -0.0178406 0.429741 -0.00391747 0.435454 0.00987986 0.440269 0.0251914 0.44452 0.0397094 0.447753 0.0542008 0.450276 
3.555 -0.352171 -0.186016 -0.36876 -0.163301 -0.382604 -0.142364 -0.395061 -0.121254 -0.407403 -0.0974765 -0.417838 -0.0745433 -0.42689 -0.051353 
1.966 -0.211094 0.172154 -0.207411 0.187257 -0.203544 0.200627 -0.19896 0.213447 -0.193354 0.227016 -0.187247 0.23948 -0.180637 0.2515 
0.814 -0.10426 0.388563 -0.0909028 0.399783 -0.0785448 0.4093 -0.06587 0.418059 -0.0517689 0.426569 -0.0380584 0.433923 -0.024038 0.440505 
0.721 -0.0433091 0.459101 -0.0265284 0.467061 -0.0112593 0.473605 0.00409489 0.479193 0.0210359 0.484208 0.0371226 0.488087 0.0532362 0.491082 
0.893 -0.234379 0.293371 -0.226254 0.311722 -0.218176 0.327895 -0.20936 0.343302 -0.198953 0.359469 -0.18834 0.374137 -0.177073 0.388129 
0.887 -0.148089 0.336516 -0.137251 0.350003 -0.127016 0.361722 -0.116431 0.372606 -0.104293 0.383695 -0.0923752 0.393532 -0.0800877 0.402624 
4.215 0.222408 0.0714834 0.220164 0.0595244 0.217635 0.0490499 0.21479 0.0389247 0.210873 0.0281065 0.206736 0.0181089 0.202122 0.00867007 
4.031 -0.0282427 -0.095617 -0.0394766 -0.0921046 -0.0493761 -0.0884442 -0.0588032 -0.0844424 -0.0689396 -0.0794892 -0.0781574 -0.0743483 -0.0869307 -0.0687339 
0.895 -0.203561 0.305013 -0.194452 0.321764 -0.185737 0.336303 -0.176309 0.350194 -0.1654 0.364563 -0.154268 0.37756 -0.142655 0.389826 
3.59 -0.331626 -0.234639 -0.351114 -0.213013 -0.367679 -0.192822 -0.382774 -0.172403 -0.398055 -0.149172 -0.411276 -0.126625 -0.423013 -0.103639 
4.172 0.0655801 -0.112053 0.0528115 -0.114039 0.0412712 -0.115291 0.0300986 -0.115923 0.0178406 -0.115947 0.00627146 -0.115379 -0.00508889 -0.114063 
0.713 -0.0837146 0.458417 -0.0670338 0.468863 -0.0518478 0.47757 -0.0364282 0.485319 -0.0193664 0.49267 -0.00283115 0.498765 0.0137809 0.504033 
0.795 -0.144665 0.385824 -0.131664 0.399695 -0.119606 0.411501 -0.107201 0.422385 -0.0931655 0.433335 -0.0793037 0.443063 -0.0651586 0.451863 
0.758 0.0231201 0.463895 0.040598 0.467559 0.0562436 0.470148 0.0716931 0.471822 0.0883673 0.472585 0.104147 0.472506 0.119616 0.471633 
0.735 -0.0138611 0.463211 0.00338514 0.469268 0.0189456 0.473978 0.0345227 0.477898 0.0514393 0.48094 0.0675016 0.483004 0.0834491 0.484229 
4.047 -0.0241337 -0.149719 -0.0388939 -0.14639 -0.0519746 -0.14275 -0.0644016 -0.138624 -0.0778885 -0.133378 -0.090194 -0.127775 -0.101954 -0.121474 
0.828 -0.174798 0.354321 -0.163346 0.369697 -0.15264 0.382897 -0.141392 0.395254 -0.128425 0.407979 -0.115676 0.419332 -0.102508 0.429867 
2.125 0.205972 0.161882 0.207819 0.152469 0.208941 0.143929 0.209784 0.135607 0.209913 0.126389 0.209709 0.11777 0.208984 0.109475 
4.145 0.0436653 -0.151089 0.0287267 -0.151847 0.0153908 -0.151845 0.00250907 -0.151251 -0.0116641 -0.149752 -0.0248516 -0.147676 -0.0376856 -0.144799 
0.947 -0.118641 0.331722 -0.108117 0.343126 -0.0981762 0.352967 -0.0879255 0.362082 -0.0762996 0.371214 -0.0649438 0.379233 -0.0533098 0.386678 
1.93 -0.169319 0.188591 -0.164873 0.201283 -0.160477 0.212421 -0.155589 0.223104 -0.149825 0.234351 -0.143787 0.244595 -0.1374 0.254462 
4.109 0.0333927 -0.0127517 0.0267013 -0.0129916 0.0207173 -0.0128706 0.014987 -0.0125018 0.00861046 -0.0116807 0.00281981 -0.0105968 -0.0028569 -0.00916686 
1.013 0.523736 0.494713 0.542587 0.466783 0.558007 0.441175 0.571926 0.415511 0.585302 0.386685 0.596329 0.358939 0.60568 0.331285 
3.998 -0.0604301 -0.190809 -0.0776397 -0.18533 -0.0928145 -0.17974 -0.10717 -0.173548 -0.122553 -0.165885 -0.136567 -0.157966 -0.150019 -0.149271 
0.951 -0.229585 0.278989 -0.221891 0.296908 -0.21444 0.312594 -0.206073 0.327667 -0.196335 0.343343 -0.186351 0.357639 -0.175762 0.37128 
0.812 -0.121381 0.385824 -0.108434 0.397973 -0.0964124 0.408381 -0.0840796 0.417925 -0.0701774 0.427423 -0.0565234 0.435746 -0.0427361 0.443276 
1.178 0.328558 0.337885 0.339282 0.321286 0.348173 0.306266 0.356167 0.291076 0.363755 0.273993 0.370072 0.257659 0.375462 0.241341 
3.338 -0.179592 0.0262841 -0.183667 0.0389444 -0.186748 0.0504063 -0.189249 0.06171 -0.191337 0.0741555 -0.192637 0.0859457 -0.193316 0.097707 
0.782 -0.048103 0.425544 -0.0329712 0.433412 -0.0192188 0.439893 -0.00530879 0.445614 0.0099056 0.450711 0.0246385 0.454836 0.0392063 0.458145 
0.8 -0.0104369 0.433078 0.00528558 0.438523 0.0195184 0.442826 0.0337732 0.44634 0.0492887 0.449119 0.0640634 0.451001 0.0787 0.452105 
0.775 0.00599918 0.448144 0.0226435 0.452759 0.0376261 0.456269 0.0525516 0.45894 0.0686609 0.460749 0.0839587 0.461671 0.0989901 0.461841 
4.008 -0.0501575 -0.12438 -0.0630848 -0.119653 -0.0744496 -0.114884 -0.0852275 -0.109742 -0.0967939 -0.103539 -0.107304 -0.0971048 -0.117272 -0.0902518 
0.762 -0.464484 0.31871 -0.455931 0.352155 -0.446948 0.381747 -0.436572 0.410226 -0.423602 0.440388 -0.40985 0.468197 -0.394874 0.494695 
1.133 -0.266566 0.247487 -0.25922 0.266537 -0.252004 0.283391 -0.244048 0.299548 -0.234546 0.316411 -0.224672 0.331886 -0.214149 0.346512 
1.19 0.366909 0.322134 0.377224 0.302677 0.38566 0.28521 0.393124 0.267655 0.399803 0.248 0.405126 0.229265 0.409307 0.210642 
0.854 -0.110423 0.368018 -0.097844 0.379401 -0.0863058 0.389027 -0.0744643 0.397851 -0.0612513 0.406578 -0.0483054 0.414123 -0.0351773 0.420945 
1.09 0.457307 0.407054 0.47176 0.382585 0.483447 0.360258 0.493879 0.337923 0.503535 0.312935 0.511305 0.289057 0.517662 0.265278 
4.082 -0.000164361 -0.138077 -0.0142761 -0.136235 -0.0268495 -0.133862 -0.0388801 -0.13107 -0.0519517 -0.12725 -0.0639865 -0.122997 -0.0755582 -0.118037 
3.977 -0.0761813 -0.171634 -0.0921226 -0.165212 -0.106046 -0.158782 -0.119253 -0.15183 -0.133395 -0.143414 -0.14617 -0.13489 -0.158226 -0.125689 
0.844 -0.197398 0.331037 -0.187176 0.347496 -0.17736 0.36187 -0.166934 0.37545 -0.15495 0.389432 -0.142953 0.402044 -0.130465 0.413853 
4.07 0.0183263 -0.361334 -0.00900188 -0.360248 -0.0333502 -0.358116 -0.0569146 -0.354903 -0.0825107 -0.349933 -0.106183 -0.344002 -0.129168 -0.336895 
4.098 0.00942337 -0.163416 -0.0061151 -0.162125 -0.0198879 -0.160254 -0.0331685 -0.157838 -0.0476244 -0.154319 -0.06099 -0.150347 -0.0738502 -0.145609 
0.772 -0.139186 0.400205 -0.125417 0.413672 -0.112665 0.425189 -0.0994562 0.43582 -0.0846102 0.4464 -0.0700209 0.455628 -0.0552536 0.464012 
4.301 0.290892 0.0543624 0.287278 0.0384243 0.283367 0.0245219 0.279094 0.0111293 0.27333 -0.00319885 0.267329 -0.0162383 0.260798 -0.0286288 
0.93 -0.168634 0.313231 -0.158996 0.327709 -0.14986 0.340292 -0.140229 0.352121 -0.129068 0.364206 -0.118094 0.375057 -0.106719 0.385213 
0.914 -0.18781 0.307068 -0.178762 0.32265 -0.170069 0.33626 -0.160783 0.349213 -0.149989 0.362552 -0.139078 0.374589 -0.127669 0.385984 
3.33 -0.208355 0.109149 -0.207489 0.123336 -0.206245 0.13604 -0.20434 0.148393 -0.201568 0.161529 -0.198311 0.173769 -0.194385 0.185841 
3.385 -0.177537 -0.0387755 -0.185605 -0.0264129 -0.192351 -0.0150368 -0.198271 -0.00350921 -0.204151 0.00934006 -0.209038 0.0217098 -0.213064 0.034262 
3.998 -0.0604301 -0.16821 -0.0759833 -0.162743 -0.0897083 -0.157154 -0.102668 -0.151065 -0.116511 -0.143649 -0.129207 -0.135994 -0.141069 -0.127764 
4.133 0.0354472 -0.123695 0.0221002 -0.124074 0.0102025 -0.123734 -0.00130686 -0.122863 -0.0139381 -0.121204 -0.0256478 -0.119044 -0.0370264 -0.116159 
3.197 -0.31382 -0.0168607 -0.320577 0.00380339 -0.3257 0.0224505 -0.329818 0.0409742 -0.333108 0.0613795 -0.335284 0.0806985 -0.336329 0.0999124 
0.883 -0.481605 0.259814 -0.473046 0.291317 -0.464113 0.31906 -0.453992 0.345787 -0.441363 0.37418 -0.428008 0.400201 -0.413499 0.425174 
0.833 -0.159732 0.36117 -0.147719 0.375779 -0.136379 0.388456 -0.124592 0.400266 -0.111297 0.412156 -0.0981884 0.422725 -0.084689 0.432573 
0.924 -0.105629 0.341994 -0.0943912 0.35277 -0.0839496 0.362048 -0.0730886 0.370555 -0.0610852 0.379002 -0.0492711 0.386349 -0.0371721 0.393068 
4.047 -0.0255034 -0.177113 -0.0420666 -0.173766 -0.0565443 -0.170005 -0.0705361 -0.165712 -0.085535 -0.160118 -0.0991998 -0.154098 -0.112394 -0.147354 
1.235 -0.272045 0.231735 -0.265615 0.251033 -0.259172 0.267939 -0.252018 0.284288 -0.243281 0.301476 -0.234189 0.317225 -0.224322 0.332225 
1.331 0.0936584 0.313916 0.103796 0.31161 0.112651 0.309269 0.121364 0.306585 0.130347 0.302931 0.138746 0.299149 0.146823 0.295065 
1.088 0.425805 0.385139 0.438702 0.363029 0.449152 0.342945 0.458561 0.322883 0.467247 0.300394 0.474358 0.278829 0.48028 0.257484 
0.852 -0.12549 0.363224 -0.113333 0.375663 -0.102051 0.386181 -0.0903966 0.396013 -0.0772899 0.405824 -0.0643378 0.414474 -0.0512089 0.422327 
0.808 -0.154253 0.374866 -0.141759 0.389145 -0.130195 0.401455 -0.118086 0.412997 -0.104355 0.424567 -0.0908972 0.4348 -0.0770654 0.444226 
4.145 0.0498288 -0.0846596 0.0391422 -0.0858265 0.0294847 -0.0862096 0.0201063 -0.0862296 0.00978113 -0.0856525 0.000152978 -0.0846076 -0.00927474 -0.082967 
4.375 0.25528 0.00710862 0.24898 -0.00651403 0.242825 -0.0183198 0.236381 -0.0295713 0.228449 -0.0413317 0.220588 -0.0519897 0.212336 -0.0618634 
0.754 -0.311081 0.311861 -0.302538 0.335988 -0.293952 0.357154 -0.284334 0.377601 -0.27294 0.398921 -0.261016 0.418453 -0.248252 0.43707 
0.881 -0.130284 0.348158 -0.118849 0.360601 -0.108249 0.371178 -0.0973235 0.380947 -0.0847717 0.390913 -0.0725983 0.399642 -0.0602278 0.407629 
3.938 -0.098781 -0.211355 -0.117043 -0.203553 -0.133053 -0.195819 -0.148327 -0.187563 -0.164371 -0.17755 -0.179015 -0.167391 -0.192892 -0.156539 
0.775 -0.296699 0.305013 -0.288511 0.327883 -0.280047 0.348213 -0.270887 0.367604 -0.259671 0.387952 -0.24821 0.406562 -0.235869 0.424409 
0.776 -0.077551 0.421435 -0.0626818 0.431326 -0.0491704 0.43956 -0.0353449 0.446998 -0.0200926 0.454031 -0.00530909 0.459948 0.00954366 0.46502 
0.893 -0.0857691 0.362539 -0.0736454 0.372199 -0.0624157 0.380419 -0.0508904 0.387969 -0.0381107 0.395225 -0.025695 0.401449 -0.0130928 0.407022 
2.205 -0.424764 -0.201082 -0.442855 -0.173482 -0.457875 -0.148081 -0.47124 -0.122584 -0.484368 -0.0940054 -0.495263 -0.066484 -0.504532 -0.0388517 
1.333 -0.094672 0.189275 -0.0916567 0.19837 -0.0883445 0.206457 -0.0847555 0.214242 -0.0805023 0.222342 -0.0761632 0.229955 -0.0713851 0.237219 
4.062 0.0046295 -0.328462 -0.0206896 -0.326727 -0.0432334 -0.324036 -0.0649739 -0.320415 -0.0886028 -0.315065 -0.110416 -0.308902 -0.131468 -0.30157 
1.056 -0.152883 0.29748 -0.143968 0.310883 -0.135541 0.322589 -0.126725 0.333634 -0.116653 0.34494 -0.106577 0.355028 -0.0962077 0.364605 
3.305 -0.21041 0.0166963 -0.214947 0.0309385 -0.218536 0.0438903 -0.221293 0.0567601 -0.223612 0.0708746 -0.225039 0.0841825 -0.22565 0.0974245 
3.9 -0.120696 -0.213409 -0.138885 -0.204398 -0.154768 -0.195617 -0.169774 -0.186311 -0.185621 -0.175267 -0.199999 -0.164119 -0.213452 -0.152317 
0.76 -0.40011 0.287892 -0.392935 0.31742 -0.385405 0.343488 -0.376624 0.368559 -0.365591 0.395212 -0.353862 0.419742 -0.341062 0.443266 
4.25 0.108725 -0.123011 0.0953178 -0.127659 0.0830184 -0.131264 0.0711062 -0.134142 0.0576599 -0.136537 0.0452018 -0.138118 0.0325811 -0.138927 
1.293 0.0772223 0.309122 0.0871907 0.307686 0.0959798 0.306086 0.104553 0.304064 0.113609 0.301269 0.122009 0.298194 0.130144 0.294867 
0.883 -0.162471 0.331037 -0.151993 0.34525 -0.142158 0.357537 -0.131785 0.369137 -0.119859 0.38091 -0.108105 0.391471 -0.0958748 0.401281 
0.945 -0.48229 0.241323 -0.474802 0.272644 -0.46687 0.300363 -0.457771 0.327091 -0.446216 0.355444 -0.433919 0.381575 -0.420405 0.406673 
4.121 0.0292837 -0.156568 0.013887 -0.156511 0.000288575 -0.155757 -0.0128653 -0.154388 -0.0272445 -0.152087 -0.0406654 -0.149222 -0.0536079 -0.14553 
4.117 0.0395562 -0.0380907 0.0313897 -0.0387697 0.023975 -0.038905 0.0168972 -0.0386948 0.00905921 -0.0380464 0.00183222 -0.037024 -0.00521759 -0.0355706 
1.269 0.0998219 0.23516 0.105058 0.232708 0.109584 0.230444 0.114004 0.227924 0.11843 0.224944 0.122504 0.221983 0.126337 0.218928 
0.719 -0.00358855 0.475538 0.0139641 0.481162 0.0297375 0.485437 0.045494 0.488885 0.0626813 0.491516 0.0789898 0.493153 0.095224 0.494065 
0.705 -0.052212 0.472113 -0.034698 0.481134 -0.0187842 0.488404 -0.00276519 0.494821 0.0148024 0.500516 0.031751 0.505086 0.0485578 0.508741 
1.216 0.0696891 0.257759 0.0762821 0.257081 0.0821334 0.256225 0.0877919 0.255236 0.0938391 0.253695 0.0994095 0.251947 0.104799 0.250036 
4.02 0.223778 0.104356 0.223314 0.092311 0.222275 0.0816586 0.220893 0.0713418 0.218539 0.0601561 0.215865 0.0498686 0.212734 0.0400296 
1.476 0.229941 0.285838 0.238539 0.274716 0.245783 0.264586 0.252397 0.254327 0.258746 0.242653 0.264202 0.231445 0.268916 0.220269 
1.32 -0.243967 0.222148 -0.237902 0.239737 -0.231825 0.255232 -0.224987 0.270028 -0.216737 0.285572 -0.208175 0.299762 -0.199029 0.313431 
1.111 0.410053 0.366648 0.422311 0.345175 0.432085 0.325662 0.4407 0.306139 0.448607 0.284244 0.455191 0.26346 0.46044 0.242727 
4.156 0.0553075 -0.121641 0.0423143 -0.123126 0.030595 -0.123877 0.0192714 -0.124069 0.00691274 -0.123561 -0.00468419 -0.122469 -0.0161631 -0.120702 
4.07 -0.00906725 -0.172319 -0.0250823 -0.169876 -0.0392341 -0.167022 -0.0526432 -0.163527 -0.0672346 -0.158884 -0.0807727 -0.15383 -0.0937817 -0.148079 
1.241 0.301849 0.311177 0.311295 0.296168 0.319128 0.282243 0.326311 0.268552 0.332867 0.253054 0.338391 0.238251 0.343099 0.223349 
0.854 -0.248076 0.29611 -0.239563 0.315426 -0.231268 0.332344 -0.2222 0.34846 -0.211499 0.365325 -0.200536 0.380693 -0.188881 0.395251 
1.785 -0.278893 0.196124 -0.274034 0.215089 -0.268994 0.231997 -0.26313 0.248255 -0.255881 0.265566 -0.248133 0.281423 -0.239634 0.296646 
1.388 0.166251 0.156403 0.167547 0.149639 0.16847 0.14369 0.169094 0.137656 0.169235 0.131099 0.169128 0.124911 0.16869 0.118847 
0.827 -0.219312 0.328982 -0.209065 0.346741 -0.199254 0.362256 -0.188746 0.376871 -0.176718 0.392051 -0.164518 0.405704 -0.151817 0.418532 
0.734 -0.0905629 0.439926 -0.0751095 0.450792 -0.0608985 0.460041 -0.0464347 0.468434 -0.0303013 0.476407 -0.0147989 0.483089 0.000829707 0.48909 
1.29 -0.0700178 0.246802 -0.0632227 0.254238 -0.0569039 0.260647 -0.0503457 0.266626 -0.0428689 0.272632 -0.035671 0.277898 -0.0281875 0.282763 
0.728 0.0128476 0.476222 0.0307721 0.480832 0.0468807 0.484293 0.0628194 0.486793 0.0801554 0.488334 0.096493 0.488954 0.112681 0.488822 
3.174 -0.343953 0.0694288 -0.345558 0.091731 -0.346047 0.111757 -0.345499 0.131392 -0.343715 0.152555 -0.341018 0.172361 -0.3373 0.191885 
1.247 0.107355 0.1475 0.107681 0.144489 0.107819 0.141907 0.107962 0.139414 0.107742 0.136679 0.107444 0.134179 0.106988 0.131759 
4.172 0.0607862 -0.140816 0.0462264 -0.142599 0.0332216 -0.14355 0.0206413 -0.143848 0.00667277 -0.143379 -0.00616885 -0.142236 -0.0187104 -0.140293 
4.027 0.0724284 0.0844953 0.0716859 0.0814276 0.0708088 0.0788344 0.0699271 0.0762273 0.0686205 0.073385 0.0672975 0.0708038 0.0658752 0.0684353 
3.586 -0.337105 -0.221627 -0.355783 -0.199647 -0.371561 -0.179311 -0.385916 -0.158703 -0.400353 -0.135299 -0.412782 -0.11269 -0.42375 -0.0896982 
1.421 -0.103575 0.120107 -0.104086 0.129508 -0.104163 0.137934 -0.103758 0.146363 -0.102908 0.155319 -0.10166 0.163683 -0.100033 0.172028 
0.75 -0.106999 0.42486 -0.0921716 0.436578 -0.0785144 0.44651 -0.0645786 0.455549 -0.049081 0.464331 -0.0339802 0.471933 -0.0187837 0.478589 
4.098 0.0135324 -0.135338 -0.000439191 -0.134323 -0.012745 -0.132782 -0.0245264 -0.130669 -0.0375325 -0.127682 -0.0494814 -0.124215 -0.061012 -0.120102 
4.07 -0.00290371 -0.10589 -0.0148991 -0.103674 -0.0255138 -0.101218 -0.0356376 -0.0983136 -0.0466588 -0.0945145 -0.0567479 -0.0904354 -0.0663714 -0.0857225 
3.299 -0.239173 0.100247 -0.23892 0.116109 -0.238052 0.130301 -0.236408 0.144065 -0.233879 0.158989 -0.230772 0.172688 -0.226939 0.186357 
0.793 -0.343268 0.285838 -0.335875 0.311693 -0.328203 0.334533 -0.319505 0.356481 -0.308689 0.379731 -0.297393 0.40099 -0.285223 0.421326 
0.71 -0.23027 0.384454 -0.218221 0.404307 -0.206536 0.421591 -0.194143 0.437925 -0.179744 0.454708 -0.165446 0.469878 -0.150394 0.484112 
4.148 0.0484591 -0.16958 0.0322828 -0.170591 0.0177822 -0.170709 0.00376735 -0.170239 -0.0115804 -0.168849 -0.0258762 -0.166816 -0.0398138 -0.163886 
4.223 0.244323 0.0612108 0.241476 0.047841 0.238335 0.036139 0.234819 0.024848 0.230054 0.012858 0.225046 0.00180346 0.21958 -0.00865741 
3.523 -0.359704 -0.144241 -0.373885 -0.120785 -0.385533 -0.0993075 -0.395822 -0.0776526 -0.405734 -0.053564 -0.41386 -0.0303575 -0.420536 -0.00705395 
3.953 -0.0919326 -0.153828 -0.106518 -0.146586 -0.119291 -0.1395 -0.131353 -0.132038 -0.144125 -0.123121 -0.155621 -0.114133 -0.166501 -0.104628 
4.043 -0.0220792 -0.116162 -0.0349011 -0.113043 -0.0462472 -0.109694 -0.0569661 -0.105914 -0.0686004 -0.101093 -0.0792972 -0.0959896 -0.0895386 -0.0903526 
1.053 0.500452 0.435817 0.516075 0.409144 0.528658 0.384728 0.539859 0.360305 0.550082 0.332937 0.558556 0.306872 0.565294 0.280836 
4.539 0.272401 -0.112053 0.259227 -0.126592 0.246843 -0.138901 0.234343 -0.150342 0.21982 -0.162045 0.205652 -0.172292 0.191283 -0.181469 
0.75 0.0539378 0.486495 0.0724504 0.488385 0.088984 0.48947 0.105301 0.489668 0.122824 0.488752 0.139173 0.487022 0.155294 0.484601 
3.938 -0.102205 -0.119586 -0.114869 -0.111877 -0.125831 -0.104429 -0.136108 -0.0966646 -0.147012 -0.087584 -0.156746 -0.0784879 -0.165835 -0.0690024 
4.215 0.0874949 -0.133283 0.0737059 -0.136707 0.0610722 -0.139176 0.0490567 -0.140961 0.0354966 -0.142156 0.0229026 -0.142587 0.0102541 -0.142292 
0.71 -0.217258 0.396781 -0.204705 0.415933 -0.192587 0.432611 -0.179949 0.448251 -0.165293 0.464313 -0.150702 0.47879 -0.135607 0.492298 
1.161 0.355266 0.341309 0.366099 0.323124 0.374885 0.306526 0.382734 0.289944 0.390163 0.271379 0.396124 0.253552 0.401214 0.236022 
1.269 -0.0460485 0.261868 -0.0384849 0.268216 -0.0315847 0.27358 -0.0244018 0.278549 -0.0164782 0.283346 -0.00875848 0.287481 -0.00101238 0.2912 
1.196 0.384714 0.331037 0.395156 0.310834 0.403664 0.292584 0.41126 0.274357 0.41801 0.253967 0.423441 0.234552 0.427683 0.215259 
0.834 -0.187125 0.341309 -0.176428 0.357297 -0.166228 0.37125 -0.15552 0.384343 -0.143231 0.39774 -0.131038 0.409812 -0.118293 0.421134 
0.765 -0.00769758 0.446774 0.00864812 0.452333 0.0233969 0.456693 0.0382026 0.460216 0.0542445 0.462987 0.0694535 0.464746 0.0846204 0.465838 
1.078 0.360745 0.404314 0.375015 0.386302 0.38692 0.369835 0.397848 0.353135 0.408363 0.334236 0.417409 0.316001 0.425339 0.29768 
4.297 0.282674 0.0721682 0.280137 0.0567315 0.277226 0.0431666 0.27389 0.030111 0.269233 0.0160456 0.264242 0.00321623 0.258709 -0.00905153 
4.219 0.221038 0.0543624 0.217795 0.0426128 0.214293 0.0323481 0.21055 0.0224631 0.205726 0.0119658 0.200736 0.00243187 0.195385 -0.00657773 
4.207 0.0922887 -0.0545268 0.0831186 -0.0582826 0.0747972 -0.061174 0.0664775 -0.0636803 0.0571822 -0.0658432 0.0485954 -0.0673908 0.0400049 -0.0684089 
1.31 0.0929736 0.289262 0.101759 0.287027 0.109441 0.284675 0.116973 0.282063 0.124729 0.278678 0.131929 0.275121 0.138843 0.271351 
1.29 -0.0700178 0.262553 -0.0626406 0.269918 -0.0558929 0.276332 -0.0488891 0.282193 -0.0410035 0.288151 -0.0333112 0.293329 -0.0254482 0.298112 
1.44 -0.46106 0.220778 -0.45512 0.25094 -0.448328 0.277669 -0.440048 0.303526 -0.429604 0.331027 -0.41851 0.356339 -0.406415 0.380746 
3.266 -0.250815 0.157773 -0.247081 0.174548 -0.243263 0.189377 -0.238887 0.203648 -0.233544 0.218733 -0.227778 0.232878 -0.22134 0.246407 
1.277 -0.0570059 0.238584 -0.0508717 0.245305 -0.0451379 0.251244 -0.0391841 0.256715 -0.0325612 0.262166 -0.0259878 0.266989 -0.019327 0.271442 
0.765 -0.123435 0.409108 -0.109308 0.421705 -0.0963469 0.43237 -0.0830349 0.442249 -0.0680283 0.45205 -0.053497 0.46048 -0.0387017 0.468163 
4.211 0.186796 0.0879195 0.185513 0.0780954 0.183868 0.0694901 0.182045 0.0611263 0.179268 0.0521716 0.176308 0.04394 0.173027 0.0361863 
0.819 -0.304232 0.288577 -0.296559 0.311878 -0.28885 0.332368 -0.280197 0.35202 -0.269628 0.372727 -0.258666 0.391664 -0.246877 0.409842 
4.219 0.0991371 -0.0798658 0.0884758 -0.0839185 0.0787631 -0.0870516 0.0692316 -0.0896704 0.0585024 -0.0919263 0.0484306 -0.0934895 0.0384227 -0.0944677 
4.531 0.271031 -0.0921929 0.259058 -0.106492 0.247752 -0.118597 0.236289 -0.130044 0.222979 -0.141727 0.209918 -0.152041 0.196653 -0.161233 
0.696 -0.283687 0.361855 -0.272979 0.385072 -0.262425 0.405483 -0.250927 0.42484 -0.237489 0.444902 -0.223702 0.463252 -0.209162 0.480607 
1.056 0.397042 0.446774 0.41372 0.426377 0.427657 0.407608 0.440384 0.388656 0.45274 0.367036 0.463317 0.346265 0.472697 0.325313 
3.576 -0.325462 -0.157252 -0.340292 -0.136154 -0.352697 -0.116633 -0.363877 -0.0970552 -0.374777 -0.0749466 -0.383991 -0.0537243 -0.391869 -0.0322087 
1.127 -0.291905 0.247487 -0.284017 0.267267 -0.276161 0.28441 -0.267484 0.300959 -0.257162 0.318192 -0.246565 0.334094 -0.235321 0.349434 
4.043 -0.0316669 -0.18944 -0.0484546 -0.185614 -0.0633039 -0.181461 -0.0774506 -0.176702 -0.0927802 -0.170683 -0.106769 -0.164291 -0.120135 -0.157147 
0.887 -0.114532 0.354321 -0.102813 0.365768 -0.0920489 0.375531 -0.0808801 0.384592 -0.068332 0.393598 -0.0561122 0.401479 -0.0436748 0.408688 
1.55 0.19159 0.220093 0.196627 0.211511 0.200706 0.203766 0.204433 0.195968 0.207749 0.186984 0.210518 0.178828 0.212765 0.170374 
3.434 -0.155623 -0.0312423 -0.163345 -0.0202772 -0.169721 -0.0101027 -0.175386 0.000174634 -0.180959 0.0116958 -0.185532 0.0227826 -0.189522 0.0340615 
0.792 -0.363813 0.281729 -0.356776 0.308888 -0.349393 0.332884 -0.340893 0.356004 -0.330289 0.380515 -0.319071 0.403044 -0.306936 0.424613 
0.854 -0.159732 0.346103 -0.148553 0.3604 -0.138031 0.37274 -0.127054 0.384325 -0.11447 0.39612 -0.102138 0.406572 -0.0894318 0.416243 
4.375 0.199123 -0.0339816 0.190876 -0.0444495 0.183067 -0.0533851 0.175122 -0.0616376 0.165818 -0.0701797 0.156717 -0.0776342 0.147432 -0.0844231 
0.832 -0.137132 0.370757 -0.124913 0.383736 -0.113604 0.394819 -0.101782 0.40521 -0.0884752 0.415601 -0.0753528 0.42473 -0.0621285 0.433045 
3.635 -0.296699 -0.22916 -0.316008 -0.209561 -0.332437 -0.191191 -0.34749 -0.17255 -0.36282 -0.151232 -0.376209 -0.130459 -0.388208 -0.109375 
4.098 0.261444 0.100931 0.260765 0.0866853 0.259535 0.0740809 0.257885 0.0618873 0.25512 0.0487274 0.252004 0.0365048 0.248231 0.0247861 
1.149 0.38403 0.346788 0.39545 0.326709 0.404676 0.308503 0.412993 0.290255 0.420427 0.269754 0.426579 0.250258 0.431507 0.230809 
1.296 0.0724284 0.336516 0.0841906 0.335328 0.0944903 0.333896 0.104672 0.332025 0.115365 0.329197 0.125338 0.326005 0.134963 0.322454 
4.035 -0.0241337 -0.0476784 -0.0326949 -0.0444258 -0.0402271 -0.0410585 -0.0472999 -0.0373912 -0.0548898 -0.0329933 -0.0617384 -0.0285429 -0.0681633 -0.0236123 
3.488 -0.371346 -0.206561 -0.389272 -0.18262 -0.404331 -0.160462 -0.417828 -0.138137 -0.431256 -0.113001 -0.442572 -0.0886869 -0.452445 -0.06406 
4.203 0.0854404 -0.0860293 0.0744447 -0.0894996 0.0644332 -0.0920794 0.0549339 -0.0940937 0.0439879 -0.0957719 0.0338919 -0.0967301 0.0238488 -0.0970776 
3.598 -0.315875 -0.181222 -0.331977 -0.160482 -0.345559 -0.141328 -0.357832 -0.121997 -0.370094 -0.100165 -0.380447 -0.079108 -0.389536 -0.0578838 
4.426 0.220353 -0.150404 0.204934 -0.161675 0.190747 -0.170949 0.176581 -0.179344 0.160518 -0.187557 0.145048 -0.194508 0.129567 -0.200391 
3.615 -0.280263 -0.129859 -0.293587 -0.111317 -0.304712 -0.0941396 -0.31468 -0.0768128 -0.32452 -0.0574445 -0.332775 -0.03869 -0.33983 -0.0198277 
0.779 -0.328202 0.295425 -0.320351 0.320404 -0.312335 0.34242 -0.303357 0.363542 -0.292352 0.385895 -0.280818 0.406382 -0.268444 0.425924 
1.331 0.0909191 0.335146 0.102261 0.333086 0.112202 0.330959 0.121962 0.328422 0.132235 0.324838 0.141755 0.321039 0.15091 0.316959 
0.75 -0.361759 0.300219 -0.353988 0.327365 -0.34606 0.35128 -0.336916 0.374437 -0.325616 0.398919 -0.313778 0.421316 -0.30101 0.442803 
1.172 0.400466 0.345418 0.411757 0.324428 0.420816 0.30536 0.428898 0.286365 0.436069 0.265046 0.441978 0.244826 0.446545 0.224674 
0.819 -0.0857691 0.396096 -0.0722094 0.406092 -0.0596726 0.414577 -0.0469086 0.422317 -0.0327627 0.429697 -0.0189932 0.435958 -0.00523397 0.441486 
0.683 -0.077551 0.483071 -0.0599254 0.493529 -0.0437747 0.502265 -0.0273388 0.510112 -0.00931662 0.517373 0.00819986 0.523535 0.0257474 0.528705 
1.193 -0.258348 0.23516 -0.251731 0.25347 -0.245172 0.269618 -0.237939 0.285173 -0.2292 0.301399 -0.220164 0.31649 -0.210428 0.330752 
4.215 0.238844 0.0749075 0.236928 0.0620023 0.234611 0.0506096 0.231973 0.039669 0.228228 0.0278811 0.224185 0.0170021 0.219693 0.0066232 
3.553 -0.331626 -0.12712 -0.344884 -0.105543 -0.35579 -0.0857332 -0.365482 -0.0657795 -0.374804 -0.0434988 -0.382531 -0.0221745 -0.38891 -0.00065972 
0.785 -0.104945 0.402945 -0.0910526 0.414238 -0.0782801 0.423746 -0.0651323 0.432509 -0.050554 0.440982 -0.036322 0.448342 -0.0220044 0.454854 
0.732 -0.37614 0.306383 -0.368258 0.334571 -0.36014 0.359509 -0.350724 0.383504 -0.339124 0.408956 -0.326994 0.432338 -0.313757 0.454702 
0.725 -0.346007 0.31871 -0.337337 0.345005 -0.328544 0.36824 -0.318603 0.390495 -0.306561 0.414015 -0.294057 0.435482 -0.280646 0.456033 
4.191 0.0772223 -0.241487 0.0568422 -0.244141 0.038577 -0.24555 0.0207472 -0.246096 0.00118429 -0.245527 -0.017053 -0.244091 -0.0349055 -0.241619 
3.969 -0.0796055 -0.147665 -0.0941102 -0.14099 -0.106689 -0.134338 -0.118612 -0.127362 -0.131373 -0.118981 -0.142941 -0.110484 -0.153604 -0.101429 
4.176 0.248432 0.0920285 0.247361 0.0784914 0.245818 0.0665299 0.243734 0.0549216 0.240683 0.0423914 0.237163 0.0308134 0.233105 0.0196936 
0.7 -0.24876 0.391303 -0.236362 0.412386 -0.224538 0.43077 -0.211933 0.44819 -0.197248 0.466246 -0.182578 0.482489 -0.167165 0.497776 
4.164 0.0683194 0.000945076 0.0626293 -0.00155405 0.057354 -0.0035098 0.0523263 -0.00514394 0.0464489 -0.00668148 0.0410192 -0.00778033 0.0353953 -0.00852829 
4.133 0.0381865 -0.101096 0.0263591 -0.101471 0.0157628 -0.101295 0.00552008 -0.10056 -0.00573912 -0.099145 -0.0162309 -0.0972974 -0.0264335 -0.0947902 
4.055 -0.00701274 -0.0558965 -0.0160019 -0.0540746 -0.0239771 -0.0520292 -0.0315898 -0.0496403 -0.0399035 -0.0466376 -0.0475345 -0.0433288 -0.0548253 -0.0396021 
0.697 -0.267936 0.381715 -0.256078 0.40389 -0.244612 0.423323 -0.232152 0.441641 -0.217751 0.460739 -0.203293 0.478086 -0.188064 0.494333 
3.6 -0.300808 -0.14698 -0.31505 -0.127337 -0.32705 -0.109107 -0.337715 -0.0907735 -0.348375 -0.0701166 -0.357303 -0.0502579 -0.365006 -0.0301144 
3.926 -0.113163 -0.0812354 -0.123543 -0.0727271 -0.132592 -0.0647427 -0.140807 -0.0564827 -0.149597 -0.0470286 -0.157274 -0.0376903 -0.164014 -0.0280237 
1.689 -0.215203 0.231051 -0.208303 0.246318 -0.201544 0.259606 -0.194228 0.272415 -0.185494 0.285635 -0.176629 0.2977 -0.167374 0.309189 
0.758 -0.324777 0.309807 -0.316362 0.334723 -0.307846 0.356786 -0.298297 0.377878 -0.286766 0.400033 -0.274829 0.420368 -0.262014 0.439709 
3.617 -0.293275 -0.162731 -0.308378 -0.143341 -0.3211 -0.12549 -0.332588 -0.107444 -0.344024 -0.0870862 -0.353806 -0.0674606 -0.362331 -0.0475878 
1.255 -0.0193398 0.250226 -0.0127065 0.255121 -0.00663362 0.259217 -0.000438689 0.262949 0.0063263 0.266526 0.0128782 0.269545 0.0195972 0.272274 
3.742 -0.204931 -0.173689 -0.220889 -0.159645 -0.234615 -0.146449 -0.247294 -0.132963 -0.260418 -0.117363 -0.271932 -0.102115 -0.28241 -0.0863967 
1.222 0.334036 0.319395 0.344146 0.302079 0.352184 0.286313 0.359459 0.270493 0.366141 0.252983 0.371576 0.236078 0.37597 0.219223 
1.268 0.101876 0.209821 0.105811 0.207268 0.109141 0.204801 0.11252 0.202288 0.115704 0.199361 0.118622 0.196472 0.121351 0.193538 
1.479 0.155979 0.259814 0.163201 0.253312 0.169252 0.247307 0.175109 0.241165 0.180792 0.23405 0.185897 0.22715 0.19056 0.220151 
4.008 -0.0426243 -0.0784961 -0.0531907 -0.0743194 -0.062418 -0.0700848 -0.0711192 -0.0655205 -0.0804481 -0.0599597 -0.0888128 -0.0542932 -0.0966835 -0.0481518 
1.163 -0.200137 0.268717 -0.192589 0.284684 -0.185126 0.298723 -0.177235 0.312008 -0.167824 0.325834 -0.158366 0.338353 -0.148337 0.350302 
4.41 0.21145 -0.0627448 0.201223 -0.0736134 0.191646 -0.0827418 0.181963 -0.0912136 0.170747 -0.0999448 0.159903 -0.107485 0.148902 -0.114201 
3.734 -0.211779 -0.199712 -0.229108 -0.185286 -0.244014 -0.171665 -0.257904 -0.157538 -0.272179 -0.141458 -0.284798 -0.125698 -0.29632 -0.109383 
4.227 0.205287 0.0776469 0.203612 0.0665961 0.201598 0.056924 0.199268 0.0475987 0.195912 0.0375518 0.192411 0.0282642 0.188405 0.0194829 
3.646 -0.259033 -0.116162 -0.271451 -0.0990323 -0.281856 -0.0832527 -0.291167 -0.0673562 -0.300454 -0.0494179 -0.308224 -0.0321564 -0.314977 -0.014585 
3.68 -0.255609 -0.204506 -0.273367 -0.187342 -0.288513 -0.171319 -0.302517 -0.154831 -0.316784 -0.136126 -0.329213 -0.117826 -0.340441 -0.0991195 
3.762 -0.191919 -0.184646 -0.208483 -0.171278 -0.222712 -0.158566 -0.235924 -0.145512 -0.249572 -0.130591 -0.261655 -0.115873 -0.272688 -0.100708 
0.958 -0.133708 0.324873 -0.12323 0.337257 -0.113667 0.347879 -0.103596 0.357875 -0.092211 0.367965 -0.0808465 0.376981 -0.069335 0.385185 
1.211 0.314861 0.324873 0.324969 0.309082 0.333316 0.294683 0.340814 0.280211 0.347877 0.263918 0.353738 0.24833 0.358731 0.232755 
4.305 0.166251 -0.087399 0.155129 -0.0955069 0.144827 -0.102225 0.134591 -0.108327 0.122899 -0.114245 0.111715 -0.119172 0.10051 -0.123353 
1.214 0.0505136 0.248856 0.0569729 0.249491 0.0628873 0.249743 0.0684463 0.249777 0.0747968 0.249311 0.0804229 0.248535 0.0858859 0.247674 
1.414 0.134064 0.259129 0.140977 0.254051 0.146909 0.249646 0.152574 0.244819 0.158249 0.239139 0.163337 0.233611 0.168089 0.228012 
3.674 -0.266566 -0.225736 -0.285511 -0.207784 -0.301703 -0.191012 -0.316677 -0.173881 -0.331937 -0.154197 -0.345254 -0.134956 -0.357334 -0.11527 
1.332 0.102561 0.271456 0.110588 0.268563 0.117557 0.265787 0.124347 0.262707 0.13126 0.258796 0.137666 0.254792 0.143751 0.250589 
3.57 -0.317244 -0.126435 -0.33033 -0.105774 -0.341123 -0.0867392 -0.350753 -0.0675966 -0.360072 -0.0461761 -0.367781 -0.0255955 -0.374269 -0.00486091 
3.721 -0.188495 -0.0545268 -0.197436 -0.0413658 -0.204866 -0.0292675 -0.211476 -0.0171369 -0.218065 -0.00347184 -0.223535 0.00964181 -0.228053 0.0229358 
1.425 -0.165895 0.269401 -0.156848 0.281781 -0.14835 0.292537 -0.139409 0.302597 -0.129199 0.312841 -0.119035 0.322001 -0.108616 0.330593 
4.316 0.168991 0.039296 0.165227 0.0305207 0.161372 0.0228363 0.157465 0.015594 0.15251 0.00790832 0.147563 0.000993479 0.1424 -0.00548497 
3.688 -0.243967 -0.18807 -0.260865 -0.171562 -0.275307 -0.156201 -0.288599 -0.140437 -0.302218 -0.122456 -0.314067 -0.104903 -0.324711 -0.086898 
3.617 -0.139186 -0.0257636 -0.14654 -0.015755 -0.152731 -0.0064943 -0.158236 0.00283728 -0.163772 0.013379 -0.168369 0.0235176 -0.172346 0.0338531 
1.578 0.189536 0.239269 0.195593 0.230733 0.200587 0.222932 0.205257 0.215127 0.209594 0.206218 0.213258 0.197771 0.216415 0.189181 
4.188 0.078592 -0.0600055 0.0691196 -0.0631881 0.0605043 -0.0655566 0.0519957 -0.0674861 0.0426683 -0.0690095 0.0336762 -0.0700347 0.0249659 -0.0704199 
3.631 -0.274099 -0.146295 -0.288336 -0.128126 -0.300341 -0.111243 -0.311169 -0.0943214 -0.321949 -0.0752253 -0.331175 -0.0567259 -0.339165 -0.0379264 
1.257 -0.0282427 0.281044 -0.0199701 0.286193 -0.0124651 0.290497 -0.00478016 0.294384 0.00361491 0.298049 0.0117944 0.301134 0.0199843 0.303795 
3.705 -0.228215 -0.181907 -0.244761 -0.166469 -0.258991 -0.151832 -0.272066 -0.136989 -0.285397 -0.119982 -0.297102 -0.103348 -0.307717 -0.0862134 
3.664 -0.276154 -0.236694 -0.295753 -0.218307 -0.312552 -0.201068 -0.32803 -0.183382 -0.343868 -0.163303 -0.357755 -0.143622 -0.370348 -0.123429 
1.505 -0.363128 0.215984 -0.357407 0.240608 -0.351227 0.262383 -0.344164 0.283408 -0.335177 0.305761 -0.325705 0.32632 -0.315233 0.346013 
4.16 0.0580468 -0.249021 0.0377305 -0.250485 0.0195276 -0.250861 0.00186286 -0.250408 -0.0174952 -0.248758 -0.0355535 -0.24634 -0.0531535 -0.242905 
4.594 0.299795 -0.140816 0.284795 -0.156744 0.270751 -0.170134 0.256601 -0.182693 0.240176 -0.195393 0.224307 -0.20651 0.208162 -0.216456 
4.289 0.156663 -0.0545268 0.147188 -0.062088 0.138358 -0.0683423 0.12956 -0.07396 0.119451 -0.0795605 0.109799 -0.0843695 0.100089 -0.088456 
1.061 0.433338 0.413902 0.447988 0.391505 0.459886 0.371059 0.47074 0.350539 0.480774 0.327368 0.489091 0.305254 0.496063 0.283172 
0.864 -0.465169 0.259814 -0.456961 0.290707 -0.448499 0.317953 -0.438595 0.344022 -0.426307 0.371738 -0.413358 0.397323 -0.399133 0.421621 
3.654 -0.280948 -0.222997 -0.299783 -0.20429 -0.315769 -0.18681 -0.330516 -0.169026 -0.345508 -0.148735 -0.358581 -0.129057 -0.370398 -0.108865 
0.72 -0.298069 0.333776 -0.288638 0.357483 -0.279023 0.378343 -0.268572 0.398223 -0.256301 0.419043 -0.243526 0.438112 -0.230022 0.456149 
3.711 -0.239173 -0.247651 -0.259335 -0.231455 -0.276674 -0.216052 -0.292834 -0.200213 -0.30952 -0.182006 -0.324299 -0.164104 -0.337795 -0.145633 
3.754 -0.191919 -0.167525 -0.207701 -0.154117 -0.22117 -0.141583 -0.233742 -0.128616 -0.246659 -0.113783 -0.258028 -0.0992664 -0.268455 -0.0842014 
4.09 0.00668402 -0.118217 -0.00606845 -0.116989 -0.0174171 -0.115289 -0.0283098 -0.113056 -0.0401987 -0.10996 -0.0511308 -0.106476 -0.0616568 -0.102447 
4.441 0.229256 -0.0627448 0.219195 -0.0746191 0.209687 -0.0848235 0.200083 -0.0942393 0.18881 -0.103809 0.177814 -0.112351 0.166625 -0.119949 
3.66 -0.243967 -0.116162 -0.256501 -0.0997958 -0.267065 -0.0844893 -0.276518 -0.0691571 -0.285965 -0.0519159 -0.293943 -0.0351503 -0.300903 -0.0181937 
3.637 -0.289166 -0.205876 -0.307219 -0.186553 -0.322497 -0.168602 -0.336504 -0.150361 -0.350656 -0.129592 -0.362969 -0.109479 -0.373941 -0.0888929 
3.773 -0.189864 -0.212724 -0.208099 -0.199427 -0.223875 -0.186676 -0.238532 -0.173621 -0.253816 -0.158551 -0.267392 -0.143494 -0.279903 -0.128034 
3.854 -0.120696 -0.0196001 -0.127722 -0.0106434 -0.133626 -0.00234711 -0.138952 0.00601757 -0.144359 0.0154761 -0.148891 0.0245955 -0.152813 0.0339134 
4.418 0.219669 -0.0264484 0.211793 -0.0378837 0.204217 -0.0476534 0.196557 -0.0568665 0.187386 -0.0663334 0.178374 -0.0748422 0.169143 -0.0825877 
1.577 0.202548 0.187221 0.205493 0.177941 0.20774 0.169676 0.209652 0.161483 0.211006 0.152402 0.211953 0.14396 0.212396 0.135493 
4.199 0.108725 0.0653198 0.106582 0.0601916 0.104366 0.0558375 0.102217 0.0516646 0.0993964 0.0472577 0.0965337 0.0432652 0.0934604 0.0396483 
1.039 0.420326 0.459786 0.437413 0.438191 0.451781 0.418428 0.464911 0.398388 0.477599 0.37569 0.488461 0.35375 0.49792 0.331756 
3.66 -0.256294 -0.153143 -0.270901 -0.136007 -0.283269 -0.120081 -0.294511 -0.103969 -0.305856 -0.0856484 -0.315558 -0.0679406 -0.324093 -0.049892 
0.689 -0.283687 0.38103 -0.271975 0.404453 -0.26049 0.42478 -0.248236 0.4442 -0.233826 0.464373 -0.219195 0.482638 -0.204032 0.499854 
3.676 -0.265881 -0.247651 -0.286083 -0.229867 -0.303411 -0.213193 -0.319477 -0.196025 -0.335947 -0.176325 -0.350436 -0.157079 -0.363677 -0.137222 
4.398 0.217614 0.00162991 0.211668 -0.0101401 0.205819 -0.0202934 0.199799 -0.029917 0.192343 -0.0399999 0.184974 -0.0490972 0.177295 -0.0575605 
3.91 -0.115902 -0.140816 -0.129856 -0.132327 -0.14193 -0.124117 -0.153204 -0.115572 -0.165054 -0.105525 -0.175667 -0.095528 -0.18558 -0.0850437 
3.615 -0.302178 -0.182591 -0.318334 -0.162937 -0.331963 -0.144594 -0.344313 -0.126072 -0.356714 -0.105232 -0.367318 -0.0849939 -0.37664 -0.0644701 
3.531 -0.306972 -0.108629 -0.319227 -0.0884311 -0.329347 -0.0699591 -0.338257 -0.0513598 -0.34697 -0.0304965 -0.354006 -0.0105482 -0.359922 0.00950325 
3.682 -0.233694 -0.144925 -0.247889 -0.129134 -0.259915 -0.114491 -0.270939 -0.0995016 -0.282014 -0.0825307 -0.291579 -0.0660389 -0.300102 -0.0492459 
3.684 -0.229585 -0.131229 -0.242816 -0.115639 -0.254099 -0.101223 -0.26427 -0.0865601 -0.274576 -0.0698704 -0.283377 -0.0537795 -0.291165 -0.0372874 
4.074 0.000520477 -0.0819203 -0.0100422 -0.0803359 -0.0193477 -0.0785973 -0.028317 -0.0762193 -0.0380967 -0.0732876 -0.0470768 -0.0700278 -0.0556628 -0.0662846 
1.58 0.19433 0.261183 0.201837 0.251942 0.208008 0.243559 0.213773 0.235041 0.21916 0.225364 0.223908 0.216192 0.228086 0.206998 
3.699 -0.247391 -0.221627 -0.266141 -0.205016 -0.282092 -0.189423 -0.296931 -0.173498 -0.312184 -0.155188 -0.325592 -0.13725 -0.33779 -0.118852 
1.026 0.460731 0.476907 0.478868 0.452801 0.493569 0.430553 0.507134 0.408143 0.520271 0.38286 0.531228 0.358486 0.54072 0.334115 
4.008 -0.0392001 -0.0415149 -0.0476132 -0.0377855 -0.0550076 -0.0340257 -0.0618832 -0.0299843 -0.0692653 -0.0251364 -0.0758741 -0.0201791 -0.0821363 -0.0148827 
3.986 0.246377 0.113943 0.246317 0.10058 0.245642 0.0887467 0.244536 0.0772245 0.242433 0.0647671 0.239945 0.0532198 0.236891 0.0421005 
3.373 -0.141241 0.100247 -0.140923 0.109957 -0.140298 0.118584 -0.139213 0.127052 -0.137622 0.136171 -0.135701 0.144699 -0.133314 0.153 
4.371 0.19433 -0.127804 0.180679 -0.137422 0.16802 -0.145364 0.155359 -0.152644 0.141047 -0.159591 0.127269 -0.165547 0.113427 -0.170508 
3.969 -0.0789207 -0.0853445 -0.0897103 -0.0787392 -0.0992369 -0.0723677 -0.108075 -0.0657192 -0.117384 -0.0579341 -0.125856 -0.0501844 -0.133605 -0.0419935 
3.668 -0.259033 -0.190809 -0.276121 -0.173536 -0.290725 -0.157366 -0.304135 -0.140989 -0.317744 -0.122145 -0.32963 -0.103862 -0.340332 -0.0851292 
4.258 0.233365 0.0358718 0.22943 0.0230625 0.225238 0.0119489 0.220813 0.0012378 0.215039 -0.0101268 0.209163 -0.0205083 0.202811 -0.0302686 
3.643 -0.26999 -0.160677 -0.285077 -0.142627 -0.297797 -0.12596 -0.309359 -0.109058 -0.32097 -0.0899493 -0.330894 -0.0714352 -0.339591 -0.05254 
1.9 -0.197398 0.185166 -0.193363 0.199385 -0.18931 0.211937 -0.184621 0.223975 -0.178501 0.236855 -0.172314 0.248583 -0.165677 0.25973 
0.737 -0.389152 0.301589 -0.381589 0.330438 -0.37361 0.355978 -0.364405 0.380558 -0.35302 0.406509 -0.341034 0.430263 -0.327939 0.453237 
4.316 0.167621 -0.196288 0.149618 -0.204122 0.133228 -0.210287 0.117109 -0.21555 0.0990321 -0.220265 0.0819243 -0.223761 0.0649598 -0.226196 
1.025 0.453198 0.499507 0.471968 0.476359 0.487624 0.455098 0.501891 0.433495 0.515927 0.409213 0.527892 0.38568 0.538481 0.362108 
1.328 0.140912 0.15024 0.141644 0.145145 0.141979 0.140683 0.142226 0.136289 0.14204 0.131424 0.141645 0.126832 0.141069 0.122495 
3.664 -0.246021 -0.132598 -0.25942 -0.116157 -0.270776 -0.100794 -0.281024 -0.0853706 -0.291299 -0.0678786 -0.300062 -0.0509515 -0.307761 -0.0337415 
4.379 0.197754 -0.0764416 0.186998 -0.0865352 0.176967 -0.0950312 0.166906 -0.102843 0.155296 -0.110639 0.144126 -0.117442 0.132761 -0.123363 
3.918 -0.117272 -0.0613752 -0.126551 -0.0527703 -0.134677 -0.0446863 -0.142101 -0.0364451 -0.149746 -0.0269877 -0.15643 -0.0177879 -0.162356 -0.00823536 
3.615 -0.31382 -0.246281 -0.333986 -0.225642 -0.351164 -0.206311 -0.366948 -0.186683 -0.382993 -0.164489 -0.396936 -0.142571 -0.409556 -0.120317 
4.137 0.0470894 -0.0641145 0.037421 -0.0650931 0.0287062 -0.0654108 0.020321 -0.0654309 0.0110478 -0.0648809 0.00246978 -0.0638853 -0.00586305 -0.0624111 
3.916 -0.115217 -0.227791 -0.134063 -0.219136 -0.150589 -0.21062 -0.166171 -0.201484 -0.182702 -0.190574 -0.197667 -0.179567 -0.211751 -0.167865 
4.312 0.165566 -0.0189152 0.158495 -0.0272397 0.151836 -0.0342657 0.14511 -0.0407838 0.137171 -0.0475375 0.129456 -0.053439 0.12162 -0.0586904 
0.707 -0.445309 0.341994 -0.435784 0.374811 -0.425883 0.403909 -0.41469 0.431691 -0.400775 0.461196 -0.386278 0.48825 -0.370571 0.514129 
3.828 -0.159732 -0.306547 -0.183401 -0.295008 -0.204116 -0.283666 -0.22366 -0.271828 -0.244298 -0.257543 -0.262941 -0.243165 -0.280532 -0.227997 
3.824 -0.16521 -0.264087 -0.186664 -0.252182 -0.205337 -0.240775 -0.222934 -0.228604 -0.241431 -0.214416 -0.258077 -0.200106 -0.273636 -0.185046 
3.646 -0.261088 -0.138762 -0.27492 -0.121333 -0.28654 -0.105288 -0.296995 -0.0891135 -0.307493 -0.0707771 -0.316444 -0.0530037 -0.324286 -0.0349523 
3.842 -0.107684 -0.0134365 -0.114087 -0.00542069 -0.119531 0.00204753 -0.124378 0.00963701 -0.12924 0.018205 -0.133568 0.0264577 -0.137373 0.0348221 
1.271 -0.0672785 0.305013 -0.0572755 0.312305 -0.0479891 0.318611 -0.038474 0.324265 -0.0279946 0.329692 -0.0178697 0.334339 -0.00759943 0.338494 
4.508 0.255965 -0.117532 0.242446 -0.130898 0.229807 -0.142302 0.217097 -0.152763 0.202357 -0.163338 0.188124 -0.172412 0.173669 -0.180572 
3.893 -0.133023 -0.0839748 -0.143411 -0.0744557 -0.152176 -0.0655351 -0.16017 -0.0563664 -0.16873 -0.0459944 -0.176007 -0.0358071 -0.182821 -0.025361 
1.128 0.362115 0.35843 0.37389 0.340085 0.383353 0.323296 0.391975 0.306546 0.40024 0.2877 0.406883 0.269626 0.412349 0.25158 
3.699 -0.237803 -0.207246 -0.255671 -0.191096 -0.270982 -0.175814 -0.285123 -0.160242 -0.299616 -0.142585 -0.312348 -0.125089 -0.323876 -0.107295 
3.92 -0.111793 -0.156568 -0.126516 -0.148252 -0.139345 -0.140209 -0.151348 -0.131778 -0.164124 -0.121844 -0.175444 -0.111839 -0.186055 -0.101395 
1.26 0.102561 0.194069 0.105525 0.191506 0.108058 0.188964 0.110593 0.186433 0.112978 0.18371 0.11508 0.180931 0.116989 0.178111 
1.439 0.188851 0.161197 0.190507 0.152756 0.191555 0.145167 0.192413 0.137677 0.192633 0.129435 0.192542 0.121629 0.192037 0.114056 
4.055 -0.0152308 -0.0757567 -0.0255751 -0.0728395 -0.0347154 -0.0697705 -0.0433594 -0.0663732 -0.0526688 -0.0621886 -0.0611015 -0.0577632 -0.0691616 -0.0528518 
3.48 -0.252869 -0.0894535 -0.263963 -0.0726254 -0.273189 -0.0570853 -0.28136 -0.0415035 -0.28941 -0.0239363 -0.2961 -0.00710177 -0.301738 0.00985102 
3.936 -0.098781 -0.101096 -0.110341 -0.0934078 -0.120325 -0.0860238 -0.129655 -0.0783703 -0.139457 -0.0694727 -0.148211 -0.0606536 -0.156237 -0.0514326 
4.301 0.160088 -0.00179427 0.153723 -0.00984768 0.147689 -0.0167371 0.141564 -0.0231942 0.13429 -0.0297712 0.127116 -0.0356392 0.119886 -0.0409067 
4.234 0.295686 0.089974 0.294508 0.073451 0.292685 0.0590579 0.290342 0.0450208 0.286627 0.0300337 0.282444 0.0161142 0.277546 0.00276798 
1.018 0.544282 0.48718 0.562379 0.45809 0.577288 0.431662 0.590384 0.404983 0.602722 0.375121 0.612979 0.346528 0.621747 0.318184 
3.746 -0.215203 -0.242172 -0.235168 -0.227402 -0.252411 -0.213297 -0.26851 -0.198783 -0.285243 -0.181963 -0.300086 -0.165244 -0.313799 -0.148092 
1.415 -0.392576 0.224202 -0.386858 0.250536 -0.380687 0.273873 -0.373485 0.29648 -0.364202 0.320507 -0.354307 0.342624 -0.343443 0.363955 
4.16 0.0621559 -0.011382 0.0555794 -0.0135965 0.04954 -0.015154 0.0437532 -0.0164524 0.0371423 -0.0174502 0.0309544 -0.0181562 0.024902 -0.0184722 
3.186 -0.323408 -0.0928777 -0.334718 -0.0717872 -0.343686 -0.0524056 -0.351641 -0.0330295 -0.359032 -0.0114684 -0.365052 0.00916238 -0.369868 0.029915 
1.187 -0.0166005 0.36117 -0.00368076 0.365745 0.00797745 0.369431 0.0197266 0.372302 0.0324955 0.374718 0.0446516 0.376336 0.0566374 0.377224 
1.313 -0.0926174 0.248171 -0.0858586 0.25709 -0.0794246 0.264796 -0.0727286 0.271977 -0.0650744 0.27937 -0.0574704 0.285955 -0.0496587 0.292108 
3.676 -0.249445 -0.168895 -0.26485 -0.152144 -0.277905 -0.136487 -0.289814 -0.120548 -0.30194 -0.102545 -0.31244 -0.0849712 -0.321715 -0.0670491 
4.223 0.105301 -0.0415149 0.096894 -0.0459663 0.0891789 -0.0494679 0.0815943 -0.0525794 0.0730287 -0.0554427 0.0647634 -0.0576934 0.056715 -0.0593979 
3.709 -0.237803 -0.232585 -0.257139 -0.216353 -0.273727 -0.201006 -0.289109 -0.185264 -0.304976 -0.167191 -0.318935 -0.149432 -0.331687 -0.131144 
1.817 -0.202876 0.198178 -0.19779 0.212393 -0.192649 0.225167 -0.186859 0.237325 -0.17992 0.250191 -0.172798 0.261982 -0.165081 0.273116 
3.793 -0.183016 -0.310656 -0.20711 -0.297737 -0.227957 -0.285243 -0.247671 -0.272071 -0.268462 -0.256475 -0.287142 -0.240839 -0.304689 -0.224448 
1.354 0.112149 0.261183 0.118998 0.258065 0.125233 0.254925 0.130896 0.251765 0.137136 0.247651 0.14268 0.243584 0.147877 0.239462 
4.574 0.283358 -0.0798658 0.27206 -0.0949773 0.261358 -0.107949 0.25045 -0.120206 0.237562 -0.132435 0.224945 -0.143598 0.21205 -0.153649 
0.711 -0.335735 0.328297 -0.326678 0.354116 -0.317539 0.376902 -0.307308 0.398744 -0.294981 0.421735 -0.282201 0.442722 -0.268592 0.462854 
0.842 -0.235749 0.311177 -0.226554 0.329751 -0.21763 0.346049 -0.208107 0.361531 -0.196757 0.3777 -0.185296 0.392338 -0.173257 0.406179 
1.242 -0.00838241 0.309122 0.00179263 0.313224 0.0109008 0.316461 0.0201349 0.319208 0.0302106 0.321595 0.0398474 0.32328 0.0493544 0.324504 
0.915 -0.250815 0.27762 -0.243178 0.297098 -0.235587 0.314148 -0.227418 0.330297 -0.217451 0.347398 -0.207189 0.363052 -0.196231 0.377904 
3.896 -0.126174 -0.114792 -0.1387 -0.105703 -0.14944 -0.0970432 -0.159398 -0.0880393 -0.16981 -0.0776671 -0.179108 -0.0674156 -0.187705 -0.0567999 
3.727 -0.223421 -0.218888 -0.24205 -0.203545 -0.257994 -0.189146 -0.272852 -0.174325 -0.288153 -0.157285 -0.301678 -0.140561 -0.314052 -0.123273 
3.762 -0.187125 -0.08329 -0.197604 -0.0705716 -0.206446 -0.0587799 -0.214385 -0.0468321 -0.222498 -0.0334084 -0.229342 -0.0203226 -0.235438 -0.0070328 
1.304 -0.0857691 0.286522 -0.0767458 0.295039 -0.0681908 0.302403 -0.0595349 0.309158 -0.0498932 0.315806 -0.0404431 0.321641 -0.0307876 0.326972 
3.6 -0.298754 -0.129174 -0.311954 -0.109493 -0.322955 -0.0912914 -0.332724 -0.0730654 -0.342308 -0.0525944 -0.350282 -0.0328775 -0.357081 -0.0130691 
1.511 0.193645 0.199548 0.197382 0.190745 0.200323 0.182848 0.202996 0.175042 0.205205 0.166447 0.206871 0.158027 0.20814 0.149963 
4.16 0.0621559 -0.0497329 0.0533058 -0.0519469 0.0452504 -0.0534907 0.0373735 -0.0546531 0.0285635 -0.0554109 0.020387 -0.0556221 0.0122708 -0.0553994 
1.234 0.0751678 0.286522 0.083887 0.285367 0.0916015 0.283986 0.0991943 0.28227 0.107086 0.279825 0.1144 0.27714 0.121555 0.274159 
0.704 -0.356965 0.328297 -0.347789 0.355328 -0.338674 0.378997 -0.328398 0.401873 -0.315853 0.425857 -0.30298 0.447821 -0.288983 0.468845 
4.066 0.160088 0.085865 0.158946 0.0776477 0.157368 0.0704137 0.155563 0.0634227 0.153004 0.0559358 0.150147 0.0490706 0.147208 0.0425743 
4.188 0.0758526 -0.166155 0.0598323 -0.168582 0.0454549 -0.169973 0.0314308 -0.170814 0.0159392 -0.170747 0.00155772 -0.169883 -0.0125283 -0.168221 
3.662 -0.238488 -0.102465 -0.250158 -0.0862974 -0.259943 -0.0713805 -0.268701 -0.0564053 -0.277331 -0.039604 -0.284602 -0.0234025 -0.290869 -0.00701361 
3.734 -0.222737 -0.318874 -0.247156 -0.30356 -0.26828 -0.28896 -0.288126 -0.27371 -0.308896 -0.255775 -0.327517 -0.237954 -0.344878 -0.219471 
4.172 0.0854404 0.0673743 0.0837258 0.0634884 0.0819844 0.0601305 0.0802498 0.0569737 0.0779159 0.0535511 0.0756965 0.0505243 0.0734009 0.0477035 
4.027 -0.0234488 -0.0168607 -0.030171 -0.0138814 -0.0360704 -0.0109773 -0.0415797 -0.00787973 -0.047535 -0.00413503 -0.0528666 -0.000338117 -0.0579207 0.00382888 
3.756 -0.204246 -0.225051 -0.223255 -0.210818 -0.239695 -0.197277 -0.254963 -0.183393 -0.270846 -0.167228 -0.284914 -0.151427 -0.297899 -0.135094 
2.332 -0.261088 0.1701 -0.257655 0.187968 -0.253941 0.203767 -0.249578 0.219146 -0.24386 0.235527 -0.237675 0.250715 -0.230799 0.265389 
4.266 0.140227 0.00984797 0.134675 0.00288899 0.129344 -0.00292574 0.124003 -0.00844632 0.117612 -0.01403 0.111411 -0.0190055 0.105044 -0.0236297 
3.596 -0.29259 -0.116162 -0.305104 -0.09696 -0.315512 -0.0791665 -0.324695 -0.0613469 -0.33369 -0.0414655 -0.341117 -0.0223281 -0.347421 -0.00304114 
1.197 0.344309 0.330352 0.354742 0.312645 0.363435 0.296491 0.371204 0.280368 0.378401 0.26221 0.38433 0.244946 0.389223 0.227797 
3.756 -0.20904 -0.306547 -0.232718 -0.292183 -0.253271 -0.278414 -0.272655 -0.263881 -0.29294 -0.246918 -0.31117 -0.230073 -0.328146 -0.212384 
1.011 0.526476 0.476907 0.544373 0.448659 0.558894 0.423017 0.572002 0.397113 0.584261 0.36818 0.594471 0.340336 0.603015 0.312758 
3.488 -0.372031 -0.190125 -0.388967 -0.165767 -0.403108 -0.143405 -0.415747 -0.121034 -0.428149 -0.0959785 -0.438553 -0.0714933 -0.447473 -0.0469308 
3.463 -0.359019 -0.123695 -0.372322 -0.100593 -0.383184 -0.0792612 -0.392607 -0.0577728 -0.401689 -0.0336161 -0.408997 -0.0106348 -0.41492 0.0124162 
3.658 -0.27273 -0.199712 -0.29027 -0.181676 -0.305241 -0.164898 -0.318953 -0.147775 -0.332925 -0.128166 -0.345053 -0.109141 -0.355889 -0.0896828 
4.02 -0.0453636 -0.142871 -0.0590808 -0.138491 -0.0711909 -0.133985 -0.0826793 -0.12898 -0.0950056 -0.122843 -0.106214 -0.116498 -0.116858 -0.109543 
3.961 -0.0857691 -0.0545268 -0.0946064 -0.0474597 -0.102196 -0.0407887 -0.109252 -0.033936 -0.116648 -0.0260519 -0.122978 -0.0182875 -0.128977 -0.0102346 
4.184 0.0710588 -0.087399 0.0602232 -0.0900274 0.0504879 -0.0918422 0.0409943 -0.0931831 0.0302725 -0.0940672 0.0204905 -0.0943212 0.0106624 -0.0939845 
4.473 0.242268 -0.015491 0.23516 -0.0285139 0.228166 -0.0397152 0.220942 -0.0502786 0.212185 -0.0614651 0.203599 -0.0712553 0.194568 -0.0803486 
4.23 0.108725 -0.0654842 0.0987152 -0.070133 0.0895775 -0.0738396 0.0805402 -0.0769787 0.0704214 -0.0798795 0.0608537 -0.0820727 0.0513585 -0.0835907 
4.301 0.160088 -0.179852 0.143116 -0.187506 0.127626 -0.193493 0.112468 -0.198673 0.095385 -0.20332 0.079192 -0.206886 0.0631468 -0.20939 
3.801 -0.175483 -0.21067 -0.193507 -0.198026 -0.209032 -0.186169 -0.223539 -0.17365 -0.238673 -0.159261 -0.252199 -0.145092 -0.264685 -0.130255 
4.219 0.145021 0.0776469 0.143164 0.0702149 0.141265 0.0637644 0.13947 0.0575957 0.136975 0.0510237 0.134412 0.0449693 0.131769 0.039284 
0.862 -0.0933023 0.374182 -0.0807021 0.384409 -0.0691457 0.393057 -0.0572958 0.401015 -0.0442701 0.408721 -0.031471 0.415411 -0.0186061 0.421355 
3.785 -0.187125 -0.29559 -0.210229 -0.282426 -0.230308 -0.269799 -0.249213 -0.256421 -0.26906 -0.240846 -0.286961 -0.225191 -0.303738 -0.208766 
3.945 -0.0796055 -0.00521846 -0.0853714 0.00116189 -0.0903486 0.00713031 -0.095126 0.0130678 -0.0998257 0.0198742 -0.103875 0.0264957 -0.107497 0.0333203 
3.594 -0.311766 -0.160677 -0.326957 -0.140036 -0.339642 -0.121134 -0.351073 -0.101946 -0.362392 -0.080503 -0.371926 -0.0597537 -0.38018 -0.0388442 
4.188 0.0833858 -0.00110944 0.0772926 -0.0046082 0.071743 -0.00739653 0.0662711 -0.00985846 0.0600209 -0.0121911 0.0540992 -0.0140482 0.0481951 -0.0154227 
1.59 0.163512 0.31871 0.174156 0.311922 0.183438 0.305519 0.192315 0.298734 0.201322 0.290683 0.209319 0.282563 0.216924 0.274318 
0.681 -0.309026 0.378291 -0.297342 0.402916 -0.286055 0.424625 -0.273763 0.445269 -0.25918 0.466781 -0.244426 0.486235 -0.228939 0.504762 
3.949 0.291576 0.131749 0.292732 0.115301 0.292964 0.10073 0.292663 0.0865703 0.291118 0.0710708 0.28896 0.0566848 0.286002 0.0427267 
4.59 0.293631 -0.127804 0.27948 -0.143412 0.266222 -0.156681 0.252794 -0.16923 0.237158 -0.181614 0.221991 -0.192858 0.20648 -0.20272 
4.277 0.1505 -0.087399 0.139458 -0.0949226 0.129166 -0.100933 0.119065 -0.106329 0.107537 -0.111469 0.0965109 -0.115823 0.0854879 -0.119363 
4.234 0.10941 -0.0894535 0.0979928 -0.094072 0.0876785 -0.0976483 0.0774298 -0.100702 0.0660508 -0.103293 0.0551849 -0.105179 0.0445479 -0.106327 
1.331 -0.119326 0.246802 -0.11261 0.257123 -0.106248 0.266043 -0.099515 0.274446 -0.091758 0.283162 -0.0838037 0.290937 -0.075799 0.298289 
4.27 0.142967 -0.0606903 0.133158 -0.0676657 0.12406 -0.0732743 0.115117 -0.0783603 0.10482 -0.0833989 0.0950533 -0.0876336 0.0851692 -0.0910977 
4.344 0.179948 -0.032612 0.171645 -0.0420362 0.163801 -0.0497752 0.155911 -0.0570865 0.146684 -0.0644711 0.137702 -0.0711203 0.12858 -0.0769474 
4.391 0.206657 -0.0120668 0.199497 -0.0229765 0.192607 -0.0322792 0.185614 -0.0410966 0.177163 -0.0501836 0.168907 -0.0583318 0.160396 -0.0657772 
4.105 0.0285988 -0.0552116 0.019439 -0.0552268 0.0112722 -0.054836 0.00346811 -0.0540447 -0.00522423 -0.0527923 -0.0132533 -0.0511765 -0.0209714 -0.0489626 
0.855 -0.489138 0.27625 -0.480467 0.30846 -0.471828 0.337258 -0.461971 0.365684 -0.449678 0.395843 -0.436615 0.423656 -0.422373 0.450293 
4.133 0.131324 0.0803862 0.129748 0.0739365 0.128481 0.0684229 0.126853 0.0630202 0.124665 0.0572759 0.122242 0.0519591 0.119736 0.0470249 
3.936 -0.0994658 -0.134653 -0.11312 -0.126965 -0.125013 -0.119495 -0.136186 -0.111685 -0.148112 -0.102462 -0.158832 -0.0932479 -0.169066 -0.0835214 
1.355 -0.117956 0.189275 -0.114526 0.199501 -0.111101 0.208748 -0.107241 0.217517 -0.102569 0.226808 -0.097734 0.235286 -0.0924947 0.243486 
4.352 0.184057 -0.0483632 0.175204 -0.0578711 0.166925 -0.0660305 0.158638 -0.073539 0.148847 -0.0811444 0.139366 -0.0878314 0.129813 -0.0937904 
4.105 0.027914 0.0050541 0.0219353 0.00510873 0.0165738 0.00542235 0.0114683 0.00596365 0.00576594 0.00689619 0.000542045 0.00807021 -0.0045677 0.00958112 
1.289 0.314861 0.300219 0.324107 0.283902 0.331613 0.269079 0.338342 0.254276 0.344325 0.237589 0.349294 0.221837 0.353375 0.206184 
3.824 -0.161101 -0.277784 -0.183183 -0.266158 -0.202433 -0.254798 -0.220573 -0.242868 -0.239683 -0.22873 -0.256916 -0.214495 -0.273117 -0.199632 
4.363 0.189536 -0.108629 0.176634 -0.118082 0.164678 -0.125941 0.152846 -0.1331 0.139284 -0.140081 0.126233 -0.146013 0.1132 -0.15102 
3.184 0.460731 0.0673743 0.457031 0.0414509 0.452512 0.0189076 0.447177 -0.00315262 0.439781 -0.026744 0.431754 -0.0484008 0.422772 -0.0692159 
1.215 0.0464046 0.263238 0.0535801 0.264072 0.0600739 0.264538 0.0665798 0.264753 0.0733655 0.264414 0.0797898 0.263818 0.0860076 0.263 
4.32 0.172415 0.022175 0.167366 0.0132169 0.1625 0.0055039 0.15748 -0.0016955 0.151361 -0.00935579 0.145193 -0.0162073 0.138899 -0.0224655 
3.789 -0.176852 -0.095617 -0.187921 -0.0834156 -0.197452 -0.0717848 -0.206076 -0.0601455 -0.214859 -0.0468406 -0.222359 -0.0338956 -0.229038 -0.0207965 
3.809 -0.167265 -0.120271 -0.179812 -0.108479 -0.190521 -0.0975285 -0.200432 -0.0860412 -0.210572 -0.0732346 -0.219479 -0.0605803 -0.227613 -0.0476434 
3.574 -0.339159 -0.173689 -0.355056 -0.151675 -0.368302 -0.131319 -0.380149 -0.11092 -0.391876 -0.0878354 -0.401782 -0.0655789 -0.41038 -0.0431026 
1.331 -0.115217 0.276935 -0.106729 0.287138 -0.0987178 0.296013 -0.0903949 0.304213 -0.0810086 0.312501 -0.071631 0.319945 -0.0621931 0.326781 
4.027 -0.0357759 -0.120956 -0.048671 -0.117015 -0.0599261 -0.112946 -0.0705455 -0.108437 -0.0820515 -0.102922 -0.0924047 -0.0971551 -0.101795 -0.0907728 
3.934 -0.0933023 -0.011382 -0.0996535 -0.00422277 -0.105028 0.00246456 -0.109808 0.00928577 -0.114807 0.0169746 -0.119084 0.0244477 -0.122828 0.0320527 
4.422 0.214875 -0.0428845 0.205947 -0.0539204 0.197472 -0.0632409 0.188956 -0.0722384 0.178878 -0.0812892 0.169003 -0.089372 0.158995 -0.0969077 
4.289 0.147761 -0.143556 0.133001 -0.150535 0.119531 -0.155855 0.106308 -0.160822 0.0914104 -0.164993 0.0772484 -0.168377 0.0631963 -0.170719 
1.391 0.136118 0.235844 0.141775 0.230693 0.146614 0.226091 0.151095 0.221371 0.155584 0.215816 0.159534 0.210454 0.163177 0.205081 
1.078 0.00120531 0.368018 0.0143739 0.371519 0.0261762 0.374159 0.0379823 0.376262 0.0507093 0.377685 0.0627936 0.378432 0.0747291 0.3786 
3.404 -0.123435 -0.00384879 -0.129383 0.00522322 -0.134401 0.0135796 -0.13872 0.0219806 -0.143002 0.0314212 -0.146612 0.0404845 -0.149532 0.0497345 
1.33 -0.115217 0.233105 -0.109373 0.243141 -0.103737 0.251933 -0.0977898 0.260207 -0.0907313 0.268839 -0.0836686 0.276571 -0.0763293 0.28394 
1.328 -0.12412 0.261183 -0.116449 0.271756 -0.109216 0.28093 -0.101686 0.289544 -0.0929495 0.298358 -0.0843932 0.306172 -0.0754695 0.313556 
1.018 0.10941 0.407739 0.12469 0.404915 0.138216 0.401872 0.151263 0.398244 0.165042 0.393197 0.177827 0.387916 0.190114 0.382074 
1.272 -0.0289275 0.218039 -0.0242192 0.223146 -0.0197569 0.227721 -0.0151089 0.231799 -0.0101752 0.235944 -0.00532288 0.239585 -0.000306854 0.242992 
1.287 -0.0707026 0.27625 -0.0625009 0.283845 -0.0548425 0.290394 -0.0469629 0.296423 -0.0381338 0.30242 -0.0295081 0.30764 -0.0208401 0.312328 
1.132 0.427174 0.361855 0.438963 0.339507 0.44841 0.319221 0.456758 0.298952 0.464438 0.276383 0.470537 0.25487 0.475467 0.233474 
4.293 0.155979 0.0166963 0.1507 0.00877532 0.145545 0.00199867 0.140355 -0.00439652 0.134093 -0.0110053 0.127996 -0.0169149 0.121573 -0.0223215 
4.301 0.159403 -0.0716477 0.148996 -0.0794243 0.13937 -0.0858859 0.129794 -0.0918513 0.118784 -0.0974743 0.10829 -0.102421 0.097716 -0.106416 
1.377 0.138858 0.209821 0.142986 0.20493 0.146497 0.200293 0.149691 0.195792 0.152751 0.190307 0.15539 0.185232 0.157754 0.180241 
3.621 -0.309026 -0.261348 -0.33001 -0.240845 -0.347869 -0.221867 -0.364416 -0.202363 -0.381325 -0.180161 -0.396019 -0.158429 -0.409359 -0.136211 
4.461 0.238159 -0.102465 0.2256 -0.114843 0.21378 -0.125116 0.201953 -0.134679 0.188239 -0.144086 0.174998 -0.152566 0.161606 -0.160085 
4.164 0.0676346 0.0632653 0.0655745 0.0604462 0.0635063 0.0581556 0.0616478 0.0559508 0.0591777 0.0536404 0.0568103 0.0515806 0.0545988 0.049804 
1.574 -0.161101 0.254335 -0.15313 0.267089 -0.145365 0.277615 -0.137224 0.288026 -0.127811 0.298063 -0.118429 0.307247 -0.108672 0.315863 
4.102 0.0231201 -0.0723326 0.0131433 -0.0719242 0.00435844 -0.0710174 -0.00407969 -0.0698271 -0.0133538 -0.0680625 -0.0218715 -0.0658771 -0.0300818 -0.063294 
3.607 -0.319299 -0.227791 -0.338251 -0.206821 -0.354315 -0.187237 -0.368986 -0.167324 -0.383842 -0.144722 -0.396571 -0.122823 -0.408005 -0.100518 
1.427 0.123791 0.305013 0.133708 0.300441 0.142154 0.296062 0.150449 0.29125 0.158816 0.285699 0.16651 0.280088 0.173887 0.274107 
1.329 0.279934 0.292001 0.288829 0.277851 0.296046 0.264905 0.302665 0.251962 0.308632 0.237459 0.31362 0.223547 0.317769 0.209674 
4.297 0.154609 -0.16547 0.138636 -0.172982 0.123919 -0.178537 0.109513 -0.183647 0.0933834 -0.188096 0.0780659 -0.191602 0.062832 -0.194111 
4.289 0.318285 0.0906588 0.317001 0.0730321 0.315287 0.0574722 0.312807 0.0423553 0.309085 0.026066 0.304681 0.0108507 0.299497 -0.00359348 
1.212 0.061471 0.268717 0.0685269 0.268595 0.0748493 0.268277 0.0810464 0.267638 0.0875607 0.266449 0.0938187 0.265144 0.0997373 0.263678 
1.27 -0.406273 0.246802 -0.39848 0.273718 -0.39079 0.297385 -0.381804 0.32025 -0.370713 0.344365 -0.359157 0.366486 -0.346508 0.387934 
1.275 -0.0570059 0.25365 -0.0498021 0.26062 -0.0431433 0.266596 -0.0362618 0.272077 -0.0286557 0.277481 -0.0211593 0.282176 -0.0135653 0.286491 
4.012 -0.0385153 -0.0572661 -0.0475568 -0.053182 -0.0555219 -0.0491034 -0.0629979 -0.0447509 -0.0710296 -0.0395475 -0.0782655 -0.0342069 -0.0850361 -0.0285756 
1.628 -0.261772 0.207081 -0.256076 0.224982 -0.250343 0.240775 -0.243843 0.255957 -0.236054 0.271949 -0.227928 0.286755 -0.219078 0.300809 
1.287 -0.043994 0.208451 -0.0397858 0.214352 -0.0358124 0.219636 -0.0312026 0.22459 -0.0263783 0.229584 -0.0214777 0.234171 -0.0163073 0.238393 
1.437 0.179263 0.176264 0.181636 0.168421 0.183314 0.161523 0.184832 0.154764 0.185769 0.147257 0.186342 0.140233 0.186519 0.133037 
1.93 -0.181646 0.172839 -0.178643 0.186178 -0.175147 0.197911 -0.171132 0.209253 -0.16587 0.221195 -0.160214 0.232096 -0.154115 0.242661 
3.922 -0.113847 -0.102465 -0.125598 -0.0939362 -0.135556 -0.085777 -0.145007 -0.0774029 -0.154716 -0.0676944 -0.163347 -0.0581078 -0.171055 -0.0480826 
3.961 -0.0864539 -0.12575 -0.0996818 -0.11887 -0.11131 -0.112173 -0.122143 -0.105007 -0.133789 -0.0966019 -0.144215 -0.0881039 -0.153973 -0.0790583 
1.297 -0.0754965 0.233105 -0.0697271 0.241 -0.0641168 0.247948 -0.0582051 0.25443 -0.0515917 0.260992 -0.0450419 0.266856 -0.0383015 0.272373 
4.336 0.182687 0.035187 0.178414 0.0260056 0.174209 0.0180071 0.169848 0.0104401 0.164441 0.00245674 0.159083 -0.00477013 0.153522 -0.0114304 
1.268 -0.043994 0.276935 -0.0357546 0.28285 -0.0280712 0.287999 -0.0202729 0.292601 -0.0118744 0.296995 -0.00376904 0.300719 0.0043303 0.304026 
4.215 0.0963978 -0.0942474 0.0847944 -0.0982023 0.0743012 -0.101173 0.0638287 -0.10362 0.0522176 -0.105635 0.0410345 -0.106965 0.0301927 -0.107563 
1.309 -0.0843994 0.259129 -0.0772058 0.267432 -0.070637 0.274626 -0.0636144 0.28139 -0.0559148 0.288177 -0.0479029 0.294279 -0.0400044 0.299896 
1.554 0.161457 0.29611 0.17109 0.288913 0.179131 0.282371 0.187049 0.275293 0.194719 0.267283 0.201637 0.259457 0.207988 0.251398 
1.689 -0.321353 0.205712 -0.316091 0.227299 -0.310714 0.246511 -0.304129 0.265016 -0.295671 0.284595 -0.286256 0.302335 -0.276408 0.319285 
1.252 0.0833858 0.267347 0.0908763 0.26576 0.0972751 0.264268 0.103672 0.262395 0.110142 0.259952 0.1161 0.257285 0.121887 0.254462 
1.396 -0.112478 0.157773 -0.11095 0.167699 -0.109252 0.176579 -0.106984 0.185237 -0.104103 0.194359 -0.10099 0.20282 -0.0974672 0.210971 
1.013 -0.469963 0.23242 -0.462957 0.263373 -0.455498 0.29068 -0.446773 0.316987 -0.435644 0.344946 -0.423811 0.370692 -0.410604 0.395405 
1.154 -0.241912 0.248856 -0.234348 0.266042 -0.22698 0.281239 -0.218966 0.295684 -0.209405 0.310703 -0.19968 0.324559 -0.189323 0.337633 
1.276 -0.0604301 0.286522 -0.051471 0.293595 -0.0433499 0.299577 -0.0348933 0.305051 -0.0256832 0.310264 -0.0167529 0.314801 -0.00758493 0.318909 
4.18 0.0703739 -0.221627 0.0513025 -0.223697 0.034327 -0.224617 0.0175944 -0.22474 -0.000584735 -0.223797 -0.0176133 -0.222131 -0.034225 -0.219448 
1.893 -0.144665 0.196809 -0.139925 0.207991 -0.13534 0.2178 -0.130224 0.227169 -0.124329 0.236936 -0.11822 0.245863 -0.111714 0.254511 
1.342 0.116258 0.243378 0.122186 0.239491 0.127309 0.235735 0.132185 0.23187 0.137088 0.227519 0.141509 0.223116 0.145629 0.218704 
4.234 0.254595 0.0721682 0.252491 0.0583881 0.250119 0.0463864 0.2473 0.0347172 0.2433 0.0221042 0.238798 0.0105428 0.233815 -0.000334522 
3.787 -0.180277 -0.192179 -0.19729 -0.179426 -0.212006 -0.167324 -0.225655 -0.155023 -0.239893 -0.14061 -0.252543 -0.126323 -0.264165 -0.111537 
1.782 -0.221367 0.207081 -0.215799 0.22293 -0.210354 0.236898 -0.204213 0.250292 -0.196907 0.264418 -0.189305 0.277338 -0.181004 0.289683 
3.463 -0.115902 0.0132722 -0.120732 0.0218925 -0.124688 0.0296903 -0.128114 0.0374643 -0.131566 0.0460086 -0.134338 0.0541845 -0.136619 0.0626767 
4.43 0.223093 -0.08329 0.212031 -0.0949642 0.201614 -0.104813 0.191149 -0.113924 0.179026 -0.12317 0.167253 -0.131137 0.155311 -0.138218 
3.781 -0.184386 -0.0695932 -0.19421 -0.0567404 -0.202469 -0.0447499 -0.209886 -0.0327195 -0.217339 -0.0191882 -0.223592 -0.0061225 -0.229063 0.00718482 
3.211 -0.278893 -0.0764416 -0.288935 -0.0580019 -0.297043 -0.0410297 -0.304005 -0.0240453 -0.310666 -0.00516839 -0.316173 0.012885 -0.320415 0.0309957 
1.335 -0.106314 0.201603 -0.102217 0.211367 -0.0982909 0.219923 -0.0939265 0.228218 -0.088718 0.236767 -0.0833107 0.24451 -0.077527 0.25189 
1.069 0.393617 0.402945 0.407563 0.383135 0.419019 0.365035 0.429462 0.346717 0.439429 0.326092 0.447901 0.306342 0.454969 0.28657 
4.086 0.0101082 -0.0627448 0.00053845 -0.0615594 -0.00797738 -0.0601157 -0.0161308 -0.0583366 -0.0250327 -0.055909 -0.0332243 -0.0532137 -0.0410816 -0.0500341 
4.07 0.00531434 -0.0134365 -0.000995663 -0.0122885 -0.00662931 -0.0109746 -0.0120141 -0.00948854 -0.0177845 -0.00748344 -0.0230232 -0.00525504 -0.0281245 -0.00266792 
1.589 -0.346692 0.208451 -0.340835 0.231497 -0.334421 0.251777 -0.326874 0.271243 -0.317468 0.291816 -0.307435 0.310518 -0.296649 0.328302 
1.325 -0.108369 0.263238 -0.100704 0.273096 -0.0937624 0.281472 -0.0861226 0.289475 -0.077637 0.297512 -0.0691315 0.304728 -0.0606127 0.311433 
