1.721 0.0943432 0.00642378 0.0934369 -0.0520088 0.0932183 -0.10607 0.0932863 -0.160201 0.0938106 -0.218369 0.0946014 -0.27697 0.0961204 -0.339611 
4.215 -0.362444 0.187906 -0.361924 0.128797 -0.362831 0.075739 -0.364469 0.02375 -0.367319 -0.0306133 -0.371209 -0.0841317 -0.375791 -0.140127 
4.207 -0.383673 0.1927 -0.382956 0.133512 -0.383661 0.0804368 -0.385231 0.0284226 -0.387998 -0.0260033 -0.391834 -0.0795218 -0.396447 -0.135525 
4.137 -0.353541 0.242693 -0.351938 0.182693 -0.351759 0.129139 -0.352377 0.0770241 -0.354074 0.0227952 -0.356789 -0.0301522 -0.36016 -0.0853758 
4.16 -0.387098 0.226942 -0.385594 0.167205 -0.385595 0.113809 -0.386505 0.0617656 -0.388556 0.00748213 -0.391709 -0.0456455 -0.395574 -0.1011 
4.191 -0.363813 0.205027 -0.362957 0.145664 -0.363471 0.0924571 -0.364797 0.0404833 -0.367302 -0.0138276 -0.370837 -0.0671115 -0.375074 -0.12283 
4.168 -0.363128 0.220093 -0.361957 0.160432 -0.362181 0.107098 -0.36328 0.0550766 -0.365481 0.000835604 -0.368742 -0.0522731 -0.372677 -0.107751 
4.238 -0.348062 0.174209 -0.34786 0.115295 -0.348948 0.0623073 -0.350768 0.0103037 -0.3538 -0.0441341 -0.357801 -0.0978777 -0.362437 -0.154135 
4.238 -0.380249 0.174209 -0.379889 0.115236 -0.380963 0.0622114 -0.382817 0.0102102 -0.385943 -0.0442741 -0.390118 -0.0980142 -0.395069 -0.15427 
4.234 -0.402164 0.179688 -0.401628 0.120618 -0.402598 0.0675941 -0.404465 0.0155731 -0.407601 -0.038942 -0.411877 -0.0926345 -0.41698 -0.148857 
4.164 -0.437091 0.227626 -0.435313 0.167871 -0.435208 0.114399 -0.436064 0.062296 -0.438248 0.00798723 -0.441662 -0.0452053 -0.445903 -0.100699 
4.188 -0.415861 0.207766 -0.414683 0.148344 -0.415051 0.0950764 -0.416379 0.0430223 -0.418979 -0.0113342 -0.422806 -0.0646581 -0.427372 -0.120393 
4.195 -0.430927 0.206396 -0.429678 0.146971 -0.43005 0.093683 -0.431453 0.0416213 -0.434171 -0.012776 -0.438102 -0.0661323 -0.442902 -0.121855 
4.219 -0.413806 0.190645 -0.41303 0.131472 -0.413782 0.078335 -0.415448 0.0262858 -0.418446 -0.0281188 -0.422595 -0.0816606 -0.427598 -0.13769 
4.125 -0.371346 0.244062 -0.369618 0.184065 -0.369359 0.130496 -0.369904 0.0783532 -0.371567 0.0241069 -0.374341 -0.0288738 -0.377737 -0.0840754 
4.184 -0.385043 0.209821 -0.383937 0.150406 -0.384301 0.0971689 -0.38553 0.0451369 -0.387929 -0.0091562 -0.391431 -0.0624933 -0.395655 -0.118175 
4.191 -0.350116 0.203657 -0.349326 0.144296 -0.349898 0.0910929 -0.351238 0.0391076 -0.353711 -0.0151433 -0.357189 -0.0684648 -0.361363 -0.124189 
4.164 -0.41997 0.226942 -0.418302 0.167196 -0.418246 0.11377 -0.419125 0.0616524 -0.421287 0.00734532 -0.424638 -0.0458278 -0.428789 -0.101293 
4.199 -0.448048 0.207081 -0.446779 0.147636 -0.447088 0.0943413 -0.44842 0.0422513 -0.451172 -0.0121701 -0.455193 -0.0655612 -0.460046 -0.121274 
4.133 -0.406273 0.245432 -0.404242 0.185378 -0.403814 0.131759 -0.404315 0.079576 -0.406004 0.0252954 -0.408866 -0.027708 -0.412485 -0.0829631 
4.223 -0.08166 0.113258 -0.0830659 0.0554128 -0.0846628 0.00293246 -0.0863775 -0.0488727 -0.0884011 -0.103715 -0.09072 -0.158413 -0.0929046 -0.216344 
4.105 -0.372716 0.261183 -0.370615 0.200749 -0.370072 0.147015 -0.370286 0.0947176 -0.371625 0.0404916 -0.374093 -0.0123933 -0.377121 -0.0673511 
4.16 -0.404219 0.227626 -0.402573 0.167872 -0.40254 0.114463 -0.403414 0.062357 -0.405461 0.00807188 -0.408735 -0.0451027 -0.412735 -0.100529 
4.168 -0.348062 0.220778 -0.346952 0.16113 -0.347188 0.107791 -0.348238 0.0557848 -0.350365 0.00156182 -0.35347 -0.0515623 -0.357295 -0.106992 
4.129 -0.388467 0.244062 -0.386607 0.184015 -0.386281 0.130426 -0.386804 0.0782638 -0.388491 0.0240009 -0.39131 -0.0290024 -0.394824 -0.0842229 
4.035 -0.200822 0.269401 -0.200182 0.208622 -0.200237 0.154729 -0.200757 0.102595 -0.201942 0.0486819 -0.203786 -0.00377397 -0.205851 -0.0583226 
4.141 -0.435036 0.241323 -0.432924 0.181264 -0.432558 0.127638 -0.43314 0.0754426 -0.435098 0.021139 -0.438204 -0.0319278 -0.442157 -0.08715 
4.215 -0.347377 0.189275 -0.346914 0.130115 -0.347721 0.0771118 -0.349296 0.0251232 -0.352029 -0.0292245 -0.355777 -0.082764 -0.360156 -0.138744 
4.109 -0.423394 0.261868 -0.420868 0.201408 -0.420076 0.147613 -0.420232 0.09529 -0.421627 0.0409859 -0.424263 -0.011985 -0.4276 -0.0669997 
4.238 -0.433667 0.179003 -0.43307 0.119966 -0.434036 0.0668785 -0.435934 0.0148305 -0.439237 -0.0396981 -0.443704 -0.093464 -0.449095 -0.149688 
4.184 -0.400794 0.209136 -0.399634 0.14971 -0.399983 0.0964476 -0.40123 0.0444238 -0.403765 -0.00991531 -0.407404 -0.0632552 -0.411822 -0.118986 
4.051 -0.162471 0.255705 -0.162325 0.195169 -0.16279 0.141523 -0.16365 0.0895854 -0.165048 0.035802 -0.16683 -0.0166729 -0.168972 -0.0712407 
4.102 -0.0864539 0.196809 -0.0875156 0.137791 -0.0887006 0.0850655 -0.0900343 0.0336256 -0.0916155 -0.0201809 -0.0934822 -0.0731903 -0.0952422 -0.128802 
4.055 -0.14672 0.247487 -0.146799 0.187214 -0.147341 0.133663 -0.148306 0.0818551 -0.149715 0.0280843 -0.151612 -0.0243702 -0.153594 -0.0790656 
4.113 -0.386413 0.258444 -0.384254 0.198007 -0.383688 0.144257 -0.383985 0.0919755 -0.385429 0.0377197 -0.388019 -0.0151956 -0.391283 -0.0701902 
4.34 -0.213834 0.0776469 -0.215397 0.0196283 -0.217799 -0.0332146 -0.220589 -0.0857093 -0.224312 -0.141487 -0.228541 -0.197166 -0.233145 -0.25613 
4.215 -0.448048 0.192015 -0.447098 0.132775 -0.447783 0.0795931 -0.449491 0.0275494 -0.452562 -0.0269119 -0.456912 -0.0804983 -0.462126 -0.136472 
4.117 -0.444624 0.25502 -0.442099 0.194705 -0.441384 0.140929 -0.441652 0.0885844 -0.443226 0.0342949 -0.446068 -0.0187117 -0.449738 -0.0738184 
4.168 -0.452157 0.226257 -0.45031 0.16653 -0.450224 0.113061 -0.451126 0.0609175 -0.453404 0.00658537 -0.456937 -0.0466338 -0.461352 -0.102098 
4.184 -0.191919 0.172154 -0.192384 0.113481 -0.19357 0.0607515 -0.195179 0.00912559 -0.197532 -0.0450527 -0.200491 -0.098587 -0.203673 -0.154842 
4.105 -0.35491 0.260499 -0.352977 0.200084 -0.352467 0.146352 -0.352765 0.0941108 -0.354146 0.0398931 -0.356505 -0.0129768 -0.359547 -0.0679484 
4.238 -0.190549 0.138597 -0.191403 0.0802876 -0.192908 0.0277222 -0.194899 -0.0240161 -0.197569 -0.0785945 -0.200894 -0.132765 -0.20443 -0.18986 
4.199 -0.0912478 0.135173 -0.0925567 0.0771135 -0.0940161 0.0246639 -0.0956356 -0.0269989 -0.0975657 -0.0814734 -0.0997646 -0.13562 -0.101913 -0.192929 
4.129 -0.192604 0.211875 -0.192601 0.152392 -0.193306 0.0993779 -0.194428 0.0476524 -0.196296 -0.00618327 -0.198752 -0.0591875 -0.201502 -0.114521 
4.109 -0.407643 0.259129 -0.405349 0.198722 -0.404704 0.144928 -0.404957 0.0926354 -0.40644 0.0383402 -0.409073 -0.0145806 -0.412429 -0.0695903 
4.141 -0.452157 0.242008 -0.449886 0.181932 -0.449467 0.128273 -0.449984 0.0760522 -0.451934 0.0217301 -0.455115 -0.0313784 -0.459148 -0.0866095 
4.137 -0.221367 0.21256 -0.221125 0.15309 -0.221775 0.0999463 -0.222956 0.0481709 -0.22484 -0.00571036 -0.227461 -0.0587423 -0.230457 -0.114135 
4.07 -0.150829 0.233105 -0.151016 0.173177 -0.151686 0.11989 -0.152705 0.0682672 -0.154201 0.0144531 -0.156221 -0.0379951 -0.158311 -0.0929325 
3.982 -0.195343 0.303643 -0.194371 0.241913 -0.194161 0.187447 -0.194329 0.134895 -0.195136 0.0808361 -0.196538 0.0283728 -0.198178 -0.0258102 
4.016 -0.220682 0.292001 -0.219509 0.230645 -0.219266 0.176419 -0.219437 0.123972 -0.220315 0.0699191 -0.221901 0.0174232 -0.223799 -0.036945 
4.242 -0.448048 0.176948 -0.447433 0.117894 -0.44845 0.0647925 -0.450376 0.0127456 -0.453824 -0.0418147 -0.458424 -0.0955792 -0.463988 -0.15182 
4.07 -0.200137 0.252965 -0.199647 0.192724 -0.199865 0.139112 -0.200608 0.087065 -0.201959 0.0333056 -0.203944 -0.0193476 -0.206262 -0.0740569 
4.082 -0.369977 0.27488 -0.36766 0.214111 -0.366879 0.160095 -0.366933 0.107709 -0.3681 0.0534476 -0.370381 0.000612982 -0.373234 -0.0542093 
1.443 0.0196959 0.204342 0.0178138 0.145421 0.0163264 0.0926814 0.0149923 0.0411496 0.0137844 -0.0127794 0.0126969 -0.0659283 0.0121419 -0.121764 
4.082 -0.352171 0.274195 -0.350001 0.213441 -0.349303 0.159426 -0.349401 0.107043 -0.350555 0.052784 -0.352719 -4.80306e-05 -0.355506 -0.0548432 
4.137 -0.42134 0.240638 -0.419375 0.180608 -0.419056 0.126997 -0.419671 0.0748076 -0.421606 0.0205189 -0.424693 -0.0325114 -0.428575 -0.0877689 
4.27 -0.218628 0.12627 -0.219603 0.0680918 -0.221412 0.0154934 -0.223658 -0.0364417 -0.226734 -0.0912459 -0.230482 -0.145761 -0.234522 -0.203258 
4.309 -0.217943 0.100247 -0.219273 0.0423047 -0.221484 -0.0104605 -0.224056 -0.0625849 -0.227449 -0.11794 -0.231496 -0.172891 -0.235884 -0.231243 
1.421 0.0217504 0.185166 0.0198725 0.126555 0.0184249 0.0739376 0.0171163 0.0223705 0.0159207 -0.031621 0.0148747 -0.0851428 0.0143335 -0.141248 
4.07 -0.222737 0.261183 -0.221897 0.200646 -0.221972 0.146984 -0.222535 0.0948646 -0.223818 0.040986 -0.225796 -0.0115902 -0.228139 -0.0662826 
4.031 0.00873853 0.043405 0.00725161 -0.014515 0.00607638 -0.0677986 0.00493472 -0.121008 0.00394985 -0.177932 0.00302216 -0.235276 0.0024982 -0.296386 
4.094 -0.385043 0.27351 -0.382575 0.212744 -0.381749 0.158713 -0.381774 0.106314 -0.382935 0.0520238 -0.385253 -0.000812245 -0.388246 -0.0556785 
2.422 0.0683194 0.00710862 0.0671835 -0.0512531 0.0665276 -0.105133 0.0662371 -0.159147 0.0661779 -0.21722 0.0664185 -0.275688 0.0673365 -0.338218 
1.158 0.530585 -0.0463087 0.534295 -0.106621 0.539782 -0.162558 0.546541 -0.218579 0.555486 -0.278653 0.565756 -0.339142 0.578482 -0.4036 
4.238 -0.362444 0.17147 -0.362206 0.11256 -0.363331 0.0595457 -0.365212 0.00755712 -0.368271 -0.0468961 -0.372376 -0.10064 -0.377237 -0.156885 
4.09 -0.439145 0.276935 -0.436168 0.216119 -0.434975 0.162059 -0.434827 0.109577 -0.435983 0.055204 -0.438336 0.00226305 -0.441511 -0.0526537 
3.965 -0.226161 0.322134 -0.224613 0.25989 -0.223976 0.204973 -0.223808 0.152051 -0.224306 0.0976623 -0.225516 0.0450236 -0.227036 -0.00925622 
4.105 -0.459006 0.263923 -0.456136 0.203411 -0.455179 0.149541 -0.455179 0.0971668 -0.456533 0.0428405 -0.459184 -0.0101806 -0.462645 -0.0651755 
4.195 -0.219997 0.174894 -0.220941 0.152269 -0.221608 0.0991638 -0.222788 0.0473741 -0.224675 -0.00649259 -0.227318 -0.0595228 -0.230321 -0.114934 
4.086 -0.403534 0.27488 -0.400872 0.214099 -0.399936 0.160104 -0.39991 0.107665 -0.401087 0.0533474 -0.403392 0.000456736 -0.406454 -0.0544192 
4.445 -0.073442 -0.0572661 -0.0757087 -0.116371 -0.0779426 -0.171451 -0.0803809 -0.227018 -0.0829707 -0.28684 -0.0857835 -0.347327 -0.0884979 -0.412365 
3.934 -0.235749 0.341309 -0.233909 0.278512 -0.232935 0.223291 -0.232551 0.170105 -0.232774 0.115504 -0.233715 0.0629097 -0.234994 0.00875588 
4.094 -0.199452 0.234475 -0.199193 0.174521 -0.199622 0.121136 -0.200579 0.0693295 -0.202128 0.0154943 -0.204421 -0.0371434 -0.206905 -0.0921034 
4.043 0.00873853 0.0125873 0.00726302 -0.0456512 0.00609707 -0.0993662 0.00512604 -0.153161 0.00419713 -0.211086 0.00317188 -0.2694 0.00271865 -0.331653 
1.668 0.0683194 0.0420353 0.0670379 -0.0160006 0.0663221 -0.069397 0.0659292 -0.122749 0.0658849 -0.179862 0.066013 -0.237315 0.0667933 -0.298597 
4.199 -0.316559 0.196809 -0.316196 0.137621 -0.316949 0.0844742 -0.318353 0.0325448 -0.32095 -0.0217116 -0.324397 -0.0750961 -0.328408 -0.130938 
4.234 -0.0460485 -0.0771264 -0.0479687 -0.136592 -0.0498618 -0.192487 -0.0517452 -0.248761 -0.0538471 -0.309544 -0.0560244 -0.370958 -0.058 -0.437166 
4.254 -0.0460485 -0.0613752 -0.047987 -0.120583 -0.0497819 -0.175795 -0.0516833 -0.231599 -0.0536942 -0.291651 -0.0559001 -0.352594 -0.0578254 -0.418009 
4.227 -0.215888 0.153664 -0.216455 0.0951389 -0.217865 0.0425064 -0.219717 -0.00924769 -0.222407 -0.0637493 -0.2258 -0.117477 -0.229519 -0.17416 
3.896 -0.221367 0.356376 -0.219523 0.293107 -0.218624 0.237423 -0.21815 0.183927 -0.218308 0.129132 -0.219183 0.0764065 -0.220348 0.0222447 
4.199 -0.113163 0.137228 -0.114366 0.0791453 -0.115784 0.0266687 -0.117484 -0.0249541 -0.119576 -0.0794908 -0.122046 -0.133589 -0.124527 -0.190837 
3.988 0.0121627 -0.0305575 0.0107497 -0.0891956 0.00967972 -0.143696 0.00871638 -0.198585 0.00780958 -0.257546 0.0069178 -0.317049 0.00655686 -0.380767 
4.09 -0.425449 0.27625 -0.422632 0.215467 -0.421545 0.161404 -0.421452 0.108947 -0.422593 0.0546072 -0.425 0.00166682 -0.428085 -0.0532172 
4.215 -0.159732 0.143391 -0.160655 0.0851393 -0.162045 0.0326327 -0.163833 -0.0190864 -0.166161 -0.0736054 -0.169147 -0.127719 -0.172221 -0.184814 
4.215 -0.196713 0.152294 -0.197395 0.0938399 -0.198798 0.0411698 -0.200686 -0.0103982 -0.203252 -0.0648866 -0.206477 -0.11868 -0.209946 -0.17554 
4.27 -0.173428 0.110519 -0.174734 0.0525202 -0.176537 -0.000170042 -0.178828 -0.0520748 -0.181734 -0.107023 -0.18519 -0.161851 -0.188836 -0.219664 
4.09 -0.0994658 0.202972 -0.100395 0.143902 -0.10148 0.0911222 -0.102816 0.0396239 -0.104419 -0.0141628 -0.106366 -0.0670899 -0.108151 -0.122617 
4.094 -0.164525 0.225572 -0.164605 0.165915 -0.1653 0.112771 -0.166379 0.0611522 -0.167942 0.00736255 -0.170123 -0.0453194 -0.172444 -0.100395 
4.168 -0.224791 0.195439 -0.225815 0.178419 -0.226069 0.125047 -0.226908 0.0732049 -0.228484 0.0192998 -0.23078 -0.0336099 -0.233427 -0.0885502 
4.094 -0.180277 0.23242 -0.180162 0.172578 -0.180693 0.119332 -0.18167 0.067604 -0.183217 0.0137964 -0.185409 -0.0389371 -0.187769 -0.0939447 
4.105 -0.221367 0.233105 -0.22085 0.173222 -0.221212 0.119864 -0.222132 0.0680534 -0.223753 0.0142165 -0.2261 -0.0387076 -0.228791 -0.0936952 
4.227 -0.324777 0.179688 -0.324685 0.120701 -0.325665 0.0677799 -0.327422 0.0158219 -0.330324 -0.038567 -0.334053 -0.0921805 -0.338437 -0.148362 
1.541 0.180633 -0.0237091 0.180891 -0.0829192 0.181939 -0.137747 0.183619 -0.192788 0.185978 -0.251923 0.189037 -0.311744 0.193318 -0.376015 
4.121 -0.161101 0.202287 -0.161331 0.143146 -0.162257 0.0903077 -0.163486 0.0387192 -0.165354 -0.0151038 -0.167668 -0.068187 -0.170193 -0.123779 
1.477 0.0183263 0.12764 0.0166207 0.0696899 0.0153088 0.0171192 0.0139277 -0.0347219 0.01294 -0.089587 0.0119249 -0.144242 0.0113071 -0.202294 
4.004 -0.200822 0.290631 -0.199938 0.229204 -0.199781 0.174942 -0.200059 0.122532 -0.201006 0.0686196 -0.202552 0.016187 -0.204392 -0.0381468 
1.618 0.0149021 0.064635 0.0133413 0.00674346 0.0121072 -0.0461953 0.0110343 -0.0987859 0.010026 -0.154978 0.00911405 -0.211472 0.00862743 -0.271487 
1.079 0.581263 -0.0250788 0.584759 -0.085081 0.590155 -0.140484 0.59679 -0.19591 0.605789 -0.254946 0.616067 -0.314465 0.629389 -0.378052 
4.262 -0.314505 0.154349 -0.314804 0.0956403 -0.316189 0.0428003 -0.318234 -0.00912731 -0.321459 -0.063808 -0.325569 -0.117788 -0.330241 -0.174528 
3.996 -0.2289 0.305698 -0.227504 0.244001 -0.226899 0.189432 -0.226882 0.136788 -0.22756 0.082624 -0.228937 0.0300825 -0.230646 -0.0242368 
4.293 -0.172059 0.0954527 -0.17351 0.0375965 -0.175409 -0.0149907 -0.177845 -0.0670901 -0.180818 -0.122538 -0.184418 -0.177584 -0.188182 -0.236135 
4.191 -0.171374 0.161882 -0.172085 0.103296 -0.173352 0.0507354 -0.175014 -0.000872603 -0.177318 -0.0549677 -0.180121 -0.108587 -0.183136 -0.164965 
4.379 -0.048103 -0.0394603 -0.0500078 -0.0981787 -0.0517897 -0.152912 -0.0536212 -0.207949 -0.0556239 -0.267291 -0.0577379 -0.327113 -0.0596881 -0.391202 
1.463 0.0916039 -0.0682235 0.0912627 -0.128128 0.0916087 -0.184122 0.0920839 -0.240568 0.0930337 -0.30163 0.094147 -0.363681 0.0962079 -0.430657 
4.398 -0.0843994 -0.015491 -0.0865393 -0.0738682 -0.0887549 -0.127924 -0.0910968 -0.182245 -0.0937989 -0.240637 -0.0966622 -0.299437 -0.0993762 -0.3623 
4.215 -0.139871 0.139282 -0.140955 0.0811263 -0.142501 0.0286542 -0.14414 -0.0230296 -0.146538 -0.0775353 -0.149175 -0.1317 -0.151953 -0.188892 
4.426 -0.0631694 -0.0469936 -0.0652715 -0.105776 -0.067394 -0.160602 -0.06958 -0.21586 -0.0719665 -0.275321 -0.0745549 -0.335342 -0.0770073 -0.399641 
1.245 0.48744 -0.0476784 0.490621 -0.107902 0.495499 -0.163733 0.501638 -0.219775 0.509705 -0.279877 0.519156 -0.340403 0.530975 -0.405156 
4.121 -0.113163 0.189275 -0.114073 0.13023 -0.115172 0.0775077 -0.116686 0.0260218 -0.118395 -0.0277709 -0.120614 -0.0808308 -0.122692 -0.136464 
4.359 -0.168634 0.0331324 -0.170644 -0.0248382 -0.173318 -0.0780982 -0.176307 -0.131264 -0.179882 -0.188053 -0.183918 -0.245025 -0.188168 -0.305588 
4.188 -0.0713875 0.131749 -0.0727517 0.0737314 -0.0742171 0.0213113 -0.0757943 -0.0303663 -0.0775803 -0.0848569 -0.0796436 -0.139025 -0.0815237 -0.196283 
4.379 -0.202191 0.0358718 -0.204487 -0.022128 -0.207218 -0.0754493 -0.21075 -0.128566 -0.214751 -0.18529 -0.219185 -0.242228 -0.224338 -0.302658 
4.172 -0.0364608 0.0208054 -0.038167 -0.0370213 -0.0397847 -0.0904822 -0.0414182 -0.143776 -0.0431821 -0.201132 -0.0451107 -0.258749 -0.0466895 -0.319951 
4.258 -0.0864539 0.0886043 -0.0880219 0.0308314 -0.089671 -0.021748 -0.0915919 -0.0739066 -0.0937768 -0.129365 -0.09625 -0.184877 -0.0985923 -0.24377 
4.266 -0.147404 0.108465 -0.148759 0.0506589 -0.150539 -0.00197439 -0.15268 -0.0538451 -0.155359 -0.108839 -0.158528 -0.163554 -0.161719 -0.221512 
4.188 -0.245336 0.195439 -0.245146 0.136348 -0.246039 0.0833738 -0.247528 0.0316095 -0.24976 -0.0224458 -0.252942 -0.0757495 -0.256499 -0.131547 
4.09 0.0142172 0.146131 0.012455 0.0879711 0.0111275 0.0354524 0.00977448 -0.0162103 0.00875914 -0.0706417 0.00774643 -0.124735 0.00715702 -0.181999 
4.059 -0.122065 0.231051 -0.122577 0.171325 -0.123446 0.118155 -0.124601 0.0665368 -0.126054 0.0127256 -0.127854 -0.0399654 -0.129677 -0.0951056 
4.266 -0.0398849 0.0427202 -0.0415822 -0.0149343 -0.0431534 -0.0680159 -0.044806 -0.120911 -0.0465094 -0.177558 -0.0484054 -0.234439 -0.0499752 -0.295048 
2.725 0.0340775 -0.0750719 0.0329488 -0.134667 0.0321858 -0.190454 0.0316102 -0.246685 0.0310883 -0.307397 0.0306083 -0.368968 0.0307135 -0.435321 
4.285 -0.14672 0.0933982 -0.148211 0.0353769 -0.150056 -0.0170862 -0.152358 -0.0693315 -0.155122 -0.12456 -0.158344 -0.179859 -0.161685 -0.238463 
4.316 -0.0433091 -0.0134365 -0.045116 -0.0716523 -0.0468303 -0.125813 -0.0486054 -0.180045 -0.0505336 -0.238626 -0.0526016 -0.297467 -0.054403 -0.360265 
2.717 0.0142172 0.111889 0.0125665 0.0539737 0.0112533 0.00142995 0.0100151 -0.050607 0.00900939 -0.105703 0.00801662 -0.160744 0.00752025 -0.219257 
4.246 -0.162471 0.122846 -0.163624 0.0648678 -0.16535 0.0121984 -0.167452 -0.0395804 -0.170153 -0.0943052 -0.173387 -0.148813 -0.176753 -0.206377 
1.646 0.132009 0.0338173 0.131151 -0.0245031 0.131041 -0.0781966 0.131444 -0.131763 0.132343 -0.189261 0.133684 -0.246888 0.136007 -0.30827 
1.674 0.0381865 0.0386111 0.0367696 -0.0193785 0.0357748 -0.072707 0.0350886 -0.125999 0.0344163 -0.183053 0.0340779 -0.240472 0.0341987 -0.301715 
1.64 0.0436653 0.0529927 0.0422474 -0.00495596 0.0413066 -0.0581414 0.0406661 -0.111089 0.0402825 -0.167719 0.0399539 -0.224668 0.0401647 -0.285081 
1.498 0.0484591 0.103671 0.0467796 0.0457938 0.0456676 -0.00692909 0.0447374 -0.0590533 0.0440868 -0.114441 0.0436875 -0.169811 0.0438635 -0.228629 
4.297 -0.158362 0.0844953 -0.159901 0.0266036 -0.161975 -0.0259998 -0.164332 -0.0786189 -0.167399 -0.134052 -0.170972 -0.18939 -0.17461 -0.24851 
4.352 -0.197398 0.0509382 -0.199521 -0.00698862 -0.202149 -0.0601421 -0.205433 -0.113053 -0.209344 -0.169451 -0.213655 -0.225994 -0.21858 -0.285985 
1.102 0.579208 -0.0415149 0.583255 -0.101819 0.589269 -0.157654 0.596609 -0.213556 0.606161 -0.273206 0.617044 -0.33342 0.631404 -0.397972 
1.182 0.518258 -0.0531571 0.522028 -0.113619 0.527475 -0.169568 0.534185 -0.225715 0.543047 -0.286125 0.553276 -0.346739 0.565798 -0.411477 
4.102 -0.128229 0.205027 -0.128732 0.145901 -0.12974 0.0930437 -0.130962 0.0415258 -0.132677 -0.0122773 -0.134805 -0.0652208 -0.137053 -0.120722 
4.148 -0.0118066 0.0680592 -0.0134173 0.0101707 -0.0149309 -0.0424869 -0.0161478 -0.0947821 -0.0175263 -0.150742 -0.0188054 -0.206739 -0.0197096 -0.266138 
1.668 0.153239 0.00984797 0.152762 -0.0488098 0.153108 -0.102951 0.154016 -0.157202 0.15555 -0.215501 0.157419 -0.274072 0.16052 -0.336738 
0.99 0.581948 -0.000424599 0.584675 -0.0602019 0.5893 -0.11522 0.59538 -0.17015 0.603655 -0.228779 0.61329 -0.287573 0.625586 -0.350036 
1.479 0.0306533 0.116683 0.0290233 0.0587029 0.0276608 0.00614514 0.0266496 -0.0459143 0.0257402 -0.100895 0.0249066 -0.155775 0.0248408 -0.214272 
4.395 -0.267251 0.0427202 -0.269614 -0.0154402 -0.272795 -0.0688047 -0.276601 -0.12193 -0.281423 -0.178541 -0.286926 -0.235085 -0.293092 -0.295327 
4.387 -0.138502 0.0105328 -0.140812 -0.0475429 -0.143392 -0.101181 -0.146335 -0.154828 -0.149826 -0.212368 -0.153677 -0.270127 -0.15763 -0.331804 
1.647 0.0833858 0.0454595 0.0821783 -0.0126269 0.0815759 -0.0659973 0.0814177 -0.119262 0.081534 -0.176243 0.082113 -0.23354 0.0833119 -0.294499 
1.609 0.0327078 0.0625805 0.0311462 0.00467699 0.03008 -0.0483098 0.0293412 -0.101034 0.0285123 -0.157351 0.0280709 -0.213995 0.0282416 -0.274191 
4.234 -0.0960416 0.10641 -0.0975549 0.0485571 -0.0991213 -0.00395061 -0.100914 -0.0557313 -0.103079 -0.110614 -0.105486 -0.165313 -0.107874 -0.223276 
4.305 -0.184386 0.0892891 -0.185866 0.031245 -0.187965 -0.0212821 -0.19045 -0.0737369 -0.193672 -0.129089 -0.19744 -0.184411 -0.201434 -0.243156 
4.422 -0.23164 0.022175 -0.234194 -0.0359669 -0.237453 -0.0895762 -0.241152 -0.143077 -0.245808 -0.200183 -0.251039 -0.257523 -0.256667 -0.318682 
4.059 -0.180962 0.257074 -0.180662 0.196501 -0.181008 0.142796 -0.181778 0.090812 -0.183107 0.0369423 -0.185065 -0.0156067 -0.187171 -0.0702393 
4.531 -0.286427 -0.0189152 -0.290173 -0.077657 -0.294091 -0.132108 -0.299159 -0.186506 -0.30539 -0.244858 -0.312215 -0.303715 -0.320195 -0.366616 
4.375 -0.121381 0.00916313 -0.123577 -0.0489901 -0.125912 -0.10263 -0.12862 -0.156282 -0.131788 -0.213884 -0.135248 -0.271699 -0.138705 -0.333429 
4.078 -0.135762 0.225572 -0.136115 0.165892 -0.136949 0.112727 -0.138081 0.0610754 -0.139655 0.00735502 -0.141617 -0.0452802 -0.143719 -0.100317 
4.266 -0.0433091 0.0584714 -0.0449671 0.000819469 -0.0465078 -0.0520534 -0.0481583 -0.10452 -0.049841 -0.160513 -0.051726 -0.216748 -0.0533094 -0.276355 
4.352 -0.248076 0.0735379 -0.249828 0.0154718 -0.252411 -0.0374462 -0.255639 -0.0900403 -0.259743 -0.145868 -0.264388 -0.201586 -0.269602 -0.260685 
4.164 -0.12549 0.163936 -0.126363 0.105408 -0.127727 0.0528845 -0.129255 0.00137155 -0.131342 -0.0527279 -0.13377 -0.106266 -0.136212 -0.162625 
4.262 -0.109054 0.0927133 -0.110578 0.0348129 -0.112375 -0.0177356 -0.114389 -0.0699389 -0.116851 -0.125309 -0.119685 -0.180674 -0.122469 -0.239306 
4.336 -0.170004 0.0481989 -0.171926 -0.0097138 -0.17441 -0.0628012 -0.177263 -0.115675 -0.180759 -0.172111 -0.184722 -0.22864 -0.188721 -0.28867 
4.391 -0.252869 0.0399808 -0.255221 -0.0181556 -0.2584 -0.0715093 -0.262146 -0.124721 -0.266733 -0.181395 -0.272107 -0.23814 -0.277877 -0.298487 
4.23 -0.128229 0.124901 -0.129464 0.0671131 -0.131149 0.0143706 -0.133071 -0.0371792 -0.135465 -0.0918865 -0.138312 -0.146481 -0.141173 -0.203847 
1.436 0.027914 0.144761 0.0260376 0.0867162 0.0247736 0.0341708 0.0235406 -0.017643 0.0225855 -0.0722994 0.0219036 -0.126769 0.0216713 -0.184408 
4.258 -0.12412 0.104356 -0.12555 0.0469255 -0.127285 -0.00594631 -0.129313 -0.0576934 -0.131862 -0.112751 -0.134805 -0.167793 -0.137716 -0.225485 
4.156 -0.139186 0.176264 -0.139915 0.117556 -0.141138 0.0649338 -0.142655 0.0134105 -0.144742 -0.0405259 -0.14718 -0.0938369 -0.149715 -0.149924 
4.363 -0.10289 0.00916313 -0.105077 -0.0488566 -0.107182 -0.102501 -0.109618 -0.156132 -0.112436 -0.213659 -0.115491 -0.271468 -0.118401 -0.333197 
3.961 0.0464046 0.00916313 0.0451918 -0.0491165 0.0444573 -0.102943 0.043887 -0.156785 0.0437281 -0.214813 0.0437933 -0.27321 0.0442713 -0.335473 
1.143 0.544966 -0.0463087 0.548864 -0.1066 0.554568 -0.1626 0.561487 -0.218636 0.570657 -0.278749 0.58111 -0.339087 0.594263 -0.403717 
4.359 -0.27136 0.0742227 -0.273043 0.0161386 -0.275815 -0.0368676 -0.278912 -0.0895098 -0.283325 -0.14536 -0.288293 -0.201067 -0.294083 -0.260086 
1.459 0.107355 -0.0332968 0.107049 -0.0926118 0.107351 -0.147621 0.108103 -0.203257 0.109298 -0.263024 0.110746 -0.32337 0.113213 -0.388573 
4.148 -0.0782359 0.161197 -0.0793267 0.102747 -0.0806353 0.0503422 -0.0823764 -0.00122238 -0.0839801 -0.0552751 -0.0859685 -0.108776 -0.087791 -0.165139 
1.117 0.565512 -0.0435694 0.569469 -0.103877 0.575261 -0.159841 0.582484 -0.215856 0.591812 -0.275856 0.602404 -0.336098 0.616085 -0.400518 
4.352 -0.183701 0.0454595 -0.185793 -0.0124576 -0.188397 -0.0656398 -0.191478 -0.118568 -0.195261 -0.175109 -0.199511 -0.231661 -0.204034 -0.291771 
4.199 -0.126174 0.144076 -0.127178 0.085871 -0.128706 0.0334526 -0.130322 -0.0181208 -0.132529 -0.0725743 -0.135269 -0.126632 -0.137865 -0.18372 
1.346 0.453198 -0.0394603 0.455756 -0.0994682 0.460124 -0.155292 0.465475 -0.211081 0.472734 -0.271162 0.481246 -0.331635 0.492062 -0.396359 
3.908 -0.33642 0.3824 -0.332377 0.318547 -0.329904 0.262456 -0.328281 0.208552 -0.327439 0.153319 -0.327697 0.100202 -0.328352 0.0458155 
4.324 -0.0426243 0.00368443 -0.0444437 -0.0542522 -0.0460823 -0.10799 -0.0478151 -0.161662 -0.0496665 -0.21927 -0.051665 -0.27781 -0.0533941 -0.339671 
1.39 0.036132 0.169415 0.0342463 0.110996 0.0327511 0.0585081 0.0316621 0.00679466 0.0306055 -0.0474696 0.0297103 -0.101206 0.0295785 -0.158107 
1.58 0.123106 -0.0182304 0.122766 -0.0773178 0.123205 -0.132016 0.123992 -0.187135 0.125338 -0.246392 0.12696 -0.306382 0.129588 -0.371025 
1.697 0.0806465 0.0297083 0.079484 -0.0284306 0.0789423 -0.0819819 0.0787924 -0.135487 0.0789532 -0.192822 0.0793763 -0.25046 0.0805926 -0.311943 
4.277 -0.100151 0.0783317 -0.101822 0.0205471 -0.103649 -0.0320781 -0.105603 -0.0843525 -0.107944 -0.139918 -0.110525 -0.195618 -0.113099 -0.254602 
4.141 -0.121381 0.178318 -0.122301 0.119577 -0.123559 0.0669869 -0.124891 0.015479 -0.126802 -0.0384389 -0.129102 -0.0917707 -0.131473 -0.147813 
1.207 0.505931 -0.0380907 0.509113 -0.0983887 0.514048 -0.15416 0.520316 -0.209929 0.528477 -0.270052 0.538233 -0.330175 0.550135 -0.394328 
4.188 -0.139186 0.155034 -0.140133 0.0966045 -0.141579 0.0441318 -0.143195 -0.00743252 -0.145479 -0.0616214 -0.148088 -0.115276 -0.150802 -0.171991 
1.368 0.0375017 0.19133 0.0354904 0.132554 0.033896 0.0800407 0.0326798 0.0283273 0.0316314 -0.0256217 0.0307449 -0.0789106 0.0308133 -0.13551 
4.039 0.00120531 0.060526 -0.000514095 0.00274407 -0.00168318 -0.0500809 -0.00311242 -0.102424 -0.00436781 -0.158389 -0.00567533 -0.214424 -0.00656716 -0.273875 
0.953 0.38266 0.00162991 0.383842 -0.05776 0.386368 -0.112624 0.389891 -0.16745 0.394932 -0.22618 0.401222 -0.285393 0.409783 -0.348833 
4.023 -0.188495 0.275565 -0.187834 0.21459 -0.187901 0.160749 -0.188378 0.108511 -0.189487 0.0544513 -0.191261 0.00203094 -0.193129 -0.0525161 
4.258 -0.185071 0.124216 -0.18613 0.0658324 -0.187858 0.0134106 -0.190003 -0.03909 -0.192833 -0.093508 -0.196239 -0.147979 -0.199882 -0.205599 
3.904 -0.270675 0.369388 -0.267793 0.305651 -0.266248 0.249674 -0.26525 0.195927 -0.264899 0.140975 -0.265435 0.0880559 -0.26635 0.0337633 
4.094 -0.225476 0.247487 -0.224789 0.187169 -0.224961 0.133627 -0.225695 0.0815866 -0.227138 0.0277841 -0.229301 -0.0248569 -0.23183 -0.0796858 
4.184 -0.253554 0.178318 -0.253582 0.119501 -0.254639 0.0667449 -0.256266 0.0149682 -0.258731 -0.0392149 -0.262088 -0.0927578 -0.265802 -0.148879 
1.402 0.435392 -0.0401452 0.437776 -0.100117 0.441892 -0.155795 0.447254 -0.211644 0.454246 -0.271534 0.462293 -0.331821 0.473046 -0.396502 
4.199 -0.295329 0.174209 -0.295345 0.115255 -0.296377 0.0623892 -0.298043 0.0105929 -0.300856 -0.0437927 -0.304466 -0.0972776 -0.308682 -0.153382 
3.861 0.0101082 0.0283386 0.00866116 -0.0297015 0.00747607 -0.0831655 0.00639686 -0.136476 0.00544831 -0.193775 0.00451752 -0.251366 0.0040569 -0.312722 
4.172 -0.113163 0.152294 -0.114301 0.0939962 -0.115642 0.0414731 -0.117302 -0.0101547 -0.119268 -0.06424 -0.121669 -0.117928 -0.124037 -0.174651 
1.419 0.0217504 0.161882 0.0199174 0.103532 0.0185898 0.0508828 0.0172428 -0.000553299 0.0161838 -0.0548794 0.0152011 -0.108584 0.0146564 -0.165357 
4.23 -0.173428 0.137913 -0.174428 0.0796509 -0.175888 0.0271522 -0.177863 -0.0245761 -0.180396 -0.0791637 -0.183561 -0.133211 -0.186802 -0.190424 
4.098 -0.0172853 0.0269689 -0.0189959 -0.0310326 -0.0205128 -0.0845008 -0.0218843 -0.137784 -0.0235652 -0.195145 -0.0249369 -0.25251 -0.0259125 -0.313657 
1.233 0.499767 -0.0600055 0.503458 -0.120504 0.508904 -0.176679 0.515601 -0.232987 0.524202 -0.29355 0.534345 -0.354581 0.546636 -0.419689 
2.41 0.0916039 -0.0120668 0.0907424 -0.0709145 0.090626 -0.125642 0.0908274 -0.18045 0.0915118 -0.239737 0.0924138 -0.299395 0.0940818 -0.363103 
