4.164 0.231311 0.0906588 0.230221 0.0781598 0.228675 0.0672263 0.226804 0.0566054 0.223868 0.0451636 0.220708 0.034559 0.216908 0.0244927 
0.788 -0.246706 0.324188 -0.237249 0.344386 -0.228054 0.362122 -0.218027 0.378972 -0.206218 0.39667 -0.194185 0.412583 -0.181527 0.427896 
0.807 -0.0727572 0.402945 -0.0586817 0.412188 -0.0458524 0.419834 -0.0327618 0.426748 -0.0183304 0.433336 -0.00446997 0.438726 0.00948301 0.443564 
1.553 -0.582276 -0.120956 -0.596755 -0.0829677 -0.608035 -0.0483871 -0.617357 -0.0140722 -0.625412 0.023796 -0.63104 0.059829 -0.634763 0.0958208 
2.199 0.626462 0.0824408 0.62201 0.0475002 0.61633 0.0167321 0.609662 -0.0129611 0.600457 -0.0447489 0.590238 -0.074029 0.578631 -0.102146 
3.498 0.293631 0.156403 0.296095 0.140191 0.297545 0.125701 0.298413 0.111483 0.298278 0.0959729 0.297289 0.0814248 0.295689 0.0673008 
0.96 -0.199452 0.287207 -0.191121 0.303396 -0.183021 0.317529 -0.174407 0.330966 -0.16442 0.344911 -0.154148 0.357443 -0.143538 0.369513 
2.26 0.610026 0.072853 0.605417 0.0387316 0.599666 0.00876666 0.592863 -0.0202338 0.583448 -0.0513132 0.573086 -0.0799763 0.561403 -0.107371 
0.925 -0.0933023 0.350897 -0.0817434 0.360982 -0.071058 0.369555 -0.0601048 0.377391 -0.047875 0.385213 -0.0359245 0.39182 -0.0238724 0.398018 
3.973 -0.0713875 -0.0572661 -0.0803279 -0.0515494 -0.0880857 -0.0460593 -0.0952966 -0.0403427 -0.102981 -0.0336911 -0.109706 -0.0271046 -0.11613 -0.0200845 
0.855 -0.0789207 0.37966 -0.0658809 0.389116 -0.0538027 0.397128 -0.0414556 0.404381 -0.0278771 0.411374 -0.0146004 0.417182 -0.00136705 0.422446 
0.99 -0.176852 0.285838 -0.168539 0.300454 -0.160532 0.313166 -0.151858 0.325273 -0.142025 0.337765 -0.131874 0.349099 -0.121564 0.359792 
1.642 -0.443254 -0.113423 -0.457164 -0.08367 -0.468295 -0.0565259 -0.477843 -0.0294774 -0.486649 0.000495609 -0.493291 0.0290541 -0.498433 0.0576833 
2.205 0.592905 0.122846 0.591104 0.0897147 0.587891 0.0603614 0.583607 0.0319377 0.576922 0.00128791 0.569229 -0.0270179 0.560149 -0.0542204 
3.057 -0.422024 0.0523079 -0.426356 0.0808147 -0.428985 0.106403 -0.4302 0.131565 -0.430072 0.159077 -0.428421 0.184845 -0.425578 0.210271 
1.633 -0.465854 -0.136022 -0.481121 -0.105062 -0.49335 -0.076693 -0.503887 -0.048431 -0.513713 -0.0170116 -0.521344 0.0129324 -0.527331 0.0429838 
1.667 -0.411752 -0.117532 -0.425888 -0.0898499 -0.43732 -0.0645118 -0.447144 -0.0391833 -0.456426 -0.0110008 -0.463607 0.0158551 -0.469385 0.042965 
1.583 -0.469278 0.0831256 -0.471892 0.114427 -0.472915 0.142569 -0.472507 0.170047 -0.470417 0.199841 -0.466861 0.227981 -0.462044 0.255464 
0.984 -0.215203 0.272826 -0.207463 0.289899 -0.199908 0.30484 -0.191674 0.31908 -0.182056 0.333937 -0.172199 0.347373 -0.161884 0.360324 
0.761 -0.069333 0.433078 -0.0538393 0.442477 -0.0396599 0.45031 -0.025301 0.457267 -0.00939379 0.463832 0.00587361 0.469126 0.0211503 0.473831 
0.749 -0.0220792 0.450883 -0.00571228 0.457428 0.00909332 0.462667 0.023911 0.466987 0.0401779 0.470748 0.05567 0.473339 0.0708733 0.47526 
3.588 -0.339844 -0.205191 -0.357521 -0.182964 -0.37236 -0.162348 -0.385744 -0.141486 -0.399151 -0.117975 -0.410524 -0.0953535 -0.420579 -0.0721693 
0.746 -0.052212 0.44609 -0.0361514 0.454587 -0.0215899 0.461573 -0.00687104 0.467712 0.0093103 0.473354 0.0249357 0.477763 0.0404636 0.481518 
1.394 -0.122065 0.174894 -0.119587 0.185495 -0.116977 0.194924 -0.113945 0.20401 -0.110306 0.213699 -0.106199 0.22254 -0.101818 0.231235 
4.188 0.0895494 0.0112176 0.0842479 0.00752314 0.079343 0.00456651 0.0744904 0.00189617 0.0688336 -0.000776716 0.0635785 -0.00302973 0.0581678 -0.00476014 
4.043 -0.0138611 -0.0339816 -0.0215051 -0.0317456 -0.0282561 -0.0293938 -0.0346728 -0.0268374 -0.041634 -0.023618 -0.047933 -0.0203134 -0.0540886 -0.0166195 
3.975 0.207341 0.0995617 0.206786 0.0883072 0.205682 0.0784003 0.204287 0.0688308 0.20193 0.0584666 0.199296 0.0489009 0.196177 0.0398232 
3.941 -0.094672 -0.182591 -0.111044 -0.175081 -0.125386 -0.167609 -0.138925 -0.159689 -0.15333 -0.150254 -0.166263 -0.140655 -0.17859 -0.130382 
0.847 -0.141926 0.357061 -0.130351 0.370325 -0.11953 0.381675 -0.108246 0.392306 -0.0955698 0.403035 -0.0828342 0.412423 -0.0700665 0.421327 
4.238 0.247747 0.035187 0.243524 0.0218867 0.239162 0.0103163 0.234487 -0.000788921 0.228542 -0.0125741 0.222539 -0.0233603 0.216007 -0.0335077 
1.784 -0.393261 -0.152459 -0.408096 -0.126931 -0.420173 -0.103523 -0.430758 -0.0801158 -0.440887 -0.0541049 -0.448934 -0.0293765 -0.455715 -0.00450725 
0.8 -0.0330366 0.422805 -0.0178127 0.429773 -0.00391141 0.435439 0.009886 0.44025 0.0251709 0.444517 0.0397826 0.447706 0.0541871 0.450317 
0.878 -0.18644 0.321449 -0.176361 0.337162 -0.166839 0.350757 -0.156635 0.363696 -0.144984 0.376899 -0.133312 0.388721 -0.121275 0.399972 
1.676 -0.404903 -0.130544 -0.419468 -0.103447 -0.431341 -0.0785847 -0.441615 -0.0537148 -0.451411 -0.0260895 -0.459131 0.000430403 -0.465533 0.0268708 
4.262 0.236789 0.00984797 0.230851 -0.00285213 0.225117 -0.0137798 0.219058 -0.0242217 0.211557 -0.0351436 0.204058 -0.0450997 0.196116 -0.0542576 
0.861 -0.220682 0.314601 -0.211112 0.332534 -0.201837 0.347974 -0.191994 0.362774 -0.18042 0.37811 -0.168699 0.391923 -0.156543 0.40513 
3.959 -0.0871387 -0.206561 -0.105108 -0.199405 -0.120778 -0.192199 -0.135503 -0.184461 -0.15153 -0.175201 -0.16586 -0.165719 -0.179526 -0.155444 
0.781 -0.048103 0.425544 -0.032908 0.433437 -0.0191597 0.439893 -0.00529663 0.445617 0.00992838 0.450741 0.0247365 0.454808 0.0392614 0.458193 
1.059 0.40526 0.422805 0.419899 0.402104 0.431807 0.383084 0.442942 0.36407 0.453371 0.342546 0.462137 0.321835 0.469701 0.301241 
1.629 -0.477496 -0.156568 -0.493685 -0.125037 -0.50678 -0.0962299 -0.51816 -0.0674097 -0.528836 -0.0353374 -0.537202 -0.00474684 -0.54399 0.0259414 
4.008 -0.0487878 -0.107259 -0.06083 -0.102752 -0.0714587 -0.0981286 -0.0814776 -0.0931787 -0.0922378 -0.0871318 -0.101912 -0.0809449 -0.111199 -0.074181 
4.211 0.214875 0.0707985 0.212776 0.0592581 0.210319 0.0492102 0.207588 0.0394805 0.203764 0.029118 0.199819 0.0194924 0.19534 0.0104771 
4.141 0.0505136 0.000260238 0.0445597 -0.00142853 0.039163 -0.00262198 0.0339265 -0.00356514 0.0280488 -0.00423422 0.0225565 -0.00464999 0.0170738 -0.00454583 
3.322 -0.188495 0.110519 -0.189307 0.124824 -0.189522 0.137727 -0.189023 0.150288 -0.18793 0.163866 -0.186 0.176607 -0.183608 0.189189 
2.217 0.566881 0.126955 0.565959 0.0949478 0.56355 0.0665915 0.560031 0.0390915 0.55433 0.00934537 0.547544 -0.018154 0.539416 -0.0446837 
2.203 0.611396 0.0968224 0.608061 0.0627833 0.603503 0.0326504 0.597852 0.00356802 0.58969 -0.0277546 0.580425 -0.0567066 0.570075 -0.0844001 
4.262 0.272401 0.0824408 0.270835 0.0673697 0.268623 0.0540751 0.266047 0.041189 0.262189 0.0274019 0.257975 0.0145439 0.253105 0.0025036 
3.414 -0.375455 -0.167525 -0.391027 -0.143043 -0.403965 -0.120584 -0.415492 -0.0980378 -0.426694 -0.0727661 -0.435779 -0.0485198 -0.443541 -0.0239449 
4.301 0.268292 0.0153267 0.262847 0.000759947 0.257295 -0.0118812 0.25139 -0.0239832 0.243959 -0.0368044 0.236374 -0.0484924 0.228401 -0.0593573 
1.049 0.429914 0.432393 0.445217 0.410337 0.45747 0.390044 0.468589 0.369594 0.479399 0.346729 0.488398 0.324663 0.495954 0.302782 
1.607 -0.553513 -0.183961 -0.571407 -0.147824 -0.585842 -0.114871 -0.598255 -0.081872 -0.609809 -0.0452543 -0.618752 -0.0102622 -0.625944 0.0247338 
1.129 0.388823 0.360485 0.400706 0.340306 0.410357 0.321965 0.418997 0.30364 0.426949 0.283053 0.433523 0.263363 0.438879 0.243811 
0.714 -0.0843994 0.457732 -0.0677173 0.4682 -0.0525445 0.476936 -0.0370758 0.484763 -0.0199986 0.49224 -0.00345755 0.498265 0.013097 0.503657 
1.237 0.33883 0.314601 0.348964 0.296974 0.356998 0.280823 0.364286 0.264768 0.370882 0.246694 0.376225 0.229514 0.380575 0.212522 
2.191 0.629201 0.098192 0.626335 0.0627932 0.622059 0.0314649 0.616545 0.00114655 0.608466 -0.031537 0.599237 -0.0617288 0.588513 -0.090675 
1.164 0.370333 0.345418 0.381385 0.326136 0.390409 0.308751 0.398681 0.29143 0.406116 0.271869 0.412236 0.253221 0.417258 0.234744 
0.953 -0.2289 0.278989 -0.221213 0.296878 -0.213728 0.312528 -0.205369 0.327573 -0.195648 0.343238 -0.185571 0.357471 -0.175068 0.371157 
4.031 -0.0282427 -0.095617 -0.0394601 -0.0921243 -0.0493743 -0.0884522 -0.0587949 -0.0844577 -0.0689548 -0.0795108 -0.0781126 -0.0743901 -0.0869517 -0.0687316 
4.102 0.0340775 -0.0168607 0.0272275 -0.0171479 0.0210411 -0.0170604 0.0151155 -0.0167096 0.00857677 -0.0159241 0.00265608 -0.0148997 -0.00324755 -0.0134309 
4.082 -0.000164361 -0.138077 -0.0142792 -0.136263 -0.0268557 -0.133894 -0.0388761 -0.131095 -0.0519522 -0.127288 -0.0639188 -0.123059 -0.0755663 -0.118057 
0.828 -0.174798 0.355006 -0.163279 0.370394 -0.152532 0.383582 -0.141212 0.395946 -0.128313 0.408692 -0.115524 0.419951 -0.102379 0.430577 
3.559 -0.352171 -0.186016 -0.3688 -0.163339 -0.38263 -0.142374 -0.395077 -0.121279 -0.407461 -0.0975092 -0.417804 -0.0746153 -0.426958 -0.0513712 
4.211 0.228571 0.0612108 0.225962 0.0489451 0.22302 0.0382591 0.219783 0.0279056 0.215438 0.016907 0.210866 0.00673547 0.205778 -0.00285196 
0.76 0.0231201 0.463895 0.0405972 0.467575 0.0561977 0.470134 0.0717773 0.471858 0.0884318 0.472633 0.104266 0.472471 0.119687 0.471693 
2.367 -0.417231 0.0276537 -0.422816 0.0556359 -0.42656 0.0810733 -0.428865 0.106039 -0.430034 0.133228 -0.429654 0.158727 -0.428039 0.184267 
4.352 0.286098 0.0228599 0.280718 0.00730273 0.275187 -0.00619472 0.269328 -0.0191383 0.261913 -0.0328061 0.254435 -0.0452849 0.246332 -0.0569625 
0.813 -0.10426 0.388563 -0.0908717 0.399799 -0.0785214 0.409304 -0.0658139 0.418058 -0.0517651 0.426591 -0.0379618 0.433897 -0.0240649 0.440539 
3.598 -0.329571 -0.233954 -0.34911 -0.212371 -0.365617 -0.192152 -0.380682 -0.171732 -0.395952 -0.14849 -0.40903 -0.125977 -0.420823 -0.102928 
0.811 -0.121381 0.385824 -0.108412 0.398014 -0.096389 0.408396 -0.0840435 0.417942 -0.0701437 0.427471 -0.0565159 0.4357 -0.0427341 0.443324 
0.722 -0.0433091 0.459101 -0.0264518 0.467101 -0.0111891 0.473611 0.00416081 0.479185 0.0210906 0.484228 0.0372271 0.488042 0.0532715 0.491114 
0.844 -0.197398 0.331037 -0.187141 0.347517 -0.177371 0.361844 -0.166915 0.375435 -0.154943 0.389431 -0.14285 0.402 -0.130402 0.413894 
0.794 -0.144665 0.385824 -0.131658 0.39974 -0.119595 0.411497 -0.107224 0.422377 -0.0931634 0.433386 -0.0792642 0.443027 -0.0651934 0.45192 
2.023 0.205972 0.161882 0.207836 0.152469 0.208936 0.143933 0.209796 0.135592 0.209936 0.1264 0.209751 0.117734 0.208998 0.109495 
4.008 -0.0501575 -0.125065 -0.0630996 -0.12039 -0.074524 -0.115622 -0.0853298 -0.110477 -0.0969245 -0.104284 -0.10741 -0.0978718 -0.117486 -0.0909793 
0.948 -0.118641 0.331722 -0.108024 0.343156 -0.0981324 0.352972 -0.0878822 0.362083 -0.0762834 0.371231 -0.0648783 0.379201 -0.0532763 0.386703 
0.736 -0.0138611 0.463211 0.00342736 0.469298 0.0189339 0.473989 0.0344985 0.477894 0.0513962 0.480991 0.0675465 0.482974 0.083443 0.484269 
4.277 0.134749 -0.123695 0.12147 -0.12964 0.109364 -0.13429 0.0974715 -0.138322 0.0840871 -0.141897 0.0714513 -0.144647 0.0588278 -0.146536 
4.047 -0.0241337 -0.149719 -0.0388676 -0.146402 -0.0519575 -0.142732 -0.0643784 -0.138642 -0.0778852 -0.133396 -0.0901312 -0.12783 -0.101922 -0.121488 
4.02 -0.043994 -0.163416 -0.0593025 -0.158909 -0.0727057 -0.154172 -0.0855557 -0.148904 -0.0992649 -0.142483 -0.111804 -0.135738 -0.123724 -0.128325 
0.928 -0.168634 0.313231 -0.158992 0.327712 -0.149791 0.340274 -0.140223 0.352108 -0.129055 0.364205 -0.118026 0.375013 -0.106689 0.385248 
2.188 0.63468 0.14887 0.634463 0.113295 0.632511 0.0816445 0.629244 0.0510209 0.623669 0.0177992 0.616819 -0.0129498 0.60836 -0.0427091 
0.887 -0.147404 0.3372 -0.136526 0.350696 -0.126317 0.362353 -0.115723 0.373196 -0.103613 0.384288 -0.0916731 0.393997 -0.079501 0.403157 
0.991 -0.252869 0.260499 -0.245862 0.279615 -0.238938 0.296392 -0.23121 0.312489 -0.221936 0.329461 -0.212159 0.344879 -0.201721 0.359761 
1.12 -0.266566 0.247487 -0.259203 0.266518 -0.251965 0.283362 -0.244012 0.299516 -0.234539 0.316419 -0.224586 0.331839 -0.214158 0.346523 
3.982 -0.0645391 -0.0784961 -0.0748354 -0.0731808 -0.0838424 -0.0679439 -0.0923037 -0.0624692 -0.101338 -0.0559484 -0.109384 -0.049414 -0.117088 -0.0423515 
1.934 -0.169319 0.188591 -0.164847 0.201268 -0.160514 0.212412 -0.155651 0.223085 -0.149809 0.234339 -0.143713 0.244518 -0.137397 0.254481 
0.8 -0.0104369 0.433078 0.00527589 0.438523 0.0195184 0.442815 0.0337748 0.446309 0.049335 0.449123 0.0640948 0.450916 0.078732 0.452122 
0.756 0.0402411 0.476907 0.0579897 0.479725 0.0737498 0.481525 0.089476 0.482571 0.106342 0.482546 0.122292 0.481655 0.137894 0.480221 
0.875 -0.098781 0.365279 -0.0864198 0.375766 -0.0749377 0.384714 -0.0632213 0.392928 -0.0501119 0.400979 -0.0373759 0.40777 -0.0245113 0.414047 
2.309 -0.27273 0.177633 -0.268447 0.195698 -0.26401 0.211632 -0.258788 0.226993 -0.252325 0.243491 -0.245314 0.25852 -0.237857 0.273283 
1.181 0.328558 0.337885 0.339299 0.321281 0.348196 0.306247 0.356239 0.291064 0.363805 0.273991 0.370159 0.257604 0.375503 0.241346 
3.629 0.332667 0.155718 0.335216 0.137267 0.336565 0.120727 0.337217 0.104594 0.336691 0.0869396 0.335279 0.0704265 0.333035 0.0544467 
0.895 -0.203561 0.305013 -0.194452 0.321763 -0.185753 0.336288 -0.176341 0.350182 -0.165479 0.364572 -0.15425 0.37751 -0.142711 0.38987 
0.829 -0.0570059 0.400205 -0.0428406 0.40852 -0.0299491 0.415339 -0.0169041 0.421381 -0.00246867 0.427087 0.0114237 0.431566 0.025243 0.435513 
1.336 0.0970826 0.304328 0.106798 0.30184 0.115197 0.299341 0.123441 0.296462 0.132057 0.292737 0.140039 0.288751 0.147614 0.284668 
3.967 -0.0830297 -0.172319 -0.0991118 -0.165535 -0.113194 -0.158681 -0.126499 -0.151418 -0.140687 -0.142596 -0.153396 -0.133656 -0.165632 -0.124042 
1.651 -0.429558 -0.102465 -0.442826 -0.0735212 -0.453449 -0.0471554 -0.462455 -0.0207943 -0.47079 0.00837041 -0.477013 0.0361004 -0.481896 0.0640811 
4.27 0.290892 0.0543624 0.28732 0.038426 0.283382 0.0244938 0.279099 0.0110768 0.273346 -0.0031986 0.26738 -0.0163086 0.26081 -0.0286506 
3.197 -0.31382 -0.0168607 -0.320553 0.00377965 -0.325691 0.0224748 -0.329743 0.0409737 -0.333093 0.0614273 -0.335207 0.0806627 -0.336303 0.0999154 
0.871 -0.161101 0.337885 -0.15029 0.352213 -0.140156 0.364601 -0.129555 0.376168 -0.117517 0.388029 -0.105462 0.398513 -0.0932829 0.4084 
4.043 -0.026873 -0.178482 -0.0433552 -0.175023 -0.0578452 -0.171182 -0.0718248 -0.166798 -0.0868833 -0.161131 -0.100463 -0.155048 -0.113679 -0.148212 
4.023 0.223778 0.104356 0.223304 0.0923161 0.222279 0.0816695 0.220884 0.0713468 0.218551 0.0601587 0.215918 0.0498057 0.212758 0.0400503 
4.141 0.0498288 -0.0846596 0.0391654 -0.0858601 0.0294705 -0.0862125 0.0201113 -0.0862369 0.00978815 -0.0856803 0.000222867 -0.0846948 -0.00929104 -0.0830208 
2.752 0.336776 0.203657 0.34144 0.184714 0.344987 0.167778 0.347565 0.151106 0.349304 0.132783 0.350073 0.115563 0.34975 0.0987365 
2.205 0.639474 0.0440899 0.632994 0.00837154 0.625517 -0.022992 0.616904 -0.0532733 0.605432 -0.0856569 0.593092 -0.115365 0.579495 -0.143628 
3.996 -0.0604301 -0.16821 -0.0759797 -0.162759 -0.0897063 -0.157151 -0.10265 -0.151073 -0.116523 -0.143694 -0.129192 -0.136055 -0.141086 -0.127768 
0.886 -0.218628 0.300904 -0.209644 0.318727 -0.201112 0.334061 -0.191707 0.348822 -0.180828 0.364134 -0.169695 0.377938 -0.158166 0.391126 
0.775 0.0149021 0.451568 0.0314458 0.455593 0.0462065 0.458499 0.0610655 0.46077 0.0770368 0.462087 0.0921454 0.462458 0.106949 0.462304 
0.771 -0.139186 0.400205 -0.125431 0.413694 -0.112591 0.425197 -0.0994021 0.435823 -0.0845198 0.446433 -0.0699275 0.455578 -0.0552076 0.464073 
0.914 -0.187125 0.307752 -0.178057 0.323302 -0.169354 0.336881 -0.160007 0.349825 -0.149179 0.363148 -0.138177 0.375093 -0.126827 0.386517 
2.303 0.601808 0.0406657 0.59564 0.00708383 0.588547 -0.0223678 0.580484 -0.0508018 0.569731 -0.0811278 0.558141 -0.109007 0.545282 -0.135568 
4.375 0.25528 0.00710862 0.249024 -0.00651591 0.242849 -0.0182966 0.236398 -0.0295585 0.228527 -0.0413399 0.220645 -0.052019 0.212381 -0.0618502 
3.381 -0.177537 -0.0387755 -0.185591 -0.0264134 -0.192339 -0.0150189 -0.198245 -0.00352075 -0.204159 0.00931716 -0.208947 0.021664 -0.213052 0.0342474 
0.753 -0.311081 0.311861 -0.302545 0.336 -0.293954 0.357167 -0.28434 0.37758 -0.272957 0.398938 -0.260974 0.41841 -0.248247 0.437114 
0.763 -0.423394 0.275565 -0.417019 0.306403 -0.410137 0.333692 -0.401869 0.360009 -0.391432 0.388069 -0.380066 0.41395 -0.367688 0.438915 
0.923 -0.105629 0.341994 -0.0943929 0.352773 -0.0839497 0.362025 -0.0731132 0.370529 -0.0610466 0.379007 -0.0491873 0.386291 -0.0371886 0.393092 
0.775 -0.077551 0.421435 -0.0626664 0.43134 -0.0491829 0.439546 -0.0353149 0.446969 -0.0200634 0.454074 -0.00521094 0.459887 0.00955758 0.465059 
1.296 0.0772223 0.309122 0.0872243 0.307684 0.0960072 0.306104 0.1046 0.304103 0.113649 0.301294 0.122085 0.298184 0.130224 0.294936 
4.324 0.29911 0.0297083 0.294323 0.013647 0.289269 -0.000344679 0.283903 -0.0137962 0.276963 -0.0280837 0.269968 -0.0411652 0.26233 -0.053566 
0.72 -0.00358855 0.475538 0.0139917 0.481188 0.0297178 0.485428 0.0454987 0.488878 0.0627027 0.491559 0.0790896 0.493118 0.0952569 0.494116 
1.335 0.239529 0.375551 0.253277 0.363729 0.264931 0.352686 0.27597 0.341357 0.286926 0.328295 0.296676 0.315438 0.3056 0.302546 
4.094 0.0135324 -0.134653 -0.00040153 -0.133682 -0.0127261 -0.132135 -0.0245043 -0.130063 -0.0374822 -0.127086 -0.0493572 -0.123644 -0.0609619 -0.119497 
2.584 -0.365868 -0.140816 -0.379985 -0.117283 -0.391549 -0.0956562 -0.401679 -0.0739147 -0.411465 -0.049775 -0.419322 -0.0265833 -0.425944 -0.00320679 
0.834 -0.159732 0.36117 -0.147711 0.375788 -0.136377 0.388437 -0.124638 0.400246 -0.111334 0.412165 -0.0981428 0.422678 -0.084695 0.432622 
1.332 -0.0953568 0.189275 -0.0923423 0.198413 -0.0891001 0.206552 -0.0854901 0.214292 -0.0813441 0.222493 -0.0767623 0.230076 -0.0721662 0.23743 
4.156 0.0553075 -0.121641 0.0423523 -0.123159 0.0305931 -0.123871 0.0192628 -0.124064 0.00690827 -0.12358 -0.00466659 -0.122518 -0.0161897 -0.120708 
1.277 0.0998219 0.23516 0.105079 0.232712 0.109587 0.23044 0.114027 0.22799 0.118433 0.22498 0.122542 0.221903 0.12635 0.218922 
3.305 -0.211094 0.0173812 -0.215613 0.0316078 -0.219158 0.0445518 -0.221903 0.0574342 -0.224264 0.0715419 -0.225617 0.084838 -0.22627 0.0981203 
3.594 -0.334365 -0.218888 -0.352947 -0.196942 -0.36859 -0.176567 -0.382868 -0.15596 -0.397221 -0.132588 -0.409444 -0.1099 -0.420422 -0.0869609 
0.749 -0.106999 0.42486 -0.0921545 0.436582 -0.078539 0.446481 -0.0645964 0.455521 -0.0490621 0.464361 -0.0339347 0.471899 -0.0187971 0.478635 
1.291 -0.0700178 0.246802 -0.0632341 0.254248 -0.0569026 0.260634 -0.050338 0.266585 -0.0428761 0.27263 -0.0356025 0.27784 -0.0282035 0.282798 
1.34 -0.243967 0.222148 -0.237874 0.239747 -0.231816 0.255241 -0.224973 0.270053 -0.216702 0.285597 -0.208092 0.299721 -0.199007 0.313458 
0.795 -0.286427 0.300219 -0.278262 0.32264 -0.270043 0.342424 -0.261 0.361391 -0.250112 0.381227 -0.238695 0.399384 -0.226708 0.416941 
4.121 0.0292837 -0.164101 0.013748 -0.163953 -1.3884e-05 -0.163027 -0.0133831 -0.161588 -0.0278869 -0.159124 -0.0413185 -0.156205 -0.0544172 -0.15241 
0.785 0.00189015 0.441296 0.0178156 0.44616 0.0321433 0.449879 0.0464186 0.452782 0.0620035 0.455056 0.0768213 0.456311 0.0913518 0.456935 
0.774 0.078592 0.500877 0.0980173 0.500964 0.115169 0.500239 0.132101 0.49872 0.150137 0.495869 0.166915 0.492147 0.183226 0.488017 
3.902 -0.120696 -0.213409 -0.138881 -0.204402 -0.154774 -0.195587 -0.169776 -0.186296 -0.185648 -0.175266 -0.199952 -0.164124 -0.213465 -0.152298 
0.881 -0.130284 0.348158 -0.118833 0.360618 -0.108243 0.371162 -0.0972691 0.380933 -0.0847801 0.390928 -0.0725138 0.3996 -0.0601899 0.407657 
0.757 -0.40011 0.287892 -0.392931 0.317437 -0.38536 0.343459 -0.37659 0.368544 -0.365582 0.395227 -0.353792 0.419674 -0.341085 0.443267 
4.215 0.0874949 -0.133283 0.0737207 -0.136739 0.0611162 -0.139188 0.0490015 -0.141012 0.0354884 -0.142193 0.0228875 -0.142662 0.0102852 -0.14232 
2.195 -0.426133 -0.196973 -0.443945 -0.169355 -0.458741 -0.143872 -0.471831 -0.118333 -0.484707 -0.0897137 -0.495298 -0.0622124 -0.504434 -0.0344338 
1.421 -0.103575 0.120107 -0.104077 0.129478 -0.10416 0.137876 -0.103748 0.146311 -0.102928 0.155286 -0.101637 0.163617 -0.100043 0.172013 
3.938 -0.10289 -0.214094 -0.121248 -0.206069 -0.13736 -0.198016 -0.152632 -0.189482 -0.168782 -0.179187 -0.183344 -0.16879 -0.197282 -0.157679 
1.69 -0.437776 -0.166155 -0.454324 -0.136794 -0.467792 -0.109932 -0.47959 -0.08302 -0.490801 -0.0531009 -0.499653 -0.02446 -0.506998 0.0043423 
2.145 -0.391892 -0.173689 -0.407848 -0.148745 -0.420998 -0.125761 -0.432566 -0.102684 -0.443888 -0.0768027 -0.453273 -0.0520346 -0.461393 -0.026967 
0.808 -0.154253 0.374866 -0.141779 0.389165 -0.130224 0.401435 -0.118095 0.412974 -0.104404 0.424576 -0.0908795 0.434747 -0.0770776 0.444285 
0.711 -0.0344062 0.473483 -0.0171542 0.480963 -0.00154281 0.487011 0.0142576 0.492238 0.0315454 0.496859 0.0480533 0.500241 0.0644298 0.502941 
3.982 -0.0727572 -0.204506 -0.0904885 -0.198104 -0.106042 -0.191609 -0.12084 -0.184551 -0.13652 -0.175942 -0.150793 -0.167148 -0.164378 -0.157574 
1.245 0.301849 0.311177 0.31138 0.29616 0.319135 0.282215 0.326361 0.268507 0.332896 0.253034 0.338432 0.238163 0.3431 0.223353 
1.472 0.229941 0.285838 0.238539 0.274707 0.245759 0.264551 0.252417 0.254306 0.258807 0.242661 0.264256 0.231387 0.268969 0.220293 
1.216 0.0696891 0.257759 0.0762752 0.257044 0.0821258 0.256225 0.0877957 0.255207 0.093852 0.253671 0.0994601 0.251801 0.104787 0.250001 
0.826 -0.219312 0.328982 -0.209126 0.346732 -0.199341 0.362267 -0.18889 0.376917 -0.176752 0.39206 -0.164562 0.405648 -0.151886 0.418584 
0.797 -0.301493 0.29611 -0.293608 0.319318 -0.285659 0.339763 -0.27688 0.359363 -0.266252 0.379969 -0.255005 0.398874 -0.243105 0.417065 
0.853 -0.248076 0.29611 -0.239581 0.31544 -0.231262 0.332311 -0.222192 0.34844 -0.21144 0.365355 -0.200477 0.380654 -0.18887 0.395277 
0.86 -0.114532 0.362539 -0.102356 0.374107 -0.0911183 0.383882 -0.0794205 0.392948 -0.0664104 0.401999 -0.0536196 0.409786 -0.0406915 0.416978 
4.285 0.282674 0.0721682 0.28017 0.0567393 0.277257 0.0431687 0.273935 0.0300898 0.269276 0.0160482 0.264331 0.0031392 0.258767 -0.00903297 
0.975 -0.156992 0.300904 -0.148013 0.314669 -0.139479 0.326577 -0.130508 0.33791 -0.120227 0.349499 -0.109929 0.359835 -0.0993776 0.369664 
4.219 0.0991371 -0.0798658 0.0885355 -0.0839016 0.0787982 -0.0870183 0.0692851 -0.0896522 0.0584788 -0.0919176 0.0486063 -0.0935084 0.0384816 -0.0944483 
4.113 0.0395562 -0.0380907 0.0313947 -0.0387613 0.0239659 -0.0388977 0.0169121 -0.0386996 0.00905779 -0.0380534 0.00188158 -0.0370728 -0.00521161 -0.0355487 
4.195 0.0854404 -0.0860293 0.0745568 -0.0895127 0.0645354 -0.0920787 0.0550055 -0.094114 0.0440643 -0.0957924 0.0340417 -0.0967828 0.0239964 -0.0971114 
1.324 0.0895494 0.31597 0.0999367 0.313982 0.108923 0.311748 0.117834 0.309264 0.12709 0.305869 0.135757 0.30215 0.14407 0.298254 
0.729 0.0128476 0.476222 0.030816 0.480915 0.0468619 0.484298 0.0628673 0.486825 0.0801666 0.488375 0.0966363 0.488943 0.112738 0.488863 
3.951 -0.0919326 -0.153828 -0.106447 -0.146605 -0.119259 -0.139542 -0.131373 -0.132088 -0.144052 -0.123164 -0.155502 -0.114232 -0.16649 -0.104686 
1.773 -0.278893 0.196124 -0.274034 0.215099 -0.269009 0.231978 -0.263113 0.248246 -0.255885 0.265562 -0.248084 0.281382 -0.23968 0.296706 
1.279 0.10941 0.174894 0.111573 0.171962 0.113215 0.16945 0.114844 0.166879 0.116263 0.163754 0.117544 0.160873 0.118663 0.15824 
3.936 -0.102205 -0.119586 -0.114872 -0.111886 -0.125822 -0.104409 -0.136115 -0.0966533 -0.147023 -0.0875862 -0.156676 -0.0785155 -0.165832 -0.0689769 
1.269 0.114888 0.142706 0.115147 0.139662 0.115196 0.136983 0.115235 0.134348 0.114899 0.131449 0.114554 0.128732 0.113886 0.126206 
1.312 0.132694 0.163936 0.133904 0.159659 0.1347 0.155875 0.135495 0.152151 0.135745 0.14788 0.136021 0.143921 0.135991 0.140204 
4.02 0.0724284 0.0844953 0.071726 0.0814679 0.0708427 0.0789418 0.0699878 0.0763616 0.0686729 0.0736209 0.0674128 0.0709621 0.0659552 0.0686217 
0.798 -0.351486 0.283098 -0.344423 0.309347 -0.336928 0.33262 -0.328531 0.354974 -0.318006 0.378623 -0.3068 0.400366 -0.294843 0.421275 
1.369 0.166251 0.156403 0.167564 0.149651 0.168486 0.143686 0.169071 0.13764 0.169227 0.131079 0.169152 0.124842 0.168664 0.118852 
4.043 -0.0220792 -0.116162 -0.0349164 -0.113095 -0.0462546 -0.109708 -0.0569715 -0.105963 -0.0686458 -0.101155 -0.0792584 -0.0960562 -0.0895771 -0.0903919 
0.896 -0.0823449 0.363909 -0.0702471 0.3733 -0.0590543 0.381284 -0.0475937 0.38858 -0.0347335 0.395716 -0.0223221 0.40168 -0.00982557 0.407167 
2.549 0.250486 0.242693 0.257692 0.229556 0.263423 0.21764 0.268623 0.205646 0.273211 0.19231 0.276986 0.179385 0.279945 0.166634 
0.949 -0.50215 0.244062 -0.494806 0.276515 -0.486896 0.305212 -0.477727 0.332867 -0.466088 0.362318 -0.453606 0.389339 -0.440066 0.415484 
0.709 -0.217258 0.396781 -0.204675 0.415907 -0.1926 0.432606 -0.179916 0.448243 -0.165313 0.464354 -0.150649 0.478762 -0.135607 0.492351 
1.256 -0.0255034 0.263923 -0.0179451 0.269143 -0.0111793 0.27347 -0.00413277 0.277429 0.00367928 0.281254 0.0112845 0.28429 0.0188306 0.287158 
2.451 0.635365 0.00779345 0.627131 -0.0277221 0.618112 -0.0589021 0.608015 -0.0888583 0.594979 -0.12076 0.581221 -0.149975 0.566186 -0.17782 
2.795 0.231996 0.166676 0.234725 0.15429 0.236424 0.143278 0.23781 0.132446 0.238463 0.120563 0.238575 0.109348 0.238072 0.0985176 
3.318 -0.196713 0.0317628 -0.200985 0.0451104 -0.204112 0.0573248 -0.206687 0.0693456 -0.208762 0.0826162 -0.209544 0.0951772 -0.209888 0.107669 
1.539 -0.0905629 0.072853 -0.0938216 0.0815504 -0.0964603 0.0895006 -0.0985052 0.0974248 -0.100463 0.106172 -0.101722 0.114396 -0.102631 0.122777 
0.733 -0.0905629 0.439926 -0.0751245 0.450785 -0.0608834 0.460019 -0.0464399 0.468384 -0.030337 0.476415 -0.0147296 0.483039 0.000825778 0.489127 
4.215 0.244323 0.0612108 0.24149 0.0478616 0.238325 0.0361495 0.234825 0.02485 0.230074 0.0128723 0.2251 0.00177283 0.219606 -0.00862204 
0.709 -0.23027 0.384454 -0.218176 0.404304 -0.206509 0.421552 -0.1941 0.437889 -0.179708 0.454712 -0.165347 0.469817 -0.150417 0.484081 
1.322 0.0970826 0.283783 0.1057 0.281255 0.113156 0.278644 0.120508 0.275711 0.128001 0.271961 0.134995 0.267993 0.141527 0.263891 
0.834 -0.187125 0.341309 -0.176469 0.357302 -0.16625 0.371248 -0.155522 0.384337 -0.143285 0.397751 -0.130962 0.409778 -0.118311 0.421169 
3.582 -0.325462 -0.157252 -0.340287 -0.13618 -0.352704 -0.116641 -0.36388 -0.0970761 -0.374811 -0.0749787 -0.383934 -0.0537787 -0.391914 -0.0322251 
4.371 0.199123 -0.0339816 0.190939 -0.044454 0.183082 -0.0533616 0.175165 -0.0616103 0.165863 -0.0701775 0.156794 -0.0776494 0.147465 -0.0844062 
1.265 -0.0344062 0.243378 -0.0279398 0.248982 -0.0221472 0.253733 -0.0160671 0.258085 -0.00937213 0.262343 -0.00273505 0.266043 0.00378115 0.269463 
3.676 -0.285057 -0.4216 -0.315471 -0.402143 -0.341768 -0.383434 -0.366553 -0.363857 -0.392418 -0.341097 -0.415489 -0.318535 -0.437079 -0.294952 
1.409 0.115573 0.331037 0.126753 0.326995 0.136439 0.323029 0.145841 0.318615 0.155606 0.313361 0.164567 0.307897 0.172922 0.302108 
4.223 0.0970826 -0.233269 0.0774234 -0.23672 0.0596704 -0.238852 0.0424261 -0.240164 0.023396 -0.240444 0.00571181 -0.239878 -0.0117271 -0.238214 
4.211 0.186796 0.0879195 0.185539 0.0780837 0.183874 0.0694562 0.182046 0.0611207 0.179312 0.0521756 0.176371 0.0438935 0.173056 0.0361818 
0.968 0.0669497 0.411848 0.0822446 0.411627 0.095659 0.410871 0.10892 0.409453 0.122957 0.40694 0.136173 0.403841 0.148894 0.400354 
1.549 0.19159 0.219408 0.196592 0.210865 0.200643 0.203109 0.20432 0.195332 0.207601 0.186409 0.210378 0.178103 0.212558 0.169757 
3.643 -0.29259 -0.249706 -0.313073 -0.230361 -0.33047 -0.212279 -0.346532 -0.193737 -0.362981 -0.172587 -0.377315 -0.151957 -0.390373 -0.130752 
4.16 0.0683194 0.000260238 0.062603 -0.00226481 0.057374 -0.00418753 0.0522879 -0.00582915 0.0464357 -0.0073503 0.0410345 -0.00849874 0.0353519 -0.00919841 
1.642 0.152554 0.145446 0.153371 0.139309 0.153776 0.133844 0.154015 0.128455 0.153666 0.122461 0.153162 0.116863 0.152232 0.111528 
0.698 -0.283687 0.361855 -0.273112 0.385042 -0.262425 0.405485 -0.251009 0.424816 -0.237493 0.444892 -0.223695 0.463143 -0.209193 0.480611 
0.765 -0.12275 0.409108 -0.108684 0.421653 -0.0956659 0.432279 -0.0823512 0.442099 -0.0673448 0.451906 -0.0526897 0.460191 -0.0379036 0.467904 
3.369 -0.147404 -0.0278181 -0.154821 -0.0173706 -0.161072 -0.00772733 -0.166639 0.00200209 -0.172217 0.0129589 -0.176773 0.0234569 -0.180846 0.0343746 
1.043 -0.291905 0.247487 -0.283995 0.267196 -0.27616 0.284366 -0.267462 0.301033 -0.257138 0.318187 -0.246473 0.334049 -0.235326 0.349399 
4.07 -0.00221887 -0.10589 -0.0142205 -0.103804 -0.0248581 -0.101341 -0.0350343 -0.0984804 -0.0461022 -0.0947368 -0.0561451 -0.0906449 -0.0658822 -0.0859516 
1.275 -0.0535817 0.263923 -0.0460281 0.270464 -0.0390419 0.276028 -0.0318734 0.281209 -0.0239255 0.286304 -0.0161488 0.290657 -0.00832511 0.294672 
4.031 -0.0241337 -0.0476784 -0.0326713 -0.0444373 -0.0402151 -0.0410591 -0.047289 -0.0374228 -0.0548754 -0.0330141 -0.0616592 -0.0285916 -0.0681442 -0.0236239 
3.529 -0.356965 -0.154513 -0.371769 -0.13128 -0.383994 -0.10993 -0.394873 -0.0884928 -0.405418 -0.0644809 -0.414114 -0.0414768 -0.421586 -0.0181503 
3.658 -0.283002 -0.268196 -0.304302 -0.249298 -0.322559 -0.231426 -0.33944 -0.213154 -0.356785 -0.192234 -0.371959 -0.171752 -0.386013 -0.150654 
0.968 0.123106 0.433078 0.139361 0.429358 0.153693 0.425462 0.167681 0.421075 0.182238 0.41512 0.195704 0.408858 0.208551 0.402218 
3.6 -0.314505 -0.176428 -0.33048 -0.155712 -0.343922 -0.136495 -0.356038 -0.117159 -0.368192 -0.095318 -0.378408 -0.0742636 -0.387438 -0.053044 
0.756 -0.350116 0.301589 -0.34208 0.328 -0.333863 0.351271 -0.32454 0.373667 -0.313217 0.397267 -0.301187 0.418951 -0.28841 0.439752 
4.207 0.0922887 -0.0545268 0.0830984 -0.0583092 0.0748645 -0.0611588 0.0665457 -0.0636914 0.0572568 -0.0658432 0.0487425 -0.0674256 0.0400125 -0.0684281 
2.037 0.462101 0.307752 0.472039 0.28178 0.479633 0.258298 0.485996 0.235053 0.491209 0.209457 0.494882 0.185118 0.497142 0.161226 
3.635 -0.296699 -0.22916 -0.315999 -0.209577 -0.332416 -0.191183 -0.347445 -0.172566 -0.362815 -0.151262 -0.376119 -0.130521 -0.388225 -0.10939 
4.23 0.21145 0.0571018 0.208707 0.0458199 0.205702 0.0359613 0.202485 0.0264234 0.198145 0.0162663 0.193584 0.00690422 0.188585 -0.00183398 
0.784 -0.104945 0.402945 -0.0910467 0.414267 -0.0782726 0.423756 -0.0651158 0.432519 -0.05053 0.441034 -0.0362194 0.448324 -0.0220145 0.454903 
1.278 -0.0570059 0.238584 -0.0507985 0.245346 -0.0451167 0.251255 -0.039182 0.2567 -0.0325957 0.262162 -0.0259761 0.266959 -0.0193793 0.271469 
3.652 -0.259033 -0.116162 -0.271469 -0.0990988 -0.281851 -0.0832682 -0.291168 -0.0673904 -0.30049 -0.0494378 -0.308213 -0.0322076 -0.315029 -0.014599 
1.253 -0.0193398 0.250226 -0.0126849 0.255151 -0.00664156 0.259234 -0.000444165 0.262981 0.00637136 0.26656 0.0129693 0.269529 0.0195946 0.2723 
4.59 0.29774 -0.155883 0.282159 -0.171932 0.267543 -0.185397 0.252849 -0.197877 0.235821 -0.210538 0.21945 -0.221517 0.202682 -0.231316 
3.455 -0.371346 -0.207246 -0.389331 -0.183304 -0.404388 -0.161143 -0.417936 -0.138835 -0.431438 -0.113739 -0.442714 -0.0894707 -0.452732 -0.0648449 
0.697 -0.267936 0.381715 -0.256063 0.403893 -0.244618 0.423302 -0.232159 0.441652 -0.217794 0.460776 -0.203255 0.47803 -0.188117 0.494385 
1.32 0.0854404 0.333776 0.0967393 0.331915 0.106486 0.329927 0.116171 0.327501 0.126305 0.324198 0.13572 0.320546 0.14472 0.316741 
1.822 -0.179592 0.205027 -0.17425 0.217819 -0.169144 0.229171 -0.163545 0.240003 -0.157045 0.251488 -0.150325 0.261921 -0.143314 0.272007 
0.685 -0.077551 0.483071 -0.0598189 0.493633 -0.0437056 0.502316 -0.027299 0.510172 -0.00916276 0.517549 0.008268 0.523509 0.0257683 0.528765 
3.924 -0.110423 -0.0812354 -0.120712 -0.0729011 -0.12972 -0.0650831 -0.137691 -0.05695 -0.146442 -0.0476682 -0.153891 -0.0385152 -0.160578 -0.0289991 
4.086 0.260759 0.100247 0.260114 0.0860378 0.258845 0.0734274 0.257222 0.0612796 0.254461 0.0481318 0.251345 0.0359126 0.24757 0.0242426 
4.008 -0.0426243 -0.0784961 -0.0531899 -0.0743622 -0.0623942 -0.0700943 -0.0711198 -0.0655564 -0.0804528 -0.0599904 -0.0887491 -0.0543551 -0.0966407 -0.0481532 
4.262 0.199123 0.0769621 0.197376 0.066218 0.195264 0.0567555 0.192901 0.0477119 0.189604 0.0378686 0.186092 0.0287694 0.182195 0.0202891 
3.564 -0.331626 -0.12712 -0.344897 -0.105565 -0.355788 -0.0857402 -0.365484 -0.0658052 -0.374854 -0.0435484 -0.382521 -0.0222692 -0.388931 -0.000678446 
3.607 -0.300808 -0.14698 -0.315061 -0.12735 -0.327047 -0.109135 -0.33772 -0.0908253 -0.348393 -0.0701608 -0.357238 -0.0503777 -0.365034 -0.0301391 
3.158 -0.356965 0.0776469 -0.358524 0.100711 -0.358893 0.121403 -0.35841 0.14165 -0.356618 0.163607 -0.353705 0.1841 -0.350173 0.204424 
4.211 0.238844 0.0749075 0.236974 0.0619957 0.234609 0.0506024 0.231993 0.0396383 0.228251 0.0278535 0.22424 0.0169436 0.219725 0.0065939 
0.824 -0.131653 0.375551 -0.119029 0.38838 -0.107554 0.399179 -0.0954727 0.409332 -0.0820187 0.419424 -0.0686055 0.428262 -0.0551583 0.436439 
3.969 -0.0796055 -0.147665 -0.0940929 -0.141008 -0.106639 -0.134342 -0.118567 -0.127375 -0.131375 -0.119008 -0.142896 -0.110547 -0.153603 -0.101457 
3.746 -0.204931 -0.173689 -0.220907 -0.159626 -0.234625 -0.146477 -0.247298 -0.132949 -0.260459 -0.117372 -0.271841 -0.102181 -0.282436 -0.0864097 
3.736 -0.211779 -0.199712 -0.229147 -0.185331 -0.244051 -0.171656 -0.257927 -0.157592 -0.272203 -0.141525 -0.28476 -0.125745 -0.296361 -0.109409 
3.312 -0.233009 0.112574 -0.232061 0.127926 -0.230843 0.141613 -0.228838 0.154835 -0.226027 0.16915 -0.222585 0.182328 -0.218564 0.195383 
4.41 0.210766 -0.0743871 0.200246 -0.0853287 0.190279 -0.0945303 0.180343 -0.103096 0.168755 -0.111764 0.157574 -0.119312 0.146178 -0.125932 
0.872 -0.174798 0.333091 -0.164365 0.348258 -0.154535 0.361362 -0.144123 0.373737 -0.132289 0.38636 -0.120365 0.397687 -0.108282 0.408302 
4.051 -0.00701274 -0.0558965 -0.0160109 -0.0540281 -0.0239694 -0.0519812 -0.0315955 -0.0495647 -0.0399086 -0.0465704 -0.0474616 -0.0433068 -0.0548211 -0.039532 
0.734 -0.450103 0.315286 -0.441654 0.348306 -0.432812 0.377417 -0.422596 0.405445 -0.409798 0.43514 -0.396179 0.462478 -0.381497 0.488939 
0.817 -0.0857691 0.396096 -0.0721414 0.406135 -0.059645 0.414588 -0.0469081 0.42233 -0.032731 0.429734 -0.0189517 0.435932 -0.00525466 0.441538 
4.32 0.172415 0.0427202 0.168688 0.0338193 0.164856 0.0260889 0.1609 0.0187907 0.156021 0.0110491 0.151037 0.00402292 0.145807 -0.00246829 
1.568 0.189536 0.233105 0.195311 0.224545 0.200029 0.216698 0.204431 0.208876 0.208432 0.200044 0.211911 0.191603 0.214787 0.183169 
4.168 0.248432 0.0920285 0.247344 0.0784708 0.24591 0.0665278 0.243864 0.0549144 0.240808 0.0423912 0.237209 0.030756 0.233174 0.0196759 
1.384 0.125846 0.261868 0.133111 0.257077 0.139307 0.252925 0.145318 0.248479 0.151243 0.243181 0.156682 0.237934 0.161605 0.232679 
4.562 0.284043 -0.140816 0.269388 -0.15576 0.255538 -0.168279 0.241651 -0.179895 0.225628 -0.191637 0.210133 -0.201853 0.194368 -0.210881 
1.532 0.171045 0.257759 0.177507 0.250714 0.182979 0.244292 0.188104 0.2377 0.193114 0.230168 0.197499 0.222832 0.2014 0.215635 
1.313 -0.0926174 0.23242 -0.0867886 0.241494 -0.081157 0.249399 -0.075208 0.256906 -0.068467 0.264622 -0.061638 0.271442 -0.0545771 0.278033 
1.213 0.0505136 0.248856 0.0569986 0.249409 0.0628798 0.249678 0.068544 0.249678 0.0748334 0.249276 0.080424 0.248517 0.085928 0.247656 
3.621 -0.293275 -0.162731 -0.308405 -0.143398 -0.321095 -0.125508 -0.332592 -0.107464 -0.344061 -0.0871039 -0.353767 -0.067529 -0.362374 -0.0476318 
1.275 0.101876 0.209821 0.105834 0.207318 0.10914 0.204852 0.11253 0.202322 0.115733 0.199439 0.118673 0.196477 0.121382 0.19359 
3.52 -0.128229 -0.0223394 -0.135366 -0.0130294 -0.141388 -0.00431088 -0.146744 0.00446289 -0.152259 0.0142815 -0.156732 0.0238012 -0.160733 0.0334862 
1.478 0.155979 0.259814 0.163219 0.253339 0.169265 0.247323 0.175149 0.241187 0.180821 0.234058 0.185922 0.227092 0.190554 0.220192 
1.216 0.314861 0.324873 0.32503 0.309088 0.333298 0.294692 0.340861 0.280223 0.34795 0.263957 0.353886 0.248312 0.35885 0.232796 
0.817 0.14913 0.526216 0.169882 0.521967 0.187936 0.517266 0.205637 0.511858 0.224144 0.504738 0.241232 0.497011 0.257603 0.488813 
3.664 -0.278208 -0.25176 -0.298802 -0.233191 -0.316375 -0.215797 -0.332606 -0.19788 -0.349271 -0.177375 -0.363856 -0.157427 -0.377239 -0.136723 
3.623 -0.280263 -0.129859 -0.293601 -0.111341 -0.304716 -0.0941416 -0.314666 -0.0768454 -0.324528 -0.0574926 -0.332726 -0.0387394 -0.339863 -0.0198287 
1.713 -0.215203 0.231051 -0.208272 0.246312 -0.201559 0.259556 -0.194206 0.27233 -0.185515 0.285571 -0.176596 0.297536 -0.167339 0.309139 
4.293 0.156663 -0.0545268 0.147203 -0.0621226 0.138357 -0.0683258 0.12956 -0.0739899 0.119452 -0.0796002 0.109838 -0.0844623 0.10008 -0.0885346 
4.129 0.0375017 -0.101096 0.0256757 -0.10149 0.0150349 -0.101281 0.00483867 -0.100519 -0.0064426 -0.0990941 -0.0168554 -0.0972693 -0.0271119 -0.0947153 
0.76 -0.364498 0.29474 -0.356863 0.322045 -0.349041 0.346056 -0.340056 0.369295 -0.328951 0.393861 -0.317132 0.416409 -0.304541 0.438087 
3.666 -0.248076 -0.138762 -0.261877 -0.122239 -0.273533 -0.106897 -0.284063 -0.0913622 -0.294701 -0.0738194 -0.303754 -0.0568617 -0.311829 -0.0395562 
1.268 -0.0672785 0.305013 -0.0572096 0.312378 -0.04793 0.318679 -0.0385008 0.324307 -0.027965 0.329782 -0.0178566 0.334304 -0.00767245 0.338532 
1.391 0.328558 0.302958 0.338124 0.285684 0.345676 0.269981 0.3525 0.254299 0.358801 0.236732 0.363669 0.219934 0.367639 0.203497 
4.309 0.166251 -0.087399 0.155142 -0.0955048 0.144851 -0.102201 0.134583 -0.108333 0.122901 -0.114209 0.111771 -0.119193 0.100521 -0.123337 
3.779 -0.188495 -0.215464 -0.206822 -0.202306 -0.222663 -0.189717 -0.237414 -0.176736 -0.252793 -0.161801 -0.266468 -0.146852 -0.279172 -0.131387 
3.711 -0.239173 -0.247651 -0.259365 -0.231479 -0.276698 -0.216058 -0.292856 -0.200232 -0.309555 -0.182056 -0.32426 -0.164126 -0.337864 -0.145671 
1.188 -0.252869 0.236529 -0.246326 0.254692 -0.239794 0.270596 -0.232557 0.286021 -0.223812 0.302078 -0.214719 0.316909 -0.20511 0.331081 
1.298 -0.392576 0.224202 -0.386882 0.250559 -0.380709 0.273876 -0.373476 0.296475 -0.364228 0.320517 -0.354235 0.342586 -0.343443 0.363966 
3.689 -0.243967 -0.18807 -0.260848 -0.171589 -0.275283 -0.156204 -0.288598 -0.140431 -0.302229 -0.122457 -0.313987 -0.104949 -0.324735 -0.0869555 
3.648 -0.279578 -0.202452 -0.297311 -0.184048 -0.312358 -0.166878 -0.326216 -0.149395 -0.340266 -0.129505 -0.352414 -0.110089 -0.363429 -0.0901866 
3.68 -0.235064 -0.121641 -0.247825 -0.105759 -0.258614 -0.0910928 -0.268331 -0.0762412 -0.278145 -0.0594663 -0.286368 -0.0432668 -0.293758 -0.0266767 
0.802 -0.31382 0.289947 -0.306066 0.313967 -0.298322 0.334995 -0.289426 0.355364 -0.27867 0.376811 -0.26748 0.396346 -0.255448 0.415271 
3.688 -0.233694 -0.144925 -0.247889 -0.129165 -0.259939 -0.114464 -0.270933 -0.0995107 -0.282032 -0.0825744 -0.291547 -0.0661177 -0.30014 -0.0492872 
3.764 -0.192604 -0.185331 -0.209212 -0.171916 -0.22347 -0.159096 -0.236724 -0.145989 -0.250424 -0.130931 -0.262477 -0.116115 -0.27359 -0.100778 
3.65 -0.263142 -0.152459 -0.277669 -0.134912 -0.28993 -0.118534 -0.301057 -0.102131 -0.312269 -0.083461 -0.321757 -0.0655623 -0.330203 -0.0472644 
4.562 0.27788 -0.0600055 0.267807 -0.074839 0.258156 -0.0876846 0.248263 -0.0997635 0.23653 -0.112254 0.225019 -0.123374 0.213131 -0.133386 
1.468 -0.165895 0.269401 -0.156841 0.281779 -0.14837 0.292523 -0.139419 0.302551 -0.129236 0.312816 -0.118995 0.32189 -0.108624 0.330622 
3.439 0.401835 0.0297083 0.396355 0.00734796 0.390328 -0.0121702 0.383726 -0.0308912 0.375259 -0.0509952 0.366331 -0.0692524 0.356463 -0.0866351 
4.184 0.0984523 0.064635 0.096102 0.0600289 0.0937742 0.0561295 0.0912826 0.0523935 0.0882796 0.0485083 0.0851909 0.0449606 0.0822369 0.041861 
3.676 -0.266566 -0.225736 -0.285501 -0.20779 -0.301699 -0.191005 -0.316685 -0.173884 -0.331959 -0.154203 -0.34522 -0.134981 -0.357372 -0.115279 
4.07 0.000520477 -0.0819203 -0.0100118 -0.0803784 -0.0193371 -0.0786588 -0.0282967 -0.0762728 -0.0380869 -0.0733374 -0.0469949 -0.0701153 -0.0556619 -0.0663201 
3.676 -0.265197 -0.270251 -0.286784 -0.25241 -0.305333 -0.235466 -0.322574 -0.218005 -0.340345 -0.198006 -0.355919 -0.178367 -0.370368 -0.158133 
4.512 0.262128 -0.140816 0.2475 -0.154581 0.233822 -0.166029 0.220131 -0.176649 0.204382 -0.18728 0.189143 -0.196423 0.173671 -0.20439 
0.956 -0.133708 0.324873 -0.123244 0.337303 -0.113622 0.347911 -0.103515 0.357913 -0.0921821 0.368016 -0.0807191 0.376968 -0.0692987 0.385273 
4.391 0.217614 0.00162991 0.211679 -0.0101506 0.205797 -0.0203029 0.199804 -0.0299359 0.192379 -0.0400267 0.185024 -0.0491359 0.177344 -0.0575777 
3.988 -0.0659088 -0.12575 -0.0789627 -0.119814 -0.0904287 -0.113878 -0.101165 -0.107631 -0.112776 -0.100146 -0.123062 -0.0925285 -0.132931 -0.0843995 
3.654 -0.280948 -0.222997 -0.299783 -0.204342 -0.315767 -0.186833 -0.330512 -0.169017 -0.345539 -0.148722 -0.35853 -0.129052 -0.370412 -0.108863 
2.186 0.619614 0.125586 0.618083 0.0906056 0.615055 0.0596077 0.610808 0.0295455 0.604095 -0.0028966 0.596229 -0.0329229 0.586945 -0.0618077 
2.184 0.638789 0.0749075 0.634316 0.0387851 0.628644 0.0070725 0.621527 -0.0236465 0.611831 -0.0565076 0.601093 -0.0868432 0.588932 -0.11583 
4.184 0.078592 -0.0600055 0.0691709 -0.0631681 0.0604941 -0.0655468 0.052004 -0.0674877 0.0426181 -0.0690418 0.0336744 -0.0700756 0.0249216 -0.0704356 
3.758 -0.191919 -0.167525 -0.207718 -0.154153 -0.221175 -0.1416 -0.233748 -0.128648 -0.246675 -0.113803 -0.257978 -0.0993111 -0.268462 -0.0842273 
4.008 -0.0392001 -0.0415149 -0.047565 -0.0377914 -0.0549759 -0.0340302 -0.0618416 -0.030002 -0.0692028 -0.0251369 -0.0758119 -0.0202332 -0.0821324 -0.0148985 
3.691 -0.253554 -0.360649 -0.280326 -0.343448 -0.303546 -0.326822 -0.325347 -0.309543 -0.348027 -0.289295 -0.36832 -0.269381 -0.387288 -0.24853 
3.705 -0.237803 -0.207246 -0.255668 -0.191118 -0.270962 -0.175823 -0.285103 -0.160267 -0.299621 -0.142632 -0.31225 -0.125197 -0.323877 -0.107351 
1.907 -0.197398 0.185166 -0.193401 0.199389 -0.189306 0.211936 -0.184556 0.223972 -0.178457 0.236855 -0.172172 0.24855 -0.1656 0.259777 
3.395 0.434023 -0.032612 0.424653 -0.0564116 0.41526 -0.077288 0.405281 -0.0971394 0.393026 -0.11815 0.380528 -0.137067 0.367194 -0.154974 
1.222 -0.200137 0.268717 -0.192586 0.28472 -0.18517 0.298725 -0.177289 0.312003 -0.167863 0.325863 -0.158412 0.338305 -0.148366 0.350336 
0.689 -0.283687 0.38103 -0.271967 0.404474 -0.260513 0.424814 -0.248224 0.444182 -0.233834 0.464421 -0.219114 0.482601 -0.203999 0.499889 
1.289 -0.0700178 0.262553 -0.0626405 0.269914 -0.0559044 0.276342 -0.0488874 0.282171 -0.0410249 0.288158 -0.0332722 0.293277 -0.0254848 0.29817 
4.086 0.00668402 -0.118217 -0.00604358 -0.11699 -0.0174044 -0.115283 -0.0283039 -0.113055 -0.0401944 -0.10996 -0.0510576 -0.106535 -0.0616398 -0.102454 
0.72 -0.300808 0.334461 -0.291318 0.358272 -0.281736 0.379166 -0.271249 0.399104 -0.25896 0.419992 -0.246109 0.439028 -0.232594 0.457274 
3.582 -0.317244 -0.126435 -0.330334 -0.105776 -0.341123 -0.0867606 -0.350738 -0.0676235 -0.360084 -0.0462021 -0.367731 -0.0256985 -0.374294 -0.00487839 
0.753 -0.29122 0.31597 -0.282436 0.338845 -0.273703 0.358959 -0.264066 0.378316 -0.252479 0.398639 -0.240555 0.417098 -0.227913 0.434823 
3.914 -0.115902 -0.227791 -0.134778 -0.219114 -0.15131 -0.210563 -0.166874 -0.201451 -0.183453 -0.190511 -0.198352 -0.179481 -0.212497 -0.167732 
3.711 -0.228215 -0.181907 -0.244804 -0.166501 -0.258998 -0.151833 -0.272065 -0.137003 -0.285426 -0.120024 -0.297076 -0.103388 -0.307758 -0.0862594 
0.915 -0.156307 0.324873 -0.145944 0.338764 -0.136128 0.350734 -0.125812 0.362053 -0.114122 0.37355 -0.102462 0.383712 -0.0905913 0.393306 
3.641 -0.29259 -0.214779 -0.310962 -0.195331 -0.326514 -0.177251 -0.340715 -0.158863 -0.355197 -0.137901 -0.367659 -0.117759 -0.379012 -0.0969056 
4.418 0.219669 -0.0264484 0.211814 -0.0378884 0.204213 -0.0476846 0.196551 -0.0568903 0.187379 -0.0663946 0.178403 -0.0749129 0.169123 -0.0825936 
3.912 -0.115902 -0.140816 -0.129789 -0.132329 -0.141929 -0.124088 -0.153201 -0.115575 -0.165027 -0.105535 -0.175646 -0.0955995 -0.185579 -0.0850424 
4.441 0.229256 -0.0627448 0.219207 -0.0746265 0.209698 -0.0847947 0.200088 -0.0941944 0.188828 -0.103751 0.177867 -0.11235 0.166648 -0.119952 
3.611 -0.291905 -0.112053 -0.304145 -0.0929217 -0.314335 -0.0751297 -0.323305 -0.0573876 -0.332129 -0.0374094 -0.339253 -0.0184635 -0.345438 0.000924553 
3.684 -0.255609 -0.204506 -0.273356 -0.187356 -0.288511 -0.171281 -0.302496 -0.154839 -0.316809 -0.136087 -0.329149 -0.117839 -0.340448 -0.0990755 
3.713 -0.237803 -0.323668 -0.262654 -0.307225 -0.284096 -0.291429 -0.304263 -0.275113 -0.325247 -0.256013 -0.343882 -0.23715 -0.36135 -0.217461 
3.982 0.246377 0.113943 0.2463 0.100606 0.245651 0.0887582 0.24453 0.0772577 0.242448 0.0647784 0.239947 0.0531927 0.236921 0.042116 
0.759 0.0813313 0.519367 0.101457 0.51933 0.119305 0.518729 0.136909 0.517285 0.155726 0.514457 0.173248 0.510776 0.190251 0.506549 
3.916 -0.117272 -0.0613752 -0.126637 -0.0527923 -0.134689 -0.0446881 -0.142105 -0.0364641 -0.149814 -0.0269901 -0.156374 -0.0178094 -0.162375 -0.00822554 
3.689 -0.253554 -0.262033 -0.274764 -0.244954 -0.292934 -0.228821 -0.309909 -0.212146 -0.327406 -0.192881 -0.342767 -0.173913 -0.356982 -0.154341 
1.576 0.155294 0.33994 0.167229 0.333022 0.177506 0.326451 0.187362 0.319484 0.197447 0.311535 0.206478 0.303334 0.214984 0.295307 
3.57 -0.330256 -0.142186 -0.344263 -0.120896 -0.355925 -0.101259 -0.366272 -0.0815012 -0.376434 -0.059299 -0.384763 -0.0381442 -0.391905 -0.0162792 
3.662 -0.276154 -0.236694 -0.295769 -0.218368 -0.312531 -0.201121 -0.328046 -0.183399 -0.343877 -0.163347 -0.357695 -0.143668 -0.370377 -0.123456 
3.756 -0.21041 -0.355171 -0.236922 -0.340558 -0.25994 -0.326293 -0.281598 -0.311413 -0.304467 -0.293616 -0.324893 -0.276082 -0.344175 -0.257488 
4.219 0.295686 0.089974 0.29455 0.0735352 0.292704 0.0590663 0.290372 0.0450313 0.286661 0.0299897 0.282525 0.0160029 0.277589 0.00276731 
3.547 -0.306972 -0.108629 -0.31927 -0.088388 -0.32939 -0.0699158 -0.338293 -0.0513156 -0.347023 -0.0304827 -0.353972 -0.0105859 -0.359969 0.00951478 
3.73 -0.188495 -0.0545268 -0.197456 -0.04141 -0.204883 -0.0292851 -0.211485 -0.0171603 -0.218097 -0.00349926 -0.223492 0.00957899 -0.22812 0.0229089 
1.242 0.0594165 0.331037 0.0705165 0.330566 0.0801865 0.329753 0.0898024 0.328506 0.09991 0.32657 0.10932 0.324118 0.118417 0.321549 
3.479 -0.359019 -0.123695 -0.372361 -0.10056 -0.383168 -0.079249 -0.392623 -0.0577756 -0.401705 -0.0335983 -0.40899 -0.010649 -0.414987 0.0124758 
1.521 0.146391 0.325558 0.157588 0.319129 0.167183 0.313205 0.176354 0.306864 0.18568 0.299411 0.194233 0.291844 0.202075 0.284285 
1.268 0.102561 0.194069 0.105567 0.191498 0.108091 0.188955 0.110605 0.18641 0.113018 0.183627 0.115169 0.180834 0.11703 0.178084 
3.682 -0.274784 -0.412012 -0.304552 -0.393369 -0.330322 -0.375443 -0.354567 -0.356767 -0.379946 -0.334948 -0.402534 -0.313223 -0.423763 -0.290528 
3.699 -0.247391 -0.221627 -0.26613 -0.205066 -0.282101 -0.189432 -0.296924 -0.173511 -0.312228 -0.155233 -0.325547 -0.137288 -0.337821 -0.118868 
3.324 -0.141241 0.100931 -0.14091 0.110688 -0.140256 0.119316 -0.139127 0.127779 -0.137536 0.136914 -0.135514 0.145389 -0.133201 0.153741 
1.582 0.19433 0.261183 0.201812 0.251942 0.207947 0.243551 0.213735 0.234975 0.219186 0.225381 0.223939 0.216136 0.228079 0.207047 
4.363 0.19296 -0.126435 0.179434 -0.136011 0.166911 -0.143878 0.15444 -0.151048 0.140276 -0.157994 0.126695 -0.163932 0.113035 -0.16886 
3.629 -0.245336 -0.0867141 -0.256271 -0.0702856 -0.265413 -0.0551135 -0.273451 -0.0398875 -0.281407 -0.0227773 -0.287959 -0.00637726 -0.293581 0.0102503 
0.724 -0.331626 0.324873 -0.322458 0.350508 -0.313298 0.373038 -0.303084 0.394554 -0.290764 0.41719 -0.277959 0.437866 -0.264432 0.457802 
3.637 -0.275469 -0.142871 -0.289514 -0.124656 -0.301321 -0.107658 -0.311965 -0.0905406 -0.32255 -0.071336 -0.33144 -0.0527787 -0.339329 -0.033776 
3.676 -0.263142 -0.25039 -0.283613 -0.232747 -0.301126 -0.216082 -0.317395 -0.19907 -0.334091 -0.179494 -0.348664 -0.160344 -0.362217 -0.140565 
0.683 -0.300808 0.378975 -0.289257 0.403341 -0.277983 0.424694 -0.265751 0.44491 -0.251282 0.466174 -0.236559 0.485364 -0.221136 0.503678 
1.533 0.19433 0.199548 0.198084 0.190764 0.201077 0.182844 0.203729 0.17505 0.205989 0.166463 0.207701 0.157993 0.208981 0.149959 
3.709 -0.237803 -0.232585 -0.257137 -0.216391 -0.27371 -0.201003 -0.289093 -0.185249 -0.304988 -0.16722 -0.31887 -0.149495 -0.331704 -0.1312 
3.92 -0.111793 -0.156568 -0.126521 -0.14826 -0.139359 -0.140233 -0.151408 -0.131807 -0.164135 -0.121864 -0.175339 -0.111878 -0.186048 -0.1014 
3.967 -0.0789207 -0.0853445 -0.0897801 -0.0787691 -0.0992293 -0.0724034 -0.108052 -0.0657573 -0.117454 -0.0579879 -0.125834 -0.0502459 -0.133634 -0.0420149 
1.449 0.125161 0.411848 0.140545 0.407848 0.153984 0.403715 0.16685 0.398874 0.180372 0.392781 0.192891 0.386353 0.204744 0.379495 
3.832 -0.156992 -0.27162 -0.178691 -0.259862 -0.197576 -0.248514 -0.215368 -0.236713 -0.234131 -0.222587 -0.250926 -0.208457 -0.266813 -0.193702 
4.301 0.160088 -0.00179427 0.153729 -0.00987355 0.147678 -0.0167337 0.141548 -0.0231913 0.134262 -0.0297751 0.127136 -0.0356771 0.119877 -0.0409148 
3.623 -0.296699 -0.181907 -0.312913 -0.162342 -0.326605 -0.144021 -0.338981 -0.125581 -0.351434 -0.104818 -0.361987 -0.0846404 -0.371381 -0.0641648 
3.67 -0.238488 -0.102465 -0.250169 -0.0863505 -0.259962 -0.0713711 -0.268696 -0.0564134 -0.27737 -0.039643 -0.284544 -0.0234745 -0.29089 -0.00701934 
4.172 0.0737981 -0.0127517 0.0671529 -0.015633 0.0609538 -0.0178845 0.0549753 -0.0197924 0.0481805 -0.0214778 0.0417321 -0.0228011 0.0353216 -0.0235381 
3.83 -0.107684 -0.0134365 -0.114128 -0.00546642 -0.119501 0.00203269 -0.124307 0.00962969 -0.129263 0.0181614 -0.133528 0.0263823 -0.137365 0.0348101 
1.551 0.202548 0.187221 0.205503 0.177968 0.207758 0.169705 0.209668 0.161487 0.21105 0.152399 0.212001 0.143933 0.212421 0.135531 
3.738 -0.217258 -0.234639 -0.236651 -0.219747 -0.253388 -0.205525 -0.268969 -0.190999 -0.285177 -0.174085 -0.299403 -0.157497 -0.312693 -0.140306 
3.809 -0.173428 -0.292165 -0.196346 -0.279475 -0.216163 -0.267343 -0.234868 -0.254521 -0.254584 -0.239523 -0.272265 -0.224314 -0.288857 -0.208385 
3.754 -0.211094 -0.255184 -0.23163 -0.240562 -0.249344 -0.226576 -0.265986 -0.211955 -0.283221 -0.195132 -0.298466 -0.178563 -0.312715 -0.161339 
1.342 0.08681 0.352267 0.0990599 0.350305 0.109751 0.348104 0.120231 0.345519 0.131385 0.341937 0.141727 0.337991 0.151659 0.333927 
1.333 -0.115217 0.233105 -0.109305 0.243137 -0.103619 0.251952 -0.0976536 0.260221 -0.0906785 0.268865 -0.0834547 0.276542 -0.076336 0.283974 
3.537 -0.362444 -0.2319 -0.381723 -0.208426 -0.397847 -0.186561 -0.412549 -0.16452 -0.427185 -0.13964 -0.439639 -0.115685 -0.450723 -0.0911802 
4.25 0.23405 0.035187 0.230127 0.0223387 0.225847 0.0112279 0.221405 0.000518641 0.215562 -0.0108353 0.209692 -0.0212562 0.203311 -0.0309795 
3.459 -0.372031 -0.190125 -0.388975 -0.165809 -0.403071 -0.143471 -0.415719 -0.121142 -0.428154 -0.0961185 -0.438479 -0.0716553 -0.447479 -0.0471108 
3.678 -0.249445 -0.168895 -0.264835 -0.152157 -0.277888 -0.136441 -0.289787 -0.120561 -0.301955 -0.102564 -0.312375 -0.0849703 -0.32172 -0.0670261 
3.615 -0.31382 -0.246281 -0.334018 -0.225602 -0.351201 -0.206209 -0.366982 -0.186607 -0.383049 -0.16444 -0.396903 -0.142438 -0.409591 -0.120153 
3.758 -0.204246 -0.225051 -0.223278 -0.210759 -0.23967 -0.19726 -0.254959 -0.183475 -0.270889 -0.167262 -0.284871 -0.151416 -0.297925 -0.135058 
4.133 0.0470894 -0.0641145 0.0374498 -0.0651179 0.0287278 -0.0654179 0.0203273 -0.0654272 0.0110631 -0.06491 0.00254051 -0.0639313 -0.00584642 -0.0624437 
1.131 0.362115 0.359115 0.373842 0.340768 0.383357 0.323998 0.391984 0.307219 0.400276 0.288399 0.406932 0.270289 0.412385 0.252319 
4.219 0.103931 -0.0312423 0.0959505 -0.0356452 0.0885776 -0.0391172 0.0814913 -0.042215 0.0733069 -0.0451458 0.0656474 -0.047451 0.0578467 -0.0492231 
3.186 0.447035 0.0913437 0.444995 0.0662759 0.441995 0.044095 0.43821 0.0225281 0.432546 -0.000481112 0.426194 -0.0218318 0.41874 -0.0421902 
1.591 0.192275 0.161882 0.194007 0.153196 0.195128 0.145431 0.196004 0.137746 0.196273 0.129317 0.196222 0.121246 0.195686 0.113572 
3.723 -0.235749 -0.359964 -0.262589 -0.343588 -0.285844 -0.327745 -0.307799 -0.311137 -0.330677 -0.291758 -0.351108 -0.272479 -0.370313 -0.252336 
3.609 -0.296699 -0.129174 -0.309907 -0.109571 -0.320918 -0.0914011 -0.330702 -0.0732492 -0.340327 -0.052821 -0.348251 -0.0332316 -0.355169 -0.0134388 
1.317 -0.0960416 0.247487 -0.089242 0.256625 -0.0830153 0.264453 -0.0764331 0.271819 -0.0688512 0.279451 -0.0612115 0.286176 -0.0535038 0.292589 
1.057 0.391563 0.463211 0.408994 0.443014 0.423479 0.424486 0.436897 0.405507 0.44997 0.384144 0.461208 0.363348 0.471055 0.342522 
3.723 -0.236433 -0.37914 -0.264314 -0.362886 -0.288544 -0.347068 -0.311341 -0.330525 -0.335226 -0.311049 -0.356553 -0.291835 -0.376736 -0.271471 
2.205 -0.261088 0.1701 -0.257652 0.187976 -0.253935 0.203754 -0.249564 0.219161 -0.243868 0.235589 -0.237622 0.250746 -0.230812 0.265466 
4.312 0.167621 -0.0175455 0.16058 -0.025859 0.153932 -0.0329392 0.147217 -0.0394856 0.139272 -0.0462037 0.131604 -0.052129 0.123764 -0.0573807 
3.895 -0.133023 -0.0839748 -0.143375 -0.0744853 -0.152149 -0.0655274 -0.160159 -0.0563784 -0.168699 -0.0459876 -0.175902 -0.0358489 -0.18284 -0.0253637 
3.721 -0.237118 -0.305862 -0.260773 -0.289513 -0.281188 -0.273882 -0.300323 -0.257626 -0.320244 -0.238883 -0.337843 -0.220266 -0.354361 -0.200911 
4.094 0.160088 0.085865 0.158921 0.0776368 0.15739 0.0704138 0.155502 0.0634109 0.152907 0.0559264 0.150175 0.0490198 0.147056 0.042577 
4.336 0.182002 -0.151089 0.166902 -0.159954 0.153075 -0.167138 0.139413 -0.173503 0.123927 -0.179627 0.109237 -0.18456 0.0945598 -0.188468 
3.754 -0.208355 -0.306547 -0.232017 -0.292314 -0.252579 -0.278487 -0.271939 -0.264017 -0.292264 -0.24715 -0.310373 -0.230303 -0.327441 -0.212653 
3.938 -0.0796055 -0.00521846 -0.085389 0.00113392 -0.0903809 0.00709975 -0.0951292 0.013032 -0.0999037 0.0198379 -0.103913 0.0264067 -0.10765 0.0332826 
3.793 -0.178907 -0.228476 -0.197861 -0.215742 -0.21427 -0.203421 -0.229631 -0.19068 -0.24566 -0.175885 -0.259906 -0.161197 -0.273237 -0.145916 
0.914 -0.250815 0.27762 -0.243187 0.297089 -0.235586 0.314117 -0.227372 0.330276 -0.21744 0.347398 -0.20709 0.362964 -0.196288 0.377915 
2.182 0.596329 0.137913 0.595548 0.104516 0.593268 0.0749771 0.589773 0.0462415 0.584129 0.0151127 0.577247 -0.0136886 0.568884 -0.0413089 
4.051 -0.0152308 -0.0757567 -0.0255679 -0.0728745 -0.0347177 -0.069772 -0.0433581 -0.0664072 -0.0526857 -0.062201 -0.0610857 -0.0578015 -0.069182 -0.0528702 
3.938 -0.098781 -0.101096 -0.110311 -0.0934178 -0.120404 -0.0860503 -0.129743 -0.0783885 -0.139556 -0.0694923 -0.148227 -0.0607019 -0.156265 -0.0514185 
3.898 -0.126174 -0.114792 -0.138657 -0.105732 -0.149372 -0.0970315 -0.159327 -0.088051 -0.169744 -0.0776917 -0.179008 -0.0674831 -0.18762 -0.0568236 
3.727 -0.223421 -0.218888 -0.242039 -0.203601 -0.257997 -0.189193 -0.272824 -0.174393 -0.288155 -0.15737 -0.301634 -0.140635 -0.314088 -0.12327 
0.84 -0.235749 0.310492 -0.226593 0.329083 -0.217727 0.345349 -0.208113 0.360867 -0.196878 0.377085 -0.185412 0.391691 -0.173408 0.405627 
4.027 -0.0234488 -0.0168607 -0.0301433 -0.0139096 -0.0360607 -0.0109934 -0.0415345 -0.00790419 -0.047516 -0.00417081 -0.0527935 -0.000397806 -0.0579071 0.00380176 
4.016 -0.0453636 -0.142871 -0.0590865 -0.138524 -0.0711718 -0.134 -0.0826505 -0.129011 -0.0950084 -0.122867 -0.106144 -0.116545 -0.116864 -0.109564 
3.301 0.438817 0.0297083 0.433235 0.00535911 0.4272 -0.0159014 0.420398 -0.0365419 0.411558 -0.0583088 0.40216 -0.0784668 0.391908 -0.0975014 
3.641 -0.278208 -0.112738 -0.290448 -0.0944486 -0.30066 -0.0775172 -0.309768 -0.0605276 -0.318724 -0.0413862 -0.326017 -0.0230658 -0.332349 -0.00456773 
4.27 0.140227 0.00984797 0.134676 0.00292519 0.129363 -0.00291487 0.124004 -0.00842525 0.117617 -0.0140128 0.111466 -0.0190046 0.105053 -0.0236033 
2.168 0.647692 0.105725 0.644741 0.0692613 0.640438 0.0371358 0.634911 0.00595203 0.626769 -0.0276295 0.61745 -0.0585786 0.606822 -0.0883601 
3.77 -0.200137 -0.33668 -0.225738 -0.322451 -0.247877 -0.308818 -0.268862 -0.294336 -0.290854 -0.277399 -0.310569 -0.260427 -0.329162 -0.242499 
3.537 -0.266566 -0.0942474 -0.277863 -0.0767127 -0.287221 -0.0605406 -0.295546 -0.0443021 -0.30373 -0.0261037 -0.310408 -0.00868746 -0.316161 0.00903255 
3.867 0.266922 0.131064 0.268128 0.116553 0.268532 0.103666 0.268504 0.0910151 0.267417 0.0773041 0.265885 0.0643532 0.263622 0.0520047 
2.744 0.389508 0.211875 0.394019 0.19054 0.396886 0.171361 0.399115 0.152553 0.400089 0.131954 0.400209 0.112729 0.399198 0.0938977 
3.803 -0.172743 -0.342843 -0.198461 -0.330572 -0.220901 -0.318442 -0.242146 -0.305589 -0.264618 -0.290158 -0.284807 -0.274658 -0.303972 -0.258196 
0.796 -0.33505 0.285153 -0.32764 0.310669 -0.32007 0.332997 -0.31148 0.354526 -0.300826 0.377319 -0.289679 0.398165 -0.277795 0.418231 
2.18 -0.430927 -0.249021 -0.452074 -0.220493 -0.469744 -0.19405 -0.485683 -0.167364 -0.501458 -0.137389 -0.514698 -0.108517 -0.526505 -0.0792165 
1.239 -0.00838241 0.309122 0.00179924 0.313238 0.0109587 0.316482 0.0201717 0.319252 0.0302332 0.321616 0.0399094 0.323251 0.0493931 0.324564 
1.234 0.0751678 0.286522 0.0839387 0.285391 0.0916047 0.283992 0.0992026 0.28227 0.107105 0.279843 0.114427 0.277142 0.121555 0.274196 
1.357 0.112149 0.261183 0.11907 0.258069 0.125311 0.254916 0.131007 0.251761 0.137292 0.247584 0.142763 0.243527 0.147972 0.239425 
4.148 0.0566772 -0.0483632 0.0477335 -0.0504918 0.039655 -0.0518786 0.0318225 -0.0528398 0.0229443 -0.0534272 0.0150052 -0.0535517 0.00706823 -0.0531376 
1.266 0.282674 0.306383 0.29201 0.292183 0.299578 0.279208 0.306425 0.266171 0.313133 0.251584 0.318534 0.237433 0.323044 0.223469 
0.857 -0.489138 0.27625 -0.480566 0.308455 -0.471833 0.337214 -0.461997 0.365568 -0.449677 0.395827 -0.436593 0.423525 -0.422407 0.450254 
4.418 0.217614 -0.0538419 0.208193 -0.0651948 0.199216 -0.0747175 0.19014 -0.0836694 0.179576 -0.0928495 0.169259 -0.100805 0.158725 -0.108004 
3.068 0.529215 0.0516231 0.524253 0.0220854 0.518441 -0.00381334 0.51172 -0.0287919 0.502592 -0.0555534 0.49276 -0.0801774 0.481887 -0.103644 
4.469 0.242268 -0.015491 0.235183 -0.0285434 0.228166 -0.0396784 0.220946 -0.0502484 0.212202 -0.0614034 0.203652 -0.071297 0.194577 -0.0804309 
3.502 -0.328202 -0.112738 -0.340702 -0.0914363 -0.350989 -0.0719174 -0.360043 -0.0524079 -0.368841 -0.0304119 -0.375815 -0.00954234 -0.381782 0.0115726 
4.184 0.0840707 -0.00179427 0.0779353 -0.00532497 0.0723133 -0.00809638 0.0668104 -0.0105804 0.0605 -0.0129418 0.0545984 -0.0148655 0.0486339 -0.0161899 
3.775 -0.18644 -0.201082 -0.203994 -0.18788 -0.219087 -0.175322 -0.233196 -0.162443 -0.247798 -0.147553 -0.260682 -0.13287 -0.272628 -0.117604 
4.281 0.1505 -0.087399 0.139466 -0.0949999 0.129167 -0.100909 0.119072 -0.106378 0.107541 -0.111542 0.0965605 -0.115902 0.0854975 -0.119344 
3.775 -0.195343 -0.247651 -0.215496 -0.234005 -0.232808 -0.220974 -0.249125 -0.207296 -0.26613 -0.191391 -0.281155 -0.17581 -0.295199 -0.159562 
4.418 0.223093 -0.011382 0.21606 -0.0231458 0.209195 -0.0332539 0.202292 -0.0428187 0.193809 -0.0528371 0.185619 -0.06174 0.176843 -0.0699301 
4.273 0.142967 -0.0606903 0.133148 -0.0676211 0.124054 -0.0732688 0.115122 -0.0783924 0.104856 -0.0833906 0.095123 -0.0876955 0.085194 -0.091122 
1.157 0.339515 0.346788 0.350806 0.329676 0.359991 0.314086 0.368488 0.298405 0.376394 0.280704 0.383027 0.263695 0.388532 0.246878 
1.559 0.183372 0.249541 0.190002 0.241132 0.195481 0.233532 0.200647 0.225836 0.205674 0.217126 0.209853 0.208714 0.213583 0.200501 
3.637 -0.296014 -0.297644 -0.31921 -0.27801 -0.339029 -0.259302 -0.357486 -0.240199 -0.37647 -0.218225 -0.393122 -0.196841 -0.408499 -0.174671 
2.721 0.599753 0.105725 0.597166 0.0720196 0.593246 0.0423228 0.588217 0.013393 0.580753 -0.0177581 0.572136 -0.0464809 0.562205 -0.0742438 
3.639 -0.275469 -0.158622 -0.290312 -0.140487 -0.302819 -0.12363 -0.314168 -0.10667 -0.325566 -0.0874656 -0.335238 -0.0690222 -0.343855 -0.0500108 
3.779 -0.183016 -0.0791809 -0.193233 -0.0663968 -0.201865 -0.0545528 -0.209572 -0.0425916 -0.217384 -0.0290948 -0.223884 -0.0160821 -0.229795 -0.00277743 
3.6 -0.311766 -0.160677 -0.326978 -0.140062 -0.33964 -0.121181 -0.351073 -0.102041 -0.362436 -0.0805625 -0.371867 -0.0598165 -0.380207 -0.0388798 
0.707 -0.018655 0.481016 -0.00108704 0.487565 0.0147965 0.492741 0.0307048 0.49711 0.0481167 0.500792 0.064722 0.503315 0.0812405 0.505164 
1.828 -0.202876 0.198178 -0.197784 0.212495 -0.192653 0.225202 -0.186871 0.237335 -0.179944 0.250258 -0.172713 0.26196 -0.165085 0.273211 
1.215 0.0464046 0.263238 0.0535951 0.264091 0.059923 0.264531 0.066431 0.264731 0.0732595 0.264444 0.07969 0.263759 0.085878 0.263063 
3.182 0.460731 0.0673743 0.457057 0.0415605 0.45247 0.0189246 0.447181 -0.00310852 0.43981 -0.0267078 0.431917 -0.0485117 0.422849 -0.0691869 
1.275 0.114888 0.157088 0.115899 0.153996 0.116522 0.151177 0.117165 0.14842 0.117489 0.1453 0.117695 0.142331 0.117676 0.139605 
3.842 -0.147404 -0.324353 -0.17227 -0.313448 -0.193985 -0.302519 -0.214623 -0.290871 -0.236528 -0.276824 -0.256217 -0.26268 -0.274862 -0.247612 
1.333 -0.109738 0.218039 -0.104517 0.227851 -0.0995038 0.236351 -0.0941672 0.244522 -0.0878503 0.252966 -0.0814275 0.260603 -0.0746548 0.267949 
3.369 0.415532 0.0283386 0.409822 0.00525858 0.40373 -0.0147975 0.396995 -0.0341405 0.388311 -0.0548725 0.379205 -0.0738507 0.369149 -0.0917856 
4.109 0.0299685 0.00368443 0.0240182 0.00368071 0.0186526 0.00399228 0.0135578 0.00449132 0.00788461 0.00540283 0.00272664 0.00650788 -0.00244162 0.00803785 
1.352 0.154609 0.167361 0.156333 0.161393 0.157576 0.155965 0.158659 0.150576 0.159267 0.144609 0.159695 0.139125 0.159782 0.133847 
4.375 0.197754 -0.144241 0.183106 -0.154132 0.169543 -0.162194 0.156141 -0.16941 0.140889 -0.176376 0.126357 -0.182277 0.111746 -0.187116 
1.331 -0.12412 0.261183 -0.11648 0.271753 -0.109255 0.280927 -0.101723 0.289521 -0.0930142 0.298316 -0.0842861 0.306175 -0.0754809 0.313593 
4.234 0.10941 -0.0894535 0.0980172 -0.094085 0.0876901 -0.0976253 0.0774497 -0.100679 0.0661182 -0.10328 0.0553006 -0.105229 0.0445667 -0.106325 
1.296 0.133379 0.14887 0.133951 0.144471 0.134204 0.14053 0.134399 0.13665 0.13421 0.132402 0.133867 0.12836 0.133251 0.124589 
4.164 0.0676346 0.0632653 0.0655745 0.0604783 0.0635342 0.0581771 0.0616595 0.0559145 0.0592083 0.0535996 0.0568651 0.0515538 0.0545647 0.0497895 
1.311 -0.0919326 0.271456 -0.083748 0.280283 -0.0762192 0.287919 -0.0682716 0.294995 -0.0593613 0.302105 -0.0504103 0.30835 -0.0417239 0.314146 
3.135 0.451829 0.130379 0.45197 0.104914 0.450989 0.0821745 0.449027 0.0601893 0.445338 0.0364207 0.44069 0.0142567 0.434966 -0.00679312 
3.664 -0.274099 -0.361334 -0.301076 -0.342793 -0.324242 -0.32505 -0.345948 -0.306639 -0.368637 -0.285232 -0.388632 -0.264156 -0.407508 -0.242064 
3.631 -0.283687 -0.175058 -0.299466 -0.156336 -0.312775 -0.138703 -0.324807 -0.121097 -0.336914 -0.101101 -0.347238 -0.0817307 -0.356516 -0.0620842 
1.065 0.00189015 0.368018 0.0150733 0.371475 0.0268684 0.374093 0.038631 0.376122 0.0514335 0.377489 0.0636035 0.378114 0.075503 0.378346 
4.406 0.21419 -0.136707 0.199905 -0.147466 0.186636 -0.156416 0.173402 -0.164569 0.158432 -0.172528 0.14405 -0.179266 0.129553 -0.184971 
3.945 0.290892 0.131749 0.292086 0.115383 0.292344 0.100875 0.292048 0.0867364 0.29055 0.0713038 0.288453 0.0569241 0.285522 0.0431023 
1.255 -0.0289275 0.281729 -0.020639 0.286852 -0.0130802 0.29118 -0.00536631 0.295047 0.00306166 0.298717 0.0112772 0.301723 0.0194685 0.304439 
1.39 0.136118 0.235844 0.141801 0.230819 0.146604 0.226266 0.151115 0.221521 0.155627 0.216009 0.159628 0.210643 0.163256 0.205292 
1.27 -0.0453636 0.251596 -0.0385836 0.25774 -0.0324027 0.262997 -0.0258475 0.267874 -0.018646 0.272689 -0.0115876 0.276778 -0.00458772 0.280658 
3.59 -0.33368 -0.190125 -0.350718 -0.167911 -0.364959 -0.1475 -0.377835 -0.126781 -0.390653 -0.103464 -0.401406 -0.0808669 -0.410896 -0.0579409 
3.832 -0.159047 -0.286687 -0.181694 -0.274942 -0.20145 -0.263372 -0.220055 -0.251397 -0.239702 -0.237065 -0.257298 -0.222734 -0.274 -0.207573 
2.18 -0.440515 -0.199712 -0.458656 -0.171145 -0.473817 -0.144621 -0.487256 -0.11805 -0.500347 -0.088226 -0.510971 -0.0595936 -0.520137 -0.0306924 
1.33 -0.115217 0.276935 -0.106721 0.287129 -0.0986905 0.296053 -0.0906072 0.30415 -0.0811339 0.312493 -0.0716767 0.319874 -0.0622807 0.3268 
4.148 0.0587317 -0.0120668 0.0521461 -0.0142473 0.0460802 -0.0156997 0.0402509 -0.0169543 0.0336266 -0.0179188 0.0274731 -0.018628 0.0213323 -0.0188308 
4.387 0.206657 -0.0120668 0.199529 -0.0229002 0.192655 -0.0321959 0.185643 -0.0410551 0.177213 -0.0501243 0.169009 -0.0583008 0.160436 -0.065658 
1.237 0.101192 0.138597 0.101333 0.136217 0.101326 0.134181 0.101379 0.132131 0.100904 0.129834 0.100648 0.127674 0.100056 0.12573 
0.982 -0.269306 0.262553 -0.262296 0.282889 -0.255213 0.300773 -0.247219 0.317949 -0.237476 0.336138 -0.227409 0.352642 -0.216769 0.368535 
3.781 -0.18918 -0.346952 -0.2152 -0.333372 -0.237825 -0.320055 -0.259213 -0.305925 -0.281807 -0.289264 -0.302025 -0.272602 -0.321133 -0.255005 
3.992 -0.0515272 -0.0312423 -0.0590068 -0.0265104 -0.0655428 -0.0219771 -0.0716394 -0.0173391 -0.0780643 -0.0118657 -0.0836326 -0.00646086 -0.0889398 -0.000649019 
1.286 -0.0707026 0.27625 -0.0624152 0.283908 -0.0547507 0.290437 -0.046659 0.296552 -0.0378952 0.30256 -0.0291443 0.307683 -0.0205447 0.312475 
4.48 0.245692 -0.149034 0.2307 -0.161782 0.216706 -0.172417 0.202779 -0.182097 0.186783 -0.191798 0.171421 -0.200109 0.155866 -0.207257 
4.074 0.00668402 -0.0600055 -0.00274893 -0.0586679 -0.0111455 -0.0570579 -0.0191108 -0.0551979 -0.0279006 -0.052598 -0.035915 -0.0497713 -0.0436965 -0.0463522 
3.58 -0.339844 -0.176428 -0.356071 -0.154011 -0.369606 -0.133249 -0.381738 -0.112406 -0.393714 -0.0891202 -0.403661 -0.0667062 -0.412418 -0.0439654 
3.791 -0.176852 -0.095617 -0.187956 -0.0834241 -0.197479 -0.0718303 -0.206096 -0.060192 -0.214888 -0.0468868 -0.222314 -0.0340071 -0.229086 -0.0208181 
1.601 0.182687 0.319395 0.193478 0.310788 0.202677 0.302682 0.211382 0.2942 0.220137 0.284711 0.227826 0.274931 0.234934 0.265432 
3.389 0.385399 0.0933982 0.383752 0.0718419 0.381317 0.0529171 0.378256 0.0346048 0.37343 0.0147145 0.368013 -0.00359766 0.361766 -0.0211302 
4.352 0.184057 -0.0483632 0.17519 -0.0579425 0.166861 -0.0660334 0.158603 -0.0735586 0.148823 -0.081149 0.139358 -0.0878707 0.129782 -0.0937647 
3.395 -0.123435 -0.00384879 -0.129408 0.00518209 -0.134396 0.0135579 -0.138728 0.021957 -0.143034 0.0314217 -0.146573 0.040438 -0.149583 0.0497078 
1.329 -0.109738 0.257074 -0.10237 0.266985 -0.0955469 0.275607 -0.0881655 0.283672 -0.0799335 0.291944 -0.0716604 0.299252 -0.0633492 0.306204 
4.289 0.155979 0.0166963 0.150714 0.00878062 0.145576 0.00198437 0.140368 -0.00437817 0.134114 -0.0110232 0.128031 -0.0169762 0.121601 -0.0223247 
4.43 0.223778 -0.117532 0.210266 -0.128607 0.197639 -0.137648 0.185146 -0.146105 0.170803 -0.154445 0.157071 -0.161571 0.143152 -0.167624 
4.117 0.0381865 -0.0524723 0.0292661 -0.053022 0.0212481 -0.0530404 0.0135832 -0.0527737 0.00506083 -0.0520058 -0.00275027 -0.0507985 -0.0104087 -0.0490873 
4.191 0.0779071 -0.101781 0.0661245 -0.104522 0.0554665 -0.106386 0.0451429 -0.107768 0.0332713 -0.10869 0.0227663 -0.108859 0.0118251 -0.108428 
3.08 0.478537 0.117367 0.477802 0.0902605 0.475775 0.0662247 0.472872 0.0429005 0.467997 0.0177413 0.46241 -0.00557317 0.455603 -0.0278345 
3.809 -0.167265 -0.120271 -0.179848 -0.10845 -0.190521 -0.097517 -0.200416 -0.0861439 -0.2106 -0.0731863 -0.219436 -0.0606322 -0.227605 -0.0476081 
3.926 -0.0926174 -0.0120668 -0.0989626 -0.00497248 -0.104351 0.00169257 -0.109098 0.00845998 -0.114078 0.0161094 -0.118293 0.0234633 -0.122118 0.0311481 
3.111 0.44498 0.1701 0.447549 0.144968 0.448684 0.122496 0.448749 0.100659 0.447487 0.0767567 0.444888 0.054538 0.441233 0.0330398 
2.182 0.575784 0.137913 0.575048 0.105646 0.573084 0.0771506 0.569745 0.0494267 0.56443 0.0194591 0.557912 -0.00826951 0.550001 -0.0349447 
1.402 0.134064 0.250911 0.14065 0.245961 0.146238 0.241408 0.151591 0.236841 0.156909 0.231449 0.161702 0.226154 0.166086 0.220758 
1.296 0.314861 0.300219 0.32414 0.283892 0.331602 0.269063 0.338362 0.254246 0.344311 0.237571 0.34934 0.221796 0.353408 0.206163 
1.378 0.138858 0.209821 0.143002 0.204968 0.146483 0.20025 0.149654 0.195706 0.15274 0.190351 0.155436 0.185179 0.157755 0.180164 
3.102 0.461416 0.140652 0.462133 0.114597 0.461476 0.0913793 0.459931 0.0687274 0.456645 0.0444735 0.452547 0.0216836 0.447137 -8.71128e-05 
4.098 0.0231201 -0.0723326 0.0132195 -0.0719167 0.00443313 -0.0710283 -0.00400972 -0.0698436 -0.013326 -0.0680767 -0.0217497 -0.0659268 -0.0300713 -0.0633114 
4.066 0.00805369 -0.0106972 0.00177437 -0.00958514 -0.00385314 -0.00826587 -0.00921087 -0.0067453 -0.0150499 -0.00471039 -0.0203382 -0.00259828 -0.0255292 4.46917e-06 
1.353 -0.117956 0.189275 -0.114478 0.199502 -0.111037 0.208588 -0.107159 0.217453 -0.102567 0.226669 -0.0976523 0.235057 -0.0924745 0.243256 
4.277 0.318285 0.0906588 0.317055 0.0730074 0.315269 0.05743 0.312756 0.0422759 0.309025 0.0260226 0.304668 0.0107802 0.299517 -0.0036935 
1.55 0.161457 0.29611 0.17117 0.288705 0.179218 0.282173 0.18703 0.275171 0.194776 0.26715 0.201692 0.259391 0.208022 0.251331 
1.587 -0.254239 0.211875 -0.248435 0.229548 -0.242544 0.245002 -0.235933 0.259833 -0.227973 0.275673 -0.219623 0.290022 -0.210733 0.303873 
1.298 -0.0754965 0.23242 -0.0697152 0.240292 -0.0641516 0.24719 -0.0582816 0.253654 -0.0518266 0.260228 -0.045168 0.266023 -0.0384766 0.271624 
4.008 -0.0385153 -0.0572661 -0.0475529 -0.0532083 -0.0555035 -0.049133 -0.0629753 -0.044787 -0.0710183 -0.0395704 -0.0781864 -0.0343096 -0.0850402 -0.0286045 
1.429 0.183372 0.176948 0.185825 0.169011 0.187528 0.162007 0.189079 0.155124 0.190055 0.147494 0.190657 0.140352 0.19081 0.133095 
4.363 0.19296 -0.0839748 0.181973 -0.0939473 0.171697 -0.102436 0.161431 -0.110221 0.149569 -0.117921 0.138283 -0.124669 0.126688 -0.130396 
3.619 -0.309026 -0.261348 -0.330061 -0.240897 -0.347903 -0.221965 -0.36445 -0.202436 -0.381391 -0.180195 -0.396016 -0.158569 -0.409445 -0.136281 
3.922 -0.113847 -0.102465 -0.125568 -0.0939772 -0.13557 -0.0858244 -0.145034 -0.0774555 -0.15471 -0.067735 -0.16326 -0.0581789 -0.170968 -0.0481159 
1.212 0.0607862 0.268717 0.0679215 0.268538 0.0741922 0.268211 0.0803372 0.267612 0.0869572 0.266465 0.0932474 0.265087 0.0992007 0.263791 
4.438 0.229256 -0.139447 0.214709 -0.151029 0.201163 -0.16044 0.187737 -0.169146 0.172342 -0.177666 0.157638 -0.184993 0.142718 -0.191325 
4.098 0.0265443 -0.0435694 0.018159 -0.0436198 0.0104294 -0.0433085 0.00339363 -0.0425141 -0.00448673 -0.0412403 -0.0118984 -0.0396951 -0.0190281 -0.0376267 
3.568 -0.343953 -0.161361 -0.359167 -0.138855 -0.37177 -0.11844 -0.383032 -0.0976375 -0.394066 -0.0744292 -0.403149 -0.0521494 -0.41111 -0.0294077 
3.959 -0.0843994 -0.128489 -0.0977789 -0.121764 -0.109509 -0.115113 -0.120579 -0.108109 -0.132156 -0.0997458 -0.142425 -0.0913412 -0.152405 -0.0823939 
4.27 0.142282 -0.00384879 0.136363 -0.010873 0.130541 -0.016825 0.124969 -0.0223141 0.118297 -0.0279828 0.111835 -0.0330402 0.105202 -0.0374783 
1.427 0.123791 0.305013 0.133698 0.300299 0.142131 0.296089 0.150411 0.291229 0.158788 0.285937 0.166542 0.280199 0.173814 0.274206 
4.496 0.25391 -0.0613752 0.243917 -0.0745519 0.234451 -0.0863796 0.22484 -0.0971112 0.213447 -0.108235 0.202332 -0.11807 0.190816 -0.126992 
1.552 0.193645 0.335831 0.205606 0.32679 0.215689 0.318419 0.225194 0.309414 0.234771 0.299157 0.243431 0.289067 0.251343 0.278932 
3.652 -0.254239 -0.10315 -0.265956 -0.0861949 -0.275701 -0.0705386 -0.284391 -0.0548302 -0.292991 -0.0371257 -0.300075 -0.0203042 -0.306285 -0.00320512 
1.994 0.366224 0.27488 0.374355 0.254711 0.380627 0.236524 0.386013 0.218471 0.390515 0.198584 0.393713 0.179476 0.39604 0.160869 
1.31 -0.0850842 0.257759 -0.0779915 0.26614 -0.0713791 0.273379 -0.0645246 0.28013 -0.0567174 0.287027 -0.0489486 0.293086 -0.0410985 0.29885 
1.287 0.236789 0.44609 0.254294 0.434518 0.269455 0.423414 0.283743 0.412007 0.298389 0.398612 0.311528 0.385163 0.323637 0.371424 
1.267 -0.043994 0.276935 -0.0356813 0.282895 -0.0279865 0.288045 -0.0201299 0.292627 -0.0116838 0.297041 -0.00360886 0.300679 0.00445829 0.304054 
4.34 0.188851 0.00984797 0.183356 0.000305507 0.177993 -0.00810001 0.172471 -0.0158724 0.165861 -0.024001 0.159352 -0.0311059 0.152551 -0.0376119 
1.932 -0.180962 0.172839 -0.177687 0.186067 -0.17407 0.197732 -0.170369 0.209159 -0.165095 0.221053 -0.159363 0.231861 -0.153338 0.242516 
3.084 0.497713 0.0639501 0.493655 0.0359131 0.488667 0.0112903 0.482861 -0.0124091 0.47486 -0.0378282 0.466171 -0.0612354 0.456394 -0.0835679 
1.915 -0.14535 0.196809 -0.140587 0.208028 -0.135998 0.217828 -0.130928 0.2272 -0.125024 0.237069 -0.118865 0.245984 -0.112452 0.25473 
4.582 0.288152 -0.103835 0.275541 -0.11928 0.263607 -0.132383 0.251442 -0.144674 0.23728 -0.157301 0.223486 -0.168397 0.209297 -0.178285 
1.269 -0.0535817 0.290631 -0.0444174 0.297462 -0.0361398 0.303296 -0.027469 0.30857 -0.018094 0.313638 -0.00886223 0.317904 0.000100897 0.321804 
1.251 0.0833858 0.266662 0.0907825 0.26516 0.0971374 0.263625 0.103499 0.261778 0.10995 0.259318 0.115937 0.256676 0.121782 0.253917 
4.43 0.223093 -0.08329 0.212044 -0.0950144 0.20162 -0.104805 0.19114 -0.113915 0.179039 -0.123179 0.167288 -0.131201 0.155307 -0.138224 
3.695 -0.252185 -0.239433 -0.271988 -0.222383 -0.28897 -0.206014 -0.304711 -0.189256 -0.320903 -0.170186 -0.334996 -0.151311 -0.348017 -0.132034 
1.221 -0.41997 0.224887 -0.413318 0.252468 -0.406584 0.2768 -0.398583 0.300319 -0.388626 0.325277 -0.378106 0.348171 -0.366707 0.370271 
3.084 0.484701 0.085865 0.481856 0.0587415 0.47807 0.0346681 0.473412 0.0115932 0.466724 -0.0131963 0.459344 -0.035929 0.450938 -0.0578341 
3.914 -0.113163 -0.269566 -0.134738 -0.260667 -0.153705 -0.251693 -0.171727 -0.242095 -0.190838 -0.23059 -0.208098 -0.218794 -0.224483 -0.206128 
1.287 -0.043994 0.208451 -0.0397837 0.214418 -0.0357826 0.219677 -0.0311436 0.224597 -0.0263806 0.229625 -0.0213952 0.23412 -0.0162356 0.238416 
4.031 -0.0344062 -0.192864 -0.0513454 -0.188889 -0.0663717 -0.184579 -0.0806337 -0.179666 -0.0960745 -0.173467 -0.110147 -0.166923 -0.123618 -0.159582 
4.094 0.0203808 -0.0586358 0.011095 -0.0583277 0.00277044 -0.0574522 -0.00519999 -0.0563618 -0.0139932 -0.0546544 -0.022026 -0.052639 -0.0299406 -0.0501025 
4.34 0.184057 0.035187 0.179823 0.0259086 0.175561 0.0179118 0.171182 0.0104273 0.165738 0.00246351 0.160367 -0.0047998 0.154689 -0.0113304 
3.947 0.117628 0.0968224 0.117004 0.0913394 0.116357 0.0866624 0.115483 0.0820257 0.114207 0.0771216 0.112887 0.072399 0.111224 0.0681489 
1.369 0.277195 0.286522 0.285751 0.272365 0.292609 0.259362 0.29881 0.246267 0.30455 0.231682 0.309687 0.217838 0.313617 0.204101 
1.332 -0.106314 0.202287 -0.102378 0.212081 -0.098384 0.220723 -0.0939584 0.229024 -0.088755 0.23755 -0.0832424 0.245237 -0.0775611 0.252699 
1.584 0.208026 0.204342 0.212247 0.194774 0.215432 0.18627 0.218426 0.177649 0.220731 0.167914 0.222522 0.158605 0.223623 0.14935 
3.678 -0.245336 -0.155198 -0.260017 -0.138998 -0.272434 -0.123823 -0.283797 -0.108437 -0.295363 -0.0910054 -0.305201 -0.0740073 -0.314098 -0.0567362 
4.371 0.202548 0.00984797 0.197179 -0.00102262 0.191844 -0.0106827 0.186355 -0.0198018 0.179579 -0.0292372 0.172833 -0.0374934 0.165756 -0.0452584 
3.639 -0.304917 -0.367498 -0.332441 -0.346925 -0.356088 -0.327361 -0.378247 -0.307159 -0.401199 -0.283744 -0.421502 -0.260601 -0.440282 -0.236815 
1.586 0.163512 0.31871 0.174236 0.311992 0.183436 0.305494 0.192323 0.298773 0.201336 0.290688 0.209407 0.282518 0.216914 0.274336 
3.436 -0.115902 0.013957 -0.120653 0.0225397 -0.124567 0.0303596 -0.128006 0.0381534 -0.131379 0.046687 -0.134027 0.0547356 -0.136326 0.0631272 
3.375 0.405944 0.0488837 0.401597 0.0263096 0.396601 0.00655791 0.39108 -0.0124172 0.38363 -0.0328692 0.375675 -0.0515594 0.366938 -0.0693984 
1.359 0.119682 0.244747 0.125729 0.24066 0.130892 0.236939 0.135859 0.232911 0.140761 0.2285 0.145342 0.223887 0.149467 0.2195 
2.533 0.217614 0.170785 0.220016 0.1604 0.221418 0.151341 0.222675 0.14244 0.223172 0.13257 0.22335 0.123279 0.222966 0.114341 
1.797 -0.221367 0.207081 -0.215839 0.222936 -0.210425 0.236968 -0.20427 0.250301 -0.196971 0.264476 -0.189278 0.277283 -0.181068 0.289735 
2.184 0.61345 0.138597 0.612699 0.104058 0.61045 0.0735624 0.606943 0.0439281 0.601094 0.0120679 0.594 -0.0175931 0.585433 -0.0460891 
1.384 -0.113163 0.161882 -0.111424 0.171873 -0.109522 0.180822 -0.107093 0.189506 -0.103991 0.19874 -0.10058 0.207189 -0.0969047 0.215501 
3.281 0.455938 0.00231475 0.448544 -0.0229707 0.440895 -0.0451368 0.432553 -0.0665012 0.421943 -0.0890966 0.41053 -0.109461 0.398366 -0.128928 
3.652 -0.261088 -0.133283 -0.274582 -0.115822 -0.285903 -0.0996744 -0.2961 -0.0834657 -0.306356 -0.0650236 -0.314921 -0.0473023 -0.322557 -0.0292816 
0.866 -0.20767 0.319395 -0.198002 0.336531 -0.188595 0.351441 -0.178683 0.365646 -0.167238 0.3803 -0.155633 0.393514 -0.143599 0.406108 
1.149 -0.241912 0.248856 -0.234315 0.266078 -0.226975 0.281216 -0.21896 0.295632 -0.209367 0.310742 -0.199549 0.32447 -0.189235 0.337578 
1.182 0.0224353 0.374866 0.0356175 0.377078 0.047336 0.378591 0.059269 0.379546 0.0719492 0.379808 0.0839946 0.379344 0.095742 0.37857 
0.753 0.00189015 0.458417 0.0189026 0.463564 0.0341629 0.467492 0.04948 0.470625 0.0660985 0.472904 0.0818113 0.474093 0.0972141 0.474675 
3.197 0.328558 0.185166 0.333073 0.166355 0.336128 0.149513 0.338509 0.132904 0.339673 0.114779 0.33976 0.0977919 0.338837 0.0813628 
3.896 0.160772 0.10778 0.160675 0.0997133 0.160297 0.0925852 0.159475 0.085825 0.158186 0.0782252 0.156684 0.0711974 0.154621 0.0645709 
4.078 0.0121627 -0.0463087 0.00337912 -0.0456049 -0.00426139 -0.0444419 -0.0118717 -0.0430073 -0.0198062 -0.0408649 -0.0271465 -0.0384999 -0.0343848 -0.0356955 
