4.172 0.231311 0.0906588 0.230233 0.0781832 0.228668 0.0672348 0.226806 0.0566259 0.22387 0.0451758 0.220678 0.0346195 0.216909 0.024502 
2.182 0.628517 0.136543 0.627498 0.101367 0.624997 0.0702624 0.621263 0.0399878 0.615043 0.00734282 0.607664 -0.0228303 0.59886 -0.0520137 
0.792 -0.246706 0.324188 -0.237313 0.344336 -0.228113 0.362063 -0.218096 0.37893 -0.206275 0.396598 -0.194264 0.412612 -0.181564 0.427831 
1.441 0.651801 0.0694288 0.647178 0.0327556 0.641185 0.000331548 0.634032 -0.0309706 0.624026 -0.064521 0.613016 -0.0954875 0.600638 -0.125133 
0.837 -0.369977 0.261183 -0.36184 0.286781 -0.353374 0.309083 -0.343872 0.33046 -0.332138 0.352744 -0.319857 0.373018 -0.306673 0.392317 
3.533 0.293631 0.156403 0.296059 0.14019 0.297536 0.125698 0.298419 0.111511 0.298252 0.0959686 0.297239 0.0814823 0.295693 0.0673057 
0.809 -0.0727572 0.402945 -0.0587103 0.412146 -0.0458456 0.419849 -0.0327835 0.42673 -0.0183238 0.433291 -0.0044879 0.438743 0.00945522 0.443473 
0.96 -0.199452 0.287207 -0.19109 0.303385 -0.183032 0.317535 -0.174455 0.330962 -0.164422 0.344865 -0.154233 0.357481 -0.143583 0.369445 
3.139 -0.372716 0.0612108 -0.374801 0.0853367 -0.375736 0.10705 -0.375507 0.12812 -0.373922 0.15125 -0.371336 0.172654 -0.367568 0.193798 
3.975 -0.0713875 -0.0572661 -0.080341 -0.0515564 -0.0881093 -0.0460457 -0.0953038 -0.0403434 -0.102991 -0.0336716 -0.109764 -0.027061 -0.116132 -0.0201151 
2.215 0.610711 0.072853 0.606077 0.0387135 0.600344 0.00866568 0.593547 -0.0203621 0.584102 -0.0514977 0.573727 -0.0801206 0.56204 -0.107611 
0.992 -0.176852 0.285838 -0.168572 0.300415 -0.160488 0.313169 -0.15192 0.325259 -0.14205 0.337701 -0.131998 0.349116 -0.121592 0.359737 
1.161 -0.443939 0.228311 -0.437185 0.257675 -0.429916 0.283566 -0.421502 0.308515 -0.410773 0.334939 -0.39932 0.359312 -0.38683 0.382695 
3.168 -0.341898 -0.0257636 -0.349199 -0.00347552 -0.354735 0.0169659 -0.359175 0.0369801 -0.362843 0.0591242 -0.365201 0.0800784 -0.366394 0.100896 
0.984 -0.215203 0.272826 -0.207469 0.289886 -0.199942 0.304838 -0.191716 0.319074 -0.182007 0.333922 -0.172239 0.347443 -0.161853 0.360285 
0.926 -0.0933023 0.350897 -0.0817297 0.360963 -0.0710474 0.369544 -0.0601164 0.377387 -0.0478518 0.385187 -0.0359521 0.391847 -0.0238813 0.397965 
0.747 -0.052212 0.44609 -0.0361914 0.454556 -0.0216152 0.461536 -0.00690414 0.46769 0.0092787 0.473309 0.0248304 0.477786 0.0403912 0.481463 
0.762 -0.069333 0.433078 -0.053856 0.442439 -0.0396804 0.450293 -0.0253303 0.457268 -0.00943663 0.4638 0.00580699 0.469159 0.0211024 0.473765 
2.236 0.615505 0.0584714 0.610025 0.0243664 0.603574 -0.00557083 0.596092 -0.0344765 0.585836 -0.0654085 0.57485 -0.093915 0.562487 -0.121175 
0.857 -0.0796055 0.37966 -0.0665837 0.389139 -0.0545675 0.397173 -0.0422472 0.404459 -0.0287267 0.411421 -0.0154935 0.41734 -0.00216955 0.42254 
1.403 -0.122065 0.174894 -0.119634 0.185516 -0.116992 0.194929 -0.113972 0.20403 -0.110261 0.213686 -0.106246 0.222596 -0.101827 0.231227 
0.75 -0.0220792 0.450883 -0.0057178 0.457414 0.009097 0.462656 0.0239032 0.466989 0.0401747 0.470713 0.0556391 0.473372 0.0708955 0.475194 
3.172 -0.206301 0.14887 -0.203603 0.163167 -0.200581 0.175967 -0.19712 0.188083 -0.192612 0.201089 -0.187758 0.213133 -0.182376 0.224801 
1.599 -0.537762 -0.178482 -0.555373 -0.142899 -0.56966 -0.110393 -0.581953 -0.0778989 -0.593422 -0.0417224 -0.602356 -0.00733133 -0.609247 0.0272325 
1.681 -0.404903 -0.130544 -0.41948 -0.103456 -0.431334 -0.0785864 -0.441616 -0.0537265 -0.451396 -0.0260784 -0.459211 0.000432994 -0.465486 0.0268591 
4.18 0.0758526 -0.275045 0.0533194 -0.277406 0.0331573 -0.278457 0.0135564 -0.278617 -0.0079398 -0.277487 -0.0279703 -0.275422 -0.047542 -0.272197 
1.021 0.485386 0.483756 0.503417 0.458087 0.518248 0.434529 0.531758 0.4109 0.544671 0.384328 0.55544 0.358805 0.564709 0.333281 
3.984 -0.0645391 -0.0784961 -0.0748474 -0.0731968 -0.0838742 -0.0679337 -0.0923384 -0.0624672 -0.101377 -0.0559333 -0.10946 -0.0493769 -0.117106 -0.0423439 
3.59 -0.339844 -0.205191 -0.357529 -0.182944 -0.37238 -0.162332 -0.385765 -0.141449 -0.399145 -0.117946 -0.410636 -0.0952981 -0.42059 -0.0721379 
4.191 0.0895494 0.0112176 0.0842381 0.00752728 0.0793139 0.00456459 0.0744677 0.00189036 0.068835 -0.000765639 0.0635231 -0.00297046 0.0581802 -0.00473384 
4.004 -0.0494727 -0.10452 -0.0614014 -0.0999707 -0.0718915 -0.095327 -0.0818652 -0.090381 -0.0924893 -0.0843362 -0.102147 -0.0781124 -0.111262 -0.0714079 
0.937 -0.465169 0.245432 -0.457503 0.276012 -0.449398 0.303086 -0.440095 0.329074 -0.428459 0.356655 -0.416076 0.382079 -0.402439 0.40649 
0.767 -0.0316669 0.439241 -0.0157605 0.446279 -0.00130268 0.452022 0.0132283 0.456914 0.0292715 0.461168 0.0444354 0.464393 0.0596526 0.466866 
1.791 -0.393261 -0.152459 -0.408128 -0.126822 -0.420228 -0.103406 -0.430802 -0.0800115 -0.440892 -0.0539893 -0.449029 -0.0292136 -0.4557 -0.00438662 
4.141 0.0505136 0.000260238 0.0445663 -0.00141181 0.0391617 -0.00261116 0.0339324 -0.00355352 0.0280581 -0.0042012 0.0225149 -0.00459415 0.0170777 -0.00454713 
1.034 0.444295 0.463895 0.461419 0.440783 0.475629 0.419658 0.48864 0.398294 0.501088 0.374214 0.511657 0.350994 0.520752 0.327735 
0.866 -0.221367 0.314601 -0.211811 0.332547 -0.20254 0.348059 -0.192697 0.36288 -0.181089 0.378222 -0.169503 0.392173 -0.157273 0.405303 
0.877 -0.137817 0.346103 -0.126578 0.359002 -0.116106 0.37015 -0.105185 0.380528 -0.0927854 0.391007 -0.0805763 0.400314 -0.0681096 0.408872 
3.328 -0.188495 0.109834 -0.189341 0.124131 -0.18956 0.137055 -0.189068 0.149637 -0.187973 0.163194 -0.186146 0.176002 -0.183656 0.188544 
0.879 -0.18644 0.321449 -0.176371 0.337134 -0.166855 0.350748 -0.156627 0.363709 -0.144997 0.376885 -0.133327 0.388752 -0.121288 0.39992 
4.043 -0.0138611 -0.0339816 -0.0215099 -0.0317316 -0.0282557 -0.0293971 -0.0346738 -0.0268153 -0.0416339 -0.0235943 -0.0479802 -0.0202414 -0.0540987 -0.0165978 
4.164 0.0635255 -0.281893 0.0406811 -0.283495 0.0202259 -0.283882 0.000367826 -0.283373 -0.0213008 -0.281538 -0.0415325 -0.278797 -0.0612149 -0.274876 
1.131 0.388823 0.360485 0.400696 0.340318 0.410385 0.321968 0.41908 0.303672 0.426994 0.283047 0.433531 0.263427 0.438866 0.24381 
0.786 -0.0885084 0.409793 -0.0742231 0.420282 -0.0611741 0.429087 -0.0478414 0.437039 -0.0329847 0.444786 -0.0186416 0.451319 -0.00411748 0.457018 
3.293 -0.375455 -0.167525 -0.391042 -0.143002 -0.404006 -0.12056 -0.415524 -0.098017 -0.426686 -0.0727353 -0.435835 -0.0484572 -0.443515 -0.023904 
1.588 -0.463799 0.0680592 -0.466782 0.0991487 -0.468197 0.126987 -0.468148 0.154346 -0.466533 0.183984 -0.463505 0.211843 -0.458895 0.239103 
1.049 0.429914 0.432393 0.445206 0.41033 0.45745 0.390033 0.468662 0.369611 0.47941 0.346724 0.488346 0.324711 0.495953 0.302746 
4.074 0.0176414 -0.345583 -0.00881006 -0.344407 -0.0323465 -0.342154 -0.0551582 -0.338939 -0.0799069 -0.333934 -0.102766 -0.328055 -0.124955 -0.32095 
1.511 -0.519271 0.21256 -0.513808 0.246954 -0.50753 0.277409 -0.499828 0.306857 -0.489689 0.338428 -0.478503 0.367589 -0.465933 0.395616 
4.367 0.271716 0.0194357 0.266349 0.00471072 0.260893 -0.00810177 0.255001 -0.0203401 0.247613 -0.03329 0.240133 -0.0450726 0.232259 -0.0561263 
0.836 -0.132338 0.366648 -0.120207 0.37943 -0.108902 0.390334 -0.0972009 0.400584 -0.0840293 0.410781 -0.071044 0.419788 -0.0579008 0.427948 
2.215 0.566881 0.126955 0.565934 0.094895 0.563533 0.0665701 0.560022 0.0390572 0.554274 0.00931825 0.547476 -0.0181311 0.539361 -0.0447262 
4.137 0.0457198 -0.289426 0.0224234 -0.289915 0.00161637 -0.289316 -0.0184999 -0.287821 -0.0405009 -0.284896 -0.0609116 -0.281057 -0.0807398 -0.276116 
2.184 0.629201 0.0975072 0.626285 0.0621195 0.62201 0.0307906 0.616474 0.00046426 0.608347 -0.0321712 0.599105 -0.062347 0.588382 -0.0913523 
1.367 -0.548719 0.289262 -0.538703 0.325368 -0.528321 0.357225 -0.516463 0.387693 -0.501755 0.420196 -0.486325 0.449943 -0.469473 0.478476 
4.215 0.277195 0.0851801 0.275617 0.069988 0.27345 0.0566791 0.270931 0.0437761 0.267121 0.0299728 0.262984 0.0171003 0.258239 0.00494484 
4.359 0.286098 0.0228599 0.280689 0.00731059 0.275151 -0.00619498 0.269277 -0.0191431 0.261898 -0.0328024 0.254381 -0.0452447 0.246366 -0.0569583 
3.943 -0.0953568 -0.180537 -0.11176 -0.173001 -0.126077 -0.165518 -0.139626 -0.157567 -0.154038 -0.14811 -0.167019 -0.138479 -0.179275 -0.128219 
0.783 -0.048103 0.425544 -0.0329759 0.433406 -0.0192133 0.43987 -0.00530833 0.445603 0.00991785 0.450704 0.0246378 0.454837 0.0391782 0.458139 
4.211 0.214875 0.0707985 0.212723 0.0592708 0.210304 0.0492092 0.207574 0.0395115 0.203754 0.0291298 0.199746 0.0195732 0.195304 0.0104971 
0.724 -0.0433091 0.459101 -0.026515 0.467082 -0.011209 0.473601 0.00415454 0.47919 0.0210896 0.484217 0.0371255 0.488081 0.0532654 0.49105 
3.561 -0.352171 -0.186016 -0.368792 -0.163319 -0.382626 -0.142362 -0.395074 -0.121265 -0.407442 -0.0974941 -0.417857 -0.0745518 -0.4269 -0.0513574 
4.051 -0.0241337 -0.149719 -0.0388926 -0.146408 -0.0519903 -0.142776 -0.0644204 -0.13866 -0.0779004 -0.133408 -0.0901982 -0.127819 -0.101953 -0.121504 
3.961 -0.0857691 -0.205876 -0.103762 -0.198822 -0.119465 -0.19174 -0.134211 -0.184067 -0.150196 -0.174849 -0.164654 -0.165458 -0.178176 -0.155276 
2.189 0.527161 0.25639 0.533499 0.226769 0.537784 0.200397 0.540893 0.174418 0.542343 0.145954 0.542434 0.119283 0.541089 0.0932691 
4.172 0.0655801 -0.112053 0.0528021 -0.114064 0.0412687 -0.115296 0.030073 -0.115915 0.0178255 -0.115956 0.00625921 -0.115383 -0.00509946 -0.114057 
3.584 -0.337105 -0.228476 -0.356224 -0.206693 -0.3724 -0.186337 -0.387105 -0.165794 -0.401983 -0.142469 -0.414838 -0.119861 -0.426301 -0.0968336 
2.152 0.551815 0.263923 0.558637 0.232746 0.56332 0.204787 0.566661 0.17733 0.568334 0.147266 0.568436 0.119005 0.567072 0.0914822 
4.211 0.228571 0.0612108 0.225927 0.0489702 0.222995 0.038248 0.219743 0.0279063 0.215396 0.0169142 0.210795 0.00679918 0.205727 -0.00282458 
1.239 0.33883 0.314601 0.348972 0.296948 0.357023 0.280841 0.364252 0.264774 0.370842 0.246671 0.376219 0.229526 0.38056 0.212483 
1.047 -0.235749 0.262553 -0.228555 0.280855 -0.221425 0.297001 -0.213563 0.312439 -0.20411 0.328604 -0.194289 0.343291 -0.183756 0.357311 
4.031 -0.0282427 -0.095617 -0.0394723 -0.0921059 -0.0493818 -0.0884516 -0.0588023 -0.0844517 -0.0689531 -0.0795 -0.0781655 -0.0743524 -0.0869258 -0.0687372 
2.119 0.205972 0.161882 0.207819 0.152477 0.208934 0.143957 0.209787 0.135628 0.209925 0.126409 0.209716 0.117786 0.208977 0.109488 
2.332 0.625092 0.0406657 0.618562 0.00565952 0.611154 -0.0249788 0.602658 -0.0546263 0.591299 -0.0861382 0.579171 -0.115115 0.565679 -0.142807 
4.012 -0.0487878 -0.16547 -0.0641754 -0.160676 -0.0777182 -0.155691 -0.0906118 -0.150233 -0.104394 -0.143539 -0.116963 -0.136529 -0.128883 -0.128944 
1.015 0.520997 0.497452 0.539651 0.469719 0.554974 0.444271 0.568869 0.418763 0.582098 0.390105 0.593059 0.362598 0.602375 0.335094 
0.76 0.0231201 0.463895 0.0406032 0.467562 0.0562256 0.470137 0.0716844 0.471834 0.088431 0.472579 0.104179 0.472516 0.119633 0.471645 
4.262 0.236789 0.00984797 0.230738 -0.00284749 0.225005 -0.0137871 0.218951 -0.024211 0.211414 -0.035125 0.203854 -0.0450321 0.195993 -0.0542095 
0.801 -0.0104369 0.433078 0.0052335 0.438495 0.01947 0.442809 0.0337695 0.44632 0.049333 0.449097 0.0640048 0.450967 0.0786876 0.452101 
0.738 -0.0138611 0.463211 0.00339806 0.46926 0.0188924 0.473959 0.0344958 0.477869 0.0514145 0.480908 0.0675103 0.483 0.0834401 0.484182 
0.795 -0.144665 0.385824 -0.131655 0.399712 -0.11959 0.411502 -0.107175 0.422372 -0.0931325 0.433357 -0.0792925 0.443064 -0.0651472 0.451874 
0.854 -0.110423 0.368018 -0.0978259 0.379404 -0.086285 0.389024 -0.0744265 0.397849 -0.0612375 0.406593 -0.0483082 0.41413 -0.0351521 0.420951 
0.888 -0.148089 0.336516 -0.137286 0.349994 -0.127056 0.361675 -0.116457 0.372576 -0.104338 0.383671 -0.0924164 0.3935 -0.0801926 0.402607 
1.958 -0.21041 0.172154 -0.206723 0.187228 -0.202841 0.200548 -0.198257 0.213326 -0.192667 0.226872 -0.18656 0.239337 -0.179947 0.251337 
4.145 0.0436653 -0.151089 0.0287721 -0.151851 0.0154465 -0.151857 0.0026124 -0.151246 -0.0115813 -0.14976 -0.0247489 -0.147683 -0.0375819 -0.144811 
0.803 -0.0330366 0.422805 -0.0178119 0.429781 -0.00389682 0.43546 0.00987722 0.440272 0.0251583 0.444511 0.0397134 0.447751 0.0541833 0.450277 
1.94 -0.169319 0.188591 -0.164911 0.201298 -0.160517 0.212432 -0.155623 0.223114 -0.149832 0.234367 -0.143794 0.244603 -0.137397 0.25447 
4.105 0.0333927 -0.0127517 0.0267032 -0.0129789 0.0207096 -0.0128592 0.0149722 -0.0124939 0.00859353 -0.0116649 0.00282198 -0.0105849 -0.00285823 -0.00915979 
1.09 0.457307 0.407054 0.471849 0.382572 0.483463 0.360252 0.493904 0.337883 0.503521 0.31291 0.511317 0.289035 0.517675 0.265267 
2.154 0.642898 0.089974 0.639308 0.0539806 0.634508 0.0221179 0.628413 -0.00866652 0.619635 -0.0417801 0.609875 -0.0724772 0.598633 -0.101973 
2.182 0.63468 0.14887 0.634357 0.113277 0.632457 0.0816421 0.629242 0.0509999 0.62362 0.0177811 0.616735 -0.0129148 0.608292 -0.0427356 
1.183 0.328558 0.337885 0.339288 0.321269 0.348163 0.30624 0.356159 0.291036 0.363729 0.27397 0.370073 0.257642 0.375399 0.241293 
4.07 0.0176414 -0.361334 -0.00969294 -0.360237 -0.0340284 -0.358072 -0.0575946 -0.354842 -0.0831798 -0.349841 -0.106847 -0.343891 -0.129816 -0.33675 
0.814 -0.10426 0.388563 -0.0908761 0.399802 -0.0784794 0.409314 -0.0658385 0.418058 -0.0516749 0.426572 -0.0379819 0.433937 -0.0240147 0.440485 
0.896 -0.203561 0.305013 -0.194462 0.32175 -0.185739 0.33629 -0.176336 0.350173 -0.165456 0.364546 -0.154291 0.377541 -0.142656 0.389819 
0.947 -0.118641 0.331722 -0.108041 0.343159 -0.0981256 0.352991 -0.0878376 0.362114 -0.076283 0.371214 -0.0649017 0.379241 -0.0532798 0.38665 
1.198 0.366909 0.322134 0.377206 0.30268 0.385635 0.285189 0.393106 0.267635 0.399786 0.247974 0.405098 0.229234 0.409279 0.210604 
0.778 0.00599918 0.448144 0.0226016 0.452749 0.0376009 0.456264 0.0524799 0.458937 0.0686209 0.460752 0.0839421 0.461691 0.0989573 0.461823 
3.338 -0.179592 0.0262841 -0.183671 0.0389526 -0.186762 0.0503881 -0.189261 0.0617251 -0.191351 0.0741406 -0.192644 0.0859353 -0.193323 0.0976841 
4.082 -0.000164361 -0.138077 -0.0142919 -0.136254 -0.026853 -0.133883 -0.0388868 -0.13109 -0.0519596 -0.127268 -0.063983 -0.122999 -0.0755627 -0.118052 
0.758 0.0402411 0.476907 0.0579856 0.47968 0.0737796 0.481488 0.0894598 0.482533 0.106326 0.482481 0.122247 0.481694 0.137827 0.480146 
1.165 0.371018 0.345418 0.382111 0.326092 0.39109 0.308675 0.399383 0.291281 0.406794 0.271723 0.412943 0.253126 0.417842 0.234562 
1.131 -0.266566 0.247487 -0.259223 0.266546 -0.252011 0.283414 -0.244053 0.299572 -0.234548 0.316431 -0.224683 0.331916 -0.214168 0.346536 
1.067 0.379236 0.517998 0.399732 0.498445 0.417053 0.480338 0.433175 0.461838 0.449291 0.440553 0.463382 0.419817 0.476186 0.398766 
1.097 0.414162 0.381715 0.427074 0.360253 0.43742 0.340686 0.446752 0.321121 0.455389 0.299199 0.46253 0.278217 0.468256 0.257398 
1.331 0.0929736 0.313231 0.103037 0.310943 0.111828 0.308567 0.120481 0.305893 0.129457 0.30227 0.137802 0.298518 0.145856 0.294479 
3.977 -0.0761813 -0.171634 -0.0921366 -0.16522 -0.106088 -0.158777 -0.119273 -0.151827 -0.133413 -0.143407 -0.146181 -0.134901 -0.158247 -0.12569 
4.008 -0.0501575 -0.12438 -0.0630765 -0.119689 -0.0744458 -0.114904 -0.0852108 -0.109787 -0.0967803 -0.103573 -0.107294 -0.0971452 -0.117263 -0.0902831 
4.098 0.00942337 -0.163416 -0.00610946 -0.16214 -0.019911 -0.16027 -0.0331921 -0.157857 -0.0476272 -0.154333 -0.0609722 -0.150364 -0.0738426 -0.145616 
3.336 -0.208355 0.109149 -0.207484 0.123302 -0.206225 0.135988 -0.204301 0.14835 -0.201551 0.161512 -0.198282 0.173759 -0.194338 0.185815 
3.197 -0.31382 -0.0168607 -0.320584 0.00377007 -0.325723 0.0224317 -0.329813 0.0409333 -0.333147 0.0613656 -0.3353 0.0806437 -0.336404 0.0998892 
3.707 -0.252185 -0.386673 -0.280896 -0.369426 -0.30581 -0.352782 -0.329228 -0.335387 -0.353751 -0.31498 -0.375795 -0.294584 -0.396311 -0.273306 
0.945 -0.167265 0.307068 -0.157713 0.321375 -0.148632 0.333782 -0.139262 0.345492 -0.128532 0.357497 -0.117891 0.368312 -0.106985 0.378464 
4.133 0.0354472 -0.123695 0.0220959 -0.124066 0.0101972 -0.123732 -0.00131459 -0.122848 -0.0139469 -0.121201 -0.0256414 -0.119037 -0.0370393 -0.116151 
0.924 -0.105629 0.341994 -0.0943907 0.352771 -0.083954 0.362025 -0.0731215 0.37054 -0.0610811 0.378979 -0.0492359 0.386336 -0.0372145 0.393047 
2.766 0.336776 0.203657 0.341449 0.184717 0.344926 0.167777 0.34761 0.151118 0.349284 0.13278 0.350032 0.11561 0.349779 0.0987403 
3.998 -0.0617998 -0.190809 -0.0790428 -0.185232 -0.0942221 -0.179541 -0.108595 -0.17328 -0.123975 -0.16552 -0.137982 -0.157515 -0.151416 -0.148721 
2.285 0.601808 0.0406657 0.595606 0.00708667 0.588549 -0.0223554 0.5805 -0.0508061 0.569675 -0.0811213 0.558116 -0.10898 0.545253 -0.135572 
0.891 -0.0857691 0.362539 -0.0736676 0.37219 -0.0624295 0.380412 -0.050902 0.387949 -0.0381191 0.395213 -0.0257153 0.401449 -0.0131095 0.407015 
0.984 -0.152883 0.302958 -0.143604 0.316309 -0.134836 0.327903 -0.125668 0.338865 -0.115122 0.350028 -0.104715 0.360067 -0.0940042 0.369449 
0.834 -0.159732 0.36117 -0.147733 0.375771 -0.136401 0.388447 -0.124612 0.400269 -0.111308 0.412151 -0.0981644 0.422734 -0.0846438 0.43258 
1.229 -0.272045 0.231735 -0.265609 0.251034 -0.259179 0.267945 -0.252011 0.284289 -0.243268 0.301476 -0.234192 0.317236 -0.224332 0.332228 
4.043 -0.026873 -0.178482 -0.0433052 -0.175003 -0.0578172 -0.171193 -0.0718181 -0.166803 -0.086836 -0.161124 -0.100514 -0.155031 -0.113666 -0.148215 
4.273 0.290892 0.0543624 0.287292 0.0384083 0.283352 0.024486 0.279092 0.0111204 0.273308 -0.00320169 0.267346 -0.0162361 0.260788 -0.0286318 
3.939 -0.098781 -0.211355 -0.117064 -0.203564 -0.133077 -0.195833 -0.148346 -0.187581 -0.164394 -0.177563 -0.179023 -0.167402 -0.192908 -0.156542 
0.73 0.0128476 0.476222 0.0307314 0.480843 0.0468187 0.484282 0.0628063 0.486804 0.0801523 0.488353 0.0965068 0.488975 0.112695 0.488805 
0.808 -0.154253 0.374866 -0.141768 0.38914 -0.130202 0.401441 -0.118098 0.412982 -0.104341 0.424552 -0.0909213 0.43479 -0.0770612 0.444222 
3.307 -0.211094 0.0173812 -0.215615 0.0316317 -0.219164 0.0445714 -0.221928 0.0574352 -0.224236 0.0715415 -0.225649 0.0848766 -0.226248 0.0981221 
1.334 -0.0953568 0.189275 -0.0923463 0.198411 -0.0891172 0.206502 -0.0855262 0.214305 -0.081264 0.222464 -0.0768418 0.230085 -0.07223 0.237381 
0.938 -0.143295 0.323504 -0.132829 0.336515 -0.122989 0.34772 -0.11284 0.358194 -0.101216 0.368795 -0.089782 0.378188 -0.0779849 0.386874 
0.771 -0.139186 0.400205 -0.125426 0.413682 -0.112578 0.425189 -0.0993911 0.435837 -0.0845092 0.446405 -0.07 0.455642 -0.0552064 0.464019 
1.344 0.239529 0.375551 0.253213 0.363687 0.264914 0.352667 0.275937 0.341371 0.286874 0.328284 0.296602 0.315496 0.305548 0.302491 
4.066 0.0046295 -0.328462 -0.0206998 -0.326729 -0.0432354 -0.324043 -0.0649958 -0.32041 -0.088605 -0.315066 -0.110424 -0.308899 -0.131462 -0.301584 
3.902 -0.120696 -0.213409 -0.138899 -0.204406 -0.154777 -0.195609 -0.169777 -0.186319 -0.185645 -0.175265 -0.20001 -0.164114 -0.213447 -0.152306 
1.64 -0.461745 -0.151774 -0.477768 -0.120739 -0.490671 -0.0923258 -0.501921 -0.063955 -0.512459 -0.0324119 -0.520772 -0.00233156 -0.527334 0.0279159 
0.777 -0.077551 0.421435 -0.0627172 0.431321 -0.0491904 0.439543 -0.0353586 0.44698 -0.0200922 0.454038 -0.00532539 0.459964 0.00954697 0.465039 
3.373 -0.177537 -0.0387755 -0.185595 -0.026417 -0.192345 -0.0150398 -0.19825 -0.00352677 -0.204141 0.009332 -0.209026 0.0217034 -0.213063 0.0342517 
1.419 -0.103575 0.120107 -0.10407 0.129471 -0.104152 0.13787 -0.103744 0.146318 -0.102886 0.155277 -0.101674 0.16365 -0.10002 0.171987 
4.25 0.108725 -0.123011 0.0953339 -0.127652 0.0830252 -0.131259 0.0711424 -0.134135 0.0577137 -0.13653 0.0452483 -0.138105 0.0325734 -0.13892 
0.884 -0.48092 0.259814 -0.472314 0.291232 -0.463348 0.31895 -0.453209 0.345642 -0.440619 0.373979 -0.427282 0.399984 -0.41276 0.424826 
1.784 -0.278893 0.196124 -0.274047 0.215112 -0.269033 0.231998 -0.263134 0.248258 -0.255901 0.265567 -0.248144 0.281432 -0.23966 0.296668 
1.218 0.0696891 0.257759 0.0762565 0.257044 0.0821054 0.256264 0.0877957 0.255219 0.0938322 0.253675 0.0993925 0.251857 0.104766 0.249973 
4.121 0.0292837 -0.156568 0.013896 -0.156538 0.000316204 -0.155759 -0.0128568 -0.154408 -0.0272149 -0.152094 -0.0406105 -0.149225 -0.053558 -0.145539 
3.965 0.224462 0.10504 0.223999 0.0929561 0.223009 0.0822993 0.221659 0.0719209 0.21933 0.0606929 0.216676 0.0503793 0.213584 0.0404784 
0.722 -0.00358855 0.475538 0.0139692 0.481171 0.0297297 0.485428 0.0455195 0.488903 0.0626947 0.491534 0.0790185 0.493185 0.0952682 0.494095 
3.178 -0.343953 0.0694288 -0.345528 0.0917241 -0.346019 0.111776 -0.345486 0.131364 -0.343724 0.152569 -0.341009 0.172369 -0.337327 0.191876 
2.191 0.611396 0.0975072 0.608099 0.0633438 0.603587 0.033211 0.59797 0.00417423 0.589727 -0.0271624 0.580475 -0.0561049 0.57014 -0.0837948 
1.479 0.229941 0.285838 0.238554 0.274719 0.245757 0.264568 0.252471 0.254345 0.258781 0.242651 0.26422 0.231452 0.268995 0.220292 
1.116 0.410053 0.366648 0.422322 0.345193 0.432092 0.325674 0.440787 0.30615 0.448648 0.284256 0.455179 0.263463 0.460448 0.242727 
1.271 -0.248076 0.222832 -0.241998 0.240554 -0.235889 0.256134 -0.229024 0.271058 -0.220787 0.286701 -0.21217 0.301003 -0.202994 0.314762 
1.393 0.166251 0.156403 0.167556 0.149644 0.168489 0.143722 0.169083 0.137661 0.169246 0.13112 0.169129 0.124937 0.168688 0.118884 
4.035 -0.0357759 -0.158622 -0.0508638 -0.154681 -0.0640585 -0.150485 -0.0767216 -0.145777 -0.090404 -0.139833 -0.102641 -0.133629 -0.114586 -0.126769 
1.247 0.301849 0.311177 0.311322 0.296136 0.319135 0.282209 0.326258 0.268506 0.332877 0.253013 0.338416 0.238213 0.343029 0.223295 
1.27 0.0998219 0.23516 0.105051 0.232712 0.109583 0.230429 0.114021 0.227961 0.118424 0.224939 0.122511 0.221979 0.126347 0.218907 
2.201 0.641529 0.0447747 0.635034 0.00902904 0.627623 -0.0223961 0.619082 -0.052731 0.607612 -0.0851578 0.59535 -0.114983 0.581778 -0.143353 
4.098 0.0135324 -0.135338 -0.000437435 -0.134335 -0.0127444 -0.132788 -0.0245277 -0.130694 -0.0375278 -0.127684 -0.0494427 -0.124206 -0.0610092 -0.120099 
4.379 0.25528 0.00710862 0.248971 -0.00649731 0.242818 -0.0183357 0.236379 -0.0295802 0.228451 -0.0413439 0.220594 -0.051999 0.212337 -0.0618741 
2.039 0.462101 0.307752 0.471994 0.281761 0.479591 0.258332 0.485943 0.235127 0.49113 0.209419 0.494811 0.185137 0.497066 0.161263 
3.934 0.0724284 0.0844953 0.0717061 0.0814624 0.070825 0.0788663 0.0699586 0.0763253 0.0686515 0.0734922 0.0673492 0.0709774 0.065897 0.068522 
1.696 -0.437776 -0.166155 -0.45431 -0.136826 -0.467795 -0.109955 -0.479574 -0.0830176 -0.490747 -0.053094 -0.49973 -0.0244458 -0.506969 0.00431258 
2.551 0.250486 0.242693 0.257678 0.22957 0.263402 0.217647 0.268622 0.205687 0.273214 0.192328 0.276937 0.179482 0.279884 0.166652 
1.064 0.381975 0.410478 0.396187 0.391149 0.407963 0.373577 0.41861 0.355727 0.428806 0.335548 0.437559 0.316283 0.445029 0.296924 
1.503 -0.0905629 0.072853 -0.0938106 0.0815581 -0.0964653 0.0895108 -0.0984716 0.0974394 -0.100458 0.106165 -0.101786 0.114466 -0.102594 0.122762 
1.25 0.107355 0.1475 0.107678 0.144501 0.107802 0.141907 0.107943 0.139419 0.107704 0.136678 0.107432 0.134171 0.10698 0.131751 
1.204 0.346364 0.327613 0.356703 0.309687 0.365147 0.293483 0.372706 0.277251 0.379735 0.258998 0.385399 0.241792 0.390111 0.224639 
3.953 -0.0919326 -0.153828 -0.106495 -0.146612 -0.11925 -0.139524 -0.131313 -0.132065 -0.14409 -0.123148 -0.155587 -0.114176 -0.166507 -0.10467 
1.354 0.101876 0.300904 0.11132 0.298291 0.11958 0.295677 0.127657 0.292713 0.136116 0.28881 0.143887 0.284808 0.151374 0.280614 
3.584 -0.325462 -0.157252 -0.340305 -0.136156 -0.352721 -0.11665 -0.36391 -0.0970593 -0.374835 -0.0749545 -0.384019 -0.0537307 -0.391907 -0.0322063 
1.296 0.0772223 0.309122 0.0871886 0.307683 0.0959849 0.30609 0.104567 0.30409 0.113613 0.301294 0.121978 0.298202 0.130146 0.29488 
4.172 0.0607862 -0.140816 0.0463417 -0.142585 0.0333251 -0.143548 0.0207613 -0.143854 0.0068049 -0.143376 -0.00602327 -0.142241 -0.0185764 -0.140296 
4.113 0.0395562 -0.0380907 0.0313801 -0.0387688 0.0239655 -0.0389156 0.0169018 -0.0387086 0.00905528 -0.0380406 0.0018328 -0.0370254 -0.00521232 -0.035575 
4.539 0.275825 -0.129174 0.261625 -0.14375 0.248254 -0.156178 0.234852 -0.167648 0.219342 -0.179316 0.204291 -0.189519 0.189001 -0.198614 
1.314 0.132009 0.163252 0.133161 0.158999 0.133881 0.155201 0.134605 0.151462 0.134882 0.147267 0.135082 0.143371 0.135077 0.139638 
2.484 0.152554 0.145446 0.153388 0.139279 0.153749 0.133812 0.153985 0.128437 0.153638 0.12243 0.153115 0.116885 0.15221 0.111489 
3.301 -0.239173 0.100247 -0.238884 0.116068 -0.238041 0.130254 -0.23641 0.144017 -0.233875 0.158931 -0.23075 0.172677 -0.226895 0.186312 
3.939 -0.102205 -0.119586 -0.114896 -0.111889 -0.125877 -0.104429 -0.13614 -0.0966549 -0.147051 -0.087584 -0.156773 -0.0784754 -0.165914 -0.0689814 
4.043 -0.0220792 -0.116162 -0.0349127 -0.113075 -0.0462264 -0.109702 -0.0569604 -0.105942 -0.0685785 -0.101118 -0.079271 -0.0960063 -0.089536 -0.0903865 
4.531 0.271031 -0.0921929 0.259076 -0.106509 0.247765 -0.118606 0.236304 -0.130064 0.222964 -0.14172 0.209911 -0.152018 0.196661 -0.161219 
1.268 0.10941 0.174894 0.111576 0.171976 0.113233 0.169447 0.114828 0.166895 0.116252 0.163779 0.117509 0.160931 0.118665 0.15824 
1.167 0.355266 0.341309 0.366114 0.323113 0.374893 0.306492 0.382759 0.289909 0.39018 0.271326 0.396152 0.25351 0.401286 0.23597 
4.152 0.0484591 -0.16958 0.0322752 -0.170626 0.017783 -0.170733 0.0037615 -0.170315 -0.0116043 -0.168924 -0.0258689 -0.16691 -0.0398186 -0.163934 
0.768 -0.00769758 0.446774 0.00864427 0.452333 0.0234125 0.456678 0.0382517 0.460202 0.0542505 0.462963 0.0694706 0.464755 0.0846268 0.465808 
4.207 0.0922887 -0.0545268 0.0830914 -0.0582954 0.0748272 -0.0611847 0.0665052 -0.0636878 0.0571944 -0.0658485 0.0486404 -0.0673942 0.0400008 -0.0684151 
3.658 -0.283002 -0.268196 -0.304331 -0.249274 -0.322591 -0.231411 -0.339494 -0.213129 -0.356781 -0.192196 -0.372089 -0.171683 -0.386017 -0.150648 
4.215 0.244323 0.0612108 0.241485 0.0478373 0.238332 0.0361237 0.234844 0.0248372 0.230069 0.0128484 0.225063 0.0017796 0.219615 -0.00866677 
3.646 -0.29259 -0.25039 -0.313116 -0.231031 -0.330545 -0.212967 -0.346674 -0.19444 -0.363164 -0.173276 -0.377599 -0.152653 -0.390632 -0.131463 
4.297 0.282674 0.0721682 0.280126 0.0567455 0.27721 0.0431874 0.273885 0.0301066 0.269199 0.0160719 0.264239 0.00325101 0.258679 -0.00902549 
0.971 0.0669497 0.411848 0.0821739 0.411583 0.0956304 0.41082 0.108868 0.409393 0.122912 0.406851 0.1361 0.403869 0.148844 0.400253 
2.457 0.635365 0.00779345 0.627082 -0.0277082 0.618076 -0.05891 0.608001 -0.0888499 0.594927 -0.12078 0.581166 -0.149946 0.566124 -0.177808 
1.057 0.397042 0.446774 0.413687 0.42634 0.427589 0.40759 0.440339 0.388619 0.452687 0.367043 0.463288 0.346267 0.472636 0.3253 
2.852 -0.256294 0.163252 -0.253023 0.180832 -0.249498 0.196449 -0.245257 0.211597 -0.239759 0.227523 -0.233862 0.242332 -0.227195 0.25666 
0.893 -0.123435 0.346103 -0.112114 0.358114 -0.101607 0.36841 -0.0907788 0.377918 -0.0784862 0.387511 -0.0664518 0.395902 -0.0541991 0.403664 
1.41 0.115573 0.331037 0.126748 0.326978 0.136416 0.322989 0.145824 0.31859 0.15561 0.31329 0.164527 0.307841 0.172911 0.301955 
4 -0.0624846 -0.166155 -0.0780852 -0.160521 -0.0918239 -0.15483 -0.104795 -0.14863 -0.118656 -0.141048 -0.131371 -0.133243 -0.143252 -0.12488 
1.206 0.384714 0.331037 0.395234 0.310855 0.403674 0.292589 0.411284 0.274372 0.417985 0.253974 0.423424 0.234561 0.427683 0.215268 
1.531 0.187481 0.218723 0.192434 0.210131 0.196363 0.202406 0.20001 0.194621 0.203252 0.185651 0.205925 0.177479 0.208097 0.169044 
1.271 -0.0460485 0.261868 -0.0384557 0.268219 -0.0315768 0.273564 -0.0243982 0.278532 -0.0164751 0.283342 -0.00875718 0.287473 -0.00101757 0.291179 
4.219 0.0991371 -0.0798658 0.0885084 -0.0838959 0.078777 -0.0870403 0.0692719 -0.089663 0.0585337 -0.0919064 0.0485073 -0.0934782 0.0384773 -0.0944555 
1.321 0.0970826 0.283783 0.105688 0.281247 0.113133 0.278626 0.120492 0.275692 0.127989 0.271899 0.134909 0.267969 0.141455 0.263827 
1.266 -0.0344062 0.243378 -0.0279713 0.248968 -0.0220997 0.253751 -0.0160459 0.258108 -0.00937159 0.262346 -0.00275909 0.266119 0.0037689 0.26946 
4.426 0.220353 -0.150404 0.204934 -0.161675 0.190737 -0.170946 0.176557 -0.179366 0.160508 -0.187576 0.145009 -0.194532 0.129513 -0.200426 
3.379 -0.147404 -0.0278181 -0.154836 -0.0173871 -0.161086 -0.00772094 -0.166643 0.00199967 -0.172222 0.0129457 -0.176857 0.0234791 -0.180843 0.0343153 
4.168 0.248432 0.0920285 0.247371 0.0785149 0.245857 0.0665379 0.243798 0.0549184 0.240745 0.0423985 0.237126 0.0307905 0.233119 0.0196584 
3.637 -0.296699 -0.22916 -0.31601 -0.209545 -0.33244 -0.191172 -0.347481 -0.172535 -0.362825 -0.151221 -0.376203 -0.130454 -0.388195 -0.109349 
1.089 0.440186 0.388563 0.452994 0.365552 0.463408 0.344585 0.472735 0.323681 0.481328 0.300295 0.488225 0.277991 0.493834 0.255839 
4.23 0.21145 0.0571018 0.208677 0.0458218 0.20571 0.0359645 0.202478 0.0264509 0.19811 0.0162832 0.193565 0.00697101 0.188574 -0.00181434 
1.32 0.0854404 0.333776 0.0967111 0.331904 0.106458 0.329904 0.116142 0.327509 0.126304 0.324142 0.135651 0.320565 0.144695 0.316676 
1.278 -0.0570059 0.238584 -0.0508505 0.245323 -0.0451175 0.251251 -0.039206 0.25671 -0.0325849 0.262153 -0.0260044 0.26699 -0.0193746 0.271438 
1.717 -0.150829 0.224202 -0.144207 0.235813 -0.137918 0.245941 -0.131179 0.255538 -0.123422 0.265418 -0.115547 0.274353 -0.107331 0.282841 
4.375 0.199123 -0.0339816 0.190896 -0.0444531 0.183063 -0.0533684 0.175132 -0.0616068 0.165825 -0.0701452 0.156721 -0.0776217 0.14744 -0.0844088 
1.292 -0.0707026 0.25502 -0.063635 0.262499 -0.0571164 0.268946 -0.0503435 0.27492 -0.0426368 0.280942 -0.0351549 0.286233 -0.0274459 0.291112 
1.053 0.500452 0.435817 0.516166 0.409199 0.528659 0.384734 0.539966 0.360359 0.550213 0.332996 0.558708 0.306937 0.565535 0.280918 
3.969 -0.0796055 -0.147665 -0.0941081 -0.14101 -0.106684 -0.134356 -0.118605 -0.127374 -0.131373 -0.118993 -0.142947 -0.110505 -0.153629 -0.101445 
0.855 -0.159732 0.346103 -0.148567 0.360393 -0.138037 0.372723 -0.127062 0.384316 -0.114479 0.396108 -0.102131 0.406577 -0.0894344 0.416219 
0.817 -0.289851 0.292686 -0.281954 0.315165 -0.273896 0.335107 -0.265076 0.354155 -0.254335 0.37421 -0.243169 0.392559 -0.231264 0.41007 
0.775 0.0792768 0.500877 0.0986728 0.500907 0.115779 0.500094 0.132677 0.498582 0.150735 0.495721 0.167397 0.492026 0.183724 0.487791 
3.564 -0.331626 -0.12712 -0.344898 -0.10554 -0.355792 -0.0857116 -0.365488 -0.0657788 -0.374822 -0.0435045 -0.382561 -0.0221879 -0.388912 -0.000652865 
4.008 -0.0385153 -0.0415149 -0.0468854 -0.0378115 -0.0543025 -0.0340903 -0.0611995 -0.0300848 -0.0686176 -0.0252933 -0.0752536 -0.0203881 -0.081539 -0.0151081 
4.164 0.0683194 0.000945076 0.0626272 -0.00156501 0.0573673 -0.00351515 0.0523193 -0.00515656 0.0464392 -0.00669222 0.0410423 -0.00778878 0.0353842 -0.00853811 
2.336 0.608656 0.336516 0.620043 0.301274 0.628539 0.269567 0.635346 0.238239 0.640555 0.203798 0.643607 0.171086 0.644997 0.139221 
3.602 -0.314505 -0.176428 -0.330472 -0.155694 -0.343926 -0.136513 -0.35606 -0.117163 -0.368171 -0.0953344 -0.378436 -0.0742627 -0.387422 -0.0530489 
1.189 -0.258348 0.23516 -0.251746 0.253499 -0.245184 0.26964 -0.237923 0.285208 -0.229212 0.30143 -0.220161 0.316513 -0.210431 0.330773 
1.178 0.400466 0.345418 0.411774 0.324447 0.420777 0.305348 0.4289 0.286331 0.436037 0.265041 0.441954 0.244801 0.446527 0.224653 
4.195 0.186796 0.0879195 0.18554 0.0781002 0.183875 0.0694805 0.182046 0.0611297 0.179272 0.0521751 0.176321 0.0439304 0.173055 0.0361778 
0.97 0.123106 0.432393 0.139349 0.428614 0.153596 0.424713 0.16763 0.420347 0.182106 0.414387 0.195488 0.408175 0.20834 0.401458 
3.652 -0.285057 -0.329147 -0.310305 -0.310135 -0.332018 -0.291987 -0.35229 -0.273333 -0.373305 -0.251636 -0.391958 -0.230387 -0.409167 -0.208339 
4.23 0.199808 0.0769621 0.198041 0.066199 0.195964 0.0567024 0.193583 0.0475784 0.190117 0.0377328 0.186577 0.0287017 0.182579 0.0201492 
4.191 0.0772223 -0.241487 0.0568523 -0.24414 0.0385798 -0.24555 0.0207638 -0.246138 0.0011998 -0.24557 -0.0170266 -0.244124 -0.0348872 -0.241646 
3.926 -0.113163 -0.0812354 -0.123554 -0.072739 -0.132575 -0.0647376 -0.140779 -0.0564911 -0.149545 -0.0470381 -0.157224 -0.0376941 -0.163951 -0.0280253 
3.666 -0.278208 -0.252445 -0.298814 -0.233876 -0.316436 -0.216522 -0.332689 -0.19866 -0.349412 -0.178172 -0.364114 -0.158193 -0.377452 -0.137553 
3.607 -0.300808 -0.14698 -0.31506 -0.127356 -0.327068 -0.109138 -0.337739 -0.0908212 -0.348396 -0.0701417 -0.357321 -0.0502927 -0.365034 -0.0301405 
4.133 0.0333927 -0.182591 0.0164664 -0.182815 0.00135324 -0.18226 -0.013142 -0.181065 -0.0290824 -0.17885 -0.0438856 -0.175997 -0.0582824 -0.172252 
4.008 -0.0426243 -0.0784961 -0.0532102 -0.074332 -0.0624354 -0.0701034 -0.0711487 -0.0655497 -0.0804798 -0.0599906 -0.0888336 -0.0543049 -0.0966815 -0.0481553 
1.255 -0.0193398 0.250226 -0.0126708 0.255127 -0.00662522 0.259255 -0.000408008 0.26296 0.00636572 0.266535 0.0129056 0.269566 0.0196287 0.2723 
3.738 -0.211779 -0.199712 -0.22914 -0.185328 -0.244037 -0.171672 -0.25792 -0.157574 -0.272189 -0.14148 -0.284813 -0.125709 -0.296326 -0.109403 
4.215 0.238844 0.0749075 0.236902 0.0619921 0.234581 0.0506025 0.231933 0.0396379 0.228198 0.0278695 0.224166 0.0169979 0.219677 0.00661359 
4.051 -0.00701274 -0.0558965 -0.0160042 -0.0540832 -0.0239679 -0.0520376 -0.0316023 -0.049604 -0.0399055 -0.0466328 -0.0475345 -0.0433075 -0.0548254 -0.0395969 
4.055 -0.0063279 -0.305862 -0.0305256 -0.303591 -0.0520157 -0.30054 -0.0727303 -0.296532 -0.095162 -0.290896 -0.115896 -0.284466 -0.135874 -0.277026 
2.807 0.29774 0.1927 0.302093 0.17669 0.305169 0.162265 0.307524 0.148031 0.308961 0.132361 0.309602 0.117679 0.309587 0.103272 
1.738 -0.24876 0.193384 -0.243951 0.210855 -0.238941 0.226389 -0.233233 0.241274 -0.226087 0.257078 -0.218581 0.271546 -0.210522 0.285522 
3.623 -0.293275 -0.162731 -0.308413 -0.143351 -0.321107 -0.125492 -0.332614 -0.107464 -0.344054 -0.0870893 -0.353847 -0.0674759 -0.362355 -0.0475994 
4.59 0.294316 -0.116847 0.280666 -0.132495 0.267847 -0.145737 0.254856 -0.15809 0.239787 -0.170718 0.225127 -0.181812 0.210098 -0.191859 
1.216 0.314861 0.324873 0.324989 0.30906 0.333297 0.294648 0.340787 0.280192 0.347852 0.263906 0.353761 0.248328 0.358698 0.232757 
4.172 0.10941 0.0653198 0.107329 0.0601685 0.105179 0.0557952 0.103058 0.0515835 0.100293 0.0471362 0.0974554 0.0431086 0.0943828 0.0394293 
3.693 -0.261772 -0.372291 -0.289733 -0.354394 -0.31391 -0.337283 -0.336653 -0.319414 -0.360338 -0.298557 -0.381546 -0.277822 -0.401263 -0.256158 
3.117 0.596329 -0.247651 0.573182 -0.2803 0.551117 -0.308225 0.528666 -0.334616 0.502347 -0.361711 0.476438 -0.385846 0.449795 -0.407986 
1.269 0.101876 0.209821 0.105818 0.207288 0.109161 0.204804 0.112535 0.202267 0.115712 0.199364 0.118625 0.196448 0.121355 0.193573 
3.4 0.434023 -0.032612 0.424618 -0.0564662 0.415241 -0.0772377 0.405272 -0.0970791 0.392951 -0.118123 0.380401 -0.13699 0.367136 -0.154903 
3.709 -0.245336 -0.349007 -0.271686 -0.332197 -0.294425 -0.316118 -0.315841 -0.299296 -0.338139 -0.27961 -0.358107 -0.260091 -0.376697 -0.239788 
4.133 0.0381865 -0.101096 0.0263572 -0.101474 0.0157326 -0.101312 0.00551991 -0.100579 -0.0057586 -0.0991519 -0.0162325 -0.0973332 -0.0264354 -0.094818 
1.48 0.155979 0.259814 0.163182 0.253312 0.169245 0.247304 0.175103 0.241148 0.180719 0.234035 0.185803 0.227135 0.190464 0.220118 
3.625 -0.280263 -0.129859 -0.293615 -0.111266 -0.304726 -0.0940855 -0.314706 -0.0767753 -0.324539 -0.0574006 -0.3328 -0.0386207 -0.339838 -0.0197744 
4.09 0.260759 0.100247 0.260078 0.0860218 0.25886 0.0734254 0.257171 0.0612836 0.254408 0.0481297 0.251291 0.0359894 0.247552 0.0242719 
4.41 0.21145 -0.0627448 0.201206 -0.0736008 0.191641 -0.0827064 0.18197 -0.0912079 0.170756 -0.0999554 0.159923 -0.107496 0.148913 -0.11422 
3.686 -0.255609 -0.204506 -0.273387 -0.187318 -0.288538 -0.171305 -0.30253 -0.15482 -0.316796 -0.136105 -0.329231 -0.117808 -0.340455 -0.0990622 
3.654 -0.259033 -0.116162 -0.271471 -0.0990584 -0.281881 -0.0832546 -0.291193 -0.0673722 -0.300473 -0.0494337 -0.308255 -0.0321534 -0.315007 -0.0146015 
3.764 -0.191919 -0.184646 -0.208471 -0.171291 -0.222719 -0.158573 -0.235936 -0.145508 -0.249588 -0.130619 -0.261652 -0.115895 -0.272685 -0.100711 
3.637 -0.274099 -0.146295 -0.288339 -0.128146 -0.300346 -0.111255 -0.311166 -0.0943363 -0.32195 -0.0752264 -0.331181 -0.0567457 -0.339167 -0.0379527 
1.574 0.189536 0.233105 0.195324 0.224558 0.200044 0.216731 0.204442 0.208889 0.208456 0.200045 0.211907 0.191658 0.214793 0.183129 
3.676 -0.266566 -0.225736 -0.285521 -0.207768 -0.301706 -0.191003 -0.316674 -0.173874 -0.33195 -0.154186 -0.345268 -0.134924 -0.357341 -0.115248 
3.691 -0.243967 -0.18807 -0.260873 -0.171565 -0.275307 -0.156182 -0.288598 -0.140424 -0.302217 -0.122409 -0.314057 -0.104905 -0.324705 -0.0868987 
3.529 -0.358334 -0.153143 -0.373062 -0.129832 -0.385234 -0.108494 -0.396039 -0.0870459 -0.406518 -0.0630377 -0.415207 -0.0399383 -0.422465 -0.0167184 
3.689 -0.261772 -0.327092 -0.286933 -0.309401 -0.308682 -0.292451 -0.328957 -0.274961 -0.350038 -0.2546 -0.368881 -0.234393 -0.386239 -0.213466 
3.584 -0.317244 -0.126435 -0.33032 -0.10578 -0.341116 -0.0867678 -0.350738 -0.0676059 -0.360058 -0.0462108 -0.367781 -0.0256041 -0.374254 -0.00487412 
3.682 -0.235064 -0.121641 -0.247817 -0.105794 -0.258631 -0.0910795 -0.268353 -0.0762481 -0.278137 -0.0594766 -0.286473 -0.0432253 -0.293758 -0.0266781 
3.746 -0.204931 -0.173689 -0.220901 -0.159647 -0.234627 -0.146439 -0.247318 -0.132951 -0.260445 -0.117361 -0.271946 -0.102116 -0.282434 -0.0863974 
1.314 -0.0926174 0.23242 -0.0868079 0.241529 -0.0811882 0.249445 -0.0752167 0.256969 -0.0684384 0.264635 -0.0617141 0.271513 -0.0546549 0.278016 
1.707 -0.215203 0.231051 -0.208287 0.246273 -0.201554 0.25954 -0.194238 0.272387 -0.185466 0.285539 -0.176644 0.297668 -0.167381 0.309096 
3.666 -0.276154 -0.236694 -0.295764 -0.218367 -0.31254 -0.201123 -0.328038 -0.18337 -0.343873 -0.163341 -0.357759 -0.14362 -0.370355 -0.123452 
3.758 -0.191919 -0.167525 -0.207685 -0.154151 -0.221182 -0.141597 -0.233736 -0.128657 -0.246658 -0.113784 -0.258037 -0.0992631 -0.268456 -0.0842128 
3.188 0.571675 -0.232585 0.549711 -0.263866 0.52888 -0.290515 0.507262 -0.315848 0.48219 -0.341813 0.457444 -0.364896 0.431966 -0.386268 
4.566 0.27788 -0.0600055 0.267784 -0.0748461 0.258149 -0.0877122 0.248244 -0.0997916 0.236499 -0.112257 0.224971 -0.123257 0.213108 -0.133366 
4.598 0.298425 -0.140816 0.28349 -0.156758 0.269475 -0.170122 0.255356 -0.182714 0.238956 -0.19537 0.22309 -0.206512 0.206907 -0.216432 
1.036 0.434708 0.474853 0.452187 0.452324 0.466645 0.431611 0.479901 0.410706 0.492767 0.38709 0.503592 0.364269 0.51321 0.341524 
1.388 0.327873 0.302958 0.337421 0.285721 0.344891 0.270048 0.351662 0.254384 0.357969 0.236807 0.362787 0.220139 0.366687 0.203637 
4.293 0.156663 -0.0545268 0.147193 -0.062106 0.138335 -0.0682953 0.129558 -0.073958 0.119438 -0.0795541 0.109798 -0.0843593 0.100076 -0.0884886 
3.75 -0.216573 -0.33805 -0.24216 -0.323188 -0.264394 -0.308604 -0.285345 -0.293404 -0.307289 -0.275454 -0.32702 -0.257674 -0.345474 -0.239091 
1.257 -0.0282427 0.281044 -0.0200205 0.286202 -0.0125046 0.290507 -0.00479316 0.29438 0.00360801 0.298045 0.0117777 0.301123 0.019994 0.30378 
3.711 -0.228215 -0.181907 -0.244786 -0.166463 -0.259009 -0.151845 -0.272082 -0.136972 -0.285408 -0.119992 -0.297133 -0.103372 -0.307732 -0.0862147 
1.45 0.260759 0.27625 0.269369 0.263098 0.276396 0.251191 0.282837 0.239043 0.28885 0.225279 0.293896 0.212107 0.298043 0.199024 
1.38 0.112834 0.285153 0.121272 0.281936 0.128701 0.278704 0.135923 0.275223 0.143345 0.270889 0.150185 0.266482 0.156673 0.261954 
1.247 -0.200137 0.268717 -0.1926 0.284697 -0.185155 0.298726 -0.177311 0.311995 -0.167871 0.325834 -0.158434 0.338364 -0.148344 0.350299 
3.711 -0.239173 -0.247651 -0.259382 -0.231439 -0.276706 -0.216028 -0.292866 -0.200211 -0.30956 -0.182014 -0.324331 -0.164086 -0.337824 -0.145652 
4.086 0.00668402 -0.118217 -0.00606026 -0.117001 -0.0174191 -0.115295 -0.0282896 -0.113058 -0.0401806 -0.109977 -0.0511115 -0.106492 -0.0616406 -0.102458 
4.32 0.172415 0.0427202 0.168616 0.0338814 0.164802 0.0261234 0.160867 0.0188715 0.155924 0.0110874 0.150976 0.00411216 0.145777 -0.00236834 
3.656 -0.280948 -0.222997 -0.299779 -0.204298 -0.31577 -0.186798 -0.330515 -0.169047 -0.345515 -0.148747 -0.358586 -0.129073 -0.370403 -0.108875 
3.678 -0.265881 -0.270251 -0.287465 -0.252302 -0.306025 -0.235287 -0.323257 -0.217809 -0.340967 -0.19772 -0.356613 -0.178059 -0.370957 -0.157747 
0.718 -0.298069 0.333776 -0.288619 0.357489 -0.279006 0.378302 -0.268581 0.398241 -0.256298 0.419054 -0.243518 0.438172 -0.230055 0.456179 
3.721 -0.188495 -0.0545268 -0.197432 -0.0413631 -0.204864 -0.0292779 -0.211488 -0.0171247 -0.218071 -0.00344977 -0.223541 0.00964909 -0.228073 0.0229622 
3.447 0.40389 0.0290234 0.398433 0.00667616 0.392478 -0.0128264 0.385917 -0.0316072 0.377503 -0.0515691 0.36848 -0.0699378 0.35871 -0.0872888 
0.898 -0.0707026 0.368018 -0.0579399 0.377071 -0.0462126 0.3847 -0.0343797 0.391471 -0.0212985 0.397983 -0.00867208 0.403529 0.00407817 0.408339 
1.478 -0.165895 0.269401 -0.156844 0.281751 -0.148352 0.292458 -0.13942 0.302573 -0.129211 0.312839 -0.119049 0.321957 -0.108628 0.330609 
0.87 -0.465169 0.259814 -0.457012 0.290749 -0.448503 0.317969 -0.438681 0.344092 -0.426322 0.371766 -0.413402 0.397371 -0.39917 0.421688 
1.444 -0.261772 0.221463 -0.255666 0.240189 -0.249558 0.256695 -0.242596 0.27253 -0.234149 0.28914 -0.225318 0.304381 -0.215845 0.318974 
3.701 -0.247391 -0.221627 -0.266148 -0.205006 -0.282097 -0.189406 -0.296919 -0.173482 -0.312189 -0.155105 -0.325595 -0.137171 -0.337779 -0.118755 
3.516 -0.128229 -0.0223394 -0.135368 -0.0130277 -0.141399 -0.00432007 -0.146754 0.00446294 -0.152225 0.0142827 -0.156752 0.0238471 -0.160712 0.0334862 
3.689 -0.233694 -0.144925 -0.247894 -0.129148 -0.259945 -0.114482 -0.270948 -0.0995004 -0.282024 -0.0825493 -0.291581 -0.0660443 -0.300108 -0.0492843 
1.519 0.146391 0.325558 0.157578 0.319139 0.167171 0.313212 0.176387 0.30689 0.185681 0.29941 0.194206 0.291908 0.202062 0.284289 
1.062 0.433338 0.413902 0.448035 0.391544 0.459921 0.371048 0.470794 0.350532 0.480868 0.327359 0.489163 0.305256 0.496187 0.283135 
4.254 0.233365 0.0358718 0.229451 0.0230549 0.225233 0.011941 0.220802 0.00123245 0.215036 -0.0101246 0.209155 -0.0204966 0.202784 -0.0302578 
3.768 -0.191234 -0.212724 -0.209472 -0.199424 -0.225236 -0.186616 -0.239873 -0.173549 -0.255151 -0.158455 -0.268688 -0.143387 -0.281197 -0.127849 
2.25 0.575784 0.335146 0.586887 0.302154 0.595381 0.272428 0.6022 0.242898 0.607522 0.210505 0.611143 0.179925 0.612793 0.149822 
1.572 0.202548 0.187221 0.205486 0.177923 0.207728 0.169661 0.209649 0.161436 0.211021 0.152388 0.211964 0.14393 0.212408 0.135459 
3.639 -0.289166 -0.205876 -0.307203 -0.186552 -0.322486 -0.168627 -0.336503 -0.150386 -0.350647 -0.129622 -0.362974 -0.109507 -0.373951 -0.0889043 
4.184 0.078592 -0.0600055 0.06919 -0.0631791 0.0604876 -0.0655662 0.0520126 -0.0674907 0.0426201 -0.0690288 0.033688 -0.070042 0.0249673 -0.0704197 
3.967 -0.0789207 -0.0853445 -0.0897803 -0.0787499 -0.0992163 -0.0723903 -0.108072 -0.0657584 -0.117402 -0.0579645 -0.125875 -0.0502018 -0.133613 -0.0420011 
3.762 -0.204246 -0.322298 -0.228984 -0.308005 -0.25047 -0.294239 -0.270685 -0.279776 -0.291931 -0.262792 -0.31105 -0.245753 -0.328899 -0.228021 
2.18 0.597014 0.137913 0.596232 0.104478 0.593991 0.0749314 0.590456 0.0461969 0.584809 0.01504 0.577882 -0.013666 0.569537 -0.0413653 
3.551 -0.306972 -0.108629 -0.319244 -0.0883844 -0.329375 -0.0699414 -0.338266 -0.0513528 -0.346991 -0.0305293 -0.354011 -0.010588 -0.359933 0.00948996 
3.715 -0.241912 -0.296959 -0.265393 -0.28043 -0.28559 -0.264739 -0.304591 -0.248449 -0.324312 -0.22954 -0.341827 -0.210756 -0.358078 -0.19123 
1.506 -0.363128 0.215984 -0.357404 0.240594 -0.351204 0.262372 -0.344149 0.283418 -0.335116 0.305763 -0.325704 0.326344 -0.315185 0.346004 
3.666 -0.256294 -0.153143 -0.270918 -0.136028 -0.283291 -0.120059 -0.294524 -0.103968 -0.305858 -0.0856547 -0.315554 -0.067962 -0.324093 -0.049898 
3.67 -0.259033 -0.190809 -0.276109 -0.173552 -0.290736 -0.157362 -0.304174 -0.140923 -0.317755 -0.122121 -0.329663 -0.103828 -0.340357 -0.0851054 
1.027 0.460731 0.476907 0.478928 0.452844 0.49373 0.430569 0.507313 0.408179 0.52045 0.382907 0.53139 0.358531 0.54081 0.334131 
4.23 0.295686 0.089974 0.294511 0.0735388 0.292695 0.0590971 0.29035 0.0450817 0.286648 0.0299812 0.28246 0.0160949 0.277582 0.00279987 
4.391 0.217614 0.00162991 0.211649 -0.0101463 0.205779 -0.0203027 0.199781 -0.0299339 0.192348 -0.0400409 0.18499 -0.0491312 0.177312 -0.0575714 
3.691 -0.253554 -0.262033 -0.274733 -0.244961 -0.292943 -0.228802 -0.30992 -0.212158 -0.327382 -0.192856 -0.342826 -0.173842 -0.356955 -0.154336 
4.418 0.219669 -0.0264484 0.211811 -0.0378946 0.204222 -0.0476698 0.196544 -0.056899 0.187395 -0.0664021 0.178379 -0.0748969 0.169138 -0.0826194 
3.631 -0.301493 -0.282578 -0.323987 -0.26257 -0.343252 -0.243735 -0.361065 -0.224529 -0.379386 -0.20238 -0.39546 -0.180833 -0.4101 -0.158636 
4.32 0.167621 -0.196288 0.149596 -0.204141 0.133223 -0.210275 0.117094 -0.215546 0.0990282 -0.220273 0.0819124 -0.223747 0.064951 -0.226182 
3.678 -0.263142 -0.251075 -0.283657 -0.233404 -0.301207 -0.216777 -0.317473 -0.199756 -0.334213 -0.180142 -0.348901 -0.160896 -0.362378 -0.141199 
4.074 0.000520477 -0.0819203 -0.010027 -0.0803665 -0.0193501 -0.0786503 -0.0283048 -0.0762639 -0.0380877 -0.0732995 -0.0470649 -0.0700562 -0.0556551 -0.0663199 
3.619 -0.302178 -0.182591 -0.31832 -0.162932 -0.331947 -0.144587 -0.344303 -0.126087 -0.356683 -0.105241 -0.367304 -0.0849752 -0.376626 -0.0644554 
4.379 0.197754 -0.0757567 0.187031 -0.0858342 0.176998 -0.0943585 0.166998 -0.1022 0.155397 -0.109991 0.144243 -0.11679 0.132894 -0.122702 
1.261 0.102561 0.194069 0.105534 0.191501 0.108064 0.188969 0.110594 0.186406 0.112986 0.183705 0.115097 0.180941 0.116985 0.178127 
3.672 -0.246021 -0.132598 -0.259429 -0.116193 -0.270782 -0.100835 -0.281021 -0.0854147 -0.291304 -0.0678986 -0.300064 -0.0509739 -0.307768 -0.0337716 
3.646 -0.26999 -0.160677 -0.285082 -0.142656 -0.297809 -0.125981 -0.30937 -0.109078 -0.320995 -0.0899477 -0.330904 -0.0714559 -0.339616 -0.0525476 
2.156 0.646322 0.123531 0.644661 0.0870857 0.64139 0.0551483 0.637051 0.0239528 0.629942 -0.00975973 0.621715 -0.0408344 0.612122 -0.0707802 
3.914 -0.115902 -0.140816 -0.129862 -0.132331 -0.141907 -0.124127 -0.153246 -0.11557 -0.165093 -0.10551 -0.175729 -0.0955017 -0.185616 -0.0850416 
3.715 -0.238488 -0.324353 -0.263356 -0.307842 -0.284847 -0.292022 -0.305044 -0.275653 -0.326015 -0.256484 -0.344743 -0.237571 -0.362108 -0.217873 
3.846 -0.107684 -0.0134365 -0.114146 -0.00543582 -0.11957 0.00203165 -0.124393 0.00963675 -0.129266 0.0181945 -0.133593 0.0264486 -0.137371 0.0348269 
3.33 -0.141241 0.100931 -0.140924 0.110677 -0.140285 0.119326 -0.139184 0.127789 -0.137562 0.13689 -0.135606 0.145472 -0.133212 0.153726 
3.787 -0.18781 -0.273675 -0.209849 -0.260387 -0.228942 -0.247593 -0.246906 -0.234383 -0.26574 -0.218684 -0.282631 -0.203016 -0.298394 -0.186587 
3.795 -0.179592 -0.222312 -0.198364 -0.209515 -0.214598 -0.197298 -0.229771 -0.184556 -0.245599 -0.169847 -0.259743 -0.155149 -0.272839 -0.139904 
3.531 -0.362444 -0.2319 -0.381666 -0.208432 -0.397831 -0.186554 -0.412536 -0.164487 -0.427135 -0.139597 -0.439681 -0.115592 -0.450666 -0.0911292 
4.156 0.0621559 -0.011382 0.0555709 -0.0135979 0.0495372 -0.0151593 0.0437502 -0.016456 0.0371467 -0.017442 0.030952 -0.0181356 0.0249082 -0.0184734 
2.189 0.629201 0.161882 0.629893 0.126224 0.629019 0.0945377 0.626677 0.0637229 0.621953 0.0304488 0.61594 -0.000731364 0.608314 -0.0306018 
3.824 -0.16521 -0.264087 -0.186665 -0.252208 -0.205339 -0.240749 -0.222952 -0.228622 -0.241424 -0.214419 -0.258083 -0.200125 -0.273641 -0.185054 
3.988 0.246377 0.113943 0.246275 0.100579 0.245561 0.0887633 0.244527 0.0772631 0.242376 0.0647637 0.239866 0.0532315 0.23683 0.0421075 
4.133 0.0470894 -0.0641145 0.0374246 -0.0651051 0.0286858 -0.0653829 0.0202983 -0.0653474 0.0110305 -0.0648451 0.00246472 -0.0638328 -0.00586217 -0.0623961 
3.895 -0.133023 -0.0839748 -0.143396 -0.0744675 -0.15214 -0.0655183 -0.160172 -0.0563631 -0.168718 -0.0459693 -0.176026 -0.0357981 -0.182785 -0.0253729 
1.058 0.391563 0.463211 0.408943 0.443072 0.423426 0.424528 0.436854 0.405584 0.449899 0.384245 0.461135 0.363444 0.470971 0.342605 
3.719 -0.2289 -0.203821 -0.246669 -0.188136 -0.261856 -0.173429 -0.27591 -0.158399 -0.290352 -0.141204 -0.303046 -0.124345 -0.314576 -0.107046 
3.686 -0.261772 -0.306547 -0.285573 -0.289032 -0.306159 -0.272367 -0.325351 -0.255096 -0.345243 -0.235097 -0.363003 -0.215383 -0.379369 -0.194876 
1.271 -0.0672785 0.305013 -0.0572416 0.312338 -0.0479194 0.318599 -0.038366 0.324301 -0.027936 0.329741 -0.0177327 0.334417 -0.00750237 0.338513 
3.939 -0.098781 -0.101096 -0.110309 -0.0934167 -0.120328 -0.0860303 -0.129655 -0.0783684 -0.139469 -0.0694857 -0.148212 -0.0606606 -0.156215 -0.0514344 
1.319 -0.0960416 0.247487 -0.089382 0.256539 -0.083044 0.264427 -0.0764295 0.271828 -0.0688708 0.279413 -0.0613175 0.286204 -0.053542 0.292513 
3.922 -0.111793 -0.156568 -0.126463 -0.148241 -0.139371 -0.140242 -0.151347 -0.131785 -0.164092 -0.121833 -0.175375 -0.111819 -0.18602 -0.101388 
1.548 0.19433 0.199548 0.198097 0.190733 0.201072 0.182834 0.203714 0.175022 0.205966 0.166409 0.207622 0.158003 0.20891 0.149927 
3.299 0.438132 0.0338173 0.432494 0.00953807 0.426482 -0.011803 0.41969 -0.0323822 0.410813 -0.0542604 0.40142 -0.0743288 0.391176 -0.0934402 
3.572 -0.330256 -0.143556 -0.34435 -0.122227 -0.356109 -0.102623 -0.366545 -0.08288 -0.376779 -0.0605971 -0.385277 -0.0393292 -0.392412 -0.0176365 
3.619 -0.279578 -0.109314 -0.29163 -0.0908583 -0.301681 -0.073818 -0.310598 -0.0567095 -0.319353 -0.0374664 -0.32653 -0.019096 -0.332605 -0.000597272 
3.607 -0.296014 -0.131913 -0.309403 -0.112329 -0.320562 -0.0942541 -0.330488 -0.0761219 -0.340279 -0.0557631 -0.348401 -0.0362163 -0.355408 -0.0164138 
1.343 0.08681 0.352267 0.0990859 0.350273 0.109744 0.3481 0.120207 0.345517 0.131338 0.341886 0.141643 0.338069 0.151639 0.333853 
3.68 -0.25013 -0.16821 -0.265519 -0.151468 -0.278554 -0.135768 -0.29047 -0.119782 -0.302589 -0.101751 -0.31304 -0.0841157 -0.322323 -0.0661881 
1.436 0.188851 0.161197 0.190506 0.152735 0.191547 0.145154 0.192406 0.137664 0.192621 0.129413 0.192544 0.121609 0.192038 0.114025 
1.972 0.3628 0.290631 0.371709 0.271062 0.378815 0.253463 0.385009 0.235879 0.390351 0.216328 0.3945 0.197761 0.397701 0.1794 
3.916 -0.115902 -0.227791 -0.134785 -0.219138 -0.151319 -0.21059 -0.166906 -0.201456 -0.18347 -0.190527 -0.198421 -0.17947 -0.212499 -0.167749 
1.19 -0.0166005 0.36117 -0.00367081 0.365675 0.00799542 0.36932 0.0197272 0.372265 0.0324868 0.374605 0.0446398 0.376272 0.0566577 0.377204 
3.709 -0.237803 -0.232585 -0.257142 -0.216349 -0.273744 -0.200989 -0.289115 -0.185258 -0.30499 -0.167189 -0.318935 -0.149432 -0.331689 -0.131164 
3.439 -0.252869 -0.0894535 -0.263989 -0.0726106 -0.273222 -0.0570741 -0.281378 -0.04148 -0.289436 -0.023942 -0.296131 -0.00709462 -0.301761 0.00984433 
4.051 -0.0152308 -0.0757567 -0.0256117 -0.0728617 -0.0347397 -0.0698092 -0.0433783 -0.0663966 -0.0526998 -0.0622118 -0.0611289 -0.0577867 -0.0691893 -0.0528626 
3.668 -0.244651 -0.107259 -0.25652 -0.091018 -0.266488 -0.0759845 -0.27542 -0.0608959 -0.284275 -0.0438779 -0.291788 -0.0274555 -0.298257 -0.0108297 
4.504 0.255965 -0.117532 0.242454 -0.130926 0.229802 -0.14235 0.217083 -0.152762 0.202341 -0.163364 0.188117 -0.172431 0.173675 -0.180574 
4.301 0.160088 -0.00179427 0.153713 -0.00987113 0.147644 -0.0167583 0.14155 -0.0231979 0.134243 -0.0297767 0.127055 -0.035644 0.119863 -0.040912 
3.184 0.447035 0.0913437 0.444964 0.0662725 0.441913 0.0440861 0.438234 0.0225793 0.432449 -0.000457286 0.426089 -0.021824 0.418745 -0.0421773 
3.479 -0.359019 -0.123695 -0.372322 -0.100581 -0.38317 -0.0792762 -0.392606 -0.0577726 -0.401676 -0.0336196 -0.409004 -0.0106408 -0.414953 0.0124197 
1.589 0.19433 0.25639 0.201512 0.24727 0.207405 0.238961 0.213042 0.230631 0.218329 0.2211 0.222884 0.212017 0.226878 0.202893 
3.738 -0.217258 -0.234639 -0.236623 -0.219746 -0.253415 -0.205489 -0.268995 -0.191 -0.285159 -0.174118 -0.299462 -0.157471 -0.312667 -0.140311 
1.306 -0.0857691 0.286522 -0.0767385 0.295043 -0.0682902 0.302389 -0.059588 0.309171 -0.0499071 0.315838 -0.0405406 0.321643 -0.0308574 0.326974 
1.354 0.112149 0.261183 0.119013 0.258072 0.125256 0.254911 0.131012 0.251757 0.137131 0.24764 0.142756 0.243562 0.147951 0.239433 
3.83 -0.159732 -0.306547 -0.183426 -0.294967 -0.204137 -0.28368 -0.223681 -0.271787 -0.24433 -0.257495 -0.262967 -0.243127 -0.280548 -0.2279 
3.189 -0.323408 -0.0928777 -0.334733 -0.0717918 -0.343708 -0.0524024 -0.351628 -0.033033 -0.359099 -0.0114625 -0.365041 0.00917174 -0.369862 0.0299175 
3.781 -0.183016 -0.0791809 -0.193222 -0.0664175 -0.20184 -0.0545757 -0.209566 -0.0426123 -0.217373 -0.0290934 -0.223917 -0.0160507 -0.229765 -0.00280811 
3.793 -0.183016 -0.311341 -0.207154 -0.29833 -0.228008 -0.285826 -0.247786 -0.272612 -0.268573 -0.25699 -0.287282 -0.241416 -0.30486 -0.224962 
3.941 -0.0796055 -0.00521846 -0.0853912 0.00113271 -0.0903694 0.00710377 -0.0950816 0.0130579 -0.0998016 0.0198593 -0.103829 0.0264842 -0.107484 0.0332975 
3.652 -0.261088 -0.138762 -0.274911 -0.121393 -0.286527 -0.105344 -0.297 -0.0891449 -0.307501 -0.0707854 -0.316459 -0.0530425 -0.324289 -0.0349848 
4.27 0.121737 -0.117532 0.108413 -0.123035 0.096288 -0.127336 0.0841921 -0.131018 0.0707799 -0.134197 0.0579422 -0.136471 0.0452145 -0.13793 
3.918 -0.116587 -0.0613752 -0.1259 -0.0528008 -0.133955 -0.0447266 -0.141302 -0.0365092 -0.148999 -0.0271137 -0.155651 -0.0178922 -0.161569 -0.00837296 
4.156 0.0621559 -0.0497329 0.0533275 -0.051975 0.0452098 -0.0535233 0.0372717 -0.0547075 0.0285298 -0.0554418 0.0203266 -0.0556544 0.0122598 -0.0554369 
1.455 0.124476 0.411848 0.139754 0.407842 0.153184 0.403681 0.166178 0.398977 0.179661 0.392858 0.192158 0.386531 0.204115 0.379645 
3.9 -0.128229 -0.10452 -0.140199 -0.0953986 -0.15049 -0.0866837 -0.15986 -0.0776334 -0.169751 -0.0672772 -0.178494 -0.0571016 -0.186473 -0.0465367 
1.235 0.0751678 0.286522 0.0839388 0.285388 0.0916495 0.283976 0.0992319 0.282257 0.107087 0.279828 0.114426 0.27717 0.121536 0.274173 
4.27 0.140227 0.00984797 0.13467 0.00289079 0.129341 -0.00290438 0.124003 -0.00843796 0.117614 -0.0140225 0.111408 -0.0189936 0.105042 -0.023625 
3.898 -0.124805 -0.119586 -0.137518 -0.110601 -0.148376 -0.101949 -0.158521 -0.093044 -0.169151 -0.0827123 -0.178461 -0.07247 -0.187261 -0.0618446 
3.748 -0.214519 -0.288741 -0.237356 -0.274063 -0.257077 -0.259969 -0.275588 -0.245422 -0.294931 -0.228369 -0.312211 -0.211386 -0.328347 -0.193569 
3.756 -0.203561 -0.225051 -0.222585 -0.210833 -0.238967 -0.197365 -0.254246 -0.183493 -0.270172 -0.167341 -0.284218 -0.151494 -0.297218 -0.135167 
4.473 0.242268 -0.015491 0.235136 -0.0285426 0.228125 -0.0397082 0.220885 -0.0502626 0.212131 -0.0614515 0.203562 -0.0712801 0.194522 -0.0803514 
1.82 -0.203561 0.198178 -0.198431 0.212519 -0.193307 0.225257 -0.187525 0.237464 -0.18061 0.250375 -0.173384 0.262169 -0.165719 0.273349 
2.182 -0.430927 -0.249021 -0.452097 -0.220494 -0.469741 -0.194011 -0.485685 -0.167338 -0.501429 -0.137378 -0.514813 -0.108441 -0.526507 -0.0791659 
1.334 -0.109738 0.218039 -0.104526 0.227853 -0.0995548 0.236363 -0.0941082 0.244529 -0.08786 0.253001 -0.0814447 0.260654 -0.0746456 0.267893 
3.756 -0.20904 -0.306547 -0.232724 -0.292191 -0.253286 -0.278411 -0.272658 -0.263876 -0.292954 -0.246951 -0.311174 -0.230102 -0.328136 -0.212437 
4.191 0.0758526 -0.166155 0.0598192 -0.168574 0.0454193 -0.169975 0.0314 -0.170782 0.0159198 -0.170738 0.00155501 -0.169882 -0.0125572 -0.16819 
1.011 0.523736 0.479647 0.541652 0.451464 0.556106 0.425826 0.569209 0.399955 0.581515 0.371009 0.591767 0.343289 0.600328 0.31576 
4.027 -0.0234488 -0.0168607 -0.0301737 -0.0138868 -0.036089 -0.0109956 -0.0415809 -0.00788316 -0.0475434 -0.00414247 -0.0528736 -0.000329464 -0.0579246 0.00381212 
4.043 0.160088 0.085865 0.158971 0.0776586 0.157462 0.0704271 0.155532 0.0634119 0.152898 0.0559182 0.150154 0.0490705 0.147043 0.0425809 
3.611 -0.29259 -0.116162 -0.30512 -0.0969953 -0.315533 -0.0791683 -0.324705 -0.0613628 -0.333703 -0.0414564 -0.341123 -0.0223471 -0.347424 -0.00305331 
3.07 0.529215 0.0516231 0.524255 0.0220616 0.51844 -0.00380987 0.51172 -0.0288195 0.502581 -0.0555295 0.492728 -0.0801065 0.48185 -0.10361 
3.824 -0.163841 -0.291481 -0.186726 -0.27966 -0.206681 -0.268146 -0.225465 -0.25609 -0.245264 -0.24162 -0.26316 -0.227129 -0.279956 -0.211833 
3.662 -0.27273 -0.199712 -0.2903 -0.18168 -0.305247 -0.164884 -0.318956 -0.147776 -0.332935 -0.128161 -0.345061 -0.109157 -0.355899 -0.0896813 
4.172 0.0703739 -0.0798658 0.0596783 -0.0825074 0.0500079 -0.084393 0.0405831 -0.0857809 0.0300302 -0.08676 0.0202437 -0.0870503 0.0105105 -0.0868068 
3.51 -0.266566 -0.0908232 -0.277805 -0.0732194 -0.287078 -0.0570672 -0.295298 -0.0408489 -0.30336 -0.0226598 -0.310022 -0.00530064 -0.315553 0.0123602 
4.301 0.159403 -0.179852 0.142456 -0.187485 0.12695 -0.193438 0.111814 -0.198654 0.0947021 -0.203308 0.078537 -0.206873 0.0625197 -0.209376 
3.352 -0.372031 -0.190125 -0.388972 -0.165866 -0.403097 -0.143471 -0.415761 -0.121097 -0.428181 -0.0960498 -0.438569 -0.0716216 -0.447474 -0.0470025 
4.395 0.209396 -0.123695 0.195448 -0.134325 0.18254 -0.143155 0.169632 -0.151172 0.155019 -0.159054 0.14097 -0.16568 0.126808 -0.171298 
3.715 -0.233009 -0.219573 -0.251553 -0.203709 -0.267512 -0.188636 -0.282234 -0.173184 -0.297434 -0.155372 -0.310822 -0.137947 -0.322987 -0.120111 
4.188 0.0833858 -0.00110944 0.077307 -0.00459804 0.0717399 -0.00737584 0.0662703 -0.00984024 0.0600202 -0.0121741 0.0541089 -0.0140335 0.0481967 -0.0153948 
1.38 0.138858 0.209821 0.142998 0.204828 0.146515 0.200149 0.149683 0.195558 0.152744 0.190261 0.155375 0.185133 0.157748 0.180166 
3.635 -0.283687 -0.175058 -0.299414 -0.156258 -0.312742 -0.138697 -0.324768 -0.121074 -0.33687 -0.101084 -0.347236 -0.0816785 -0.356453 -0.0620637 
0.992 -0.269306 0.262553 -0.262322 0.282864 -0.255217 0.300762 -0.247239 0.31792 -0.237473 0.336117 -0.227434 0.352671 -0.216712 0.368498 
4.465 0.239529 -0.0880838 0.227752 -0.100689 0.216715 -0.111389 0.205543 -0.121115 0.192638 -0.131268 0.180089 -0.140111 0.16726 -0.147992 
2.184 0.575784 0.137913 0.575017 0.105645 0.572993 0.0771777 0.569671 0.0494727 0.56431 0.019532 0.557833 -0.0082464 0.549917 -0.0348886 
0.937 0.127215 0.44609 0.144133 0.442511 0.158889 0.438389 0.173237 0.433879 0.188485 0.428168 0.202515 0.421958 0.215847 0.415036 
1.133 0.362115 0.35843 0.373865 0.340086 0.383339 0.32331 0.391927 0.306532 0.400196 0.287675 0.406781 0.269611 0.412288 0.251552 
3.641 -0.296014 -0.297644 -0.319205 -0.277948 -0.339029 -0.259312 -0.357472 -0.240118 -0.376444 -0.218229 -0.393153 -0.196721 -0.408442 -0.174619 
3.734 -0.222737 -0.318874 -0.247155 -0.303541 -0.268288 -0.288904 -0.288134 -0.273705 -0.308901 -0.255746 -0.327527 -0.237946 -0.344875 -0.219441 
3.625 -0.316559 -0.375716 -0.344318 -0.354985 -0.368294 -0.335275 -0.390638 -0.31502 -0.413833 -0.291451 -0.434458 -0.268239 -0.453472 -0.244165 
3.6 -0.311766 -0.160677 -0.32697 -0.140043 -0.339651 -0.121113 -0.351083 -0.101956 -0.362408 -0.080502 -0.371931 -0.0597434 -0.380195 -0.0388526 
1.158 0.339515 0.346788 0.350759 0.329649 0.359943 0.314067 0.368498 0.298393 0.376363 0.280671 0.382962 0.26372 0.388486 0.246829 
2.213 0.630571 0.0612108 0.625109 0.0262214 0.618632 -0.00448054 0.611032 -0.0342202 0.600723 -0.0659561 0.589502 -0.0951349 0.577004 -0.1232 
4.387 0.206657 -0.0120668 0.199479 -0.0229387 0.192599 -0.0322176 0.185627 -0.041063 0.177171 -0.0501386 0.168919 -0.0582683 0.160411 -0.0657055 
1.313 -0.0912478 0.271456 -0.0831799 0.280226 -0.0754388 0.28788 -0.0676519 0.294914 -0.058666 0.302006 -0.0498079 0.308243 -0.0410588 0.313961 
4.102 0.027914 0.0050541 0.0219522 0.00507655 0.0165839 0.00539163 0.0114672 0.00593377 0.00578554 0.00686601 0.000564951 0.00805165 -0.00455791 0.00957309 
3.182 0.460731 0.0673743 0.457028 0.0416166 0.452512 0.0188458 0.447237 -0.00315053 0.439767 -0.0267322 0.431847 -0.0484285 0.422838 -0.0692237 
3.811 -0.167265 -0.120271 -0.179811 -0.108481 -0.190544 -0.097544 -0.200436 -0.0861471 -0.210557 -0.0732101 -0.219499 -0.0605898 -0.227613 -0.0476541 
1.4 0.134064 0.248171 0.140547 0.243305 0.146032 0.238959 0.151322 0.2344 0.156538 0.229142 0.161219 0.223939 0.165619 0.218663 
1.302 0.238844 0.425544 0.255457 0.413701 0.269627 0.40257 0.282985 0.391026 0.296759 0.377406 0.308857 0.363854 0.320131 0.350388 
4.113 0.0676346 0.0639501 0.0656218 0.0610979 0.0635738 0.0588414 0.0617684 0.0565857 0.0593536 0.0542492 0.0569782 0.0521966 0.054856 0.0503354 
4.363 0.19159 -0.108629 0.178697 -0.11811 0.166774 -0.125986 0.154946 -0.13311 0.141369 -0.140139 0.128342 -0.14607 0.115312 -0.151088 
1.082 -0.000849199 0.366648 0.0121331 0.3703 0.0238059 0.373076 0.0355756 0.375251 0.048173 0.376793 0.0602268 0.37771 0.0721118 0.377998 
4.344 0.179948 -0.032612 0.17166 -0.0419696 0.163804 -0.0497955 0.155947 -0.0570643 0.146687 -0.0644769 0.137732 -0.0711414 0.128582 -0.0769891 
4.273 0.142967 -0.0606903 0.133149 -0.0676436 0.124045 -0.0732918 0.115096 -0.0783716 0.104815 -0.0834268 0.0950382 -0.0876635 0.0851482 -0.0911545 
1.025 0.10941 0.407739 0.124699 0.404918 0.138132 0.40185 0.151266 0.398222 0.165073 0.393227 0.177782 0.387946 0.190076 0.382173 
3.826 -0.161101 -0.277784 -0.183179 -0.266176 -0.202465 -0.254798 -0.220574 -0.242938 -0.23968 -0.228783 -0.256916 -0.214558 -0.273112 -0.199707 
4.352 0.184057 -0.0483632 0.175188 -0.0579093 0.16686 -0.0660471 0.158565 -0.0735723 0.148794 -0.0811691 0.13929 -0.0878431 0.129732 -0.0937881 
3.73 -0.230955 -0.346268 -0.257098 -0.3304 -0.279766 -0.315026 -0.301109 -0.298999 -0.323424 -0.280195 -0.343429 -0.261449 -0.362025 -0.241902 
3.609 -0.319299 -0.227791 -0.338287 -0.206843 -0.354358 -0.187191 -0.369001 -0.16732 -0.383862 -0.144665 -0.396598 -0.122805 -0.408048 -0.100446 
4.027 -0.0412546 -0.181907 -0.0578726 -0.177515 -0.0725214 -0.172906 -0.0865506 -0.167788 -0.101705 -0.161291 -0.115465 -0.154464 -0.128494 -0.146868 
3.938 -0.0994658 -0.134653 -0.113071 -0.126946 -0.124967 -0.119482 -0.136141 -0.111678 -0.148087 -0.102456 -0.158779 -0.0932377 -0.169022 -0.0835217 
3.695 -0.265881 -0.396261 -0.295101 -0.378375 -0.320435 -0.361102 -0.344264 -0.343141 -0.369169 -0.322117 -0.391536 -0.30107 -0.412387 -0.279165 
4.293 0.147761 -0.143556 0.132995 -0.150537 0.11953 -0.155884 0.106323 -0.160819 0.0914157 -0.16498 0.0772677 -0.168396 0.0632208 -0.170716 
1.215 0.0464046 0.263923 0.0535947 0.264713 0.060039 0.2652 0.0665344 0.265419 0.0733691 0.265131 0.0798092 0.264507 0.086207 0.263688 
3.984 0.292946 0.132434 0.294102 0.115858 0.294327 0.101246 0.294015 0.0869643 0.292488 0.0714202 0.290293 0.0569172 0.287303 0.0429259 
3.131 0.452513 0.130379 0.452676 0.104871 0.451737 0.0822275 0.449746 0.0600782 0.446075 0.0363388 0.44137 0.0142554 0.435609 -0.00683693 
3.418 -0.123435 -0.00384879 -0.129455 0.00521603 -0.134484 0.0135578 -0.138865 0.021989 -0.143084 0.0314117 -0.146648 0.0404942 -0.149583 0.0497378 
3.41 0.385399 0.094083 0.383752 0.0725573 0.381346 0.0536155 0.378254 0.035302 0.373396 0.0154148 0.367998 -0.00288615 0.361809 -0.0203397 
3.115 0.585372 -0.192864 0.565462 -0.225063 0.546338 -0.252684 0.526629 -0.278738 0.503327 -0.305792 0.480349 -0.329991 0.456464 -0.352369 
4.102 0.0265443 -0.0524723 0.0175118 -0.0523709 0.0094645 -0.051891 0.00171108 -0.0510173 -0.0067968 -0.0496465 -0.0147249 -0.0479556 -0.022324 -0.0456411 
1.356 -0.117272 0.189275 -0.113825 0.199479 -0.110409 0.208575 -0.106527 0.217409 -0.10188 0.226576 -0.0970335 0.23506 -0.0917978 0.243279 
3.582 -0.339159 -0.173689 -0.355019 -0.151696 -0.368248 -0.131329 -0.380103 -0.110918 -0.391842 -0.0878282 -0.401736 -0.0656222 -0.410352 -0.0430713 
1.29 0.236789 0.44609 0.254384 0.434562 0.269474 0.423446 0.283759 0.411964 0.29846 0.398553 0.311457 0.385234 0.323632 0.371437 
0.86 -0.0933023 0.374182 -0.0806832 0.384424 -0.0691484 0.393062 -0.057314 0.401019 -0.0442305 0.408743 -0.0314154 0.415433 -0.0186199 0.42138 
4.422 0.214875 -0.0428845 0.205967 -0.0540026 0.197471 -0.0632628 0.188952 -0.07225 0.178872 -0.0813024 0.169015 -0.0893499 0.158995 -0.0969611 
4.293 0.155979 0.0166963 0.150694 0.00878944 0.145539 0.0019962 0.14035 -0.00438365 0.134079 -0.0110044 0.127984 -0.016906 0.121565 -0.0223232 
1.305 -0.0782359 0.233105 -0.0726145 0.241195 -0.0671306 0.248329 -0.0614449 0.254907 -0.0548328 0.261744 -0.0482557 0.267771 -0.0415388 0.27348 
3.105 0.44498 0.1701 0.447553 0.144861 0.448751 0.122384 0.448848 0.100573 0.447485 0.0766699 0.444912 0.0544842 0.441332 0.0329496 
1.288 -0.0707026 0.27625 -0.062352 0.283965 -0.0547577 0.290485 -0.0467954 0.29651 -0.0379688 0.3025 -0.029413 0.307709 -0.020761 0.312422 
1.134 0.427174 0.361855 0.43894 0.339514 0.448365 0.31919 0.456722 0.298951 0.464446 0.276366 0.470418 0.254844 0.475399 0.233476 
3.592 -0.33368 -0.190809 -0.350745 -0.168606 -0.365081 -0.148124 -0.377998 -0.127375 -0.390839 -0.104031 -0.401757 -0.0814151 -0.411195 -0.0584526 
4.461 0.238159 -0.102465 0.225571 -0.114753 0.213774 -0.125033 0.201958 -0.134609 0.188237 -0.144125 0.174998 -0.152566 0.161608 -0.160085 
3.33 0.464156 -0.0600055 0.452848 -0.0856797 0.441795 -0.108025 0.430008 -0.129152 0.415699 -0.151469 0.401155 -0.171627 0.385836 -0.190533 
1.332 -0.12412 0.261183 -0.116467 0.271761 -0.109239 0.280926 -0.101724 0.289544 -0.0929817 0.298334 -0.0843905 0.306211 -0.0754206 0.313555 
4.32 0.1731 0.022175 0.168048 0.0132092 0.163176 0.00549425 0.158172 -0.00169642 0.152024 -0.00933886 0.145885 -0.0161991 0.139641 -0.0224477 
3.234 0.42238 0.121477 0.422171 0.0977492 0.421055 0.0768619 0.419043 0.0561966 0.41531 0.0341349 0.410675 0.013622 0.405063 -0.00619799 
1.389 0.136803 0.228311 0.142024 0.223239 0.146528 0.218678 0.150691 0.213921 0.154721 0.208313 0.158337 0.203169 0.161556 0.197748 
3.93 -0.0926174 -0.0120668 -0.0989592 -0.00494301 -0.10432 0.0017108 -0.109144 0.00850546 -0.114055 0.0161376 -0.118347 0.0235732 -0.122096 0.0311894 
1.285 -0.0378304 0.21119 -0.0334298 0.216989 -0.0293029 0.222103 -0.0250355 0.226789 -0.0200609 0.231664 -0.0153126 0.236073 -0.0102072 0.240101 
2.188 -0.385043 -0.340104 -0.411539 -0.314376 -0.434155 -0.290071 -0.455018 -0.265391 -0.47631 -0.237214 -0.494861 -0.209865 -0.511607 -0.181715 
3.793 -0.176852 -0.095617 -0.187964 -0.0833653 -0.197444 -0.0717551 -0.206065 -0.0601061 -0.214854 -0.0468142 -0.222347 -0.033892 -0.22904 -0.0207586 
0.737 0.0587317 0.506355 0.0783265 0.507854 0.095671 0.508498 0.112852 0.508222 0.131188 0.506765 0.148446 0.504431 0.165245 0.501303 
3.01 0.452513 0.200918 0.456758 0.175161 0.459268 0.152288 0.460918 0.129677 0.460955 0.104987 0.459887 0.082062 0.457637 0.0595435 
1.545 0.197069 0.316655 0.20767 0.307405 0.216745 0.298664 0.225331 0.289917 0.233912 0.279623 0.241508 0.269706 0.248637 0.259628 
1.529 0.19433 0.335831 0.206127 0.326656 0.216187 0.318152 0.225785 0.309195 0.235358 0.29904 0.243838 0.288913 0.251645 0.278697 
4.297 0.154609 -0.16547 0.138594 -0.172969 0.123874 -0.178707 0.109504 -0.183707 0.0933436 -0.188269 0.078041 -0.191756 0.0628023 -0.194243 
4.078 0.00942337 -0.00658814 0.00326284 -0.00548698 -0.00235652 -0.004244 -0.00766246 -0.00286024 -0.0135038 -0.00100548 -0.01879 0.00101572 -0.0238967 0.00341842 
1.331 -0.115217 0.276935 -0.106596 0.287227 -0.0985762 0.29609 -0.0903643 0.304226 -0.0810147 0.312513 -0.0716104 0.319927 -0.0621878 0.326785 
3.143 0.548391 -0.10315 0.534012 -0.133469 0.519868 -0.159579 0.505132 -0.184466 0.487334 -0.210596 0.469446 -0.234213 0.450662 -0.256408 
4.305 0.318285 0.0906588 0.317051 0.073015 0.315262 0.057447 0.312787 0.0423372 0.309082 0.0260065 0.304672 0.0108333 0.299508 -0.0036576 
1.383 0.313491 0.298849 0.322599 0.28258 0.330061 0.267843 0.336795 0.253199 0.342788 0.236636 0.347674 0.220943 0.351666 0.205363 
1.637 -0.261772 0.207081 -0.256098 0.225013 -0.250342 0.24077 -0.243844 0.255956 -0.236058 0.271921 -0.227925 0.286705 -0.219098 0.300747 
1.59 0.163512 0.31871 0.174157 0.31202 0.183404 0.305495 0.192266 0.298878 0.201296 0.29061 0.209345 0.282659 0.216936 0.274398 
1.427 0.123791 0.305013 0.13373 0.300258 0.142144 0.296085 0.150438 0.291392 0.158804 0.285891 0.166507 0.280359 0.173855 0.27433 
4.008 -0.0385153 -0.0572661 -0.0475562 -0.0532067 -0.0555023 -0.0491453 -0.0629863 -0.0447774 -0.0710126 -0.0395918 -0.0782596 -0.0342464 -0.0850348 -0.0286151 
1.432 -0.159732 0.25365 -0.151796 0.266413 -0.144072 0.276827 -0.135946 0.286868 -0.1266 0.297219 -0.11734 0.306643 -0.107589 0.315215 
1.505 -0.311766 0.239953 -0.303591 0.260878 -0.296002 0.279361 -0.287445 0.297005 -0.276809 0.315301 -0.266184 0.332119 -0.25465 0.348128 
3.08 0.497713 0.0639501 0.493667 0.0358978 0.488671 0.0113585 0.482882 -0.012352 0.474835 -0.0377485 0.466154 -0.0612227 0.456393 -0.083502 
3.359 0.437447 -0.00932749 0.429453 -0.033698 0.421061 -0.0548209 0.412128 -0.0749295 0.400898 -0.0964555 0.389415 -0.115938 0.377382 -0.134309 
1.188 -0.159732 0.289262 -0.151015 0.302913 -0.142965 0.314708 -0.134017 0.326023 -0.123864 0.337537 -0.113565 0.347912 -0.102968 0.357569 
1.555 0.161457 0.29611 0.171119 0.288888 0.179196 0.282322 0.187044 0.27525 0.194766 0.267266 0.201649 0.259422 0.207977 0.25143 
2.17 -0.400794 -0.342843 -0.427737 -0.316106 -0.450394 -0.291369 -0.471558 -0.265848 -0.493016 -0.236766 -0.511641 -0.208639 -0.52858 -0.179725 
3.697 -0.2515 -0.240118 -0.271329 -0.223097 -0.288325 -0.206923 -0.304064 -0.190392 -0.320251 -0.171311 -0.334459 -0.152719 -0.34746 -0.133529 
1.312 -0.0850842 0.257759 -0.0779953 0.266118 -0.071342 0.273378 -0.0643587 0.28017 -0.0567097 0.286999 -0.0488725 0.293116 -0.0409457 0.298808 
4.082 0.0135324 -0.0606903 0.00411529 -0.0597893 -0.00432689 -0.0585268 -0.0123446 -0.0570172 -0.0211691 -0.0547423 -0.0292494 -0.0522966 -0.0370719 -0.0493145 
1.493 -0.189864 0.146131 -0.187291 0.159596 -0.184377 0.171648 -0.180839 0.183323 -0.176527 0.195538 -0.171627 0.206754 -0.166331 0.217782 
3.971 -0.0830297 -0.128489 -0.0964506 -0.121826 -0.108224 -0.115243 -0.119219 -0.108291 -0.131057 -0.100065 -0.141577 -0.0917074 -0.151502 -0.0828219 
3.793 -0.179592 -0.199028 -0.197057 -0.186145 -0.21211 -0.173885 -0.226135 -0.161197 -0.240687 -0.146541 -0.253649 -0.131953 -0.265521 -0.116839 
3.9 -0.127544 -0.0695932 -0.137489 -0.0603575 -0.146158 -0.051641 -0.154014 -0.0427242 -0.161972 -0.0324668 -0.168928 -0.0224959 -0.175132 -0.0122165 
4.586 0.288152 -0.103835 0.275522 -0.119267 0.263609 -0.13238 0.251429 -0.14467 0.237248 -0.157256 0.223433 -0.16835 0.209259 -0.178273 
1.918 -0.180962 0.172839 -0.177839 0.186106 -0.174249 0.197791 -0.170205 0.209059 -0.164981 0.220977 -0.159326 0.231819 -0.153365 0.242469 
3.207 0.51004 -0.0853445 0.497318 -0.113516 0.48475 -0.138108 0.471186 -0.161474 0.454986 -0.185771 0.438524 -0.207588 0.421361 -0.228269 
1.276 -0.0604301 0.286522 -0.0515347 0.293633 -0.0433028 0.299657 -0.0348658 0.305103 -0.0256768 0.310374 -0.0166814 0.314889 -0.00753769 0.318968 
1.336 0.280619 0.292001 0.289447 0.277752 0.296664 0.26474 0.303164 0.251708 0.309153 0.237104 0.314179 0.223144 0.318252 0.209271 
1.048 0.40526 0.461156 0.422449 0.440341 0.436669 0.421222 0.449811 0.40183 0.462596 0.379846 0.473485 0.358704 0.483195 0.337428 
1.439 0.182687 0.177633 0.185135 0.169808 0.186911 0.162741 0.188478 0.155875 0.189459 0.14828 0.190096 0.141026 0.190341 0.133936 
1.269 -0.0446788 0.276935 -0.0363928 0.282921 -0.0287567 0.288077 -0.0210582 0.292686 -0.012514 0.297137 -0.00447139 0.300911 0.00370315 0.304246 
3.131 0.537433 -0.0737022 0.524833 -0.103503 0.512287 -0.129153 0.49907 -0.15383 0.482989 -0.179641 0.466724 -0.203023 0.449569 -0.224993 
0.857 -0.20767 0.320764 -0.19803 0.337901 -0.188612 0.352845 -0.178734 0.367095 -0.167178 0.381745 -0.155592 0.395049 -0.143456 0.407499 
4.227 0.21145 0.0173812 0.20619 0.00594668 0.200947 -0.00387612 0.195535 -0.0132668 0.188822 -0.023127 0.182121 -0.031898 0.175033 -0.0398302 
1.011 -0.469963 0.23242 -0.462986 0.263361 -0.455512 0.290665 -0.446748 0.316972 -0.435671 0.344946 -0.423787 0.370706 -0.410612 0.395405 
1.253 0.0833858 0.267347 0.0908884 0.265745 0.0972887 0.264205 0.103611 0.262429 0.110086 0.259893 0.11613 0.257316 0.122011 0.254431 
2.16 -0.433667 -0.299699 -0.457938 -0.271169 -0.478356 -0.244402 -0.496948 -0.217579 -0.515519 -0.187027 -0.531681 -0.157513 -0.545742 -0.127472 
3.471 -0.116587 0.013957 -0.121365 0.022583 -0.125326 0.0305151 -0.128766 0.0383498 -0.132153 0.0470148 -0.134847 0.0551648 -0.137052 0.0632868 
3.412 0.442241 -0.0784961 0.430061 -0.102739 0.418602 -0.123812 0.406163 -0.143756 0.391281 -0.164817 0.376464 -0.183407 0.360683 -0.201045 
1.6 0.208026 0.204342 0.212226 0.194848 0.215438 0.186431 0.218434 0.177856 0.22073 0.168067 0.222496 0.158836 0.223651 0.149617 
3.16 0.516888 -0.0613752 0.505552 -0.0900748 0.494158 -0.115079 0.48184 -0.138679 0.466711 -0.163929 0.451465 -0.186451 0.435121 -0.207677 
3.9 -0.116587 -0.269566 -0.13817 -0.2606 -0.157134 -0.25162 -0.175146 -0.242042 -0.194233 -0.230538 -0.211555 -0.218673 -0.22786 -0.206086 
1.3 0.242953 0.398836 0.258026 0.386635 0.270894 0.375269 0.282992 0.363673 0.29514 0.350143 0.306021 0.336848 0.316176 0.323465 
1.154 -0.241912 0.248856 -0.23431 0.266044 -0.227066 0.281227 -0.219016 0.295646 -0.209494 0.310706 -0.199802 0.324506 -0.189438 0.337519 
3.688 -0.259718 -0.345583 -0.285829 -0.328114 -0.308392 -0.311371 -0.329552 -0.294048 -0.35159 -0.273975 -0.371299 -0.253909 -0.389543 -0.233077 
1.232 -0.595288 0.298849 -0.585619 0.338513 -0.575312 0.373448 -0.563484 0.407248 -0.548434 0.443014 -0.532425 0.475905 -0.514769 0.507265 
1.785 -0.221367 0.207081 -0.21584 0.222972 -0.210307 0.2368 -0.20418 0.250218 -0.196866 0.264309 -0.189244 0.27725 -0.180968 0.289643 
1.562 -0.490508 0.21256 -0.483977 0.244132 -0.476898 0.272009 -0.468666 0.29908 -0.45813 0.32787 -0.446827 0.354394 -0.434183 0.379936 
1.328 -0.106999 0.259129 -0.0995168 0.268815 -0.0926673 0.277238 -0.0852813 0.285159 -0.0771579 0.293117 -0.0688489 0.300305 -0.0605509 0.306956 
2.152 -0.448048 -0.287372 -0.471629 -0.257845 -0.491412 -0.230508 -0.509353 -0.202908 -0.527192 -0.171492 -0.542275 -0.141143 -0.555558 -0.110724 
3.287 0.455938 0.00299959 0.448555 -0.0223152 0.440793 -0.04441 0.432502 -0.0657714 0.421987 -0.0883127 0.410788 -0.108658 0.398617 -0.128147 
1.422 0.351842 0.307068 0.361582 0.288705 0.36936 0.27198 0.376339 0.255082 0.38258 0.236195 0.387697 0.218334 0.391646 0.200697 
3.986 0.279249 0.124901 0.280292 0.109413 0.280395 0.0956987 0.279998 0.0822546 0.278452 0.0676533 0.276272 0.054033 0.273405 0.0408404 
