1.444 0.651801 0.0694288 0.647222 0.0327374 0.641255 0.000323898 0.634071 -0.0309659 0.624086 -0.0645444 0.613126 -0.0955078 0.600723 -0.125141 
4.176 0.231311 0.0913437 0.230272 0.0788678 0.228734 0.0679412 0.226883 0.0573108 0.223982 0.0458667 0.220842 0.035319 0.217101 0.0251979 
1.457 0.242953 0.274195 0.251453 0.262201 0.258281 0.251109 0.264756 0.240128 0.27063 0.22745 0.275737 0.215556 0.280032 0.203704 
0.809 -0.0727572 0.402945 -0.0586539 0.41218 -0.0458185 0.419873 -0.0327519 0.426737 -0.0182823 0.433327 -0.00442207 0.438766 0.00948143 0.443515 
0.963 -0.199452 0.287207 -0.191137 0.303374 -0.183077 0.317541 -0.174478 0.330937 -0.164497 0.344878 -0.154267 0.357468 -0.143642 0.369488 
3.977 -0.0713875 -0.0572661 -0.0803203 -0.0515805 -0.088087 -0.0460795 -0.0952955 -0.0403691 -0.102985 -0.0337038 -0.109718 -0.0270907 -0.11614 -0.0201388 
2.258 0.610026 0.072853 0.605423 0.0387205 0.599721 0.00871897 0.592867 -0.0202497 0.583457 -0.0513717 0.573148 -0.0799979 0.561426 -0.107444 
0.857 -0.0796055 0.37966 -0.0666212 0.389132 -0.0545821 0.397185 -0.0422713 0.404426 -0.0287177 0.411436 -0.0154739 0.417352 -0.0022233 0.422557 
0.989 -0.214519 0.272826 -0.206789 0.289852 -0.199313 0.304769 -0.19109 0.318959 -0.181477 0.333756 -0.171625 0.347235 -0.161283 0.360094 
1.638 -0.466539 -0.137392 -0.481881 -0.10641 -0.494244 -0.0780127 -0.504821 -0.0496792 -0.514769 -0.0182147 -0.522464 0.0117923 -0.528516 0.0418441 
3.17 -0.341898 -0.0257636 -0.349244 -0.00347678 -0.354784 0.0169808 -0.359178 0.0369639 -0.362847 0.059107 -0.365171 0.0800835 -0.36641 0.10092 
0.929 -0.0933023 0.350897 -0.0817576 0.360976 -0.0710719 0.369579 -0.0601166 0.377394 -0.0478766 0.385214 -0.0359314 0.391864 -0.0238634 0.398001 
1.645 -0.443254 -0.113423 -0.457149 -0.0836649 -0.468345 -0.0565232 -0.477841 -0.0294716 -0.486666 0.000485076 -0.493309 0.0291078 -0.498451 0.0576824 
0.746 -0.052212 0.44609 -0.0361527 0.454596 -0.0215969 0.461597 -0.00688989 0.467698 0.00928133 0.473334 0.0248739 0.477824 0.0404059 0.481497 
0.766 -0.0316669 0.439241 -0.015719 0.4463 -0.00128245 0.452056 0.0132626 0.456908 0.0292994 0.461199 0.0444787 0.464411 0.0596923 0.46688 
3.59 -0.339844 -0.205191 -0.357503 -0.182949 -0.372378 -0.162337 -0.385753 -0.141448 -0.399154 -0.11797 -0.410546 -0.0953122 -0.420603 -0.072157 
4.102 0.027914 -0.302438 0.0039947 -0.301871 -0.0173155 -0.300274 -0.0379347 -0.297725 -0.0603341 -0.293683 -0.0810602 -0.288751 -0.101276 -0.282769 
0.748 -0.0220792 0.450883 -0.00571625 0.457438 0.00908546 0.462686 0.0238799 0.466987 0.0401785 0.470748 0.0556643 0.473396 0.0709045 0.475264 
4.047 -0.0138611 -0.0339816 -0.0215006 -0.0317578 -0.0282602 -0.0294025 -0.0346727 -0.0268271 -0.0416249 -0.0236182 -0.0479154 -0.0202451 -0.0540866 -0.0166145 
4.148 0.0505136 0.000260238 0.044591 -0.00144559 0.0391931 -0.00263841 0.0339476 -0.00357233 0.0280634 -0.00424931 0.022602 -0.00461743 0.0171131 -0.00456247 
0.995 -0.169319 0.292686 -0.160574 0.307046 -0.152185 0.319546 -0.143221 0.331304 -0.132883 0.343463 -0.122558 0.354404 -0.11201 0.36467 
4.195 0.0895494 0.0112176 0.0842589 0.00751971 0.0793393 0.00455193 0.0744608 0.00189225 0.0688224 -0.000789005 0.0635821 -0.00299399 0.0581309 -0.00476904 
4.188 0.078592 -0.275045 0.0561364 -0.277609 0.0359873 -0.278851 0.0163777 -0.279142 -0.00511088 -0.278225 -0.0250963 -0.276297 -0.0447487 -0.273286 
4.109 0.0381865 -0.312711 0.0137309 -0.312826 -0.00806775 -0.311794 -0.029202 -0.309807 -0.0522498 -0.306341 -0.0736051 -0.30191 -0.0944478 -0.296404 
1.607 -0.553513 -0.183961 -0.571446 -0.147841 -0.585877 -0.114884 -0.598259 -0.0818757 -0.609815 -0.0452281 -0.618765 -0.0102349 -0.625943 0.0247122 
0.878 -0.18644 0.321449 -0.176389 0.337158 -0.166891 0.350759 -0.15667 0.363698 -0.145056 0.376887 -0.133352 0.388756 -0.121341 0.399952 
1.05 0.429914 0.432393 0.445225 0.410314 0.457615 0.390082 0.46866 0.369613 0.479466 0.346757 0.48843 0.324724 0.496006 0.302792 
4.129 0.0539378 -0.328462 0.028392 -0.329374 0.00558666 -0.328968 -0.0165362 -0.327579 -0.0406517 -0.324655 -0.0630128 -0.3207 -0.0849148 -0.315616 
0.801 -0.0330366 0.422805 -0.0178654 0.429755 -0.00396428 0.435451 0.00984541 0.440239 0.0251009 0.44452 0.0396801 0.447749 0.0541196 0.450313 
0.762 -0.0713875 0.433078 -0.0560131 0.44253 -0.0419849 0.450477 -0.027715 0.457478 -0.011905 0.464153 0.00333682 0.469598 0.0185567 0.474348 
1.63 -0.477496 -0.156568 -0.493682 -0.125056 -0.506836 -0.0962099 -0.518181 -0.0674014 -0.528859 -0.0353389 -0.537246 -0.00472147 -0.544015 0.0259218 
4.168 0.0676346 -0.283263 0.0447859 -0.285191 0.0243168 -0.285858 0.0044338 -0.285587 -0.0173237 -0.284043 -0.0375731 -0.28153 -0.057396 -0.277886 
4.164 0.0662649 -0.299014 0.0425694 -0.30072 0.0213157 -0.301162 0.000688091 -0.300617 -0.021877 -0.298725 -0.0428673 -0.295847 -0.063382 -0.291825 
3.963 -0.0871387 -0.206561 -0.105105 -0.199401 -0.120784 -0.192214 -0.135522 -0.184451 -0.151527 -0.175203 -0.165854 -0.165696 -0.179521 -0.155465 
1.127 0.388139 0.360485 0.40002 0.340355 0.409651 0.322077 0.418247 0.303791 0.426217 0.283224 0.432817 0.263589 0.438104 0.244045 
4.137 0.0457198 -0.289426 0.0224095 -0.289936 0.00160621 -0.289354 -0.0185099 -0.287829 -0.0405135 -0.284917 -0.0608548 -0.281052 -0.0807556 -0.276153 
1.016 0.520997 0.496768 0.539667 0.469041 0.555001 0.443639 0.568862 0.418122 0.58211 0.389455 0.593104 0.361975 0.602352 0.334469 
0.786 -0.0885084 0.409793 -0.0742488 0.420289 -0.0611611 0.429124 -0.0478518 0.437035 -0.0330205 0.444806 -0.0186136 0.451327 -0.00416906 0.457053 
0.849 -0.141926 0.357061 -0.130328 0.370319 -0.119525 0.381702 -0.108249 0.392311 -0.0955274 0.403043 -0.0828581 0.412492 -0.0700407 0.421313 
4.203 0.0909191 -0.268196 0.0688703 -0.271311 0.0490553 -0.273123 0.0297559 -0.273948 0.00858521 -0.273664 -0.0111319 -0.272326 -0.0305513 -0.269904 
1.741 -0.393261 -0.151089 -0.408084 -0.125451 -0.420178 -0.102024 -0.430703 -0.078583 -0.440796 -0.052617 -0.448799 -0.0276852 -0.455461 -0.00292139 
4.008 -0.0501575 -0.114108 -0.0624741 -0.109589 -0.0733494 -0.104937 -0.0836692 -0.0999465 -0.0947401 -0.093882 -0.104744 -0.0876177 -0.114302 -0.0808446 
3.945 -0.0953568 -0.180537 -0.111751 -0.173 -0.126091 -0.165526 -0.139623 -0.157574 -0.154037 -0.148109 -0.166959 -0.138473 -0.179284 -0.128235 
1.037 0.444295 0.463895 0.461535 0.440816 0.475772 0.419719 0.488655 0.398301 0.501215 0.374248 0.511766 0.351008 0.520847 0.32775 
0.722 -0.0433091 0.459101 -0.0264963 0.467099 -0.0112353 0.473616 0.00415621 0.479178 0.0210284 0.484219 0.0372033 0.48809 0.0532648 0.491085 
4.27 0.236789 0.00984797 0.230807 -0.00287976 0.225075 -0.0138072 0.219055 -0.024229 0.211526 -0.0351643 0.204067 -0.0450682 0.19606 -0.0542562 
4.246 0.247747 0.035187 0.243536 0.0218941 0.239195 0.010319 0.234483 -0.000778806 0.228551 -0.0125747 0.222556 -0.0233237 0.216022 -0.0335076 
4.168 0.0792768 -0.331201 0.0536134 -0.333683 0.0306046 -0.334749 0.0082374 -0.334717 -0.0162536 -0.333291 -0.0390671 -0.330728 -0.0614577 -0.326948 
4.199 0.0970826 -0.340789 0.0707673 -0.344204 0.0472096 -0.345995 0.0241709 -0.34672 -0.00100921 -0.346041 -0.0244682 -0.344159 -0.0475278 -0.341004 
3.986 -0.0638543 -0.0791809 -0.0742017 -0.0739209 -0.0832562 -0.0687173 -0.0917543 -0.0632333 -0.100827 -0.0567252 -0.108901 -0.0501682 -0.116638 -0.0431552 
3.408 -0.375455 -0.167525 -0.391068 -0.143049 -0.404025 -0.12059 -0.415509 -0.0980384 -0.426731 -0.0727687 -0.435838 -0.048471 -0.443575 -0.0239355 
1.231 0.33883 0.314601 0.348986 0.296972 0.357001 0.280839 0.364269 0.264764 0.370837 0.246706 0.376269 0.229557 0.380566 0.212532 
4.219 0.214875 0.0707985 0.212762 0.0592694 0.210324 0.0491997 0.207587 0.0395084 0.203774 0.0291314 0.199838 0.0195768 0.195355 0.0105063 
1.681 -0.404903 -0.130544 -0.41951 -0.103463 -0.431372 -0.0785786 -0.441648 -0.053712 -0.451439 -0.0260709 -0.459196 0.000466893 -0.465568 0.0268608 
4.219 0.228571 0.0612108 0.225995 0.0489344 0.223031 0.0382397 0.219787 0.0279015 0.215434 0.01688 0.210884 0.00675382 0.205771 -0.00286772 
4.312 0.268292 0.0153267 0.262834 0.000774619 0.257274 -0.0118769 0.251359 -0.023967 0.243944 -0.0367954 0.236385 -0.0484475 0.228369 -0.0593761 
4.07 0.0121627 -0.340104 -0.0138179 -0.338655 -0.0369739 -0.336217 -0.0593372 -0.332776 -0.0836392 -0.32765 -0.10605 -0.321627 -0.127821 -0.314437 
3.328 -0.188495 0.109834 -0.189298 0.124154 -0.18956 0.137082 -0.189046 0.149652 -0.188014 0.163197 -0.186081 0.175995 -0.183663 0.188562 
2.217 -0.417231 0.0276537 -0.422812 0.0556464 -0.426602 0.0810928 -0.428854 0.106066 -0.430008 0.133214 -0.42966 0.158791 -0.428024 0.184288 
0.795 -0.144665 0.385824 -0.131677 0.399702 -0.119597 0.411502 -0.107222 0.422365 -0.0931506 0.433367 -0.0792264 0.443093 -0.0651826 0.451898 
0.864 -0.2289 0.307752 -0.219719 0.326074 -0.210792 0.342094 -0.201173 0.357335 -0.18989 0.373229 -0.178409 0.387606 -0.166453 0.401248 
0.755 0.0231201 0.463895 0.0405954 0.46757 0.0561915 0.470172 0.0716619 0.47184 0.0883644 0.472616 0.104187 0.472529 0.119637 0.471668 
3.6 -0.329571 -0.233954 -0.349126 -0.212368 -0.365656 -0.192151 -0.380699 -0.171715 -0.395978 -0.148481 -0.409053 -0.12593 -0.420836 -0.102928 
4.023 -0.0371456 -0.10452 -0.0491266 -0.100574 -0.0596726 -0.0964995 -0.0697335 -0.092045 -0.0804882 -0.0865715 -0.0902259 -0.0808948 -0.0995243 -0.0747129 
2.191 0.629201 0.098192 0.62635 0.0628053 0.622095 0.0314724 0.616543 0.0011667 0.608452 -0.0315153 0.599251 -0.061673 0.588513 -0.0906836 
4.188 0.0813313 -0.291481 0.0579594 -0.294111 0.0370338 -0.295367 0.0166277 -0.295655 -0.00568277 -0.294657 -0.0264474 -0.292624 -0.0468395 -0.289494 
0.783 -0.048103 0.425544 -0.032963 0.433442 -0.0191737 0.439945 -0.00529697 0.445615 0.00993842 0.450755 0.0247038 0.454868 0.0392195 0.458185 
4.121 0.0546227 -0.362704 0.0271214 -0.363662 0.00256274 -0.363262 -0.0212752 -0.361762 -0.0473046 -0.358676 -0.0714136 -0.354433 -0.0950309 -0.348969 
4.082 -0.000164361 -0.138077 -0.0142911 -0.136251 -0.0268681 -0.133878 -0.0388985 -0.131068 -0.0519607 -0.127261 -0.063926 -0.12299 -0.0755736 -0.118041 
4.172 0.0655801 -0.112053 0.0528253 -0.114076 0.0412794 -0.115298 0.0300898 -0.115921 0.0178391 -0.115967 0.00631004 -0.115381 -0.00508931 -0.114063 
1.634 -0.463115 -0.113423 -0.476797 -0.0826996 -0.487705 -0.0547815 -0.496951 -0.0269117 -0.505534 0.00393459 -0.511927 0.0332957 -0.516725 0.06266 
4.09 0.0258595 -0.337365 -6.07409e-05 -0.336611 -0.0231502 -0.334775 -0.0454913 -0.331905 -0.0697777 -0.327402 -0.0922237 -0.321957 -0.114044 -0.315363 
1.958 -0.211094 0.172154 -0.207382 0.187292 -0.203521 0.200647 -0.198916 0.213459 -0.193335 0.227045 -0.187155 0.239495 -0.180628 0.251524 
4.094 0.0388714 -0.370237 0.0109646 -0.370221 -0.0138841 -0.368948 -0.0379965 -0.366585 -0.0642172 -0.362495 -0.0885272 -0.357369 -0.112229 -0.351006 
3.561 -0.352171 -0.186016 -0.368803 -0.163352 -0.382664 -0.142396 -0.395095 -0.121291 -0.407484 -0.0975305 -0.417816 -0.0745922 -0.426978 -0.051398 
0.814 -0.10426 0.388563 -0.0908571 0.399807 -0.0785129 0.409344 -0.0658673 0.418076 -0.0517451 0.4266 -0.0379599 0.433959 -0.0239996 0.440545 
4.098 0.0381865 -0.355855 0.0110981 -0.355918 -0.0130204 -0.354752 -0.0364422 -0.352502 -0.0619455 -0.348606 -0.0855243 -0.343666 -0.108529 -0.337556 
0.842 -0.197398 0.331037 -0.187144 0.347543 -0.177391 0.361894 -0.166951 0.375444 -0.154961 0.38945 -0.142898 0.402076 -0.130446 0.413916 
4.043 -0.0309821 -0.153828 -0.0458768 -0.150112 -0.0590125 -0.14613 -0.0715464 -0.141677 -0.0850956 -0.136012 -0.0972134 -0.130062 -0.109108 -0.123447 
2.186 0.526476 0.255705 0.532858 0.226113 0.537129 0.199784 0.54021 0.173814 0.541648 0.145391 0.541769 0.118741 0.540393 0.0927371 
2.158 0.642898 0.089974 0.639356 0.0539751 0.634547 0.0221321 0.628425 -0.00866217 0.619694 -0.0417952 0.609974 -0.0724872 0.598701 -0.101981 
4.066 0.000520477 -0.308602 -0.0237445 -0.306551 -0.0453431 -0.303611 -0.0661503 -0.299761 -0.0886817 -0.294297 -0.109426 -0.288028 -0.129558 -0.280689 
0.896 -0.202876 0.305013 -0.193806 0.321717 -0.185103 0.336248 -0.175675 0.350062 -0.164728 0.364416 -0.15357 0.377383 -0.141985 0.389632 
0.714 -0.0843994 0.457732 -0.0677344 0.468174 -0.0526003 0.476949 -0.0371354 0.484738 -0.0200767 0.492209 -0.00352129 0.49832 0.0130284 0.503615 
3.34 -0.179592 0.0262841 -0.183683 0.0389644 -0.186752 0.0504267 -0.189265 0.0617448 -0.191355 0.0741522 -0.192556 0.0859544 -0.193303 0.0977089 
4.363 0.286098 0.0235447 0.280748 0.0079777 0.275199 -0.00554638 0.269317 -0.0184984 0.261935 -0.0321954 0.254444 -0.0446173 0.246366 -0.0563402 
4.145 0.0436653 -0.151089 0.0288155 -0.151865 0.0154648 -0.151872 0.00262277 -0.151248 -0.0115368 -0.14977 -0.0246322 -0.147675 -0.0375669 -0.144831 
4.113 0.0333927 -0.0127517 0.0267176 -0.0130119 0.0207061 -0.0128827 0.014969 -0.0124981 0.0085901 -0.0116988 0.00286487 -0.0105879 -0.00286195 -0.00917843 
0.75 0.0402411 0.476907 0.0580078 0.479746 0.0738167 0.481563 0.0895024 0.482575 0.106394 0.482561 0.122392 0.48178 0.137889 0.480245 
1.192 0.366909 0.322134 0.377219 0.302703 0.385638 0.285207 0.393112 0.267654 0.399805 0.248022 0.405133 0.229271 0.40927 0.210656 
1.132 -0.266566 0.247487 -0.259215 0.26653 -0.252003 0.283402 -0.244027 0.299556 -0.234549 0.316427 -0.224624 0.331903 -0.214172 0.346525 
4.02 -0.0446788 -0.163416 -0.0599714 -0.158902 -0.0733938 -0.154134 -0.0862332 -0.148856 -0.0999449 -0.142413 -0.112472 -0.135604 -0.12443 -0.128198 
2.121 0.205972 0.161882 0.20784 0.15245 0.208944 0.143911 0.209796 0.135587 0.20993 0.126376 0.209757 0.117765 0.209018 0.109498 
0.735 -0.0138611 0.463211 0.00342744 0.469291 0.018932 0.474027 0.0345147 0.47789 0.0514298 0.481014 0.0676096 0.483056 0.0834864 0.484293 
0.772 -0.139186 0.400205 -0.125419 0.413714 -0.112609 0.425223 -0.0994132 0.435831 -0.0845508 0.446423 -0.0699388 0.455654 -0.0552526 0.464043 
0.827 -0.174798 0.354321 -0.163341 0.369707 -0.152633 0.382921 -0.14133 0.395258 -0.128416 0.40802 -0.115607 0.41935 -0.10254 0.429907 
3.053 0.343624 0.181742 0.34771 0.16252 0.350444 0.145371 0.352304 0.128504 0.353125 0.110028 0.352953 0.0927265 0.351771 0.0758709 
0.812 -0.121381 0.385824 -0.10843 0.398026 -0.0964295 0.408415 -0.0840976 0.417944 -0.0701714 0.427473 -0.0564825 0.435785 -0.0427118 0.443312 
1.161 0.370333 0.345418 0.381492 0.326147 0.390493 0.308775 0.398722 0.291411 0.406097 0.271852 0.412336 0.253262 0.417313 0.234736 
0.797 -0.0104369 0.433078 0.00528872 0.438546 0.0195095 0.442856 0.03376 0.446325 0.0493133 0.449131 0.0641361 0.451 0.0787128 0.452156 
0.772 0.00599918 0.448144 0.0226141 0.452778 0.0375763 0.456297 0.0525063 0.45895 0.0686268 0.46079 0.0840171 0.461726 0.0990057 0.461914 
0.831 -0.0570059 0.400205 -0.0428059 0.408533 -0.0299424 0.415397 -0.0168976 0.421404 -0.00243824 0.427076 0.0114258 0.431647 0.0252655 0.435517 
0.955 -0.163841 0.306383 -0.154674 0.320517 -0.145937 0.332807 -0.1368 0.344421 -0.126392 0.35643 -0.115901 0.367161 -0.105211 0.377297 
3.58 0.332667 0.155718 0.335243 0.137284 0.336606 0.120762 0.337235 0.10461 0.33672 0.0869735 0.335402 0.0705172 0.333068 0.0544773 
4.066 0.0046295 -0.328462 -0.0206831 -0.326747 -0.0432199 -0.324055 -0.0649874 -0.32041 -0.088609 -0.315092 -0.110353 -0.308897 -0.131476 -0.301598 
1.379 0.1505 0.189275 0.152948 0.183643 0.15482 0.1786 0.156536 0.173656 0.157954 0.168187 0.159094 0.163002 0.159816 0.15794 
4.145 0.0498288 -0.0846596 0.0391438 -0.0858544 0.0294825 -0.0862041 0.0201023 -0.0862858 0.0097899 -0.08568 0.000220024 -0.0846333 -0.00926939 -0.0830322 
0.938 -0.111108 0.33994 -0.0999514 0.351016 -0.0895963 0.360509 -0.0788417 0.369252 -0.0668167 0.378023 -0.055061 0.385624 -0.0431225 0.392592 
4.102 0.00942337 -0.163416 -0.00610361 -0.162163 -0.019903 -0.160285 -0.0331613 -0.157857 -0.0476218 -0.154353 -0.0609275 -0.150377 -0.0738501 -0.145654 
1.329 0.0929736 0.313231 0.103042 0.310942 0.111828 0.308599 0.120455 0.305888 0.129437 0.302319 0.137843 0.298547 0.145873 0.294531 
3.979 -0.0761813 -0.171634 -0.0921417 -0.165231 -0.10609 -0.158783 -0.119285 -0.151845 -0.13341 -0.143428 -0.146137 -0.134896 -0.158262 -0.125692 
4 -0.0604301 -0.190809 -0.0776647 -0.185355 -0.0928332 -0.179756 -0.107209 -0.173565 -0.122578 -0.165917 -0.136535 -0.157991 -0.150043 -0.149304 
4.059 -0.0166005 -0.152459 -0.0311981 -0.14968 -0.0441828 -0.146531 -0.0565425 -0.14281 -0.0698384 -0.13799 -0.0820267 -0.132865 -0.0938427 -0.126997 
4.137 0.0354472 -0.123695 0.02212 -0.124093 0.010215 -0.123762 -0.00128617 -0.122862 -0.0139281 -0.121231 -0.0255706 -0.119049 -0.0370195 -0.116189 
4.355 0.29911 0.0297083 0.294339 0.0136599 0.289273 -0.000365286 0.283885 -0.0137947 0.276968 -0.0280624 0.269968 -0.0411344 0.262327 -0.0535785 
3.998 -0.0604301 -0.16821 -0.0759836 -0.16278 -0.0897051 -0.15718 -0.102661 -0.151087 -0.11652 -0.143695 -0.12917 -0.13604 -0.141063 -0.127816 
0.851 -0.10152 0.372812 -0.0888226 0.383642 -0.0770827 0.39289 -0.0650359 0.401298 -0.0515216 0.409624 -0.038416 0.416741 -0.0251282 0.42312 
1.089 0.457307 0.407054 0.471824 0.382575 0.48353 0.360291 0.493942 0.337908 0.503579 0.31293 0.511503 0.289077 0.517746 0.265299 
1.18 0.328558 0.337885 0.339265 0.321283 0.348132 0.306281 0.356146 0.291062 0.363738 0.274001 0.370156 0.257658 0.375423 0.241336 
0.779 -0.296699 0.305013 -0.288517 0.327902 -0.280045 0.348258 -0.270871 0.367605 -0.259657 0.387962 -0.248123 0.406572 -0.235846 0.424447 
1.095 0.414162 0.381715 0.427066 0.360263 0.437448 0.34073 0.446728 0.321135 0.455431 0.299226 0.462576 0.278243 0.468225 0.257424 
0.807 -0.154253 0.374866 -0.141745 0.389187 -0.1302 0.401476 -0.118082 0.412988 -0.104364 0.424568 -0.0908779 0.434816 -0.0770127 0.444282 
4.043 -0.026873 -0.178482 -0.0433808 -0.175053 -0.0578615 -0.171209 -0.0718275 -0.166808 -0.0869259 -0.161148 -0.100487 -0.155032 -0.113704 -0.148235 
0.915 -0.187125 0.307068 -0.178058 0.322626 -0.169366 0.336215 -0.160037 0.349118 -0.149215 0.362445 -0.138168 0.374444 -0.126811 0.385795 
0.896 -0.171374 0.323504 -0.161446 0.338264 -0.151882 0.351177 -0.141718 0.363268 -0.130241 0.375683 -0.118705 0.386757 -0.107027 0.39715 
0.834 -0.159732 0.36117 -0.14776 0.375784 -0.136418 0.388471 -0.12464 0.400259 -0.111369 0.41215 -0.0981483 0.422746 -0.0846986 0.432611 
3.199 -0.31382 -0.0168607 -0.32062 0.00379808 -0.32581 0.0224831 -0.329783 0.0409439 -0.333119 0.0613779 -0.33522 0.0806834 -0.336353 0.0999113 
0.916 -0.126174 0.33857 -0.115133 0.350573 -0.104924 0.360889 -0.094248 0.37042 -0.0822744 0.380016 -0.0702831 0.388458 -0.0582823 0.396292 
3.336 -0.208355 0.109149 -0.207497 0.123307 -0.206242 0.136024 -0.204311 0.148385 -0.201559 0.161522 -0.19821 0.173755 -0.194365 0.18583 
1.291 0.0772223 0.309122 0.087229 0.30774 0.0960225 0.306126 0.104575 0.304119 0.113659 0.301303 0.122078 0.298246 0.130198 0.294934 
3.375 -0.177537 -0.0387755 -0.185597 -0.0264262 -0.19235 -0.0150414 -0.198247 -0.00352217 -0.204143 0.00931737 -0.208956 0.0217003 -0.213049 0.0342515 
4.121 0.0292837 -0.156568 0.0139056 -0.156539 0.000309433 -0.155762 -0.0128123 -0.154393 -0.0271606 -0.152078 -0.0404672 -0.149204 -0.0534606 -0.14553 
1.33 -0.094672 0.189275 -0.0917278 0.198353 -0.0884325 0.206439 -0.0847684 0.214211 -0.0805349 0.222324 -0.0760281 0.22992 -0.0713478 0.237166 
4.301 0.290892 0.0543624 0.287311 0.0384396 0.283389 0.0245052 0.279089 0.0111253 0.273333 -0.00319881 0.267393 -0.016239 0.260826 -0.0286083 
1.347 -0.243967 0.222148 -0.237917 0.239757 -0.23186 0.255265 -0.225006 0.270038 -0.21678 0.285605 -0.20814 0.299768 -0.199043 0.313468 
1.064 0.386084 0.497452 0.405638 0.477703 0.422106 0.459325 0.437285 0.440572 0.452481 0.419154 0.465722 0.398409 0.477576 0.377408 
0.891 -0.0857691 0.362539 -0.0735921 0.372247 -0.0623871 0.380453 -0.0508059 0.387971 -0.038062 0.395257 -0.0255135 0.401509 -0.0130281 0.40706 
0.756 -0.311081 0.311861 -0.302564 0.335989 -0.293982 0.357178 -0.284377 0.377574 -0.272958 0.398934 -0.260998 0.418463 -0.248258 0.437103 
1.476 0.229941 0.285838 0.238574 0.274727 0.245795 0.264599 0.252414 0.254313 0.258791 0.242669 0.264304 0.23144 0.268937 0.220286 
4.387 0.25528 0.00710862 0.249006 -0.00651524 0.242806 -0.018304 0.236378 -0.0295645 0.228474 -0.0413377 0.220628 -0.051975 0.212349 -0.0618704 
3.594 -0.334365 -0.218888 -0.353 -0.196949 -0.368668 -0.176599 -0.382899 -0.155973 -0.397253 -0.13261 -0.40949 -0.109875 -0.420447 -0.086996 
0.71 -0.0364608 0.472113 -0.0192357 0.479722 -0.00358755 0.485946 0.0120469 0.491177 0.0292476 0.495853 0.0457522 0.499411 0.0619842 0.502099 
1.218 0.0696891 0.257759 0.0762404 0.257092 0.0820951 0.256249 0.0877662 0.255209 0.0938028 0.253691 0.0994231 0.251879 0.104762 0.249997 
3.652 -0.303547 -0.388728 -0.3322 -0.368374 -0.356877 -0.348971 -0.38002 -0.328928 -0.404022 -0.30559 -0.425337 -0.28248 -0.445243 -0.258569 
0.852 -0.12549 0.363224 -0.113355 0.375664 -0.102046 0.386201 -0.0904243 0.395994 -0.077281 0.405857 -0.0642592 0.414509 -0.0512047 0.422358 
0.718 -0.00358855 0.475538 0.0139572 0.481198 0.0296927 0.485456 0.0454526 0.488891 0.0626452 0.491545 0.0790354 0.493167 0.0952265 0.494099 
3.309 -0.211094 0.0173812 -0.215606 0.0316143 -0.219175 0.04456 -0.221904 0.0574229 -0.224243 0.0715397 -0.225603 0.0848738 -0.226263 0.0981318 
4.543 0.275825 -0.111368 0.262718 -0.125944 0.250409 -0.138225 0.237921 -0.149698 0.223443 -0.161395 0.209412 -0.171624 0.19504 -0.180815 
2.193 -0.426133 -0.196973 -0.443954 -0.169345 -0.458783 -0.143881 -0.471874 -0.118326 -0.484743 -0.08969 -0.495345 -0.0621994 -0.504453 -0.0344479 
1.065 0.381975 0.410478 0.396148 0.391169 0.40787 0.373576 0.418508 0.355675 0.428738 0.335529 0.437491 0.316276 0.44497 0.296934 
3.941 -0.102205 -0.214094 -0.120562 -0.206107 -0.136648 -0.198102 -0.151922 -0.189586 -0.168057 -0.179334 -0.182632 -0.168917 -0.196577 -0.157868 
4.07 -0.00975209 -0.170264 -0.0256452 -0.167813 -0.0398563 -0.164935 -0.0532833 -0.161405 -0.067814 -0.156741 -0.0812583 -0.151628 -0.0942815 -0.145861 
4.082 0.0142172 -0.301753 -0.00973875 -0.300447 -0.0310797 -0.298188 -0.0517055 -0.295031 -0.0740437 -0.290289 -0.0947159 -0.284734 -0.114794 -0.278084 
1.274 0.0998219 0.23516 0.105074 0.232721 0.109602 0.23044 0.114045 0.227968 0.118456 0.224933 0.122587 0.221956 0.126401 0.218927 
1.423 -0.103575 0.120107 -0.104098 0.129474 -0.104177 0.13789 -0.103762 0.146334 -0.102928 0.155296 -0.101635 0.163661 -0.100063 0.172013 
1.112 0.410053 0.366648 0.422394 0.345186 0.432194 0.325701 0.440896 0.306147 0.448841 0.284255 0.455455 0.26347 0.46064 0.242728 
4.098 0.0135324 -0.135338 -0.000429117 -0.134338 -0.0127634 -0.132814 -0.0245696 -0.1307 -0.0375426 -0.12771 -0.0494183 -0.124224 -0.0610319 -0.120116 
4.07 0.0724284 0.0844953 0.0716973 0.0813897 0.070818 0.0787714 0.0699223 0.0761968 0.0686109 0.0733984 0.0673528 0.0708388 0.0658825 0.0684818 
2.125 -0.391892 -0.173689 -0.407896 -0.148756 -0.421036 -0.125773 -0.432625 -0.102692 -0.443965 -0.076806 -0.453323 -0.0520024 -0.46143 -0.0269853 
3.986 -0.0727572 -0.204506 -0.0905048 -0.198113 -0.106077 -0.191627 -0.120828 -0.184535 -0.136506 -0.17593 -0.150781 -0.167108 -0.164353 -0.157572 
4.539 0.275825 -0.129174 0.261636 -0.143803 0.248295 -0.156199 0.234875 -0.167691 0.219368 -0.179373 0.204361 -0.189572 0.189025 -0.198662 
2.344 -0.365868 -0.140816 -0.379975 -0.117299 -0.391555 -0.095671 -0.401655 -0.073924 -0.411451 -0.0497902 -0.419337 -0.0265406 -0.425938 -0.00322983 
4.25 0.108725 -0.123011 0.0953301 -0.127701 0.0829841 -0.131309 0.0711037 -0.134168 0.0576728 -0.136593 0.0452541 -0.138149 0.0325565 -0.138976 
3.178 -0.343953 0.0694288 -0.345573 0.0917631 -0.346084 0.111789 -0.345537 0.131383 -0.34378 0.152555 -0.341033 0.172366 -0.337391 0.191882 
0.712 -0.0679633 0.462526 -0.0514892 0.472156 -0.0363256 0.480254 -0.0210301 0.487417 -0.0041737 0.49409 0.0121428 0.499539 0.0283683 0.504277 
1.241 0.301849 0.311177 0.311356 0.296152 0.31916 0.282241 0.326364 0.268538 0.332915 0.253054 0.33849 0.238231 0.343097 0.223359 
3.902 -0.120696 -0.213409 -0.138873 -0.204422 -0.154779 -0.195637 -0.16976 -0.186328 -0.185621 -0.175278 -0.199946 -0.164108 -0.213455 -0.152333 
4.215 0.0874949 -0.133283 0.0737023 -0.136735 0.0610643 -0.139207 0.049016 -0.140983 0.0354664 -0.14219 0.0229468 -0.142608 0.010298 -0.142315 
0.828 -0.219997 0.328982 -0.209801 0.346793 -0.200002 0.362343 -0.189601 0.377026 -0.177515 0.392233 -0.165293 0.40593 -0.1527 0.418855 
3.939 -0.102205 -0.119586 -0.114871 -0.111897 -0.125815 -0.104424 -0.136128 -0.0966622 -0.147028 -0.0876072 -0.156687 -0.0784922 -0.165837 -0.0689928 
0.735 -0.0898781 0.439926 -0.0743293 0.450809 -0.0600708 0.460041 -0.0456453 0.468342 -0.0295087 0.476317 -0.0138731 0.48299 0.00159522 0.48898 
4.301 0.282674 0.0721682 0.280169 0.0567463 0.277257 0.0431882 0.273923 0.0301015 0.269276 0.0160659 0.264363 0.00323454 0.25877 -0.00902896 
0.75 -0.106999 0.42486 -0.0921538 0.436609 -0.0785091 0.446553 -0.0646047 0.455527 -0.049095 0.464354 -0.0339587 0.471958 -0.0187911 0.478643 
1.631 -0.0905629 0.072853 -0.0938151 0.0815376 -0.0964611 0.0895326 -0.098492 0.0974422 -0.100455 0.106169 -0.101717 0.114464 -0.102614 0.122795 
1.371 0.166251 0.156403 0.167576 0.149657 0.168499 0.143732 0.169081 0.137676 0.169244 0.131138 0.16916 0.12492 0.168661 0.118902 
4.121 0.0395562 -0.0380907 0.0314084 -0.0387717 0.0239796 -0.0389132 0.0169006 -0.0387009 0.00906193 -0.038049 0.00188948 -0.0370205 -0.00519381 -0.035577 
1.078 0.360745 0.404314 0.375039 0.386323 0.38695 0.369914 0.397834 0.353213 0.408352 0.33421 0.417465 0.316056 0.425356 0.297764 
1.002 -0.152883 0.29748 -0.143989 0.310899 -0.135559 0.3226 -0.126737 0.333649 -0.116643 0.34493 -0.106537 0.355034 -0.0962396 0.36466 
4.176 0.061471 -0.140131 0.0470621 -0.141949 0.0340497 -0.142948 0.0215425 -0.143268 0.00765137 -0.14286 -0.0051737 -0.141766 -0.0177373 -0.139882 
1.308 0.132009 0.163252 0.133136 0.158997 0.133889 0.155223 0.134609 0.151502 0.134873 0.147255 0.135085 0.143343 0.135038 0.139603 
4.043 -0.0220792 -0.116162 -0.0349359 -0.113114 -0.046285 -0.109739 -0.0570395 -0.105973 -0.0686444 -0.101158 -0.0793104 -0.0960374 -0.089608 -0.0904148 
4.211 0.0922887 -0.0545268 0.0830752 -0.0583352 0.0748066 -0.0611792 0.0665195 -0.0636891 0.0571528 -0.065864 0.048663 -0.0673972 0.0399729 -0.068438 
4.223 0.0991371 -0.0798658 0.0884909 -0.0839269 0.0787643 -0.0870595 0.0692693 -0.0896976 0.0585157 -0.0919372 0.0485573 -0.0934858 0.0384674 -0.0944657 
1.309 0.0929736 0.289262 0.101794 0.287016 0.109448 0.28468 0.117 0.282055 0.124763 0.278682 0.132053 0.275147 0.138885 0.271369 
3.584 -0.325462 -0.157252 -0.340293 -0.13618 -0.35275 -0.116654 -0.363881 -0.0970424 -0.374838 -0.0749546 -0.383962 -0.0537021 -0.39195 -0.0322083 
1.198 0.346364 0.327613 0.356734 0.309702 0.365158 0.29347 0.37272 0.277225 0.37976 0.258996 0.385505 0.241799 0.39015 0.224652 
1.02 -0.197398 0.27351 -0.189746 0.289424 -0.182307 0.30332 -0.174271 0.316519 -0.164826 0.330266 -0.155153 0.342725 -0.144976 0.354594 
3.953 -0.0919326 -0.153828 -0.106521 -0.146627 -0.119308 -0.139563 -0.131369 -0.132088 -0.144104 -0.12317 -0.155517 -0.114182 -0.166503 -0.104697 
4.531 0.268292 -0.091508 0.256387 -0.105821 0.245108 -0.117907 0.23366 -0.12935 0.220333 -0.141014 0.207365 -0.151293 0.194038 -0.16049 
1.163 0.355266 0.341309 0.366172 0.323101 0.374939 0.306494 0.382758 0.289869 0.390158 0.271296 0.396192 0.253482 0.401327 0.235948 
0.766 -0.12275 0.409108 -0.10864 0.421667 -0.0956571 0.432286 -0.0822658 0.442123 -0.0673149 0.451903 -0.0526445 0.46026 -0.0378092 0.467896 
0.833 -0.187125 0.341309 -0.176436 0.357319 -0.166279 0.37126 -0.155539 0.384349 -0.143257 0.397748 -0.130955 0.409847 -0.118278 0.421177 
1.056 0.40389 0.503616 0.423499 0.482995 0.440147 0.463914 0.455509 0.444489 0.470673 0.422406 0.483855 0.400954 0.495673 0.379251 
0.71 -0.23027 0.384454 -0.218204 0.4043 -0.206566 0.421556 -0.19419 0.437846 -0.179802 0.454685 -0.165413 0.469848 -0.150473 0.484072 
1.057 0.397042 0.446774 0.413746 0.42637 0.42763 0.40763 0.440376 0.388628 0.452765 0.36707 0.463406 0.346268 0.472709 0.325328 
1.562 0.19159 0.220093 0.196622 0.211537 0.200667 0.203821 0.204393 0.19601 0.207747 0.18704 0.210561 0.17885 0.212804 0.170422 
3.662 -0.283002 -0.268196 -0.304347 -0.249295 -0.322595 -0.231425 -0.339475 -0.213148 -0.356815 -0.192231 -0.372023 -0.17171 -0.386054 -0.150669 
0.858 -0.212464 0.31734 -0.203015 0.334725 -0.19378 0.349885 -0.183919 0.364293 -0.172455 0.379235 -0.160843 0.392724 -0.148864 0.405428 
0.71 -0.217258 0.396781 -0.204653 0.415952 -0.192637 0.432628 -0.179947 0.448245 -0.165314 0.464358 -0.150692 0.478824 -0.135637 0.492386 
1.273 -0.0474182 0.252965 -0.0405771 0.259206 -0.0342908 0.264561 -0.0277535 0.269509 -0.0204533 0.274411 -0.0132512 0.278648 -0.0060315 0.282556 
4.152 0.0484591 -0.16958 0.0322954 -0.17065 0.017809 -0.170787 0.0037722 -0.170322 -0.011577 -0.169007 -0.025801 -0.166966 -0.0398015 -0.164011 
4.199 0.0854404 -0.0860293 0.0744692 -0.0895364 0.0644777 -0.0921159 0.0549591 -0.0941226 0.0440299 -0.0958089 0.0339975 -0.0967521 0.0239535 -0.0971181 
4.168 0.0683194 0.000260238 0.0626107 -0.00226226 0.0573315 -0.00420174 0.052287 -0.00585126 0.0464411 -0.00736376 0.0410075 -0.00846676 0.0352621 -0.00922579 
1.638 -0.150829 0.224202 -0.144219 0.23582 -0.137998 0.245924 -0.131207 0.255559 -0.123459 0.265421 -0.115543 0.27437 -0.107366 0.282876 
3.602 -0.314505 -0.176428 -0.330483 -0.155715 -0.343945 -0.136536 -0.35604 -0.11717 -0.368195 -0.0953239 -0.37841 -0.0742544 -0.387424 -0.0530641 
1.151 0.38403 0.346788 0.395415 0.3267 0.40467 0.30848 0.412882 0.290226 0.420346 0.269759 0.426576 0.250277 0.431465 0.230829 
3.646 -0.29259 -0.25039 -0.313142 -0.231037 -0.330584 -0.21299 -0.346706 -0.194431 -0.363177 -0.173292 -0.377559 -0.152651 -0.390661 -0.131481 
1.198 0.384714 0.331037 0.395168 0.310859 0.403647 0.292588 0.411232 0.274348 0.418034 0.253997 0.423516 0.234578 0.427681 0.21529 
3.365 -0.147404 -0.0278181 -0.154852 -0.0173819 -0.161108 -0.00774318 -0.166699 0.00200652 -0.172253 0.0129416 -0.176798 0.0234941 -0.180866 0.0343427 
0.849 -0.161101 0.346103 -0.14996 0.360493 -0.139514 0.372899 -0.128563 0.38451 -0.116037 0.396369 -0.103648 0.406872 -0.0910656 0.416642 
4.387 0.199123 -0.0339816 0.190926 -0.0444602 0.183084 -0.0533869 0.175149 -0.0616106 0.16587 -0.0701605 0.156803 -0.0776204 0.147471 -0.0844352 
4.234 0.21145 0.0571018 0.208715 0.0458457 0.205754 0.0359992 0.202496 0.0264654 0.198175 0.0162951 0.193649 0.00698819 0.188618 -0.00181785 
0.7 -0.24876 0.391303 -0.236403 0.412398 -0.224596 0.430805 -0.211972 0.448195 -0.197305 0.466234 -0.182597 0.482511 -0.167237 0.497813 
0.697 -0.267936 0.381715 -0.256102 0.403882 -0.244667 0.423371 -0.2322 0.441635 -0.217849 0.460772 -0.203341 0.478109 -0.18819 0.494375 
1.268 -0.0344062 0.243378 -0.0279464 0.248963 -0.0221427 0.253778 -0.0160672 0.258093 -0.00939186 0.262355 -0.00275574 0.266102 0.00374181 0.269486 
1.796 0.152554 0.145446 0.153366 0.139295 0.153758 0.13383 0.153994 0.128451 0.153653 0.122454 0.153197 0.11691 0.152232 0.111515 
1.278 -0.0570059 0.238584 -0.0509008 0.245314 -0.0451674 0.251236 -0.0392591 0.25668 -0.032629 0.262159 -0.0260148 0.266993 -0.0194501 0.271446 
0.698 -0.283687 0.361855 -0.273122 0.385069 -0.262545 0.405506 -0.251104 0.424856 -0.237586 0.444933 -0.223762 0.463265 -0.209264 0.480642 
4.055 -0.00701274 -0.0558965 -0.0160115 -0.0540566 -0.0239948 -0.0520044 -0.031606 -0.0495976 -0.0399061 -0.0466099 -0.0474883 -0.0432681 -0.0548251 -0.0395513 
4.156 0.0505136 -0.120271 0.037471 -0.121447 0.0257077 -0.1219 0.0143386 -0.121793 0.00185788 -0.120951 -0.00971405 -0.119557 -0.0211984 -0.117487 
4.43 0.220353 -0.150404 0.204979 -0.161665 0.1908 -0.17092 0.176626 -0.179331 0.160543 -0.187534 0.145151 -0.19448 0.129618 -0.200398 
3.652 -0.285057 -0.329147 -0.310327 -0.310134 -0.332054 -0.291978 -0.352315 -0.273287 -0.373336 -0.251633 -0.391903 -0.230396 -0.409206 -0.208336 
3.465 -0.371346 -0.206561 -0.389306 -0.182635 -0.404355 -0.160469 -0.417835 -0.138132 -0.431294 -0.113027 -0.442542 -0.0887044 -0.452487 -0.0640863 
4.094 0.260759 0.100247 0.260112 0.0860416 0.258871 0.073461 0.257182 0.0612881 0.254421 0.0481176 0.251362 0.035979 0.24757 0.0242719 
1.329 0.0909191 0.333091 0.102211 0.331055 0.112026 0.328941 0.121637 0.326425 0.131856 0.322916 0.141352 0.319146 0.15039 0.3151 
1.293 -0.0700178 0.246802 -0.0632442 0.254295 -0.0569087 0.260685 -0.0503404 0.266628 -0.0428837 0.272656 -0.0356242 0.277918 -0.0281793 0.282828 
0.956 -0.133708 0.324873 -0.123281 0.3373 -0.113649 0.347946 -0.103555 0.357925 -0.092171 0.368035 -0.0807389 0.377026 -0.0693383 0.385255 
3.75 -0.216573 -0.33805 -0.242198 -0.323212 -0.264442 -0.308609 -0.285362 -0.293426 -0.307322 -0.27548 -0.326998 -0.257689 -0.345517 -0.239092 
4.219 0.238844 0.0749075 0.236945 0.0619873 0.234604 0.0506059 0.231939 0.0396409 0.228228 0.0278674 0.224245 0.0169878 0.219704 0.00660489 
4.133 0.0333927 -0.182591 0.0164794 -0.182824 0.00135842 -0.182246 -0.0131452 -0.18108 -0.02909 -0.178878 -0.0438402 -0.176009 -0.058262 -0.172274 
3.637 -0.296699 -0.22916 -0.316048 -0.209565 -0.332468 -0.191192 -0.347522 -0.172573 -0.362856 -0.151267 -0.376182 -0.130464 -0.388267 -0.109402 
1.292 0.0744829 0.337885 0.0863349 0.336617 0.0967374 0.335069 0.107002 0.333033 0.117784 0.330102 0.127841 0.326787 0.137404 0.323159 
2.316 0.471689 0.237214 0.47778 0.210937 0.481988 0.187418 0.485084 0.164147 0.486852 0.138752 0.487252 0.114825 0.486345 0.0913733 
3.688 -0.261772 -0.327092 -0.28691 -0.30944 -0.308664 -0.292464 -0.328911 -0.274961 -0.350042 -0.254638 -0.3688 -0.23441 -0.386239 -0.213497 
3.539 -0.356965 -0.154513 -0.371761 -0.131266 -0.384027 -0.109918 -0.394881 -0.0884657 -0.405416 -0.0644621 -0.414129 -0.0414009 -0.421592 -0.0181511 
4.094 0.291576 0.107095 0.291528 0.0910028 0.290782 0.0768871 0.289458 0.0630174 0.286993 0.0481055 0.284011 0.0342539 0.280247 0.0208445 
3.627 -0.280263 -0.129859 -0.293595 -0.111296 -0.304722 -0.0941076 -0.314667 -0.0768205 -0.324513 -0.0574467 -0.332719 -0.0386465 -0.33983 -0.0197894 
1.174 0.400466 0.345418 0.411774 0.324461 0.420794 0.30538 0.428879 0.286375 0.436048 0.265073 0.44209 0.244878 0.446593 0.224704 
3.926 -0.113163 -0.0812354 -0.123581 -0.0727412 -0.132617 -0.0647391 -0.140831 -0.0564835 -0.149673 -0.0470473 -0.157309 -0.0376983 -0.164135 -0.0280335 
0.786 -0.10426 0.40363 -0.090374 0.41489 -0.0775983 0.424357 -0.0644419 0.433074 -0.0498625 0.441562 -0.0355842 0.448901 -0.0212706 0.455389 
4.012 -0.0426243 -0.0784961 -0.0531872 -0.0743544 -0.0624132 -0.0701125 -0.0711155 -0.0655232 -0.0804498 -0.059988 -0.0887291 -0.0542938 -0.0966789 -0.0481514 
3.971 -0.0796055 -0.147665 -0.094073 -0.141002 -0.106711 -0.134376 -0.118596 -0.127381 -0.131373 -0.119019 -0.142891 -0.110516 -0.153549 -0.101456 
3.783 0.0799616 0.116683 0.0799817 0.114305 0.0799697 0.112276 0.0800572 0.110274 0.0796044 0.108156 0.0792119 0.10618 0.0785505 0.103972 
1.352 0.101876 0.300904 0.111333 0.298277 0.119592 0.295683 0.127657 0.292671 0.136112 0.288827 0.14396 0.284835 0.151377 0.28058 
1.212 0.314861 0.324873 0.325071 0.309086 0.333315 0.294677 0.340815 0.280216 0.347948 0.263948 0.353903 0.248373 0.358824 0.232781 
3.607 -0.300808 -0.14698 -0.315062 -0.127385 -0.327049 -0.109147 -0.337719 -0.0908349 -0.348388 -0.0701713 -0.357248 -0.0503363 -0.365024 -0.0301905 
1.056 0.399781 0.479647 0.418063 0.459197 0.433447 0.440346 0.447677 0.421147 0.461701 0.399318 0.473896 0.378184 0.484541 0.356947 
3.738 -0.211779 -0.199712 -0.229186 -0.185259 -0.244095 -0.171655 -0.257944 -0.157542 -0.272239 -0.141482 -0.284794 -0.125681 -0.296374 -0.1094 
4.59 0.294316 -0.116162 0.280726 -0.131819 0.267915 -0.14508 0.254939 -0.157424 0.239884 -0.170066 0.225314 -0.181079 0.210289 -0.191145 
1.303 -0.0926174 0.23242 -0.0868081 0.241501 -0.0812064 0.249396 -0.0752335 0.256932 -0.0685161 0.264626 -0.0616606 0.271477 -0.0546094 0.278005 
1.478 0.155979 0.259814 0.163166 0.253321 0.169217 0.24733 0.175096 0.241146 0.180775 0.234053 0.18588 0.227142 0.190495 0.220174 
3.666 -0.278208 -0.252445 -0.29884 -0.233914 -0.316443 -0.216552 -0.332708 -0.198698 -0.349442 -0.178193 -0.364077 -0.158218 -0.377492 -0.137594 
0.819 -0.0857691 0.396096 -0.072197 0.406104 -0.0596777 0.414595 -0.0468916 0.422326 -0.0327122 0.429722 -0.0189415 0.435989 -0.0051933 0.441534 
4.586 0.29774 -0.155883 0.282148 -0.171945 0.267556 -0.185383 0.25282 -0.197865 0.23581 -0.210542 0.219438 -0.221457 0.202665 -0.231315 
4.422 0.21145 -0.0627448 0.201246 -0.073635 0.191655 -0.0827332 0.181969 -0.0912234 0.170783 -0.0999523 0.159999 -0.107481 0.148936 -0.114205 
1.598 0.189536 0.239269 0.195626 0.230693 0.200623 0.222929 0.205246 0.215103 0.209607 0.206187 0.213326 0.197751 0.216439 0.189155 
1.257 -0.0193398 0.250226 -0.0126699 0.255114 -0.00664436 0.259224 -0.000404497 0.262955 0.00632408 0.266527 0.01297 0.269552 0.019569 0.272285 
3.574 -0.329571 -0.131913 -0.343045 -0.110407 -0.354127 -0.0906457 -0.36399 -0.0707269 -0.373537 -0.0485425 -0.381365 -0.0271926 -0.387999 -0.0056574 
0.768 0.0813313 0.518682 0.101474 0.518851 0.119338 0.518365 0.136824 0.516687 0.155643 0.513831 0.173178 0.510358 0.190132 0.50603 
3.762 -0.191919 -0.167525 -0.20769 -0.154182 -0.221181 -0.141649 -0.233744 -0.128687 -0.246669 -0.113855 -0.257986 -0.0993177 -0.268473 -0.0842826 
3.711 -0.245336 -0.349007 -0.271686 -0.332227 -0.294446 -0.31612 -0.315836 -0.29926 -0.338182 -0.279621 -0.358061 -0.260073 -0.376743 -0.239851 
3.75 -0.204931 -0.173689 -0.220921 -0.159649 -0.234649 -0.146456 -0.247314 -0.132877 -0.260483 -0.117342 -0.271882 -0.102098 -0.282468 -0.0863663 
0.916 -0.156307 0.324873 -0.145935 0.338745 -0.136156 0.350733 -0.125797 0.362031 -0.114092 0.373518 -0.102484 0.38374 -0.09064 0.393284 
3.766 -0.191919 -0.184646 -0.208473 -0.171313 -0.222732 -0.158545 -0.235907 -0.145465 -0.249582 -0.130571 -0.261584 -0.115839 -0.272694 -0.100677 
0.723 -0.298069 0.333776 -0.288631 0.357525 -0.279055 0.378374 -0.268609 0.398269 -0.256329 0.419103 -0.243491 0.438158 -0.230118 0.456219 
4.133 0.0381865 -0.101096 0.0263798 -0.101474 0.015721 -0.101314 0.00552731 -0.100542 -0.00574313 -0.0991401 -0.0161781 -0.0973184 -0.0264441 -0.0948114 
3.625 -0.293275 -0.162731 -0.308404 -0.14339 -0.321125 -0.125532 -0.332597 -0.107481 -0.344071 -0.0871038 -0.353771 -0.0674848 -0.362366 -0.0476161 
0.709 -0.0220792 0.474853 -0.00483592 0.481506 0.0109408 0.486927 0.0267746 0.491439 0.0440186 0.495252 0.0604543 0.497943 0.0767463 0.499895 
3.189 0.571675 -0.232585 0.549712 -0.263905 0.528876 -0.290553 0.507216 -0.315858 0.482202 -0.341873 0.457457 -0.364903 0.431982 -0.386299 
1.273 0.101876 0.209821 0.105823 0.207259 0.109133 0.204818 0.112509 0.20228 0.115695 0.199407 0.118647 0.196491 0.121355 0.1936 
1.379 0.112834 0.285153 0.121314 0.281901 0.128736 0.278702 0.135922 0.275208 0.143359 0.270891 0.150245 0.266494 0.156726 0.261968 
3.664 -0.256978 -0.115477 -0.269403 -0.0985171 -0.279791 -0.0827908 -0.289062 -0.0670007 -0.298342 -0.0491797 -0.306065 -0.0320072 -0.312862 -0.0146316 
1.275 -0.052212 0.265977 -0.044588 0.272452 -0.0375696 0.277963 -0.030368 0.283021 -0.0223854 0.288024 -0.0145402 0.29229 -0.00672445 0.296209 
3.992 -0.0659088 -0.12575 -0.0789539 -0.119798 -0.0904706 -0.113877 -0.101209 -0.107618 -0.112848 -0.10016 -0.123112 -0.0924983 -0.132904 -0.0843987 
1.389 -0.261772 0.221463 -0.255664 0.240176 -0.24955 0.256713 -0.242584 0.272548 -0.234155 0.289169 -0.225262 0.304373 -0.215853 0.319018 
4.566 0.27788 -0.0600055 0.267824 -0.0749331 0.258182 -0.087813 0.248255 -0.0997279 0.236534 -0.112258 0.225054 -0.123326 0.213142 -0.133428 
3.676 -0.266566 -0.225736 -0.285497 -0.207808 -0.30171 -0.191044 -0.316672 -0.173909 -0.331949 -0.154222 -0.345208 -0.134967 -0.357342 -0.115323 
4.594 0.299795 -0.139447 0.284892 -0.155375 0.270913 -0.168789 0.256812 -0.18129 0.2405 -0.194001 0.224736 -0.205058 0.208587 -0.215029 
4.012 -0.0392001 -0.0415149 -0.0475949 -0.0378019 -0.0550011 -0.0340441 -0.0618758 -0.0300047 -0.0692428 -0.0251649 -0.0757994 -0.0202085 -0.0821435 -0.0149221 
3.4 0.434023 -0.032612 0.424657 -0.0564354 0.415297 -0.0772267 0.405278 -0.0970875 0.393029 -0.118153 0.380515 -0.136989 0.36721 -0.154916 
4.434 0.219669 -0.0264484 0.21181 -0.0378719 0.204203 -0.0476895 0.196527 -0.0568867 0.187364 -0.0663643 0.178396 -0.0748355 0.169107 -0.0826528 
1.333 0.102561 0.271456 0.110645 0.26857 0.117554 0.265775 0.124316 0.262674 0.131249 0.25879 0.137681 0.25476 0.143715 0.250594 
4.09 0.00668402 -0.118217 -0.0060593 -0.117002 -0.0174179 -0.115292 -0.028311 -0.11305 -0.0401929 -0.109968 -0.0510673 -0.106481 -0.0616531 -0.102449 
3.771 -0.191234 -0.212724 -0.209501 -0.199427 -0.225242 -0.186662 -0.239876 -0.173548 -0.255155 -0.158447 -0.268614 -0.143383 -0.281207 -0.127894 
3.641 -0.273415 -0.146295 -0.287672 -0.128223 -0.299704 -0.111398 -0.310541 -0.0944442 -0.32137 -0.0753576 -0.330509 -0.0568861 -0.338633 -0.0381487 
1.029 0.460731 0.476907 0.478921 0.452856 0.493695 0.430588 0.507254 0.408186 0.520397 0.38291 0.531447 0.358568 0.540804 0.334153 
3.686 -0.255609 -0.204506 -0.273388 -0.187368 -0.288535 -0.171355 -0.302501 -0.154868 -0.316804 -0.136182 -0.329172 -0.117875 -0.340452 -0.0991432 
4.328 0.172415 0.0427202 0.168663 0.033862 0.164828 0.0261237 0.160873 0.0188638 0.155958 0.0110663 0.151016 0.00410242 0.145809 -0.00240956 
3.688 -0.261772 -0.306547 -0.285567 -0.289061 -0.306148 -0.272362 -0.325312 -0.255039 -0.345226 -0.235087 -0.362926 -0.215369 -0.379343 -0.194893 
3.674 -0.259033 -0.190809 -0.276121 -0.173516 -0.290731 -0.157363 -0.30411 -0.140954 -0.317727 -0.122158 -0.329543 -0.103869 -0.340318 -0.0851749 
3.658 -0.261088 -0.139447 -0.274969 -0.122061 -0.286636 -0.106033 -0.297113 -0.0898604 -0.307714 -0.0715406 -0.316661 -0.0537427 -0.324609 -0.0356937 
3.713 -0.239173 -0.247651 -0.259379 -0.231442 -0.276721 -0.21605 -0.292841 -0.200219 -0.309554 -0.182052 -0.324263 -0.16409 -0.337872 -0.145691 
1.414 0.134064 0.259129 0.140968 0.254057 0.146921 0.249661 0.152582 0.244803 0.158252 0.239173 0.163418 0.233656 0.168105 0.228038 
3.686 -0.235064 -0.121641 -0.247823 -0.105764 -0.258635 -0.0910687 -0.268339 -0.0762248 -0.278142 -0.0594597 -0.286388 -0.0431992 -0.293745 -0.0266418 
3.67 -0.256294 -0.153143 -0.270906 -0.13606 -0.283304 -0.120081 -0.294497 -0.104006 -0.305877 -0.0856659 -0.315512 -0.067969 -0.324109 -0.049936 
4.293 0.156663 -0.0545268 0.147189 -0.0621481 0.13836 -0.0683812 0.129549 -0.0740257 0.119451 -0.0796342 0.109839 -0.0844305 0.100094 -0.0885582 
3.705 -0.237803 -0.207246 -0.255671 -0.191169 -0.270995 -0.175885 -0.285125 -0.160328 -0.299646 -0.142692 -0.312282 -0.125185 -0.323922 -0.107388 
3.537 -0.362444 -0.2319 -0.381747 -0.208454 -0.397878 -0.186612 -0.412567 -0.164537 -0.427176 -0.139648 -0.439663 -0.115657 -0.450746 -0.0911876 
3.664 -0.276154 -0.236694 -0.295762 -0.218447 -0.312555 -0.201189 -0.328046 -0.183457 -0.343889 -0.163404 -0.357716 -0.143703 -0.370396 -0.123513 
1.061 0.433338 0.413902 0.448025 0.391499 0.459901 0.371051 0.470934 0.350524 0.480953 0.327347 0.489277 0.305268 0.496208 0.28311 
4.199 0.108725 0.0653198 0.106666 0.0601963 0.10443 0.0558626 0.102297 0.0516805 0.0994706 0.0472795 0.0966725 0.0432892 0.0935876 0.0396629 
4.191 0.078592 -0.0600055 0.0691941 -0.0631847 0.0605458 -0.0655542 0.0520902 -0.0674711 0.042759 -0.0690184 0.0338437 -0.0700192 0.0250114 -0.0704365 
3.68 -0.265881 -0.270251 -0.287475 -0.252279 -0.30604 -0.235309 -0.323219 -0.217827 -0.340975 -0.197813 -0.356549 -0.178105 -0.370983 -0.157794 
3.65 -0.279578 -0.202452 -0.297307 -0.184015 -0.31238 -0.166859 -0.326205 -0.149398 -0.340254 -0.129485 -0.352399 -0.110066 -0.363411 -0.0902487 
3.764 -0.204246 -0.322298 -0.229027 -0.30798 -0.250472 -0.294275 -0.270699 -0.279777 -0.291976 -0.26276 -0.31101 -0.245718 -0.32894 -0.228006 
3.848 -0.107684 -0.0134365 -0.11409 -0.00542917 -0.119559 0.00204201 -0.124393 0.00963943 -0.129254 0.0181958 -0.133541 0.0264558 -0.137375 0.034816 
3.648 -0.26999 -0.160677 -0.285097 -0.14265 -0.297825 -0.126005 -0.309372 -0.109075 -0.321014 -0.0899688 -0.33085 -0.0714794 -0.339638 -0.0525582 
3.734 -0.188495 -0.0545268 -0.197425 -0.0414066 -0.204883 -0.0292692 -0.211476 -0.0171503 -0.218088 -0.00350457 -0.223493 0.00961648 -0.22812 0.0229125 
2.604 0.21556 0.1927 0.219061 0.182778 0.221679 0.173886 0.22404 0.165044 0.225804 0.155225 0.227138 0.145962 0.227978 0.136873 
3.68 -0.263142 -0.25039 -0.283622 -0.232685 -0.301162 -0.216084 -0.317391 -0.199035 -0.334094 -0.179427 -0.348695 -0.160274 -0.362235 -0.140519 
4.457 0.229256 -0.0627448 0.21922 -0.0746498 0.209707 -0.0848728 0.200079 -0.0942367 0.188812 -0.103821 0.177852 -0.112364 0.166631 -0.120011 
3.518 -0.128229 -0.0223394 -0.1354 -0.0130404 -0.141398 -0.00432246 -0.14676 0.00445052 -0.152259 0.0142586 -0.156706 0.0238397 -0.160742 0.0334457 
3.656 -0.280948 -0.222997 -0.299787 -0.204371 -0.315795 -0.186874 -0.33051 -0.169037 -0.34553 -0.148763 -0.358534 -0.12908 -0.370429 -0.108931 
3.764 -0.204246 -0.280523 -0.226764 -0.266189 -0.246234 -0.252424 -0.264526 -0.238126 -0.28365 -0.221433 -0.30069 -0.204806 -0.316694 -0.187483 
3.717 -0.237803 -0.323668 -0.262649 -0.307228 -0.284106 -0.291454 -0.304263 -0.275101 -0.325261 -0.256035 -0.343919 -0.237123 -0.361364 -0.217466 
1.049 0.406629 0.459101 0.423725 0.438253 0.438015 0.419061 0.451073 0.399594 0.4639 0.377545 0.474833 0.356307 0.484522 0.334981 
3.691 -0.242597 -0.18807 -0.25946 -0.171861 -0.273837 -0.156599 -0.287061 -0.141033 -0.300647 -0.123232 -0.312408 -0.105825 -0.323166 -0.0879865 
3.689 -0.239173 -0.151774 -0.253649 -0.135904 -0.265889 -0.121088 -0.27708 -0.105995 -0.288487 -0.0888656 -0.298211 -0.0721639 -0.307034 -0.0551276 
4 -0.0535817 -0.0976716 -0.0650278 -0.092971 -0.0751372 -0.0881565 -0.084637 -0.0831598 -0.0948296 -0.0769484 -0.103999 -0.0706403 -0.112814 -0.0639593 
3.713 -0.228215 -0.181907 -0.244799 -0.166464 -0.25902 -0.151855 -0.272072 -0.136998 -0.285417 -0.119999 -0.297078 -0.10334 -0.307746 -0.0862227 
3.635 -0.302178 -0.282578 -0.324715 -0.262566 -0.343987 -0.243798 -0.361781 -0.224552 -0.38013 -0.202488 -0.396142 -0.18089 -0.410852 -0.158718 
1.445 0.260759 0.27625 0.269387 0.263094 0.276396 0.251189 0.282814 0.239032 0.288813 0.225275 0.29394 0.212091 0.298092 0.199009 
3.682 -0.25013 -0.16821 -0.265522 -0.151428 -0.278572 -0.135753 -0.290477 -0.119774 -0.302608 -0.101735 -0.312998 -0.0840831 -0.322347 -0.0661334 
3.918 -0.117272 -0.0613752 -0.126611 -0.0527928 -0.1347 -0.044688 -0.142081 -0.0364274 -0.149771 -0.0269748 -0.156368 -0.0177636 -0.162345 -0.00822224 
1.042 0.420326 0.459786 0.437507 0.438243 0.451851 0.418471 0.464915 0.398386 0.477772 0.375763 0.488535 0.353779 0.497992 0.331815 
3.701 -0.247391 -0.221627 -0.266136 -0.205063 -0.282114 -0.189433 -0.296931 -0.173544 -0.312214 -0.155189 -0.325571 -0.137222 -0.337818 -0.118892 
4.137 0.0470894 -0.0641145 0.037444 -0.0651763 0.0287039 -0.0654702 0.0203021 -0.0654658 0.0110466 -0.0649322 0.00252801 -0.0639196 -0.00586171 -0.0624772 
2.172 0.642213 0.120107 0.640355 0.0836925 0.637021 0.0516552 0.632266 0.0204874 0.625067 -0.0131586 0.616643 -0.0442398 0.607154 -0.0742922 
3.912 -0.115902 -0.140816 -0.129804 -0.132333 -0.141926 -0.124116 -0.153209 -0.115562 -0.165081 -0.105535 -0.175645 -0.0955289 -0.185655 -0.0850536 
3.447 0.40389 0.0290234 0.398476 0.00670893 0.392525 -0.0128395 0.385904 -0.0315348 0.377488 -0.0516096 0.368592 -0.0699152 0.358788 -0.0872846 
1.222 0.0162717 0.339255 0.0282517 0.341793 0.0388614 0.343807 0.0495325 0.344953 0.0610219 0.345498 0.0718949 0.345634 0.08251 0.345324 
3.758 -0.21041 -0.355171 -0.236885 -0.340573 -0.259953 -0.32632 -0.281574 -0.311421 -0.304468 -0.293654 -0.324904 -0.27604 -0.344178 -0.257539 
4.383 0.198439 -0.0757567 0.187721 -0.0858586 0.177681 -0.0944112 0.167637 -0.102191 0.156062 -0.110067 0.144972 -0.116842 0.133585 -0.122796 
3.748 -0.215203 -0.242172 -0.235179 -0.227478 -0.252422 -0.213329 -0.268524 -0.19881 -0.285285 -0.182017 -0.300056 -0.165272 -0.313819 -0.14814 
3.916 -0.115902 -0.227791 -0.134769 -0.219136 -0.15133 -0.210592 -0.166909 -0.201432 -0.183447 -0.190525 -0.198365 -0.179485 -0.212507 -0.167768 
2.186 -0.434351 -0.215464 -0.453559 -0.186968 -0.469529 -0.160841 -0.483851 -0.134457 -0.497886 -0.104911 -0.509474 -0.0763609 -0.519525 -0.0475832 
3.619 -0.302178 -0.182591 -0.318328 -0.162967 -0.33196 -0.144629 -0.344285 -0.126107 -0.356693 -0.105275 -0.367231 -0.0850125 -0.37664 -0.0645123 
3.721 -0.233694 -0.288056 -0.256667 -0.272137 -0.276504 -0.257014 -0.295002 -0.241242 -0.314339 -0.223003 -0.331487 -0.204858 -0.347524 -0.186013 
2.178 0.597014 0.137913 0.596245 0.104475 0.594006 0.0748872 0.590442 0.0461654 0.58474 0.0150297 0.57793 -0.0136748 0.569592 -0.0413876 
2.191 0.629201 0.161197 0.629908 0.12543 0.628918 0.0938272 0.626637 0.0629226 0.621898 0.0296444 0.615868 -0.00145658 0.608215 -0.0313873 
3.797 -0.178907 -0.221627 -0.197677 -0.208818 -0.213908 -0.196537 -0.229067 -0.183775 -0.244885 -0.1691 -0.258916 -0.154431 -0.272048 -0.139229 
3.834 -0.156992 -0.27162 -0.17869 -0.259956 -0.197608 -0.248645 -0.215398 -0.236791 -0.234159 -0.22267 -0.250951 -0.208498 -0.266833 -0.193773 
4.309 0.160772 -0.000424599 0.154454 -0.00853715 0.148442 -0.0154388 0.142343 -0.0219331 0.135141 -0.0285664 0.128145 -0.0344203 0.120963 -0.0397608 
4.438 0.223093 -0.00864265 0.216129 -0.0204057 0.20933 -0.030468 0.202499 -0.040075 0.194075 -0.0500649 0.18594 -0.058974 0.177201 -0.0672338 
3.58 -0.259033 -0.091508 -0.270218 -0.0743946 -0.27957 -0.0585318 -0.287792 -0.0426623 -0.295897 -0.0247358 -0.302549 -0.00752181 -0.308272 0.0098047 
3.967 -0.0789207 -0.0853445 -0.089762 -0.0787894 -0.0992741 -0.072433 -0.108092 -0.0657654 -0.117448 -0.0580235 -0.125808 -0.0502174 -0.133597 -0.0420542 
3.617 -0.31382 -0.246281 -0.334003 -0.225672 -0.351206 -0.206351 -0.366974 -0.186704 -0.383052 -0.164538 -0.396914 -0.142498 -0.409599 -0.120272 
3.641 -0.293275 -0.215464 -0.31163 -0.196059 -0.327255 -0.177963 -0.341442 -0.159593 -0.35593 -0.138649 -0.368402 -0.118459 -0.379761 -0.0976903 
4.227 0.105301 -0.0415149 0.0969056 -0.0459722 0.089234 -0.0494662 0.0816211 -0.0525896 0.0729977 -0.0554644 0.0648599 -0.0576765 0.0567165 -0.0594032 
1.646 0.201863 0.193384 0.205306 0.184157 0.208061 0.175877 0.210399 0.16763 0.212272 0.158531 0.213689 0.149911 0.214508 0.141352 
4.262 0.229256 0.0358718 0.225293 0.023239 0.221078 0.0122711 0.216557 0.00172074 0.210756 -0.00946041 0.204799 -0.0195675 0.198289 -0.0290883 
4.074 0.000520477 -0.0819203 -0.0100204 -0.080364 -0.0193577 -0.0786176 -0.028311 -0.0762582 -0.0380857 -0.0733551 -0.0470083 -0.0700436 -0.0556764 -0.0663031 
3.672 -0.244651 -0.107259 -0.256527 -0.0910246 -0.266496 -0.0759617 -0.275406 -0.060872 -0.284302 -0.0438728 -0.29173 -0.0274357 -0.298276 -0.0108196 
1.266 0.105985 0.194069 0.108948 0.191486 0.111495 0.188924 0.114011 0.186341 0.116402 0.183533 0.11856 0.180763 0.12039 0.177873 
3.545 -0.306972 -0.108629 -0.31922 -0.0884492 -0.329339 -0.06996 -0.338209 -0.0513752 -0.346951 -0.0305829 -0.353922 -0.0106356 -0.359905 0.009411 
3.188 0.447719 0.0927133 0.445675 0.0676652 0.44272 0.0454895 0.438935 0.0240608 0.433237 0.000960751 0.426991 -0.020264 0.419548 -0.0407076 
1.086 -0.0241337 0.35843 -0.0114094 0.363463 0.00011887 0.367617 0.0117066 0.371076 0.0243344 0.373972 0.036461 0.376208 0.0483585 0.377843 
4.316 0.167621 -0.196288 0.149631 -0.204137 0.133247 -0.21026 0.117122 -0.215527 0.0990737 -0.220266 0.0820004 -0.223758 0.0649857 -0.226211 
3.76 -0.204246 -0.225051 -0.223247 -0.210879 -0.239661 -0.197377 -0.254955 -0.183448 -0.270869 -0.167271 -0.284874 -0.151431 -0.297932 -0.135132 
3.699 -0.2515 -0.261348 -0.272666 -0.244326 -0.290833 -0.228212 -0.307761 -0.211584 -0.325181 -0.192467 -0.340535 -0.173595 -0.354729 -0.154139 
3.824 -0.163841 -0.291481 -0.186726 -0.279628 -0.206687 -0.268139 -0.22547 -0.256055 -0.245273 -0.241629 -0.263097 -0.22712 -0.279976 -0.211811 
3.189 -0.323408 -0.0928777 -0.334785 -0.0718221 -0.343793 -0.0524251 -0.351697 -0.0330536 -0.359099 -0.0114822 -0.365096 0.0091574 -0.369961 0.0299042 
3.896 -0.133023 -0.0839748 -0.143342 -0.0744427 -0.152092 -0.0655137 -0.160106 -0.0563565 -0.168682 -0.0459732 -0.175903 -0.0357931 -0.182822 -0.0253483 
3.756 -0.208355 -0.306547 -0.232038 -0.292277 -0.252599 -0.278454 -0.271943 -0.263992 -0.29225 -0.247127 -0.310375 -0.230258 -0.327425 -0.212605 
3.633 -0.245336 -0.0867141 -0.256288 -0.0702831 -0.265436 -0.0551597 -0.273455 -0.0399413 -0.281401 -0.0228259 -0.287969 -0.0063847 -0.293593 0.0101878 
3.777 -0.195343 -0.247651 -0.215502 -0.233993 -0.232828 -0.220935 -0.249099 -0.207252 -0.26613 -0.191367 -0.281179 -0.175734 -0.295201 -0.159555 
3.771 -0.200137 -0.33668 -0.225704 -0.322496 -0.247875 -0.308903 -0.268836 -0.294444 -0.290841 -0.27755 -0.310576 -0.260508 -0.329179 -0.242603 
3.795 -0.183016 -0.311341 -0.207187 -0.29836 -0.22804 -0.285844 -0.247796 -0.272618 -0.268621 -0.25704 -0.287261 -0.241316 -0.30493 -0.224962 
1.303 -0.0960416 0.247487 -0.0893664 0.256573 -0.0830905 0.264439 -0.0764015 0.271811 -0.0687936 0.27944 -0.0611698 0.286237 -0.0535181 0.292533 
3.676 -0.245336 -0.132598 -0.258753 -0.116221 -0.270108 -0.100909 -0.280339 -0.0854875 -0.290649 -0.0680517 -0.299331 -0.0511676 -0.30715 -0.0339837 
4.336 0.182002 -0.151089 0.166892 -0.159957 0.153075 -0.167161 0.139392 -0.173513 0.123928 -0.179635 0.109258 -0.184509 0.0945545 -0.188459 
3.592 -0.313135 -0.136022 -0.326825 -0.115438 -0.338211 -0.0964732 -0.348316 -0.077438 -0.35828 -0.0561388 -0.366428 -0.0355786 -0.373546 -0.0148253 
3.801 -0.180277 -0.29559 -0.203406 -0.282737 -0.22353 -0.270236 -0.242409 -0.257063 -0.262296 -0.241718 -0.280151 -0.226115 -0.296987 -0.209857 
3.83 -0.159732 -0.306547 -0.183435 -0.294991 -0.204143 -0.283683 -0.22369 -0.27176 -0.244331 -0.257505 -0.262923 -0.24311 -0.280555 -0.227924 
3.736 -0.222052 -0.318874 -0.246488 -0.303651 -0.267627 -0.289061 -0.28746 -0.273834 -0.30827 -0.255901 -0.326808 -0.238078 -0.344262 -0.219659 
3.711 -0.237803 -0.232585 -0.257113 -0.216387 -0.273732 -0.201014 -0.289095 -0.185271 -0.304974 -0.167235 -0.318867 -0.149467 -0.331695 -0.13124 
3.898 -0.126174 -0.114792 -0.138695 -0.105732 -0.149423 -0.0970471 -0.159353 -0.0880457 -0.169802 -0.0776976 -0.179074 -0.0674311 -0.187639 -0.0568134 
4.234 0.295686 0.089974 0.294525 0.0734856 0.292694 0.0591308 0.290338 0.0450394 0.286669 0.0299996 0.282525 0.0160841 0.277571 0.00284121 
3.721 -0.237118 -0.305862 -0.260778 -0.289476 -0.281226 -0.273877 -0.300334 -0.257605 -0.320261 -0.23886 -0.337863 -0.220182 -0.354374 -0.200858 
4.297 0.160088 -0.179852 0.143166 -0.187515 0.127659 -0.193452 0.112462 -0.198653 0.0954328 -0.203329 0.0792873 -0.20686 0.0631913 -0.209389 
1.103 0.356636 0.389933 0.37043 0.372061 0.381763 0.355687 0.392094 0.339064 0.402054 0.320291 0.410298 0.302119 0.417332 0.283947 
3.727 -0.223421 -0.218888 -0.24204 -0.203594 -0.258021 -0.189205 -0.272833 -0.174433 -0.288143 -0.157429 -0.301611 -0.140649 -0.314079 -0.123282 
1.438 0.188851 0.161197 0.190528 0.152745 0.191599 0.145171 0.192444 0.137668 0.192655 0.129414 0.192631 0.121618 0.192097 0.114052 
4.316 0.164882 -0.0189152 0.157866 -0.0272109 0.151208 -0.0342506 0.144468 -0.0408145 0.136533 -0.0475089 0.128903 -0.0534013 0.12101 -0.0586509 
4.27 0.121737 -0.117532 0.108469 -0.12307 0.0962948 -0.127364 0.0841758 -0.131027 0.0707081 -0.134233 0.0579377 -0.136505 0.0452181 -0.137965 
3.742 -0.217943 -0.281893 -0.240506 -0.266916 -0.260021 -0.252508 -0.278266 -0.237564 -0.297388 -0.220258 -0.314346 -0.202993 -0.330274 -0.185022 
3.939 -0.098781 -0.101096 -0.110295 -0.0934254 -0.12037 -0.0860664 -0.129678 -0.0783829 -0.139455 -0.0694998 -0.148168 -0.060678 -0.156225 -0.0514481 
3.299 0.438132 0.0338173 0.432528 0.0094821 0.426524 -0.0117746 0.419684 -0.0323493 0.410842 -0.0542059 0.401494 -0.0742775 0.391209 -0.0933998 
4.508 0.25665 -0.116847 0.243167 -0.13028 0.230535 -0.141676 0.217864 -0.152098 0.203218 -0.162723 0.189072 -0.171859 0.174616 -0.180011 
4.051 -0.0152308 -0.0764416 -0.0255719 -0.0735523 -0.0347564 -0.0704549 -0.0434439 -0.0670523 -0.0527916 -0.0628441 -0.0612175 -0.0583906 -0.0693445 -0.0534859 
3.801 -0.176852 -0.328462 -0.201891 -0.315932 -0.223741 -0.303524 -0.24436 -0.290488 -0.266115 -0.275155 -0.285712 -0.259556 -0.304298 -0.24332 
4.176 0.0737981 -0.0127517 0.0671573 -0.0156013 0.0609646 -0.0178488 0.0549918 -0.0197673 0.0481649 -0.0214544 0.041759 -0.0227407 0.0353577 -0.0235452 
3.467 -0.359019 -0.123695 -0.372362 -0.100562 -0.3832 -0.0792293 -0.392635 -0.0577342 -0.401722 -0.0336301 -0.409019 -0.0105798 -0.41503 0.012464 
3.92 -0.111793 -0.156568 -0.12652 -0.148221 -0.139382 -0.140192 -0.151368 -0.131757 -0.164131 -0.121818 -0.175352 -0.111778 -0.186064 -0.101349 
1.295 0.133379 0.14887 0.133944 0.144474 0.134205 0.140528 0.134394 0.136645 0.134221 0.1324 0.133883 0.128411 0.133299 0.124581 
1.27 -0.109738 0.218039 -0.104543 0.227848 -0.0996377 0.2364 -0.0942135 0.244533 -0.0879838 0.252964 -0.0815028 0.26068 -0.0747768 0.267929 
4.578 0.283358 -0.0798658 0.272098 -0.0949755 0.261385 -0.107917 0.250462 -0.120094 0.2376 -0.13239 0.225034 -0.143542 0.212096 -0.153569 
3.869 0.266922 0.131064 0.268122 0.116518 0.268563 0.103691 0.268491 0.0910279 0.267406 0.0772959 0.265895 0.0644 0.263588 0.0520052 
1.129 0.362115 0.35843 0.373903 0.340092 0.383357 0.323311 0.391931 0.306519 0.400178 0.287691 0.406867 0.269641 0.412308 0.251583 
1.533 0.164197 0.270771 0.172066 0.264033 0.178744 0.257812 0.185077 0.2513 0.191328 0.244079 0.196869 0.237084 0.201844 0.230114 
3.611 -0.296699 -0.129174 -0.309925 -0.109533 -0.32095 -0.0914039 -0.330693 -0.0732115 -0.34032 -0.0528163 -0.348254 -0.0331718 -0.355173 -0.0134288 
3.811 -0.174113 -0.262717 -0.195626 -0.250323 -0.2142 -0.23836 -0.231729 -0.225771 -0.250145 -0.211031 -0.266609 -0.196264 -0.282191 -0.180773 
1.971 0.3628 0.292686 0.371913 0.273186 0.379084 0.2556 0.385389 0.238058 0.390879 0.218499 0.395134 0.199951 0.398478 0.181609 
2.166 0.647692 0.105725 0.644753 0.0692579 0.640432 0.0371955 0.634872 0.00597795 0.626738 -0.0276079 0.617501 -0.058502 0.606835 -0.0883353 
4.188 0.08681 0.0550473 0.0843721 0.0512858 0.0819682 0.0481382 0.0796621 0.0452079 0.0767599 0.0421644 0.0740716 0.0394109 0.0711783 0.03692 
4.176 0.0703739 -0.0791809 0.0596878 -0.081868 0.0500339 -0.0837518 0.0406239 -0.0851229 0.0300927 -0.0861118 0.0203696 -0.0863981 0.0106155 -0.086176 
1.272 -0.0857691 0.286522 -0.0767218 0.295059 -0.0681913 0.302473 -0.0594593 0.309203 -0.0498776 0.31588 -0.0404265 0.321674 -0.030877 0.326993 
3.789 -0.18781 -0.273675 -0.209855 -0.260478 -0.228973 -0.247629 -0.246894 -0.234347 -0.265756 -0.218673 -0.282602 -0.20303 -0.298414 -0.186554 
4.488 0.242268 -0.015491 0.235166 -0.0286038 0.228168 -0.0397516 0.220951 -0.0504025 0.212209 -0.061523 0.203664 -0.0713188 0.194587 -0.0804804 
1.257 -0.0282427 0.281044 -0.0199758 0.286179 -0.0124511 0.290494 -0.00475312 0.294362 0.00363217 0.298034 0.0118547 0.301111 0.0200164 0.303799 
4.238 0.112834 -0.0675387 0.10276 -0.0723983 0.0935545 -0.0761603 0.0845052 -0.0794479 0.0743623 -0.0824072 0.0648869 -0.0847204 0.0552653 -0.0863698 
4.281 0.145021 -0.00316395 0.139079 -0.010254 0.133043 -0.0163895 0.127533 -0.0219299 0.120824 -0.0276558 0.114297 -0.032772 0.107593 -0.0373509 
3.783 -0.183016 -0.0791809 -0.193254 -0.0664241 -0.201872 -0.0545656 -0.209574 -0.0425968 -0.217393 -0.029114 -0.223891 -0.0160588 -0.229796 -0.00278379 
4.273 0.140227 0.00984797 0.134682 0.00290048 0.129355 -0.0029188 0.123997 -0.00844473 0.117627 -0.0140357 0.111464 -0.0189903 0.105043 -0.0236398 
3.938 -0.0994658 -0.134653 -0.113131 -0.126971 -0.125083 -0.119499 -0.136239 -0.111685 -0.14827 -0.102488 -0.158892 -0.0932364 -0.169111 -0.0835214 
4.031 -0.0234488 -0.0168607 -0.0301629 -0.0139204 -0.0360713 -0.0110153 -0.0415677 -0.00788876 -0.0475368 -0.0041571 -0.0528103 -0.000347187 -0.0579166 0.00380481 
3.201 0.54976 -0.179852 0.531144 -0.21014 0.513155 -0.23597 0.494424 -0.260558 0.47231 -0.286055 0.450543 -0.308784 0.427868 -0.32986 
4.367 0.189536 -0.109314 0.176589 -0.118776 0.164631 -0.126671 0.152745 -0.133773 0.139181 -0.140798 0.126192 -0.146721 0.113064 -0.151805 
3.807 -0.172743 -0.342843 -0.198485 -0.33052 -0.220907 -0.318482 -0.242153 -0.305572 -0.264631 -0.29012 -0.284823 -0.274617 -0.30398 -0.258271 
4.191 0.0758526 -0.166155 0.0598552 -0.168571 0.0454306 -0.169995 0.0313982 -0.170781 0.0159376 -0.170774 0.00161988 -0.169886 -0.0125313 -0.16822 
2.18 -0.430927 -0.249021 -0.452186 -0.220516 -0.469832 -0.194067 -0.485769 -0.167374 -0.501586 -0.137411 -0.514835 -0.10845 -0.526624 -0.0792165 
4.27 0.142967 -0.0606903 0.133155 -0.0676212 0.12408 -0.0732964 0.115114 -0.0783988 0.104853 -0.0834591 0.0951108 -0.0876645 0.085183 -0.0911552 
1.236 0.0758526 0.285838 0.0846065 0.284633 0.0923133 0.283214 0.0998585 0.281484 0.107698 0.279039 0.115066 0.276374 0.12214 0.273379 
4.273 0.149815 -0.0880838 0.138743 -0.0955733 0.128473 -0.101591 0.118326 -0.106999 0.106787 -0.112141 0.0957994 -0.116436 0.0847273 -0.119955 
4.473 0.239529 -0.0880838 0.227795 -0.100791 0.216747 -0.111473 0.205584 -0.121208 0.192663 -0.131336 0.180141 -0.140209 0.167282 -0.148123 
3.641 -0.296014 -0.297644 -0.319215 -0.277973 -0.339046 -0.259303 -0.35747 -0.240153 -0.376453 -0.218225 -0.393107 -0.196735 -0.408494 -0.174658 
4.402 0.206657 -0.0120668 0.199529 -0.0229232 0.192667 -0.0322521 0.185668 -0.0411148 0.177202 -0.0501818 0.169019 -0.0583352 0.16045 -0.0657267 
4.164 0.0676346 0.0639501 0.0655892 0.0611695 0.0636166 0.0588643 0.061778 0.0565947 0.0593724 0.0542794 0.057102 0.052194 0.05485 0.0504323 
0.979 -0.0597452 0.346103 -0.0476832 0.353403 -0.0366681 0.359544 -0.0253733 0.364945 -0.0130779 0.370106 -0.00109912 0.374433 0.0108614 0.378146 
4.105 0.027914 0.00573894 0.0219661 0.00577434 0.0166172 0.00609181 0.0114931 0.0066362 0.00579265 0.0075679 0.000617409 0.00875525 -0.00456368 0.0102724 
1.304 -0.0912478 0.271456 -0.0831032 0.280238 -0.0754581 0.2879 -0.0675941 0.294893 -0.0586866 0.301986 -0.0497415 0.308221 -0.0410085 0.313935 
3.635 -0.283687 -0.175058 -0.299443 -0.156318 -0.312791 -0.138738 -0.324807 -0.121107 -0.336917 -0.101116 -0.347242 -0.081697 -0.356501 -0.0620936 
0.682 -0.309026 0.378291 -0.297454 0.402912 -0.28614 0.424653 -0.273774 0.445214 -0.25919 0.466765 -0.244491 0.486259 -0.229039 0.504775 
4.285 0.147761 -0.143556 0.132994 -0.150476 0.119516 -0.155808 0.106274 -0.160697 0.091392 -0.164929 0.077293 -0.168287 0.0632062 -0.17066 
1.356 0.112149 0.261183 0.119106 0.258062 0.125357 0.254884 0.131028 0.251703 0.137225 0.247596 0.142881 0.243523 0.148017 0.239392 
4.41 0.21419 -0.137392 0.199892 -0.148139 0.186612 -0.157099 0.173391 -0.165197 0.158389 -0.173173 0.144018 -0.179845 0.129463 -0.185615 
3.846 -0.148774 -0.317504 -0.173252 -0.306338 -0.194685 -0.295161 -0.214915 -0.283431 -0.236369 -0.269272 -0.255714 -0.254964 -0.274027 -0.239885 
3.602 -0.311766 -0.160677 -0.326973 -0.14009 -0.339658 -0.121186 -0.351072 -0.102016 -0.362414 -0.0805769 -0.371902 -0.0597923 -0.380225 -0.0388675 
4.238 0.10941 -0.0894535 0.0979801 -0.0940969 0.0876435 -0.0976499 0.0773675 -0.100695 0.0660662 -0.103295 0.0552705 -0.105175 0.0444639 -0.106325 
4.398 0.209396 -0.123695 0.195468 -0.134348 0.18254 -0.143202 0.169681 -0.151225 0.155062 -0.159085 0.14104 -0.165715 0.126855 -0.171366 
1.215 0.0464046 0.263923 0.053538 0.264745 0.0599306 0.265297 0.0664618 0.265438 0.0732655 0.26515 0.079745 0.264555 0.0861213 0.263711 
3.182 0.460731 0.0673743 0.457023 0.0415867 0.452482 0.0188903 0.447165 -0.00307162 0.43976 -0.0266241 0.431838 -0.0483686 0.422823 -0.0691587 
3.135 0.452513 0.130379 0.452654 0.104783 0.451699 0.0822081 0.449685 0.0601213 0.446014 0.0363585 0.441347 0.0142934 0.435564 -0.00681833 
4.461 0.238844 -0.139447 0.224104 -0.151964 0.210341 -0.162027 0.196602 -0.171591 0.180865 -0.181126 0.165754 -0.188965 0.150459 -0.195976 
1.391 0.136118 0.235844 0.141781 0.230974 0.146619 0.226417 0.151112 0.221683 0.155656 0.216167 0.159657 0.21082 0.163303 0.2055 
3.73 -0.23027 -0.346268 -0.256456 -0.330371 -0.279146 -0.315054 -0.300476 -0.299054 -0.322817 -0.280307 -0.342785 -0.261581 -0.361473 -0.242143 
4.191 0.0840707 -0.00179427 0.077953 -0.0053284 0.0723183 -0.00811786 0.0668157 -0.0105853 0.0605098 -0.0129542 0.054609 -0.0148554 0.0486328 -0.0162443 
3.811 -0.167265 -0.120271 -0.179826 -0.108524 -0.190538 -0.0975882 -0.200425 -0.0861889 -0.210596 -0.0732332 -0.219439 -0.0606104 -0.227605 -0.0476319 
1.089 -0.000849199 0.366648 0.0121575 0.370305 0.0238463 0.373101 0.035578 0.375329 0.0482311 0.376877 0.0603498 0.377744 0.0721222 0.378117 
4.352 0.179948 -0.032612 0.171732 -0.0420031 0.163861 -0.0497685 0.155965 -0.0570051 0.14672 -0.0644272 0.137827 -0.0711301 0.128635 -0.0769454 
1.361 -0.117956 0.189275 -0.114491 0.199415 -0.111075 0.208583 -0.10721 0.217381 -0.102566 0.226555 -0.0976609 0.235142 -0.0924712 0.243314 
4.145 0.131324 0.0797014 0.130019 0.0732577 0.128684 0.0677247 0.126929 0.0622996 0.124697 0.0565444 0.122346 0.0512449 0.119644 0.0463086 
4.438 0.214875 -0.0428845 0.205979 -0.054058 0.19748 -0.0632887 0.188988 -0.0722447 0.178906 -0.0813906 0.169099 -0.0894007 0.15902 -0.097004 
3.994 -0.0515272 -0.0312423 -0.0589394 -0.026565 -0.065513 -0.0220037 -0.0716132 -0.0173632 -0.0780791 -0.011913 -0.0835859 -0.00638692 -0.0888897 -0.000707747 
1.379 0.139543 0.210505 0.143662 0.20558 0.147229 0.200881 0.150421 0.196308 0.15352 0.190858 0.156255 0.185814 0.158636 0.180748 
2.18 -0.440515 -0.199712 -0.458682 -0.171039 -0.473824 -0.144678 -0.487223 -0.11812 -0.50033 -0.0882068 -0.511 -0.059573 -0.520124 -0.0307215 
4.359 0.184057 -0.0483632 0.175171 -0.0578958 0.166886 -0.066048 0.158572 -0.0735492 0.148818 -0.0811697 0.139363 -0.087849 0.129781 -0.0937791 
4.02 -0.0453636 -0.142186 -0.0590997 -0.137865 -0.0711614 -0.133355 -0.0826289 -0.128354 -0.0949738 -0.122226 -0.106081 -0.115883 -0.116797 -0.108943 
3.635 -0.308341 -0.367498 -0.335855 -0.346923 -0.359543 -0.327309 -0.381694 -0.30701 -0.40466 -0.28351 -0.424976 -0.260325 -0.443725 -0.23648 
4.469 0.238159 -0.102465 0.225572 -0.114796 0.213763 -0.125024 0.201912 -0.134538 0.188227 -0.144079 0.175021 -0.15252 0.161601 -0.160002 
4.301 0.155979 0.0166963 0.150696 0.00877084 0.145564 0.00198416 0.140358 -0.00436706 0.134097 -0.0110126 0.128043 -0.0169056 0.12158 -0.022345 
3.33 0.464156 -0.0600055 0.452905 -0.0857345 0.441826 -0.108051 0.430177 -0.129356 0.41573 -0.15157 0.401288 -0.171765 0.385899 -0.190674 
4.105 0.0265443 -0.0524723 0.0174803 -0.052379 0.00946646 -0.0518834 0.00173244 -0.0510246 -0.00679338 -0.0496651 -0.0146458 -0.0479472 -0.0222848 -0.0456558 
4.328 0.1731 0.022175 0.168073 0.0132643 0.163194 0.00555494 0.158162 -0.00163251 0.152051 -0.0092767 0.145952 -0.0161272 0.139641 -0.0223537 
1.254 -0.0754965 0.29748 -0.0661126 0.305332 -0.0573328 0.312064 -0.0482236 0.318214 -0.0382846 0.324262 -0.0285627 0.32946 -0.018832 0.33417 
4.289 0.154609 -0.0682235 0.14441 -0.0758833 0.134941 -0.0822564 0.125493 -0.0880209 0.114713 -0.0935848 0.104441 -0.0984735 0.094041 -0.102379 
3.59 -0.33368 -0.190125 -0.350707 -0.167966 -0.364977 -0.147498 -0.377858 -0.126783 -0.390686 -0.103467 -0.401452 -0.0809094 -0.410917 -0.0580116 
3.398 0.385399 0.094083 0.383881 0.0724735 0.381411 0.0536554 0.37838 0.0352864 0.373577 0.0154165 0.368187 -0.0028854 0.361908 -0.0203762 
3.623 -0.309026 -0.261348 -0.330075 -0.240894 -0.347954 -0.221926 -0.364434 -0.20243 -0.38142 -0.180182 -0.396038 -0.158458 -0.409478 -0.136246 
3.41 -0.123435 -0.00384879 -0.129303 0.00526669 -0.134308 0.0135728 -0.138646 0.0219762 -0.142954 0.0314108 -0.146485 0.040472 -0.14945 0.0497174 
3.582 -0.339159 -0.173689 -0.355042 -0.151671 -0.368325 -0.131239 -0.380128 -0.110906 -0.39191 -0.0878345 -0.40172 -0.0655276 -0.410419 -0.0431216 
1.26 0.0642104 0.389248 0.0785268 0.389094 0.0912947 0.388627 0.103841 0.387305 0.117184 0.385083 0.129728 0.382548 0.141781 0.379284 
2.18 0.575099 0.137913 0.574315 0.105681 0.572264 0.0771881 0.569251 0.0494572 0.563779 0.0195551 0.557345 -0.00812723 0.549336 -0.0348447 
3.838 -0.150144 -0.294905 -0.173179 -0.283733 -0.193351 -0.272764 -0.212343 -0.261099 -0.23247 -0.247269 -0.250465 -0.233357 -0.267663 -0.21862 
3.938 -0.0933023 -0.0120668 -0.0996316 -0.00486973 -0.105019 0.00182762 -0.109782 0.00865301 -0.114762 0.0163467 -0.118976 0.0238702 -0.12278 0.031521 
1.286 -0.0707026 0.27625 -0.0624713 0.283919 -0.0549115 0.290413 -0.0469157 0.296451 -0.0380625 0.302475 -0.029344 0.307691 -0.0207451 0.312412 
4.152 0.0580468 -0.011382 0.0514899 -0.0135527 0.0454803 -0.0150424 0.039695 -0.0162905 0.0331033 -0.0172584 0.0269733 -0.0178735 0.0208671 -0.0180413 
1.387 0.314176 0.298849 0.32334 0.282522 0.33083 0.267772 0.337561 0.252993 0.343502 0.236387 0.348501 0.220675 0.352457 0.205069 
1.027 0.10941 0.407739 0.124716 0.405012 0.138111 0.401971 0.151258 0.398307 0.165035 0.393264 0.177884 0.387987 0.190091 0.382175 
4.324 0.178578 -0.137392 0.163907 -0.146405 0.150397 -0.153703 0.137018 -0.160231 0.12191 -0.166477 0.107496 -0.171532 0.0930457 -0.17564 
1.284 -0.0378304 0.21119 -0.033344 0.217036 -0.0292291 0.222155 -0.0249774 0.226819 -0.0199922 0.23168 -0.0152362 0.236085 -0.0102267 0.240129 
2.203 0.633995 0.0612108 0.628633 0.0258324 0.622134 -0.00522791 0.614466 -0.0351294 0.604142 -0.0673169 0.592891 -0.0970167 0.580237 -0.125371 
2.186 -0.385043 -0.340104 -0.411541 -0.314399 -0.434182 -0.290143 -0.454998 -0.26544 -0.476355 -0.237255 -0.494826 -0.209941 -0.511658 -0.18173 
3.689 -0.258348 -0.340789 -0.284134 -0.323203 -0.306426 -0.306333 -0.327211 -0.288994 -0.348899 -0.268801 -0.368232 -0.248709 -0.386274 -0.227932 
3.109 0.444295 0.170785 0.446848 0.14562 0.448118 0.123185 0.448205 0.101342 0.446854 0.077458 0.444423 0.0553068 0.440697 0.0336865 
0.735 -0.330256 0.319395 -0.321247 0.344748 -0.312269 0.367073 -0.302138 0.388411 -0.290062 0.410927 -0.277451 0.43146 -0.264129 0.451083 
4.027 -0.0412546 -0.181907 -0.0578112 -0.177537 -0.0725101 -0.172946 -0.0865185 -0.167801 -0.101718 -0.161342 -0.115412 -0.154513 -0.128516 -0.146924 
4.078 0.00668402 -0.0600055 -0.00270458 -0.0586814 -0.0111274 -0.0570586 -0.0191298 -0.0551909 -0.0278955 -0.052612 -0.0359005 -0.0497417 -0.0436561 -0.0463807 
4.285 0.318285 0.0906588 0.317135 0.0730399 0.315378 0.0574814 0.31286 0.042308 0.309092 0.0260662 0.30475 0.0108483 0.299571 -0.00363682 
2.191 -0.402164 -0.270935 -0.424291 -0.245028 -0.442874 -0.221129 -0.459882 -0.19655 -0.47706 -0.168621 -0.491706 -0.14173 -0.504838 -0.114316 
3.924 -0.113163 -0.102465 -0.124881 -0.0940084 -0.134955 -0.085915 -0.144159 -0.0775133 -0.153981 -0.0678768 -0.162511 -0.0583132 -0.170327 -0.0483612 
2.172 -0.411067 -0.309971 -0.436011 -0.282672 -0.457144 -0.257202 -0.476433 -0.231261 -0.495982 -0.201945 -0.512767 -0.173391 -0.527893 -0.144304 
4.293 0.154609 -0.16547 0.138652 -0.173115 0.123908 -0.178633 0.109517 -0.183729 0.0933523 -0.188075 0.0780902 -0.191682 0.062814 -0.194213 
4.105 0.0217504 -0.0730174 0.0117988 -0.0725019 0.00298847 -0.0715386 -0.00547323 -0.0702719 -0.0148023 -0.068442 -0.0232876 -0.0661637 -0.0316261 -0.0635351 
1.309 -0.110423 0.257074 -0.103091 0.267075 -0.0962494 0.275767 -0.0889484 0.283846 -0.0807748 0.292175 -0.0723684 0.299608 -0.0641871 0.306524 
3.699 -0.252185 -0.239433 -0.271993 -0.22235 -0.288961 -0.20607 -0.304698 -0.189306 -0.320893 -0.170249 -0.335003 -0.15141 -0.348022 -0.132093 
4.086 0.00325983 -0.175743 -0.0128003 -0.173996 -0.0270698 -0.171672 -0.0408337 -0.168785 -0.0557355 -0.164796 -0.0695289 -0.16033 -0.0827696 -0.155089 
2.184 0.61345 0.138597 0.612725 0.104103 0.61046 0.0736047 0.606859 0.043965 0.601073 0.0120775 0.593967 -0.017547 0.585431 -0.0460301 
3.121 0.5299 -0.0565813 0.518413 -0.0860946 0.506868 -0.111826 0.494582 -0.136257 0.479486 -0.162033 0.464219 -0.18553 0.447935 -0.207498 
3.086 0.497713 0.0632653 0.493632 0.0353225 0.488612 0.0107402 0.482759 -0.0130545 0.474716 -0.0384389 0.466004 -0.0617055 0.456208 -0.0841825 
3.793 -0.179592 -0.199712 -0.197121 -0.186805 -0.212186 -0.174522 -0.226252 -0.161804 -0.240842 -0.147131 -0.253768 -0.132538 -0.265715 -0.117427 
1.135 0.427174 0.361855 0.438969 0.339512 0.448404 0.319199 0.456758 0.298951 0.464436 0.276376 0.470496 0.254858 0.475431 0.233479 
3.943 -0.10289 -0.0606903 -0.112087 -0.0528674 -0.1201 -0.0454902 -0.127337 -0.0378765 -0.135005 -0.029231 -0.141473 -0.0206565 -0.147683 -0.0118453 
3.961 -0.0864539 -0.12575 -0.0996101 -0.118854 -0.111239 -0.112132 -0.122024 -0.104968 -0.133596 -0.0965627 -0.144169 -0.0880741 -0.153919 -0.0790389 
3.383 0.405944 0.0488837 0.401584 0.0263355 0.396663 0.00657852 0.391145 -0.0124669 0.383625 -0.0328969 0.375711 -0.0515386 0.366914 -0.0694424 
4.434 0.223778 -0.117532 0.210307 -0.128678 0.19767 -0.137687 0.185164 -0.146141 0.17079 -0.154442 0.157092 -0.161549 0.143175 -0.167658 
4.586 0.288152 -0.103835 0.275532 -0.119277 0.263599 -0.132383 0.251435 -0.144646 0.237271 -0.157259 0.223494 -0.168307 0.209278 -0.178245 
1.492 -0.189864 0.146131 -0.187345 0.159596 -0.184405 0.171647 -0.180907 0.183298 -0.176555 0.195533 -0.171611 0.20674 -0.166255 0.217782 
1.43 0.179263 0.176264 0.181648 0.168375 0.183325 0.161524 0.184825 0.154785 0.185772 0.147263 0.186409 0.140138 0.18655 0.133183 
4.219 0.0963978 -0.0942474 0.0848889 -0.0981876 0.0745976 -0.101105 0.0640979 -0.103566 0.0523387 -0.105621 0.0413201 -0.10693 0.0302817 -0.107556 
4.508 0.25391 -0.0613752 0.243951 -0.0747159 0.234476 -0.0864504 0.224838 -0.0971316 0.213427 -0.108264 0.202349 -0.118109 0.190812 -0.126999 
3.129 0.537433 -0.0737022 0.524861 -0.103453 0.512305 -0.12911 0.499048 -0.153731 0.483013 -0.179601 0.466784 -0.202972 0.449625 -0.224998 
4.031 -0.0296124 -0.0908232 -0.0405716 -0.0873758 -0.0502595 -0.0837248 -0.0593828 -0.0797488 -0.0691905 -0.0748811 -0.0781142 -0.0698189 -0.0866594 -0.0642921 
3.744 -0.221367 -0.297644 -0.244595 -0.282356 -0.264642 -0.268055 -0.283533 -0.252524 -0.303214 -0.235031 -0.32075 -0.217178 -0.337132 -0.198565 
1.295 -0.0754965 0.23242 -0.0697528 0.240287 -0.0641532 0.247223 -0.058379 0.253655 -0.0518199 0.260282 -0.0451157 0.266179 -0.0384018 0.271706 
1.591 0.163512 0.31871 0.174173 0.311921 0.183473 0.305355 0.192317 0.298656 0.201302 0.290655 0.209419 0.282584 0.216907 0.274422 
4.344 0.263498 0.0372415 0.259624 0.0230061 0.255521 0.0105757 0.251051 -0.00138268 0.245196 -0.0141154 0.239096 -0.0257711 0.232377 -0.0368611 
4.188 0.0710588 -0.221627 0.0519767 -0.223756 0.034909 -0.224672 0.0181641 -0.224796 2.05585e-05 -0.223898 -0.0169135 -0.222175 -0.0336925 -0.219575 
4.352 0.184057 0.035187 0.179764 0.0260717 0.175578 0.0180305 0.171155 0.0105052 0.165718 0.00254088 0.160376 -0.00468402 0.15468 -0.0112346 
4.23 0.25391 0.0721682 0.251744 0.0583828 0.2494 0.0464361 0.2466 0.0347774 0.242535 0.0222441 0.238156 0.0107022 0.233161 -0.000150982 
2.184 -0.41997 -0.257239 -0.441602 -0.229493 -0.459759 -0.203972 -0.476286 -0.1779 -0.492746 -0.14856 -0.506524 -0.120185 -0.518767 -0.0915551 
1.521 0.171045 0.247487 0.177183 0.24092 0.182357 0.235042 0.187287 0.229053 0.191948 0.221781 0.195968 0.21447 0.19942 0.207296 
4.023 -0.0282427 -0.0332968 -0.0361703 -0.0299615 -0.0431785 -0.0265735 -0.0497629 -0.022933 -0.0569151 -0.0186428 -0.0633024 -0.0142287 -0.0693258 -0.00939763 
0.694 -0.0357759 0.48581 -0.0181536 0.493556 -0.00213068 0.499836 0.0139615 0.50517 0.0316537 0.509927 0.0485853 0.513486 0.0653742 0.516201 
1.303 -0.106314 0.202287 -0.10235 0.211989 -0.0983429 0.220688 -0.0938938 0.228892 -0.0887137 0.237462 -0.0833299 0.245229 -0.0775346 0.252607 
2.16 -0.434351 -0.298329 -0.458542 -0.26991 -0.479029 -0.243154 -0.497527 -0.216285 -0.51616 -0.185821 -0.532116 -0.156252 -0.546401 -0.126328 
3.412 0.442241 -0.0784961 0.430237 -0.102879 0.418615 -0.123962 0.406091 -0.143745 0.391384 -0.164787 0.376385 -0.183466 0.360715 -0.201042 
3.467 -0.115902 0.0132722 -0.120754 0.0219854 -0.124738 0.0298016 -0.128175 0.0376761 -0.131638 0.04634 -0.134306 0.0545389 -0.13664 0.0628822 
4.441 0.223093 -0.08329 0.212069 -0.0950395 0.20163 -0.104871 0.191159 -0.114007 0.17905 -0.123259 0.167301 -0.131255 0.155305 -0.138308 
3.916 -0.113163 -0.269566 -0.134803 -0.260684 -0.153798 -0.251673 -0.171773 -0.242065 -0.190872 -0.230547 -0.208144 -0.218738 -0.224545 -0.206142 
3.283 0.455938 0.00231475 0.448491 -0.0228908 0.440934 -0.0449032 0.432661 -0.06633 0.422028 -0.0889667 0.410792 -0.109256 0.39862 -0.128815 
1.61 0.200493 0.209136 0.204797 0.200075 0.208298 0.191823 0.211382 0.183741 0.214018 0.174551 0.216139 0.165754 0.217662 0.157139 
1.265 -0.0166005 0.222832 -0.0113588 0.227415 -0.00675333 0.231294 -0.00185798 0.23488 0.00338865 0.238362 0.00853455 0.241411 0.0138056 0.244244 
1.266 0.355266 0.313916 0.365149 0.295204 0.3731 0.278425 0.380147 0.261517 0.386626 0.242807 0.391832 0.224971 0.395968 0.207205 
1.408 -0.111108 0.155718 -0.109751 0.165693 -0.108134 0.174559 -0.105967 0.183073 -0.103214 0.192276 -0.100125 0.200776 -0.0967704 0.209087 
2.188 -0.427503 -0.232585 -0.447663 -0.20475 -0.464576 -0.178806 -0.47986 -0.152669 -0.494908 -0.123406 -0.507403 -0.095069 -0.518333 -0.066296 
4.168 0.0703739 -0.0428845 0.0620892 -0.0454353 0.0544143 -0.0473586 0.0471966 -0.0488435 0.0390786 -0.0500531 0.0313976 -0.0507613 0.0237826 -0.0509524 
4.5 0.249117 -0.0421997 0.240066 -0.055083 0.231472 -0.0662596 0.222677 -0.0766722 0.212307 -0.0875907 0.20212 -0.0973498 0.191582 -0.10623 
3.883 0.160772 0.10778 0.160545 0.0997261 0.160261 0.0925522 0.159376 0.0858201 0.158074 0.0782733 0.156653 0.071308 0.154548 0.0646113 
1.252 0.0820162 0.265977 0.0893796 0.264472 0.0957287 0.263027 0.102054 0.261288 0.108522 0.258912 0.114542 0.256337 0.120254 0.25354 
3.223 0.484701 -0.0298726 0.47519 -0.0567551 0.465616 -0.0801986 0.455209 -0.102637 0.442487 -0.126074 0.429342 -0.147772 0.415577 -0.16838 
