1.729 0.0943432 0.00642378 0.0934243 -0.0520044 0.0932098 -0.106036 0.0932827 -0.160202 0.0937367 -0.218345 0.0946154 -0.276975 0.0961281 -0.339589 
4.16 -0.387098 0.226942 -0.385598 0.167206 -0.385609 0.113825 -0.386516 0.0617537 -0.388574 0.0074948 -0.391705 -0.0456859 -0.395573 -0.101089 
4.215 -0.381619 0.190645 -0.380969 0.131468 -0.381731 0.0784011 -0.38334 0.0263819 -0.386178 -0.0280188 -0.390074 -0.081566 -0.394733 -0.137567 
4.137 -0.353541 0.242693 -0.351958 0.182695 -0.351765 0.12914 -0.352399 0.077045 -0.354115 0.0228032 -0.356798 -0.0301702 -0.360154 -0.0853433 
4.191 -0.363813 0.205027 -0.362952 0.145668 -0.363465 0.092477 -0.364811 0.0404679 -0.367332 -0.0138168 -0.370843 -0.0671399 -0.375059 -0.122828 
4.164 -0.348062 0.220778 -0.34696 0.161135 -0.34718 0.107805 -0.348243 0.0558087 -0.3504 0.00157319 -0.353499 -0.0515699 -0.357296 -0.106979 
4.234 -0.348062 0.174209 -0.34786 0.115283 -0.348954 0.0623107 -0.350793 0.0102973 -0.353814 -0.044136 -0.357805 -0.0978765 -0.36244 -0.154124 
4.215 -0.362444 0.187906 -0.36194 0.128786 -0.362813 0.0757381 -0.364474 0.0237527 -0.36736 -0.0306062 -0.371198 -0.0841587 -0.375777 -0.14011 
4.188 -0.415861 0.207766 -0.414689 0.14835 -0.415042 0.0950666 -0.416381 0.0430297 -0.419003 -0.0113126 -0.422821 -0.0646689 -0.427362 -0.120386 
4.238 -0.379564 0.173524 -0.379242 0.11458 -0.380306 0.0615482 -0.382183 0.00956473 -0.385329 -0.0449255 -0.389498 -0.09868 -0.394442 -0.154905 
4.164 -0.363128 0.220093 -0.361962 0.160458 -0.362172 0.107082 -0.363286 0.0550766 -0.365511 0.000835228 -0.368738 -0.0522956 -0.372649 -0.107735 
4.234 -0.402164 0.179688 -0.401654 0.120622 -0.402603 0.0675951 -0.404482 0.0155555 -0.40763 -0.0389613 -0.411888 -0.0926649 -0.416966 -0.148859 
4.164 -0.41997 0.226942 -0.418291 0.167202 -0.418239 0.113781 -0.419131 0.0616779 -0.421288 0.00736999 -0.424623 -0.0458399 -0.428755 -0.101282 
4.129 -0.406273 0.245432 -0.404255 0.185379 -0.403815 0.131765 -0.404335 0.0795784 -0.406029 0.0252961 -0.408883 -0.0277366 -0.412485 -0.0829424 
4.16 -0.404219 0.227626 -0.402592 0.167883 -0.402542 0.114471 -0.403414 0.0623693 -0.405496 0.00809006 -0.408745 -0.0451146 -0.412723 -0.100497 
4.012 -0.0919326 0.250911 -0.0926045 0.190531 -0.093589 0.136982 -0.0946888 0.0851437 -0.0961061 0.0314539 -0.0977276 -0.0209511 -0.0992603 -0.0754678 
4.195 -0.398055 0.206396 -0.397004 0.147013 -0.397443 0.0937517 -0.398803 0.0417461 -0.401409 -0.0125863 -0.405135 -0.065972 -0.409618 -0.121668 
4.211 -0.347377 0.189275 -0.346917 0.130137 -0.347725 0.0771156 -0.349303 0.0251346 -0.352069 -0.0292113 -0.355781 -0.0827594 -0.360152 -0.138713 
4.188 -0.350116 0.203657 -0.349342 0.144302 -0.349899 0.0910933 -0.351243 0.0391176 -0.353744 -0.0151449 -0.357192 -0.0684736 -0.361358 -0.124173 
4.137 -0.370662 0.239269 -0.369083 0.1793 -0.368962 0.125752 -0.369652 0.0736556 -0.37149 0.0193881 -0.374362 -0.0336146 -0.377876 -0.0887839 
4.191 -0.381619 0.206396 -0.380635 0.146999 -0.381114 0.0937796 -0.38244 0.0417552 -0.384951 -0.0125329 -0.388552 -0.0658896 -0.39286 -0.121543 
4.211 -0.413806 0.194069 -0.412927 0.134872 -0.413568 0.0817188 -0.415132 0.0296582 -0.418034 -0.0247462 -0.422061 -0.0782943 -0.42693 -0.134294 
4.195 -0.430927 0.206396 -0.429718 0.146977 -0.430078 0.093676 -0.431469 0.0416229 -0.434183 -0.0127684 -0.438127 -0.0661477 -0.442901 -0.121852 
4.164 -0.437091 0.227626 -0.435307 0.167871 -0.435188 0.114419 -0.436074 0.0622985 -0.438245 0.00799597 -0.441647 -0.0452303 -0.445867 -0.100702 
4.035 -0.200822 0.269401 -0.200182 0.208639 -0.200229 0.154744 -0.200754 0.102594 -0.201987 0.048689 -0.203782 -0.00376222 -0.205865 -0.0583092 
4.227 -0.08166 0.111204 -0.0830904 0.0533467 -0.0846859 0.000848896 -0.0863983 -0.0509371 -0.088526 -0.105776 -0.0907873 -0.16053 -0.0929875 -0.218459 
4.199 -0.448048 0.207081 -0.446768 0.147627 -0.447085 0.0943475 -0.448425 0.0422345 -0.451191 -0.0121793 -0.455205 -0.0655841 -0.460045 -0.121277 
4.121 -0.363813 0.252281 -0.361997 0.191993 -0.361604 0.138299 -0.362119 0.0861233 -0.363691 0.0319088 -0.36634 -0.0210211 -0.369583 -0.0760456 
4.133 -0.42134 0.244062 -0.419228 0.183999 -0.41881 0.13037 -0.419311 0.0781722 -0.421118 0.0239026 -0.424082 -0.0291584 -0.427802 -0.0843801 
4.105 -0.390522 0.262553 -0.388261 0.202115 -0.387546 0.148336 -0.387721 0.0960095 -0.389053 0.0417525 -0.391496 -0.011205 -0.394646 -0.0661522 
4.133 -0.221367 0.21256 -0.221131 0.153099 -0.221773 0.0999376 -0.222958 0.0482035 -0.224866 -0.00572641 -0.227466 -0.0587369 -0.230458 -0.11411 
4.129 -0.384358 0.244062 -0.382519 0.184022 -0.382182 0.130426 -0.382728 0.0782877 -0.384425 0.0240199 -0.387233 -0.0290085 -0.390737 -0.0841771 
4.223 -0.430927 0.19133 -0.430045 0.13211 -0.430746 0.0789571 -0.432455 0.0268821 -0.435504 -0.0275384 -0.439736 -0.0811222 -0.444879 -0.137095 
4.246 -0.428873 0.174209 -0.428349 0.115171 -0.429369 0.0621086 -0.431356 0.0100428 -0.434704 -0.0444672 -0.439237 -0.0982396 -0.444635 -0.154485 
4.051 -0.143295 0.247487 -0.143374 0.187197 -0.143891 0.13366 -0.144899 0.0818384 -0.146329 0.0280658 -0.148232 -0.0243943 -0.150221 -0.0790401 
4.168 -0.452157 0.226257 -0.450347 0.166505 -0.45024 0.113044 -0.45114 0.0609047 -0.453435 0.00656844 -0.456959 -0.0466571 -0.461347 -0.102119 
4.109 -0.423394 0.261868 -0.420877 0.20141 -0.420077 0.147594 -0.42024 0.0952761 -0.421646 0.0409818 -0.424236 -0.0119918 -0.427599 -0.0669897 
3.424 0.023805 0.282413 0.0215514 0.221103 0.0199268 0.167044 0.0183077 0.114827 0.016829 0.0609896 0.015685 0.00867128 0.0149559 -0.0455435 
4.125 -0.192604 0.211875 -0.192582 0.152412 -0.19327 0.0993664 -0.194435 0.0476465 -0.19632 -0.00620041 -0.198756 -0.0592 -0.20149 -0.114527 
3.959 0.0183263 -0.0504178 0.0169673 -0.109428 0.0160512 -0.164416 0.0151514 -0.219901 0.0143888 -0.279585 0.0137204 -0.339896 0.0135478 -0.404627 
4.219 -0.448048 0.192015 -0.447088 0.132788 -0.447771 0.0796055 -0.449498 0.0275619 -0.45258 -0.0269175 -0.456926 -0.0804987 -0.462107 -0.136471 
4.082 -0.14535 0.224202 -0.145689 0.164451 -0.146474 0.111396 -0.147613 0.0597812 -0.149243 0.00598246 -0.151214 -0.046675 -0.153329 -0.101731 
4.207 -0.395316 0.192015 -0.394536 0.132844 -0.395256 0.0797501 -0.396872 0.0277157 -0.399741 -0.026679 -0.403706 -0.0802309 -0.408449 -0.136193 
4.238 -0.190549 0.138597 -0.191408 0.0803039 -0.192938 0.027749 -0.194901 -0.024008 -0.197621 -0.0785661 -0.200908 -0.132769 -0.204436 -0.189845 
4.047 -0.162471 0.255705 -0.162325 0.19517 -0.162778 0.141538 -0.163646 0.0895953 -0.165065 0.035807 -0.166803 -0.0166711 -0.168952 -0.0712303 
1.347 0.176524 0.143391 0.174347 0.0848425 0.173317 0.0319479 0.172859 -0.0201252 0.173144 -0.0751002 0.174193 -0.129747 0.176259 -0.18737 
4.133 -0.435721 0.245432 -0.433459 0.185354 -0.43295 0.131725 -0.433439 0.0795106 -0.435241 0.0252041 -0.438202 -0.0278819 -0.442018 -0.0830582 
4.34 -0.213149 0.0769621 -0.21473 0.0189397 -0.217132 -0.0338864 -0.219941 -0.0864106 -0.223675 -0.142155 -0.227895 -0.197872 -0.232488 -0.256822 
4.238 -0.363128 0.173524 -0.362876 0.114587 -0.363973 0.0615908 -0.365821 0.00960181 -0.368904 -0.0448432 -0.372971 -0.0985945 -0.377791 -0.154816 
3.576 0.0909191 -0.0264484 0.0903738 -0.0852052 0.0903348 -0.139688 0.0905974 -0.194688 0.0912397 -0.253647 0.0922723 -0.313226 0.094019 -0.377199 
4.145 -0.452157 0.242008 -0.449906 0.181928 -0.449473 0.12826 -0.450007 0.0760478 -0.451975 0.0217295 -0.455136 -0.0314032 -0.45915 -0.0866056 
4.109 -0.408328 0.263238 -0.405905 0.202807 -0.405123 0.148975 -0.405258 0.0966893 -0.40659 0.0423618 -0.409067 -0.0105937 -0.412279 -0.0655977 
4.199 -0.0912478 0.135173 -0.0925527 0.0771176 -0.0940034 0.024671 -0.0956397 -0.0269936 -0.0976124 -0.081478 -0.0997577 -0.135643 -0.101913 -0.192929 
4.113 -0.44257 0.260499 -0.439966 0.200034 -0.439135 0.146221 -0.439318 0.0938673 -0.440778 0.0395594 -0.443473 -0.0134443 -0.446992 -0.0684654 
4.184 -0.191919 0.172154 -0.19241 0.113465 -0.193573 0.0607591 -0.195191 0.00911736 -0.197584 -0.0450535 -0.200488 -0.0985919 -0.203666 -0.154839 
4.082 -0.221367 0.252281 -0.220624 0.19205 -0.220761 0.138438 -0.221443 0.0864528 -0.222848 0.032653 -0.2249 -0.0200522 -0.227314 -0.0748299 
4.09 -0.365183 0.270086 -0.362979 0.209416 -0.362292 0.155443 -0.362435 0.103121 -0.363671 0.0488897 -0.365992 -0.00398831 -0.368857 -0.0588287 
4.012 -0.220682 0.292001 -0.219527 0.230674 -0.219267 0.176435 -0.219446 0.123974 -0.220363 0.0699265 -0.221907 0.0174232 -0.223794 -0.0369243 
3.982 -0.195343 0.303643 -0.19438 0.241908 -0.194162 0.187448 -0.19433 0.134881 -0.195164 0.080829 -0.196544 0.0283586 -0.198172 -0.0258086 
4.238 -0.448048 0.176948 -0.447434 0.117885 -0.44845 0.0647903 -0.450399 0.0127288 -0.453849 -0.0418404 -0.458441 -0.0955999 -0.46398 -0.151807 
4.113 -0.456266 0.261183 -0.453527 0.200715 -0.452632 0.146886 -0.452748 0.0945152 -0.454212 0.0401881 -0.456944 -0.0128149 -0.460475 -0.0678163 
1.431 0.0217504 0.185166 0.0198737 0.126538 0.0184437 0.0738915 0.0171073 0.0223631 0.0158678 -0.0316347 0.0148746 -0.0851122 0.0143264 -0.141279 
4.113 -0.350801 0.258444 -0.348942 0.198054 -0.348497 0.144336 -0.348867 0.0921262 -0.350305 0.0378992 -0.352692 -0.0149848 -0.355747 -0.0699323 
1.464 0.0196959 0.204342 0.0178082 0.14537 0.0163446 0.0927125 0.0149698 0.041113 0.0137082 -0.0127745 0.0126957 -0.0658825 0.0121085 -0.121757 
3.963 -0.226161 0.322134 -0.224626 0.259903 -0.223982 0.204986 -0.223815 0.152011 -0.224348 0.0976387 -0.225526 0.0450402 -0.227036 -0.00920773 
4.066 -0.200137 0.252965 -0.199654 0.192758 -0.199863 0.139189 -0.200595 0.0871058 -0.202003 0.0333154 -0.203953 -0.0193038 -0.206231 -0.0740023 
4.098 -0.0898781 0.201603 -0.0909137 0.142587 -0.0920797 0.0897464 -0.093415 0.038313 -0.0950514 -0.0154721 -0.0968415 -0.068448 -0.0985658 -0.123967 
4.191 -0.238488 0.176264 -0.238482 0.117366 -0.239632 0.0645902 -0.241324 0.0128542 -0.243748 -0.0413416 -0.247057 -0.0948754 -0.250658 -0.151018 
2.27 0.0683194 0.00710862 0.0671673 -0.0512406 0.0665065 -0.105123 0.0662361 -0.159156 0.06614 -0.217206 0.0664134 -0.275714 0.067326 -0.338187 
4.227 -0.215888 0.153664 -0.216461 0.0951399 -0.217869 0.0425089 -0.219739 -0.00922161 -0.222448 -0.0637114 -0.225808 -0.117537 -0.229522 -0.174129 
4.27 -0.218628 0.12627 -0.219596 0.0680647 -0.221412 0.0155224 -0.223671 -0.0364655 -0.226766 -0.0912621 -0.230487 -0.145783 -0.234525 -0.203181 
4.094 -0.439145 0.276935 -0.436167 0.216127 -0.434958 0.162059 -0.434821 0.109578 -0.436002 0.0552062 -0.438331 0.00226179 -0.441512 -0.0526358 
4.199 -0.113163 0.137228 -0.114386 0.0791388 -0.115794 0.0266607 -0.117522 -0.0249668 -0.119665 -0.0794746 -0.122083 -0.133617 -0.124549 -0.190852 
4.082 -0.200137 0.239269 -0.19983 0.179267 -0.200151 0.125893 -0.201067 0.0740864 -0.202592 0.0202178 -0.204717 -0.0324165 -0.207167 -0.087362 
4.293 -0.223421 0.109834 -0.224687 0.0517917 -0.226668 -0.000816467 -0.229219 -0.0529391 -0.232614 -0.108043 -0.23659 -0.162926 -0.24093 -0.22063 
4.031 0.00873853 0.0125873 0.00726908 -0.0456357 0.00609557 -0.0993921 0.00510162 -0.153121 0.00411604 -0.211023 0.0031476 -0.269377 0.00270691 -0.331563 
1.346 0.190221 0.1475 0.187966 0.0888979 0.186913 0.0359786 0.186496 -0.0161478 0.186848 -0.0710746 0.187933 -0.125619 0.190206 -0.183157 
4.082 -0.352171 0.27625 -0.350015 0.215457 -0.349297 0.161434 -0.349389 0.109051 -0.350539 0.0547928 -0.352644 0.00196155 -0.355403 -0.0528268 
4.086 -0.407643 0.278989 -0.404967 0.218211 -0.403938 0.164162 -0.403864 0.111692 -0.405004 0.0573768 -0.40723 0.00448133 -0.41022 -0.050376 
3.895 -0.221367 0.356376 -0.219538 0.293103 -0.218623 0.237415 -0.218181 0.183926 -0.218369 0.129115 -0.219179 0.076396 -0.220363 0.0222153 
3.994 0.010793 -0.0264484 0.0094209 -0.085086 0.00834269 -0.139616 0.00742934 -0.194439 0.00643995 -0.253286 0.00555189 -0.312801 0.00518999 -0.37647 
4.27 -0.0460485 -0.0613752 -0.0479937 -0.120594 -0.0497492 -0.175782 -0.051676 -0.231618 -0.0537524 -0.291672 -0.0559191 -0.352636 -0.0578123 -0.418014 
4.199 -0.316559 0.196809 -0.316187 0.137636 -0.316932 0.0844886 -0.318339 0.0325733 -0.32096 -0.021716 -0.324388 -0.0750915 -0.328388 -0.130939 
4.09 -0.425449 0.27625 -0.422619 0.215454 -0.421556 0.161415 -0.42148 0.108929 -0.422622 0.0545987 -0.424999 0.00164446 -0.428087 -0.0532144 
4.102 -0.220682 0.234475 -0.22017 0.174604 -0.220493 0.121216 -0.221416 0.0694532 -0.22303 0.0155691 -0.225333 -0.0372424 -0.227998 -0.0923453 
3.934 -0.235749 0.341309 -0.233922 0.278526 -0.232938 0.223289 -0.232559 0.17011 -0.232811 0.11553 -0.233717 0.0629011 -0.234981 0.00879066 
4.219 -0.196713 0.152294 -0.197381 0.0938816 -0.198786 0.0411791 -0.200662 -0.0104346 -0.20329 -0.0648753 -0.206467 -0.118707 -0.209954 -0.175516 
4.121 -0.113163 0.189275 -0.114102 0.13024 -0.115194 0.077527 -0.116686 0.0260425 -0.118456 -0.0277452 -0.120636 -0.0808069 -0.122748 -0.136439 
4.25 -0.0460485 -0.0771264 -0.0479705 -0.136615 -0.0498323 -0.192479 -0.0517486 -0.248759 -0.0538977 -0.309502 -0.0560271 -0.37102 -0.0580246 -0.437166 
4.094 -0.164525 0.225572 -0.16459 0.165935 -0.165298 0.112829 -0.166375 0.0611745 -0.167986 0.0074051 -0.170125 -0.0453706 -0.172446 -0.10037 
4.223 -0.324777 0.179688 -0.32469 0.120701 -0.325682 0.0677844 -0.327409 0.0158219 -0.330326 -0.0385717 -0.334039 -0.0922102 -0.338389 -0.14837 
1.438 0.119682 0.111204 0.117991 0.0530075 0.11714 0.000116993 0.116703 -0.0519132 0.11678 -0.10743 0.117434 -0.162719 0.118869 -0.221027 
1.619 0.0149021 0.064635 0.0133204 0.00675416 0.0121043 -0.0461691 0.0110368 -0.098774 0.00995831 -0.154959 0.00912183 -0.211472 0.00862099 -0.271475 
4.121 -0.161786 0.202287 -0.162015 0.143144 -0.162946 0.0903229 -0.164157 0.038714 -0.166052 -0.0151071 -0.168337 -0.0681956 -0.170861 -0.123773 
3.955 -0.139186 0.303643 -0.138986 0.241744 -0.139236 0.187206 -0.139781 0.13467 -0.140816 0.0806855 -0.142182 0.0282702 -0.143617 -0.0257982 
1.527 0.180633 -0.0243939 0.180807 -0.0835868 0.181905 -0.138407 0.183604 -0.193445 0.185931 -0.252586 0.189 -0.312431 0.193317 -0.376684 
4.086 -0.389837 0.278304 -0.387308 0.21748 -0.38642 0.163461 -0.386382 0.111031 -0.387502 0.0567415 -0.389727 0.00388009 -0.392627 -0.0509519 
4.391 -0.048103 -0.0394603 -0.0499974 -0.0981864 -0.0517643 -0.152885 -0.0535994 -0.207978 -0.055681 -0.267265 -0.0577339 -0.327104 -0.0596617 -0.391167 
4 -0.200822 0.290631 -0.199927 0.229252 -0.199775 0.174969 -0.200042 0.12256 -0.201036 0.0686242 -0.202532 0.0162054 -0.204363 -0.0381241 
4.27 -0.173428 0.110519 -0.174738 0.0525275 -0.176543 -0.00013631 -0.178835 -0.0520527 -0.181786 -0.107019 -0.185201 -0.161854 -0.188837 -0.219686 
1.652 0.103931 -0.0059033 0.103244 -0.0645859 0.10329 -0.11889 0.10369 -0.173489 0.104526 -0.23203 0.105789 -0.291213 0.107781 -0.35449 
1.552 0.120367 0.0584714 0.119224 0.000423882 0.11887 -0.0528378 0.118964 -0.105891 0.119523 -0.162408 0.120625 -0.219261 0.122532 -0.279735 
1.356 0.134749 0.252965 0.131556 0.192746 0.129437 0.139099 0.127717 0.0870552 0.126496 0.033133 0.126066 -0.0197192 0.126304 -0.0746457 
4.262 -0.314505 0.154349 -0.31483 0.0956243 -0.316204 0.0428143 -0.31826 -0.00913454 -0.321533 -0.0638184 -0.325622 -0.117798 -0.330291 -0.174512 
3.994 -0.2289 0.305698 -0.227509 0.24401 -0.226885 0.189474 -0.226886 0.136823 -0.227604 0.0826437 -0.228947 0.0300845 -0.230641 -0.0241991 
4.215 -0.160416 0.141337 -0.161366 0.0831166 -0.16272 0.030593 -0.164509 -0.0211106 -0.166867 -0.0756227 -0.169844 -0.129775 -0.172904 -0.186886 
1.465 0.0511985 0.117367 0.049442 0.0593816 0.0482719 0.00673004 0.0473637 -0.0452886 0.0466887 -0.100334 0.046363 -0.155352 0.0465654 -0.213807 
3.904 -0.236433 0.356376 -0.234377 0.293065 -0.233326 0.23737 -0.232739 0.18388 -0.232844 0.129068 -0.233584 0.0762541 -0.23466 0.0220821 
4.406 -0.0843994 -0.015491 -0.0865116 -0.0738879 -0.0887765 -0.127927 -0.0911178 -0.182243 -0.0938896 -0.240573 -0.0966666 -0.299466 -0.0993863 -0.362251 
1.612 0.103246 0.0529927 0.102073 -0.00512496 0.101606 -0.0584231 0.101525 -0.111472 0.101857 -0.168191 0.102758 -0.22523 0.104214 -0.285688 
4.094 -0.180277 0.23242 -0.180153 0.172565 -0.180681 0.119346 -0.181662 0.067552 -0.18326 0.0137748 -0.185392 -0.0389342 -0.187745 -0.0939438 
1.533 0.17036 0.0632653 0.169275 0.00504002 0.169254 -0.0482568 0.169676 -0.101455 0.171013 -0.157831 0.172837 -0.214525 0.175596 -0.274819 
4.293 -0.172059 0.0954527 -0.173515 0.0376481 -0.17542 -0.0149929 -0.177845 -0.0671217 -0.180867 -0.122539 -0.184415 -0.177648 -0.188175 -0.236101 
4.191 -0.171374 0.161882 -0.172147 0.103345 -0.173383 0.0507819 -0.175072 -0.000828672 -0.177397 -0.0549297 -0.180156 -0.108571 -0.18315 -0.164939 
4.102 -0.194658 0.226257 -0.194481 0.166566 -0.195013 0.113305 -0.196043 0.061455 -0.19774 0.00767236 -0.200018 -0.0450903 -0.202588 -0.100166 
3.963 -0.174798 0.306383 -0.174104 0.244428 -0.174019 0.189844 -0.174357 0.13724 -0.175229 0.0831438 -0.17659 0.0306037 -0.178131 -0.0234682 
4.445 -0.0631694 -0.0469936 -0.0652643 -0.105784 -0.0673662 -0.160598 -0.0695959 -0.215858 -0.0720891 -0.275308 -0.0745935 -0.335358 -0.0770184 -0.399616 
1.442 0.184742 0.104356 0.183049 0.045937 0.182602 -0.0071875 0.1824 -0.0595918 0.183547 -0.115269 0.185095 -0.170827 0.187404 -0.229418 
4.215 -0.139871 0.139282 -0.140868 0.0811181 -0.142448 0.0286655 -0.144115 -0.0230345 -0.14654 -0.077532 -0.149195 -0.131707 -0.151911 -0.188882 
1.627 0.180633 0.0427202 0.179826 -0.0156768 0.180088 -0.0693356 0.180888 -0.122837 0.182626 -0.180025 0.18498 -0.237429 0.188031 -0.29845 
4.18 -0.0364608 0.0208054 -0.0381998 -0.0369647 -0.0397901 -0.0904404 -0.0414374 -0.143797 -0.0432647 -0.201107 -0.0451215 -0.258638 -0.0466862 -0.319848 
4.258 -0.0864539 0.0886043 -0.0880239 0.0308905 -0.0896805 -0.0216645 -0.0915967 -0.0738541 -0.0938387 -0.129315 -0.0962562 -0.184839 -0.0985982 -0.243669 
4.367 -0.168634 0.0324476 -0.170787 -0.0255268 -0.173397 -0.0787798 -0.176365 -0.131977 -0.180004 -0.188754 -0.184028 -0.245773 -0.188308 -0.306324 
1.673 0.123791 0.00710862 0.12312 -0.0514338 0.123303 -0.105534 0.124105 -0.159791 0.125272 -0.217964 0.126832 -0.2766 0.129351 -0.339189 
4.062 -0.122065 0.231051 -0.122589 0.171338 -0.123468 0.118169 -0.124614 0.0665419 -0.126115 0.0127659 -0.127883 -0.0399557 -0.129709 -0.095061 
4.152 -0.0118066 0.0680592 -0.0135078 0.0103072 -0.0149652 -0.0424254 -0.0162165 -0.0947697 -0.017606 -0.150668 -0.0188632 -0.206705 -0.0196749 -0.266091 
3.99 -0.174113 0.292001 -0.173528 0.230499 -0.173526 0.176176 -0.173931 0.123857 -0.174901 0.0699316 -0.176378 0.0176028 -0.178004 -0.0365763 
4.324 -0.0433091 -0.0134365 -0.0451349 -0.0717269 -0.0468398 -0.125884 -0.0486165 -0.180235 -0.0506071 -0.238744 -0.052602 -0.29757 -0.0544213 -0.360304 
4.266 -0.147404 0.108465 -0.148782 0.0506532 -0.150547 -0.00196682 -0.152691 -0.0538131 -0.155411 -0.108724 -0.158538 -0.16359 -0.161721 -0.221584 
4.379 -0.202191 0.0358718 -0.204558 -0.02214 -0.207231 -0.0754478 -0.210785 -0.128553 -0.214828 -0.185274 -0.219271 -0.242246 -0.224363 -0.302664 
4.188 -0.0713875 0.132434 -0.0727459 0.0744007 -0.0742295 0.0220032 -0.0757833 -0.0296857 -0.0776518 -0.0841706 -0.0796267 -0.138341 -0.0814982 -0.195587 
4.184 -0.246021 0.195439 -0.245808 0.13632 -0.246694 0.0833855 -0.248192 0.0315988 -0.25047 -0.0224483 -0.25363 -0.0757593 -0.257155 -0.131533 
2.754 0.0340775 -0.0750719 0.0329448 -0.134704 0.0322635 -0.190429 0.0315386 -0.246729 0.0310254 -0.307404 0.030666 -0.36899 0.0307042 -0.435333 
4.102 0.0142172 0.146131 0.0124735 0.0879759 0.0111753 0.0354713 0.0098162 -0.0161082 0.00872545 -0.0706323 0.00776829 -0.124738 0.00718005 -0.181847 
4.262 -0.0398849 0.0427202 -0.041599 -0.0149754 -0.0431798 -0.0680205 -0.0448166 -0.120894 -0.0465778 -0.177567 -0.0484205 -0.234442 -0.0499835 -0.294939 
1.373 0.212135 0.134488 0.210045 0.075932 0.209238 0.0227587 0.208929 -0.0294083 0.209615 -0.0846365 0.211159 -0.139529 0.213589 -0.197359 
3.857 -0.0392001 0.313231 -0.0405653 0.251041 -0.0418172 0.196332 -0.0430918 0.143707 -0.0444393 0.0896585 -0.0457246 0.037362 -0.0468486 -0.0165442 
1.671 0.0381865 0.0386111 0.0368025 -0.0193805 0.0357711 -0.0727057 0.0351052 -0.12601 0.0343815 -0.18301 0.034054 -0.240479 0.0342016 -0.301662 
1.479 0.0265443 0.115313 0.0248489 0.0573973 0.023546 0.0047656 0.0224923 -0.0472319 0.0214711 -0.102335 0.0207249 -0.157407 0.0206028 -0.21588 
3.824 -0.266566 0.419381 -0.263244 0.353784 -0.26113 0.296541 -0.259612 0.241718 -0.258903 0.185913 -0.258812 0.132432 -0.258969 0.0780076 
4.25 -0.162471 0.122846 -0.163647 0.0648614 -0.165376 0.0122408 -0.167479 -0.0395027 -0.17023 -0.0943121 -0.173415 -0.148821 -0.176786 -0.206289 
1.685 0.0977674 0.0242296 0.0968115 -0.0340296 0.096522 -0.0877886 0.0965147 -0.141522 0.0970746 -0.199196 0.0979316 -0.257257 0.0993623 -0.319091 
1.682 0.0806465 0.0338173 0.0794617 -0.0242857 0.078895 -0.0777761 0.078762 -0.131293 0.0788103 -0.188526 0.0792896 -0.246136 0.0804941 -0.307592 
4.25 -0.243282 0.1475 -0.243705 0.0889401 -0.245193 0.0362924 -0.247288 -0.0155414 -0.250149 -0.0701137 -0.253924 -0.124054 -0.258036 -0.180903 
4.418 -0.243282 0.0249144 -0.245869 -0.0332801 -0.24936 -0.0868613 -0.253217 -0.140284 -0.258009 -0.197345 -0.263467 -0.254583 -0.26939 -0.315521 
1.333 0.142967 0.208451 0.140199 0.1492 0.138552 0.0961299 0.137247 0.0443096 0.136545 -0.00979802 0.136583 -0.0632053 0.137401 -0.119029 
1.646 0.132009 0.0338173 0.13111 -0.0245663 0.130988 -0.0782017 0.131409 -0.131801 0.132214 -0.18922 0.133657 -0.246953 0.135946 -0.30826 
1.637 0.0436653 0.0529927 0.0422514 -0.00494464 0.0413276 -0.0581616 0.0406851 -0.111101 0.0401595 -0.167682 0.0399498 -0.224682 0.0401185 -0.285051 
4.387 -0.267251 0.043405 -0.269622 -0.0147507 -0.272791 -0.0680896 -0.276581 -0.121193 -0.281426 -0.177753 -0.286909 -0.234329 -0.293047 -0.29441 
1.608 0.0327078 0.0625805 0.0311452 0.00471695 0.0301089 -0.0482795 0.029362 -0.101004 0.0284527 -0.157308 0.0280697 -0.213971 0.0282168 -0.274121 
3.861 -0.0309821 0.283098 -0.0323852 0.221886 -0.0336148 0.167844 -0.0349453 0.115665 -0.0363266 0.061943 -0.0376165 0.00959044 -0.0387493 -0.0445594 
4.07 -0.0933023 0.217354 -0.0941481 0.157826 -0.0952195 0.104781 -0.0964572 0.0532205 -0.0980607 -0.000498751 -0.0998146 -0.0531988 -0.101576 -0.108241 
1.559 0.139543 0.0557321 0.138369 -0.00243489 0.138257 -0.0557927 0.138178 -0.10886 0.139241 -0.165622 0.140469 -0.222511 0.142476 -0.282784 
4.102 -0.128914 0.205027 -0.129422 0.145888 -0.130449 0.0930274 -0.131658 0.0415164 -0.133439 -0.012281 -0.135527 -0.0652408 -0.137762 -0.120743 
1.67 0.153239 0.00984797 0.152784 -0.0487682 0.153096 -0.102953 0.153893 -0.157215 0.155412 -0.215452 0.157451 -0.274026 0.160501 -0.336761 
1.496 0.0484591 0.102986 0.0468059 0.0450975 0.0456815 -0.0076368 0.0447623 -0.0597333 0.0440413 -0.115135 0.0436757 -0.17058 0.0438764 -0.22934 
3.916 0.0642104 -0.0552116 0.0634159 -0.114307 0.0630336 -0.169442 0.0630044 -0.225052 0.0630904 -0.284966 0.0635488 -0.345538 0.0646561 -0.410678 
4.254 -0.098781 0.0975072 -0.100287 0.0396833 -0.101938 -0.0128108 -0.103905 -0.06487 -0.106163 -0.120024 -0.108662 -0.175144 -0.111166 -0.233615 
3.84 -0.286427 0.415272 -0.282589 0.349824 -0.279992 0.292665 -0.278394 0.237912 -0.277336 0.182077 -0.277271 0.128628 -0.277465 0.0741616 
3.957 -0.12275 0.298849 -0.12277 0.237216 -0.12316 0.182826 -0.123828 0.1304 -0.124933 0.0764534 -0.126294 0.0240828 -0.127661 -0.0299378 
4.355 -0.248076 0.072853 -0.249759 0.0147842 -0.252398 -0.0381372 -0.255688 -0.0907305 -0.259814 -0.146564 -0.264496 -0.202345 -0.269724 -0.261373 
3.93 -0.0474182 0.286522 -0.04874 0.22501 -0.0498359 0.17075 -0.0511042 0.118448 -0.0523531 0.0646744 -0.0536071 0.012371 -0.0547945 -0.0417064 
4.426 -0.266566 0.0255992 -0.269242 -0.0326342 -0.27277 -0.0862387 -0.276821 -0.139672 -0.281902 -0.196656 -0.287663 -0.253829 -0.294169 -0.314669 
4.047 -0.176168 0.259814 -0.175914 0.199238 -0.176253 0.145548 -0.177017 0.0935699 -0.178354 0.0397282 -0.180215 -0.0127583 -0.182268 -0.0673577 
4.336 -0.170004 0.0481989 -0.171992 -0.00970527 -0.174486 -0.0627877 -0.17727 -0.115658 -0.1808 -0.172084 -0.184743 -0.228669 -0.188734 -0.288672 
4.379 -0.121381 0.00916313 -0.123601 -0.0490059 -0.125916 -0.102629 -0.128617 -0.156294 -0.131826 -0.213845 -0.135249 -0.271724 -0.1387 -0.333425 
3.885 -0.313135 0.387878 -0.309431 0.32358 -0.307163 0.267192 -0.305695 0.213102 -0.305063 0.15779 -0.305228 0.10465 -0.305885 0.050226 
1.358 0.253226 0.270086 0.249087 0.209255 0.246479 0.155291 0.244572 0.102743 0.243411 0.0484663 0.243411 -0.00472239 0.244432 -0.0597189 
1.613 0.156663 0.0420353 0.155776 -0.0163166 0.155842 -0.0698827 0.156315 -0.123314 0.157614 -0.180332 0.159263 -0.237667 0.161931 -0.298701 
4.023 -0.168634 0.272826 -0.168246 0.211771 -0.168415 0.158037 -0.169024 0.105759 -0.17016 0.0519641 -0.171772 -0.000457286 -0.173554 -0.0548344 
3.943 0.0464046 0.00984797 0.0452854 -0.0484503 0.0445113 -0.102277 0.0439697 -0.156117 0.0437683 -0.214092 0.0439012 -0.27254 0.0443853 -0.334721 
4.332 -0.222052 0.0886043 -0.223579 0.0304874 -0.225855 -0.0222133 -0.228646 -0.0745826 -0.232333 -0.130275 -0.236551 -0.185643 -0.241108 -0.244293 
4.141 -0.121381 0.176948 -0.122276 0.118238 -0.123544 0.0656556 -0.12491 0.014122 -0.12691 -0.0397901 -0.129165 -0.0931657 -0.131526 -0.149214 
4.266 -0.0433091 0.0584714 -0.0449763 0.000718524 -0.046501 -0.0520704 -0.04816 -0.104523 -0.0498996 -0.160538 -0.0517239 -0.216839 -0.0532802 -0.276413 
4.242 -0.131653 0.119422 -0.13292 0.0615088 -0.134616 0.00886272 -0.136559 -0.0426822 -0.139035 -0.0974526 -0.141887 -0.151881 -0.144814 -0.209335 
1.529 0.10941 0.0701137 0.108116 0.0120369 0.10758 -0.0411246 0.107474 -0.0938148 0.10787 -0.150045 0.108757 -0.206496 0.110361 -0.266323 
3.988 -0.0837146 0.264608 -0.0844253 0.203788 -0.0852845 0.150155 -0.0862891 0.0982148 -0.0876456 0.0446768 -0.0891039 -0.00780521 -0.0905091 -0.0621744 
4.367 -0.10289 0.00916313 -0.105099 -0.048846 -0.10722 -0.102485 -0.109628 -0.156128 -0.112506 -0.213649 -0.115514 -0.271498 -0.118425 -0.333173 
4.004 -0.0686481 0.252281 -0.0696484 0.19193 -0.0707266 0.138392 -0.0719 0.0866011 -0.0733281 0.0328904 -0.0748602 -0.0195017 -0.0762384 -0.0740077 
4.18 -0.12549 0.153664 -0.126518 0.0953167 -0.127887 0.0428319 -0.129523 -0.00873691 -0.131673 -0.0629641 -0.134201 -0.116667 -0.13678 -0.173312 
4.258 -0.12412 0.104356 -0.125575 0.0466884 -0.127298 -0.00606456 -0.129313 -0.0577158 -0.131911 -0.112804 -0.134811 -0.167921 -0.137728 -0.225614 
3.969 -0.0426243 0.263238 -0.0439877 0.20251 -0.0451801 0.14873 -0.0464592 0.0968137 -0.047844 0.0431247 -0.0492246 -0.00918888 -0.0504293 -0.0636429 
3.916 0.00668402 -0.0586358 0.00534092 -0.117828 0.00424583 -0.173061 0.00323851 -0.228771 0.00226597 -0.288756 0.00139437 -0.349566 0.000942523 -0.41498 
4.395 -0.252869 0.0399808 -0.255233 -0.0182227 -0.258413 -0.0715786 -0.262148 -0.124755 -0.26677 -0.181452 -0.272116 -0.238242 -0.277877 -0.298487 
4 -0.0426243 0.241323 -0.0439951 0.181169 -0.0452641 0.127897 -0.0466062 0.0761178 -0.0479739 0.0225038 -0.0493534 -0.0299606 -0.0505957 -0.0845855 
1.434 0.105985 0.115313 0.104285 0.0572187 0.10328 0.00442013 0.102771 -0.047642 0.10258 -0.102936 0.103001 -0.158176 0.104107 -0.216479 
3.943 -0.0796055 0.289947 -0.0803047 0.228319 -0.0811229 0.174199 -0.0820197 0.121833 -0.0833077 0.0680157 -0.0846907 0.0157553 -0.085944 -0.0383707 
1.638 0.0922887 0.0440899 0.0911355 -0.0140373 0.0906697 -0.0674193 0.0904145 -0.120661 0.0907897 -0.177648 0.0914349 -0.23495 0.0926766 -0.295898 
1.53 0.147761 0.0673743 0.146654 0.00923268 0.146314 -0.0439625 0.146459 -0.0970565 0.147341 -0.153341 0.148855 -0.209949 0.151016 -0.270198 
3.516 -0.0172853 0.289947 -0.0189371 0.228571 -0.0204097 0.174456 -0.021794 0.122151 -0.0233031 0.068404 -0.0246252 0.0161237 -0.0256179 -0.0380054 
3.859 -0.0419395 0.299534 -0.0432349 0.237626 -0.0443706 0.183163 -0.0456323 0.13068 -0.0469546 0.076746 -0.0482243 0.0244518 -0.0493026 -0.0295183 
4.324 -0.0426243 0.00368443 -0.044435 -0.0544034 -0.0460618 -0.10816 -0.0478038 -0.161751 -0.0497387 -0.219462 -0.0516515 -0.277617 -0.0533922 -0.339876 
4.352 -0.183701 0.0454595 -0.185761 -0.0124503 -0.188406 -0.065616 -0.191465 -0.118564 -0.195292 -0.175086 -0.199549 -0.231684 -0.203998 -0.291786 
4.066 -0.108369 0.221463 -0.10905 0.161808 -0.110062 0.10887 -0.111279 0.0572541 -0.112862 0.0035566 -0.114644 -0.0491692 -0.116438 -0.104185 
4.359 -0.27136 0.0742227 -0.273121 0.0160966 -0.27584 -0.0368794 -0.279049 -0.0895535 -0.28336 -0.145353 -0.288455 -0.201113 -0.294086 -0.260059 
4.188 -0.139186 0.155034 -0.140122 0.0966088 -0.141564 0.0441408 -0.143188 -0.0074171 -0.145515 -0.0616146 -0.148085 -0.115312 -0.150782 -0.171954 
4.055 -0.0713875 0.218039 -0.0724768 0.158308 -0.0737098 0.105232 -0.0749936 0.0536853 -0.0765312 -9.95155e-06 -0.0780998 -0.0526849 -0.0795817 -0.107697 
1.424 0.0217504 0.157773 0.0199511 0.0994032 0.0186108 0.0467813 0.0172766 -0.00453948 0.016184 -0.0591043 0.0152495 -0.113046 0.014739 -0.169836 
4.16 -0.113847 0.163936 -0.114926 0.105397 -0.116206 0.052929 -0.117774 0.00144152 -0.119714 -0.0526554 -0.121984 -0.106078 -0.124257 -0.162359 
1.501 0.199808 -0.0298726 0.200202 -0.0892537 0.20173 -0.144543 0.203608 -0.199916 0.206575 -0.259711 0.210187 -0.320196 0.214853 -0.384656 
1.408 0.157348 0.124216 0.155207 0.0658399 0.154309 0.0129475 0.154105 -0.039091 0.154413 -0.0942609 0.155362 -0.149197 0.157239 -0.207102 
4.043 0.00120531 0.060526 -0.00051167 0.00277354 -0.00163791 -0.0500708 -0.00302384 -0.102462 -0.00435527 -0.158376 -0.00555583 -0.214479 -0.00649806 -0.273877 
1.453 0.145021 0.101616 0.143491 0.0433909 0.142756 -0.00968771 0.142674 -0.0618503 0.143191 -0.117556 0.144243 -0.173034 0.146092 -0.231578 
3.996 0.00873853 0.0269689 0.00729562 -0.0309306 0.0061311 -0.0843326 0.00501882 -0.137772 0.00401911 -0.195187 0.00313527 -0.252816 0.00264789 -0.314375 
4.266 -0.111793 0.0927133 -0.113295 0.034816 -0.115047 -0.0178167 -0.11707 -0.0700233 -0.119606 -0.125369 -0.122373 -0.180771 -0.125175 -0.239394 
2.869 0.0128476 0.113943 0.011188 0.0560243 0.00987074 0.00347138 0.00863391 -0.0485031 0.00755122 -0.103595 0.00660493 -0.15861 0.00609553 -0.217085 
4.246 -0.109054 0.108465 -0.110525 0.0506009 -0.112165 -0.00191562 -0.114119 -0.0537871 -0.11646 -0.108728 -0.118989 -0.163479 -0.121637 -0.22151 
4.184 -0.252869 0.178318 -0.252885 0.119456 -0.253939 0.066685 -0.25559 0.0149399 -0.25809 -0.0392985 -0.261429 -0.0928283 -0.265144 -0.14895 
3.898 -0.276839 0.374866 -0.273909 0.311017 -0.272261 0.255037 -0.271131 0.201314 -0.270987 0.146274 -0.271394 0.0933987 -0.272297 0.0390296 
4.234 -0.176852 0.138597 -0.177833 0.0803252 -0.179292 0.0278291 -0.181242 -0.0239029 -0.18386 -0.0784602 -0.186946 -0.132587 -0.190232 -0.18975 
4.023 -0.188495 0.275565 -0.187803 0.21466 -0.187885 0.160819 -0.188366 0.108617 -0.189506 0.0545689 -0.191242 0.00214714 -0.193105 -0.0524099 
4.191 -0.295329 0.180373 -0.295345 0.121347 -0.296299 0.0684679 -0.298061 0.0166601 -0.300869 -0.03768 -0.304366 -0.0910889 -0.30853 -0.147076 
1.449 0.158718 0.104356 0.157291 0.0460748 0.156563 -0.00692897 0.156508 -0.0592179 0.157239 -0.114988 0.158715 -0.170553 0.160726 -0.229107 
1.336 0.14913 0.220778 0.14628 0.161163 0.144379 0.108031 0.143053 0.056218 0.142193 0.0021106 0.142284 -0.051046 0.143104 -0.106766 
4.27 -0.10152 0.0810711 -0.103189 0.0232907 -0.104949 -0.0293437 -0.106943 -0.0816169 -0.109273 -0.137197 -0.111772 -0.192936 -0.114324 -0.251884 
1.366 0.0375017 0.192015 0.0354811 0.133316 0.0339541 0.0806866 0.0327399 0.0290658 0.0316362 -0.0248541 0.0308065 -0.0782734 0.0307477 -0.13462 
1.722 0.0518833 0.0249144 0.0507293 -0.0332753 0.0499571 -0.0868978 0.0494763 -0.14052 0.049117 -0.198067 0.0489643 -0.256072 0.0496263 -0.317914 
1.684 0.143652 0.0214902 0.142997 -0.036931 0.143272 -0.0909383 0.143884 -0.144797 0.145577 -0.202749 0.147751 -0.261045 0.149837 -0.322927 
4.094 -0.0172853 0.0269689 -0.0189194 -0.0309596 -0.0205097 -0.0843749 -0.0217716 -0.137702 -0.023415 -0.194987 -0.0248286 -0.252367 -0.0258791 -0.313561 
