1.727 0.0943432 0.00642378 0.0934334 -0.0520045 0.0932393 -0.106078 0.0932843 -0.160205 0.0938351 -0.218389 0.0946107 -0.276927 0.0961346 -0.339617 
4.211 -0.362444 0.187906 -0.361932 0.128794 -0.36283 0.0757332 -0.364467 0.0237477 -0.367329 -0.0306094 -0.37121 -0.0841079 -0.375793 -0.140121 
4.191 -0.363813 0.205027 -0.362944 0.145673 -0.363473 0.0924613 -0.364807 0.0404812 -0.367297 -0.0138293 -0.370842 -0.0670929 -0.375083 -0.122833 
4.207 -0.383673 0.1927 -0.382948 0.133511 -0.383661 0.0804421 -0.385222 0.0284214 -0.387988 -0.0260105 -0.391837 -0.0794841 -0.396437 -0.135527 
4.137 -0.353541 0.242693 -0.351933 0.182687 -0.351752 0.129123 -0.352364 0.0770116 -0.354074 0.0227876 -0.356793 -0.030137 -0.36015 -0.0853828 
4.16 -0.387098 0.226942 -0.385601 0.167215 -0.3856 0.113817 -0.386507 0.0617704 -0.388557 0.00748021 -0.391716 -0.0456227 -0.39558 -0.101087 
4.164 -0.363128 0.220093 -0.361952 0.160435 -0.362184 0.1071 -0.363281 0.0550751 -0.365481 0.000835228 -0.368745 -0.0522531 -0.372675 -0.107755 
4.219 -0.413806 0.190645 -0.413021 0.131477 -0.413787 0.0783473 -0.415445 0.0262806 -0.418442 -0.0281194 -0.422601 -0.0816329 -0.427597 -0.137685 
4.234 -0.402164 0.179688 -0.401633 0.120633 -0.402601 0.0676005 -0.404455 0.0155734 -0.407594 -0.0389465 -0.411882 -0.0926148 -0.41697 -0.148861 
4.238 -0.348062 0.174209 -0.347869 0.115276 -0.348959 0.0623013 -0.350782 0.0102885 -0.353784 -0.0441547 -0.35782 -0.0978321 -0.362441 -0.154142 
4.164 -0.348062 0.220778 -0.346949 0.161125 -0.347185 0.107791 -0.348225 0.0557812 -0.350364 0.00155618 -0.353471 -0.0515276 -0.357291 -0.106989 
4.195 -0.428188 0.203657 -0.427034 0.144287 -0.427487 0.0910185 -0.428949 0.0389573 -0.431734 -0.0154426 -0.435699 -0.068801 -0.440541 -0.124602 
4.242 -0.379564 0.173524 -0.379225 0.114554 -0.380303 0.061533 -0.382173 0.00953485 -0.385306 -0.0449561 -0.389482 -0.0986369 -0.394447 -0.154942 
4.129 -0.371346 0.244062 -0.369628 0.184069 -0.369364 0.130501 -0.369906 0.0783556 -0.371575 0.0241099 -0.374345 -0.0288441 -0.377753 -0.0840704 
4.184 -0.385043 0.209821 -0.38394 0.15041 -0.384306 0.0971715 -0.385529 0.045134 -0.387931 -0.00915549 -0.391446 -0.0624695 -0.395654 -0.118177 
4.199 -0.448048 0.207081 -0.446752 0.147628 -0.447078 0.0943412 -0.448406 0.0422438 -0.451165 -0.0121819 -0.455177 -0.0655278 -0.460034 -0.121297 
4.152 -0.404903 0.228311 -0.403243 0.168555 -0.403195 0.11514 -0.404047 0.0630268 -0.406076 0.00873732 -0.40935 -0.04439 -0.413321 -0.0998518 
4.129 -0.388467 0.244062 -0.386621 0.184016 -0.38628 0.130434 -0.386808 0.078272 -0.388492 0.0240018 -0.391321 -0.0289777 -0.394834 -0.0842177 
4.02 -0.0919326 0.250911 -0.0926062 0.190523 -0.0935892 0.136972 -0.094671 0.0851318 -0.0960501 0.0314374 -0.0977101 -0.0209052 -0.0992358 -0.0754938 
4.195 -0.413806 0.205712 -0.412698 0.146299 -0.413146 0.0930464 -0.414526 0.0410053 -0.417183 -0.0133413 -0.421051 -0.0666471 -0.425695 -0.122412 
4.188 -0.350116 0.203657 -0.349326 0.144311 -0.349895 0.0910972 -0.351229 0.0391135 -0.353701 -0.0151395 -0.357186 -0.0684286 -0.361351 -0.124182 
4.164 -0.437091 0.227626 -0.435307 0.16787 -0.435197 0.11441 -0.436058 0.0623046 -0.438231 0.00799066 -0.441653 -0.0451828 -0.445891 -0.100693 
4.133 -0.406273 0.245432 -0.40424 0.185384 -0.40381 0.13177 -0.40431 0.0795804 -0.405995 0.0252961 -0.408861 -0.0276734 -0.412483 -0.0829505 
4.043 -0.200822 0.268717 -0.200193 0.207971 -0.20028 0.154058 -0.20079 0.101931 -0.201992 0.0480262 -0.203848 -0.00437859 -0.205931 -0.0589678 
4.16 -0.41997 0.226942 -0.418298 0.167204 -0.418248 0.113771 -0.419124 0.0616602 -0.421276 0.00735377 -0.424628 -0.0457865 -0.428781 -0.101281 
4.34 -0.213834 0.0776469 -0.2154 0.0196413 -0.21781 -0.0332142 -0.220605 -0.0857167 -0.224316 -0.14147 -0.228538 -0.197113 -0.233142 -0.256138 
4.129 -0.422024 0.244747 -0.41988 0.18469 -0.419464 0.131067 -0.419926 0.0788569 -0.421687 0.0245706 -0.424661 -0.028443 -0.428377 -0.0837212 
4.227 -0.0837146 0.113943 -0.0851461 0.0560826 -0.0867437 0.00357353 -0.0884424 -0.0481961 -0.0905055 -0.103042 -0.0928165 -0.157655 -0.0949885 -0.215597 
4.113 -0.385728 0.257759 -0.383604 0.197332 -0.383051 0.143599 -0.383363 0.0913276 -0.384826 0.037068 -0.387443 -0.0158187 -0.390724 -0.070828 
4.211 -0.347377 0.189275 -0.346915 0.130129 -0.347726 0.0771123 -0.349299 0.0251243 -0.352033 -0.0292199 -0.355778 -0.082712 -0.360159 -0.138732 
4.215 -0.448048 0.192015 -0.447113 0.132795 -0.447795 0.0796031 -0.449507 0.0275563 -0.452573 -0.0269048 -0.456928 -0.0804423 -0.462149 -0.136465 
3.979 0.0196959 -0.0490481 0.0183822 -0.108016 0.0174073 -0.163022 0.0165422 -0.218498 0.0158478 -0.278233 0.0151008 -0.338402 0.0149514 -0.403238 
4.051 -0.143295 0.247487 -0.143386 0.187212 -0.143893 0.133632 -0.144904 0.0818414 -0.146306 0.0280736 -0.148247 -0.0243379 -0.150233 -0.0790424 
4.133 -0.221367 0.21256 -0.221126 0.153077 -0.221777 0.0999463 -0.222955 0.048169 -0.224832 -0.00573995 -0.227468 -0.0587064 -0.230457 -0.114141 
4.047 -0.162471 0.255705 -0.162306 0.195177 -0.162761 0.141528 -0.163622 0.0895934 -0.165008 0.0358071 -0.166809 -0.016613 -0.168955 -0.071241 
4.102 -0.35491 0.260499 -0.352981 0.200082 -0.35247 0.146346 -0.352755 0.0941108 -0.354145 0.0398859 -0.356521 -0.0129507 -0.359538 -0.0679418 
4.219 -0.428873 0.189275 -0.428054 0.130085 -0.428847 0.0769107 -0.430606 0.0248542 -0.433754 -0.0295724 -0.438053 -0.0830929 -0.443244 -0.139121 
4.164 -0.452157 0.226257 -0.450307 0.166527 -0.450216 0.11306 -0.451112 0.060912 -0.453407 0.00657262 -0.456945 -0.0465867 -0.461344 -0.102094 
4.109 -0.407643 0.259129 -0.405354 0.198712 -0.404706 0.144928 -0.404971 0.0926357 -0.40645 0.038341 -0.409081 -0.0145567 -0.41244 -0.0695969 
4.234 -0.190549 0.138597 -0.191411 0.080299 -0.192914 0.0277363 -0.194903 -0.0240214 -0.197571 -0.0785868 -0.200908 -0.132714 -0.204434 -0.189853 
4.109 -0.423394 0.261868 -0.420879 0.20141 -0.420074 0.14761 -0.420227 0.0952974 -0.421617 0.0409865 -0.424258 -0.0119599 -0.427595 -0.0669996 
4.082 -0.14535 0.224202 -0.145706 0.164434 -0.146488 0.111387 -0.147617 0.0597409 -0.1492 0.00596971 -0.151232 -0.0466319 -0.153337 -0.10174 
1.62 0.0916039 -0.0264484 0.0910247 -0.0852521 0.0910075 -0.139783 0.0912738 -0.194778 0.0919858 -0.253714 0.0929309 -0.313283 0.094687 -0.377352 
4.102 -0.0864539 0.196809 -0.0875245 0.137792 -0.088695 0.085074 -0.0900422 0.033627 -0.0916216 -0.0201783 -0.0934904 -0.0731244 -0.0952463 -0.1288 
4.141 -0.452157 0.242008 -0.449884 0.181952 -0.449464 0.128269 -0.449994 0.076063 -0.451928 0.0217322 -0.455137 -0.0313212 -0.459163 -0.086603 
4.105 -0.368607 0.261183 -0.366517 0.200761 -0.365972 0.147007 -0.366178 0.0947286 -0.367516 0.0405017 -0.369971 -0.0123623 -0.372997 -0.0673455 
4.246 -0.429558 0.174894 -0.429027 0.115861 -0.43002 0.0627748 -0.43199 0.0107443 -0.435343 -0.0437925 -0.439851 -0.0975087 -0.445266 -0.153809 
4.238 -0.363128 0.173524 -0.362868 0.114589 -0.363972 0.0615758 -0.365816 0.00958618 -0.368885 -0.0448618 -0.372965 -0.0985453 -0.377783 -0.15484 
4.121 -0.444624 0.25502 -0.442105 0.194703 -0.441397 0.140914 -0.44166 0.0885876 -0.443231 0.0342854 -0.446077 -0.0186915 -0.449744 -0.0738274 
4.125 -0.192604 0.211875 -0.192577 0.152411 -0.1933 0.0993783 -0.19442 0.0476765 -0.196288 -0.00618256 -0.198736 -0.0591202 -0.201473 -0.11451 
4.191 -0.0912478 0.135858 -0.0925413 0.077796 -0.0940118 0.0253404 -0.0956283 -0.0263097 -0.0975621 -0.0807948 -0.0997591 -0.134917 -0.101905 -0.192256 
4.18 -0.191919 0.172154 -0.19238 0.113485 -0.193571 0.060748 -0.195174 0.00913901 -0.197538 -0.0450606 -0.200482 -0.0985391 -0.203663 -0.154846 
4.082 -0.369977 0.27488 -0.367658 0.21411 -0.366881 0.160106 -0.366929 0.107709 -0.368101 0.0534481 -0.370383 0.000628155 -0.373236 -0.0542198 
4.082 -0.352171 0.274195 -0.350003 0.213448 -0.349305 0.159426 -0.349411 0.107051 -0.350564 0.0527793 -0.352734 -1.53436e-05 -0.355516 -0.054847 
4.012 -0.220682 0.292001 -0.219511 0.230669 -0.219261 0.17643 -0.219433 0.123982 -0.220311 0.0699246 -0.221892 0.0174883 -0.223792 -0.0369414 
4.242 -0.448733 0.177633 -0.448093 0.118573 -0.449107 0.0654688 -0.451036 0.0134238 -0.454466 -0.0411494 -0.459061 -0.0948405 -0.464603 -0.151163 
4.082 -0.385728 0.274195 -0.383246 0.213442 -0.382419 0.159408 -0.382439 0.106995 -0.383587 0.0527077 -0.385889 -7.44477e-05 -0.388892 -0.0549947 
4.188 -0.39874 0.208451 -0.397614 0.149056 -0.397991 0.0957841 -0.399254 0.0437733 -0.40181 -0.010566 -0.40547 -0.0638885 -0.409915 -0.119638 
3.979 -0.195343 0.304328 -0.194355 0.242569 -0.194144 0.188104 -0.1943 0.13553 -0.195092 0.0814696 -0.19649 0.0290824 -0.198115 -0.0252044 
4.133 -0.437091 0.243378 -0.434912 0.183309 -0.434488 0.129672 -0.435007 0.077471 -0.436869 0.023158 -0.439947 -0.0298776 -0.443827 -0.0851163 
4.082 -0.46106 0.281729 -0.457789 0.220843 -0.456459 0.166768 -0.456173 0.114223 -0.457213 0.0598654 -0.459508 0.00693527 -0.462679 -0.0479874 
4.066 -0.200137 0.252965 -0.199663 0.192743 -0.199873 0.139131 -0.200624 0.0871068 -0.201978 0.0333151 -0.203959 -0.0192734 -0.206258 -0.0740116 
1.421 0.0217504 0.185166 0.0198865 0.12652 0.018438 0.073901 0.0171006 0.0223869 0.0159246 -0.0316485 0.0148713 -0.0850312 0.014355 -0.141298 
4.031 0.00873853 0.043405 0.00725483 -0.0145197 0.00605866 -0.0677941 0.00494329 -0.121003 0.0039567 -0.177945 0.00302416 -0.23524 0.00250055 -0.296411 
2.367 0.0683194 0.00710862 0.0671786 -0.0512531 0.0665195 -0.105139 0.0662371 -0.159148 0.0662352 -0.217221 0.066418 -0.275648 0.0673625 -0.33819 
4.066 -0.222737 0.261183 -0.221898 0.20066 -0.221977 0.146949 -0.222541 0.0948462 -0.223832 0.0409746 -0.225806 -0.0116101 -0.228145 -0.066291 
4.27 -0.218628 0.12627 -0.219598 0.0680639 -0.221419 0.0154844 -0.223658 -0.0364702 -0.226738 -0.0912835 -0.230481 -0.145775 -0.234528 -0.20322 
4.105 -0.459006 0.263923 -0.456139 0.203412 -0.455186 0.149553 -0.455188 0.0971637 -0.456525 0.0428307 -0.459173 -0.0101325 -0.462654 -0.0651731 
1.445 0.0196959 0.204342 0.0178148 0.145423 0.0163576 0.0927113 0.0149869 0.0411262 0.0137797 -0.0127628 0.0126942 -0.0658441 0.0121378 -0.121779 
4.309 -0.217943 0.100247 -0.219275 0.0424019 -0.221491 -0.0103377 -0.224056 -0.0624998 -0.227452 -0.117828 -0.231502 -0.172753 -0.235874 -0.231091 
4.199 -0.113163 0.137228 -0.114367 0.0791388 -0.115786 0.0266593 -0.117488 -0.0249666 -0.119574 -0.0794908 -0.122077 -0.133555 -0.124534 -0.190843 
4.086 -0.199452 0.234475 -0.199192 0.17452 -0.199617 0.121136 -0.200579 0.0693272 -0.202124 0.0155011 -0.204426 -0.0370991 -0.206911 -0.0920983 
3.961 -0.226161 0.322134 -0.224607 0.259881 -0.223973 0.204974 -0.223801 0.152039 -0.224298 0.0976307 -0.225506 0.0450803 -0.227026 -0.00925438 
4.086 -0.403534 0.27488 -0.400874 0.21408 -0.399934 0.160079 -0.399911 0.107652 -0.401086 0.053339 -0.403392 0.0004847 -0.406449 -0.0544222 
4.09 -0.439145 0.276935 -0.436161 0.216113 -0.434985 0.162065 -0.434833 0.109578 -0.435977 0.0552067 -0.438347 0.00232545 -0.441514 -0.0526591 
4.039 0.00873853 0.0125873 0.00728471 -0.0456514 0.00609247 -0.0994047 0.00512779 -0.153181 0.00417494 -0.211125 0.0031738 -0.269345 0.00270787 -0.331654 
4.191 -0.238488 0.176264 -0.238516 0.117366 -0.239683 0.0645763 -0.241357 0.0128449 -0.243735 -0.04135 -0.247059 -0.0948347 -0.250717 -0.151029 
4.199 -0.316559 0.196809 -0.316203 0.137626 -0.316949 0.0844713 -0.318349 0.0325431 -0.320934 -0.02171 -0.324411 -0.0750486 -0.328393 -0.13093 
1.666 0.0683194 0.0420353 0.0670436 -0.0159719 0.0663344 -0.0693766 0.0659411 -0.122731 0.0658949 -0.179853 0.0660311 -0.23727 0.0667845 -0.298595 
4.223 -0.215888 0.153664 -0.216463 0.0951118 -0.217871 0.0424922 -0.219723 -0.00927925 -0.222407 -0.0637631 -0.225807 -0.117484 -0.229527 -0.174176 
4.277 -0.0460485 -0.0613752 -0.0479943 -0.120593 -0.0497788 -0.175829 -0.0516717 -0.231623 -0.0536724 -0.291693 -0.0559027 -0.352589 -0.0578272 -0.418032 
3.895 -0.221367 0.356376 -0.219541 0.293103 -0.218638 0.237423 -0.218182 0.18392 -0.21833 0.129114 -0.219187 0.0764592 -0.220369 0.0222285 
4.09 -0.425449 0.27625 -0.42264 0.215469 -0.421552 0.161414 -0.421465 0.108958 -0.42259 0.0546164 -0.425004 0.00172685 -0.428092 -0.0532043 
4.27 -0.173428 0.110519 -0.17474 0.0525296 -0.176545 -0.000130291 -0.178835 -0.0520393 -0.181733 -0.106981 -0.185208 -0.161782 -0.188832 -0.219673 
3.932 -0.235749 0.341309 -0.233904 0.278508 -0.232944 0.223287 -0.232532 0.170089 -0.232766 0.115495 -0.233715 0.0629503 -0.234982 0.00875024 
3.988 0.0121627 -0.0305575 0.0107772 -0.0891834 0.00967596 -0.143718 0.00875412 -0.198587 0.0078472 -0.257523 0.00695671 -0.31699 0.00656154 -0.380753 
4.121 -0.161786 0.202287 -0.16202 0.143152 -0.162943 0.0903115 -0.164148 0.0387218 -0.166025 -0.0151024 -0.168345 -0.0681304 -0.170876 -0.123778 
1.653 0.103931 -0.0059033 0.103221 -0.0645611 0.103315 -0.118976 0.103687 -0.173489 0.104637 -0.232135 0.105792 -0.29119 0.107794 -0.354573 
4.105 -0.221367 0.233105 -0.220855 0.173238 -0.221223 0.119832 -0.222142 0.0679922 -0.223756 0.0141767 -0.226112 -0.0386139 -0.228802 -0.093737 
4.09 -0.180277 0.23242 -0.180155 0.172553 -0.180686 0.119334 -0.181661 0.0675807 -0.183218 0.0137834 -0.185402 -0.0388838 -0.187747 -0.0939682 
4.215 -0.196713 0.152294 -0.197396 0.0938589 -0.198813 0.0411483 -0.200671 -0.0104053 -0.203259 -0.0648658 -0.206483 -0.118614 -0.209953 -0.175513 
4.09 -0.164525 0.225572 -0.164608 0.165893 -0.16531 0.1128 -0.16638 0.061146 -0.167949 0.00733742 -0.170135 -0.0452883 -0.172449 -0.100378 
4 -0.200822 0.290631 -0.19992 0.229243 -0.199779 0.17497 -0.20005 0.122546 -0.20098 0.0686363 -0.202532 0.0163004 -0.204373 -0.0381364 
4.254 -0.0460485 -0.0764416 -0.0479963 -0.135925 -0.0498532 -0.191837 -0.0517661 -0.248081 -0.0538628 -0.308858 -0.0560626 -0.370239 -0.0580495 -0.436482 
4.211 -0.315875 0.182427 -0.315674 0.123454 -0.316549 0.0705476 -0.318138 0.018635 -0.320872 -0.0357247 -0.324424 -0.0892688 -0.328554 -0.145416 
3.955 -0.139186 0.303643 -0.138997 0.241734 -0.139256 0.187182 -0.139791 0.134632 -0.14078 0.0806302 -0.142185 0.0282732 -0.143631 -0.0258044 
1.55 0.120367 0.0584714 0.119242 0.000365948 0.118876 -0.0528736 0.119009 -0.105984 0.119603 -0.162449 0.12062 -0.219227 0.122543 -0.279827 
1.439 0.119682 0.111204 0.117969 0.0529642 0.117143 9.00739e-05 0.116695 -0.051957 0.11684 -0.10744 0.117392 -0.162673 0.118844 -0.2211 
4.09 -0.0994658 0.202972 -0.100384 0.143903 -0.101465 0.0911368 -0.102815 0.0396172 -0.1044 -0.0141735 -0.106357 -0.0670471 -0.10814 -0.122631 
1.615 0.0149021 0.064635 0.0133374 0.00676344 0.0121121 -0.0461781 0.0110428 -0.0987753 0.0100364 -0.154972 0.00911192 -0.211389 0.00862312 -0.271479 
1.475 0.0916039 -0.0682235 0.0912553 -0.128118 0.0915748 -0.184137 0.0920667 -0.240612 0.0930171 -0.301608 0.0941385 -0.363587 0.096194 -0.430667 
4.211 -0.159732 0.143391 -0.160666 0.0851199 -0.162033 0.0326141 -0.163833 -0.0190966 -0.166147 -0.0736205 -0.169126 -0.127658 -0.172226 -0.184808 
3.988 -0.223421 0.305698 -0.22208 0.243996 -0.221621 0.189447 -0.221643 0.136807 -0.222347 0.0826494 -0.223749 0.030143 -0.225446 -0.0242151 
1.474 0.0183263 0.12764 0.0165848 0.0696662 0.0152949 0.0171265 0.0139377 -0.0347282 0.0129144 -0.0895938 0.0119055 -0.14421 0.0113101 -0.202299 
4.262 -0.314505 0.153664 -0.314832 0.0949587 -0.316223 0.042117 -0.318257 -0.00981562 -0.321482 -0.0644996 -0.325615 -0.118404 -0.330276 -0.175209 
1.612 0.103246 0.0529927 0.102081 -0.00508809 0.101604 -0.0584063 0.101509 -0.111428 0.101947 -0.168191 0.102718 -0.225118 0.104201 -0.285634 
4.43 -0.0624846 -0.0469936 -0.0646205 -0.105773 -0.0666286 -0.160611 -0.0688558 -0.215885 -0.0712127 -0.275346 -0.0737633 -0.335295 -0.0761569 -0.399654 
4.391 -0.048103 -0.0394603 -0.0500143 -0.0981934 -0.0517851 -0.152928 -0.0535904 -0.207968 -0.0556171 -0.267302 -0.057746 -0.327061 -0.0596751 -0.391202 
4.402 -0.0843994 -0.015491 -0.086539 -0.0738372 -0.0888073 -0.127913 -0.0911051 -0.182246 -0.0938194 -0.240631 -0.0967154 -0.299384 -0.0994386 -0.362302 
3.914 -0.235064 0.355691 -0.233042 0.292405 -0.231966 0.236689 -0.231393 0.183197 -0.231479 0.128382 -0.232261 0.0756543 -0.233348 0.0213959 
4.188 -0.171374 0.161882 -0.172144 0.103328 -0.173373 0.0507675 -0.175081 -0.000806226 -0.177362 -0.0549564 -0.180166 -0.108529 -0.183172 -0.164944 
4.289 -0.172059 0.0954527 -0.173501 0.0375817 -0.175399 -0.0150049 -0.177838 -0.0671263 -0.180815 -0.122566 -0.184404 -0.177603 -0.188176 -0.236188 
4.121 -0.113163 0.189275 -0.114095 0.13024 -0.115186 0.0774989 -0.116688 0.0260253 -0.118407 -0.0277672 -0.120639 -0.0807635 -0.122708 -0.136457 
1.466 0.0511985 0.117367 0.0494666 0.0593433 0.0483076 0.00670772 0.047359 -0.0453161 0.0467484 -0.100388 0.0463707 -0.155341 0.0465932 -0.213877 
1.44 0.184742 0.104356 0.183047 0.0459519 0.182593 -0.00716267 0.182495 -0.0595599 0.183582 -0.115269 0.185039 -0.170717 0.18743 -0.22943 
1.532 0.17036 0.0632653 0.169281 0.00505506 0.169235 -0.0482613 0.169664 -0.10146 0.171051 -0.157836 0.17281 -0.21445 0.175552 -0.2748 
4.211 -0.139871 0.139282 -0.140945 0.0811229 -0.142506 0.0286432 -0.144097 -0.0230364 -0.146516 -0.0775407 -0.149197 -0.131665 -0.151918 -0.188898 
4.254 -0.0864539 0.0886043 -0.0880277 0.0308245 -0.0896727 -0.0217443 -0.0915921 -0.0739028 -0.0937775 -0.129375 -0.0962492 -0.18483 -0.0985945 -0.24376 
4.367 -0.176852 0.0345021 -0.179137 -0.0234572 -0.181783 -0.0767218 -0.184843 -0.129857 -0.188652 -0.186614 -0.192946 -0.243515 -0.197403 -0.304057 
4.262 -0.0398849 0.0427202 -0.0415924 -0.0149463 -0.0431672 -0.0680426 -0.0448211 -0.120901 -0.0465222 -0.177556 -0.0484308 -0.234368 -0.0500017 -0.294987 
3.963 -0.174798 0.306383 -0.174083 0.244422 -0.174008 0.189821 -0.174341 0.137213 -0.175171 0.0831564 -0.176583 0.0306759 -0.178126 -0.0234173 
4.383 -0.202191 0.0358718 -0.204519 -0.0221024 -0.207262 -0.0754323 -0.210742 -0.12854 -0.214719 -0.185268 -0.219224 -0.242156 -0.224281 -0.302656 
4.168 -0.0364608 0.0208054 -0.0381808 -0.0370846 -0.039795 -0.090496 -0.04144 -0.143854 -0.0431964 -0.201188 -0.0451274 -0.258765 -0.0467033 -0.320027 
4.262 -0.147404 0.108465 -0.148798 0.0506623 -0.150574 -0.00196532 -0.1527 -0.053826 -0.155387 -0.108802 -0.158559 -0.163538 -0.161748 -0.221511 
4.285 -0.14672 0.0933982 -0.148211 0.0353769 -0.150062 -0.0170733 -0.152341 -0.0693022 -0.155114 -0.1246 -0.158344 -0.179749 -0.161696 -0.238485 
3.99 -0.174113 0.292001 -0.173528 0.230535 -0.173539 0.176265 -0.173948 0.123956 -0.174862 0.0699428 -0.176384 0.0177436 -0.178018 -0.0365674 
2.744 0.0340775 -0.0750719 0.0329884 -0.134661 0.0322808 -0.190464 0.0315914 -0.246708 0.0311153 -0.307416 0.0306644 -0.36889 0.0307177 -0.435338 
4.184 -0.245336 0.195439 -0.245122 0.136337 -0.246037 0.0834086 -0.247513 0.0316154 -0.249747 -0.0224495 -0.252959 -0.0756742 -0.256492 -0.131511 
1.627 0.180633 0.0427202 0.179822 -0.015653 0.180134 -0.0693372 0.180803 -0.122815 0.182733 -0.180023 0.184962 -0.237348 0.188077 -0.298466 
4.32 -0.0433091 -0.0134365 -0.0451322 -0.0716362 -0.0468445 -0.125755 -0.0486192 -0.180101 -0.0505642 -0.238605 -0.0526109 -0.297378 -0.0544281 -0.360227 
1.646 0.131324 0.0338173 0.130496 -0.0245066 0.130337 -0.0781993 0.130754 -0.131724 0.131645 -0.189213 0.133003 -0.246818 0.135278 -0.30825 
4.059 -0.121381 0.231051 -0.121963 0.171332 -0.122805 0.118112 -0.12396 0.066498 -0.125431 0.0127185 -0.127252 -0.0399102 -0.129028 -0.0951115 
3.918 0.00805369 -0.0572661 0.0067328 -0.116355 0.00561396 -0.171572 0.00463247 -0.227241 0.00371824 -0.287178 0.00279406 -0.347932 0.00236691 -0.413366 
1.672 0.0381865 0.0386111 0.0367622 -0.0193671 0.0357554 -0.0726793 0.0350727 -0.125986 0.0343776 -0.183004 0.0340221 -0.240419 0.0341649 -0.301675 
1.628 0.0340775 0.0550473 0.0326242 -0.0028217 0.0315446 -0.0560033 0.0308632 -0.108864 0.030111 -0.165404 0.0296965 -0.222178 0.0298735 -0.282844 
4.297 -0.158362 0.0844953 -0.159895 0.0263695 -0.161971 -0.0260009 -0.164332 -0.0785043 -0.167403 -0.134096 -0.170956 -0.189353 -0.174605 -0.248369 
4.105 0.0142172 0.146131 0.0124821 0.087965 0.011171 0.0354982 0.00980186 -0.0162204 0.00877912 -0.0706378 0.00775846 -0.124749 0.0071836 -0.182023 
1.689 0.0950281 0.0262841 0.0940455 -0.0319681 0.0936925 -0.0855877 0.0936423 -0.139211 0.0942178 -0.196736 0.09493 -0.254586 0.0963917 -0.316494 
4.145 -0.0118066 0.0680592 -0.013457 0.0102066 -0.0149486 -0.0425007 -0.0162509 -0.0948193 -0.0176052 -0.150753 -0.0188774 -0.206701 -0.0197177 -0.266146 
1.669 0.153239 0.00984797 0.152779 -0.0487808 0.15311 -0.102932 0.153932 -0.157182 0.155528 -0.215469 0.157443 -0.273969 0.160428 -0.336723 
1.479 0.0272291 0.115313 0.0255826 0.0573515 0.0242234 0.0047539 0.0231847 -0.0472484 0.022216 -0.102361 0.0214377 -0.157394 0.0212878 -0.215905 
4.246 -0.162471 0.122846 -0.163632 0.0649165 -0.16535 0.0122155 -0.167461 -0.0394869 -0.170157 -0.094282 -0.173403 -0.148754 -0.176763 -0.206378 
1.68 0.0806465 0.0338173 0.0794625 -0.0242712 0.078849 -0.077757 0.0787413 -0.131282 0.0788633 -0.188526 0.0792957 -0.246067 0.080476 -0.307583 
4.07 -0.0974113 0.216669 -0.0982616 0.157099 -0.0993336 0.104073 -0.100598 0.052512 -0.102136 -0.00119947 -0.103965 -0.0538139 -0.105728 -0.108935 
4.246 -0.243282 0.1475 -0.243644 0.0889259 -0.24518 0.0362873 -0.247269 -0.0155363 -0.250095 -0.0701445 -0.253883 -0.123981 -0.257971 -0.180933 
4.043 -0.176852 0.259814 -0.176585 0.199238 -0.176916 0.145525 -0.177672 0.0935618 -0.178965 0.0397214 -0.180875 -0.0127036 -0.18293 -0.0673552 
3.84 -0.286427 0.415272 -0.282535 0.349802 -0.280005 0.292662 -0.278385 0.237911 -0.27724 0.182081 -0.277203 0.128653 -0.27746 0.0741492 
1.495 0.0484591 0.103671 0.0468121 0.0457718 0.0456731 -0.00694042 0.0447259 -0.0590519 0.0440859 -0.114454 0.0436818 -0.169794 0.0438708 -0.22863 
4.391 -0.267251 0.043405 -0.269618 -0.0147312 -0.272787 -0.0680751 -0.276587 -0.121174 -0.281405 -0.177738 -0.286895 -0.234227 -0.29306 -0.29441 
4.43 -0.266566 0.0255992 -0.269235 -0.0326338 -0.272783 -0.0862228 -0.27683 -0.139656 -0.28188 -0.19667 -0.287661 -0.253735 -0.294169 -0.314667 
1.558 0.139543 0.0557321 0.138474 -0.00240667 0.138261 -0.055759 0.138157 -0.10882 0.139394 -0.16561 0.14056 -0.222396 0.142554 -0.28277 
3.926 0.0642104 -0.0552116 0.0634262 -0.114407 0.0630311 -0.169467 0.0630028 -0.22521 0.0631733 -0.285117 0.0635333 -0.345358 0.064666 -0.410676 
4.234 -0.0960416 0.10641 -0.0975508 0.0485395 -0.0991249 -0.00396445 -0.100927 -0.0557531 -0.103098 -0.110629 -0.105494 -0.165285 -0.107872 -0.223299 
3.961 -0.12275 0.298849 -0.122801 0.237096 -0.123185 0.182815 -0.123839 0.13042 -0.124898 0.0764703 -0.126324 0.0241431 -0.127701 -0.029918 
4.023 -0.168634 0.272826 -0.168257 0.211822 -0.168392 0.158091 -0.169019 0.105759 -0.170129 0.0519713 -0.171749 -0.000315253 -0.173546 -0.0548741 
4.359 -0.248076 0.072853 -0.249679 0.0147923 -0.25242 -0.0381345 -0.25561 -0.0907072 -0.259782 -0.146586 -0.264469 -0.202269 -0.269623 -0.261409 
4.188 -0.0713875 0.132434 -0.0727397 0.074422 -0.0742188 0.0220009 -0.0757889 -0.0296908 -0.0775869 -0.0841903 -0.0796178 -0.138279 -0.0814994 -0.195596 
1.61 0.156663 0.0427202 0.155825 -0.0156357 0.15588 -0.0691827 0.156271 -0.122624 0.157683 -0.179662 0.159294 -0.236935 0.161963 -0.298024 
4.301 -0.184386 0.0892891 -0.185898 0.0314421 -0.187983 -0.0212173 -0.190464 -0.0737265 -0.193679 -0.129092 -0.197453 -0.184339 -0.201462 -0.243124 
4.336 -0.170004 0.0481989 -0.172009 -0.0097125 -0.174492 -0.0627928 -0.177319 -0.115661 -0.180819 -0.172114 -0.184771 -0.228613 -0.18876 -0.28866 
4.016 -0.126174 0.268032 -0.126332 0.2072 -0.126862 0.153395 -0.127675 0.101484 -0.128885 0.0476357 -0.130485 -0.00466078 -0.13211 -0.0591008 
4.266 -0.109054 0.0927133 -0.110573 0.0347949 -0.112343 -0.0177662 -0.114371 -0.0699676 -0.116833 -0.125346 -0.119674 -0.18064 -0.122455 -0.239307 
4.164 -0.12549 0.163936 -0.126408 0.105423 -0.12774 0.0529355 -0.129298 0.00136988 -0.131345 -0.0527001 -0.133792 -0.106194 -0.136277 -0.162634 
4.379 -0.121381 0.0112176 -0.123545 -0.0468399 -0.125879 -0.100489 -0.128568 -0.154058 -0.131722 -0.211619 -0.135175 -0.269331 -0.13861 -0.330952 
4.359 -0.161101 0.0372415 -0.163191 -0.020618 -0.165763 -0.0739313 -0.168726 -0.127017 -0.172291 -0.183753 -0.176299 -0.240639 -0.180457 -0.301108 
4.102 -0.128914 0.205027 -0.129415 0.145884 -0.130453 0.0930342 -0.131665 0.0415195 -0.133414 -0.012286 -0.135536 -0.0651767 -0.137767 -0.120735 
4.23 -0.128914 0.124901 -0.130167 0.0670791 -0.131834 0.0143779 -0.133754 -0.0371284 -0.136168 -0.0919007 -0.139017 -0.146374 -0.141881 -0.203803 
2.639 0.0135324 0.110519 0.0119097 0.0526314 0.0105832 0.000103575 0.00934119 -0.0519364 0.00833023 -0.107093 0.00734185 -0.162086 0.00683203 -0.220655 
4.219 -0.0275579 0.0721682 -0.0292895 0.014343 -0.0308454 -0.0383581 -0.0322099 -0.090624 -0.0340189 -0.146528 -0.0355452 -0.202337 -0.0365783 -0.261653 
1.639 0.0477743 0.0529927 0.0463548 -0.0049028 0.0454105 -0.0581395 0.0448122 -0.111039 0.0443968 -0.167697 0.0441112 -0.224603 0.0443619 -0.284983 
1.434 0.027914 0.144761 0.0260549 0.086706 0.0247605 0.0341881 0.0235553 -0.017656 0.0225947 -0.0723058 0.0218471 -0.126703 0.0217201 -0.184411 
4.395 -0.252869 0.0399808 -0.255228 -0.0181329 -0.258409 -0.0715385 -0.262145 -0.124715 -0.266725 -0.181416 -0.272104 -0.238126 -0.277882 -0.298475 
4.258 -0.12412 0.104356 -0.125557 0.0469239 -0.1273 -0.00598063 -0.129317 -0.0577172 -0.131866 -0.112698 -0.134812 -0.16783 -0.137715 -0.225571 
4.367 -0.10289 0.00916313 -0.105055 -0.0488512 -0.107174 -0.102506 -0.1096 -0.156142 -0.112425 -0.213663 -0.115484 -0.271434 -0.118396 -0.333173 
3.955 0.0464046 0.00916313 0.0452968 -0.0490948 0.0444984 -0.102964 0.0439838 -0.156801 0.0438307 -0.214807 0.0438542 -0.273153 0.0443602 -0.33547 
4.152 -0.139186 0.176264 -0.13988 0.11751 -0.141141 0.0649083 -0.142658 0.0133858 -0.144727 -0.0405609 -0.147192 -0.093841 -0.149719 -0.14996 
4.266 -0.043994 0.0584714 -0.0456467 0.000790377 -0.0471931 -0.0521459 -0.048834 -0.104538 -0.0505237 -0.160536 -0.0524199 -0.21678 -0.0539682 -0.276418 
4.047 -0.0919326 0.230366 -0.0927216 0.170644 -0.093768 0.117568 -0.0949913 0.0658752 -0.0964286 0.0122609 -0.0980944 -0.0400905 -0.0997088 -0.0948773 
1.528 0.10941 0.0694288 0.108116 0.0112849 0.1076 -0.0418376 0.107491 -0.0945369 0.107962 -0.150758 0.108777 -0.207133 0.110382 -0.267059 
3.992 -0.0843994 0.264608 -0.0850738 0.203843 -0.0859605 0.150215 -0.0869624 0.0982881 -0.0882555 0.044655 -0.0897843 -0.00768992 -0.0911931 -0.0620611 
4.363 -0.27136 0.0742227 -0.273132 0.0161508 -0.275838 -0.0368639 -0.279101 -0.0895157 -0.283448 -0.145335 -0.288599 -0.201006 -0.294069 -0.26005 
1.53 0.147761 0.0673743 0.146527 0.00918971 0.146273 -0.0440002 0.146401 -0.0970777 0.147379 -0.153384 0.148697 -0.209862 0.151004 -0.270193 
4.188 -0.126174 0.15024 -0.127249 0.0919674 -0.128615 0.0394756 -0.130296 -0.012078 -0.132441 -0.0664122 -0.135034 -0.12009 -0.137627 -0.176889 
1.64 0.0922887 0.0440899 0.0911292 -0.0139989 0.0906705 -0.0674047 0.0904111 -0.120624 0.0908644 -0.177643 0.0914181 -0.234878 0.0926591 -0.295868 
1.447 0.105985 0.114628 0.104304 0.0565527 0.103377 0.00370478 0.102819 -0.0483622 0.102725 -0.103649 0.102975 -0.158829 0.104002 -0.217212 
4.324 -0.0426243 0.00368443 -0.0444537 -0.0544028 -0.046078 -0.108122 -0.0478081 -0.161804 -0.0496968 -0.219521 -0.0516805 -0.277665 -0.0534053 -0.339775 
3.91 -0.337105 0.3824 -0.333053 0.318524 -0.330566 0.262416 -0.328926 0.208495 -0.328129 0.153289 -0.328364 0.100203 -0.328997 0.0457989 
4.039 0.00120531 0.060526 -0.00054557 0.00279544 -0.00177321 -0.050039 -0.00315472 -0.102405 -0.00441613 -0.158353 -0.00566363 -0.214392 -0.00663993 -0.273876 
1.674 0.123106 0.0228599 0.122358 -0.0354539 0.122432 -0.0892863 0.1229 -0.143177 0.124045 -0.201077 0.125466 -0.259058 0.127773 -0.321131 
4.137 -0.121381 0.178318 -0.122246 0.119603 -0.123472 0.0670082 -0.124894 0.0154797 -0.126755 -0.038436 -0.129041 -0.0917155 -0.131383 -0.147793 
3.811 0.0101082 0.0276537 0.00865067 -0.0302575 0.00749559 -0.083706 0.00639865 -0.137124 0.0054371 -0.194531 0.00448885 -0.252122 0.00403332 -0.313714 
1.499 0.199123 -0.0291878 0.19942 -0.0886808 0.201023 -0.143891 0.203009 -0.19925 0.206051 -0.259048 0.209496 -0.319423 0.214155 -0.383801 
4.145 -0.0782359 0.161197 -0.079345 0.102775 -0.0806349 0.0502631 -0.0823987 -0.00125339 -0.0839895 -0.0552662 -0.0860075 -0.108734 -0.0878298 -0.165178 
4.188 -0.139186 0.155034 -0.140125 0.0966213 -0.141562 0.0441619 -0.14318 -0.00740431 -0.145471 -0.0616124 -0.148098 -0.115219 -0.150803 -0.171955 
1.419 0.0217504 0.158458 0.0199573 0.100212 0.0186223 0.0475949 0.0172968 -0.0038342 0.0162473 -0.058328 0.0152468 -0.112127 0.0147412 -0.168926 
1.721 0.0744829 0.0194357 0.0733667 -0.0388275 0.072644 -0.0925287 0.072679 -0.146366 0.0725248 -0.204048 0.0731471 -0.262168 0.0744124 -0.324374 
1.367 0.0368169 0.19133 0.0347988 0.132559 0.0332682 0.0800429 0.03204 0.0283321 0.0309557 -0.0255796 0.0301131 -0.0788111 0.0299863 -0.135429 
1.477 0.107355 -0.0332968 0.107052 -0.092619 0.107371 -0.147699 0.108096 -0.203144 0.109255 -0.262954 0.110735 -0.323333 0.113183 -0.388462 
1.449 0.159403 0.104356 0.157934 0.0460527 0.157336 -0.00694456 0.157144 -0.0592504 0.158154 -0.115021 0.159437 -0.170488 0.161031 -0.229109 
4.273 -0.0974113 0.0776469 -0.0990828 0.019874 -0.100914 -0.0327486 -0.102796 -0.0850323 -0.105208 -0.140594 -0.107744 -0.19624 -0.110314 -0.255289 
4.125 -0.0885084 0.177633 -0.0896529 0.118951 -0.0909315 0.0665572 -0.09236 0.0151542 -0.0940774 -0.0385319 -0.0960717 -0.0917623 -0.097924 -0.147633 
4.258 -0.185071 0.124216 -0.186124 0.0657899 -0.187856 0.013421 -0.189992 -0.03912 -0.19283 -0.0935656 -0.196247 -0.147935 -0.19989 -0.205657 
4.02 -0.188495 0.275565 -0.187814 0.214559 -0.187881 0.160669 -0.188366 0.108398 -0.189466 0.0544883 -0.191259 0.00202053 -0.193119 -0.0525707 
1.408 0.157348 0.124216 0.15525 0.0658312 0.154438 0.0129422 0.154179 -0.0391058 0.154618 -0.0942749 0.155506 -0.149144 0.15734 -0.207171 
4.184 -0.253554 0.178318 -0.253588 0.119438 -0.254662 0.0667041 -0.256289 0.0149188 -0.258759 -0.0393092 -0.262126 -0.0927458 -0.265842 -0.148937 
4.23 -0.176168 0.138597 -0.177153 0.0803476 -0.178584 0.0278239 -0.180522 -0.0239222 -0.183093 -0.0784869 -0.186226 -0.132519 -0.189491 -0.189758 
3.904 -0.270675 0.369388 -0.267754 0.305634 -0.266238 0.249659 -0.265208 0.195928 -0.264889 0.140971 -0.265449 0.0881254 -0.26632 0.0337544 
4.09 -0.225476 0.247487 -0.224798 0.187159 -0.224974 0.133623 -0.225704 0.0815686 -0.227148 0.0277822 -0.229316 -0.0248773 -0.23184 -0.079711 
2.496 0.0916039 -0.0127517 0.0907619 -0.0715458 0.0906577 -0.126339 0.0908436 -0.181179 0.0915617 -0.240514 0.0924397 -0.300096 0.0941356 -0.36393 
4.09 -0.0166005 0.0269689 -0.0183266 -0.0309902 -0.0198707 -0.084429 -0.0212307 -0.137672 -0.0228154 -0.195035 -0.024247 -0.252464 -0.0253184 -0.313612 
1.685 0.0525681 0.0358718 0.0513596 -0.0221991 0.050484 -0.0755649 0.0500981 -0.128944 0.0497887 -0.186087 0.0497678 -0.243559 0.0504399 -0.304915 
4.191 -0.295329 0.180373 -0.295207 0.121349 -0.296291 0.0684902 -0.298003 0.016716 -0.300715 -0.0376363 -0.304313 -0.0910211 -0.308446 -0.147054 
4.379 -0.281633 0.0543624 -0.283786 -0.00381547 -0.287054 -0.0570711 -0.290795 -0.109949 -0.295603 -0.166268 -0.301189 -0.222521 -0.307391 -0.282242 
1.583 0.123106 -0.0175455 0.122753 -0.0766451 0.12316 -0.131346 0.12392 -0.186555 0.125294 -0.245731 0.126878 -0.305463 0.129565 -0.370221 
