1.723 0.0943432 0.00642378 0.0934377 -0.0519997 0.0932184 -0.106054 0.0932868 -0.160187 0.0937544 -0.218339 0.0946274 -0.27695 0.0961541 -0.339584 
4.238 -0.348062 0.174209 -0.347878 0.115293 -0.348955 0.062306 -0.350771 0.0102968 -0.353814 -0.0441441 -0.357796 -0.0978902 -0.362439 -0.154129 
4.16 -0.387098 0.226942 -0.385582 0.167225 -0.385611 0.113825 -0.386491 0.0617643 -0.388564 0.00750646 -0.391694 -0.0456695 -0.395539 -0.101074 
4.207 -0.384358 0.193384 -0.383628 0.134208 -0.384313 0.081101 -0.385867 0.029086 -0.388631 -0.0253211 -0.392415 -0.0788541 -0.397005 -0.134817 
4.199 -0.359019 0.200233 -0.3583 0.140939 -0.35893 0.0877212 -0.360369 0.0357573 -0.363002 -0.0185244 -0.366597 -0.0718734 -0.370897 -0.127625 
4.137 -0.353541 0.242693 -0.351951 0.18271 -0.351795 0.129141 -0.35239 0.0770305 -0.354117 0.0228047 -0.356796 -0.0301755 -0.360167 -0.0853454 
4.223 -0.372031 0.182427 -0.37164 0.123374 -0.372601 0.0703463 -0.374352 0.0183042 -0.377402 -0.0360906 -0.381426 -0.0897205 -0.386202 -0.145805 
4.234 -0.402164 0.179688 -0.401662 0.120628 -0.402605 0.0675886 -0.404466 0.0155478 -0.407617 -0.0389584 -0.411851 -0.0926854 -0.416971 -0.148851 
4.188 -0.415861 0.207766 -0.414692 0.148356 -0.415072 0.09507 -0.416385 0.0430188 -0.419029 -0.0113184 -0.422802 -0.0646737 -0.427368 -0.120375 
4.176 -0.353541 0.214614 -0.352553 0.155086 -0.352866 0.101821 -0.354042 0.0498161 -0.356338 -0.00439824 -0.359545 -0.0576442 -0.363489 -0.113155 
4.121 -0.380934 0.249541 -0.378991 0.189391 -0.378617 0.135704 -0.379082 0.0835382 -0.380683 0.029281 -0.383359 -0.0236937 -0.386753 -0.0787788 
4.16 -0.402164 0.225572 -0.400614 0.165849 -0.400625 0.112427 -0.401565 0.0603379 -0.403699 0.00607563 -0.406997 -0.0471199 -0.411028 -0.102516 
4.129 -0.406273 0.245432 -0.404245 0.185386 -0.403831 0.131759 -0.404315 0.0795748 -0.406032 0.0252905 -0.408857 -0.0277305 -0.412464 -0.082948 
4.16 -0.369977 0.226257 -0.368606 0.166592 -0.368699 0.113197 -0.369574 0.0611455 -0.371642 0.00688733 -0.374676 -0.046256 -0.378448 -0.101676 
4.227 -0.08166 0.113258 -0.0830874 0.0554203 -0.0846749 0.0029333 -0.0863759 -0.0488499 -0.0884652 -0.103677 -0.0907336 -0.158409 -0.0929077 -0.216298 
4.133 -0.422024 0.244747 -0.419903 0.184712 -0.419473 0.131071 -0.41993 0.0788757 -0.42173 0.0245889 -0.424648 -0.0284718 -0.428351 -0.08369 
4.184 -0.382989 0.207766 -0.381966 0.148361 -0.382415 0.0951263 -0.38367 0.0430951 -0.386146 -0.0111895 -0.389663 -0.0645521 -0.39394 -0.120208 
0.733 0.473058 0.396781 0.465318 0.33332 0.460082 0.277338 0.456027 0.223368 0.453174 0.167879 0.451958 0.114311 0.452492 0.0593991 
4.02 -0.0919326 0.250911 -0.0926075 0.190537 -0.093607 0.136986 -0.0946827 0.0851448 -0.0961379 0.0314508 -0.0977307 -0.0209437 -0.0992496 -0.0754724 
4.105 -0.372716 0.261183 -0.370634 0.200776 -0.370067 0.147024 -0.370302 0.0947454 -0.371652 0.0405043 -0.374092 -0.0123942 -0.377108 -0.0673423 
4.215 -0.347377 0.189275 -0.346924 0.130158 -0.347733 0.0771285 -0.349303 0.0251421 -0.352069 -0.0291872 -0.355776 -0.0827371 -0.360153 -0.138699 
4.219 -0.413806 0.190645 -0.413045 0.131477 -0.413817 0.0783383 -0.415458 0.0262877 -0.418478 -0.0281204 -0.422595 -0.0816689 -0.42758 -0.137668 
4.164 -0.437091 0.227626 -0.435332 0.167877 -0.435218 0.114404 -0.43609 0.062298 -0.438268 0.0079887 -0.441655 -0.0452355 -0.445879 -0.100685 
4.199 -0.448048 0.207081 -0.446762 0.14765 -0.447083 0.0943498 -0.448425 0.0422509 -0.451193 -0.0121594 -0.455164 -0.0655598 -0.46002 -0.121259 
4.137 -0.368607 0.241323 -0.36695 0.181353 -0.366776 0.127794 -0.367408 0.0756732 -0.369166 0.0214469 -0.371941 -0.0315708 -0.375419 -0.0867399 
4.156 -0.422024 0.228996 -0.420294 0.169251 -0.420171 0.115803 -0.420969 0.0636861 -0.423085 0.00937212 -0.426355 -0.0438403 -0.430392 -0.0992737 
4.344 -0.213834 0.0776469 -0.21543 0.0196221 -0.217825 -0.0332079 -0.220615 -0.0857264 -0.22436 -0.14147 -0.22855 -0.197155 -0.233157 -0.256122 
4.199 -0.430927 0.206396 -0.429711 0.146991 -0.430087 0.0936932 -0.431478 0.0416267 -0.4342 -0.0127581 -0.438112 -0.0661389 -0.442891 -0.12182 
4.047 -0.162471 0.255705 -0.162321 0.195187 -0.16278 0.141543 -0.163632 0.0896015 -0.165056 0.0358096 -0.166797 -0.0166813 -0.168955 -0.0712154 
4.113 -0.352856 0.258444 -0.350979 0.198061 -0.350517 0.144313 -0.350869 0.0920832 -0.352323 0.0378734 -0.354688 -0.0150113 -0.357748 -0.06996 
4.109 -0.390522 0.262553 -0.38826 0.20213 -0.387564 0.148344 -0.387736 0.0960141 -0.389069 0.0417669 -0.391494 -0.0111966 -0.394619 -0.0661554 
4.191 -0.398055 0.206396 -0.397008 0.147034 -0.39748 0.0937597 -0.398803 0.0417632 -0.40142 -0.0125804 -0.405126 -0.0659594 -0.409628 -0.121655 
4.07 -0.148089 0.234475 -0.148289 0.174518 -0.148989 0.121209 -0.150008 0.0695301 -0.151563 0.0157712 -0.153459 -0.0367457 -0.155563 -0.0916082 
4.238 -0.433667 0.179003 -0.433093 0.119993 -0.434032 0.0668803 -0.435938 0.0148173 -0.439268 -0.0397117 -0.4437 -0.0934715 -0.449076 -0.149688 
4.047 -0.149459 0.250911 -0.149543 0.190488 -0.150076 0.136938 -0.151008 0.085042 -0.152461 0.0313252 -0.154296 -0.0211547 -0.156259 -0.0757301 
0.73 0.516888 0.37966 0.509267 0.316997 0.504159 0.261376 0.500269 0.207672 0.497765 0.152419 0.496915 0.098868 0.497972 0.0438052 
4.035 -0.200822 0.269401 -0.200189 0.208665 -0.20025 0.154757 -0.200754 0.102619 -0.201987 0.0487025 -0.203784 -0.00373865 -0.205872 -0.0582795 
4.109 -0.423394 0.261868 -0.420873 0.201425 -0.420071 0.14761 -0.420231 0.0952988 -0.42164 0.0410111 -0.424235 -0.0119891 -0.427573 -0.0669836 
4.125 -0.192604 0.211875 -0.192596 0.152429 -0.193289 0.0993831 -0.194429 0.0476597 -0.196307 -0.00617274 -0.198733 -0.0591669 -0.201464 -0.114502 
0.733 0.466895 0.418011 0.458751 0.35401 0.453038 0.297693 0.44847 0.243404 0.445067 0.187664 0.44326 0.133969 0.443166 0.0789891 
4.184 -0.191919 0.172154 -0.192393 0.113469 -0.193568 0.06075 -0.195184 0.00912935 -0.197576 -0.0450379 -0.200474 -0.0985786 -0.203648 -0.154834 
0.894 0.327873 0.225572 0.324342 0.165794 0.322703 0.112211 0.321834 0.059896 0.32207 0.00515421 0.323549 -0.0486639 0.326563 -0.104846 
4.121 -0.444624 0.25502 -0.442116 0.194737 -0.441408 0.140936 -0.441674 0.0886096 -0.443261 0.0343032 -0.446069 -0.0187235 -0.449753 -0.0738075 
3.957 0.0183263 -0.0504178 0.0170099 -0.109418 0.0160611 -0.164414 0.0151508 -0.219896 0.0144272 -0.279565 0.0137311 -0.339884 0.0135415 -0.404573 
4.203 -0.0912478 0.135173 -0.0925378 0.0771138 -0.0940117 0.0246615 -0.0956356 -0.0270019 -0.097599 -0.0814617 -0.0997538 -0.135628 -0.101893 -0.192924 
4.105 -0.0864539 0.196809 -0.0875088 0.137807 -0.0886949 0.0850877 -0.090027 0.0336195 -0.0916577 -0.0201687 -0.0934616 -0.0731869 -0.0952055 -0.128789 
0.889 0.31897 0.286522 0.314494 0.225651 0.311745 0.171497 0.309832 0.118991 0.308978 0.064363 0.309283 0.0111215 0.311005 -0.0440718 
4.137 -0.221367 0.21256 -0.221135 0.153078 -0.221777 0.0999365 -0.222956 0.0481861 -0.224881 -0.00571801 -0.227464 -0.0587417 -0.230452 -0.11411 
0.73 0.50867 0.409793 0.500505 0.346084 0.49479 0.289907 0.49036 0.23594 0.487125 0.180161 0.485623 0.126583 0.485892 0.0716794 
4.238 -0.190549 0.138597 -0.191433 0.0802856 -0.192961 0.0277281 -0.194924 -0.0240167 -0.197625 -0.0785831 -0.200911 -0.132767 -0.204442 -0.189865 
4.215 -0.448048 0.192015 -0.447116 0.132799 -0.447803 0.0796094 -0.449503 0.0275528 -0.452583 -0.0269174 -0.456909 -0.0805 -0.462102 -0.13646 
4.031 0.00873853 0.043405 0.00724881 -0.0145116 0.00606313 -0.0677833 0.00494091 -0.120975 0.00388665 -0.177924 0.00302475 -0.235269 0.00250468 -0.296403 
0.911 0.308697 0.296795 0.304023 0.235668 0.301063 0.181462 0.29899 0.128712 0.297855 0.0741891 0.297878 0.0209669 0.299268 -0.0341394 
0.73 0.496343 0.44472 0.487357 0.380128 0.480885 0.323166 0.475623 0.268416 0.471633 0.21236 0.469215 0.158486 0.468513 0.103425 
4.141 -0.436406 0.242693 -0.434268 0.18265 -0.43387 0.129012 -0.434434 0.0768218 -0.436312 0.0225157 -0.439365 -0.0305634 -0.443271 -0.0857567 
4.16 -0.454897 0.228311 -0.452987 0.168581 -0.452837 0.115122 -0.453668 0.0629689 -0.455933 0.00864524 -0.459357 -0.0445823 -0.463682 -0.100041 
0.869 0.330612 0.309122 0.325608 0.24778 0.322481 0.193339 0.320213 0.140509 0.318982 0.0858512 0.318976 0.0325959 0.320381 -0.0225092 
4.137 -0.454212 0.244062 -0.451886 0.184015 -0.451402 0.13032 -0.451892 0.0781134 -0.45377 0.0237885 -0.456857 -0.0293249 -0.460799 -0.084533 
0.731 0.481961 0.44472 0.473168 0.379978 0.466769 0.323134 0.461595 0.268398 0.457616 0.212376 0.455239 0.158466 0.454522 0.103474 
4.016 -0.220682 0.292001 -0.219522 0.23068 -0.219272 0.17644 -0.219436 0.123986 -0.220368 0.0699384 -0.221897 0.0174279 -0.223792 -0.0369078 
1.597 0.0916039 -0.0264484 0.0910504 -0.085249 0.0910185 -0.139779 0.0912857 -0.194752 0.0919369 -0.253674 0.0929655 -0.31329 0.0946997 -0.377351 
4.105 -0.407643 0.259129 -0.405358 0.198734 -0.404719 0.144916 -0.404975 0.0926383 -0.406468 0.0383587 -0.409072 -0.0145913 -0.412419 -0.0695786 
3.982 -0.195343 0.304328 -0.194352 0.2426 -0.194137 0.188116 -0.194304 0.135536 -0.195132 0.081487 -0.1965 0.0290164 -0.198096 -0.025174 
1.347 0.176524 0.143391 0.174329 0.0848685 0.173292 0.0319679 0.172848 -0.0201351 0.173097 -0.0750713 0.174155 -0.129703 0.176248 -0.187349 
4.105 -0.459006 0.263923 -0.456153 0.203421 -0.455196 0.149552 -0.455184 0.097184 -0.45656 0.0428532 -0.459197 -0.0101554 -0.46266 -0.0651593 
4.066 -0.200137 0.252965 -0.199668 0.192739 -0.199872 0.139147 -0.200607 0.0871028 -0.202005 0.0333342 -0.203939 -0.019313 -0.206249 -0.0740147 
4.242 -0.448733 0.177633 -0.448113 0.118584 -0.449117 0.0654935 -0.451054 0.0134394 -0.454481 -0.0411335 -0.459064 -0.094885 -0.464593 -0.151106 
4.086 -0.46106 0.281729 -0.457829 0.220853 -0.456501 0.166777 -0.456208 0.114224 -0.457249 0.0598945 -0.459512 0.00688269 -0.462664 -0.047979 
4.082 -0.369977 0.27488 -0.367661 0.214129 -0.366876 0.160112 -0.366936 0.107714 -0.368121 0.0534542 -0.370354 0.000593294 -0.373217 -0.0542148 
0.733 0.481961 0.376236 0.474642 0.313531 0.46952 0.257868 0.46578 0.204216 0.463447 0.149136 0.462646 0.0956408 0.463605 0.0407461 
4.082 -0.352171 0.274195 -0.350012 0.213427 -0.349312 0.159407 -0.349423 0.107027 -0.350584 0.0527725 -0.352704 -6.52937e-05 -0.3555 -0.0548503 
4.238 -0.362444 0.17147 -0.362213 0.112577 -0.363334 0.0595496 -0.36521 0.00756552 -0.3683 -0.0468821 -0.372385 -0.100635 -0.377225 -0.15688 
3.965 -0.226161 0.322134 -0.22461 0.259881 -0.223985 0.204967 -0.223797 0.152026 -0.224346 0.0976319 -0.225501 0.0450385 -0.227017 -0.00927666 
4.27 -0.218628 0.12627 -0.219612 0.0680899 -0.221421 0.0154941 -0.223658 -0.0364524 -0.22677 -0.0912739 -0.230478 -0.145807 -0.234531 -0.203256 
4.078 -0.221367 0.252281 -0.220627 0.192022 -0.220787 0.138451 -0.221455 0.0864523 -0.222862 0.0326454 -0.224907 -0.0200191 -0.227314 -0.0747802 
1.461 0.0196959 0.204342 0.0177988 0.145405 0.0163066 0.0927039 0.014973 0.0411293 0.0137136 -0.0127638 0.0126844 -0.0658712 0.0121116 -0.121772 
0.731 0.490864 0.400205 0.482982 0.336781 0.477635 0.280816 0.473445 0.226873 0.470479 0.171535 0.469131 0.117976 0.469552 0.0630581 
0.737 0.456622 0.44472 0.448261 0.379761 0.441957 0.322724 0.436896 0.26793 0.432986 0.211991 0.430613 0.15813 0.429797 0.103258 
0.87 0.3402 0.23242 0.336771 0.172644 0.335129 0.11903 0.334333 0.0667459 0.33471 0.0120428 0.336254 -0.0417035 0.339223 -0.0979161 
0.729 0.509355 0.453623 0.500182 0.388746 0.493565 0.331513 0.48813 0.276599 0.483785 0.220398 0.481193 0.166465 0.48034 0.111361 
2.342 0.0683194 0.00710862 0.0671954 -0.0512514 0.066498 -0.105157 0.0662468 -0.159159 0.0661408 -0.217204 0.066417 -0.275695 0.0673331 -0.338222 
1.435 0.0217504 0.185166 0.0198885 0.126543 0.0184368 0.0738937 0.0171081 0.0223571 0.0158707 -0.031661 0.0148927 -0.0851453 0.0143516 -0.141291 
4.195 -0.238488 0.176264 -0.238558 0.117384 -0.239727 0.0646075 -0.241316 0.01287 -0.243776 -0.041316 -0.247055 -0.094863 -0.250743 -0.150995 
4.086 -0.403534 0.27488 -0.400903 0.214122 -0.399956 0.160106 -0.399928 0.10767 -0.401122 0.0533511 -0.403386 0.000435962 -0.406455 -0.0544194 
0.73 0.513464 0.42486 0.504787 0.360868 0.49866 0.304696 0.493812 0.25004 0.490223 0.194169 0.48831 0.140489 0.488172 0.0856332 
4.09 -0.439145 0.276935 -0.436152 0.216126 -0.434964 0.162058 -0.434824 0.10958 -0.436001 0.0552183 -0.438327 0.00224524 -0.441503 -0.0526372 
4.234 -0.387098 0.179688 -0.386641 0.120682 -0.387628 0.0676328 -0.38944 0.0156229 -0.392556 -0.0388503 -0.396687 -0.0925617 -0.401623 -0.148722 
4.082 -0.200137 0.239269 -0.19982 0.179293 -0.200154 0.125884 -0.201048 0.0741036 -0.202585 0.0202293 -0.204691 -0.0324073 -0.207151 -0.0873465 
4.254 -0.0460485 -0.0613752 -0.047983 -0.120594 -0.0497776 -0.175796 -0.0516701 -0.23163 -0.0537574 -0.291653 -0.0558963 -0.352636 -0.057788 -0.418028 
4.043 0.00873853 0.0125873 0.00725177 -0.0456362 0.00606727 -0.0993959 0.00509724 -0.153144 0.00409752 -0.211043 0.00315842 -0.269345 0.00271502 -0.331634 
4.227 -0.215888 0.153664 -0.216461 0.0951053 -0.217874 0.0424956 -0.21973 -0.00926738 -0.222454 -0.0637788 -0.225806 -0.117608 -0.229513 -0.17415 
4.199 -0.113163 0.137228 -0.114371 0.079136 -0.115777 0.026655 -0.1175 -0.0249748 -0.119631 -0.0794914 -0.122071 -0.133607 -0.12453 -0.19085 
3.936 -0.235749 0.341309 -0.233911 0.278528 -0.232939 0.223304 -0.232536 0.170111 -0.2328 0.115514 -0.233716 0.0628744 -0.234983 0.00877594 
4.309 -0.217943 0.100247 -0.219279 0.0423412 -0.221483 -0.0104263 -0.224056 -0.062551 -0.227492 -0.117861 -0.231495 -0.172828 -0.235866 -0.231068 
0.729 0.516888 0.394042 0.509042 0.330965 0.503579 0.275254 0.499464 0.221344 0.496666 0.165847 0.495536 0.112319 0.4962 0.0574333 
0.73 0.50867 0.438556 0.499759 0.374148 0.493402 0.317272 0.488286 0.262565 0.484383 0.206551 0.482196 0.152684 0.481651 0.0976346 
0.736 0.461416 0.388563 0.454168 0.325363 0.449186 0.269546 0.44532 0.215731 0.44268 0.16038 0.441622 0.106897 0.442287 0.0519735 
4.09 -0.164525 0.225572 -0.164599 0.165942 -0.1653 0.112819 -0.166384 0.06117 -0.167983 0.00740949 -0.170114 -0.0453303 -0.172447 -0.100381 
4.09 -0.42134 0.27625 -0.418544 0.21547 -0.417499 0.161452 -0.417391 0.108958 -0.418573 0.0546661 -0.420929 0.0017138 -0.423989 -0.0531564 
1.249 0.1505 -0.0668539 0.151141 -0.127116 0.152321 -0.18316 0.153997 -0.239864 0.156181 -0.301007 0.15908 -0.363401 0.163215 -0.430986 
1.667 0.0683194 0.0420353 0.0670577 -0.0160016 0.0663324 -0.0694055 0.0659377 -0.122747 0.0658298 -0.179864 0.0660247 -0.237345 0.0667845 -0.298585 
4.219 -0.196713 0.152294 -0.197403 0.0938085 -0.198792 0.0411744 -0.200667 -0.0104235 -0.203292 -0.0648676 -0.20647 -0.118702 -0.209952 -0.175547 
4.203 -0.316559 0.196809 -0.316191 0.137638 -0.31692 0.0844953 -0.318327 0.0325403 -0.32096 -0.0217084 -0.324387 -0.0750901 -0.328362 -0.130941 
1.346 0.190905 0.1475 0.188649 0.0889147 0.187608 0.0359877 0.187191 -0.016129 0.187527 -0.071036 0.188621 -0.12562 0.190888 -0.183131 
0.731 0.491549 0.425544 0.483147 0.361482 0.477264 0.304804 0.472484 0.250345 0.468913 0.194406 0.467099 0.140697 0.466924 0.0856552 
3.986 0.0121627 -0.0312423 0.0107838 -0.0898756 0.00974112 -0.144411 0.00880938 -0.199262 0.00782221 -0.258182 0.00697761 -0.317748 0.00658432 -0.381421 
4.105 -0.220682 0.234475 -0.220164 0.174572 -0.220509 0.121179 -0.221416 0.0693929 -0.223039 0.0155235 -0.225333 -0.0373107 -0.227992 -0.0923736 
4.23 -0.0460485 -0.0764416 -0.0480012 -0.135957 -0.0498675 -0.191834 -0.0517716 -0.248086 -0.0539189 -0.308833 -0.0560561 -0.370298 -0.0580679 -0.43644 
4.121 -0.161101 0.202287 -0.161324 0.143159 -0.162255 0.0903128 -0.163477 0.0387228 -0.165352 -0.0150915 -0.167645 -0.0681893 -0.170179 -0.123769 
1.646 0.103931 -0.0059033 0.103265 -0.0645577 0.103289 -0.118894 0.10366 -0.17346 0.104523 -0.232071 0.105764 -0.291188 0.107784 -0.354505 
4.09 -0.180277 0.23242 -0.180161 0.17254 -0.180689 0.11933 -0.181669 0.0675785 -0.183257 0.0137809 -0.185396 -0.0389545 -0.187738 -0.0939697 
0.738 0.458677 0.40226 0.450999 0.338748 0.445801 0.282745 0.441724 0.228714 0.438811 0.173207 0.43746 0.11965 0.437777 0.0647595 
4.27 -0.173428 0.110519 -0.174744 0.0525201 -0.176553 -0.000159718 -0.17884 -0.0520719 -0.18177 -0.106981 -0.185196 -0.161834 -0.18882 -0.219643 
1.551 0.173784 -0.0209697 0.173952 -0.0801689 0.174931 -0.134988 0.176513 -0.19001 0.178699 -0.249109 0.181603 -0.308997 0.185776 -0.373144 
1.619 0.0149021 0.064635 0.013321 0.00676732 0.0120745 -0.0461671 0.0110073 -0.0987708 0.00993762 -0.154933 0.00911731 -0.211437 0.00860465 -0.271458 
4.09 -0.0994658 0.202972 -0.100403 0.143904 -0.101476 0.0911192 -0.102805 0.0396068 -0.104455 -0.0141807 -0.106343 -0.0671245 -0.108129 -0.122635 
4 -0.200822 0.290631 -0.199943 0.229236 -0.199788 0.174961 -0.200047 0.122528 -0.20103 0.0686403 -0.202533 0.0162133 -0.204376 -0.0381125 
4.105 -0.194658 0.226257 -0.194466 0.166631 -0.195026 0.113377 -0.196021 0.0615298 -0.197738 0.00778346 -0.200001 -0.0449941 -0.202581 -0.100086 
4.086 -0.389837 0.278304 -0.387329 0.217514 -0.386419 0.163489 -0.386381 0.111051 -0.3875 0.0567843 -0.389715 0.00390646 -0.392655 -0.050954 
3.896 -0.221367 0.356376 -0.219546 0.293096 -0.218638 0.23742 -0.21817 0.183932 -0.218361 0.129116 -0.219172 0.0763866 -0.22036 0.0222169 
1.44 0.119682 0.111204 0.117995 0.0530267 0.117161 0.000120295 0.116711 -0.0519059 0.116805 -0.107384 0.117418 -0.162689 0.118909 -0.22102 
1.442 0.184742 0.104356 0.183077 0.0459777 0.182627 -0.00716238 0.182515 -0.0595362 0.183537 -0.115227 0.185081 -0.170754 0.187447 -0.229398 
4.211 -0.315875 0.182427 -0.315676 0.123478 -0.316568 0.0705517 -0.318138 0.018645 -0.320905 -0.0356965 -0.324397 -0.0893108 -0.32855 -0.145427 
1.477 0.0183263 0.12764 0.0166369 0.0696593 0.0153142 0.0171052 0.0139688 -0.0347325 0.0128708 -0.0896031 0.0119085 -0.144261 0.0113178 -0.202286 
4.219 -0.160416 0.141337 -0.161362 0.0831239 -0.162751 0.0306084 -0.164539 -0.0210947 -0.166914 -0.0756066 -0.169842 -0.129754 -0.172923 -0.186877 
3.957 -0.139186 0.303643 -0.139 0.241754 -0.13926 0.187227 -0.139785 0.134733 -0.140827 0.0806654 -0.142183 0.0282822 -0.143621 -0.0257607 
4.418 -0.0631694 -0.0469936 -0.0652816 -0.105768 -0.0674288 -0.160592 -0.0696065 -0.21587 -0.0721073 -0.275307 -0.0746069 -0.33534 -0.0770967 -0.399625 
4.371 -0.048103 -0.0394603 -0.0500085 -0.0982093 -0.0517901 -0.152926 -0.0535822 -0.207948 -0.0556917 -0.267287 -0.0577671 -0.327123 -0.059691 -0.391221 
1.357 0.134749 0.252965 0.131581 0.192734 0.129434 0.139124 0.127715 0.0870703 0.126497 0.033143 0.126083 -0.0197178 0.126332 -0.074626 
1.587 0.102561 0.0536776 0.101398 -0.00441776 0.10091 -0.0576778 0.100828 -0.110712 0.101173 -0.167409 0.102021 -0.224388 0.103512 -0.284899 
1.468 0.0511985 0.117367 0.0494832 0.0593453 0.0483167 0.00672624 0.047384 -0.0452992 0.0467162 -0.100358 0.0463889 -0.155379 0.0465846 -0.213848 
4.266 -0.314505 0.154349 -0.314818 0.0956599 -0.316192 0.0428199 -0.318234 -0.00912443 -0.321503 -0.0638034 -0.325579 -0.117797 -0.330239 -0.174494 
3.996 -0.2289 0.305698 -0.227509 0.244015 -0.226906 0.18943 -0.226911 0.136803 -0.227606 0.0826411 -0.228942 0.0300754 -0.230638 -0.0241993 
3.906 -0.236433 0.356376 -0.234395 0.293087 -0.233321 0.237376 -0.232758 0.183881 -0.232858 0.12907 -0.233589 0.0762561 -0.234656 0.0220817 
0.733 0.468265 0.432393 0.459834 0.367994 0.453847 0.31128 0.449095 0.25673 0.445417 0.200841 0.443417 0.147073 0.443044 0.0920573 
4.293 -0.172059 0.0954527 -0.173506 0.0376239 -0.175419 -0.0149923 -0.177844 -0.0671336 -0.180865 -0.12253 -0.184416 -0.177587 -0.188172 -0.236111 
1.534 0.17036 0.0632653 0.169241 0.00508265 0.169213 -0.0482217 0.169604 -0.10143 0.17099 -0.15781 0.172787 -0.214477 0.175562 -0.274774 
1.459 0.0916039 -0.0682235 0.0912777 -0.128132 0.0915893 -0.184132 0.092085 -0.240581 0.0929677 -0.301635 0.0941601 -0.363673 0.0961976 -0.43059 
4.395 -0.0843994 -0.015491 -0.0865256 -0.0738306 -0.0887707 -0.127877 -0.0911088 -0.182203 -0.0938686 -0.240572 -0.096688 -0.299383 -0.0993914 -0.362235 
4.215 -0.139871 0.139282 -0.140986 0.0811421 -0.142504 0.0286632 -0.144142 -0.0230335 -0.146605 -0.0775224 -0.149176 -0.131703 -0.151939 -0.188872 
4.191 -0.171374 0.161882 -0.172148 0.103341 -0.173391 0.0507622 -0.175054 -0.000831849 -0.177416 -0.0549309 -0.18016 -0.108588 -0.183162 -0.164949 
3.963 -0.174798 0.306383 -0.174111 0.244459 -0.174031 0.189829 -0.17436 0.137255 -0.175236 0.0831753 -0.17659 0.030629 -0.178132 -0.0234137 
4.359 -0.168634 0.0331324 -0.170737 -0.0248271 -0.173338 -0.0781 -0.176287 -0.131282 -0.179983 -0.188018 -0.183986 -0.24502 -0.188237 -0.305584 
4.121 -0.113163 0.189275 -0.114057 0.130241 -0.115194 0.0775189 -0.116671 0.0260296 -0.11842 -0.0277585 -0.120603 -0.0808126 -0.122688 -0.136451 
4.262 -0.0398849 0.043405 -0.0415815 -0.0143983 -0.0431607 -0.067367 -0.0448107 -0.120286 -0.0465748 -0.176904 -0.0484132 -0.233788 -0.049984 -0.294333 
0.741 0.459362 0.477592 0.450117 0.41168 0.443402 0.353803 0.437758 0.298234 0.433169 0.241694 0.430181 0.187382 0.428814 0.132231 
4.059 -0.122065 0.231051 -0.122575 0.171326 -0.123472 0.118164 -0.12461 0.0665424 -0.126116 0.0127547 -0.127868 -0.0399553 -0.129684 -0.0950849 
4.184 -0.245336 0.195439 -0.245153 0.136324 -0.246051 0.083378 -0.247525 0.0316051 -0.249797 -0.0224537 -0.252966 -0.075755 -0.256503 -0.131536 
4.379 -0.202191 0.0358718 -0.204578 -0.0221464 -0.207252 -0.0754655 -0.210778 -0.12855 -0.214834 -0.185258 -0.219259 -0.242229 -0.224336 -0.302647 
4.094 0.0142172 0.146131 0.0124569 0.08795 0.0111503 0.0354671 0.00978171 -0.0161843 0.0087124 -0.0705593 0.00776691 -0.124767 0.0071785 -0.18183 
3.752 -0.152883 0.433078 -0.151646 0.366738 -0.151325 0.308955 -0.150852 0.253653 -0.15092 0.197526 -0.151146 0.14393 -0.151589 0.0895803 
1.653 0.0464046 0.0461444 0.0450047 -0.0118522 0.0440519 -0.0651464 0.0434044 -0.11841 0.0428902 -0.17539 0.0426776 -0.232806 0.0429625 -0.293949 
1.376 0.212135 0.134488 0.210049 0.0759825 0.209218 0.0228076 0.208943 -0.0293793 0.209611 -0.084572 0.211171 -0.139464 0.213606 -0.197277 
4.289 -0.14672 0.0933982 -0.148225 0.0353809 -0.150068 -0.0170078 -0.152358 -0.0693007 -0.155166 -0.124518 -0.158341 -0.179839 -0.161684 -0.238432 
3.992 -0.174113 0.292686 -0.173533 0.23118 -0.173534 0.176898 -0.173929 0.124537 -0.174916 0.0705637 -0.176356 0.0182745 -0.177992 -0.0359501 
3.725 -0.105629 0.433078 -0.105326 0.366649 -0.105223 0.308819 -0.105412 0.253449 -0.105847 0.197306 -0.106455 0.143741 -0.107019 0.0894628 
0.732 0.481277 0.410478 0.473276 0.346829 0.467602 0.29052 0.46317 0.236391 0.460053 0.180681 0.458513 0.127066 0.458692 0.0721503 
3.854 -0.0392001 0.313231 -0.0405637 0.251059 -0.0418156 0.196343 -0.0430833 0.143703 -0.0444286 0.0896812 -0.0457155 0.037388 -0.0468475 -0.0165358 
1.636 0.180633 0.0427202 0.179903 -0.0157264 0.180154 -0.0693958 0.180883 -0.122863 0.182729 -0.180099 0.184963 -0.237454 0.188161 -0.298471 
4.227 -0.0371456 0.0208054 -0.0388794 -0.0369795 -0.0405213 -0.0904908 -0.0421384 -0.143654 -0.0439661 -0.2011 -0.0458467 -0.25853 -0.0474179 -0.319912 
4.312 -0.0433091 -0.0134365 -0.0451282 -0.0717141 -0.0468466 -0.125885 -0.0486135 -0.180179 -0.0506178 -0.238738 -0.0526042 -0.297486 -0.0544086 -0.360347 
4.246 -0.0871387 0.0954527 -0.0886827 0.037657 -0.0903074 -0.0148264 -0.0921771 -0.0666843 -0.0943523 -0.121852 -0.0967151 -0.176829 -0.0990354 -0.235165 
4.25 -0.162471 0.122846 -0.163657 0.0648308 -0.165378 0.0122062 -0.167481 -0.0395528 -0.170217 -0.0942757 -0.173414 -0.148814 -0.176782 -0.206345 
3.873 -0.0309821 0.283783 -0.0323464 0.222526 -0.0336227 0.168518 -0.0349545 0.116354 -0.0362928 0.0625652 -0.0376137 0.0102608 -0.03874 -0.0439154 
0.886 0.323079 0.265292 0.318957 0.205019 0.316567 0.151332 0.315088 0.0988936 0.314573 0.0445089 0.315277 -0.00870426 0.317403 -0.0643656 
3.975 -0.0994658 0.279674 -0.0999338 0.218436 -0.100617 0.164629 -0.101575 0.112357 -0.102785 0.0587453 -0.104206 0.0064219 -0.105599 -0.0478515 
4.238 -0.0960416 0.10641 -0.0975625 0.0485443 -0.0991356 -0.00397193 -0.100933 -0.0557464 -0.103154 -0.110598 -0.105486 -0.16534 -0.107873 -0.22328 
2.625 0.0142172 0.111889 0.0125656 0.053993 0.0112405 0.00144512 0.0100114 -0.050576 0.00894151 -0.105643 0.00803538 -0.160706 0.00754345 -0.21922 
4.301 -0.158362 0.0844953 -0.15991 0.0265543 -0.161975 -0.025917 -0.16434 -0.0786012 -0.167458 -0.133917 -0.170954 -0.189282 -0.17459 -0.248398 
4.418 -0.243282 0.0249144 -0.245854 -0.0332905 -0.249364 -0.08686 -0.253204 -0.140295 -0.257997 -0.197338 -0.263426 -0.254594 -0.269405 -0.315494 
1.56 0.139543 0.0557321 0.138526 -0.00244526 0.138299 -0.0558028 0.138237 -0.108852 0.139346 -0.16562 0.140602 -0.222537 0.14255 -0.282813 
1.498 0.0484591 0.102986 0.0468 0.0451016 0.0456991 -0.00763207 0.0447366 -0.0597373 0.0440521 -0.115128 0.0437207 -0.170543 0.04389 -0.229333 
1.683 0.0977674 0.0242296 0.096809 -0.0340362 0.0965067 -0.0877721 0.0964875 -0.141511 0.0970542 -0.199198 0.0978888 -0.257201 0.0993223 -0.319083 
4.102 -0.128914 0.205027 -0.129436 0.145909 -0.130452 0.093035 -0.13169 0.0415239 -0.13345 -0.0122755 -0.13552 -0.0652353 -0.13776 -0.120706 
4.387 -0.267251 0.043405 -0.269639 -0.0147354 -0.2728 -0.068093 -0.276605 -0.121174 -0.281425 -0.177721 -0.28691 -0.23428 -0.293062 -0.294395 
4.047 -0.176852 0.259814 -0.176585 0.199239 -0.176923 0.145535 -0.177681 0.0935521 -0.179026 0.0397253 -0.180882 -0.0127744 -0.182933 -0.067363 
4.25 -0.243282 0.1475 -0.243753 0.088981 -0.245208 0.0363 -0.247314 -0.015526 -0.250156 -0.0701122 -0.253916 -0.124027 -0.25803 -0.180879 
4.145 -0.0118066 0.0680592 -0.0133335 0.010222 -0.0147566 -0.0424924 -0.0161105 -0.0947718 -0.0174655 -0.150689 -0.0186903 -0.206742 -0.0193969 -0.266161 
4.062 -0.0933023 0.218039 -0.0941114 0.158524 -0.0951866 0.105469 -0.0964284 0.0539113 -0.0980338 0.000189347 -0.0997836 -0.0524885 -0.101531 -0.107556 
4.355 -0.248076 0.072853 -0.24981 0.01479 -0.252477 -0.0381274 -0.255677 -0.090727 -0.259844 -0.146543 -0.2645 -0.202328 -0.269684 -0.261395 
4.191 -0.0713875 0.131749 -0.0727685 0.0737538 -0.0742458 0.0213355 -0.0758018 -0.0303587 -0.0776834 -0.0848457 -0.0796322 -0.138987 -0.081539 -0.196278 
4.164 -0.12549 0.163936 -0.126451 0.105405 -0.127785 0.0528803 -0.129287 0.00134815 -0.131434 -0.0527188 -0.133823 -0.106269 -0.136297 -0.162641 
4.305 -0.184386 0.0892891 -0.185896 0.031453 -0.187975 -0.0211407 -0.190449 -0.0737885 -0.19371 -0.129132 -0.197458 -0.184434 -0.201426 -0.243122 
3.959 -0.12275 0.298849 -0.122781 0.237189 -0.123158 0.182841 -0.123819 0.130402 -0.124939 0.0764311 -0.126298 0.0240724 -0.127674 -0.0300023 
4.078 -0.135762 0.225572 -0.136133 0.165874 -0.13699 0.112696 -0.13811 0.0610421 -0.139716 0.00732096 -0.141623 -0.0453129 -0.143738 -0.100349 
4.426 -0.266566 0.0255992 -0.269247 -0.0326065 -0.272784 -0.0862163 -0.276806 -0.13964 -0.281925 -0.196637 -0.287658 -0.253787 -0.294139 -0.314624 
0.867 0.342254 0.252965 0.338257 0.192812 0.335971 0.139052 0.334697 0.0867053 0.334438 0.0321382 0.33543 -0.0213428 0.337997 -0.0771489 
1.668 0.153239 0.00984797 0.152774 -0.0487779 0.153065 -0.102957 0.154009 -0.157206 0.155483 -0.215449 0.157494 -0.274034 0.160552 -0.336764 
1.479 0.0306533 0.115998 0.0290065 0.0580213 0.0276958 0.00545124 0.0266778 -0.0465947 0.0256477 -0.101606 0.0249309 -0.156556 0.0248558 -0.21505 
1.616 0.156663 0.0420353 0.155797 -0.0163238 0.155809 -0.0698622 0.156385 -0.123315 0.157685 -0.180295 0.159372 -0.23767 0.161919 -0.298662 
3.883 -0.306972 0.387878 -0.303316 0.323563 -0.301098 0.267145 -0.299656 0.21307 -0.299086 0.157765 -0.299266 0.104634 -0.29996 0.050226 
3.914 0.0642104 -0.0552116 0.0634185 -0.114379 0.0630442 -0.16943 0.0630222 -0.224985 0.0631006 -0.284994 0.0635362 -0.345455 0.0646707 -0.410643 
4.266 -0.109054 0.0927133 -0.110583 0.0348074 -0.112364 -0.017766 -0.114369 -0.0699635 -0.1169 -0.12531 -0.119662 -0.180708 -0.122442 -0.239376 
4.008 -0.0665936 0.250226 -0.0676071 0.189892 -0.0687018 0.136375 -0.069886 0.0845936 -0.071312 0.030882 -0.0728344 -0.0215038 -0.0742301 -0.0760136 
4.371 -0.121381 0.0112176 -0.12355 -0.046826 -0.125875 -0.100473 -0.128563 -0.154073 -0.131777 -0.211576 -0.135186 -0.269339 -0.138607 -0.330893 
0.738 0.459362 0.374866 0.45233 0.312129 0.447408 0.256712 0.443747 0.203071 0.441275 0.14789 0.440507 0.0944327 0.441315 0.0395678 
1.427 0.0299685 0.148185 0.0281306 0.0899472 0.0267716 0.037404 0.0256383 -0.0142701 0.0246275 -0.0688269 0.0238446 -0.123065 0.0236264 -0.180323 
4.266 -0.0433091 0.0584714 -0.0449597 0.000810942 -0.0464998 -0.0520816 -0.0481443 -0.104572 -0.0498747 -0.160521 -0.0517155 -0.216837 -0.0532881 -0.276405 
4.34 -0.163841 0.0468292 -0.1658 -0.0110562 -0.168313 -0.0642351 -0.171176 -0.117061 -0.174654 -0.173516 -0.178604 -0.230184 -0.182566 -0.290225 
4.266 -0.12412 0.0947678 -0.125622 0.0369472 -0.127383 -0.0155576 -0.129514 -0.0679061 -0.132161 -0.123174 -0.135098 -0.178352 -0.138056 -0.236851 
0.813 0.375127 0.411848 0.367837 0.347563 0.362557 0.291026 0.358469 0.236689 0.355368 0.180986 0.353643 0.127389 0.353307 0.0725922 
4.016 -0.0426243 0.241323 -0.0439943 0.181238 -0.0452603 0.127949 -0.0466027 0.0761268 -0.0479613 0.0225282 -0.0493448 -0.0298781 -0.0506071 -0.0845399 
4.391 -0.252869 0.0399808 -0.25525 -0.0181922 -0.258422 -0.0715943 -0.262146 -0.124735 -0.26678 -0.181413 -0.272134 -0.238243 -0.277886 -0.298498 
3.975 -0.0419395 0.268717 -0.0433488 0.207817 -0.0445972 0.15406 -0.0459256 0.102034 -0.0472972 0.0484074 -0.0486235 -0.00391078 -0.0497638 -0.0582768 
4.27 -0.094672 0.0824408 -0.0962563 0.0246563 -0.0979791 -0.0279951 -0.099943 -0.0802569 -0.10228 -0.13583 -0.104736 -0.191551 -0.107225 -0.250553 
4.219 -0.0282427 0.0721682 -0.0299938 0.0143464 -0.031542 -0.038349 -0.0328904 -0.0906311 -0.0347255 -0.146502 -0.0362214 -0.202399 -0.0372923 -0.261635 
3.939 -0.0802904 0.296795 -0.0808827 0.235035 -0.0817121 0.180742 -0.0826083 0.128371 -0.0838684 0.0745088 -0.0852294 0.0221882 -0.086424 -0.0317769 
1.41 0.157348 0.124216 0.155276 0.0658227 0.1545 0.0129424 0.154118 -0.0390988 0.154509 -0.0942627 0.155422 -0.149203 0.157263 -0.207133 
4.148 -0.139186 0.176948 -0.139895 0.118212 -0.141134 0.0656009 -0.142605 0.0140639 -0.144734 -0.0398588 -0.147149 -0.0932296 -0.149682 -0.149252 
1.528 0.153239 0.064635 0.15204 0.00646357 0.151909 -0.0468051 0.152168 -0.0999415 0.153136 -0.156328 0.154613 -0.212974 0.156869 -0.273234 
4.051 -0.0768662 0.224202 -0.0771984 0.16464 -0.0784648 0.111684 -0.0798035 0.0600655 -0.0811575 0.00644727 -0.0827301 -0.046166 -0.0842192 -0.10119 
1.368 0.197069 0.135173 0.194954 0.0766415 0.194009 0.0236164 0.193771 -0.0285793 0.194233 -0.0837293 0.195554 -0.13854 0.197947 -0.196432 
1.344 0.139543 0.178318 0.137134 0.119534 0.135736 0.066909 0.134766 0.0148019 0.13436 -0.039517 0.134608 -0.0930662 0.135815 -0.150279 
4.359 -0.270675 0.0742227 -0.272326 0.0161298 -0.275249 -0.0368568 -0.27853 -0.0895027 -0.282913 -0.145316 -0.287869 -0.201041 -0.29368 -0.260026 
4.352 -0.183701 0.0454595 -0.185833 -0.012457 -0.188518 -0.0656267 -0.191546 -0.118563 -0.195365 -0.175088 -0.199555 -0.23169 -0.204076 -0.291765 
3.992 -0.0837146 0.264608 -0.0844236 0.203827 -0.0852943 0.150293 -0.0862915 0.0982427 -0.0876267 0.0447036 -0.0890852 -0.0076258 -0.0904909 -0.0621239 
0.723 0.57236 0.394727 0.564183 0.331906 0.558592 0.276202 0.554404 0.222279 0.55149 0.166935 0.550334 0.113463 0.551272 0.0581554 
4.191 -0.126174 0.15024 -0.127128 0.0919202 -0.128607 0.0394445 -0.1302 -0.0121439 -0.132425 -0.0664154 -0.134965 -0.120184 -0.137597 -0.176892 
0.714 0.566881 0.261183 0.562754 0.201152 0.560914 0.147171 0.560456 0.0946368 0.561728 0.0396722 0.564738 -0.0141704 0.569906 -0.0701586 
4.312 -0.0426243 0.00368443 -0.04444 -0.0544866 -0.0460891 -0.108364 -0.0478186 -0.161985 -0.0497439 -0.219562 -0.051677 -0.278032 -0.0533961 -0.339977 
4.066 -0.108369 0.221463 -0.109044 0.16184 -0.11003 0.10884 -0.111297 0.0572792 -0.112871 0.00357358 -0.114665 -0.0491363 -0.116432 -0.104187 
4.145 -0.113847 0.17147 -0.114874 0.112837 -0.116099 0.0603572 -0.117658 0.00879881 -0.119518 -0.0452221 -0.121749 -0.0986014 -0.123953 -0.154734 
3.471 -0.0172853 0.289947 -0.0190439 0.228588 -0.0205281 0.174456 -0.0218754 0.122173 -0.0233459 0.0684127 -0.0247016 0.0161202 -0.0256848 -0.0380115 
4.18 -0.139186 0.159827 -0.14007 0.101343 -0.141486 0.0488499 -0.14306 -0.00275206 -0.145343 -0.0568321 -0.147871 -0.110438 -0.150567 -0.166951 
1.45 0.159403 0.104356 0.157969 0.0460748 0.157417 -0.00694017 0.157147 -0.0592001 0.157959 -0.114985 0.159391 -0.170532 0.161368 -0.229097 
4.039 0.00120531 0.060526 -0.000573491 0.00275348 -0.00171039 -0.0500724 -0.00309883 -0.102439 -0.00440731 -0.15836 -0.00561205 -0.214465 -0.00656896 -0.273862 
4.199 -0.295329 0.174209 -0.295361 0.115268 -0.296435 0.0623531 -0.298154 0.0105042 -0.300902 -0.0438101 -0.30451 -0.0973396 -0.308656 -0.153415 
0.724 0.568936 0.354321 0.561943 0.292628 0.557563 0.237462 0.55468 0.184222 0.553121 0.129162 0.553399 0.0759376 0.555594 0.020617 
4.258 -0.185071 0.124216 -0.186099 0.0658166 -0.187835 0.0135165 -0.189959 -0.0387892 -0.192852 -0.0931853 -0.196226 -0.147832 -0.199838 -0.205235 
4.133 -0.0878236 0.176264 -0.0889632 0.117421 -0.090267 0.0651005 -0.0916871 0.0136822 -0.0934654 -0.0398583 -0.0953917 -0.0929605 -0.097276 -0.148685 
4.234 -0.176168 0.139282 -0.177134 0.0810241 -0.178563 0.0285005 -0.180503 -0.0232263 -0.183135 -0.077776 -0.186221 -0.131887 -0.189479 -0.189068 
3.846 0.0101082 0.0283386 0.00866914 -0.0297011 0.00748317 -0.0831556 0.00639786 -0.136484 0.00540003 -0.193749 0.00453081 -0.251321 0.00406455 -0.312661 
4.184 -0.252869 0.178318 -0.252898 0.11947 -0.253944 0.0667169 -0.255555 0.0149542 -0.258091 -0.0392702 -0.261425 -0.0928066 -0.265111 -0.148895 
1.364 0.0375017 0.192015 0.0355121 0.133233 0.0338701 0.0806604 0.0327332 0.0289044 0.0316332 -0.0249605 0.0307772 -0.0782902 0.030776 -0.134671 
1.337 0.14913 0.220778 0.146271 0.16125 0.144458 0.108079 0.143051 0.0561575 0.142236 0.00207223 0.142211 -0.0510154 0.143212 -0.106798 
1.425 0.0210656 0.161882 0.0192705 0.103522 0.0179074 0.0509406 0.0165658 -0.000554595 0.0154598 -0.0548977 0.0145279 -0.108646 0.0140041 -0.165468 
4.023 -0.188495 0.275565 -0.187824 0.214537 -0.187891 0.160649 -0.188364 0.108411 -0.1895 0.0543982 -0.19124 0.00196945 -0.193118 -0.0525606 
3.891 -0.322723 0.387878 -0.318913 0.323649 -0.316545 0.267284 -0.315009 0.213209 -0.314282 0.157911 -0.314414 0.104761 -0.315075 0.0503688 
4.094 -0.0166005 0.0269689 -0.018228 -0.030911 -0.0198513 -0.0844322 -0.0210716 -0.137735 -0.0227726 -0.195065 -0.0241748 -0.252363 -0.0252394 -0.313639 
4.078 -0.0200247 0.0125873 -0.0218381 -0.0453724 -0.0233704 -0.0989236 -0.0248014 -0.152353 -0.0264824 -0.209846 -0.0278778 -0.267577 -0.0290686 -0.329153 
