0.785 -0.0261882 0.433078 0.0329031 0.43021 0.0874196 0.430073 0.141017 0.430481 0.19727 0.431127 0.253703 0.434148 0.311132 0.438098 
4.234 -0.118641 -0.299699 -0.0601247 -0.298581 -0.00651152 -0.297321 0.0459888 -0.297934 0.100434 -0.300305 0.155066 -0.302857 0.210452 -0.306512 
4.25 -0.107684 -0.31545 -0.0492358 -0.314519 0.00437712 -0.31354 0.0569166 -0.314363 0.111423 -0.317082 0.166198 -0.320033 0.221714 -0.324125 
4.051 -0.200137 -0.14698 -0.140049 -0.145738 -0.0856657 -0.144041 -0.0332487 -0.143675 0.0206479 -0.144533 0.0741855 -0.145292 0.128087 -0.146775 
4.07 -0.174113 -0.0901383 -0.114534 -0.0897466 -0.0606112 -0.0886579 -0.0083598 -0.0887731 0.0455253 -0.0899475 0.099198 -0.0908726 0.15337 -0.092283 
4.152 -0.169319 -0.306547 -0.110028 -0.304316 -0.0560065 -0.302095 -0.00345972 -0.301685 0.0506806 -0.303066 0.104678 -0.304712 0.159091 -0.307473 
4.273 -0.00358855 -0.0271333 0.0540632 -0.0281589 0.107755 -0.0281414 0.161147 -0.0290196 0.217706 -0.0308606 0.213991 -0.01867 0.271124 -0.0197562 
4.34 -0.0063279 -0.157937 0.0513781 -0.159054 0.10514 -0.159612 0.158577 -0.161515 0.214939 -0.164832 0.272179 -0.167861 0.330951 -0.171522 
4.039 -0.178222 -0.0387755 -0.118555 -0.0389695 -0.0645837 -0.038306 -0.0122994 -0.0384888 0.0415556 -0.0396274 0.095201 -0.0402166 0.149276 -0.0411635 
4.23 -0.0433091 -0.0291878 0.0143637 -0.0301076 0.0677147 -0.029998 0.120497 -0.0307163 0.176102 -0.0324097 0.232501 -0.0335058 0.290225 -0.0348527 
4.129 -0.115902 -0.036721 -0.0574765 -0.0373072 -0.00414009 -0.0368678 0.047964 -0.0373668 0.102218 -0.0387677 0.156764 -0.0395904 0.212208 -0.0407518 
4.191 -0.141926 -0.31545 -0.0830234 -0.313819 -0.0291992 -0.312157 0.0232877 -0.312364 0.0775471 -0.314341 0.131808 -0.316602 0.186641 -0.319939 
4.176 -0.152883 -0.305862 -0.0938614 -0.303951 -0.0399977 -0.302092 0.0124726 -0.302028 0.0666836 -0.303692 0.120851 -0.305665 0.17553 -0.30877 
4.184 -0.14535 -0.292165 -0.0864269 -0.290551 -0.0325887 -0.28891 0.0198477 -0.289036 0.0740776 -0.290905 0.128285 -0.29298 0.183092 -0.2961 
4.211 -0.130968 -0.344213 -0.0722446 -0.342639 -0.0184686 -0.341087 0.0340038 -0.341473 0.0883696 -0.343785 0.142776 -0.346397 0.197849 -0.350224 
4.156 -0.138502 -0.16684 -0.079726 -0.166133 -0.0260938 -0.165033 0.0260937 -0.165335 0.0801803 -0.16706 0.134464 -0.168633 0.1894 -0.170981 
4 -0.2289 -0.141501 -0.16807 -0.140015 -0.113219 -0.138048 -0.0603827 -0.13741 -0.00643185 -0.137976 0.0469728 -0.138378 0.100495 -0.139517 
4.129 -0.184386 -0.300384 -0.1248 -0.297922 -0.0705951 -0.295465 -0.0179884 -0.294848 0.0361213 -0.29593 0.0899925 -0.297272 0.144223 -0.299709 
4.145 -0.172743 -0.325723 -0.113357 -0.323276 -0.0592658 -0.320929 -0.00666693 -0.320455 0.0474732 -0.321804 0.101459 -0.323474 0.155846 -0.326302 
4.18 -0.151513 -0.348322 -0.0925052 -0.346236 -0.0386129 -0.344188 0.0138863 -0.344112 0.0681143 -0.34588 0.122331 -0.348046 0.177068 -0.351361 
1.359 0.188851 0.166676 0.250158 0.167394 0.308094 0.169743 0.366846 0.171822 0.429898 0.173387 0.495196 0.176225 0.562845 0.179921 
4.203 -0.139186 -0.372976 -0.0804026 -0.371042 -0.0265808 -0.369159 0.0259121 -0.369316 0.0802532 -0.371534 0.134568 -0.374062 0.189572 -0.377955 
4.18 -0.150829 -0.38051 -0.0918182 -0.378202 -0.0379305 -0.376054 0.014617 -0.375989 0.0688431 -0.377875 0.123028 -0.380207 0.1778 -0.383855 
4.266 -0.0974113 -0.289426 -0.0390847 -0.288768 0.0144987 -0.287973 0.0670218 -0.288931 0.121667 -0.291664 0.176588 -0.294574 0.232344 -0.298552 
4.219 -0.128229 -0.322983 -0.0695286 -0.32159 -0.0157799 -0.32016 0.0366954 -0.320672 0.091044 -0.322982 0.145468 -0.325557 0.200567 -0.3293 
4.094 -0.159732 -0.0969867 -0.100616 -0.0967106 -0.0469307 -0.0957332 0.00518706 -0.0958661 0.059161 -0.0971257 0.112994 -0.098105 0.167504 -0.0995531 
3.375 -0.258348 0.0755924 -0.196062 0.0738519 -0.140254 0.0735123 -0.0869284 0.0726655 -0.0324663 0.0714033 0.0209614 0.0710281 0.0742249 0.0708017 
2.082 -0.324093 0.248856 -0.25947 0.243574 -0.201825 0.240668 -0.146804 0.237761 -0.0909623 0.23481 -0.0365941 0.233337 0.0170151 0.232582 
4.234 -0.117956 -0.338734 -0.0594341 -0.337436 -0.005767 -0.336139 0.0467504 -0.336768 0.101225 -0.339272 0.155858 -0.34211 0.211242 -0.346164 
0.861 -0.0255034 0.391303 0.0334165 0.388785 0.0878794 0.388883 0.141446 0.389488 0.197688 0.390289 0.254249 0.393242 0.311841 0.397134 
3.977 -0.243967 -0.146295 -0.182573 -0.144549 -0.127288 -0.142407 -0.0742544 -0.141531 -0.0201284 -0.141911 0.0332113 -0.142172 0.0865708 -0.14322 
0.804 -0.311081 0.396781 -0.245703 0.387738 -0.187547 0.381956 -0.132099 0.376845 -0.075811 0.372066 -0.0211229 0.369304 0.0330026 0.367389 
4.176 -0.150829 -0.331201 -0.0918581 -0.329228 -0.0379748 -0.327287 0.0145217 -0.327238 0.0687453 -0.328978 0.122952 -0.331085 0.177726 -0.334312 
4.207 -0.129599 -0.307917 -0.0708976 -0.306566 -0.017179 -0.305129 0.0352786 -0.305551 0.0896615 -0.307786 0.144072 -0.310239 0.199188 -0.313796 
4.094 -0.178222 -0.16684 -0.118626 -0.165624 -0.0647568 -0.164028 -0.0123747 -0.163853 0.0415342 -0.16504 0.09526 -0.16611 0.149494 -0.167965 
4.031 -0.217258 -0.167525 -0.156727 -0.165866 -0.102062 -0.163797 -0.0494511 -0.163119 0.0044934 -0.163828 0.0579989 -0.164374 0.111706 -0.165767 
0.935 -0.287111 0.346103 -0.222828 0.338878 -0.165405 0.334581 -0.110494 0.330663 -0.0546197 0.326967 -8.07627e-05 0.325123 0.0538375 0.324103 
4.129 -0.183016 -0.31545 -0.123433 -0.312904 -0.0692478 -0.310408 -0.0166263 -0.309778 0.037498 -0.310911 0.0914015 -0.31231 0.145619 -0.314866 
4.152 -0.167265 -0.365443 -0.108014 -0.362859 -0.0539526 -0.360389 -0.00136688 -0.359988 0.0528128 -0.361494 0.106859 -0.363333 0.161322 -0.366475 
4.227 -0.0802904 -0.142186 -0.0222693 -0.142403 0.0310841 -0.142096 0.0835075 -0.143115 0.138313 -0.145431 0.193571 -0.147491 0.249942 -0.150201 
4.281 -0.0542665 -0.163416 0.0034753 -0.163934 0.0569155 -0.163919 0.109701 -0.165278 0.164937 -0.168085 0.22092 -0.170664 0.278038 -0.173885 
4.184 -0.111793 -0.143556 -0.0533479 -0.143424 4.35063e-05 -0.142679 0.0522144 -0.143356 0.10646 -0.145264 0.161207 -0.14701 0.216951 -0.149414 
4.129 -0.185755 -0.33531 -0.126128 -0.332527 -0.0718935 -0.329893 -0.019237 -0.329103 0.0348928 -0.330184 0.088786 -0.331568 0.142989 -0.334145 
4.152 -0.167265 -0.348322 -0.107991 -0.345852 -0.0539618 -0.343499 -0.00139138 -0.343114 0.0527777 -0.344588 0.106829 -0.346406 0.161283 -0.349402 
4.203 -0.0645391 -0.032612 -0.0068246 -0.0333498 0.0464536 -0.0331552 0.0989697 -0.0337926 0.154126 -0.0354392 0.21 -0.0364726 0.267096 -0.0378566 
4.25 -0.104945 -0.301068 -0.0465164 -0.300232 0.00703287 -0.299322 0.0595846 -0.300166 0.114133 -0.302866 0.168943 -0.305787 0.224601 -0.309799 
4.109 -0.196713 -0.317504 -0.136767 -0.314709 -0.0823739 -0.312005 -0.0296492 -0.311127 0.0244645 -0.312087 0.0782892 -0.313278 0.132283 -0.315633 
4.105 -0.129599 -0.0360362 -0.071115 -0.0364501 -0.0177548 -0.0360031 0.034379 -0.0363688 0.088607 -0.0376926 0.143001 -0.0384325 0.19824 -0.0394817 
0.853 -0.0933023 0.386509 -0.0336393 0.382432 0.0207702 0.381095 0.0740888 0.38022 0.129496 0.379699 0.184863 0.381133 0.240772 0.383514 
4.16 -0.162471 -0.293535 -0.103238 -0.291591 -0.0492906 -0.2896 0.00322271 -0.289383 0.0573621 -0.290915 0.111431 -0.292654 0.165904 -0.295493 
3.992 -0.243282 -0.173004 -0.181984 -0.170921 -0.126832 -0.168508 -0.0737257 -0.167537 -0.0195667 -0.167819 0.0338444 -0.168068 0.0872574 -0.169187 
3.977 0.131324 0.0105328 0.191131 0.00938195 0.247757 0.00943039 0.304917 0.00875203 0.366008 0.00716191 0.428926 0.00641843 0.49444 0.0055251 
1.379 0.000520477 0.239269 0.0589685 0.238109 0.113172 0.238985 0.166983 0.239882 0.223664 0.240734 0.281098 0.243031 0.339869 0.245865 
4.09 -0.172743 -0.143556 -0.113185 -0.142623 -0.0593701 -0.141207 -0.00711774 -0.14114 0.0468627 -0.142411 0.100655 -0.14345 0.154869 -0.145215 
1.95 -0.263827 0.194754 -0.201238 0.19094 -0.145138 0.189199 -0.0914543 0.187236 -0.0365895 0.18537 0.0171467 0.18466 0.0707147 0.184517 
4.168 -0.164525 -0.395576 -0.105233 -0.392874 -0.051155 -0.390358 0.0014429 -0.390005 0.055633 -0.391673 0.109707 -0.393766 0.164194 -0.397251 
4.125 -0.14672 -0.138762 -0.0879061 -0.138186 -0.034271 -0.13707 0.0178765 -0.137271 0.0718891 -0.138766 0.125986 -0.140128 0.180814 -0.142117 
1.066 -0.332311 0.303643 -0.266657 0.296712 -0.208271 0.29252 -0.152726 0.288564 -0.0964495 0.284724 -0.0417439 0.282532 0.0121354 0.281135 
4.129 -0.180962 -0.363389 -0.121384 -0.360531 -0.0671471 -0.35785 -0.0144921 -0.357232 0.0396161 -0.35846 0.093557 -0.360071 0.147811 -0.362949 
4.066 -0.181646 -0.108629 -0.121906 -0.107913 -0.0678955 -0.106685 -0.0155756 -0.106697 0.0383308 -0.107847 0.0919471 -0.108799 0.145954 -0.11024 
3.441 0.0820162 0.0680592 0.140635 0.0673099 0.195915 0.0679538 0.25137 0.068145 0.310372 0.0675375 0.370578 0.0678946 0.432847 0.0684387 
4.125 -0.159047 -0.167525 -0.0999036 -0.166539 -0.0462386 -0.165175 0.00614171 -0.165229 0.060167 -0.166642 0.114086 -0.167958 0.168631 -0.170067 
4.18 -0.152198 -0.365443 -0.0931924 -0.363169 -0.0392856 -0.361052 0.0132197 -0.360946 0.0674632 -0.362751 0.121662 -0.364951 0.176425 -0.368418 
3.922 0.147076 0.0105328 0.207279 0.00937697 0.264459 0.00938717 0.322124 0.00872817 0.38384 0.00709231 0.447552 0.0062929 0.513926 0.00540843 
3.447 0.10941 0.0680592 0.16867 0.0676564 0.224486 0.068173 0.280742 0.068385 0.340709 0.0678892 0.40209 0.0682541 0.465833 0.0689981 
4.211 -0.130968 -0.290796 -0.0722986 -0.289508 -0.018588 -0.288098 0.0338469 -0.288461 0.0882029 -0.290606 0.1426 -0.292941 0.197722 -0.296334 
4.109 -0.198082 -0.352431 -0.138136 -0.349309 -0.0837427 -0.346347 -0.030925 -0.345378 0.023135 -0.346274 0.0769953 -0.3475 0.131008 -0.350001 
4.32 -0.0309821 -0.162731 0.0266257 -0.163646 0.0802053 -0.163873 0.133231 -0.165522 0.189121 -0.168631 0.245601 -0.171451 0.303449 -0.174949 
1.166 -0.322723 0.278989 -0.257915 0.272919 -0.200272 0.269475 -0.145107 0.266036 -0.0891547 0.262697 -0.0347465 0.260934 0.0189605 0.25986 
4.105 -0.200137 -0.299699 -0.140178 -0.29703 -0.0857497 -0.294361 -0.033042 -0.293502 0.0210691 -0.294366 0.0748526 -0.29548 0.12886 -0.297697 
4.133 -0.180962 -0.38051 -0.121352 -0.377469 -0.067107 -0.374682 -0.0144283 -0.374003 0.0396953 -0.375254 0.0936414 -0.376883 0.14789 -0.379939 
4.156 -0.165895 -0.38051 -0.106607 -0.377852 -0.05257 -0.375396 3.35998e-05 -0.375015 0.0541916 -0.376596 0.108258 -0.378569 0.162719 -0.381934 
1.394 0.00873853 0.222832 0.0671028 0.221775 0.121355 0.222724 0.175325 0.223676 0.232146 0.224421 0.289851 0.226658 0.348912 0.229365 
4.207 -0.136447 -0.392152 -0.0776693 -0.390123 -0.0238448 -0.388231 0.0286532 -0.38843 0.083 -0.390701 0.137354 -0.393351 0.192424 -0.397408 
4.242 -0.0823449 -0.170264 -0.02426 -0.170313 0.0289994 -0.169944 0.08148 -0.170979 0.136236 -0.173456 0.191533 -0.175775 0.247769 -0.178807 
1.851 -0.315875 0.219408 -0.251447 0.21475 -0.193984 0.21225 -0.139159 0.209691 -0.0835081 0.207067 -0.0294175 0.20588 0.0240384 0.205278 
4.105 -0.151513 -0.109999 -0.0926474 -0.109709 -0.0389746 -0.108721 0.0131228 -0.108901 0.0671621 -0.110257 0.121136 -0.111404 0.175798 -0.113065 
1.463 -0.2515 0.285153 -0.189042 0.279907 -0.132924 0.277069 -0.0791363 0.274379 -0.024023 0.271757 0.0299593 0.270813 0.0837663 0.270496 
1.649 0.133379 0.169415 0.193251 0.169713 0.249921 0.171682 0.306839 0.173281 0.367725 0.174573 0.430231 0.177274 0.495118 0.180406 
4.102 -0.201507 -0.33531 -0.141569 -0.332261 -0.0871142 -0.329418 -0.0343831 -0.328411 0.0197564 -0.329297 0.0735602 -0.330449 0.127574 -0.332832 
4.109 -0.200137 -0.367498 -0.140177 -0.364191 -0.0857333 -0.361084 -0.0329087 -0.360071 0.0211482 -0.36089 0.0750224 -0.36214 0.129039 -0.364672 
0.788 -0.299438 0.435132 -0.234527 0.425601 -0.176483 0.419332 -0.121199 0.413961 -0.0648157 0.408887 -0.0100351 0.406058 0.0440941 0.404272 
0.854 -0.069333 0.383085 -0.00996192 0.379492 0.0444536 0.378582 0.0977821 0.378186 0.153458 0.378077 0.209136 0.379976 0.265621 0.382764 
4.066 -0.187125 -0.142186 -0.12724 -0.14109 -0.0730837 -0.139553 -0.0207226 -0.139322 0.0331695 -0.140404 0.0868081 -0.141312 0.140742 -0.142891 
4.113 -0.199452 -0.387358 -0.139494 -0.383835 -0.0850028 -0.380639 -0.0321989 -0.379527 0.0219342 -0.380345 0.0757835 -0.381656 0.129834 -0.384293 
4.211 -0.0665936 -0.0586358 -0.00890992 -0.0593446 0.0443549 -0.0591351 0.0968473 -0.0598795 0.151989 -0.0616987 0.207763 -0.0630175 0.264767 -0.0646877 
4.133 -0.181646 -0.39763 -0.122081 -0.394479 -0.0677825 -0.391589 -0.0151218 -0.39083 0.0390273 -0.392088 0.0929558 -0.393768 0.147202 -0.396802 
1.393 -0.0576907 0.0797014 0.000277205 0.0784821 0.0537133 0.0786986 0.106411 0.0784641 0.161717 0.0776772 0.217662 0.0778659 0.274647 0.0780743 
3.969 -0.262457 -0.174373 -0.200681 -0.172111 -0.145068 -0.169491 -0.0917828 -0.168303 -0.0374485 -0.168379 0.0159834 -0.168441 0.0692524 -0.169313 
1.661 0.0847555 0.123531 0.143516 0.1231 0.198872 0.124288 0.254459 0.125099 0.313504 0.125321 0.37392 0.126777 0.436306 0.128595 
0.951 -0.366553 0.333776 -0.299162 0.325549 -0.239482 0.320279 -0.183055 0.315259 -0.125899 0.310536 -0.0705663 0.307668 -0.0163031 0.305518 
4.254 -0.104945 -0.331201 -0.0465125 -0.330239 0.00705829 -0.32926 0.0596215 -0.330137 0.114204 -0.332897 0.169033 -0.33599 0.224692 -0.340253 
1.378 0.00394467 0.255705 0.0624165 0.254563 0.116752 0.255582 0.170643 0.256651 0.227447 0.257573 0.284988 0.260123 0.343873 0.263315 
4.184 -0.119326 -0.172319 -0.0608519 -0.171873 -0.00739608 -0.170988 0.0448647 -0.171498 0.0991746 -0.173508 0.15366 -0.175349 0.209086 -0.177975 
1.186 -0.302178 0.267347 -0.238173 0.261863 -0.180882 0.258594 -0.126215 0.255592 -0.0704752 0.252478 -0.0162357 0.251039 0.0374051 0.250334 
3.93 -0.279578 -0.16958 -0.217219 -0.1672 -0.161181 -0.164444 -0.107521 -0.163114 -0.0530887 -0.163036 0.000399844 -0.162969 0.0536214 -0.163667 
4.227 -0.0727572 -0.105205 -0.0151015 -0.105577 0.0382402 -0.105404 0.090646 -0.106272 0.145621 -0.108362 0.201304 -0.110245 0.25814 -0.112486 
3.982 -0.2289 -0.0867141 -0.167932 -0.0859705 -0.112979 -0.084567 -0.0602454 -0.0843196 -0.00629814 -0.085066 0.0469806 -0.0854929 0.100429 -0.0863993 
4.152 -0.130968 -0.143556 -0.0723279 -0.143158 -0.01882 -0.142282 0.0333556 -0.142676 0.0875082 -0.144403 0.141887 -0.145959 0.196905 -0.148175 
4.242 -0.0672785 -0.136022 -0.00941757 -0.136387 0.0438794 -0.136207 0.0963755 -0.137243 0.151389 -0.139677 0.207061 -0.14183 0.26379 -0.144575 
4.109 -0.157677 -0.12712 -0.0986632 -0.126488 -0.0449188 -0.125345 0.00722782 -0.125414 0.0612434 -0.126788 0.115189 -0.127957 0.16979 -0.129704 
4.137 -0.129599 -0.107259 -0.0710926 -0.107086 -0.017695 -0.106318 0.0344524 -0.106633 0.0886723 -0.108185 0.14311 -0.109502 0.19837 -0.111346 
0.875 -0.0850842 0.372127 -0.025602 0.368299 0.0288203 0.367171 0.082011 0.366499 0.137508 0.366078 0.192909 0.367645 0.24903 0.370087 
4.223 -0.103575 -0.183961 -0.0452918 -0.183719 0.00810845 -0.183031 0.0604153 -0.183815 0.114941 -0.186086 0.169784 -0.188261 0.225463 -0.191086 
4.105 -0.201507 -0.402424 -0.141542 -0.398716 -0.0870517 -0.395401 -0.0342487 -0.394187 0.0198785 -0.394989 0.0737151 -0.39625 0.127745 -0.398865 
0.986 -0.343953 0.328982 -0.277773 0.321139 -0.219055 0.316274 -0.163212 0.311799 -0.106601 0.307493 -0.0517513 0.30497 0.00230831 0.303191 
4.258 -0.0255034 -0.0339816 0.0321 -0.0349406 0.0855726 -0.0348898 0.138589 -0.0356875 0.194648 -0.037524 0.251528 -0.0386993 0.309802 -0.040203 
1.77 0.0655801 0.0735379 0.123993 0.0727975 0.178732 0.0733703 0.233662 0.0735384 0.291949 0.0729294 0.351427 0.073323 0.412711 0.0739213 
0.859 -0.409697 0.353636 -0.340426 0.344073 -0.279346 0.337653 -0.221679 0.331764 -0.163597 0.326181 -0.107679 0.322379 -0.0529941 0.31942 
1.118 -0.335735 0.288577 -0.270313 0.282108 -0.212119 0.278204 -0.156609 0.274532 -0.100313 0.270929 -0.0457166 0.268942 0.00812755 0.26767 
3.875 -0.241227 0.013957 -0.179879 0.0130304 -0.124732 0.0133435 -0.0718633 0.0130589 -0.0177226 0.0119969 0.0355749 0.0117768 0.0889098 0.0115173 
3.973 -0.226161 -0.0476784 -0.165 -0.0474985 -0.110242 -0.0465513 -0.0576869 -0.0464992 -0.00374095 -0.0473119 0.0494676 -0.0476794 0.103056 -0.048457 
4.203 -0.137817 -0.357225 -0.0790536 -0.35536 -0.0252536 -0.35356 0.0272572 -0.353742 0.0815564 -0.355925 0.135904 -0.358412 0.190891 -0.362189 
3.99 0.10941 0.00847829 0.168679 0.0073368 0.224779 0.00738691 0.281258 0.00672101 0.341471 0.00513912 0.403359 0.00438532 0.467505 0.00343154 
3.994 -0.23164 -0.120956 -0.170417 -0.119717 -0.115529 -0.117943 -0.0627396 -0.117411 -0.00866406 -0.118046 0.0446954 -0.118492 0.0980785 -0.119529 
0.911 -0.406273 0.339255 -0.337184 0.330245 -0.276242 0.324338 -0.218663 0.318867 -0.160706 0.313603 -0.104765 0.310035 -0.0502631 0.307294 
1.535 0.0244898 0.089974 0.0824424 0.0889399 0.136553 0.0896273 0.190568 0.089683 0.247749 0.0893016 0.305909 0.0897797 0.365538 0.0904153 
4.277 -0.0398849 -0.118902 0.0179343 -0.119709 0.0712804 -0.119828 0.12412 -0.12113 0.179769 -0.12372 0.236178 -0.125979 0.29374 -0.128726 
1.49 -0.259718 0.268717 -0.197029 0.263415 -0.140736 0.260584 -0.0866651 0.258028 -0.0314319 0.255506 0.0226197 0.254585 0.0764214 0.254351 
3.016 0.00257499 0.043405 0.0603441 0.0423786 0.114111 0.0427353 0.167783 0.042464 0.224646 0.0416892 0.282384 0.0415012 0.341635 0.0412951 
4.184 -0.150144 -0.39763 -0.0911693 -0.395276 -0.0372327 -0.393093 0.0153056 -0.392987 0.0695312 -0.394999 0.123734 -0.397376 0.178471 -0.401168 
0.89 -0.389152 0.342679 -0.32073 0.333714 -0.260262 0.327788 -0.203073 0.322329 -0.145345 0.317077 -0.0896894 0.313546 -0.0352165 0.31094 
1.667 0.0888645 0.141337 0.147757 0.141159 0.203315 0.142491 0.259009 0.143538 0.318156 0.144007 0.37875 0.145732 0.44136 0.147839 
4.203 -0.0898781 -0.116847 -0.0318914 -0.117021 0.0214023 -0.116677 0.0736889 -0.117366 0.12827 -0.119411 0.183392 -0.121148 0.239386 -0.123454 
1.47 0.0224353 0.109834 0.0804522 0.108973 0.134558 0.109674 0.188497 0.110066 0.245548 0.109939 0.303512 0.110944 0.362938 0.112046 
4.297 -0.0248185 -0.117532 0.0328391 -0.118437 0.0863889 -0.118665 0.139407 -0.120054 0.195377 -0.122738 0.252272 -0.125076 0.310316 -0.127933 
4.242 -0.104945 -0.268196 -0.0465721 -0.267525 0.00698108 -0.266605 0.0594545 -0.267475 0.11402 -0.270079 0.168854 -0.27272 0.224535 -0.276616 
1.36 -0.0111218 0.261868 0.0473492 0.260525 0.101664 0.261256 0.155333 0.262129 0.211849 0.262904 0.26893 0.265341 0.327374 0.268346 
3.939 -0.279578 -0.183276 -0.217208 -0.180666 -0.161151 -0.177724 -0.107524 -0.176255 -0.0530193 -0.17612 0.000514708 -0.175992 0.0537367 -0.176752 
1.629 -0.264512 0.17147 -0.201669 0.167987 -0.14528 0.166422 -0.091503 0.164643 -0.0364247 0.162854 0.0173553 0.162244 0.0709335 0.161986 
0.875 -0.436406 0.347473 -0.365881 0.33767 -0.303685 0.331033 -0.24508 0.324819 -0.186225 0.319054 -0.129779 0.314963 -0.0748078 0.311622 
4.223 -0.122065 -0.260663 -0.0634359 -0.259713 -0.00978218 -0.258571 0.0426473 -0.259132 0.0970624 -0.261486 0.151663 -0.263874 0.206899 -0.267325 
4.137 -0.117272 -0.0593206 -0.0588173 -0.0596501 -0.00547766 -0.0591319 0.0466198 -0.0596884 0.100858 -0.0611719 0.155363 -0.0622223 0.210733 -0.0637043 
4.285 -0.022764 -0.091508 0.0347842 -0.0924796 0.0883052 -0.0926229 0.141452 -0.0938794 0.197489 -0.0963173 0.254266 -0.0983286 0.312552 -0.100729 
1.116 -0.310396 0.287892 -0.246047 0.281755 -0.188601 0.278209 -0.133663 0.274823 -0.0778346 0.271427 -0.0233697 0.26979 0.0303227 0.26887 
1.748 0.103931 0.0927133 0.162966 0.0921724 0.218728 0.093158 0.274795 0.0937559 0.334493 0.0936199 0.395753 0.0944991 0.458977 0.0956749 
1.474 0.0368169 0.244062 0.0953996 0.243546 0.149987 0.244818 0.204424 0.246206 0.261904 0.247309 0.320486 0.250238 0.380486 0.253614 
4.078 -0.158362 -0.0682235 -0.0993585 -0.0682504 -0.0456639 -0.0674277 0.00649956 -0.0676386 0.0605722 -0.0688314 0.114546 -0.069625 0.169218 -0.0708189 
1.689 0.101192 0.159143 0.160443 0.159146 0.216305 0.160726 0.272391 0.162031 0.332053 0.162856 0.39325 0.16507 0.456579 0.167662 
4.012 -0.217258 -0.120271 -0.157009 -0.119182 -0.102363 -0.117488 -0.0495788 -0.117077 0.00414793 -0.11781 0.057676 -0.118316 0.111243 -0.119446 
0.852 -0.043994 0.389933 0.0151 0.386981 0.069424 0.38646 0.122876 0.386529 0.178902 0.386902 0.23507 0.389377 0.292193 0.392731 
1.385 -0.151513 0.223517 -0.091702 0.220298 -0.0374175 0.219212 0.0153797 0.21826 0.0700466 0.217147 0.124185 0.217599 0.179055 0.21856 
3.771 -0.361759 -0.12438 -0.296378 -0.121979 -0.238081 -0.119202 -0.182688 -0.11758 -0.126884 -0.116902 -0.0727101 -0.116171 -0.0194553 -0.116012 
3.701 -0.378195 -0.0305575 -0.311954 -0.0301391 -0.253062 -0.0288512 -0.19713 -0.028371 -0.140902 -0.0287284 -0.0865771 -0.0285632 -0.0332438 -0.0287657 
3.826 -0.338474 -0.155198 -0.274034 -0.15239 -0.216324 -0.149274 -0.161429 -0.147373 -0.106039 -0.146695 -0.0520899 -0.145908 0.00105291 -0.145892 
3.729 -0.371346 -0.070278 -0.305515 -0.0689276 -0.246798 -0.0669633 -0.191056 -0.0659252 -0.134974 -0.0657268 -0.0806777 -0.0653811 -0.0273518 -0.065333 
0.749 -0.0323517 0.453623 0.026819 0.450261 0.0813797 0.449835 0.134993 0.449993 0.19121 0.450506 0.247589 0.453291 0.304927 0.457199 
0.906 -0.337105 0.360485 -0.270879 0.351936 -0.212028 0.346504 -0.156088 0.341578 -0.099418 0.336898 -0.0443875 0.334097 0.0098149 0.332225 
4.203 -0.122065 -0.190125 -0.0635214 -0.189593 -0.0100499 -0.188694 0.0422469 -0.189285 0.0965591 -0.191342 0.15111 -0.193427 0.206346 -0.196177 
1.296 -0.277524 0.270086 -0.214405 0.264755 -0.157755 0.261878 -0.103609 0.259043 -0.0482047 0.25638 0.0058627 0.255222 0.0596564 0.25487 
1.608 0.0737981 0.179688 0.132546 0.179394 0.187826 0.180883 0.243037 0.182125 0.301753 0.182986 0.361707 0.1853 0.423557 0.187957 
0.785 -0.31245 0.441981 -0.247152 0.432212 -0.188911 0.425819 -0.133526 0.420209 -0.0770823 0.415012 -0.022366 0.412 0.0317522 0.410017 
3.725 -0.363813 -0.0353513 -0.298231 -0.0349581 -0.239676 -0.033644 -0.184081 -0.0332647 -0.128113 -0.0335422 -0.074018 -0.0334608 -0.0207506 -0.033608 
4.383 0.0354472 -0.123695 0.0934279 -0.125217 0.147711 -0.126222 0.202017 -0.128239 0.259497 -0.131616 0.318041 -0.134571 0.378356 -0.138119 
3.934 -0.205616 0.013957 -0.145225 0.0131799 -0.0907433 0.013521 -0.0382194 0.0132556 0.0157411 0.0121904 0.0691493 0.0118815 0.122866 0.0114058 
0.747 -0.0152308 0.453623 0.0438875 0.450761 0.0984863 0.450913 0.152222 0.451406 0.208703 0.452541 0.265415 0.455666 0.323156 0.459951 
1.417 0.00805369 0.107095 0.0659567 0.106093 0.119966 0.106771 0.173609 0.106939 0.23047 0.106807 0.288203 0.107664 0.347222 0.108639 
3.754 -0.370662 -0.101781 -0.304841 -0.100056 -0.246213 -0.0974832 -0.190518 -0.0960282 -0.134451 -0.0955885 -0.0801217 -0.0949762 -0.0268102 -0.094939 
3.738 -0.35628 -0.0545268 -0.290946 -0.0535587 -0.232602 -0.0520406 -0.177211 -0.0512446 -0.121489 -0.0514143 -0.0673298 -0.0511092 -0.0141403 -0.0512529 
1.63 0.0779071 0.162567 0.136616 0.162298 0.191878 0.163751 0.24717 0.164939 0.305909 0.165745 0.365935 0.167864 0.427857 0.170337 
4.012 0.0306533 0.0132722 0.0887218 0.0122346 0.142957 0.0123645 0.197148 0.0118715 0.254789 0.0104604 0.313594 0.0099087 0.373806 0.00919657 
4.266 -0.0378304 -0.0921929 0.0198493 -0.0930665 0.0731731 -0.0931435 0.12593 -0.0942898 0.181661 -0.0966341 0.238035 -0.0985679 0.295635 -0.10093 
0.785 -0.382304 0.400205 -0.314088 0.389707 -0.25362 0.382608 -0.196488 0.376213 -0.138813 0.370079 -0.0830464 0.366096 -0.0284623 0.363082 
4.008 -0.205616 -0.0469936 -0.145404 -0.046924 -0.0910692 -0.0460444 -0.0385873 -0.0460851 0.0151304 -0.0469934 0.0685644 -0.0474814 0.122228 -0.0482971 
4.387 0.0347624 -0.146295 0.0927741 -0.147941 0.147063 -0.148958 0.201357 -0.151241 0.258786 -0.154859 0.317287 -0.158106 0.377562 -0.162089 
3.852 -0.339844 -0.199712 -0.275543 -0.196215 -0.218037 -0.192357 -0.163225 -0.19012 -0.107782 -0.189029 -0.0538139 -0.187971 -0.000516268 -0.187924 
3.717 -0.375455 -0.0545268 -0.30941 -0.0536656 -0.250557 -0.051969 -0.194769 -0.0512412 -0.138589 -0.0512921 -0.084252 -0.0509498 -0.0309303 -0.0510783 
4.332 -0.0172853 -0.166155 0.0404181 -0.167192 0.094048 -0.167708 0.147304 -0.169486 0.203458 -0.172824 0.260473 -0.175878 0.318906 -0.179624 
1.51 -0.239173 0.182427 -0.177477 0.178727 -0.121512 0.17721 -0.0677522 0.175731 -0.0127594 0.174022 0.0409185 0.173554 0.0947978 0.173588 
3.799 -0.372031 -0.196973 -0.306491 -0.1931 -0.247993 -0.188955 -0.192411 -0.186349 -0.136405 -0.184902 -0.0820782 -0.183502 -0.028589 -0.183164 
4.031 -0.215888 -0.147665 -0.155368 -0.146242 -0.100641 -0.14436 -0.0479515 -0.143818 0.00595153 -0.144516 0.0594128 -0.145109 0.113046 -0.146434 
1.703 0.08681 0.0913437 0.145595 0.0908562 0.200992 0.0916362 0.25666 0.0921992 0.3158 0.0919628 0.376244 0.092858 0.438785 0.0938802 
1.051 -0.351486 0.309122 -0.285082 0.301675 -0.226299 0.29697 -0.170152 0.292618 -0.113523 0.288385 -0.0585598 0.285883 -0.00445425 0.284121 
4.215 -0.0686481 -0.0853445 -0.010908 -0.0858214 0.0423952 -0.0855205 0.0948464 -0.0863706 0.149956 -0.0883534 0.205695 -0.0898529 0.262608 -0.0919161 
3.986 -0.189864 0.00916313 -0.129925 0.00842922 -0.0759078 0.00874071 -0.023613 0.00849777 0.0303908 0.00737458 0.0839815 0.00706055 0.137853 0.00646278 
3.801 -0.363128 -0.175058 -0.297774 -0.171541 -0.23939 -0.167931 -0.183993 -0.165491 -0.128072 -0.164283 -0.073812 -0.163155 -0.0204526 -0.162813 
1.376 -0.0172853 0.0961375 0.0404318 0.0949617 0.0940843 0.0953932 0.147325 0.0954666 0.203305 0.0949624 0.260108 0.0954484 0.318059 0.0959574 
4.242 -0.0494727 -0.0771264 0.00834453 -0.077886 0.0615199 -0.0777946 0.114154 -0.0788023 0.1696 -0.0809583 0.225606 -0.08267 0.282885 -0.0847567 
3.994 -0.219312 -0.070278 -0.158513 -0.0698387 -0.103832 -0.0686066 -0.0511812 -0.0684752 0.002737 -0.0692769 0.0561341 -0.0697403 0.109611 -0.0706291 
3.854 -0.349432 -0.231215 -0.284894 -0.226989 -0.227255 -0.222784 -0.172278 -0.220128 -0.116721 -0.218744 -0.0626376 -0.217513 -0.00928461 -0.217229 
3.82 -0.373401 -0.238063 -0.307823 -0.233325 -0.249416 -0.228688 -0.193887 -0.225706 -0.13791 -0.22404 -0.0835452 -0.222427 -0.0299865 -0.221827 
1.515 -0.244651 0.262553 -0.182625 0.257935 -0.126819 0.255637 -0.0731675 0.253402 -0.0182158 0.251276 0.0357826 0.250773 0.0896773 0.250838 
1.407 -0.200137 0.272826 -0.139031 0.268472 -0.084019 0.266497 -0.0307033 0.264717 0.0239525 0.26297 0.078217 0.262929 0.132373 0.263514 
3.787 -0.363813 -0.150404 -0.29849 -0.147572 -0.240144 -0.144376 -0.184682 -0.142434 -0.128824 -0.141505 -0.0746556 -0.140522 -0.0213206 -0.140365 
0.884 -0.137817 0.522791 -0.0770797 0.515979 -0.0218875 0.51237 0.0316436 0.509684 0.0872141 0.5076 0.142157 0.507852 0.197289 0.509371 
1.42 -0.272045 0.237899 -0.209013 0.233133 -0.152565 0.230724 -0.0985034 0.228235 -0.0433425 0.225731 0.0105559 0.224839 0.0641611 0.224566 
1.433 0.000520477 0.0927133 0.0583236 0.0916521 0.112134 0.0921825 0.16569 0.092338 0.222332 0.0920275 0.2797 0.0927141 0.338535 0.0935543 
1.226 -0.0905629 0.311861 -0.0314745 0.30884 0.0226804 0.308071 0.0757481 0.307628 0.131069 0.307379 0.186473 0.308906 0.242597 0.311096 
3.723 -0.35491 -0.00795781 -0.289554 -0.00813554 -0.231183 -0.00715255 -0.175787 -0.00715096 -0.120006 -0.00779296 -0.0658997 -0.00779501 -0.0127479 -0.00823707 
1.235 -0.123435 0.313231 -0.0638038 0.309498 -0.00958594 0.308152 0.0434262 0.307276 0.0984858 0.306478 0.153432 0.307483 0.208948 0.309075 
3.863 -0.350116 -0.253815 -0.285544 -0.249062 -0.22784 -0.244512 -0.17289 -0.241566 -0.11741 -0.240041 -0.0632219 -0.238698 -0.00978607 -0.238426 
4.203 -0.094672 -0.142871 -0.0365396 -0.142955 0.0167299 -0.142455 0.0690461 -0.143278 0.123598 -0.145412 0.178612 -0.14736 0.234535 -0.149916 
3.854 -0.340529 -0.214094 -0.276113 -0.210208 -0.21856 -0.206297 -0.163752 -0.203883 -0.108363 -0.202706 -0.0543466 -0.201718 -0.00105343 -0.201532 
4.031 -0.195343 -0.0627448 -0.135364 -0.0625227 -0.081223 -0.0615065 -0.0288292 -0.0614778 0.024909 -0.0624679 0.0784106 -0.0629882 0.132325 -0.0639965 
4.273 -0.0124914 -0.0401452 0.0451396 -0.0411578 0.0987964 -0.0411795 0.152185 -0.042057 0.208609 -0.0439869 0.265982 -0.0452783 0.324746 -0.0468707 
0.799 -0.344638 0.391303 -0.278024 0.381856 -0.218893 0.375554 -0.162682 0.369963 -0.105846 0.364709 -0.0505688 0.361366 0.00364133 0.358906 
4.41 0.027914 -0.21067 0.0860087 -0.212368 0.140215 -0.213695 0.194368 -0.216475 0.251439 -0.22102 0.309637 -0.225294 0.369561 -0.230498 
1.413 -0.200822 0.249541 -0.139925 0.245422 -0.0847481 0.243656 -0.0316815 0.242007 0.0228661 0.24031 0.0771792 0.240258 0.131272 0.240782 
4.07 -0.150144 -0.0216546 -0.0913603 -0.0221594 -0.0377177 -0.0216425 0.0143622 -0.0219144 0.0683511 -0.0231404 0.122423 -0.0237618 0.17713 -0.0246787 
3.943 -0.219312 0.00573894 -0.158561 0.00512612 -0.103937 0.00551669 -0.0513248 0.00526469 0.00260864 0.00424504 0.055996 0.0039692 0.10955 0.00343923 
1.443 -0.222737 0.236529 -0.16123 0.232358 -0.105748 0.230505 -0.0524673 0.228631 0.00230066 0.226703 0.0562433 0.226551 0.11008 0.226711 
3.73 -0.355595 -0.0243939 -0.290231 -0.0240973 -0.231864 -0.0229529 -0.17653 -0.0226204 -0.120743 -0.0229684 -0.0666284 -0.0229439 -0.0134585 -0.0231301 
1.427 -0.258348 0.237899 -0.195774 0.233405 -0.139736 0.231133 -0.0857914 0.228881 -0.0308233 0.226669 0.0230107 0.22605 0.0766481 0.225984 
3.947 0.0669497 0.0125873 0.125505 0.0115022 0.180414 0.0116101 0.235745 0.011028 0.294394 0.0095547 0.354229 0.00888968 0.416125 0.00810005 
1.408 -0.220682 0.287207 -0.159004 0.282112 -0.103477 0.279508 -0.0500504 0.277094 0.004838 0.274781 0.0589966 0.274246 0.112999 0.274361 
3.828 -0.374086 -0.256554 -0.308548 -0.251267 -0.250118 -0.246385 -0.19465 -0.243019 -0.138666 -0.241081 -0.0842415 -0.239384 -0.0306724 -0.238688 
1.228 -0.0665936 0.311177 -0.00763927 0.308505 0.0464579 0.308179 0.099618 0.308204 0.155342 0.308277 0.21109 0.310185 0.267829 0.312747 
4.258 -0.0515272 -0.107259 0.0062274 -0.107951 0.0594692 -0.107925 0.112147 -0.109072 0.167645 -0.111552 0.223608 -0.113586 0.280935 -0.116108 
4.184 -0.0843994 -0.0675387 -0.0265095 -0.0680314 0.0267307 -0.0677077 0.0789535 -0.0684545 0.133773 -0.0701461 0.188988 -0.0715426 0.245334 -0.0732246 
3.828 -0.358334 -0.209985 -0.2932 -0.205865 -0.235078 -0.201768 -0.179813 -0.199117 -0.124052 -0.197665 -0.0698169 -0.196362 -0.0164484 -0.195973 
4.41 0.0306533 -0.196288 0.0887629 -0.198005 0.142965 -0.199314 0.197268 -0.202042 0.25454 -0.206362 0.313025 -0.210435 0.373145 -0.215321 
4.191 -0.0652239 -0.0141214 -0.00757013 -0.0149251 0.0457132 -0.0146752 0.0982599 -0.0152885 0.153427 -0.0167438 0.209261 -0.0175491 0.26636 -0.018592 
4.121 -0.130968 -0.0764416 -0.0724498 -0.0765282 -0.0190467 -0.0758287 0.0330668 -0.0762173 0.0872403 -0.0776763 0.141616 -0.0787544 0.196824 -0.0802848 
3.449 -0.211094 0.035187 -0.150757 0.0341051 -0.096271 0.0344043 -0.0437708 0.033779 0.0101928 0.0327706 0.0636323 0.0324249 0.117315 0.0321849 
1.402 0.0114779 0.271456 0.0700349 0.270401 0.124383 0.271297 0.178498 0.272474 0.235409 0.27357 0.293253 0.276457 0.35236 0.279917 
0.814 -0.409012 0.374182 -0.33962 0.36406 -0.278494 0.357247 -0.220759 0.350919 -0.162629 0.345057 -0.106524 0.341001 -0.0516907 0.337674 
4.27 -0.0761813 -0.18944 -0.0182044 -0.189511 0.0351533 -0.189169 0.0876557 -0.190322 0.142567 -0.193016 0.19795 -0.195568 0.254479 -0.198787 
4.082 -0.14535 -0.0394603 -0.0864824 -0.039815 -0.0328802 -0.0392278 0.0192288 -0.0396092 0.0732774 -0.0408644 0.12729 -0.0415608 0.182058 -0.0426692 
3.963 -0.223421 -0.0278181 -0.162576 -0.0279618 -0.107923 -0.0270964 -0.055245 -0.0271927 -0.00125494 -0.0280758 0.0521149 -0.0284349 0.105616 -0.0291279 
4.016 -0.168634 0.0119025 -0.109191 0.0110331 -0.0554147 0.0113927 -0.00327827 0.0109985 0.0507087 0.00992137 0.104492 0.00954843 0.158775 0.00909433 
4.016 -0.191919 -0.0346665 -0.132003 -0.0348408 -0.077804 -0.0341131 -0.0255095 -0.034231 0.0281522 -0.035212 0.0817681 -0.0357034 0.135539 -0.0365032 
4.273 -0.0241337 -0.0689084 0.0332862 -0.0698581 0.0868529 -0.0699398 0.13989 -0.071012 0.195931 -0.0732669 0.252793 -0.0749456 0.311046 -0.0770508 
4.223 0.00873853 0.0119025 0.0665086 0.0108785 0.120446 0.0110015 0.174178 0.0105432 0.231182 0.00911953 0.289229 0.00855399 0.348732 0.00784466 
1.746 0.114204 0.21393 0.173881 0.214202 0.230187 0.216592 0.286576 0.218376 0.346861 0.220541 0.408688 0.223786 0.472801 0.22781 
1.477 -0.226846 0.254335 -0.165251 0.249875 -0.109651 0.247798 -0.056238 0.245788 -0.00138623 0.243812 0.0524393 0.243437 0.106461 0.243662 
4.309 -0.0104369 -0.113423 0.0470607 -0.114479 0.100827 -0.114809 0.154223 -0.116339 0.210321 -0.119101 0.267698 -0.121467 0.326286 -0.12433 
0.96 -0.328886 0.3372 -0.263343 0.329497 -0.205052 0.324699 -0.149485 0.320335 -0.0931592 0.316193 -0.0383817 0.313769 0.0155392 0.312207 
0.832 -0.0172853 0.402945 0.0417053 0.400414 0.0961506 0.400447 0.14986 0.40097 0.206332 0.401916 0.263087 0.404914 0.321018 0.409057 
3.99 -0.209725 -0.0312423 -0.149414 -0.0313482 -0.0947846 -0.0305053 -0.0423296 -0.0306308 0.0114316 -0.0315767 0.0649542 -0.0320215 0.118546 -0.0327703 
3.865 -0.341214 -0.242857 -0.276869 -0.238485 -0.219246 -0.234097 -0.164362 -0.231285 -0.108883 -0.229884 -0.0548182 -0.228638 -0.00146808 -0.228407 
3.822 -0.289851 0.00368443 -0.226802 0.00327505 -0.170427 0.003865 -0.116745 0.00372343 -0.062117 0.00285751 -0.00868654 0.00268141 0.0443568 0.00220511 
4.355 0.0190111 -0.141501 0.0769441 -0.143044 0.131012 -0.143804 0.185055 -0.14597 0.242131 -0.149399 0.300306 -0.152551 0.360097 -0.156401 
3.965 -0.233009 -0.0668539 -0.171845 -0.066388 -0.116914 -0.065135 -0.0643554 -0.0649542 -0.0101155 -0.0657133 0.0431939 -0.0660325 0.0964021 -0.0668267 
4.156 -0.0891933 -0.0223394 -0.0311857 -0.0231743 0.0220056 -0.0229648 0.0742801 -0.0233398 0.129024 -0.0247896 0.184216 -0.0254831 0.240525 -0.0266094 
4.027 -0.177537 -0.0148062 -0.117836 -0.0152352 -0.063908 -0.0147317 -0.0115808 -0.015015 0.0423051 -0.0161138 0.0959521 -0.0165694 0.150011 -0.0173522 
0.844 -0.135762 0.536488 -0.0750281 0.529408 -0.0198577 0.525824 0.0337114 0.523052 0.089243 0.520879 0.14422 0.521155 0.199436 0.522645 
0.757 -0.432297 0.418011 -0.361754 0.406089 -0.299459 0.397695 -0.240847 0.390048 -0.181826 0.382865 -0.125257 0.377767 -0.0700852 0.373659 
4.227 -0.00495822 0.0255992 0.0527353 0.0246226 0.106466 0.0250677 0.160078 0.0246366 0.216728 0.0235486 0.274414 0.0232566 0.333607 0.0227525 
1.749 0.116258 0.181742 0.175739 0.181966 0.231906 0.183821 0.288335 0.185472 0.348492 0.186817 0.410322 0.189653 0.474353 0.192884 
0.795 -0.394631 0.389933 -0.325927 0.379559 -0.265179 0.372473 -0.207684 0.366088 -0.149656 0.359982 -0.094004 0.355944 -0.0392617 0.352647 
0.788 -0.358334 0.399521 -0.291169 0.389523 -0.231763 0.382829 -0.175233 0.376813 -0.118139 0.37124 -0.0627871 0.367581 -0.00846785 0.364931 
1.486 0.0402411 0.309807 0.0990218 0.30923 0.153867 0.310861 0.20837 0.312645 0.265952 0.314514 0.324473 0.318212 0.384434 0.322586 
4.152 -0.105629 -0.0675387 -0.0474562 -0.0680227 0.00580899 -0.0675118 0.057977 -0.0681057 0.112447 -0.0695942 0.167281 -0.0707734 0.223125 -0.0723359 
4.352 0.0217504 -0.114108 0.0795998 -0.115618 0.133675 -0.116273 0.187715 -0.118052 0.244877 -0.12116 0.303032 -0.123789 0.362874 -0.126968 
4.094 -0.152883 -0.0812354 -0.0938698 -0.081159 -0.0402283 -0.0803312 0.0119335 -0.0805817 0.0659233 -0.0819223 0.119869 -0.0828574 0.174486 -0.0843042 
4.266 -0.022764 -0.0545268 0.0348646 -0.0554882 0.0884492 -0.055527 0.141625 -0.0565906 0.197776 -0.0587158 0.254854 -0.0602735 0.313265 -0.0622149 
3.871 -0.348747 -0.27162 -0.284193 -0.266428 -0.226417 -0.261615 -0.171385 -0.258378 -0.115871 -0.256679 -0.0616459 -0.255245 -0.00817705 -0.254785 
4.07 -0.183701 -0.12712 -0.123923 -0.126245 -0.0698299 -0.124919 -0.0174537 -0.124806 0.0364789 -0.125947 0.0901241 -0.126863 0.144149 -0.128411 
3.416 0.0957129 0.0680592 0.154596 0.0674004 0.210107 0.0681193 0.265978 0.0682945 0.325395 0.0677478 0.386461 0.0681629 0.449555 0.0686791 
1.371 -0.150829 0.252281 -0.0908471 0.248714 -0.0363938 0.247462 0.0163651 0.246359 0.0712097 0.245245 0.125533 0.245777 0.180503 0.246888 
4.395 0.0772223 -0.0483632 0.135802 -0.0499151 0.190994 -0.0504567 0.246453 -0.0518485 0.305556 -0.0542865 0.365931 -0.0560643 0.428369 -0.0582005 
1.465 -0.270675 0.257759 -0.207725 0.25269 -0.151187 0.250016 -0.0971074 0.24738 -0.0418968 0.244736 0.0120895 0.243699 0.0657818 0.243255 
1.579 0.0690042 0.21256 0.12778 0.212372 0.183021 0.214086 0.238168 0.215521 0.296764 0.216835 0.356415 0.219708 0.418116 0.223053 
4.363 -0.00290371 -0.215464 0.0549107 -0.216791 0.108749 -0.217797 0.162259 -0.22012 0.218529 -0.224239 0.275719 -0.22793 0.334444 -0.23267 
0.77 -0.302863 0.454992 -0.237805 0.444966 -0.179695 0.438514 -0.124296 0.432808 -0.0679297 0.427556 -0.0131224 0.424512 0.040936 0.422499 
0.827 -0.0412546 0.404314 0.0178453 0.401153 0.0722134 0.400812 0.125708 0.400862 0.181731 0.401291 0.237968 0.40384 0.29515 0.407282 
3.996 -0.224106 -0.105205 -0.16334 -0.104172 -0.108603 -0.102633 -0.0556896 -0.102211 -0.00183541 -0.102898 0.0516992 -0.103395 0.105249 -0.104395 
4.188 -0.0912478 -0.0853445 -0.0332115 -0.0856656 0.0200001 -0.0852774 0.0722712 -0.0859171 0.126913 -0.0878237 0.182122 -0.0892171 0.23824 -0.0911521 
4.254 -0.0200247 -0.0209697 0.0375568 -0.0219375 0.0910813 -0.0218529 0.144248 -0.0226222 0.200374 -0.0242882 0.257462 -0.0253215 0.315994 -0.0266371 
1.45 0.0251746 0.215299 0.0835593 0.214451 0.138111 0.215488 0.192302 0.216584 0.249625 0.217616 0.307784 0.219934 0.367547 0.22266 
3.012 0.0464046 0.0673743 0.104637 0.0663671 0.159193 0.0671431 0.213876 0.067219 0.271966 0.0665329 0.331267 0.0670398 0.392304 0.0674746 
1.711 0.102561 0.178318 0.161866 0.178412 0.217844 0.180155 0.273972 0.181689 0.33376 0.182891 0.395153 0.185599 0.458571 0.188718 
4.266 -0.052212 -0.129859 0.00500168 -0.130408 0.0585599 -0.130367 0.111187 -0.131577 0.166567 -0.134146 0.222674 -0.136431 0.279968 -0.139229 
4.082 -0.149459 -0.0558965 -0.0906341 -0.056069 -0.0370637 -0.0554003 0.0149995 -0.0556893 0.0690944 -0.0568875 0.123071 -0.0576768 0.17785 -0.058808 
4.414 0.0916039 -0.0394603 0.15043 -0.0410294 0.205944 -0.0416755 0.26182 -0.0429676 0.321325 -0.0452283 0.382269 -0.0469929 0.44539 -0.0488785 
1.447 -0.237118 0.208451 -0.175341 0.204636 -0.119838 0.202874 -0.0664464 0.201116 -0.0119633 0.199354 0.0415843 0.199092 0.095251 0.19921 
1.432 0.0224353 0.234475 0.0808834 0.233627 0.135346 0.234806 0.189679 0.23602 0.247074 0.23723 0.30528 0.239753 0.365067 0.243147 
1.441 -0.215888 0.198863 -0.154474 0.195099 -0.0992413 0.193554 -0.0460651 0.191922 0.0084744 0.190145 0.0622825 0.19 0.116118 0.190294 
3.287 0.0457198 0.0386111 0.103816 0.0376077 0.158519 0.0380383 0.213288 0.0377842 0.271335 0.0368148 0.330743 0.0366673 0.391667 0.0365741 
3.402 0.0607862 0.0365566 0.119123 0.0355283 0.173945 0.0360268 0.229008 0.0357302 0.287531 0.0345835 0.347165 0.0344825 0.408829 0.0343555 
3.822 -0.331626 -0.134653 -0.267405 -0.132238 -0.209914 -0.12944 -0.15517 -0.127852 -0.0998699 -0.127338 -0.0460612 -0.126679 0.00704332 -0.126741 
3.051 0.0101082 0.0557321 0.0677745 0.0545456 0.121637 0.0549016 0.175374 0.0547068 0.232435 0.0540399 0.290343 0.0540523 0.349892 0.0543161 
4.234 -0.100151 -0.240118 -0.0416533 -0.239597 0.0117155 -0.238826 0.0640694 -0.239684 0.118649 -0.242199 0.173474 -0.244746 0.229061 -0.248188 
0.786 -0.335735 0.402945 -0.270371 0.393493 -0.211226 0.387095 -0.155397 0.381465 -0.0987089 0.376184 -0.0435845 0.372863 0.0106908 0.370529 
3.695 -0.350116 0.0160115 -0.284911 0.0153802 -0.226752 0.0157506 -0.171567 0.0155633 -0.1161 0.0146542 -0.061818 0.0144083 -0.00885888 0.0140993 
3.938 -0.291905 -0.220257 -0.229245 -0.216895 -0.172943 -0.21328 -0.119107 -0.211329 -0.0643495 -0.21069 -0.0107293 -0.210127 0.0425327 -0.210714 
1.7 0.105301 0.133804 0.164547 0.133425 0.220509 0.134932 0.276713 0.136031 0.33655 0.136671 0.397994 0.13868 0.461564 0.140919 
4.25 -0.0371456 -0.0552116 0.0205401 -0.0561316 0.0739097 -0.0561116 0.126762 -0.0570422 0.182433 -0.0589949 0.238945 -0.0604386 0.296731 -0.0621922 
4.234 -0.0672785 -0.119586 -0.00947237 -0.11999 0.043817 -0.119761 0.0963127 -0.120755 0.151376 -0.123056 0.207091 -0.124984 0.263931 -0.127519 
4.055 -0.161101 -0.0380907 -0.102286 -0.0383303 -0.0484683 -0.0377875 0.00349031 -0.0380233 0.0573999 -0.0391711 0.111003 -0.0397497 0.165559 -0.0407423 
