1.723 0.0943432 0.00642378 0.0934172 -0.0520267 0.0932228 -0.10606 0.0932705 -0.160216 0.0937351 -0.218349 0.0946049 -0.276977 0.0961329 -0.33961 
4.191 -0.37888 0.203657 -0.378005 0.144291 -0.378546 0.0910824 -0.379963 0.0390651 -0.382555 -0.0152204 -0.386203 -0.0685707 -0.390624 -0.124245 
4.211 -0.362444 0.187906 -0.361949 0.128783 -0.362823 0.0757259 -0.364476 0.0237261 -0.367358 -0.0306243 -0.371197 -0.0841675 -0.375797 -0.140136 
4.188 -0.363813 0.205027 -0.362951 0.145662 -0.363487 0.0924594 -0.364816 0.0404735 -0.367344 -0.0138247 -0.370828 -0.067136 -0.37509 -0.122831 
4.234 -0.348062 0.174209 -0.347879 0.115295 -0.348969 0.0623089 -0.350774 0.0103018 -0.353816 -0.0441285 -0.357808 -0.0978804 -0.36244 -0.154117 
4.164 -0.363128 0.220093 -0.361985 0.16045 -0.3622 0.10709 -0.363301 0.05507 -0.36553 0.000836147 -0.368747 -0.0522962 -0.372699 -0.107742 
4.133 -0.353541 0.242693 -0.351949 0.182696 -0.351765 0.129126 -0.352396 0.0770398 -0.354114 0.0228002 -0.356793 -0.0301653 -0.360161 -0.0853665 
4.16 -0.387098 0.226942 -0.385619 0.167228 -0.385618 0.113827 -0.386503 0.0617729 -0.388568 0.00750061 -0.391702 -0.0456585 -0.395573 -0.10109 
4.238 -0.380249 0.174209 -0.379903 0.11526 -0.380968 0.06221 -0.382829 0.0102137 -0.385964 -0.0442579 -0.390102 -0.098022 -0.395067 -0.154258 
4.129 -0.406273 0.245432 -0.404267 0.18539 -0.403828 0.131763 -0.404324 0.0795851 -0.40602 0.025296 -0.408857 -0.0277254 -0.412493 -0.0829591 
4.211 -0.394631 0.187906 -0.394018 0.128745 -0.394864 0.075656 -0.396572 0.0236318 -0.399607 -0.0307685 -0.403707 -0.0843081 -0.408618 -0.140301 
4.164 -0.348062 0.220778 -0.346966 0.161125 -0.347191 0.107785 -0.348239 0.0557942 -0.350391 0.00157265 -0.353478 -0.051576 -0.357292 -0.107006 
4.191 -0.413806 0.205712 -0.412692 0.146306 -0.413141 0.0930432 -0.414526 0.041 -0.417189 -0.0133257 -0.42104 -0.0666645 -0.425681 -0.122401 
4.188 -0.350116 0.203657 -0.349335 0.144295 -0.349898 0.091076 -0.351229 0.0391136 -0.35374 -0.0151514 -0.357166 -0.0684755 -0.361343 -0.12418 
4.199 -0.448048 0.207081 -0.446782 0.147643 -0.447089 0.0943455 -0.448421 0.0422424 -0.451184 -0.0121667 -0.455185 -0.0655649 -0.460029 -0.121272 
4.215 -0.379564 0.188591 -0.379007 0.129452 -0.379847 0.0763661 -0.381495 0.0243707 -0.384423 -0.0300188 -0.388349 -0.0835608 -0.393094 -0.139574 
4.016 -0.0919326 0.250911 -0.0926106 0.190534 -0.0935971 0.136973 -0.094685 0.0851305 -0.0961254 0.031451 -0.0977175 -0.0209591 -0.0992555 -0.0754782 
4.195 -0.428188 0.203657 -0.427075 0.144299 -0.427539 0.0910168 -0.428961 0.0389599 -0.431741 -0.0154239 -0.435707 -0.0688412 -0.440554 -0.124596 
4.16 -0.404219 0.227626 -0.402604 0.167885 -0.402558 0.114467 -0.403438 0.0623726 -0.405484 0.0080886 -0.40874 -0.0451049 -0.412739 -0.100509 
4.105 -0.390522 0.262553 -0.388289 0.202122 -0.387572 0.148329 -0.387738 0.0960151 -0.389078 0.0417556 -0.391505 -0.0111936 -0.394672 -0.0661659 
0.735 0.474428 0.385139 0.466996 0.322043 0.461889 0.266291 0.458086 0.212509 0.455447 0.157264 0.454373 0.103798 0.455085 0.0488261 
4.145 -0.369292 0.237899 -0.367762 0.177947 -0.367663 0.12439 -0.368381 0.0723105 -0.370278 0.0180567 -0.373156 -0.0349527 -0.376731 -0.0901326 
4.156 -0.439145 0.229681 -0.437298 0.169907 -0.437109 0.116427 -0.43792 0.064287 -0.440039 0.00996998 -0.443365 -0.0432464 -0.447554 -0.0987068 
4.191 -0.398055 0.206396 -0.397016 0.147025 -0.397483 0.0937583 -0.398808 0.0417621 -0.401426 -0.0125743 -0.405144 -0.0659411 -0.409639 -0.121661 
4.133 -0.42134 0.244062 -0.419226 0.184011 -0.418801 0.130379 -0.419292 0.0781873 -0.421094 0.0239022 -0.424048 -0.0291352 -0.427791 -0.0843792 
4.215 -0.411752 0.188591 -0.411066 0.129424 -0.411894 0.0763123 -0.413602 0.0242729 -0.416697 -0.0301348 -0.420904 -0.0836789 -0.42594 -0.139708 
4.211 -0.347377 0.189275 -0.346931 0.130136 -0.347734 0.0771063 -0.349304 0.0251217 -0.352066 -0.0292214 -0.355777 -0.0827507 -0.36015 -0.138725 
4.121 -0.363813 0.252281 -0.362022 0.191997 -0.361608 0.138292 -0.36213 0.0860966 -0.363707 0.0319026 -0.366334 -0.021026 -0.369601 -0.0760643 
4.34 -0.213149 0.0769621 -0.214739 0.018967 -0.217132 -0.0338828 -0.219938 -0.0863971 -0.223678 -0.14213 -0.227874 -0.197857 -0.232466 -0.256819 
4.039 -0.200822 0.269401 -0.200186 0.20864 -0.200232 0.154747 -0.200747 0.102603 -0.20198 0.0486838 -0.203777 -0.00376339 -0.205873 -0.0583057 
4.227 -0.08166 0.113258 -0.0830919 0.0553865 -0.0846798 0.00290579 -0.0863731 -0.0488846 -0.0884789 -0.103703 -0.0907431 -0.15843 -0.0929037 -0.216325 
4.051 -0.162471 0.255705 -0.162322 0.195183 -0.162773 0.141528 -0.163634 0.0895912 -0.165065 0.0357885 -0.166794 -0.0166742 -0.168951 -0.071238 
3.955 0.0183263 -0.0504178 0.0170225 -0.10942 0.0160975 -0.164374 0.015185 -0.219891 0.0144467 -0.279559 0.0137312 -0.339844 0.0135547 -0.404583 
4.219 -0.428873 0.189275 -0.42806 0.13007 -0.428841 0.0769161 -0.430607 0.0248531 -0.433755 -0.0295544 -0.438037 -0.0831431 -0.443233 -0.139131 
0.735 0.471689 0.415272 0.463565 0.351347 0.457854 0.294986 0.453364 0.240787 0.450019 0.185065 0.448273 0.131423 0.448206 0.0764914 
4.055 -0.143295 0.247487 -0.143393 0.187222 -0.143902 0.133654 -0.144894 0.0818424 -0.146349 0.0280718 -0.148218 -0.0243642 -0.150231 -0.0790392 
4.121 -0.380934 0.249541 -0.37904 0.189384 -0.378619 0.135698 -0.379095 0.0835455 -0.380693 0.0292864 -0.38338 -0.0236894 -0.386786 -0.0787987 
4.105 -0.423394 0.259814 -0.420957 0.19939 -0.420208 0.145578 -0.420415 0.0932709 -0.421907 0.0389841 -0.424559 -0.013996 -0.427997 -0.0690058 
4.199 -0.0912478 0.135173 -0.0925619 0.0771141 -0.0940261 0.0246664 -0.0956392 -0.0270068 -0.0976228 -0.0814703 -0.0997728 -0.135651 -0.101913 -0.192936 
4.109 -0.43846 0.260499 -0.43586 0.200058 -0.434997 0.146216 -0.435206 0.0939075 -0.436666 0.0395756 -0.439377 -0.0134038 -0.442888 -0.0684378 
0.732 0.516888 0.37966 0.50927 0.316998 0.504163 0.261356 0.500299 0.207643 0.49775 0.152397 0.496916 0.0988734 0.497982 0.0438111 
4.16 -0.41997 0.226942 -0.418296 0.167198 -0.41823 0.113773 -0.419116 0.0616761 -0.421291 0.00736012 -0.424607 -0.0458266 -0.428773 -0.101293 
4.086 -0.14535 0.224202 -0.145701 0.164434 -0.14648 0.111363 -0.147599 0.0597468 -0.149225 0.00597615 -0.151204 -0.0466937 -0.153325 -0.101734 
4.215 -0.448048 0.192015 -0.447125 0.132806 -0.447795 0.0796151 -0.449511 0.0275518 -0.452591 -0.0269083 -0.456921 -0.0804964 -0.462101 -0.136457 
4.141 -0.221367 0.21256 -0.22113 0.15309 -0.221795 0.099943 -0.222966 0.0482211 -0.224878 -0.00569343 -0.227465 -0.0587174 -0.230472 -0.114072 
4.246 -0.429558 0.174894 -0.429061 0.115871 -0.43005 0.0627849 -0.432022 0.0107186 -0.435352 -0.0437761 -0.439862 -0.0975569 -0.445257 -0.153804 
4.141 -0.452157 0.242008 -0.449914 0.181946 -0.449456 0.128267 -0.450005 0.0760556 -0.45198 0.0217375 -0.455148 -0.0313742 -0.459174 -0.0866058 
4.238 -0.190549 0.138597 -0.191432 0.0803453 -0.192937 0.0277456 -0.194921 -0.0240054 -0.197613 -0.0785663 -0.200901 -0.132764 -0.204432 -0.189844 
4.129 -0.192604 0.211875 -0.192589 0.152403 -0.193302 0.0993669 -0.19445 0.0476568 -0.196334 -0.00619936 -0.198744 -0.0592 -0.201482 -0.114528 
4.082 0.00873853 0.043405 0.00723957 -0.014524 0.00606447 -0.0677936 0.00494003 -0.120986 0.00389087 -0.177939 0.00303992 -0.235281 0.0025125 -0.296404 
4.234 -0.363128 0.173524 -0.362873 0.11459 -0.363964 0.0615856 -0.365807 0.00959985 -0.368885 -0.0448452 -0.37295 -0.0985893 -0.377764 -0.154823 
4.242 -0.394631 0.172154 -0.394284 0.113173 -0.395314 0.0601434 -0.397252 0.00813462 -0.4005 -0.0463824 -0.40478 -0.100124 -0.409973 -0.15635 
1.422 0.0217504 0.185166 0.0198663 0.12657 0.0184274 0.0739076 0.0170886 0.0224101 0.0158484 -0.0316169 0.0148356 -0.0850587 0.0143289 -0.14123 
4.109 -0.408328 0.263238 -0.405925 0.202815 -0.405129 0.148986 -0.405262 0.09667 -0.406593 0.0423663 -0.409069 -0.0105913 -0.412279 -0.0656113 
4.113 -0.454897 0.259814 -0.452214 0.199362 -0.451364 0.14552 -0.451499 0.0931731 -0.453013 0.0388612 -0.455795 -0.0141625 -0.459376 -0.0691922 
4.09 -0.365183 0.270086 -0.362991 0.209423 -0.362294 0.155453 -0.362426 0.103106 -0.363662 0.0488751 -0.365979 -0.00397874 -0.368866 -0.0588293 
3.986 -0.195343 0.304328 -0.194371 0.242585 -0.194142 0.188113 -0.194305 0.135535 -0.195123 0.0814808 -0.196503 0.0290232 -0.198118 -0.025182 
4.238 -0.448048 0.176948 -0.44745 0.117911 -0.448444 0.0647996 -0.450385 0.0127319 -0.453823 -0.0418038 -0.458407 -0.095569 -0.46397 -0.151807 
1.346 0.176524 0.143391 0.174367 0.0848364 0.173299 0.0319702 0.172866 -0.0201344 0.173137 -0.0750815 0.17417 -0.12971 0.176236 -0.187336 
4.16 -0.452842 0.228311 -0.450965 0.168551 -0.450797 0.115099 -0.451651 0.0629431 -0.453895 0.00862016 -0.457331 -0.044599 -0.461647 -0.100055 
4.074 -0.222737 0.261183 -0.221915 0.200671 -0.221955 0.146927 -0.222541 0.0948554 -0.22386 0.0409616 -0.225801 -0.0116045 -0.228145 -0.0662672 
4.02 -0.220682 0.292001 -0.219519 0.230659 -0.219246 0.176414 -0.219431 0.123965 -0.220355 0.0699139 -0.221886 0.0174104 -0.223782 -0.0369394 
2.393 0.0683194 0.00710862 0.0671555 -0.0512596 0.0665026 -0.105137 0.066216 -0.159158 0.0661413 -0.217207 0.0664291 -0.275709 0.0673387 -0.338199 
4.188 -0.191919 0.172154 -0.192409 0.11347 -0.193573 0.0607552 -0.195186 0.00912651 -0.197572 -0.0450446 -0.200487 -0.0985913 -0.203661 -0.154846 
1.605 0.0916039 -0.0264484 0.0910296 -0.0852276 0.0909918 -0.139746 0.0912718 -0.194721 0.0919252 -0.253662 0.092942 -0.313287 0.0946919 -0.377318 
4.242 -0.411752 0.173524 -0.411301 0.114521 -0.412337 0.0614557 -0.41426 0.00943064 -0.417573 -0.0451225 -0.421986 -0.0988441 -0.427251 -0.155085 
4.133 -0.435721 0.245432 -0.433475 0.185369 -0.432971 0.131726 -0.433448 0.0795183 -0.435248 0.0252115 -0.438205 -0.0278701 -0.442033 -0.083068 
1.457 0.0196959 0.204342 0.0178132 0.1454 0.0163422 0.0926895 0.0149808 0.0410663 0.0137204 -0.012758 0.0126587 -0.0659627 0.0121239 -0.121807 
4.098 -0.0898781 0.201603 -0.0909062 0.142598 -0.0920832 0.0897494 -0.0934061 0.0383091 -0.095037 -0.0154559 -0.0968338 -0.0684318 -0.0985596 -0.123969 
4.074 -0.200137 0.252965 -0.199657 0.192784 -0.199865 0.139196 -0.200609 0.0871139 -0.201995 0.0333447 -0.203926 -0.0193225 -0.206243 -0.0740222 
4.035 0.00873853 0.0125873 0.00726289 -0.0456427 0.00608591 -0.0993896 0.0051066 -0.153172 0.00410409 -0.211021 0.00314154 -0.269361 0.00270511 -0.331646 
0.737 0.462101 0.399521 0.454571 0.336036 0.449349 0.280062 0.445305 0.226081 0.442446 0.170593 0.441189 0.117062 0.441645 0.0621568 
4.195 -0.238488 0.176264 -0.23856 0.117371 -0.239719 0.0645885 -0.241368 0.0128413 -0.243799 -0.041349 -0.247083 -0.0948753 -0.250727 -0.151008 
4.27 -0.218628 0.12627 -0.219623 0.0680645 -0.221426 0.0155098 -0.223668 -0.0364574 -0.226777 -0.091287 -0.230485 -0.145837 -0.234537 -0.203252 
4.086 -0.46106 0.281729 -0.457829 0.220863 -0.456478 0.166762 -0.456183 0.114241 -0.457232 0.0598761 -0.45951 0.00689289 -0.462681 -0.0479623 
4.094 -0.439145 0.276935 -0.436175 0.216131 -0.434957 0.162059 -0.434832 0.109581 -0.436009 0.0552086 -0.438336 0.00226593 -0.44151 -0.0526492 
4.109 -0.350801 0.258444 -0.348965 0.19805 -0.348512 0.144309 -0.348865 0.0920781 -0.350321 0.0378664 -0.352705 -0.015002 -0.355765 -0.069977 
4.203 -0.113163 0.137228 -0.11436 0.0791367 -0.115774 0.0266556 -0.117519 -0.0249589 -0.119634 -0.0794839 -0.122054 -0.133611 -0.12454 -0.190852 
4.086 -0.200137 0.239269 -0.199818 0.179306 -0.200168 0.12589 -0.201059 0.0740848 -0.202592 0.0202168 -0.204704 -0.0324189 -0.207159 -0.0873678 
4.309 -0.217943 0.100247 -0.219284 0.0423377 -0.22148 -0.0104081 -0.224062 -0.0625457 -0.22749 -0.117887 -0.231506 -0.172809 -0.235862 -0.231115 
0.733 0.48744 0.400205 0.479617 0.336735 0.474182 0.280726 0.46999 0.226828 0.467062 0.171501 0.465745 0.117948 0.466118 0.0629572 
3.969 -0.226161 0.322134 -0.224621 0.259915 -0.223987 0.205029 -0.223806 0.152076 -0.224335 0.0976714 -0.225514 0.0450777 -0.227026 -0.00919469 
4.227 -0.215888 0.153664 -0.216467 0.0951506 -0.21787 0.0425387 -0.219723 -0.00924778 -0.222446 -0.0637411 -0.225805 -0.11753 -0.229526 -0.174141 
1.243 0.1505 -0.0668539 0.151071 -0.12705 0.152302 -0.183154 0.153895 -0.239712 0.156181 -0.301013 0.159042 -0.363341 0.163166 -0.430951 
4.078 -0.348062 0.278989 -0.345896 0.218164 -0.345154 0.164133 -0.345188 0.111751 -0.346333 0.0575164 -0.348407 0.00466081 -0.35113 -0.0500896 
4.277 -0.0460485 -0.0613752 -0.0480017 -0.120599 -0.0497813 -0.175815 -0.0516939 -0.231625 -0.0537682 -0.291642 -0.0559063 -0.352622 -0.0578084 -0.418016 
4.086 -0.407643 0.278989 -0.404963 0.218195 -0.403935 0.164137 -0.403846 0.111687 -0.404983 0.0573758 -0.407223 0.00447155 -0.410224 -0.0503906 
1.664 0.0683194 0.0420353 0.0670501 -0.0159962 0.0663171 -0.0693967 0.0659363 -0.122731 0.065809 -0.179868 0.0660179 -0.237335 0.0667855 -0.298593 
3.938 -0.235749 0.341309 -0.233911 0.278537 -0.232937 0.223314 -0.232549 0.170143 -0.232802 0.115522 -0.233688 0.0628991 -0.234995 0.00877945 
4.086 -0.42134 0.27625 -0.418555 0.215466 -0.417482 0.16146 -0.417384 0.10897 -0.418567 0.0546555 -0.420927 0.0017067 -0.424013 -0.053157 
4.199 -0.315875 0.196809 -0.315514 0.137609 -0.316258 0.0844818 -0.317661 0.0325403 -0.320278 -0.021697 -0.323705 -0.0751066 -0.327691 -0.130944 
4.094 -0.163841 0.224887 -0.163912 0.165243 -0.164632 0.112115 -0.165722 0.0604627 -0.16733 0.00668678 -0.169471 -0.0460367 -0.171808 -0.101118 
4.109 -0.220682 0.234475 -0.220181 0.174594 -0.220509 0.121192 -0.221431 0.0693823 -0.223037 0.0155245 -0.225346 -0.0373489 -0.228025 -0.0924624 
1.618 0.0149021 0.064635 0.0133229 0.00676256 0.0120954 -0.0461872 0.0110193 -0.0987822 0.00995179 -0.154948 0.00911468 -0.21146 0.00860728 -0.271475 
3.99 0.010793 -0.0264484 0.00938792 -0.0850891 0.00834854 -0.139585 0.00738737 -0.194439 0.00641374 -0.253309 0.00555126 -0.312777 0.00518928 -0.376457 
4.219 -0.196713 0.152294 -0.197375 0.093817 -0.19877 0.0411337 -0.200648 -0.0104517 -0.203279 -0.0648971 -0.206458 -0.118709 -0.209918 -0.175537 
3.898 -0.221367 0.356376 -0.219531 0.293114 -0.218632 0.237422 -0.218158 0.18394 -0.218347 0.129121 -0.219174 0.0764114 -0.220349 0.0222286 
4.223 -0.324777 0.179688 -0.324675 0.120718 -0.325653 0.0677838 -0.327419 0.0158203 -0.330314 -0.0385625 -0.334005 -0.0922139 -0.338389 -0.148358 
1.44 0.119682 0.111204 0.117976 0.052981 0.117135 6.18176e-05 0.116705 -0.051932 0.116776 -0.10743 0.117418 -0.162732 0.118892 -0.221066 
1.361 0.112149 -0.0764416 0.112349 -0.136625 0.113066 -0.192932 0.114191 -0.249961 0.115761 -0.311538 0.117827 -0.374274 0.120852 -0.442126 
4.215 -0.159732 0.143391 -0.16071 0.0851208 -0.162087 0.032619 -0.163867 -0.0190904 -0.166229 -0.0736203 -0.169176 -0.127749 -0.172201 -0.184817 
0.734 0.490864 0.383769 0.483247 0.320782 0.478187 0.265332 0.474236 0.211599 0.471629 0.156183 0.470682 0.102659 0.471519 0.0478001 
4.082 -0.389837 0.278304 -0.387346 0.21749 -0.386413 0.163481 -0.386365 0.111036 -0.387499 0.056755 -0.389711 0.003893 -0.392652 -0.0509494 
4.121 -0.113163 0.189275 -0.11406 0.130253 -0.115182 0.0775286 -0.116665 0.0260427 -0.118412 -0.0277414 -0.120589 -0.0808077 -0.122669 -0.13644 
1.649 0.103931 -0.0059033 0.103247 -0.0645843 0.10335 -0.118974 0.103721 -0.173505 0.10455 -0.2321 0.105815 -0.291246 0.107846 -0.354567 
4.254 -0.0460485 -0.0764416 -0.0479616 -0.135941 -0.0498423 -0.19182 -0.0517489 -0.248099 -0.053924 -0.308796 -0.0560298 -0.370299 -0.0580487 -0.436439 
4.004 -0.197398 0.290631 -0.19652 0.22923 -0.196359 0.174959 -0.196626 0.12255 -0.197628 0.0686501 -0.199113 0.0162334 -0.200971 -0.0381267 
1.472 0.0916039 -0.0682235 0.0912859 -0.128114 0.0916082 -0.184133 0.092119 -0.240583 0.0929645 -0.301621 0.0941647 -0.363685 0.0962152 -0.430627 
4.125 -0.161786 0.202287 -0.162032 0.143149 -0.16295 0.0903174 -0.164167 0.0387205 -0.166068 -0.0151021 -0.168334 -0.0681867 -0.170873 -0.123776 
4.27 -0.173428 0.110519 -0.174755 0.0525305 -0.176554 -0.000143834 -0.178851 -0.0520061 -0.181794 -0.10703 -0.185209 -0.161852 -0.188847 -0.219691 
4.434 -0.0631694 -0.0469936 -0.0652545 -0.105777 -0.0673633 -0.160619 -0.0695757 -0.21587 -0.0720082 -0.275307 -0.0745904 -0.335339 -0.0769783 -0.399632 
3.959 -0.139186 0.303643 -0.138993 0.241699 -0.139247 0.187153 -0.139781 0.13461 -0.140834 0.0806204 -0.142184 0.0282138 -0.143622 -0.0258232 
1.55 0.120367 0.0584714 0.119239 0.000421583 0.118872 -0.0528225 0.119005 -0.105918 0.119545 -0.162368 0.120636 -0.219215 0.122546 -0.27973 
4.109 -0.193973 0.226942 -0.193789 0.16724 -0.194304 0.113963 -0.195296 0.0621106 -0.197002 0.00832067 -0.199251 -0.0444339 -0.201836 -0.0995034 
4.391 -0.048103 -0.0394603 -0.0500007 -0.0981955 -0.0517731 -0.152918 -0.053595 -0.207974 -0.055676 -0.267275 -0.0577331 -0.327089 -0.0596846 -0.391191 
4.27 -0.0419395 0.0413505 -0.0436825 -0.0164313 -0.0452546 -0.0695239 -0.0469017 -0.122439 -0.0486638 -0.179052 -0.0505164 -0.235968 -0.0520925 -0.296507 
4.094 -0.180277 0.23242 -0.180176 0.172563 -0.180696 0.119357 -0.181681 0.0675777 -0.183281 0.0137619 -0.18541 -0.0389607 -0.187763 -0.0939278 
1.474 0.0183263 0.12764 0.0166194 0.0696559 0.0153142 0.0170746 0.013933 -0.0347449 0.0128187 -0.0895913 0.0118987 -0.14429 0.0112981 -0.202302 
4.262 -0.314505 0.154349 -0.314822 0.0956468 -0.316188 0.0428115 -0.318234 -0.00912995 -0.32149 -0.0637939 -0.325594 -0.117796 -0.330235 -0.174513 
4.191 -0.170689 0.161882 -0.171477 0.103335 -0.172666 0.0507574 -0.174342 -0.000850491 -0.176709 -0.0549703 -0.179444 -0.108601 -0.182441 -0.164971 
3.998 -0.2289 0.305698 -0.227503 0.244005 -0.226893 0.189476 -0.226874 0.136832 -0.227592 0.0826323 -0.228943 0.0300776 -0.230633 -0.0242015 
3.916 -0.235064 0.355691 -0.233065 0.292419 -0.232002 0.236715 -0.231397 0.183214 -0.231541 0.128391 -0.232256 0.075597 -0.233357 0.0214178 
4.293 -0.172059 0.0954527 -0.173511 0.0376044 -0.175409 -0.0149979 -0.177842 -0.0671478 -0.180865 -0.122524 -0.184415 -0.177581 -0.188175 -0.23608 
4.215 -0.139871 0.139282 -0.140938 0.0811269 -0.142498 0.0286525 -0.144083 -0.023039 -0.146601 -0.0775278 -0.149202 -0.13171 -0.15193 -0.188885 
1.534 0.17036 0.0632653 0.169264 0.00505837 0.169201 -0.048254 0.169648 -0.101429 0.17096 -0.157809 0.172757 -0.214467 0.175566 -0.274771 
4.402 -0.0843994 -0.015491 -0.0865234 -0.0738483 -0.0887769 -0.127912 -0.0911163 -0.182241 -0.0938432 -0.240595 -0.096677 -0.299419 -0.0993849 -0.362269 
4.246 -0.0371456 0.0208054 -0.0388974 -0.0370327 -0.0405226 -0.0904972 -0.0421546 -0.143721 -0.043975 -0.20118 -0.0458431 -0.258642 -0.047399 -0.319946 
4.359 -0.168634 0.0331324 -0.170715 -0.0248355 -0.1733 -0.0781159 -0.176298 -0.131259 -0.179958 -0.188027 -0.183957 -0.24502 -0.188219 -0.30558 
3.967 -0.174798 0.306383 -0.17411 0.244421 -0.174025 0.18979 -0.174353 0.13723 -0.175215 0.0831394 -0.176584 0.0306536 -0.178135 -0.0234407 
4.188 -0.245336 0.195439 -0.245134 0.136335 -0.246049 0.0833954 -0.247517 0.0316128 -0.249778 -0.0224226 -0.252938 -0.0757562 -0.256479 -0.131536 
1.673 0.123791 0.00710862 0.123122 -0.0514067 0.123308 -0.105522 0.124085 -0.159775 0.125236 -0.217933 0.126814 -0.276545 0.129317 -0.339199 
1.65 0.0464046 0.0461444 0.0449935 -0.0118903 0.0440411 -0.0651724 0.0434117 -0.118466 0.0428693 -0.175416 0.0426579 -0.232806 0.0429293 -0.29398 
3.803 -0.20767 0.416642 -0.205384 0.351004 -0.203978 0.293739 -0.202999 0.238872 -0.202604 0.183041 -0.202734 0.129624 -0.202991 0.0753545 
4.094 0.0142172 0.146131 0.0124502 0.0879825 0.0111462 0.0354571 0.00979939 -0.0161842 0.0087002 -0.0705998 0.00776285 -0.124762 0.00718301 -0.181861 
2.738 0.0340775 -0.0750719 0.0329869 -0.134717 0.0322181 -0.190458 0.0316238 -0.246746 0.0310245 -0.307426 0.0306412 -0.369009 0.0307203 -0.435361 
3.727 -0.105629 0.433078 -0.105329 0.366666 -0.105196 0.308833 -0.105402 0.253475 -0.105832 0.197319 -0.106453 0.143754 -0.107031 0.0894631 
3.762 -0.202191 0.441981 -0.199813 0.375417 -0.198402 0.317433 -0.197374 0.262061 -0.196924 0.205785 -0.196911 0.152069 -0.197023 0.0975361 
4.289 -0.14672 0.0933982 -0.148221 0.0353389 -0.150075 -0.0170511 -0.152362 -0.0693758 -0.155167 -0.124596 -0.158348 -0.179874 -0.161699 -0.238484 
4.062 -0.121381 0.231051 -0.121931 0.171318 -0.122799 0.118125 -0.123941 0.0665023 -0.125461 0.0127315 -0.127241 -0.0399613 -0.129021 -0.0950975 
4.379 -0.202191 0.0358718 -0.204554 -0.022147 -0.20725 -0.0754504 -0.21078 -0.12855 -0.214824 -0.185286 -0.219255 -0.242254 -0.224362 -0.302676 
0.74 0.455253 0.37966 0.448243 0.316864 0.443308 0.261473 0.439555 0.207843 0.437048 0.15265 0.436066 0.0992931 0.436922 0.0443953 
3.975 -0.0994658 0.279674 -0.099949 0.218467 -0.100626 0.164592 -0.101585 0.11237 -0.102791 0.0587298 -0.104223 0.00649743 -0.105622 -0.0478474 
3.752 -0.152883 0.433078 -0.151656 0.366747 -0.15133 0.308973 -0.150924 0.253687 -0.150977 0.197525 -0.151192 0.143955 -0.151552 0.0895837 
3.996 -0.174113 0.292686 -0.173544 0.231173 -0.173534 0.176944 -0.173928 0.124579 -0.174902 0.0705918 -0.176354 0.0182435 -0.177999 -0.0359468 
1.679 0.0806465 0.0338173 0.0794529 -0.024257 0.0788925 -0.0777958 0.0787122 -0.131262 0.0787878 -0.188516 0.0792581 -0.24609 0.0804499 -0.307575 
1.644 0.131324 0.0338173 0.130484 -0.0245592 0.130321 -0.0782075 0.130801 -0.131814 0.1316 -0.189228 0.133018 -0.246924 0.13526 -0.308269 
4.25 -0.243282 0.1475 -0.243692 0.0889477 -0.245219 0.0363135 -0.247268 -0.015502 -0.250136 -0.0700884 -0.25392 -0.124023 -0.257978 -0.180901 
3.826 -0.266566 0.419381 -0.263237 0.353801 -0.261161 0.29654 -0.259646 0.241724 -0.25894 0.185919 -0.258815 0.132426 -0.25905 0.0780218 
4.25 -0.162471 0.122846 -0.16365 0.0648207 -0.165379 0.0121636 -0.167467 -0.0395832 -0.170215 -0.0943561 -0.173391 -0.148861 -0.176746 -0.206347 
4.328 -0.0433091 -0.0134365 -0.0451424 -0.0717234 -0.0468304 -0.125833 -0.0485918 -0.180176 -0.0506129 -0.238759 -0.0526004 -0.297585 -0.0544052 -0.360288 
4.246 -0.0864539 0.0961375 -0.0880017 0.0383458 -0.0896135 -0.014107 -0.0914809 -0.066024 -0.0936473 -0.121077 -0.0960138 -0.175987 -0.0983357 -0.234199 
1.688 0.0950281 0.0262841 0.0940496 -0.0319543 0.0936496 -0.0855947 0.0936196 -0.139195 0.0941365 -0.196699 0.0948806 -0.254629 0.0963317 -0.316469 
4.156 -0.0118066 0.0680592 -0.0134613 0.010251 -0.0149078 -0.0424947 -0.0161895 -0.094819 -0.0175894 -0.150698 -0.0187935 -0.206761 -0.0196052 -0.266134 
3.848 -0.31519 0.422805 -0.310829 0.357173 -0.308056 0.299795 -0.306168 0.244924 -0.30491 0.188984 -0.304567 0.135423 -0.304659 0.0807755 
4.391 -0.267251 0.043405 -0.269619 -0.0147612 -0.272781 -0.0681299 -0.27659 -0.121206 -0.281426 -0.177739 -0.286893 -0.234294 -0.293055 -0.294438 
3.855 -0.0309821 0.283098 -0.032356 0.221847 -0.0336004 0.167865 -0.034942 0.115698 -0.0363037 0.0619029 -0.0376149 0.00959516 -0.0387387 -0.0445879 
4.355 -0.197398 0.0509382 -0.199551 -0.00699188 -0.202102 -0.0601438 -0.205451 -0.113054 -0.209326 -0.169438 -0.213627 -0.22599 -0.218516 -0.285968 
4.09 -0.0672785 0.197493 -0.0684268 0.138522 -0.0697221 0.0858983 -0.0710415 0.0343939 -0.0725971 -0.0193232 -0.0742847 -0.0723605 -0.0758792 -0.127875 
1.495 0.0484591 0.103671 0.0467844 0.0457606 0.0456579 -0.00694807 0.0447178 -0.0590911 0.0440231 -0.11444 0.0436778 -0.169841 0.0438781 -0.228637 
1.672 0.153239 0.00984797 0.152755 -0.0487849 0.152994 -0.102949 0.153898 -0.157229 0.155398 -0.215488 0.157315 -0.274043 0.160399 -0.336757 
4.305 -0.185071 0.0892891 -0.186565 0.0313974 -0.188668 -0.0213534 -0.191122 -0.0737717 -0.194383 -0.129146 -0.198128 -0.184529 -0.202135 -0.243251 
3.959 -0.12275 0.298849 -0.122796 0.237218 -0.123176 0.182813 -0.123828 0.130363 -0.124948 0.0764965 -0.126297 0.0240564 -0.127685 -0.0299467 
3.771 -0.226846 0.44335 -0.223918 0.376756 -0.221973 0.318742 -0.220687 0.263355 -0.21969 0.207027 -0.219555 0.153281 -0.219567 0.0986782 
4.234 -0.0960416 0.10641 -0.0975608 0.0485511 -0.0991458 -0.00395274 -0.100941 -0.0557546 -0.103153 -0.110588 -0.105489 -0.165327 -0.107889 -0.223278 
4.066 -0.100151 0.220093 -0.100993 0.160504 -0.102001 0.107509 -0.103238 0.055922 -0.104797 0.00223529 -0.106592 -0.0504887 -0.108348 -0.105519 
3.93 -0.100836 0.309807 -0.1012 0.247742 -0.101803 0.192941 -0.10257 0.140483 -0.103656 0.0863125 -0.104943 0.0339785 -0.106206 -0.0199594 
4.309 -0.168634 0.0810711 -0.170254 0.022931 -0.172325 -0.0295091 -0.174819 -0.0822418 -0.177965 -0.1377 -0.181565 -0.193213 -0.185412 -0.252379 
4.102 -0.128914 0.205027 -0.129436 0.145898 -0.130477 0.0930315 -0.131676 0.0415243 -0.133453 -0.0122725 -0.135519 -0.0652316 -0.137778 -0.12074 
3.904 0.0642104 -0.0552116 0.0634176 -0.114397 0.0630474 -0.169557 0.0630151 -0.22515 0.0631135 -0.285005 0.06355 -0.34553 0.0646635 -0.410771 
4.027 -0.168634 0.272826 -0.168234 0.211754 -0.168388 0.157993 -0.168999 0.105726 -0.170158 0.0519328 -0.171757 -0.000486504 -0.17354 -0.0548751 
3.842 -0.286427 0.415272 -0.282571 0.349841 -0.279987 0.292679 -0.278361 0.237925 -0.277263 0.182067 -0.277225 0.128632 -0.277427 0.0741551 
4.188 -0.0713875 0.131749 -0.0727714 0.0737486 -0.0742341 0.0213387 -0.07579 -0.0303531 -0.0776465 -0.084835 -0.0796268 -0.139001 -0.0815278 -0.196257 
3.885 -0.31382 0.387878 -0.310091 0.323603 -0.307831 0.267173 -0.306389 0.213088 -0.305733 0.15781 -0.305895 0.104634 -0.306592 0.0502447 
0.784 0.388139 0.268032 0.383875 0.207574 0.3816 0.153661 0.380299 0.101085 0.380219 0.0464933 0.381523 -0.00707556 0.384659 -0.0627141 
4.168 -0.12549 0.163936 -0.126397 0.105413 -0.127722 0.0529272 -0.12931 0.00135375 -0.131379 -0.0527358 -0.133752 -0.106292 -0.136259 -0.162663 
4.047 -0.176852 0.259814 -0.176565 0.199266 -0.176873 0.145557 -0.177662 0.0935646 -0.179006 0.0397325 -0.18087 -0.012776 -0.182898 -0.0673562 
4.359 -0.248076 0.072853 -0.249674 0.0147847 -0.252399 -0.0381337 -0.255521 -0.0907542 -0.259855 -0.146557 -0.264399 -0.20233 -0.269632 -0.261375 
4.387 -0.138502 0.00984797 -0.14084 -0.0481695 -0.14341 -0.101823 -0.146353 -0.155491 -0.149893 -0.213015 -0.153659 -0.270864 -0.157647 -0.332472 
4.266 -0.109054 0.0927133 -0.110582 0.0348299 -0.112383 -0.0177155 -0.114369 -0.0699443 -0.116885 -0.125309 -0.119681 -0.180659 -0.122462 -0.239302 
4 -0.0665936 0.250226 -0.0675991 0.189873 -0.0687323 0.136375 -0.0698912 0.0845863 -0.071326 0.0308745 -0.0728403 -0.021511 -0.0742256 -0.0760111 
3.91 -0.0467333 0.292686 -0.0480281 0.231114 -0.0491822 0.176865 -0.0504391 0.124547 -0.0517255 0.0706702 -0.0530259 0.0184304 -0.0542005 -0.0356063 
4.379 -0.121381 0.00916313 -0.123595 -0.0489619 -0.125924 -0.102614 -0.128639 -0.156238 -0.131822 -0.213823 -0.135251 -0.2717 -0.138726 -0.333386 
4.27 -0.0939871 0.0831256 -0.0955701 0.0253636 -0.0972885 -0.0272954 -0.0992384 -0.0795583 -0.101602 -0.13513 -0.104052 -0.190851 -0.106541 -0.249837 
1.61 0.156663 0.0420353 0.155778 -0.0163137 0.155821 -0.0698427 0.156311 -0.123296 0.157692 -0.180342 0.159275 -0.237626 0.162044 -0.298727 
4.27 -0.043994 0.0584714 -0.0456439 0.000851697 -0.0471914 -0.0520757 -0.0488232 -0.104518 -0.0505595 -0.160453 -0.0523959 -0.216769 -0.0539596 -0.27636 
4.012 -0.119326 0.268717 -0.119525 0.207833 -0.120156 0.154093 -0.120994 0.102052 -0.122242 0.048422 -0.1238 -0.00394104 -0.125343 -0.0583763 
4.012 -0.150144 0.278989 -0.149883 0.217925 -0.150171 0.163943 -0.150791 0.11174 -0.151947 0.058016 -0.153509 0.00559933 -0.155175 -0.0487177 
3.969 -0.0426243 0.262553 -0.0439702 0.201847 -0.0451679 0.148083 -0.046424 0.096204 -0.0478357 0.0424429 -0.0492008 -0.00985926 -0.0504219 -0.0643658 
4.414 -0.0617998 -0.0613752 -0.0638747 -0.120604 -0.0659793 -0.175881 -0.0680897 -0.231661 -0.0704982 -0.291657 -0.0729686 -0.352386 -0.0753245 -0.417677 
4.238 -0.135762 0.123531 -0.137022 0.0656255 -0.138675 0.0128686 -0.140673 -0.0387078 -0.143152 -0.0934024 -0.14603 -0.147971 -0.149034 -0.205454 
3.953 0.0464046 0.00916313 0.0452107 -0.0491095 0.0444882 -0.102974 0.0439119 -0.156815 0.0437076 -0.21481 0.0437729 -0.273245 0.0442774 -0.335489 
1.583 0.123106 -0.0182304 0.122743 -0.0772226 0.123171 -0.131894 0.12393 -0.187119 0.125273 -0.24633 0.126851 -0.306275 0.129569 -0.371 
3.988 -0.0837146 0.264608 -0.0843805 0.203838 -0.0852467 0.150247 -0.0862837 0.0983131 -0.087603 0.0447264 -0.089077 -0.00760428 -0.0904861 -0.0620961 
4.156 -0.139186 0.176264 -0.13991 0.117561 -0.141169 0.0649443 -0.142659 0.0134063 -0.144768 -0.0405093 -0.147196 -0.0938774 -0.149734 -0.149929 
4.141 -0.121381 0.178318 -0.12229 0.119615 -0.123508 0.0670131 -0.124887 0.0154923 -0.126844 -0.0384059 -0.129065 -0.0917482 -0.131411 -0.147803 
1.448 0.105985 0.114628 0.104344 0.0565775 0.103314 0.00369952 0.10282 -0.0483501 0.10266 -0.103635 0.102957 -0.158914 0.103996 -0.217193 
1.53 0.147761 0.0673743 0.146522 0.00916998 0.146251 -0.0440002 0.146403 -0.0971132 0.147266 -0.153374 0.148699 -0.209938 0.150929 -0.27021 
4 -0.0426243 0.241323 -0.0439891 0.181154 -0.0452434 0.127915 -0.0465943 0.0761058 -0.0479552 0.0225271 -0.0493465 -0.0299321 -0.0505711 -0.0845662 
3.938 -0.0802904 0.296795 -0.0808676 0.235118 -0.0816861 0.180862 -0.0825923 0.128376 -0.0838326 0.0745318 -0.0851925 0.0222195 -0.0864099 -0.0318053 
1.636 0.0922887 0.0440899 0.0911294 -0.013983 0.0906752 -0.0673801 0.0904243 -0.120626 0.0908115 -0.177601 0.0914132 -0.234903 0.0926852 -0.295824 
4.059 -0.0741268 0.218039 -0.0753727 0.158325 -0.0766668 0.105263 -0.0779548 0.0536512 -0.0794359 -9.72282e-05 -0.080883 -0.0527417 -0.0823053 -0.107737 
4.352 -0.183701 0.0454595 -0.185781 -0.0124645 -0.188434 -0.0656066 -0.191477 -0.11856 -0.195308 -0.175078 -0.199509 -0.231666 -0.204011 -0.291752 
3.9 -0.33505 0.389248 -0.330981 0.324825 -0.328459 0.268388 -0.326787 0.214327 -0.325966 0.15894 -0.326188 0.105779 -0.326777 0.0513683 
4.199 -0.12549 0.144076 -0.126478 0.0858897 -0.128052 0.033452 -0.129689 -0.0181227 -0.131992 -0.0725534 -0.134641 -0.126654 -0.137182 -0.183721 
4.324 -0.043994 0.00231475 -0.0458253 -0.055924 -0.047443 -0.10955 -0.0491877 -0.163276 -0.0511221 -0.220721 -0.0530663 -0.279163 -0.0547935 -0.341048 
4.258 -0.185071 0.124216 -0.186122 0.0657436 -0.187847 0.0133518 -0.189988 -0.0388625 -0.192851 -0.0932928 -0.19623 -0.147827 -0.199869 -0.205357 
2.918 0.0128476 0.113943 0.0111805 0.0560404 0.00985787 0.00348805 0.00863186 -0.0484776 0.00755561 -0.103576 0.00659929 -0.158539 0.00609736 -0.21704 
1.47 0.107355 -0.0332968 0.107125 -0.0926583 0.107437 -0.147715 0.108176 -0.2033 0.109284 -0.262976 0.110839 -0.323434 0.113278 -0.388537 
4.188 -0.253554 0.178318 -0.253577 0.119482 -0.254644 0.0666935 -0.256279 0.0149282 -0.25878 -0.0392815 -0.262103 -0.0927861 -0.265783 -0.148886 
4.188 -0.139186 0.155034 -0.140106 0.0965938 -0.141597 0.0441128 -0.143188 -0.00744791 -0.14552 -0.0616338 -0.148066 -0.115315 -0.150747 -0.171996 
4.23 -0.173428 0.137913 -0.174438 0.0796583 -0.175898 0.0271442 -0.177824 -0.0245976 -0.180466 -0.0791348 -0.183562 -0.133218 -0.186767 -0.190447 
3.957 0.0101082 0.0283386 0.00865777 -0.0296836 0.00748531 -0.0831356 0.00639063 -0.136486 0.00539493 -0.193701 0.00450369 -0.251317 0.00405853 -0.31264 
4.043 -0.10426 0.23379 -0.104952 0.174043 -0.105987 0.120871 -0.107004 0.0691824 -0.108501 0.0155078 -0.110198 -0.0370921 -0.111894 -0.0921034 
1.456 0.145706 0.100247 0.144165 0.0419837 0.14339 -0.0111244 0.143313 -0.0633966 0.143799 -0.119071 0.144885 -0.174728 0.146845 -0.233355 
4.051 0.00120531 0.060526 -0.000413317 0.00276848 -0.00165287 -0.0501043 -0.00313428 -0.102441 -0.00433956 -0.158371 -0.00552732 -0.214476 -0.00650684 -0.27389 
4.203 -0.295329 0.174209 -0.29533 0.115245 -0.296354 0.0623126 -0.298097 0.0105541 -0.300951 -0.0437746 -0.304497 -0.097289 -0.308628 -0.153407 
4.039 -0.0905629 0.234475 -0.0914052 0.174547 -0.0924136 0.121445 -0.0936374 0.0697362 -0.0950916 0.0162362 -0.0967263 -0.0360948 -0.0982917 -0.0907315 
1.417 0.0231201 0.161197 0.0213117 0.102753 0.0199525 0.0502113 0.0186303 -0.00125419 0.0175074 -0.0555494 0.0165952 -0.109281 0.0160674 -0.165956 
4.027 -0.188495 0.275565 -0.187804 0.214548 -0.187888 0.16071 -0.188345 0.108503 -0.189509 0.0544679 -0.191236 0.00201664 -0.193127 -0.0525412 
4.176 -0.113847 0.152979 -0.115007 0.0946248 -0.116351 0.0421138 -0.117993 -0.00942304 -0.120013 -0.0635527 -0.122339 -0.117291 -0.124715 -0.173983 
4.105 -0.0166005 0.0269689 -0.0182718 -0.0308419 -0.0198743 -0.0844017 -0.0211088 -0.137587 -0.0227856 -0.194916 -0.0241346 -0.252226 -0.0251572 -0.313489 
4.191 -0.272045 0.17147 -0.272112 0.112558 -0.27316 0.059521 -0.274913 0.00802882 -0.277649 -0.0462127 -0.281118 -0.0997203 -0.285119 -0.155685 
