1.723 0.0943432 0.00642378 0.0934241 -0.052002 0.0932147 -0.10606 0.0932848 -0.160215 0.0937474 -0.218365 0.0946149 -0.276985 0.0961458 -0.339615 
3.232 0.0984523 0.438556 0.0945547 0.372368 0.0915216 0.314704 0.0888043 0.259574 0.0862802 0.203448 0.0842859 0.149958 0.0829335 0.095624 
4.152 -0.389837 0.229681 -0.388246 0.169884 -0.388204 0.116489 -0.389047 0.0644015 -0.391037 0.0101441 -0.394152 -0.0430295 -0.397996 -0.0983991 
4.191 -0.363813 0.205027 -0.362945 0.14566 -0.363469 0.0924714 -0.364812 0.0404618 -0.367333 -0.0138267 -0.37084 -0.067145 -0.375065 -0.122832 
4.191 -0.37888 0.203657 -0.37798 0.144276 -0.378536 0.091073 -0.379954 0.0390609 -0.382544 -0.0152287 -0.386195 -0.0685837 -0.390601 -0.124258 
4.137 -0.353541 0.242693 -0.351956 0.182693 -0.35177 0.129135 -0.352395 0.0770336 -0.354114 0.0227977 -0.356788 -0.0301783 -0.36016 -0.0853504 
4.242 -0.382304 0.176264 -0.381951 0.117295 -0.383008 0.0642624 -0.384843 0.0122686 -0.387973 -0.0422275 -0.392115 -0.0959612 -0.397045 -0.152189 
1.015 0.266922 0.370073 0.261156 0.306746 0.257104 0.25109 0.253838 0.197483 0.251306 0.142461 0.249764 0.0893337 0.249462 0.0347656 
4.234 -0.348062 0.174209 -0.34785 0.115269 -0.348946 0.0623014 -0.35077 0.0102994 -0.353808 -0.0441519 -0.357795 -0.097881 -0.362427 -0.154136 
4.207 -0.355595 0.194069 -0.354935 0.134846 -0.35564 0.0817525 -0.35715 0.0298077 -0.359814 -0.0245469 -0.363435 -0.0780254 -0.36776 -0.133895 
4.164 -0.363128 0.220093 -0.361963 0.160452 -0.362178 0.107082 -0.363293 0.0550713 -0.365515 0.000840035 -0.368739 -0.0522987 -0.372657 -0.107735 
4.188 -0.415861 0.207766 -0.414684 0.148345 -0.415038 0.0950642 -0.416386 0.043022 -0.419011 -0.011323 -0.422815 -0.0646721 -0.427358 -0.120393 
4.234 -0.402164 0.179688 -0.401643 0.120616 -0.402601 0.0675946 -0.40447 0.0155571 -0.407616 -0.0389573 -0.411877 -0.0926621 -0.41696 -0.148855 
4.164 -0.41997 0.226942 -0.418291 0.167201 -0.418239 0.113777 -0.419129 0.061672 -0.421291 0.00735385 -0.424625 -0.0458412 -0.428753 -0.101282 
4.133 -0.406273 0.245432 -0.404249 0.185381 -0.403815 0.13176 -0.404336 0.0795747 -0.406037 0.0252915 -0.408878 -0.0277448 -0.412491 -0.0829504 
4.195 -0.396001 0.204342 -0.394989 0.144966 -0.395519 0.091726 -0.396918 0.0397182 -0.399587 -0.0146107 -0.403326 -0.0679917 -0.40788 -0.123687 
4.23 -0.367922 0.177633 -0.36758 0.118647 -0.368592 0.0656341 -0.370409 0.013636 -0.373469 -0.040802 -0.377507 -0.0945369 -0.382295 -0.150732 
4.016 -0.0919326 0.250911 -0.0926045 0.190521 -0.0935894 0.136972 -0.094679 0.0851282 -0.0961082 0.0314392 -0.0977096 -0.0209673 -0.0992347 -0.0754974 
4.137 -0.370662 0.239269 -0.369076 0.1793 -0.368957 0.125754 -0.369646 0.0736558 -0.371495 0.0193885 -0.374356 -0.0336132 -0.377879 -0.0887868 
4.164 -0.404219 0.227626 -0.402586 0.167882 -0.402545 0.114471 -0.40342 0.0623705 -0.40549 0.00808797 -0.408747 -0.0451144 -0.412717 -0.100502 
2.982 0.200493 0.433078 0.194301 0.366933 0.189566 0.30919 0.18549 0.254 0.18182 0.19783 0.179037 0.144163 0.177207 0.0894723 
4.164 -0.348062 0.220778 -0.346959 0.16114 -0.347197 0.107807 -0.34825 0.0558144 -0.350405 0.00157695 -0.353502 -0.0515654 -0.357303 -0.106982 
4.211 -0.413806 0.194069 -0.412927 0.13487 -0.41357 0.0817152 -0.415133 0.0296586 -0.418036 -0.024749 -0.422058 -0.0782972 -0.426927 -0.134299 
4.129 -0.384358 0.244062 -0.382517 0.184018 -0.382186 0.13042 -0.382727 0.0782799 -0.384425 0.0240083 -0.387227 -0.029022 -0.390739 -0.0841845 
4.195 -0.430927 0.206396 -0.429713 0.146977 -0.430086 0.0936842 -0.431473 0.0416235 -0.434204 -0.0127758 -0.438129 -0.0661468 -0.44291 -0.121852 
4.168 -0.376825 0.218723 -0.375645 0.159093 -0.375879 0.105741 -0.37701 0.0537257 -0.379314 -0.000552003 -0.382614 -0.0537346 -0.386667 -0.109181 
4.121 -0.363813 0.252281 -0.361994 0.192001 -0.36161 0.138297 -0.362111 0.086121 -0.363685 0.0319142 -0.366325 -0.0210209 -0.369577 -0.0760447 
4.188 -0.348747 0.206396 -0.347923 0.147029 -0.348418 0.0938133 -0.349716 0.0418477 -0.352126 -0.0124057 -0.355501 -0.0657302 -0.359561 -0.12142 
4.035 -0.200822 0.269401 -0.200175 0.208646 -0.20022 0.15474 -0.20074 0.102601 -0.201963 0.0486766 -0.203772 -0.00376456 -0.205853 -0.0583139 
4.105 -0.390522 0.262553 -0.388247 0.202115 -0.387538 0.148338 -0.387714 0.0960046 -0.389046 0.041748 -0.391488 -0.0112043 -0.394635 -0.0661602 
4.129 -0.42134 0.244062 -0.419224 0.184003 -0.41882 0.130369 -0.419306 0.0781757 -0.421119 0.0238991 -0.424076 -0.0291597 -0.427799 -0.084378 
1.348 0.176524 0.143391 0.174326 0.084857 0.173297 0.0319536 0.172852 -0.0201244 0.173119 -0.0750991 0.174191 -0.129735 0.176239 -0.187366 
4.051 -0.143295 0.247487 -0.143369 0.187197 -0.143896 0.133655 -0.144887 0.0818337 -0.146333 0.028066 -0.148232 -0.024401 -0.150216 -0.0790572 
3.963 0.0183263 -0.0504178 0.0169649 -0.10942 0.0160602 -0.164394 0.0151787 -0.219889 0.0143983 -0.279481 0.0137472 -0.339869 0.0135512 -0.40457 
0.909 0.309382 0.305698 0.304488 0.244388 0.301448 0.18996 0.299195 0.137259 0.297882 0.082697 0.29775 0.0295865 0.298933 -0.0254213 
4.086 -0.14535 0.224202 -0.145688 0.164447 -0.146475 0.111403 -0.14761 0.0597531 -0.149234 0.00597222 -0.151215 -0.0466933 -0.153337 -0.101714 
4.051 -0.162471 0.255705 -0.162304 0.19517 -0.16278 0.14153 -0.163631 0.0895855 -0.165063 0.0358029 -0.166786 -0.016677 -0.168929 -0.0712317 
4.34 -0.213149 0.0769621 -0.21473 0.0189502 -0.217135 -0.033923 -0.219933 -0.0864193 -0.223669 -0.14216 -0.227877 -0.197871 -0.232479 -0.256823 
4.129 -0.192604 0.211875 -0.192575 0.152412 -0.193276 0.0993539 -0.194427 0.0476567 -0.196322 -0.00620242 -0.198741 -0.0591997 -0.201486 -0.114527 
4.137 -0.221367 0.21256 -0.221132 0.15308 -0.221774 0.0999305 -0.222963 0.0481696 -0.224881 -0.00573573 -0.227466 -0.0587653 -0.230461 -0.114111 
4.141 -0.436406 0.242693 -0.434244 0.18263 -0.433837 0.129011 -0.434411 0.0768151 -0.4363 0.0225017 -0.43936 -0.0305668 -0.443263 -0.085761 
4.238 -0.190549 0.138597 -0.191423 0.0802953 -0.192932 0.0277437 -0.194906 -0.0240163 -0.197622 -0.0785697 -0.200909 -0.132779 -0.204435 -0.189851 
4.234 -0.416546 0.177633 -0.416014 0.118609 -0.417019 0.0655544 -0.418896 0.0135337 -0.422191 -0.0410204 -0.42655 -0.0947625 -0.431772 -0.150991 
0.895 0.327873 0.225572 0.324341 0.165813 0.322696 0.11223 0.321803 0.05993 0.322058 0.00515258 0.323549 -0.0486393 0.326522 -0.10481 
1.492 0.0854404 0.370757 0.0820787 0.307054 0.0794253 0.251207 0.0770872 0.197591 0.075033 0.142773 0.0734057 0.0901346 0.0724341 0.0359945 
3.078 0.132694 0.367333 0.128694 0.303852 0.125663 0.248094 0.123037 0.194506 0.120712 0.139592 0.119185 0.0868123 0.118297 0.0325944 
4.016 -0.220682 0.292001 -0.219524 0.23066 -0.219273 0.176414 -0.21945 0.12397 -0.22036 0.0699062 -0.221904 0.0174061 -0.223807 -0.0369476 
4.09 -0.365183 0.270086 -0.362966 0.209409 -0.362295 0.155453 -0.362435 0.103121 -0.363666 0.0488942 -0.365989 -0.00398376 -0.368846 -0.0588295 
4.184 -0.191919 0.172154 -0.192412 0.113463 -0.193573 0.0607513 -0.195188 0.00912864 -0.197587 -0.0450433 -0.200491 -0.0985929 -0.203666 -0.154843 
3.994 -0.196713 0.29748 -0.195745 0.235885 -0.195523 0.181496 -0.195755 0.12892 -0.196625 0.0749463 -0.198072 0.022492 -0.199819 -0.0317765 
4.113 -0.350801 0.258444 -0.348943 0.198061 -0.348499 0.144329 -0.348868 0.0921197 -0.350309 0.0378967 -0.352692 -0.0149914 -0.355747 -0.069947 
4.07 -0.200137 0.252965 -0.199655 0.192763 -0.199867 0.139196 -0.200603 0.0871103 -0.201997 0.033347 -0.203942 -0.0193105 -0.206263 -0.0739985 
1.604 0.0916039 -0.0264484 0.0910519 -0.0852022 0.0910159 -0.139731 0.0912751 -0.1947 0.0919191 -0.253675 0.092935 -0.313299 0.0946771 -0.377317 
4.07 -0.222737 0.261183 -0.221896 0.200646 -0.221945 0.146911 -0.222531 0.0948442 -0.223851 0.0409278 -0.225789 -0.0116514 -0.228129 -0.0663114 
3.965 -0.226161 0.322134 -0.224601 0.25985 -0.223981 0.204969 -0.223807 0.151997 -0.224343 0.0976249 -0.225514 0.0450134 -0.227025 -0.00919419 
4.098 -0.0898781 0.201603 -0.0909254 0.14258 -0.0920884 0.0897535 -0.0934203 0.038313 -0.0950488 -0.015469 -0.0968513 -0.0684531 -0.0985664 -0.123967 
2.492 0.0683194 0.00710862 0.0671612 -0.0512449 0.0664976 -0.105141 0.0662263 -0.15916 0.0661337 -0.217198 0.0664156 -0.275715 0.0673152 -0.338214 
4.27 -0.218628 0.12627 -0.219595 0.068059 -0.221416 0.0154764 -0.223661 -0.0364811 -0.22677 -0.0912821 -0.230489 -0.145787 -0.234526 -0.203262 
1.017 0.267607 0.352952 0.262108 0.290242 0.258282 0.234945 0.255171 0.181618 0.25288 0.126756 0.251601 0.0737306 0.251589 0.0191212 
4.309 -0.217943 0.100247 -0.219273 0.0423375 -0.221469 -0.0103915 -0.224049 -0.0625513 -0.227495 -0.117913 -0.231503 -0.172866 -0.23586 -0.23111 
4.195 -0.238488 0.176264 -0.238501 0.11737 -0.23967 0.0645883 -0.241323 0.0128673 -0.243734 -0.0413423 -0.247044 -0.0948777 -0.250704 -0.151015 
3.186 0.182002 0.431023 0.176376 0.364891 0.172115 0.30725 0.168432 0.252167 0.165052 0.196023 0.162578 0.14242 0.160976 0.0878272 
4.035 0.00873853 0.0125873 0.00724931 -0.0456421 0.00609653 -0.0994066 0.00508837 -0.153151 0.00409075 -0.211068 0.0031445 -0.269392 0.00266494 -0.331617 
4.227 -0.215888 0.153664 -0.216455 0.0951687 -0.217857 0.0425271 -0.219724 -0.00922993 -0.222437 -0.0637217 -0.225793 -0.117539 -0.229514 -0.174147 
1.345 0.190221 0.1475 0.187967 0.0888763 0.186936 0.0359355 0.186514 -0.0161725 0.186828 -0.0710858 0.187964 -0.125651 0.190171 -0.183154 
4.086 -0.200137 0.239269 -0.199827 0.17926 -0.200165 0.125875 -0.201059 0.0740701 -0.202587 0.0202153 -0.20471 -0.0324384 -0.207171 -0.0873667 
1.563 0.0251746 0.367333 0.0227537 0.303225 0.0207976 0.247083 0.0189831 0.19323 0.0172697 0.138374 0.0158117 0.0857188 0.0149007 0.0317021 
3.898 -0.221367 0.356376 -0.219506 0.2931 -0.218614 0.237421 -0.218163 0.183928 -0.218358 0.129119 -0.219161 0.0763985 -0.220336 0.0222247 
4.273 -0.0460485 -0.0613752 -0.0479918 -0.120579 -0.0497615 -0.175792 -0.0516753 -0.231603 -0.0537719 -0.291678 -0.0558982 -0.352623 -0.0577905 -0.417997 
4.09 -0.405588 0.276935 -0.402943 0.216157 -0.401945 0.162134 -0.4019 0.109672 -0.403077 0.0553568 -0.405318 0.00246239 -0.408351 -0.0523773 
4.445 -0.073442 -0.0572661 -0.0756851 -0.116376 -0.0779296 -0.171458 -0.080348 -0.227021 -0.0830011 -0.286819 -0.0857838 -0.347381 -0.0884937 -0.412384 
3.996 0.010793 -0.0264484 0.00939239 -0.0850818 0.00831995 -0.139588 0.00739958 -0.194441 0.00641972 -0.253313 0.00553868 -0.312803 0.00515952 -0.376471 
4.082 -0.352171 0.27625 -0.350008 0.215456 -0.349295 0.161436 -0.349385 0.109051 -0.350536 0.0547943 -0.352633 0.00195841 -0.355396 -0.0528234 
0.91 0.308697 0.292001 0.304113 0.231002 0.301262 0.176832 0.299246 0.124226 0.298161 0.0697125 0.298251 0.016481 0.299697 -0.0386205 
4.203 -0.316559 0.196809 -0.316182 0.137622 -0.316927 0.0844757 -0.318325 0.0325403 -0.320962 -0.0217138 -0.324388 -0.0751223 -0.328375 -0.130961 
3.936 -0.235749 0.341309 -0.233922 0.2785 -0.23294 0.223321 -0.232546 0.170122 -0.232811 0.115524 -0.233714 0.0629093 -0.234982 0.00878196 
1.668 0.0676346 0.0420353 0.0663607 -0.0159791 0.0656419 -0.0693518 0.0652533 -0.122739 0.0651352 -0.179862 0.0653259 -0.237331 0.0660961 -0.298626 
4.105 -0.220682 0.234475 -0.220169 0.174602 -0.220496 0.121212 -0.221418 0.0694209 -0.223032 0.0155699 -0.225334 -0.0372569 -0.227997 -0.0923672 
4.219 -0.196713 0.152294 -0.197385 0.0938998 -0.198782 0.041188 -0.200657 -0.0103857 -0.203264 -0.0648273 -0.206455 -0.118679 -0.209943 -0.175466 
4.121 -0.113163 0.189275 -0.114092 0.130238 -0.115199 0.0775226 -0.116693 0.0260425 -0.11845 -0.0277495 -0.120631 -0.0808119 -0.122706 -0.136437 
4.25 -0.0460485 -0.0771264 -0.0479721 -0.136594 -0.0498572 -0.192487 -0.0517412 -0.248754 -0.0539175 -0.309501 -0.0560273 -0.370975 -0.0580273 -0.437117 
1.268 0.1505 -0.0668539 0.151051 -0.127015 0.1523 -0.183153 0.153942 -0.239784 0.156162 -0.300954 0.159075 -0.3634 0.163194 -0.430944 
1.535 0.180633 -0.0237091 0.180854 -0.0828898 0.181883 -0.13773 0.183568 -0.192749 0.185902 -0.251893 0.188971 -0.311731 0.193275 -0.375984 
4.094 -0.164525 0.225572 -0.16459 0.165893 -0.165303 0.112794 -0.166387 0.0611503 -0.167995 0.0073707 -0.170124 -0.0453545 -0.172453 -0.100406 
4.121 -0.161786 0.202287 -0.162015 0.143141 -0.162941 0.0903091 -0.164173 0.038711 -0.166071 -0.0151089 -0.168336 -0.0682071 -0.170878 -0.123774 
4.219 -0.160416 0.141337 -0.161375 0.0830977 -0.162768 0.0305933 -0.164576 -0.0211118 -0.166884 -0.0756338 -0.169854 -0.129771 -0.172966 -0.186898 
4.086 -0.389837 0.278304 -0.387313 0.217487 -0.386428 0.163467 -0.386393 0.11103 -0.387513 0.0567371 -0.389729 0.0038849 -0.392617 -0.0509617 
4.223 -0.315875 0.174894 -0.315903 0.115922 -0.317017 0.0629753 -0.318794 0.0110465 -0.321802 -0.043347 -0.325538 -0.0969756 -0.329921 -0.153138 
1.627 0.103931 -0.0059033 0.103273 -0.0646131 0.103349 -0.118993 0.1037 -0.173496 0.104564 -0.232115 0.105808 -0.291273 0.107857 -0.354602 
4.27 -0.173428 0.110519 -0.174732 0.0525315 -0.176544 -0.000128661 -0.178835 -0.0520924 -0.181778 -0.106999 -0.185201 -0.161844 -0.188833 -0.219689 
2.076 0.192275 0.416642 0.186806 0.351377 0.18272 0.294407 0.179137 0.239771 0.176027 0.184091 0.173642 0.130639 0.172269 0.0761701 
1.44 0.119682 0.111204 0.117977 0.0529399 0.117152 8.21738e-05 0.116698 -0.0519539 0.116789 -0.107424 0.117418 -0.162738 0.118867 -0.221069 
2.943 0.163512 0.425544 0.158304 0.359598 0.154353 0.302027 0.150847 0.247065 0.147712 0.190986 0.145291 0.137453 0.143795 0.0829152 
3.992 -0.223421 0.305698 -0.222082 0.243969 -0.221615 0.189456 -0.221634 0.136806 -0.22238 0.0826387 -0.223744 0.0300715 -0.225434 -0.0242143 
4.094 -0.180277 0.23242 -0.180161 0.172573 -0.180692 0.119385 -0.181669 0.0675782 -0.183265 0.0138093 -0.185408 -0.0389012 -0.187744 -0.0939159 
4.387 -0.048103 -0.0394603 -0.0500138 -0.0982172 -0.0517578 -0.152938 -0.0535998 -0.20799 -0.0556802 -0.267321 -0.0577157 -0.327143 -0.059655 -0.391196 
3.959 -0.139871 0.303643 -0.139666 0.241725 -0.139924 0.187199 -0.14046 0.134675 -0.141501 0.0806329 -0.142862 0.028284 -0.144299 -0.0257779 
1.613 0.103246 0.0529927 0.10207 -0.0051474 0.101588 -0.0584393 0.101493 -0.111472 0.101792 -0.168181 0.102697 -0.225211 0.10417 -0.285679 
1.553 0.120367 0.0584714 0.119224 0.000379951 0.118892 -0.052859 0.118986 -0.105939 0.119525 -0.16239 0.120633 -0.219294 0.122523 -0.279789 
3.906 -0.236433 0.356376 -0.234374 0.293093 -0.233323 0.237384 -0.232757 0.183894 -0.232863 0.129072 -0.233596 0.0762829 -0.234649 0.0220884 
4.191 -0.170689 0.161882 -0.17145 0.10332 -0.172698 0.0507784 -0.17436 -0.000850157 -0.176717 -0.0549592 -0.179468 -0.108599 -0.18248 -0.164945 
4.262 -0.314505 0.154349 -0.314819 0.0956689 -0.316216 0.0428126 -0.318241 -0.00911143 -0.321524 -0.0637847 -0.325589 -0.117781 -0.330236 -0.174508 
4.367 -0.179592 0.0345021 -0.18189 -0.0234554 -0.184572 -0.0767199 -0.187678 -0.129854 -0.191497 -0.186606 -0.195745 -0.243558 -0.200184 -0.30407 
3.965 -0.174798 0.306383 -0.174099 0.244432 -0.17401 0.189826 -0.174351 0.137205 -0.175223 0.0831287 -0.176585 0.0306016 -0.17812 -0.0234569 
1.535 0.17036 0.0632653 0.169228 0.00505084 0.16928 -0.0482333 0.169638 -0.101424 0.170979 -0.157859 0.172813 -0.214512 0.175563 -0.274825 
1.469 0.0916039 -0.0682235 0.0912648 -0.128117 0.0915831 -0.184119 0.0920992 -0.240601 0.09296 -0.301608 0.0941424 -0.363687 0.0962011 -0.430647 
4.105 -0.193973 0.226942 -0.193787 0.167198 -0.194309 0.113925 -0.195312 0.0620853 -0.197017 0.00829295 -0.199278 -0.0444841 -0.201851 -0.0995186 
1.442 0.184742 0.104356 0.18299 0.0459717 0.182603 -0.00716605 0.182411 -0.0595591 0.183481 -0.115251 0.185021 -0.170783 0.187369 -0.229386 
4.406 -0.0782359 -0.0963019 -0.0807217 -0.156296 -0.0725615 -0.164881 -0.0748658 -0.220522 -0.0773908 -0.280091 -0.0800337 -0.340504 -0.0826787 -0.405243 
4.215 -0.140556 0.139282 -0.141611 0.0811239 -0.143186 0.0286484 -0.144814 -0.0230454 -0.147237 -0.0775437 -0.149871 -0.13172 -0.152598 -0.188896 
4.188 -0.245336 0.195439 -0.245122 0.136334 -0.246027 0.0833988 -0.247511 0.031608 -0.24978 -0.0224545 -0.252962 -0.0757574 -0.256501 -0.131535 
2.756 0.0340775 -0.0750719 0.0329666 -0.134674 0.0322637 -0.19042 0.0316379 -0.246691 0.0310125 -0.30739 0.0306135 -0.369012 0.0306755 -0.435326 
4.062 -0.122065 0.231051 -0.122572 0.171311 -0.123452 0.118148 -0.124612 0.0665489 -0.126128 0.0127584 -0.127875 -0.0399644 -0.129684 -0.0950991 
1.646 0.131324 0.0338173 0.130446 -0.0244981 0.130334 -0.0781673 0.13073 -0.131704 0.131553 -0.18915 0.133002 -0.24688 0.135226 -0.30826 
2.412 0.166251 0.385139 0.161332 0.32074 0.157627 0.26438 0.154379 0.210401 0.151612 0.155067 0.149494 0.102083 0.148421 0.0478306 
4.379 -0.202191 0.0358718 -0.204548 -0.0221306 -0.207236 -0.0754531 -0.210754 -0.128569 -0.214832 -0.185267 -0.219254 -0.24224 -0.224263 -0.302666 
1.669 0.123791 0.00710862 0.123097 -0.0514261 0.123305 -0.105475 0.124089 -0.15978 0.125223 -0.217962 0.126821 -0.276584 0.129338 -0.339177 
1.634 0.180633 0.0427202 0.179871 -0.0156951 0.180131 -0.0693544 0.180888 -0.122856 0.182616 -0.180023 0.184943 -0.237422 0.188068 -0.298433 
3.992 -0.173428 0.292686 -0.172849 0.231215 -0.172844 0.176927 -0.173256 0.124532 -0.174226 0.070621 -0.175687 0.0182694 -0.177311 -0.0359162 
0.885 0.327873 0.252965 0.323948 0.192835 0.321801 0.139122 0.320537 0.0868038 0.320364 0.0322209 0.321448 -0.0212693 0.323741 -0.077013 
1.375 0.212135 0.134488 0.210053 0.0759367 0.209249 0.0227742 0.208932 -0.0293802 0.209618 -0.0845953 0.211169 -0.139506 0.213638 -0.197298 
4.285 -0.14672 0.0933982 -0.148215 0.0353774 -0.15007 -0.0170159 -0.152351 -0.0692931 -0.15516 -0.124536 -0.158346 -0.179806 -0.161701 -0.23839 
4.352 -0.197398 0.0509382 -0.199579 -0.00699865 -0.202115 -0.0601512 -0.205397 -0.113047 -0.209356 -0.169443 -0.213616 -0.226017 -0.218565 -0.285965 
1.561 0.139543 0.0557321 0.138335 -0.00248342 0.138218 -0.0558256 0.138184 -0.108892 0.139302 -0.165663 0.140497 -0.222498 0.14247 -0.282801 
1.647 0.0833858 0.0454595 0.0821372 -0.0126025 0.0815723 -0.0659902 0.0813869 -0.119221 0.0814647 -0.176221 0.0820708 -0.233555 0.0832752 -0.294475 
4.418 -0.243282 0.0249144 -0.245864 -0.0332887 -0.249351 -0.0868605 -0.253204 -0.140296 -0.258001 -0.197352 -0.263456 -0.254596 -0.269385 -0.315517 
3.232 0.1279 0.38103 0.12383 0.317043 0.120668 0.261049 0.117987 0.207109 0.115564 0.152084 0.114001 0.0989587 0.113011 0.0448385 
1.669 0.153239 0.00984797 0.152762 -0.0487672 0.153109 -0.102932 0.15402 -0.157203 0.15541 -0.21541 0.157467 -0.274036 0.160548 -0.336734 
4.391 -0.267251 0.043405 -0.269621 -0.014746 -0.272794 -0.0680789 -0.27658 -0.12118 -0.281422 -0.177728 -0.286891 -0.234289 -0.293055 -0.294392 
4.25 -0.243282 0.1475 -0.243677 0.088922 -0.245212 0.0362775 -0.247311 -0.0155409 -0.250158 -0.0701217 -0.253904 -0.124074 -0.258006 -0.18093 
0.869 0.342254 0.252965 0.338184 0.192761 0.335935 0.139049 0.334725 0.0866626 0.334413 0.0321125 0.335446 -0.0213471 0.337984 -0.0771205 
4.059 -0.178907 0.258444 -0.178638 0.197854 -0.178972 0.14415 -0.179746 0.0921755 -0.181111 0.0383181 -0.182991 -0.0142012 -0.185076 -0.0688096 
4.297 -0.158362 0.0844953 -0.1599 0.0264739 -0.161971 -0.025922 -0.164329 -0.0786328 -0.167456 -0.134 -0.170955 -0.189467 -0.174593 -0.248483 
4.074 -0.0933023 0.217354 -0.0941372 0.157823 -0.0952152 0.104777 -0.0964447 0.0532308 -0.0980633 -0.000491729 -0.0998139 -0.0531991 -0.101566 -0.108243 
3.908 0.0642104 -0.0552116 0.0634089 -0.1143 0.0630332 -0.169423 0.0630076 -0.2251 0.0631154 -0.284873 0.0635212 -0.345425 0.0646717 -0.410664 
4.355 -0.165895 0.0379263 -0.168042 -0.020005 -0.17063 -0.0732755 -0.173556 -0.126431 -0.177185 -0.183192 -0.181206 -0.240168 -0.185331 -0.300687 
4.43 -0.266566 0.0255992 -0.26922 -0.0326373 -0.272761 -0.0862509 -0.276821 -0.139664 -0.281903 -0.19666 -0.287675 -0.253842 -0.294161 -0.314674 
3.961 -0.12275 0.298849 -0.12279 0.237252 -0.123184 0.182865 -0.123834 0.130456 -0.124949 0.0764164 -0.126307 0.0240544 -0.127686 -0.0299565 
4.355 -0.248076 0.0735379 -0.249788 0.0154238 -0.252493 -0.0374644 -0.255684 -0.0900602 -0.259831 -0.145878 -0.264518 -0.201647 -0.269731 -0.260672 
4.102 -0.128914 0.205027 -0.129433 0.145888 -0.130454 0.0930329 -0.131656 0.0415238 -0.133447 -0.0122842 -0.135524 -0.0652446 -0.13777 -0.120743 
4.379 -0.121381 0.00916313 -0.12359 -0.0489865 -0.125916 -0.102614 -0.128611 -0.156283 -0.131826 -0.213852 -0.135241 -0.271713 -0.138695 -0.333369 
1.688 0.0950281 0.0262841 0.0940495 -0.0319402 0.0937075 -0.0855877 0.0936385 -0.139224 0.0941673 -0.196727 0.0949416 -0.25466 0.0964121 -0.316504 
1.73 0.21556 0.385139 0.209776 0.3208 0.205576 0.264485 0.201963 0.210363 0.198869 0.15499 0.196723 0.101835 0.195546 0.0473442 
4.168 -0.12549 0.163936 -0.126394 0.105417 -0.127774 0.0529328 -0.129299 0.00133322 -0.131376 -0.0527357 -0.133814 -0.106282 -0.136259 -0.162608 
4.301 -0.185071 0.0892891 -0.186589 0.0314309 -0.188661 -0.0212338 -0.191144 -0.0736146 -0.194393 -0.128958 -0.198153 -0.184252 -0.202158 -0.243019 
1.614 0.156663 0.0420353 0.155721 -0.0162508 0.15578 -0.0698261 0.156343 -0.123275 0.157649 -0.180313 0.159251 -0.237565 0.161845 -0.29862 
1.359 0.253226 0.270086 0.249102 0.209237 0.246472 0.155274 0.244569 0.102768 0.243376 0.0484628 0.243393 -0.00471934 0.244409 -0.0597017 
4.238 -0.131653 0.119422 -0.132912 0.0614028 -0.134618 0.00882727 -0.136555 -0.0427647 -0.139031 -0.0974207 -0.141881 -0.151937 -0.144811 -0.209349 
1.529 0.10941 0.0701137 0.108113 0.012015 0.107583 -0.0411261 0.107483 -0.093884 0.107855 -0.150033 0.108761 -0.206526 0.110351 -0.266358 
4.395 -0.252869 0.0399808 -0.255237 -0.0182187 -0.258401 -0.0716061 -0.262153 -0.124771 -0.266771 -0.181426 -0.27212 -0.238252 -0.27788 -0.298512 
4.02 -0.197398 0.283783 -0.196558 0.2226 -0.196476 0.168358 -0.196834 0.116103 -0.197897 0.0622607 -0.199506 0.00968758 -0.201395 -0.0446148 
3.949 0.0464046 0.00916313 0.0452946 -0.0491163 0.044527 -0.102974 0.0439855 -0.156854 0.0437557 -0.21485 0.0437532 -0.273274 0.0443008 -0.335506 
4.207 -0.370662 0.1927 -0.369963 0.133526 -0.370679 0.0804324 -0.372241 0.0284147 -0.374928 -0.0259459 -0.378655 -0.0794878 -0.383153 -0.135432 
4.059 -0.073442 0.218039 -0.0745839 0.158346 -0.075757 0.105295 -0.0769733 0.0537312 -0.0789073 -0.000100572 -0.0804078 -0.0527216 -0.0818619 -0.107726 
1.532 0.147761 0.0673743 0.146495 0.0091714 0.146248 -0.0439762 0.146419 -0.0970765 0.1473 -0.153374 0.148695 -0.209952 0.151055 -0.270206 
4.359 -0.27136 0.0742227 -0.273106 0.0161169 -0.275835 -0.03688 -0.279081 -0.0895316 -0.283426 -0.145343 -0.288504 -0.201092 -0.294184 -0.260073 
4.156 -0.139186 0.176264 -0.13991 0.117531 -0.141154 0.0649078 -0.142676 0.0133886 -0.144797 -0.0405452 -0.147188 -0.0939088 -0.149745 -0.149921 
4.191 -0.12549 0.15024 -0.126477 0.091916 -0.127937 0.0394726 -0.129569 -0.0120976 -0.131729 -0.0664142 -0.134304 -0.120181 -0.136895 -0.176898 
4.066 -0.108369 0.221463 -0.109008 0.161777 -0.110006 0.108813 -0.111247 0.0572314 -0.112847 0.00354302 -0.114638 -0.0491677 -0.116398 -0.104217 
4.16 -0.0727572 0.155034 -0.0740653 0.0965528 -0.0755055 0.0440289 -0.0769387 -0.00740974 -0.0786871 -0.0615649 -0.080542 -0.115174 -0.0822945 -0.1717 
1.494 0.199123 -0.0291878 0.199484 -0.0886805 0.20105 -0.14391 0.203004 -0.199247 0.205931 -0.25905 0.2097 -0.319504 0.214317 -0.383816 
1.675 0.123106 0.0228599 0.122334 -0.0354983 0.122448 -0.0893599 0.122919 -0.143272 0.123961 -0.201111 0.125438 -0.259134 0.127786 -0.321219 
4.258 -0.185071 0.123531 -0.186132 0.0651468 -0.187864 0.0127389 -0.190011 -0.0395662 -0.1929 -0.094079 -0.196277 -0.148502 -0.199919 -0.206149 
1.72 0.0751678 0.0194357 0.0739617 -0.0388142 0.0732447 -0.0925299 0.0733379 -0.146361 0.0731571 -0.204004 0.0739243 -0.262264 0.0752663 -0.32437 
4.141 -0.121381 0.178318 -0.122243 0.119574 -0.12349 0.0670026 -0.124832 0.0154616 -0.126744 -0.0384297 -0.129035 -0.0917836 -0.131392 -0.147807 
1.521 0.124476 -0.0223394 0.124179 -0.0814525 0.124594 -0.136347 0.125444 -0.191661 0.126847 -0.251102 0.128563 -0.311361 0.131254 -0.376196 
4.113 -0.0672785 0.182427 -0.0685033 0.123568 -0.0698585 0.0709089 -0.0712491 0.0194946 -0.0729107 -0.0342836 -0.0746205 -0.0873788 -0.0763069 -0.143085 
1.985 0.178578 0.412533 0.173046 0.347294 0.168823 0.290275 0.165194 0.235595 0.161973 0.179862 0.159735 0.126449 0.158234 0.0719504 
4.188 -0.139186 0.155034 -0.140125 0.0966417 -0.141581 0.0441706 -0.143203 -0.00740874 -0.145539 -0.0615936 -0.148079 -0.1153 -0.150802 -0.171938 
1.692 0.236789 0.414587 0.230664 0.349468 0.22617 0.292632 0.222461 0.238177 0.219212 0.182514 0.217112 0.129073 0.215853 0.0744604 
0.883 0.325818 0.268717 0.32161 0.208392 0.319215 0.154732 0.317627 0.102281 0.317117 0.0480364 0.317743 -0.00535001 0.319825 -0.0608795 
4.188 -0.253554 0.178318 -0.253576 0.119439 -0.254623 0.0666872 -0.256264 0.0149272 -0.258785 -0.0392853 -0.262108 -0.0928048 -0.265828 -0.148931 
1.945 0.208711 0.421435 0.202677 0.355731 0.198372 0.298491 0.194619 0.243689 0.191319 0.187784 0.188781 0.134243 0.187396 0.0797191 
4.23 -0.176852 0.138597 -0.17784 0.0803405 -0.179292 0.0278164 -0.181235 -0.0238928 -0.183862 -0.0784451 -0.186945 -0.132572 -0.190207 -0.189759 
1.455 0.145021 0.101616 0.143495 0.0433077 0.142822 -0.00972964 0.142652 -0.0619261 0.143113 -0.117615 0.144236 -0.173113 0.146139 -0.23164 
4.199 -0.295329 0.174209 -0.295242 0.115206 -0.296302 0.0622959 -0.298028 0.0104825 -0.30086 -0.0437715 -0.304458 -0.0972785 -0.308579 -0.153365 
3.908 -0.273415 0.369388 -0.270523 0.30557 -0.268951 0.249619 -0.267861 0.195903 -0.267651 0.140925 -0.268029 0.0879861 -0.268899 0.0336448 
1.45 0.159403 0.104356 0.15781 0.0460652 0.157254 -0.00693411 0.156984 -0.0591982 0.157905 -0.115002 0.159294 -0.170544 0.161246 -0.229146 
3.666 -0.0371456 0.448829 -0.0383834 0.381932 -0.0394253 0.323494 -0.0405459 0.267854 -0.0417328 0.211402 -0.0428784 0.157701 -0.0437242 0.103236 
3.98 0.0210656 -0.036721 0.0197814 -0.0954167 0.0188455 -0.149947 0.0180233 -0.204854 0.0172025 -0.263872 0.0166472 -0.323391 0.0164789 -0.387155 
1.521 0.10667 -0.0285029 0.106331 -0.0875855 0.106532 -0.142386 0.107217 -0.197668 0.108241 -0.257098 0.109709 -0.317221 0.112058 -0.381835 
