1.718 0.0943432 0.00642378 0.0934257 -0.0520082 0.0932361 -0.10606 0.0932947 -0.160212 0.0937418 -0.218352 0.0946111 -0.276987 0.0961343 -0.339584 
4.203 -0.355595 0.194069 -0.354925 0.134856 -0.355646 0.0817824 -0.357156 0.0298072 -0.35982 -0.0245479 -0.363424 -0.0780151 -0.367747 -0.133874 
4.188 -0.363813 0.205027 -0.362939 0.145668 -0.363481 0.0924707 -0.364819 0.0404694 -0.367343 -0.0138155 -0.370829 -0.0671347 -0.375058 -0.122808 
4.156 -0.387098 0.226942 -0.38559 0.167224 -0.385613 0.113839 -0.386521 0.0617688 -0.388591 0.00750362 -0.391709 -0.0456751 -0.395557 -0.101067 
4.188 -0.37888 0.203657 -0.377969 0.14431 -0.378548 0.0910824 -0.379947 0.0390797 -0.382544 -0.0152146 -0.386184 -0.068564 -0.390575 -0.124223 
4.141 -0.364498 0.237214 -0.362972 0.177268 -0.362898 0.123747 -0.363618 0.0716461 -0.365533 0.0174267 -0.368435 -0.0355784 -0.372003 -0.0907552 
4.234 -0.348062 0.174209 -0.347868 0.115298 -0.348973 0.062315 -0.35079 0.0102968 -0.353837 -0.0441446 -0.357803 -0.0978823 -0.362446 -0.154105 
4.238 -0.382304 0.176264 -0.381928 0.1173 -0.382981 0.0642575 -0.384822 0.0122648 -0.387966 -0.0422115 -0.392092 -0.0959622 -0.397017 -0.152184 
4.184 -0.415861 0.207766 -0.414683 0.148366 -0.415066 0.0950918 -0.416394 0.0430311 -0.419027 -0.0113183 -0.422823 -0.064665 -0.427356 -0.120355 
4.133 -0.350801 0.239953 -0.349283 0.180005 -0.349199 0.126451 -0.349861 0.0743753 -0.351662 0.0201253 -0.354392 -0.0328282 -0.357774 -0.0879951 
4.121 -0.380934 0.249541 -0.378989 0.189388 -0.378613 0.135716 -0.379094 0.0835466 -0.380674 0.029261 -0.383372 -0.0236877 -0.386747 -0.0787709 
4.16 -0.404219 0.227626 -0.402573 0.167895 -0.402547 0.114471 -0.403421 0.0623742 -0.405491 0.00808479 -0.408732 -0.0451092 -0.412702 -0.100497 
4.215 -0.394631 0.187906 -0.39399 0.12875 -0.394868 0.0756706 -0.396576 0.023646 -0.399616 -0.0307704 -0.403702 -0.0843104 -0.408584 -0.140264 
4.164 -0.363128 0.220093 -0.361952 0.160451 -0.362186 0.10709 -0.363296 0.055078 -0.365521 0.000836733 -0.368731 -0.052296 -0.372644 -0.107726 
4.207 -0.412437 0.1927 -0.41158 0.133504 -0.412296 0.0803666 -0.413929 0.0283059 -0.41688 -0.0260935 -0.42094 -0.0796357 -0.425829 -0.135607 
4.199 -0.448048 0.207081 -0.446752 0.147637 -0.447082 0.0943558 -0.448409 0.0422438 -0.451172 -0.0121626 -0.455169 -0.0655713 -0.460009 -0.121256 
4.223 -0.08166 0.113258 -0.083066 0.0554117 -0.0846701 0.00292063 -0.0863831 -0.0488676 -0.088452 -0.103676 -0.0907223 -0.158411 -0.0928986 -0.216293 
4.195 -0.430927 0.206396 -0.429711 0.146992 -0.430097 0.0937082 -0.431484 0.0416255 -0.434204 -0.0127759 -0.438128 -0.0661354 -0.442893 -0.121812 
4.16 -0.437091 0.227626 -0.435309 0.16789 -0.435203 0.11442 -0.436084 0.0623069 -0.438273 0.00797996 -0.441656 -0.0452278 -0.445868 -0.100678 
4.191 -0.398055 0.206396 -0.396987 0.147029 -0.397468 0.0937652 -0.398813 0.0417473 -0.401433 -0.0125839 -0.405126 -0.0659502 -0.40962 -0.121649 
4.02 -0.0919326 0.250911 -0.0926074 0.19054 -0.0935961 0.136978 -0.0946781 0.0851434 -0.0961232 0.031449 -0.0977151 -0.0209345 -0.0992388 -0.0754619 
4.219 -0.367922 0.182427 -0.367501 0.123385 -0.368483 0.0703483 -0.370263 0.0183214 -0.373245 -0.0360862 -0.377224 -0.0897066 -0.381963 -0.145763 
4.035 -0.200822 0.269401 -0.200198 0.208651 -0.200266 0.154744 -0.200776 0.102609 -0.201993 0.0486994 -0.203797 -0.00375905 -0.205866 -0.0582954 
4.102 -0.372716 0.261183 -0.370593 0.20077 -0.370054 0.147027 -0.370282 0.0947386 -0.371651 0.0404932 -0.374074 -0.0124098 -0.377091 -0.067343 
4.109 -0.352856 0.25639 -0.351017 0.19603 -0.35062 0.142304 -0.351018 0.0900853 -0.352524 0.0358618 -0.354959 -0.017016 -0.358068 -0.0719587 
4.18 -0.350116 0.207766 -0.349248 0.148404 -0.349731 0.0951781 -0.350981 0.0432034 -0.353353 -0.0110501 -0.356694 -0.0643694 -0.360724 -0.120032 
4.242 -0.413806 0.175579 -0.413285 0.116579 -0.414325 0.063525 -0.416237 0.0114861 -0.419518 -0.0430585 -0.423897 -0.0967819 -0.429135 -0.153012 
4.16 -0.41997 0.226942 -0.418298 0.167221 -0.418257 0.113802 -0.419141 0.0616817 -0.421304 0.00734934 -0.424645 -0.0458057 -0.428753 -0.101252 
4.129 -0.406273 0.245432 -0.404247 0.185393 -0.403827 0.131777 -0.404337 0.0795713 -0.406056 0.0252883 -0.408875 -0.0277241 -0.412463 -0.0829379 
4.336 -0.213149 0.0769621 -0.214734 0.0189716 -0.217134 -0.0338937 -0.219931 -0.0864075 -0.223697 -0.142149 -0.227894 -0.197859 -0.232469 -0.256801 
4.129 -0.424079 0.246802 -0.421877 0.186731 -0.421403 0.133083 -0.42183 0.0808793 -0.423568 0.0266009 -0.426437 -0.0264699 -0.430069 -0.0816616 
4.105 -0.390522 0.262553 -0.388228 0.202118 -0.387561 0.148331 -0.387731 0.0960079 -0.38907 0.0417534 -0.391495 -0.011198 -0.394616 -0.0661577 
4.219 -0.430927 0.19133 -0.430047 0.132125 -0.430773 0.0789588 -0.432473 0.0268883 -0.435512 -0.0275376 -0.439751 -0.0810967 -0.444863 -0.137067 
4.234 -0.431612 0.176948 -0.431044 0.117923 -0.43202 0.0648299 -0.433969 0.012778 -0.437301 -0.0417592 -0.441778 -0.0955425 -0.447152 -0.151748 
4.137 -0.221367 0.21256 -0.221122 0.153073 -0.221772 0.0999363 -0.222952 0.0481934 -0.224877 -0.00572963 -0.227456 -0.0587553 -0.230436 -0.114118 
4.055 -0.14672 0.247487 -0.146799 0.187238 -0.147345 0.133676 -0.148311 0.0818795 -0.149748 0.0281064 -0.15162 -0.0243692 -0.153601 -0.0790311 
4.082 -0.14535 0.224202 -0.145701 0.164449 -0.14649 0.111381 -0.147621 0.0597617 -0.149257 0.00598455 -0.15122 -0.0466918 -0.153335 -0.101734 
4.109 -0.423394 0.261868 -0.420873 0.20142 -0.420072 0.14761 -0.420245 0.0952789 -0.421659 0.040974 -0.424254 -0.0119852 -0.427582 -0.066988 
4.102 -0.0864539 0.196809 -0.0875404 0.137808 -0.0887142 0.085089 -0.0900536 0.0336287 -0.0916944 -0.0201682 -0.0934939 -0.0731767 -0.0952561 -0.128774 
3.961 0.0176414 -0.0504178 0.016299 -0.109418 0.0153764 -0.164382 0.0144679 -0.219893 0.0137135 -0.279556 0.0130526 -0.33984 0.0128387 -0.404528 
4.238 -0.190549 0.138597 -0.191413 0.0802992 -0.192939 0.0277276 -0.194919 -0.0240097 -0.197621 -0.0785873 -0.200908 -0.132767 -0.204431 -0.189823 
4.164 -0.452157 0.226257 -0.450313 0.166523 -0.45023 0.113057 -0.451145 0.0609105 -0.453442 0.00657501 -0.456944 -0.0466465 -0.461323 -0.10209 
4.184 -0.191919 0.172154 -0.192394 0.113485 -0.193578 0.0607675 -0.195181 0.00914202 -0.197579 -0.0450471 -0.200482 -0.0985777 -0.20364 -0.154806 
4.133 -0.439145 0.245432 -0.436855 0.185358 -0.436363 0.131704 -0.436844 0.0794922 -0.438648 0.0251718 -0.441594 -0.0279178 -0.445405 -0.0830879 
4.047 -0.162471 0.255705 -0.162304 0.195183 -0.162781 0.141543 -0.163645 0.0896095 -0.165049 0.0358195 -0.166771 -0.0166661 -0.168937 -0.0711988 
4.125 -0.192604 0.211875 -0.192584 0.152441 -0.193301 0.0993862 -0.194429 0.0476861 -0.19633 -0.00614891 -0.198742 -0.0591549 -0.201479 -0.114463 
4.109 -0.4412 0.263238 -0.438479 0.202762 -0.437578 0.148931 -0.437661 0.096553 -0.439054 0.0422233 -0.44164 -0.0107525 -0.445043 -0.065763 
4.105 -0.407643 0.259129 -0.405331 0.198733 -0.404694 0.144929 -0.404963 0.0926486 -0.406461 0.0383385 -0.409059 -0.0145757 -0.4124 -0.06957 
4.199 -0.0912478 0.135173 -0.0925478 0.0771224 -0.0940183 0.0246632 -0.0956456 -0.0269904 -0.0976224 -0.0814817 -0.0997755 -0.135657 -0.10191 -0.192905 
4.012 -0.220682 0.292001 -0.219512 0.230664 -0.219262 0.176429 -0.219441 0.123976 -0.220368 0.0699314 -0.2219 0.0174227 -0.223783 -0.0369324 
4.156 -0.348062 0.222832 -0.346907 0.163168 -0.347117 0.109818 -0.348104 0.0578115 -0.350245 0.00355694 -0.353271 -0.0495706 -0.357031 -0.104969 
1.345 0.176524 0.143391 0.174322 0.0848519 0.173297 0.0319647 0.172857 -0.020133 0.173123 -0.0751116 0.174166 -0.12972 0.17623 -0.187352 
4.238 -0.448733 0.177633 -0.448115 0.118561 -0.449124 0.0654792 -0.45106 0.0134243 -0.454499 -0.0411371 -0.459083 -0.0948971 -0.464581 -0.151113 
4.133 -0.454212 0.244062 -0.451879 0.184012 -0.451393 0.130324 -0.451885 0.0781061 -0.45377 0.0237925 -0.456856 -0.0293152 -0.460793 -0.0845241 
3.992 -0.196713 0.29748 -0.195762 0.235892 -0.195544 0.181495 -0.195775 0.128924 -0.196664 0.074958 -0.198099 0.0224993 -0.199831 -0.0317589 
4.082 -0.369977 0.27488 -0.367653 0.214126 -0.36688 0.160109 -0.366934 0.1077 -0.368123 0.0534644 -0.370377 0.000584266 -0.373236 -0.0542109 
4.066 -0.200137 0.252965 -0.199642 0.192754 -0.19987 0.13915 -0.20061 0.0870875 -0.202014 0.0333276 -0.203936 -0.0193149 -0.206232 -0.0740119 
4.078 -0.352171 0.274195 -0.35 0.213429 -0.349322 0.159421 -0.349421 0.107049 -0.350582 0.0527733 -0.352721 -5.67248e-05 -0.355489 -0.0548293 
4.215 -0.448048 0.192015 -0.447101 0.132788 -0.447802 0.0796095 -0.449514 0.0275428 -0.45262 -0.0269209 -0.45694 -0.0804925 -0.462097 -0.136471 
4.109 -0.456266 0.261183 -0.453519 0.200713 -0.452664 0.146858 -0.45277 0.0945064 -0.454225 0.0401793 -0.456946 -0.0128103 -0.460464 -0.0678126 
4.266 -0.218628 0.12627 -0.219595 0.0680305 -0.221423 0.0154384 -0.223659 -0.0364736 -0.226766 -0.0912724 -0.230477 -0.145856 -0.234511 -0.203303 
2.266 0.0683194 0.00710862 0.0671652 -0.0512494 0.0665015 -0.105133 0.0662257 -0.159154 0.0661464 -0.217193 0.0664144 -0.275693 0.0673244 -0.338174 
4.066 -0.222737 0.261183 -0.221896 0.200669 -0.221963 0.14693 -0.222541 0.0948927 -0.223857 0.0409642 -0.2258 -0.0115766 -0.228129 -0.066243 
4.082 -0.46106 0.281729 -0.457793 0.220861 -0.45649 0.166798 -0.4562 0.114256 -0.457271 0.0598955 -0.459524 0.00689485 -0.46267 -0.0479428 
1.447 0.0217504 0.185166 0.0198709 0.126553 0.0184132 0.0739182 0.017085 0.0224332 0.0158543 -0.0316324 0.0148586 -0.085085 0.0143293 -0.141289 
4.086 -0.439145 0.276935 -0.436149 0.216126 -0.434985 0.162071 -0.434846 0.109581 -0.436002 0.0552111 -0.438341 0.00227061 -0.441488 -0.0526269 
4.305 -0.217943 0.100247 -0.219251 0.0423013 -0.221469 -0.0104255 -0.224053 -0.0626101 -0.227483 -0.117923 -0.231492 -0.172883 -0.235844 -0.231111 
4.086 -0.403534 0.27488 -0.400887 0.214102 -0.399949 0.1601 -0.399936 0.107674 -0.401125 0.053331 -0.403388 0.000429776 -0.406444 -0.0543996 
4.195 -0.238488 0.176264 -0.238504 0.117387 -0.239706 0.0646004 -0.241359 0.0128721 -0.243768 -0.0413216 -0.247076 -0.0948625 -0.250697 -0.150977 
4.199 -0.113163 0.137228 -0.114383 0.0791487 -0.115795 0.0266693 -0.117515 -0.0249584 -0.119667 -0.0794792 -0.122086 -0.133592 -0.124539 -0.190822 
3.963 -0.226161 0.322134 -0.224603 0.259889 -0.223982 0.204955 -0.223807 0.152012 -0.224355 0.0976136 -0.225512 0.0450066 -0.227016 -0.0092479 
4.242 -0.39737 0.172839 -0.396991 0.113833 -0.39804 0.0608076 -0.399971 0.00880541 -0.40321 -0.045733 -0.407494 -0.099464 -0.412635 -0.155671 
4.258 -0.0460485 -0.0613752 -0.0479853 -0.120585 -0.0497643 -0.175822 -0.0516655 -0.231611 -0.0537566 -0.291668 -0.0558859 -0.352623 -0.0577875 -0.418 
4.09 -0.199452 0.23379 -0.199222 0.173847 -0.199619 0.120479 -0.200598 0.0686711 -0.202211 0.0148386 -0.204445 -0.0378078 -0.206948 -0.0927273 
4.227 -0.215888 0.153664 -0.216457 0.0951433 -0.217869 0.0424827 -0.219732 -0.00927549 -0.222453 -0.0637605 -0.225797 -0.11758 -0.229503 -0.174141 
4.199 -0.316559 0.196809 -0.316232 0.137605 -0.31697 0.0844571 -0.318381 0.0325308 -0.320993 -0.0217342 -0.324412 -0.0751132 -0.328407 -0.130951 
4.457 -0.073442 -0.0572661 -0.0757005 -0.116364 -0.0779431 -0.171455 -0.0803494 -0.22703 -0.0830159 -0.286812 -0.0857748 -0.347364 -0.0884501 -0.41233 
4.086 -0.425449 0.27625 -0.422612 0.215455 -0.421569 0.161411 -0.421476 0.108945 -0.422635 0.0545967 -0.425015 0.0016575 -0.428069 -0.0531998 
4.105 -0.220682 0.234475 -0.220166 0.174621 -0.220511 0.121245 -0.221426 0.0694548 -0.223047 0.0155293 -0.225336 -0.0372043 -0.228005 -0.0923289 
3.893 -0.221367 0.356376 -0.21952 0.293103 -0.21862 0.237423 -0.218167 0.183944 -0.218354 0.129126 -0.21916 0.0764133 -0.220335 0.0222372 
1.664 0.0676346 0.0420353 0.0663737 -0.015996 0.0656489 -0.0693863 0.0652478 -0.122746 0.0651326 -0.179871 0.0653339 -0.237349 0.0660908 -0.29861 
4.242 -0.0460485 -0.0771264 -0.0479827 -0.136609 -0.0498455 -0.192502 -0.0517411 -0.248741 -0.0539011 -0.309511 -0.0560296 -0.370983 -0.0580067 -0.437145 
3.932 -0.235749 0.341309 -0.233891 0.278517 -0.232929 0.223273 -0.232536 0.170108 -0.23281 0.115493 -0.23369 0.0628856 -0.234958 0.008781 
4.094 -0.164525 0.225572 -0.164597 0.165882 -0.165333 0.112841 -0.166392 0.0611628 -0.168 0.00737617 -0.170122 -0.0453098 -0.172442 -0.100366 
1.352 0.19296 0.137913 0.190792 0.0793852 0.189838 0.0263498 0.189534 -0.0258071 0.189981 -0.0809303 0.191239 -0.135742 0.193568 -0.193584 
3.996 0.010793 -0.0264484 0.00942475 -0.0850495 0.00834495 -0.139585 0.0074048 -0.194407 0.00641592 -0.253254 0.0055541 -0.312776 0.00521586 -0.376397 
4.219 -0.196713 0.152294 -0.197392 0.0938474 -0.198805 0.0411516 -0.200678 -0.0104385 -0.203309 -0.0649043 -0.206482 -0.118704 -0.209941 -0.175508 
4.27 -0.173428 0.110519 -0.174724 0.0525222 -0.176543 -0.000161056 -0.17884 -0.0520977 -0.181766 -0.106966 -0.185196 -0.161878 -0.188831 -0.219695 
4.082 -0.389837 0.278304 -0.387297 0.217505 -0.386413 0.163484 -0.386365 0.111039 -0.387501 0.056754 -0.389705 0.00389062 -0.392599 -0.050939 
4.121 -0.161101 0.202287 -0.161315 0.143157 -0.162237 0.0903189 -0.163475 0.0387261 -0.165375 -0.0150925 -0.167667 -0.0681864 -0.170181 -0.123737 
1.65 0.103931 -0.0059033 0.10326 -0.0645407 0.103323 -0.118947 0.103702 -0.173506 0.104549 -0.232106 0.105796 -0.291217 0.107811 -0.354512 
3.957 -0.139186 0.303643 -0.13899 0.241725 -0.139255 0.187217 -0.139792 0.134651 -0.140832 0.080656 -0.142192 0.0282661 -0.143622 -0.0257753 
4.191 -0.170689 0.161882 -0.171448 0.103292 -0.172711 0.0507297 -0.174361 -0.000857806 -0.176718 -0.0549739 -0.179477 -0.108589 -0.182476 -0.164957 
1.438 0.119682 0.111204 0.117977 0.0529752 0.117131 0.000101987 0.116713 -0.0519379 0.116784 -0.107415 0.117414 -0.16272 0.118874 -0.221013 
3.992 -0.2289 0.305698 -0.227498 0.244031 -0.22691 0.189478 -0.226883 0.136801 -0.227612 0.0826539 -0.228944 0.0300763 -0.230627 -0.0241869 
4.223 -0.315875 0.174894 -0.315907 0.115921 -0.317013 0.0629691 -0.318799 0.0110344 -0.321808 -0.0433412 -0.325554 -0.0969802 -0.329904 -0.153123 
4.121 -0.113163 0.189275 -0.114068 0.130253 -0.11517 0.0775262 -0.116658 0.0260372 -0.11841 -0.0277479 -0.120558 -0.0808004 -0.122661 -0.136429 
4.09 -0.180277 0.23242 -0.180158 0.172588 -0.180702 0.119382 -0.181674 0.0676005 -0.183262 0.0138076 -0.185402 -0.0388764 -0.187743 -0.0938871 
4.262 -0.314505 0.154349 -0.314813 0.0956513 -0.316205 0.0428167 -0.318232 -0.00912338 -0.321497 -0.0637994 -0.325561 -0.117782 -0.330237 -0.174485 
4.09 -0.0994658 0.202287 -0.10042 0.143236 -0.10152 0.0904651 -0.102863 0.0389588 -0.104511 -0.0148276 -0.106402 -0.0677566 -0.108168 -0.123272 
4.215 -0.159732 0.143391 -0.160695 0.0851233 -0.162045 0.0326089 -0.163886 -0.0190884 -0.166203 -0.0736072 -0.169157 -0.127728 -0.17224 -0.184797 
4.402 -0.0843994 -0.015491 -0.0865429 -0.0738272 -0.0888273 -0.127893 -0.0911174 -0.182218 -0.0939051 -0.24057 -0.0967032 -0.2994 -0.0994325 -0.362215 
4.293 -0.172059 0.0954527 -0.173507 0.0376386 -0.175423 -0.0149843 -0.177849 -0.0671137 -0.180881 -0.122525 -0.184408 -0.177602 -0.188164 -0.236074 
3.902 -0.236433 0.356376 -0.234374 0.293065 -0.233295 0.237365 -0.232734 0.183881 -0.232842 0.129048 -0.233572 0.076282 -0.234634 0.0220907 
4.434 -0.0631694 -0.0469936 -0.0652247 -0.105766 -0.0674085 -0.160594 -0.0695579 -0.215869 -0.0720552 -0.275311 -0.074613 -0.335334 -0.0769417 -0.399597 
4.258 -0.0864539 0.0886043 -0.0880379 0.0308983 -0.0896871 -0.0217071 -0.0916058 -0.0738588 -0.0938509 -0.129325 -0.0962646 -0.184852 -0.0985972 -0.243637 
4.383 -0.048103 -0.0394603 -0.0500067 -0.098168 -0.0517796 -0.152904 -0.0535906 -0.207946 -0.055685 -0.267275 -0.0577565 -0.327078 -0.0596619 -0.391143 
1.671 0.123791 0.00710862 0.123113 -0.0514091 0.123316 -0.105483 0.124108 -0.159782 0.125248 -0.217974 0.126829 -0.276577 0.129359 -0.339147 
3.963 -0.174113 0.306383 -0.173422 0.244442 -0.173345 0.189861 -0.173682 0.137204 -0.174542 0.0831736 -0.175896 0.0306126 -0.177447 -0.0234563 
4.262 -0.0398849 0.0427202 -0.0415939 -0.0150374 -0.0431653 -0.0680739 -0.0448214 -0.120957 -0.0465899 -0.177598 -0.0484113 -0.234482 -0.0499934 -0.29501 
4.227 -0.0371456 0.0208054 -0.0389012 -0.0370826 -0.0405465 -0.0905472 -0.0421588 -0.14375 -0.0439784 -0.201242 -0.0458436 -0.25869 -0.0474186 -0.319908 
3.748 -0.152883 0.433078 -0.151661 0.366727 -0.151262 0.308965 -0.15086 0.253704 -0.150893 0.197544 -0.151119 0.143961 -0.151557 0.0895908 
4.215 -0.140556 0.139282 -0.14158 0.0811314 -0.143169 0.0286662 -0.144753 -0.0230458 -0.147244 -0.0775322 -0.149883 -0.131691 -0.152586 -0.18888 
4.363 -0.179592 0.0345021 -0.181859 -0.0234559 -0.184529 -0.0767359 -0.187642 -0.129865 -0.191489 -0.186628 -0.19569 -0.24356 -0.20019 -0.304061 
1.498 0.105301 0.085865 0.119126 0.00116093 0.118779 -0.052094 0.118858 -0.105135 0.119423 -0.161663 0.12052 -0.218465 0.122396 -0.278976 
4.266 -0.147404 0.108465 -0.14877 0.0506153 -0.150551 -0.00199821 -0.152672 -0.0538097 -0.155413 -0.108791 -0.158537 -0.163569 -0.161725 -0.221476 
4.289 -0.14672 0.0933982 -0.148204 0.0353669 -0.150072 -0.0170465 -0.152355 -0.0693406 -0.155166 -0.124578 -0.158354 -0.179839 -0.161677 -0.238455 
4.25 -0.162471 0.122846 -0.163634 0.0648205 -0.165383 0.0121541 -0.167471 -0.0395764 -0.170217 -0.094318 -0.1734 -0.148851 -0.176743 -0.206332 
4.379 -0.202191 0.0358718 -0.204586 -0.0221467 -0.207241 -0.0754317 -0.210756 -0.128572 -0.214798 -0.185272 -0.219267 -0.242224 -0.224318 -0.302635 
3.992 -0.174113 0.292001 -0.173512 0.230539 -0.173522 0.176215 -0.17393 0.123909 -0.174911 0.0699175 -0.176371 0.0176298 -0.178004 -0.036591 
4.094 0.0142172 0.146131 0.0124768 0.0879436 0.0111522 0.0354541 0.00980052 -0.0161884 0.00871738 -0.0706087 0.00777648 -0.124788 0.00718958 -0.181869 
3.818 -0.278208 0.426914 -0.274499 0.361106 -0.27214 0.303669 -0.270443 0.248737 -0.269482 0.192814 -0.269208 0.139264 -0.269361 0.0847282 
1.645 0.131324 0.0338173 0.130444 -0.0245566 0.130343 -0.0782306 0.130745 -0.131777 0.131561 -0.189221 0.132995 -0.246877 0.135263 -0.308238 
3.799 -0.20767 0.416642 -0.205372 0.350985 -0.203953 0.293723 -0.203006 0.238868 -0.202609 0.183042 -0.202732 0.129629 -0.202998 0.0753659 
4.188 -0.246021 0.195439 -0.245814 0.136331 -0.246723 0.0833889 -0.248208 0.0316118 -0.250489 -0.0224448 -0.253637 -0.0757564 -0.257151 -0.131518 
4.32 -0.0433091 -0.0134365 -0.0451386 -0.0716758 -0.0468461 -0.125768 -0.048613 -0.180102 -0.0506174 -0.238674 -0.0526105 -0.297536 -0.0544314 -0.360287 
4.062 -0.122065 0.231051 -0.122581 0.171324 -0.123483 0.118171 -0.124613 0.0665551 -0.126126 0.0127687 -0.127882 -0.039945 -0.129683 -0.095058 
1.66 0.0813313 0.039296 0.0800958 -0.0187189 0.0795213 -0.0721965 0.0792249 -0.125615 0.0792634 -0.182823 0.0798119 -0.24037 0.0810109 -0.301693 
3.814 -0.252185 0.418696 -0.249161 0.353123 -0.247448 0.295932 -0.246064 0.241123 -0.245338 0.185324 -0.245197 0.131873 -0.245508 0.0774514 
4.418 -0.243282 0.0249144 -0.245842 -0.033276 -0.249374 -0.0868537 -0.253214 -0.140276 -0.258011 -0.197352 -0.263445 -0.254579 -0.269381 -0.315489 
3.975 -0.0994658 0.279674 -0.0999408 0.218417 -0.100617 0.164619 -0.101577 0.112382 -0.102785 0.0587721 -0.104217 0.00645304 -0.105616 -0.0478485 
4.148 -0.0118066 0.0680592 -0.0134139 0.0102508 -0.014956 -0.0425149 -0.0162107 -0.0947979 -0.0176373 -0.150719 -0.0187865 -0.20676 -0.0196486 -0.266098 
4.387 -0.267251 0.043405 -0.269612 -0.0147622 -0.272797 -0.0680865 -0.276604 -0.121195 -0.281458 -0.177717 -0.286912 -0.234282 -0.293047 -0.294405 
3.77 -0.226846 0.44335 -0.22395 0.376772 -0.221998 0.318765 -0.220683 0.263388 -0.219738 0.207063 -0.219571 0.153304 -0.219534 0.098707 
3.932 -0.100836 0.309807 -0.101184 0.247858 -0.101785 0.193057 -0.102525 0.14047 -0.103632 0.0863788 -0.104938 0.0340303 -0.10618 -0.0198714 
3.84 -0.286427 0.415272 -0.282583 0.349819 -0.280015 0.292685 -0.278368 0.237927 -0.277339 0.182091 -0.277247 0.12863 -0.277421 0.0741798 
4.352 -0.197398 0.0509382 -0.199465 -0.00697323 -0.202082 -0.060125 -0.205416 -0.113037 -0.209414 -0.169436 -0.213623 -0.225989 -0.218524 -0.285927 
4.074 -0.0974113 0.216669 -0.0982735 0.157125 -0.0993479 0.104081 -0.10059 0.0525195 -0.10219 -0.00117389 -0.103977 -0.0538751 -0.105742 -0.108923 
4.25 -0.243282 0.1475 -0.243726 0.088916 -0.245196 0.0362934 -0.247323 -0.0155373 -0.250168 -0.0701378 -0.253906 -0.124034 -0.258004 -0.180878 
1.332 0.142967 0.208451 0.140134 0.149168 0.138505 0.0960442 0.137208 0.0443191 0.136501 -0.00986779 0.136527 -0.0632683 0.137192 -0.118391 
1.49 0.0484591 0.102986 0.046808 0.0451176 0.0456885 -0.00763512 0.0447663 -0.0597457 0.0440496 -0.115139 0.0437015 -0.170555 0.0439013 -0.229337 
4.297 -0.158362 0.0844953 -0.159901 0.0263764 -0.161998 -0.0259245 -0.164361 -0.0785944 -0.167477 -0.133999 -0.170985 -0.18937 -0.174613 -0.248375 
4.234 -0.0960416 0.10641 -0.0975465 0.0485349 -0.0991161 -0.00397941 -0.100919 -0.0557573 -0.103159 -0.110613 -0.105476 -0.165352 -0.107857 -0.223266 
4.102 -0.128914 0.205027 -0.129427 0.145906 -0.130451 0.0930392 -0.131667 0.0415265 -0.133455 -0.0122764 -0.135523 -0.0652356 -0.137757 -0.120708 
3.959 -0.12275 0.298849 -0.122792 0.237224 -0.123171 0.18282 -0.123831 0.13036 -0.124939 0.0764664 -0.126296 0.0240565 -0.127658 -0.0299874 
4.426 -0.266566 0.0255992 -0.269249 -0.0326442 -0.2728 -0.0862405 -0.276825 -0.139676 -0.281921 -0.196662 -0.287652 -0.253829 -0.294168 -0.314637 
4.305 -0.184386 0.0892891 -0.185887 0.0314219 -0.187978 -0.0211414 -0.190481 -0.0736688 -0.193722 -0.129097 -0.197457 -0.184333 -0.201456 -0.243176 
3.926 0.0642104 -0.0552116 0.0634192 -0.114399 0.0630403 -0.169514 0.0630135 -0.22511 0.0630739 -0.284983 0.0635243 -0.345422 0.0646656 -0.410723 
4.355 -0.248076 0.0735379 -0.249782 0.0154583 -0.252426 -0.0374318 -0.255686 -0.0900433 -0.259932 -0.145853 -0.264426 -0.201611 -0.269612 -0.260628 
3.934 -0.0474182 0.286522 -0.0487745 0.225023 -0.0498941 0.170811 -0.051108 0.118494 -0.0523808 0.0647229 -0.053701 0.0123995 -0.0547872 -0.0416423 
1.669 0.153239 0.00984797 0.152732 -0.0487509 0.153068 -0.102931 0.153993 -0.15722 0.155487 -0.21541 0.157447 -0.274029 0.160586 -0.3367 
4.188 -0.0727572 0.132434 -0.0741033 0.0744352 -0.0755967 0.0220078 -0.0771413 -0.0296706 -0.0790202 -0.0841622 -0.0810071 -0.138325 -0.0828884 -0.195583 
4.359 -0.161101 0.0365566 -0.163169 -0.0213571 -0.165776 -0.0746262 -0.168719 -0.127731 -0.172308 -0.184425 -0.1763 -0.241395 -0.180419 -0.301807 
4.047 -0.176852 0.259814 -0.176617 0.199234 -0.176903 0.145534 -0.177698 0.0935505 -0.179016 0.0397309 -0.180869 -0.0127633 -0.182915 -0.0673342 
4.184 -0.12549 0.153664 -0.126435 0.0953371 -0.127861 0.042837 -0.129448 -0.00869427 -0.131571 -0.0629438 -0.134142 -0.116648 -0.13666 -0.173281 
4.375 -0.121381 0.00916313 -0.123587 -0.0489517 -0.125904 -0.102602 -0.128611 -0.156268 -0.131824 -0.213852 -0.135241 -0.271717 -0.138695 -0.333372 
4.266 -0.109054 0.0927133 -0.110577 0.0348312 -0.112368 -0.0177512 -0.11437 -0.0699615 -0.116897 -0.1253 -0.119681 -0.180648 -0.12245 -0.23927 
1.612 0.159403 0.0420353 0.158511 -0.016348 0.158654 -0.069924 0.159223 -0.123397 0.160462 -0.180467 0.162247 -0.23781 0.165029 -0.298846 
4.266 -0.043994 0.0584714 -0.045648 0.000797316 -0.0471812 -0.0520798 -0.0488313 -0.104564 -0.0505748 -0.160495 -0.0524062 -0.216821 -0.0539671 -0.27635 
4.23 -0.128229 0.124901 -0.129472 0.0669881 -0.131169 0.0143525 -0.133066 -0.0372132 -0.135511 -0.0918692 -0.138314 -0.146467 -0.141144 -0.20374 
4.016 -0.0426243 0.241323 -0.0439798 0.181275 -0.0452534 0.12793 -0.0465823 0.0761049 -0.0479603 0.0225096 -0.0493434 -0.0299024 -0.0505783 -0.084486 
4.336 -0.170004 0.0481989 -0.171912 -0.00967618 -0.174398 -0.062815 -0.177282 -0.115646 -0.180759 -0.172068 -0.184737 -0.228653 -0.188693 -0.288641 
4.012 -0.119326 0.268717 -0.119506 0.207825 -0.120132 0.154105 -0.120999 0.102054 -0.122243 0.048433 -0.123794 -0.00399417 -0.125345 -0.0584335 
3.98 -0.0419395 0.268717 -0.0433092 0.207829 -0.044593 0.154019 -0.04591 0.102031 -0.0473053 0.0483817 -0.0486514 -0.00390522 -0.0497804 -0.0582797 
4.395 -0.252869 0.0406657 -0.255222 -0.0175049 -0.258401 -0.0708772 -0.262135 -0.124062 -0.266774 -0.180736 -0.272093 -0.237516 -0.277837 -0.29769 
4.008 -0.0665936 0.250226 -0.0675903 0.189876 -0.0687354 0.136399 -0.0699077 0.0846062 -0.071352 0.0309165 -0.0728357 -0.0214832 -0.0742219 -0.0759937 
4.016 -0.197398 0.283783 -0.196539 0.22258 -0.196467 0.168346 -0.196843 0.116064 -0.197903 0.0622572 -0.199494 0.0096633 -0.201385 -0.0446119 
3.975 0.0046295 0.0625805 0.00299361 0.0048408 0.0017444 -0.0480055 0.000679188 -0.100438 -0.000476643 -0.156388 -0.00139773 -0.212518 -0.00197527 -0.27201 
4.141 -0.121381 0.176948 -0.122243 0.118237 -0.123488 0.0656708 -0.12488 0.0141351 -0.126876 -0.0397903 -0.129115 -0.0931469 -0.131445 -0.149187 
3.477 0.0135324 0.110519 0.0118799 0.052602 0.0105847 9.90607e-05 0.00935101 -0.051955 0.00826043 -0.107047 0.0073546 -0.162132 0.00681422 -0.220651 
3.967 0.0464046 0.00984797 0.045262 -0.0484181 0.0445022 -0.102273 0.0439455 -0.156092 0.0437482 -0.214059 0.0437059 -0.272486 0.0442469 -0.334635 
4.363 -0.10289 0.00916313 -0.105058 -0.0488367 -0.107192 -0.1025 -0.109619 -0.156133 -0.112502 -0.213643 -0.115509 -0.271471 -0.118399 -0.333152 
3.992 -0.0837146 0.264608 -0.0844159 0.203826 -0.0852973 0.150273 -0.0863063 0.0982454 -0.0876597 0.0446492 -0.0891192 -0.00771066 -0.0905239 -0.0621951 
4.359 -0.27136 0.0742227 -0.273044 0.0161321 -0.275783 -0.0368744 -0.279117 -0.0895065 -0.283509 -0.145316 -0.288457 -0.201089 -0.29407 -0.260034 
4.266 -0.12412 0.0947678 -0.125597 0.0368602 -0.127397 -0.0156016 -0.1295 -0.0677512 -0.132141 -0.122883 -0.135077 -0.178108 -0.138045 -0.236714 
4.156 -0.139186 0.176264 -0.139882 0.117536 -0.141148 0.064917 -0.14264 0.0134002 -0.144801 -0.0405403 -0.147189 -0.0939221 -0.149724 -0.149921 
3.908 -0.33642 0.3824 -0.332399 0.318499 -0.329926 0.262396 -0.328286 0.208508 -0.327527 0.153293 -0.327711 0.100134 -0.328333 0.0458096 
4.32 -0.0426243 0.00368443 -0.0444357 -0.0544364 -0.046072 -0.108179 -0.047806 -0.161809 -0.0497354 -0.21939 -0.051663 -0.277763 -0.0533943 -0.339847 
4.188 -0.139186 0.155034 -0.140132 0.0966316 -0.141573 0.0441576 -0.143177 -0.0074199 -0.145528 -0.0616072 -0.148097 -0.115271 -0.150778 -0.171938 
4.16 -0.113847 0.163936 -0.114944 0.105435 -0.116226 0.0529961 -0.1178 0.0014302 -0.119727 -0.0526073 -0.12198 -0.106038 -0.124266 -0.162316 
1.718 0.0751678 0.0194357 0.0739305 -0.0387773 0.0733575 -0.0925101 0.0733561 -0.146358 0.0732352 -0.204028 0.0739723 -0.26225 0.075287 -0.324302 
4.16 -0.0727572 0.155718 -0.0740544 0.0972987 -0.0754924 0.0447226 -0.0769499 -0.00671584 -0.0786777 -0.0607428 -0.0805441 -0.114397 -0.0822579 -0.170765 
4.258 -0.185071 0.124216 -0.186116 0.0657514 -0.187848 0.0133748 -0.189998 -0.0387395 -0.192873 -0.0934053 -0.196248 -0.148063 -0.199877 -0.205522 
4.203 -0.295329 0.174209 -0.295253 0.115193 -0.296373 0.0622495 -0.298114 0.0104777 -0.30087 -0.04388 -0.304503 -0.0973651 -0.308636 -0.153391 
4.023 0.00805369 0.0269689 0.00659987 -0.0309071 0.00542139 -0.084381 0.00434493 -0.137804 0.00333925 -0.195107 0.00244993 -0.252765 0.00197317 -0.314217 
4.234 -0.176168 0.139282 -0.177138 0.0810211 -0.178582 0.0285009 -0.180502 -0.0232496 -0.18313 -0.0777962 -0.186227 -0.13189 -0.189483 -0.189065 
4.273 -0.0974113 0.0776469 -0.0991081 0.0198781 -0.100894 -0.0327563 -0.102781 -0.0850421 -0.105228 -0.140593 -0.107728 -0.196312 -0.110304 -0.255263 
3.904 -0.270675 0.368703 -0.267852 0.304971 -0.266224 0.248976 -0.265209 0.195252 -0.264897 0.140322 -0.265433 0.0874002 -0.266231 0.0330545 
4.246 -0.111108 0.107095 -0.112615 0.049211 -0.114259 -0.00330582 -0.116245 -0.0552085 -0.118612 -0.110162 -0.121215 -0.164979 -0.123843 -0.223011 
3.953 -0.154253 0.306383 -0.153773 0.244609 -0.153839 0.189883 -0.15424 0.137402 -0.155193 0.0833072 -0.156523 0.0310141 -0.157962 -0.0229748 
4.188 -0.253554 0.178318 -0.253564 0.11947 -0.254637 0.0666861 -0.256267 0.0149408 -0.25879 -0.0392595 -0.262105 -0.0927995 -0.265791 -0.148874 
4.137 -0.0891933 0.176264 -0.0903263 0.117471 -0.0916207 0.0653017 -0.0930521 0.0138717 -0.09482 -0.0395991 -0.0967742 -0.093041 -0.0986092 -0.148492 
1.432 0.0210656 0.161197 0.0192558 0.102871 0.0179129 0.0503288 0.0165763 -0.0010951 0.0154528 -0.0555537 0.0145434 -0.10933 0.0139904 -0.166062 
1.61 0.057362 0.0543624 0.0559693 -0.0035518 0.055385 -0.0568653 0.0549227 -0.109728 0.0546003 -0.166494 0.054926 -0.223502 0.0554556 -0.283998 
4.098 -0.0166005 0.0269689 -0.0182918 -0.0308911 -0.0198219 -0.0844576 -0.0211383 -0.13768 -0.0227842 -0.194977 -0.0241571 -0.252362 -0.0252792 -0.313572 
