1.472 -0.541871 0.224202 -0.535962 0.259735 -0.529174 0.29115 -0.520911 0.321576 -0.510072 0.354021 -0.498269 0.384011 -0.485083 0.412987 
4.172 0.231311 0.0906588 0.230256 0.078163 0.228702 0.0672486 0.226823 0.0566238 0.223908 0.0451685 0.220703 0.0346232 0.216938 0.0244799 
0.792 -0.246706 0.324188 -0.23729 0.34437 -0.228093 0.362114 -0.218042 0.378961 -0.206232 0.396644 -0.194243 0.41266 -0.181542 0.427886 
1.489 -0.537077 0.206396 -0.532194 0.241605 -0.526428 0.272916 -0.519089 0.303131 -0.509302 0.335453 -0.498502 0.365456 -0.486287 0.39449 
3.139 -0.372716 0.0612108 -0.374824 0.0853388 -0.375766 0.107064 -0.375513 0.128121 -0.373889 0.151269 -0.371357 0.172689 -0.367621 0.193806 
1.52 -0.495302 0.225572 -0.4889 0.257788 -0.481888 0.286232 -0.47347 0.313625 -0.462639 0.342677 -0.451055 0.369752 -0.438172 0.395676 
3.975 -0.0713875 -0.0572661 -0.0803379 -0.0515578 -0.0881002 -0.0460541 -0.0952992 -0.0403507 -0.102991 -0.0336824 -0.109771 -0.0270643 -0.116142 -0.0201242 
3.471 0.293631 0.156403 0.296115 0.140161 0.297579 0.125702 0.298423 0.111497 0.29833 0.0959483 0.297302 0.0814529 0.295772 0.0672728 
0.962 -0.206985 0.280359 -0.198902 0.297004 -0.191206 0.311454 -0.182813 0.325227 -0.17297 0.339579 -0.163004 0.352643 -0.152539 0.365025 
3.168 -0.341898 -0.0257636 -0.349223 -0.00348781 -0.35477 0.0169396 -0.359186 0.0369738 -0.362854 0.0590873 -0.365267 0.080053 -0.366421 0.10087 
0.965 -0.184386 0.289947 -0.175986 0.305142 -0.167996 0.318386 -0.15931 0.330926 -0.149236 0.343987 -0.139145 0.355789 -0.128545 0.366957 
3.133 -0.205616 0.14887 -0.202959 0.163173 -0.200007 0.17594 -0.196516 0.18804 -0.192037 0.201012 -0.187223 0.213063 -0.18184 0.224715 
1.413 -0.122065 0.174894 -0.119577 0.185477 -0.116949 0.194912 -0.113913 0.204014 -0.110244 0.213679 -0.106253 0.222591 -0.101823 0.231227 
4.129 0.0539378 -0.328462 0.0284024 -0.329359 0.00559235 -0.32897 -0.0165212 -0.327575 -0.040617 -0.324646 -0.0630517 -0.320709 -0.084895 -0.31562 
3.59 -0.339844 -0.205191 -0.357499 -0.182954 -0.372371 -0.162342 -0.385718 -0.141445 -0.399123 -0.117952 -0.410606 -0.0953197 -0.420587 -0.0721639 
1.487 -0.52475 0.228311 -0.51886 0.263046 -0.512139 0.293759 -0.503939 0.323351 -0.493405 0.355228 -0.481741 0.384453 -0.468702 0.412863 
0.876 -0.18644 0.321449 -0.176386 0.337141 -0.166869 0.350769 -0.156674 0.363698 -0.145006 0.376892 -0.133367 0.388779 -0.121298 0.399953 
1.143 -0.554198 0.305013 -0.543747 0.341444 -0.532895 0.373453 -0.520621 0.404393 -0.50537 0.437041 -0.489336 0.466983 -0.472062 0.495668 
4.102 0.027914 -0.302438 0.00400461 -0.301869 -0.0173044 -0.300276 -0.0379311 -0.297722 -0.0603178 -0.293668 -0.0810861 -0.288761 -0.101266 -0.282768 
1.341 -0.565155 0.285838 -0.555538 0.322681 -0.545439 0.355202 -0.533789 0.386486 -0.519268 0.419623 -0.503928 0.450183 -0.487285 0.479381 
4.188 0.0888645 -0.321613 0.0637738 -0.324489 0.0412931 -0.325924 0.0193786 -0.326262 -0.00455144 -0.325323 -0.0268622 -0.323211 -0.0487029 -0.319916 
0.993 -0.169319 0.292686 -0.160469 0.307075 -0.152141 0.319541 -0.143167 0.331308 -0.132836 0.343468 -0.122585 0.354404 -0.111935 0.364666 
4.16 0.0662649 -0.299014 0.0425758 -0.300732 0.0213116 -0.301177 0.000675928 -0.300628 -0.021875 -0.298745 -0.0429097 -0.295867 -0.0633898 -0.291838 
4.191 0.0895494 0.0112176 0.0842441 0.00751252 0.079327 0.00455331 0.0744694 0.00190136 0.0688432 -0.000766015 0.0635325 -0.00297201 0.058149 -0.00475575 
4.266 0.236789 0.00984797 0.230839 -0.00286709 0.225132 -0.0137933 0.219092 -0.0242059 0.211577 -0.035155 0.204023 -0.0450605 0.196095 -0.0542649 
3.941 -0.094672 -0.182591 -0.111058 -0.175082 -0.125392 -0.167623 -0.138912 -0.159686 -0.153312 -0.150261 -0.166313 -0.140615 -0.178568 -0.130382 
4.168 0.0676346 -0.283263 0.0447968 -0.285181 0.0243177 -0.285863 0.00442811 -0.285583 -0.017291 -0.284048 -0.0376044 -0.28153 -0.0573907 -0.277884 
4.109 0.0381865 -0.312711 0.013738 -0.312829 -0.0080642 -0.311803 -0.0292037 -0.3098 -0.0522207 -0.306347 -0.073626 -0.301924 -0.0944473 -0.296405 
4.043 -0.0138611 -0.0339816 -0.0215045 -0.0317443 -0.0282534 -0.0294118 -0.0346705 -0.0268202 -0.0416161 -0.0236056 -0.0479747 -0.02025 -0.0540851 -0.016612 
3.961 -0.0871387 -0.206561 -0.105115 -0.199412 -0.12079 -0.192224 -0.135528 -0.18445 -0.151524 -0.175212 -0.165958 -0.165709 -0.179512 -0.155463 
4.105 0.0381865 -0.327092 0.0129077 -0.327009 -0.00959538 -0.325783 -0.0313896 -0.323572 -0.0551065 -0.319823 -0.0771087 -0.315122 -0.0984718 -0.309246 
4.199 0.0902342 -0.279154 0.0676579 -0.282211 0.0474171 -0.283855 0.0276623 -0.284563 0.00603671 -0.284118 -0.0142038 -0.282591 -0.033973 -0.279962 
4.008 -0.0501575 -0.114108 -0.0624807 -0.109585 -0.0733521 -0.104946 -0.0836676 -0.0999476 -0.0947312 -0.093886 -0.104799 -0.0876372 -0.114298 -0.0808473 
1.783 -0.393261 -0.152459 -0.408108 -0.12691 -0.420231 -0.103489 -0.430772 -0.0800516 -0.440872 -0.0540793 -0.449011 -0.0293233 -0.455714 -0.00449404 
4.137 0.0525681 -0.303123 0.0287183 -0.30407 0.00735009 -0.303813 -0.013343 -0.302621 -0.0359353 -0.300019 -0.0569542 -0.296456 -0.0774494 -0.291785 
4.133 0.0457198 -0.289426 0.0224073 -0.289936 0.00160199 -0.289366 -0.0185065 -0.287815 -0.0404821 -0.284929 -0.0609135 -0.28107 -0.0807552 -0.276156 
4.191 0.0874949 -0.305177 0.0634289 -0.308129 0.0418691 -0.309657 0.0208471 -0.310165 -0.00217206 -0.309407 -0.0236632 -0.307571 -0.044713 -0.304584 
4.281 0.272401 0.0824408 0.270843 0.067352 0.268633 0.0540699 0.266025 0.0411764 0.262194 0.0273659 0.257935 0.0145646 0.253095 0.00245135 
3.984 -0.0645391 -0.0791809 -0.0748945 -0.0738729 -0.0839443 -0.0686646 -0.0924389 -0.0631543 -0.101518 -0.0566385 -0.109626 -0.0500559 -0.117322 -0.0430109 
0.929 -0.465169 0.245432 -0.457476 0.276028 -0.449434 0.30311 -0.440094 0.3291 -0.428484 0.356679 -0.416179 0.382093 -0.402533 0.406525 
4.195 0.0970826 -0.340789 0.0707632 -0.344202 0.04721 -0.346003 0.0241679 -0.346702 -0.000999174 -0.346031 -0.0244978 -0.344161 -0.0475245 -0.340986 
4.141 0.053253 0.00162991 0.0474584 -0.000121012 0.0421789 -0.00139902 0.0370797 -0.00241378 0.0313269 -0.0032022 0.0258738 -0.00362065 0.0205057 -0.00363758 
4.188 0.0772223 -0.272305 0.0548899 -0.274791 0.034853 -0.275969 0.0153308 -0.276202 -0.00598134 -0.27524 -0.0259348 -0.273278 -0.0454329 -0.270188 
0.876 -0.137817 0.346103 -0.126587 0.359028 -0.116152 0.370172 -0.105194 0.380532 -0.0927916 0.391027 -0.0805945 0.400353 -0.068134 0.408892 
4.082 0.0176414 -0.318189 -0.00706331 -0.316901 -0.0290117 -0.314622 -0.050262 -0.311387 -0.0732443 -0.306582 -0.0945524 -0.300899 -0.115148 -0.294125 
3.592 -0.331626 -0.234639 -0.351148 -0.213048 -0.367696 -0.192855 -0.382775 -0.172401 -0.398081 -0.149202 -0.411293 -0.126646 -0.423033 -0.103671 
4.145 0.0696891 -0.349692 0.0431224 -0.351514 0.0193204 -0.351931 -0.00378233 -0.351267 -0.0290019 -0.34914 -0.0525445 -0.345858 -0.0754733 -0.341357 
4.031 -0.0282427 -0.095617 -0.0394653 -0.0921418 -0.0493909 -0.0884709 -0.058813 -0.0844542 -0.068935 -0.0795164 -0.0781737 -0.0743676 -0.0869406 -0.068751 
4.16 0.0696891 -0.312711 0.0451999 -0.314494 0.0232711 -0.315008 0.00197116 -0.314453 -0.0212439 -0.31257 -0.0429411 -0.309623 -0.0640361 -0.305574 
4.215 0.103246 -0.31408 0.0786191 -0.317777 0.0564597 -0.319946 0.0349271 -0.321073 0.0112232 -0.320971 -0.0108906 -0.319663 -0.0325202 -0.317143 
4.117 0.0518833 -0.363389 0.0243385 -0.364093 -0.000250008 -0.363464 -0.0241269 -0.361719 -0.0501301 -0.358348 -0.074291 -0.353912 -0.097807 -0.348186 
4.094 0.0340775 -0.342843 0.00788131 -0.342661 -0.0154708 -0.34133 -0.038095 -0.338946 -0.062705 -0.334954 -0.0855006 -0.329981 -0.10765 -0.323806 
4.215 0.214875 0.0707985 0.212745 0.0592803 0.210313 0.0491958 0.20756 0.0394981 0.203772 0.0291352 0.199761 0.0195775 0.195312 0.010493 
4.07 0.0121627 -0.340104 -0.0138178 -0.338674 -0.0369648 -0.336225 -0.0593267 -0.332778 -0.0836071 -0.327649 -0.106108 -0.321638 -0.127811 -0.314434 
4.215 0.228571 0.0612108 0.225981 0.0489694 0.223021 0.0382545 0.219787 0.0279196 0.215451 0.0168894 0.210825 0.00676653 0.205758 -0.00284703 
4.207 0.108725 -0.370922 0.0808966 -0.374967 0.0558606 -0.377301 0.0314356 -0.37845 0.00471465 -0.378216 -0.0203127 -0.376672 -0.0448199 -0.373742 
4.09 0.0388714 -0.370237 0.0109732 -0.370229 -0.0138858 -0.368972 -0.0379804 -0.366594 -0.0641879 -0.362514 -0.088573 -0.357417 -0.112219 -0.35102 
3.561 -0.352171 -0.186016 -0.368818 -0.163348 -0.382646 -0.142392 -0.395077 -0.121283 -0.407413 -0.097503 -0.417873 -0.0745612 -0.426933 -0.0513859 
4.02 -0.0446788 -0.163416 -0.0599878 -0.158896 -0.0733987 -0.154137 -0.0862363 -0.148854 -0.0999422 -0.142414 -0.112544 -0.135625 -0.124436 -0.128201 
0.861 -0.218628 0.312546 -0.209047 0.33041 -0.200043 0.345695 -0.1903 0.360356 -0.178872 0.375622 -0.167506 0.389387 -0.155514 0.402369 
4.211 0.100507 -0.299014 0.0767959 -0.302496 0.055453 -0.304556 0.0346878 -0.305565 0.0118903 -0.305415 -0.00941611 -0.304106 -0.030226 -0.301616 
0.887 -0.148089 0.336516 -0.137256 0.35002 -0.127052 0.361713 -0.116455 0.372578 -0.104289 0.383713 -0.092395 0.393538 -0.0801645 0.402634 
4.191 0.0998219 -0.354486 0.0727726 -0.357986 0.048532 -0.359843 0.0248839 -0.360557 -0.000984168 -0.359866 -0.0251268 -0.357907 -0.0487532 -0.354659 
4.355 0.286098 0.0228599 0.280723 0.00730311 0.275196 -0.00619978 0.269282 -0.0191394 0.261964 -0.0328122 0.254393 -0.0452362 0.246325 -0.0569559 
3.324 -0.18781 0.110519 -0.188615 0.124789 -0.188869 0.137697 -0.188389 0.150216 -0.187263 0.163756 -0.185507 0.176532 -0.182997 0.189032 
4.098 0.0429804 -0.385303 0.0142519 -0.385448 -0.0114055 -0.384312 -0.0362532 -0.382016 -0.0632927 -0.378019 -0.0884532 -0.372901 -0.112862 -0.366498 
0.761 -0.464484 0.31871 -0.455927 0.352187 -0.446907 0.381813 -0.436562 0.410235 -0.423532 0.440488 -0.409823 0.468272 -0.394846 0.494809 
1.934 -0.169319 0.188591 -0.164881 0.201292 -0.16052 0.212436 -0.1556 0.223101 -0.149849 0.234347 -0.143763 0.244602 -0.137377 0.254445 
4.219 0.114888 -0.346952 0.0883125 -0.351198 0.0643894 -0.353811 0.0410567 -0.355251 0.0154222 -0.355372 -0.00851935 -0.35421 -0.0319195 -0.351717 
4.188 0.0813313 -0.291481 0.0579657 -0.29411 0.0370475 -0.295368 0.0166393 -0.29564 -0.00565034 -0.294648 -0.0264525 -0.292624 -0.0468167 -0.289488 
4.316 0.268292 0.0153267 0.262847 0.000762205 0.257293 -0.011892 0.25138 -0.0239872 0.243988 -0.0368185 0.236359 -0.0484665 0.228387 -0.0593843 
1.943 -0.21041 0.172154 -0.206714 0.187256 -0.20283 0.200583 -0.198237 0.213365 -0.192651 0.226899 -0.186569 0.239356 -0.17994 0.251369 
4.156 0.0806465 -0.361334 0.0532308 -0.363683 0.028754 -0.364483 0.00490404 -0.364173 -0.021088 -0.362374 -0.0453638 -0.359403 -0.0690084 -0.355118 
4.082 -0.000164361 -0.138077 -0.0142853 -0.13625 -0.0268729 -0.133875 -0.0388959 -0.13107 -0.0519442 -0.127261 -0.0639955 -0.122998 -0.0755707 -0.118046 
4.172 0.0655801 -0.112053 0.0528153 -0.114087 0.0412809 -0.115309 0.0300906 -0.115922 0.0178497 -0.115972 0.00627576 -0.115387 -0.00509023 -0.114063 
4.047 -0.0241337 -0.149719 -0.0388752 -0.146427 -0.0519499 -0.142781 -0.064375 -0.138649 -0.0778562 -0.133413 -0.0901782 -0.127817 -0.101938 -0.12151 
4.102 0.0340775 -0.0168607 0.0272072 -0.017159 0.0210264 -0.0170716 0.0151208 -0.0167198 0.00858195 -0.0159396 0.00262331 -0.0148614 -0.0032463 -0.0134465 
4.066 0.000520477 -0.308602 -0.0237451 -0.30654 -0.0453484 -0.303598 -0.0661515 -0.299739 -0.088651 -0.294278 -0.109476 -0.288018 -0.129538 -0.280681 
0.924 -0.296699 0.263238 -0.2892 0.285277 -0.282224 0.304444 -0.274435 0.322789 -0.264973 0.342358 -0.254889 0.360336 -0.244238 0.377397 
4.094 0.0450349 -0.401739 0.0153694 -0.401874 -0.0110172 -0.40065 -0.0366718 -0.398248 -0.0645372 -0.394103 -0.0904467 -0.388838 -0.115528 -0.382197 
4.215 0.108725 -0.330516 0.083128 -0.334464 0.0600933 -0.33687 0.0376915 -0.338128 0.0130415 -0.338125 -0.00997404 -0.336869 -0.0324793 -0.334359 
4.168 0.0847555 -0.347637 0.0580961 -0.350408 0.0342308 -0.351661 0.0109594 -0.351793 -0.0144729 -0.350484 -0.0382713 -0.34802 -0.0614808 -0.344235 
4.152 0.0690042 -0.328462 0.0436561 -0.330212 0.0209282 -0.330628 -0.00108858 -0.32997 -0.025143 -0.327926 -0.0475917 -0.324803 -0.069425 -0.320506 
4.145 0.0436653 -0.151089 0.0288007 -0.151874 0.0154135 -0.151884 0.00260985 -0.151237 -0.0115605 -0.149768 -0.0247807 -0.147676 -0.0376251 -0.144817 
3.543 -0.356965 -0.16547 -0.37234 -0.142455 -0.385111 -0.121279 -0.396469 -0.100013 -0.407651 -0.0761503 -0.416908 -0.0531466 -0.424836 -0.0299692 
4.02 -0.0385153 -0.10589 -0.0505146 -0.101862 -0.0610814 -0.0976949 -0.0711131 -0.0931541 -0.0818425 -0.0876088 -0.0916336 -0.0818233 -0.100879 -0.0755571 
0.913 -0.196713 0.302274 -0.187493 0.318536 -0.178781 0.332692 -0.16944 0.346023 -0.158542 0.359998 -0.147678 0.372507 -0.136292 0.384312 
4.281 0.290892 0.0543624 0.287302 0.0384065 0.283384 0.0244857 0.279082 0.0110919 0.273375 -0.00320705 0.267348 -0.0162749 0.260825 -0.0286247 
4.18 0.0943432 -0.37777 0.0660897 -0.380944 0.0407816 -0.382496 0.0161307 -0.382855 -0.0108268 -0.381726 -0.0360393 -0.379383 -0.0606542 -0.375624 
1.196 0.366909 0.322134 0.377196 0.302683 0.385641 0.285204 0.393154 0.267664 0.399856 0.248007 0.40511 0.229281 0.409321 0.210648 
1.095 -0.266566 0.247487 -0.259245 0.266522 -0.252012 0.28338 -0.244032 0.299549 -0.234535 0.316432 -0.224673 0.331905 -0.214155 0.346525 
1.035 -0.237118 0.263238 -0.229876 0.281647 -0.222754 0.297811 -0.214873 0.313306 -0.205393 0.329521 -0.195567 0.344283 -0.185036 0.358391 
0.971 -0.14398 0.310492 -0.13416 0.323334 -0.124926 0.334511 -0.115215 0.344925 -0.104172 0.355512 -0.0933625 0.365006 -0.0820299 0.373799 
0.99 -0.253554 0.259814 -0.246528 0.278945 -0.239654 0.295772 -0.231932 0.311886 -0.222591 0.328864 -0.21286 0.344372 -0.202306 0.359237 
4.137 0.0388714 -0.127804 0.0255767 -0.128408 0.0136797 -0.128283 0.00219579 -0.127639 -0.0104401 -0.12625 -0.0221539 -0.124334 -0.0335611 -0.121718 
4.113 0.0477743 -0.343528 0.0215198 -0.344034 -0.00188377 -0.343334 -0.0245787 -0.341562 -0.0493313 -0.338271 -0.0723244 -0.333925 -0.0946959 -0.328418 
0.916 -0.21041 0.29748 -0.201749 0.314439 -0.193301 0.329319 -0.1842 0.343423 -0.173571 0.358082 -0.162832 0.371375 -0.151506 0.384021 
3.996 -0.0617998 -0.190809 -0.0790307 -0.18526 -0.0942074 -0.179559 -0.108578 -0.173284 -0.123943 -0.16555 -0.137956 -0.157537 -0.151378 -0.148755 
3.975 -0.0761813 -0.171634 -0.092138 -0.165227 -0.106094 -0.158776 -0.119293 -0.151817 -0.133404 -0.143416 -0.146195 -0.134878 -0.158253 -0.125686 
4.098 0.00942337 -0.16547 -0.00617253 -0.164193 -0.0200367 -0.162302 -0.0333547 -0.159845 -0.0478423 -0.156344 -0.0613258 -0.152355 -0.0742339 -0.147598 
0.945 -0.167265 0.307068 -0.157767 0.321392 -0.148679 0.333805 -0.139254 0.345494 -0.12854 0.357518 -0.117899 0.368341 -0.106963 0.378499 
1.335 0.0970826 0.304328 0.106802 0.30182 0.115205 0.299322 0.123456 0.296426 0.13211 0.292706 0.139993 0.288784 0.147618 0.284635 
2.07 0.206657 0.161882 0.208534 0.152417 0.209685 0.143876 0.210523 0.135509 0.210684 0.126207 0.210427 0.117579 0.209668 0.109256 
3.998 -0.0604301 -0.16821 -0.075987 -0.162764 -0.0896954 -0.157181 -0.102652 -0.151072 -0.116499 -0.143684 -0.129192 -0.136028 -0.141066 -0.127814 
4.043 -0.026873 -0.178482 -0.0433575 -0.175054 -0.0578663 -0.17121 -0.0718284 -0.166801 -0.0868107 -0.161132 -0.100506 -0.155034 -0.113666 -0.148233 
4.379 0.25528 0.00710862 0.249003 -0.00651106 0.242807 -0.0183043 0.236395 -0.0295503 0.228517 -0.0413317 0.220608 -0.0519777 0.212376 -0.0618678 
4.223 0.121737 -0.364073 0.0941719 -0.368708 0.0693753 -0.371593 0.045148 -0.373276 0.018598 -0.373561 -0.00627941 -0.372559 -0.0306444 -0.370168 
4.098 0.0135324 -0.134653 -0.00042594 -0.133674 -0.0127236 -0.132143 -0.0245178 -0.130052 -0.0375085 -0.127078 -0.0494325 -0.123608 -0.0609823 -0.119504 
0.927 -0.105629 0.341994 -0.0944039 0.352778 -0.0839725 0.362045 -0.0731675 0.370537 -0.0610269 0.379016 -0.0492369 0.386387 -0.0371894 0.393085 
0.884 -0.48092 0.259129 -0.472311 0.290533 -0.463358 0.318215 -0.453188 0.344901 -0.440635 0.373268 -0.427341 0.399213 -0.412877 0.424107 
1.792 -0.278893 0.196124 -0.274057 0.215118 -0.269027 0.231985 -0.263116 0.248256 -0.25585 0.26555 -0.248152 0.281435 -0.239664 0.296657 
2.734 -0.365868 -0.140816 -0.379967 -0.117284 -0.391551 -0.0956371 -0.401659 -0.0738978 -0.411412 -0.0497689 -0.419379 -0.0265413 -0.425924 -0.0032073 
3.938 -0.102205 -0.214094 -0.120552 -0.206105 -0.136662 -0.198098 -0.151931 -0.189572 -0.168041 -0.179318 -0.182678 -0.168915 -0.196574 -0.157858 
3.197 -0.31382 -0.0168607 -0.320573 0.00378989 -0.325704 0.0224816 -0.329739 0.0409695 -0.333066 0.0614092 -0.335268 0.0806952 -0.336283 0.0999301 
4.539 0.275825 -0.129174 0.261659 -0.143805 0.248288 -0.156168 0.234891 -0.167681 0.219414 -0.179382 0.20433 -0.189567 0.189039 -0.198652 
4.07 -0.00975209 -0.170264 -0.025686 -0.167819 -0.0399075 -0.164936 -0.0533469 -0.161405 -0.0678298 -0.156728 -0.0812958 -0.151607 -0.0943031 -0.145851 
0.759 -0.40011 0.287892 -0.392932 0.317442 -0.385385 0.343469 -0.376598 0.368543 -0.365604 0.395224 -0.35389 0.419765 -0.341104 0.443265 
4.082 0.0142172 -0.301753 -0.00973896 -0.300462 -0.0310769 -0.298194 -0.0517025 -0.295036 -0.0740169 -0.290301 -0.0947598 -0.284739 -0.114791 -0.278088 
0.765 -0.422709 0.275565 -0.416394 0.306388 -0.409487 0.333666 -0.401227 0.359983 -0.390711 0.388118 -0.379444 0.414051 -0.366976 0.438929 
3.305 -0.211094 0.0173812 -0.215609 0.0316118 -0.219175 0.044553 -0.221919 0.0574217 -0.224203 0.0715523 -0.225661 0.084834 -0.226271 0.098102 
4.215 0.0874949 -0.133968 0.0737123 -0.13739 0.061102 -0.139838 0.0490622 -0.141598 0.0355976 -0.142793 0.0229695 -0.143213 0.0103029 -0.142943 
4.539 0.275825 -0.111368 0.262727 -0.125949 0.250402 -0.138242 0.237914 -0.149695 0.223497 -0.161403 0.209357 -0.171652 0.195037 -0.180818 
3.9 -0.120696 -0.213409 -0.138888 -0.204434 -0.154779 -0.195635 -0.169781 -0.186307 -0.185619 -0.175299 -0.200026 -0.164125 -0.213462 -0.152338 
0.751 -0.311081 0.311861 -0.302561 0.336002 -0.293999 0.35717 -0.284401 0.377583 -0.272974 0.398937 -0.261106 0.418474 -0.248299 0.437095 
3.588 -0.337105 -0.221627 -0.355813 -0.199732 -0.371592 -0.179364 -0.385929 -0.158721 -0.400359 -0.13536 -0.412795 -0.112767 -0.423781 -0.0897591 
3.379 -0.177537 -0.0387755 -0.185589 -0.0264101 -0.192337 -0.0150232 -0.198231 -0.00350135 -0.204102 0.00932966 -0.209011 0.0217075 -0.213024 0.0342674 
3.984 -0.0727572 -0.204506 -0.0904695 -0.19809 -0.106065 -0.191627 -0.120802 -0.184508 -0.136473 -0.175922 -0.150797 -0.167101 -0.164316 -0.157559 
4.121 0.0292837 -0.164101 0.0137369 -0.163965 -6.17441e-05 -0.16306 -0.0133937 -0.161586 -0.0278633 -0.15913 -0.0414134 -0.156169 -0.0544204 -0.152424 
1.288 0.0772223 0.309122 0.0871938 0.307699 0.0959553 0.306082 0.104569 0.304093 0.113625 0.301293 0.121994 0.298244 0.130169 0.294901 
3.965 0.224462 0.10504 0.224027 0.092936 0.223038 0.0822818 0.221682 0.0719224 0.21937 0.0606822 0.216715 0.0503479 0.213618 0.0404685 
4.121 0.0566772 -0.392837 0.0275127 -0.393642 0.00148073 -0.393022 -0.0237624 -0.391232 -0.0512464 -0.387739 -0.0768397 -0.383129 -0.101746 -0.377152 
1.291 -0.0700178 0.246802 -0.0632264 0.254237 -0.0568825 0.260671 -0.0503257 0.266615 -0.0428485 0.272624 -0.0356698 0.277916 -0.0281732 0.282793 
1.393 0.166251 0.156403 0.167542 0.149663 0.168483 0.143714 0.169084 0.137688 0.169275 0.131147 0.16913 0.124943 0.168714 0.118901 
1.284 -0.263827 0.223517 -0.257645 0.242322 -0.251463 0.258933 -0.244411 0.27486 -0.235975 0.291625 -0.227081 0.306932 -0.21751 0.321596 
0.941 -0.48229 0.241323 -0.474778 0.272655 -0.466848 0.300358 -0.457713 0.327098 -0.446194 0.355474 -0.433927 0.381602 -0.420339 0.406665 
3.943 0.0724284 0.0844953 0.0717117 0.0814535 0.0708116 0.078824 0.0699752 0.0763181 0.0686719 0.0735014 0.0673235 0.0709445 0.0658953 0.0685621 
1.424 -0.103575 0.120107 -0.104085 0.129475 -0.104184 0.137897 -0.103777 0.146329 -0.102902 0.155289 -0.101686 0.163681 -0.100036 0.172015 
1.269 -0.243967 0.222148 -0.237905 0.239741 -0.231846 0.255265 -0.225007 0.27004 -0.216744 0.285596 -0.20818 0.299774 -0.19903 0.313446 
1.249 0.107355 0.1475 0.107705 0.14448 0.107822 0.141894 0.107956 0.139392 0.10779 0.136666 0.107481 0.134174 0.107012 0.131746 
3.936 -0.102205 -0.119586 -0.114892 -0.111907 -0.125858 -0.104451 -0.136126 -0.0966591 -0.146982 -0.0876033 -0.156729 -0.0784989 -0.165884 -0.0690038 
2.086 -0.391892 -0.173689 -0.407853 -0.148752 -0.421004 -0.125775 -0.432597 -0.1027 -0.443882 -0.0768089 -0.453393 -0.0520132 -0.461411 -0.0270072 
4.297 0.282674 0.0721682 0.28014 0.0567598 0.277234 0.0432028 0.273908 0.0301377 0.269295 0.0160907 0.264289 0.0032503 0.258758 -0.00901596 
2.543 0.252541 0.242693 0.259729 0.229514 0.265434 0.217513 0.270574 0.205314 0.275142 0.191808 0.278773 0.1788 0.281684 0.165844 
1.518 -0.0905629 0.072853 -0.0938315 0.081553 -0.0964783 0.0895246 -0.0984985 0.0974372 -0.100452 0.106185 -0.101795 0.114473 -0.102621 0.122791 
3.951 -0.0919326 -0.153828 -0.106505 -0.146601 -0.119278 -0.13956 -0.131391 -0.132074 -0.144032 -0.123165 -0.155567 -0.114179 -0.16645 -0.104679 
3.584 -0.325462 -0.157252 -0.340298 -0.136179 -0.35274 -0.116646 -0.363907 -0.0970403 -0.37483 -0.0749622 -0.384054 -0.053725 -0.391962 -0.0322222 
0.794 -0.343953 0.285838 -0.336526 0.311761 -0.328872 0.334639 -0.320167 0.356601 -0.309389 0.379863 -0.298128 0.401138 -0.285968 0.421495 
3.295 -0.239173 0.100247 -0.238939 0.116069 -0.238065 0.130259 -0.236367 0.144022 -0.233866 0.158938 -0.230788 0.1727 -0.226921 0.186344 
4.156 0.0553075 -0.121641 0.0423158 -0.123139 0.0305971 -0.123871 0.0192559 -0.124049 0.00690777 -0.123558 -0.00469364 -0.122475 -0.0161698 -0.120702 
0.854 -0.248076 0.29611 -0.239534 0.315427 -0.231266 0.332325 -0.222191 0.348437 -0.2114 0.365339 -0.200527 0.38071 -0.18884 0.395255 
2.186 -0.425449 -0.197658 -0.443333 -0.170071 -0.458164 -0.144635 -0.471319 -0.11913 -0.484227 -0.0905151 -0.494975 -0.0630332 -0.504051 -0.0353531 
4.043 -0.022764 -0.116162 -0.0355641 -0.113036 -0.0469369 -0.109641 -0.0576506 -0.105819 -0.0692914 -0.10098 -0.0800044 -0.0958571 -0.0902639 -0.0901807 
2.396 0.152554 0.145446 0.153366 0.139267 0.153777 0.133811 0.154052 0.128442 0.153716 0.122437 0.153171 0.11688 0.152282 0.111492 
1.321 0.0895494 0.31597 0.0999049 0.313963 0.10892 0.311781 0.117818 0.309249 0.127115 0.305842 0.135721 0.302212 0.144071 0.298247 
4.172 0.061471 -0.140131 0.0470562 -0.141948 0.0340202 -0.142957 0.0215372 -0.143259 0.00764021 -0.142887 -0.00519606 -0.141768 -0.0177392 -0.139877 
4.227 0.244323 0.0612108 0.241511 0.0478392 0.238332 0.0361319 0.234829 0.0248366 0.230127 0.0128596 0.225083 0.00180008 0.219621 -0.00866857 
1.614 -0.150829 0.224202 -0.144197 0.235801 -0.137953 0.245951 -0.131186 0.255542 -0.123412 0.265395 -0.115593 0.274417 -0.107353 0.282858 
4.113 0.0395562 -0.0380907 0.0313781 -0.0387649 0.0239638 -0.0388845 0.0168958 -0.0386802 0.00906205 -0.03802 0.00183255 -0.0370191 -0.00520342 -0.0355538 
1.56 0.19159 0.220093 0.196636 0.21155 0.20072 0.203806 0.204437 0.19601 0.207806 0.187035 0.210539 0.178845 0.212797 0.170425 
1.266 -0.0344062 0.243378 -0.027941 0.248942 -0.0221152 0.253757 -0.0160383 0.25809 -0.0093244 0.262345 -0.00275641 0.266103 0.0037992 0.269454 
0.893 -0.123435 0.346103 -0.112108 0.358121 -0.101624 0.368432 -0.0907763 0.377901 -0.0784808 0.387531 -0.0664701 0.395929 -0.0542575 0.40369 
1.001 -0.153568 0.29748 -0.144655 0.310956 -0.136242 0.322702 -0.127427 0.333831 -0.117353 0.345162 -0.107265 0.35534 -0.096888 0.364947 
4.207 0.0922887 -0.0545268 0.0830937 -0.0583175 0.0747814 -0.0611841 0.06644 -0.0636988 0.0572261 -0.0658494 0.0486327 -0.0674062 0.0399512 -0.068435 
1.318 0.0970826 0.283783 0.105652 0.281254 0.113159 0.278651 0.120466 0.275702 0.127972 0.271952 0.134872 0.268024 0.141463 0.263856 
4.152 0.0484591 -0.16958 0.0323032 -0.170595 0.0177919 -0.17074 0.00376706 -0.170254 -0.011557 -0.168933 -0.0258746 -0.166854 -0.0397951 -0.163923 
3.258 -0.250815 0.157773 -0.247101 0.174529 -0.243312 0.189331 -0.238912 0.20359 -0.23357 0.2187 -0.227799 0.232862 -0.22137 0.24638 
3.602 -0.314505 -0.176428 -0.330488 -0.155685 -0.343954 -0.136499 -0.356048 -0.117131 -0.36817 -0.0952969 -0.378449 -0.0742169 -0.387418 -0.053013 
3.645 -0.29259 -0.249706 -0.313074 -0.230343 -0.330476 -0.212277 -0.346554 -0.193722 -0.362913 -0.17258 -0.377371 -0.151914 -0.390383 -0.130744 
0.854 -0.159732 0.346103 -0.148542 0.36041 -0.138042 0.372758 -0.127079 0.384313 -0.11446 0.396131 -0.10216 0.406605 -0.0894077 0.416265 
0.817 -0.289851 0.292686 -0.282011 0.315185 -0.273955 0.335155 -0.265171 0.354126 -0.254397 0.374244 -0.243232 0.392606 -0.231373 0.410119 
1.259 -0.0255034 0.263923 -0.0179574 0.26914 -0.0111833 0.273481 -0.00410882 0.277437 0.00374566 0.281241 0.0112506 0.28435 0.0188492 0.287137 
0.768 -0.345323 0.299534 -0.337467 0.325633 -0.329459 0.3486 -0.320346 0.370734 -0.309219 0.394088 -0.29762 0.415488 -0.284935 0.436086 
4.23 0.21145 0.0571018 0.208694 0.0458393 0.205729 0.0359775 0.202501 0.0264743 0.198177 0.0162911 0.193569 0.00699814 0.188596 -0.00179127 
4.219 0.0991371 -0.0798658 0.0885006 -0.083921 0.0788217 -0.0870369 0.0692928 -0.0896564 0.0586046 -0.0919168 0.0485004 -0.0934707 0.0384845 -0.0944516 
4.203 0.0909191 -0.261348 0.0691036 -0.264543 0.0494307 -0.266419 0.0303334 -0.267297 0.00933659 -0.267096 -0.0102862 -0.265851 -0.0295086 -0.26351 
0.82 -0.304232 0.288577 -0.296566 0.311886 -0.28888 0.332359 -0.280207 0.351984 -0.26967 0.372721 -0.258737 0.391662 -0.246933 0.40984 
4.055 -0.00701274 -0.0558965 -0.0160144 -0.0540853 -0.0239791 -0.0520429 -0.0315845 -0.0496206 -0.0398958 -0.0466381 -0.0475097 -0.0433215 -0.0548091 -0.0395887 
1.276 -0.0570059 0.238584 -0.050888 0.245344 -0.0451424 0.251258 -0.0392055 0.2567 -0.0325453 0.262175 -0.0260044 0.26701 -0.0193777 0.271453 
3.365 -0.147404 -0.0278181 -0.154855 -0.0173893 -0.161107 -0.00776207 -0.166704 0.00198521 -0.172228 0.01293 -0.176883 0.0234701 -0.180862 0.0343137 
1.079 -0.291905 0.247487 -0.284001 0.267279 -0.276178 0.284421 -0.267468 0.301049 -0.257107 0.318218 -0.246529 0.334081 -0.235315 0.349356 
4.531 0.268292 -0.091508 0.256387 -0.105821 0.245093 -0.11791 0.233642 -0.129338 0.220382 -0.141001 0.207331 -0.151271 0.194052 -0.160447 
4.426 0.220353 -0.150404 0.204974 -0.161697 0.190769 -0.170966 0.176581 -0.179382 0.160579 -0.187573 0.14509 -0.194512 0.129596 -0.200427 
4.219 0.238844 0.0749075 0.236974 0.0620137 0.234623 0.0506283 0.231992 0.0396772 0.228303 0.0278943 0.224244 0.0170104 0.219742 0.00664072 
4.09 0.260759 0.100247 0.260129 0.0860622 0.258866 0.0734638 0.257196 0.0613116 0.254452 0.0481277 0.251329 0.0360213 0.247591 0.0242808 
4.375 0.199123 -0.0339816 0.190906 -0.0444539 0.183078 -0.0533832 0.175148 -0.0615971 0.165892 -0.0701783 0.156748 -0.0776323 0.147455 -0.0844298 
4.172 0.248432 0.0920285 0.247424 0.078527 0.245916 0.0665694 0.243799 0.0549544 0.240778 0.0423956 0.237201 0.0308244 0.233139 0.0196935 
3.469 -0.371346 -0.206561 -0.389326 -0.182621 -0.404363 -0.160439 -0.417829 -0.138099 -0.431256 -0.113008 -0.442626 -0.0886784 -0.4525 -0.0640865 
4.191 0.0772223 -0.241487 0.05687 -0.24416 0.0386019 -0.245583 0.0207639 -0.246109 0.00125338 -0.245596 -0.0170146 -0.244107 -0.0348837 -0.241658 
1.33 0.0909191 0.333091 0.102196 0.331037 0.112036 0.328936 0.121658 0.32641 0.131889 0.322899 0.141277 0.319153 0.150387 0.315101 
3.66 -0.283002 -0.268196 -0.304349 -0.249262 -0.322583 -0.231439 -0.33946 -0.213146 -0.356772 -0.192241 -0.372073 -0.171709 -0.386038 -0.150669 
0.779 -0.328202 0.295425 -0.320348 0.320395 -0.312332 0.342412 -0.303334 0.363526 -0.292324 0.385896 -0.280839 0.406393 -0.268463 0.425938 
0.792 -0.363813 0.281729 -0.356749 0.308882 -0.349363 0.332904 -0.340879 0.355974 -0.330232 0.380529 -0.319042 0.403079 -0.306921 0.424645 
3.635 -0.296699 -0.22916 -0.316023 -0.209573 -0.33245 -0.191193 -0.347457 -0.172551 -0.362806 -0.151272 -0.376219 -0.130481 -0.388237 -0.109415 
4.199 0.186796 0.0879195 0.185524 0.0780561 0.183888 0.0694512 0.182044 0.0611261 0.179323 0.0521589 0.176321 0.043954 0.17303 0.0361832 
3.609 -0.300808 -0.14698 -0.315051 -0.127383 -0.327048 -0.10915 -0.337713 -0.0908277 -0.348332 -0.0701636 -0.357301 -0.0503229 -0.365016 -0.0301664 
1.272 -0.0474182 0.252965 -0.0405642 0.259217 -0.0342552 0.264562 -0.0276123 0.269528 -0.0203552 0.274412 -0.013251 0.278666 -0.00596734 0.282562 
1.636 -0.278893 0.222148 -0.27289 0.241932 -0.266811 0.259408 -0.259833 0.276148 -0.251362 0.293699 -0.242534 0.309918 -0.232958 0.325381 
3.652 -0.285057 -0.329147 -0.310328 -0.310131 -0.332034 -0.291986 -0.352282 -0.273265 -0.373294 -0.251619 -0.391995 -0.230377 -0.409182 -0.208335 
3.629 -0.280263 -0.129859 -0.293602 -0.111292 -0.304727 -0.0941211 -0.314675 -0.0768186 -0.324519 -0.0574791 -0.332793 -0.0386536 -0.339873 -0.0197948 
3.664 -0.278208 -0.252445 -0.29885 -0.233904 -0.31646 -0.21654 -0.332707 -0.198666 -0.349437 -0.178175 -0.364134 -0.158205 -0.377489 -0.137578 
0.73 -0.37614 0.307068 -0.368226 0.335296 -0.360097 0.360238 -0.350699 0.3842 -0.339085 0.409691 -0.326988 0.433076 -0.313762 0.455429 
0.749 -0.361759 0.300219 -0.353983 0.327358 -0.346067 0.351271 -0.336886 0.374418 -0.325562 0.398923 -0.313784 0.421343 -0.300977 0.442821 
4.586 0.29774 -0.155883 0.28215 -0.171935 0.26754 -0.185373 0.252816 -0.197871 0.235829 -0.210561 0.219405 -0.221471 0.202663 -0.23132 
3.568 -0.331626 -0.127804 -0.344941 -0.106261 -0.355851 -0.0864607 -0.365571 -0.0665313 -0.374928 -0.0443149 -0.382686 -0.0229711 -0.389091 -0.00148158 
4.594 0.294316 -0.116162 0.280721 -0.131827 0.267925 -0.145086 0.25493 -0.157443 0.239931 -0.170072 0.225279 -0.181087 0.210296 -0.191159 
4.254 0.199123 0.0769621 0.197386 0.0662236 0.195283 0.0567591 0.192899 0.047672 0.18965 0.0378406 0.186065 0.0287931 0.182194 0.0202262 
3.623 -0.293275 -0.162731 -0.308407 -0.143399 -0.321136 -0.12553 -0.33261 -0.107482 -0.344038 -0.0871145 -0.353841 -0.0675188 -0.36236 -0.0476427 
4.16 0.0683194 0.000260238 0.06261 -0.00226176 0.0573396 -0.00420488 0.0522822 -0.0058429 0.0464934 -0.00735578 0.0409825 -0.00846057 0.0353037 -0.00922366 
3.969 -0.0796055 -0.147665 -0.0940764 -0.140993 -0.106642 -0.134357 -0.118536 -0.127363 -0.131322 -0.118995 -0.142938 -0.110515 -0.153546 -0.101456 
1.255 -0.0193398 0.250226 -0.0126996 0.255129 -0.00666275 0.25922 -0.000472337 0.262936 0.00635677 0.26655 0.0128619 0.269566 0.0195532 0.272313 
0.956 -0.133708 0.324873 -0.123221 0.337338 -0.113583 0.347938 -0.103522 0.35795 -0.0920735 0.368033 -0.0807709 0.377059 -0.0692675 0.385232 
3.748 -0.204931 -0.173689 -0.220908 -0.159661 -0.234656 -0.14645 -0.247302 -0.13294 -0.260483 -0.117316 -0.271955 -0.102099 -0.282452 -0.0863679 
1.587 0.189536 0.239269 0.195615 0.230712 0.200621 0.222937 0.205257 0.215081 0.20965 0.206191 0.213285 0.197748 0.21647 0.189185 
3.688 -0.261772 -0.327092 -0.286918 -0.309432 -0.308683 -0.292465 -0.328927 -0.274963 -0.350013 -0.254645 -0.368865 -0.234403 -0.38625 -0.213511 
3.766 -0.191919 -0.184646 -0.208494 -0.171295 -0.222747 -0.158539 -0.235926 -0.145464 -0.249571 -0.130593 -0.261668 -0.115858 -0.272701 -0.100706 
1.294 0.0744829 0.337885 0.0863481 0.336629 0.0967166 0.335063 0.106964 0.333051 0.117814 0.330119 0.127728 0.326832 0.137371 0.32315 
3.924 -0.113163 -0.0812354 -0.123574 -0.0727388 -0.132598 -0.0647504 -0.140784 -0.0564758 -0.149595 -0.0470471 -0.157286 -0.0376954 -0.164082 -0.0280289 
2.84 0.298425 0.1927 0.302798 0.176626 0.305815 0.162162 0.308082 0.147879 0.309594 0.132174 0.310257 0.117467 0.310202 0.103016 
0.736 -0.450788 0.315286 -0.44234 0.348195 -0.433525 0.377317 -0.423264 0.405395 -0.410464 0.435146 -0.396992 0.462578 -0.382238 0.488966 
1.271 -0.165895 0.269401 -0.156839 0.281793 -0.148349 0.292514 -0.139404 0.302554 -0.129164 0.312803 -0.119009 0.321971 -0.108605 0.330612 
4.41 0.210766 -0.0743871 0.200247 -0.0853423 0.190311 -0.0945653 0.18037 -0.103089 0.168812 -0.111775 0.157549 -0.11927 0.146177 -0.125984 
4.008 -0.0426243 -0.0784961 -0.0531918 -0.074353 -0.0624293 -0.0701172 -0.0711264 -0.0655331 -0.0804023 -0.0599875 -0.0888124 -0.0543007 -0.0966445 -0.0481512 
3.115 0.596329 -0.247651 0.573224 -0.280326 0.551163 -0.308245 0.528675 -0.334564 0.502439 -0.361717 0.476511 -0.385854 0.449869 -0.408019 
4.32 0.172415 0.0427202 0.168631 0.0338891 0.164798 0.0261325 0.160871 0.0188723 0.155979 0.0111 0.150965 0.00409565 0.14579 -0.00239869 
3.75 -0.216573 -0.33805 -0.242189 -0.323225 -0.264451 -0.308639 -0.285357 -0.293446 -0.307287 -0.275492 -0.327043 -0.25771 -0.345506 -0.23914 
0.755 -0.324777 0.309807 -0.316343 0.334707 -0.307843 0.356765 -0.298256 0.37785 -0.286716 0.400056 -0.274792 0.420363 -0.261984 0.439717 
3.707 -0.245336 -0.349007 -0.271704 -0.33218 -0.294461 -0.316088 -0.315858 -0.299226 -0.338159 -0.279583 -0.358152 -0.260054 -0.376753 -0.239798 
1.629 -0.215203 0.231051 -0.208315 0.24635 -0.201592 0.259569 -0.194243 0.272368 -0.185478 0.285596 -0.176655 0.297648 -0.16738 0.309168 
3.676 -0.266566 -0.225736 -0.285523 -0.207811 -0.30173 -0.19102 -0.316684 -0.173872 -0.331927 -0.154218 -0.345289 -0.134973 -0.357346 -0.11531 
1.151 -0.252869 0.236529 -0.246321 0.254682 -0.239838 0.27062 -0.232543 0.286016 -0.223806 0.302072 -0.214797 0.31699 -0.205107 0.331095 
3.711 -0.239173 -0.247651 -0.259365 -0.231507 -0.276703 -0.216105 -0.292834 -0.200279 -0.309534 -0.182095 -0.324333 -0.164123 -0.337839 -0.1457 
0.869 -0.465169 0.259814 -0.456989 0.290724 -0.448493 0.317949 -0.438615 0.344062 -0.426276 0.371756 -0.413421 0.39733 -0.399218 0.421713 
3.738 -0.211779 -0.199712 -0.229168 -0.185282 -0.244071 -0.171628 -0.25792 -0.157529 -0.272192 -0.141467 -0.28483 -0.125668 -0.296364 -0.109338 
3.186 0.571675 -0.232585 0.549762 -0.263858 0.52888 -0.290528 0.507261 -0.315779 0.482227 -0.341759 0.457452 -0.364852 0.431987 -0.386162 
3.648 -0.279578 -0.202452 -0.297289 -0.184048 -0.312365 -0.166884 -0.326194 -0.149399 -0.340215 -0.129531 -0.35246 -0.110064 -0.363401 -0.0902916 
3.658 -0.259033 -0.116162 -0.271489 -0.0990316 -0.281882 -0.0832369 -0.291183 -0.0673399 -0.300461 -0.0494018 -0.308273 -0.0321367 -0.315002 -0.0145864 
3.771 -0.200137 -0.288741 -0.222698 -0.274724 -0.24229 -0.261108 -0.260717 -0.246968 -0.280001 -0.23043 -0.297276 -0.213988 -0.313382 -0.196959 
1.266 0.101876 0.209821 0.10583 0.207267 0.109158 0.204802 0.112512 0.202277 0.115769 0.199402 0.118624 0.196491 0.121345 0.193555 
1.072 -0.204246 0.266662 -0.19666 0.282905 -0.189248 0.297149 -0.181327 0.31063 -0.171834 0.324701 -0.162328 0.337486 -0.152256 0.349636 
1.479 0.155979 0.259814 0.163182 0.253331 0.169251 0.247342 0.175116 0.241162 0.180838 0.234051 0.185869 0.227167 0.190502 0.220155 
1.389 0.328558 0.302958 0.338163 0.285682 0.345725 0.269991 0.352502 0.2543 0.358873 0.23672 0.363609 0.220002 0.36758 0.20347 
3.836 -0.120696 -0.0196001 -0.127712 -0.0106799 -0.133628 -0.00236362 -0.13896 0.00600449 -0.14434 0.0154441 -0.148881 0.0245787 -0.152817 0.033894 
4.309 0.166251 -0.087399 0.155146 -0.0955006 0.144847 -0.10222 0.13459 -0.108357 0.122942 -0.11427 0.111737 -0.119221 0.100524 -0.1234 
4.086 0.00668402 -0.118217 -0.00604663 -0.11701 -0.0174092 -0.115307 -0.028301 -0.113044 -0.0401715 -0.109961 -0.0511075 -0.106486 -0.0616367 -0.102448 
3.73 -0.188495 -0.0545268 -0.197439 -0.0413929 -0.204896 -0.0292741 -0.211492 -0.0171216 -0.218064 -0.00346231 -0.22355 0.00965281 -0.22811 0.0229393 
1.304 -0.0926174 0.231735 -0.0867929 0.240836 -0.0811916 0.24877 -0.0752388 0.256283 -0.0683913 0.263992 -0.0616834 0.270863 -0.0546015 0.27736 
4.562 0.27788 -0.0600055 0.267807 -0.074832 0.258176 -0.0877536 0.248247 -0.0996861 0.236554 -0.11222 0.224998 -0.123274 0.213133 -0.133391 
3.678 -0.265881 -0.270251 -0.287472 -0.252303 -0.306025 -0.235298 -0.323229 -0.217802 -0.340947 -0.197774 -0.356602 -0.178098 -0.370966 -0.157769 
3.762 -0.204246 -0.322298 -0.229017 -0.307977 -0.250474 -0.294275 -0.270669 -0.279773 -0.291926 -0.262793 -0.311063 -0.245739 -0.328916 -0.228028 
1.178 -0.0830297 0.312546 -0.0725023 0.320906 -0.0627509 0.327766 -0.0527843 0.333965 -0.0417631 0.339898 -0.0308331 0.345296 -0.0198254 0.349999 
3.691 -0.243967 -0.18807 -0.260851 -0.171613 -0.275288 -0.156215 -0.288577 -0.140468 -0.302165 -0.12252 -0.314035 -0.104988 -0.324722 -0.0870032 
1.378 0.112834 0.285153 0.121309 0.28193 0.128739 0.278685 0.135924 0.275234 0.14341 0.270919 0.150185 0.266505 0.156721 0.261977 
3.666 -0.276154 -0.236694 -0.295777 -0.218357 -0.312575 -0.201157 -0.328047 -0.18341 -0.343881 -0.163369 -0.357793 -0.143638 -0.370395 -0.123485 
3.77 -0.191234 -0.212724 -0.209486 -0.199471 -0.225226 -0.186655 -0.239878 -0.17359 -0.255135 -0.158502 -0.268722 -0.143423 -0.281222 -0.127927 
1.479 -0.363128 0.215984 -0.357309 0.240563 -0.351128 0.262343 -0.344001 0.283365 -0.335027 0.305721 -0.32562 0.326306 -0.315168 0.345966 
1.274 -0.052212 0.265977 -0.0446046 0.272453 -0.0375714 0.277965 -0.0303719 0.283028 -0.0223682 0.288039 -0.0146065 0.292303 -0.00674063 0.296205 
3.684 -0.235064 -0.121641 -0.247816 -0.105782 -0.258631 -0.0910877 -0.268344 -0.0762246 -0.278126 -0.0594625 -0.286464 -0.0431978 -0.293751 -0.0266679 
3.625 -0.279578 -0.109314 -0.291614 -0.0908734 -0.30169 -0.0738263 -0.310574 -0.0567295 -0.319342 -0.0374326 -0.326532 -0.0190609 -0.332624 -0.000569559 
4.418 0.219669 -0.0264484 0.211804 -0.037905 0.204214 -0.0476715 0.196543 -0.0568845 0.187424 -0.0663443 0.178369 -0.0748664 0.169131 -0.0825878 
4.594 0.299795 -0.140816 0.284826 -0.156767 0.270772 -0.170164 0.256594 -0.182726 0.240244 -0.195415 0.224328 -0.206562 0.208186 -0.216499 
3.646 -0.26999 -0.160677 -0.285096 -0.142681 -0.297825 -0.12598 -0.309372 -0.109074 -0.320972 -0.0899706 -0.330926 -0.0714694 -0.339617 -0.0525785 
3.686 -0.261772 -0.306547 -0.285575 -0.28907 -0.306154 -0.272367 -0.325315 -0.255079 -0.345231 -0.235129 -0.363018 -0.215402 -0.379373 -0.194916 
3.668 -0.256294 -0.153143 -0.270925 -0.13604 -0.28331 -0.120067 -0.294494 -0.103992 -0.305815 -0.0856624 -0.315551 -0.0679181 -0.324098 -0.0499225 
0.916 -0.156307 0.324873 -0.145933 0.338742 -0.13616 0.350729 -0.125854 0.362041 -0.11409 0.373528 -0.102531 0.383773 -0.0906159 0.393283 
3.639 -0.273415 -0.146295 -0.287682 -0.128253 -0.299722 -0.111422 -0.310546 -0.0944802 -0.321346 -0.0753819 -0.33057 -0.056931 -0.338632 -0.0381364 
0.9 -0.0707026 0.368018 -0.0579794 0.377047 -0.046305 0.384701 -0.034458 0.391451 -0.0213996 0.397992 -0.00870005 0.403529 0.00394859 0.408355 
3.631 -0.302178 -0.282578 -0.324662 -0.262574 -0.343955 -0.243775 -0.361729 -0.224556 -0.380053 -0.202424 -0.396166 -0.180868 -0.410821 -0.158729 
3.76 -0.191919 -0.167525 -0.207676 -0.154162 -0.221177 -0.141627 -0.233724 -0.128652 -0.246613 -0.113834 -0.258019 -0.0992916 -0.26844 -0.0842661 
4.141 0.0662649 -0.364758 0.0386275 -0.366199 0.0139353 -0.366206 -0.0100528 -0.365095 -0.0361853 -0.362393 -0.060562 -0.358578 -0.0842674 -0.353471 
3.701 -0.247391 -0.221627 -0.266142 -0.205043 -0.282126 -0.189409 -0.296921 -0.173502 -0.312185 -0.155136 -0.32561 -0.137223 -0.337813 -0.118846 
4.293 0.156663 -0.0545268 0.14721 -0.0621166 0.138365 -0.068353 0.129568 -0.0739845 0.119496 -0.0795724 0.109818 -0.0844164 0.100106 -0.0885262 
3.705 -0.237803 -0.207246 -0.255672 -0.191144 -0.270997 -0.175864 -0.285105 -0.160303 -0.299586 -0.142636 -0.312339 -0.125175 -0.323906 -0.107355 
3.654 -0.280948 -0.222997 -0.299784 -0.204349 -0.315773 -0.186858 -0.330492 -0.169014 -0.345487 -0.148761 -0.358579 -0.129097 -0.370394 -0.108926 
3.684 -0.255609 -0.204506 -0.273395 -0.187361 -0.288537 -0.171348 -0.302531 -0.154822 -0.316785 -0.136141 -0.329231 -0.117838 -0.340482 -0.0991202 
3.584 -0.317244 -0.126435 -0.33033 -0.105731 -0.341134 -0.0867366 -0.350728 -0.0675841 -0.360052 -0.0461995 -0.36777 -0.0256285 -0.374282 -0.00489669 
4.07 0.000520477 -0.0819203 -0.0100235 -0.0803507 -0.0193466 -0.0786295 -0.0283152 -0.0762373 -0.0380757 -0.0733682 -0.047054 -0.070106 -0.0556646 -0.0663585 
3.678 -0.264512 -0.246966 -0.28473 -0.22924 -0.302018 -0.212609 -0.318036 -0.195537 -0.334516 -0.175939 -0.348997 -0.156764 -0.362263 -0.136994 
3.834 -0.107684 -0.0134365 -0.114123 -0.00545128 -0.119562 0.00203754 -0.124367 0.00963759 -0.129203 0.0181836 -0.133572 0.0264649 -0.137381 0.0348078 
3.668 -0.248076 -0.138762 -0.261884 -0.122237 -0.273547 -0.106888 -0.284066 -0.091359 -0.294671 -0.0738342 -0.30381 -0.05686 -0.311835 -0.0395431 
4.445 0.228571 -0.0606903 0.218624 -0.0725729 0.209217 -0.0827183 0.19967 -0.0920524 0.188612 -0.101603 0.177671 -0.11019 0.166625 -0.117786 
3.541 -0.362444 -0.2319 -0.381727 -0.208398 -0.397886 -0.186542 -0.412555 -0.164492 -0.427166 -0.139604 -0.439723 -0.115605 -0.450708 -0.0911238 
3.916 -0.117272 -0.0613752 -0.12663 -0.0528017 -0.134709 -0.0447071 -0.142114 -0.0364529 -0.149781 -0.0270116 -0.156467 -0.0177774 -0.1624 -0.00823106 
4.164 0.0580468 -0.249021 0.0377856 -0.250507 0.0195604 -0.250871 0.0019006 -0.250419 -0.0174453 -0.248789 -0.0355272 -0.246375 -0.0530957 -0.242924 
3.354 -0.141241 0.100247 -0.140935 0.109968 -0.140309 0.1186 -0.139227 0.127056 -0.137614 0.136183 -0.135721 0.144753 -0.133328 0.153009 
3.693 -0.233009 -0.147665 -0.247342 -0.131887 -0.259501 -0.117221 -0.270632 -0.10221 -0.281853 -0.0852499 -0.291546 -0.0687591 -0.300216 -0.0519552 
3.574 -0.330256 -0.143556 -0.34437 -0.122245 -0.356123 -0.102624 -0.366505 -0.0828361 -0.376725 -0.060621 -0.385255 -0.0394101 -0.392402 -0.0176477 
4.375 0.195014 -0.12575 0.181476 -0.13543 0.168925 -0.143349 0.156375 -0.150635 0.14217 -0.157642 0.128499 -0.16365 0.114956 -0.168658 
4.188 0.078592 -0.0600055 0.0691246 -0.0632067 0.0605381 -0.0655733 0.0521011 -0.0674834 0.0427627 -0.0690349 0.0337389 -0.0700454 0.0250037 -0.0704638 
3.756 -0.21041 -0.355171 -0.236913 -0.340539 -0.259959 -0.326325 -0.281587 -0.311405 -0.304453 -0.293653 -0.32497 -0.276028 -0.344166 -0.257546 
3.713 -0.237803 -0.323668 -0.262646 -0.307192 -0.284118 -0.291421 -0.304258 -0.275072 -0.325221 -0.256005 -0.343997 -0.2371 -0.361344 -0.217431 
3.619 -0.302178 -0.182591 -0.318321 -0.162965 -0.33197 -0.144603 -0.34429 -0.126086 -0.356672 -0.105234 -0.367315 -0.0850041 -0.37665 -0.0644893 
3.672 -0.259033 -0.190809 -0.276097 -0.173564 -0.290729 -0.157411 -0.304127 -0.140979 -0.317718 -0.122168 -0.329638 -0.103882 -0.340333 -0.0851472 
3.68 -0.25013 -0.16821 -0.265506 -0.151461 -0.278552 -0.135753 -0.290458 -0.119759 -0.30253 -0.101764 -0.313039 -0.0841198 -0.322307 -0.0661999 
4.172 0.0731133 -0.0127517 0.0664442 -0.0156166 0.0602701 -0.0178369 0.0543068 -0.0197272 0.0474766 -0.0214335 0.0409831 -0.0226942 0.034612 -0.023498 
3.691 -0.253554 -0.262033 -0.274735 -0.244995 -0.292941 -0.22886 -0.309905 -0.212159 -0.327343 -0.192902 -0.342833 -0.173926 -0.356999 -0.154375 
3.713 -0.228215 -0.181907 -0.244773 -0.166505 -0.258984 -0.15187 -0.272034 -0.136975 -0.285341 -0.120024 -0.297116 -0.103404 -0.3077 -0.0862721 
1.305 -0.0960416 0.247487 -0.08931 0.256581 -0.0829953 0.264456 -0.0763411 0.271839 -0.0687369 0.279446 -0.0611657 0.286253 -0.0533987 0.292537 
3.795 -0.178907 -0.221627 -0.197687 -0.208834 -0.21391 -0.196534 -0.229079 -0.183787 -0.244874 -0.169139 -0.259012 -0.154454 -0.272063 -0.139246 
3.744 -0.215203 -0.242172 -0.235179 -0.227488 -0.252413 -0.213327 -0.268485 -0.198828 -0.285216 -0.18201 -0.300095 -0.16527 -0.313807 -0.148131 
3.756 -0.208355 -0.306547 -0.232027 -0.292242 -0.252593 -0.278421 -0.271941 -0.263963 -0.292209 -0.247097 -0.310447 -0.230236 -0.327417 -0.212624 
4.398 0.217614 0.00162991 0.211652 -0.0101315 0.205782 -0.0202898 0.199768 -0.0299208 0.192378 -0.0400138 0.185026 -0.049108 0.177314 -0.0575703 
3.832 -0.156992 -0.27162 -0.178683 -0.259959 -0.197604 -0.248636 -0.215399 -0.236755 -0.234102 -0.222657 -0.250999 -0.208477 -0.266833 -0.193721 
1.25 -0.0672785 0.305013 -0.0571738 0.312364 -0.0479019 0.318692 -0.0383508 0.324314 -0.0278179 0.329804 -0.0178817 0.334406 -0.00756252 0.33855 
3.551 -0.306972 -0.108629 -0.31921 -0.0883939 -0.329355 -0.069942 -0.338233 -0.0513185 -0.346904 -0.0305166 -0.353982 -0.0105655 -0.359914 0.00950358 
3.67 -0.244651 -0.107259 -0.256487 -0.0910434 -0.266476 -0.0760031 -0.275358 -0.0608976 -0.284238 -0.0439326 -0.291763 -0.0274784 -0.298249 -0.0108652 
1.563 0.19433 0.199548 0.19811 0.190762 0.201113 0.182852 0.203743 0.175034 0.206049 0.166441 0.20766 0.157996 0.208959 0.149904 
3.967 -0.0789207 -0.0853445 -0.089785 -0.078757 -0.0992302 -0.072405 -0.108067 -0.0657495 -0.117472 -0.0580071 -0.125849 -0.0502093 -0.133589 -0.0420419 
3.582 -0.259033 -0.091508 -0.270238 -0.0743865 -0.279595 -0.0585302 -0.287813 -0.0425987 -0.295892 -0.024717 -0.302612 -0.00755295 -0.308284 0.00982728 
3.635 -0.245336 -0.0867141 -0.256277 -0.0703436 -0.26544 -0.0551426 -0.273442 -0.039926 -0.28137 -0.0228223 -0.288029 -0.00636075 -0.293581 0.010205 
4.324 0.167621 -0.196288 0.149608 -0.20414 0.133245 -0.210275 0.11711 -0.215531 0.0990708 -0.220261 0.0819553 -0.223783 0.0649863 -0.226204 
3.641 -0.291905 -0.214779 -0.310265 -0.195371 -0.325864 -0.177311 -0.340061 -0.158904 -0.354527 -0.137956 -0.36712 -0.117758 -0.37839 -0.0969743 
4.133 0.0470894 -0.0641145 0.0374262 -0.0650614 0.0286987 -0.0653833 0.0203202 -0.0653718 0.0110705 -0.0648505 0.0024809 -0.0638603 -0.00586305 -0.0624004 
3.914 -0.115902 -0.227791 -0.134778 -0.219131 -0.151313 -0.210598 -0.166887 -0.201446 -0.183437 -0.190519 -0.198411 -0.179487 -0.212477 -0.167757 
3.938 -0.103575 -0.102465 -0.115218 -0.0945736 -0.125328 -0.0869823 -0.134655 -0.0790713 -0.144523 -0.0699548 -0.153356 -0.0609042 -0.161401 -0.0514447 
1.647 0.192275 0.161882 0.194014 0.153175 0.195134 0.145408 0.196 0.137732 0.196316 0.129274 0.196203 0.12128 0.19568 0.113525 
3.908 -0.115902 -0.140816 -0.129847 -0.132324 -0.141938 -0.124113 -0.153263 -0.115543 -0.165091 -0.105514 -0.175709 -0.0955261 -0.185614 -0.085053 
3.918 -0.111793 -0.156568 -0.126526 -0.148245 -0.139381 -0.140235 -0.151352 -0.131776 -0.164074 -0.12182 -0.175426 -0.111817 -0.186042 -0.101391 
1.258 0.102561 0.194069 0.105532 0.191534 0.108069 0.188995 0.110582 0.186454 0.113032 0.183716 0.115111 0.180961 0.116985 0.178125 
3.824 -0.163841 -0.291481 -0.186736 -0.279607 -0.2067 -0.268063 -0.22546 -0.256032 -0.245234 -0.241584 -0.263153 -0.227053 -0.279972 -0.211784 
1.635 0.202548 0.186536 0.205449 0.177298 0.207665 0.169057 0.209495 0.160858 0.210873 0.15182 0.2117 0.143439 0.212061 0.134965 
4.234 0.295686 0.089974 0.294521 0.0735162 0.292684 0.0590546 0.290346 0.0450306 0.286699 0.0299188 0.282473 0.0160461 0.277587 0.00277086 
4.301 0.160088 -0.00179427 0.153736 -0.00987635 0.147684 -0.0167464 0.141548 -0.0232038 0.134295 -0.0297795 0.127083 -0.0356437 0.119869 -0.0409174 
3.709 -0.237803 -0.232585 -0.257103 -0.216395 -0.273723 -0.201027 -0.289078 -0.185276 -0.304936 -0.167245 -0.318943 -0.14948 -0.331697 -0.13124 
3.99 0.246377 0.113943 0.246304 0.100572 0.245605 0.0887446 0.244507 0.0772514 0.242464 0.0647608 0.2399 0.0532322 0.236876 0.0421023 
3.801 -0.180277 -0.29559 -0.203382 -0.282702 -0.223503 -0.270208 -0.242404 -0.257047 -0.26227 -0.241672 -0.28021 -0.22609 -0.296965 -0.209856 
3.189 -0.323408 -0.0928777 -0.334684 -0.0718104 -0.343737 -0.052423 -0.351596 -0.0330372 -0.358943 -0.0114801 -0.36492 0.00916338 -0.369823 0.0298984 
3.758 -0.204246 -0.225051 -0.223264 -0.210813 -0.239671 -0.197366 -0.25494 -0.183447 -0.270851 -0.167266 -0.284917 -0.151447 -0.297903 -0.135127 
4.266 0.23405 0.035187 0.230145 0.0223359 0.225943 0.0111946 0.221465 0.000497407 0.215722 -0.0108937 0.20978 -0.0212692 0.203436 -0.0310454 
4.219 0.103931 -0.0312423 0.0959626 -0.0356384 0.0885744 -0.0391226 0.0814552 -0.0422177 0.0733272 -0.0451347 0.0655885 -0.0474021 0.0578792 -0.0492291 
1.04 -0.135077 0.284468 -0.126709 0.296921 -0.118817 0.307685 -0.110502 0.317852 -0.100935 0.328292 -0.0914164 0.337599 -0.0815158 0.346365 
4.309 0.164882 -0.0189152 0.157855 -0.0272313 0.151202 -0.0342859 0.144478 -0.0408138 0.136564 -0.0475079 0.128824 -0.0534079 0.121001 -0.0586572 
3.609 -0.296699 -0.129174 -0.309936 -0.109553 -0.320953 -0.0913969 -0.330706 -0.0732235 -0.340313 -0.0527681 -0.348343 -0.0331604 -0.355184 -0.0134149 
4.188 0.0758526 -0.166155 0.059844 -0.168579 0.0454329 -0.169993 0.0314101 -0.170793 0.015984 -0.170772 0.00156169 -0.169904 -0.012517 -0.168237 
1.237 -0.00769758 0.309122 0.00244094 0.313176 0.0116094 0.316417 0.0208288 0.319122 0.0309347 0.321418 0.040538 0.32313 0.0500819 0.324349 
3.555 -0.348747 -0.146295 -0.362948 -0.123549 -0.374662 -0.102759 -0.384987 -0.0817392 -0.395053 -0.058271 -0.403283 -0.0359567 -0.410195 -0.0134327 
3.721 -0.237118 -0.305862 -0.26078 -0.289472 -0.281228 -0.273879 -0.300328 -0.25755 -0.320244 -0.23886 -0.337936 -0.220241 -0.354374 -0.20088 
4.051 -0.0159156 -0.0757567 -0.0262301 -0.0728562 -0.035403 -0.0697549 -0.044071 -0.0663489 -0.0534051 -0.0621235 -0.0618779 -0.0576773 -0.0699342 -0.0527687 
4.508 0.255965 -0.117532 0.242469 -0.130955 0.229783 -0.142306 0.217063 -0.152773 0.202407 -0.163423 0.188131 -0.172496 0.173688 -0.180686 
1.78 -0.202876 0.198178 -0.197753 0.212482 -0.192625 0.225221 -0.186821 0.237346 -0.17982 0.250256 -0.172748 0.262024 -0.165013 0.273156 
4.051 0.160088 0.085865 0.158892 0.0776189 0.15733 0.070393 0.155525 0.0634154 0.152958 0.0559096 0.150095 0.0490582 0.14702 0.0425517 
3.742 -0.217943 -0.281893 -0.240474 -0.26695 -0.260025 -0.252547 -0.278292 -0.237583 -0.297355 -0.220283 -0.314403 -0.203072 -0.330255 -0.185047 
3.787 -0.18781 -0.273675 -0.209857 -0.260404 -0.228965 -0.247575 -0.246873 -0.234319 -0.2657 -0.218715 -0.282651 -0.202993 -0.298398 -0.186535 
3.502 -0.328202 -0.112738 -0.340704 -0.0914571 -0.351003 -0.071885 -0.360021 -0.0523644 -0.368809 -0.0303954 -0.375873 -0.00951951 -0.381753 0.0115002 
3.828 -0.159732 -0.306547 -0.18343 -0.294985 -0.204137 -0.283649 -0.223668 -0.271746 -0.244291 -0.257513 -0.262978 -0.243098 -0.280558 -0.227905 
3.729 -0.223421 -0.218888 -0.242044 -0.203561 -0.258018 -0.189152 -0.272851 -0.174363 -0.288098 -0.157379 -0.301684 -0.140642 -0.314069 -0.123248 
3.768 -0.187125 -0.08329 -0.19765 -0.0705772 -0.206535 -0.0588089 -0.214446 -0.0468246 -0.222537 -0.0333999 -0.229451 -0.0203261 -0.23552 -0.00702665 
4.574 0.283358 -0.0798658 0.272088 -0.0950003 0.261369 -0.107869 0.250443 -0.120105 0.237618 -0.132412 0.224984 -0.143594 0.212084 -0.153615 
3.896 -0.126174 -0.114792 -0.138613 -0.10575 -0.149319 -0.0970569 -0.159271 -0.0880667 -0.169674 -0.0777221 -0.179015 -0.0674609 -0.187606 -0.0568337 
3.777 -0.195343 -0.248336 -0.215522 -0.234708 -0.232839 -0.221661 -0.249137 -0.207997 -0.266169 -0.192064 -0.281303 -0.176451 -0.29532 -0.160289 
0.985 -0.0597452 0.346103 -0.0477221 0.353405 -0.0367033 0.359684 -0.0253971 0.364999 -0.0130653 0.370182 -0.00116963 0.374464 0.0108294 0.378122 
4.23 0.108725 -0.0654842 0.0987014 -0.0701937 0.0895031 -0.0738824 0.0804896 -0.0770271 0.0703938 -0.0799296 0.0607922 -0.0821076 0.0512786 -0.0836314 
3.732 -0.222052 -0.318874 -0.246474 -0.303628 -0.26762 -0.289046 -0.287444 -0.273812 -0.308248 -0.25593 -0.326887 -0.23814 -0.344241 -0.219664 
3.775 -0.191919 -0.333941 -0.217274 -0.32027 -0.239371 -0.307078 -0.260199 -0.293053 -0.282131 -0.276542 -0.301877 -0.259972 -0.320343 -0.242424 
3.791 -0.183016 -0.310656 -0.20713 -0.29774 -0.227977 -0.285203 -0.247691 -0.272025 -0.268436 -0.256473 -0.287177 -0.24078 -0.304726 -0.224446 
3.807 -0.171374 -0.322298 -0.196184 -0.309862 -0.217792 -0.297601 -0.238154 -0.284694 -0.259733 -0.269367 -0.27918 -0.253906 -0.297445 -0.237723 
1.236 0.0751678 0.286522 0.0839482 0.285374 0.0916582 0.283993 0.0992156 0.28226 0.107141 0.279831 0.114425 0.277196 0.121584 0.274178 
4.16 0.0621559 -0.0497329 0.0533064 -0.052002 0.0452286 -0.0535348 0.037347 -0.0547055 0.0285323 -0.0554636 0.0204009 -0.0556641 0.0122844 -0.0554477 
4.023 -0.0234488 -0.0168607 -0.0301635 -0.0139162 -0.0360794 -0.0110142 -0.0415686 -0.00789737 -0.0475227 -0.00415894 -0.0528663 -0.000357386 -0.0579127 0.00380276 
0.916 -0.250815 0.27762 -0.243125 0.297113 -0.235502 0.314161 -0.227268 0.330317 -0.217261 0.347456 -0.207101 0.363071 -0.196224 0.377905 
4.465 0.239529 -0.0880838 0.227814 -0.100719 0.216743 -0.111426 0.205602 -0.121104 0.192736 -0.131356 0.180132 -0.14017 0.16731 -0.148054 
4.305 0.160088 -0.179852 0.143146 -0.187486 0.127635 -0.193462 0.112464 -0.19864 0.0954577 -0.203295 0.079254 -0.206844 0.0631869 -0.209379 
0.87 -0.202876 0.31597 -0.19317 0.332841 -0.183798 0.347537 -0.173855 0.361525 -0.162235 0.375936 -0.150644 0.388955 -0.138407 0.401123 
4.184 0.0840707 -0.00179427 0.0779479 -0.00531878 0.0723122 -0.00811297 0.0668018 -0.0105798 0.0605007 -0.0129286 0.0545376 -0.0148292 0.0486255 -0.0162098 
3.811 -0.172059 -0.266826 -0.19369 -0.25467 -0.212453 -0.242856 -0.230092 -0.23046 -0.248646 -0.215919 -0.265407 -0.201346 -0.281047 -0.185932 
4.289 0.147761 -0.143556 0.133004 -0.150468 0.119528 -0.155758 0.106301 -0.160681 0.0914537 -0.164931 0.0772619 -0.168236 0.0632202 -0.170609 
4.18 0.082701 0.0564169 0.0802214 0.0528662 0.0777106 0.0499213 0.0752379 0.0471587 0.0723135 0.0443146 0.0692973 0.0417811 0.0663658 0.0395015 
4.473 0.242268 -0.015491 0.235178 -0.0285045 0.228171 -0.0396558 0.220951 -0.050321 0.212273 -0.0614654 0.203618 -0.0713085 0.194571 -0.0804395 
4.391 0.206657 -0.0120668 0.19953 -0.0229262 0.192671 -0.0322377 0.185633 -0.0410373 0.177262 -0.0501474 0.168991 -0.0583203 0.160444 -0.0657335 
4.363 0.189536 -0.109999 0.176574 -0.119497 0.164611 -0.127355 0.1527 -0.134507 0.139132 -0.141542 0.12605 -0.147445 0.112966 -0.152468 
3.945 -0.0974113 -0.0880838 -0.108402 -0.0805513 -0.118029 -0.0733533 -0.126855 -0.0658552 -0.136181 -0.0572 -0.144433 -0.048574 -0.152131 -0.0395794 
3.637 -0.296014 -0.297644 -0.319206 -0.27797 -0.339058 -0.259367 -0.357489 -0.2402 -0.376434 -0.218274 -0.393176 -0.19681 -0.408489 -0.174719 
1.275 -0.109738 0.218039 -0.104604 0.227873 -0.0996343 0.236437 -0.0941839 0.244561 -0.0878875 0.253 -0.0815474 0.260731 -0.0747841 0.26797 
3.199 0.54976 -0.179852 0.531073 -0.210151 0.513108 -0.236024 0.494341 -0.260596 0.472328 -0.286012 0.450434 -0.308788 0.427833 -0.329806 
4.273 0.142967 -0.0606903 0.133162 -0.0676235 0.12407 -0.0732937 0.115124 -0.0784079 0.104901 -0.0834975 0.0951026 -0.0876558 0.0852104 -0.0911847 
4.238 0.10941 -0.0894535 0.0979506 -0.094115 0.0876243 -0.0976621 0.0773452 -0.100711 0.0659703 -0.103317 0.0551349 -0.105184 0.0444925 -0.106358 
0.976 -0.269306 0.262553 -0.262296 0.282871 -0.255191 0.300785 -0.247157 0.31794 -0.237455 0.336129 -0.227423 0.352713 -0.216744 0.368527 
4.281 0.149815 -0.0880838 0.138784 -0.0956032 0.12848 -0.101594 0.118338 -0.107003 0.106849 -0.112154 0.0957722 -0.116457 0.0847329 -0.119955 
1.288 -0.0707026 0.27625 -0.0624317 0.283898 -0.0547642 0.290447 -0.0468245 0.296495 -0.0379773 0.30251 -0.0293673 0.30774 -0.0207178 0.312412 
1.378 0.138858 0.209821 0.142977 0.204878 0.146511 0.200282 0.149669 0.195663 0.152797 0.190313 0.155383 0.18522 0.157735 0.180148 
3.775 -0.196028 -0.347637 -0.222179 -0.333796 -0.244911 -0.320291 -0.266345 -0.306018 -0.288835 -0.28912 -0.3092 -0.272295 -0.328232 -0.254743 
1.354 0.112149 0.261183 0.119042 0.258082 0.125409 0.254886 0.131069 0.251708 0.137352 0.247582 0.142802 0.243546 0.148036 0.239382 
1.281 -0.12412 0.261183 -0.116436 0.271764 -0.109215 0.280935 -0.101735 0.289518 -0.0929266 0.298377 -0.0843095 0.306256 -0.0754644 0.313561 
4.406 0.21419 -0.137392 0.199911 -0.148127 0.186626 -0.157122 0.173389 -0.165218 0.158416 -0.173193 0.143975 -0.179872 0.129463 -0.185629 
3.58 -0.339159 -0.176428 -0.355357 -0.15417 -0.368862 -0.13361 -0.380908 -0.113172 -0.392887 -0.0900291 -0.403035 -0.0675597 -0.411787 -0.0450062 
1.307 -0.0912478 0.271456 -0.0831734 0.280244 -0.0754651 0.287899 -0.0675674 0.294917 -0.0585937 0.302028 -0.0497651 0.308275 -0.0409469 0.313978 
3.602 -0.311766 -0.160677 -0.326978 -0.140054 -0.339662 -0.121167 -0.351058 -0.101996 -0.362368 -0.0805414 -0.371925 -0.0597969 -0.38019 -0.0389017 
3.539 -0.273415 -0.0969867 -0.284893 -0.0790031 -0.294404 -0.0625507 -0.302866 -0.0458252 -0.311145 -0.0270457 -0.317948 -0.00918403 -0.323758 0.00895062 
4.109 0.0299685 0.00368443 0.0239981 0.00369116 0.0186492 0.00398935 0.0135555 0.00450047 0.00790627 0.00539418 0.0026797 0.00655005 -0.00242862 0.00802711 
3.635 -0.283687 -0.175058 -0.299462 -0.156303 -0.3128 -0.138751 -0.324809 -0.121073 -0.336888 -0.101104 -0.347306 -0.0817306 -0.356513 -0.062098 
1.216 0.0464046 0.263238 0.0535221 0.264082 0.0599659 0.264627 0.066434 0.264773 0.0732448 0.264534 0.0796601 0.263895 0.085942 0.263076 
3.18 0.460731 0.0673743 0.457021 0.041542 0.452509 0.0188959 0.447186 -0.00310953 0.439853 -0.0266772 0.431813 -0.0483958 0.422784 -0.0691608 
3.729 -0.23027 -0.346268 -0.256416 -0.330451 -0.279129 -0.315082 -0.30046 -0.299105 -0.32276 -0.280335 -0.342839 -0.261651 -0.361459 -0.242094 
4.102 0.0265443 -0.0524723 0.01751 -0.0523541 0.00951002 -0.0518997 0.0017235 -0.0509949 -0.00672169 -0.0496302 -0.0146738 -0.0479564 -0.0222563 -0.0456843 
1.392 0.136118 0.235844 0.141789 0.230869 0.146607 0.22634 0.151091 0.22148 0.155668 0.21611 0.159604 0.21078 0.163262 0.205405 
3.418 0.385399 0.0933982 0.383821 0.0718983 0.381297 0.0530951 0.378269 0.0347284 0.373502 0.0148397 0.368011 -0.00350557 0.361782 -0.0210117 
4.422 0.214875 -0.0428845 0.205952 -0.0538549 0.197469 -0.0632375 0.188951 -0.0721222 0.178928 -0.0812594 0.169053 -0.0893333 0.159013 -0.0968984 
4.344 0.179948 -0.032612 0.171717 -0.0419763 0.16384 -0.0498011 0.155938 -0.0569391 0.146743 -0.064473 0.137774 -0.0710996 0.128614 -0.0769433 
4.395 0.209396 -0.123695 0.195442 -0.134346 0.182521 -0.143173 0.169658 -0.151182 0.155062 -0.159065 0.140963 -0.165702 0.126838 -0.171332 
4.289 0.155979 -0.0730174 0.145463 -0.0805119 0.13578 -0.0868468 0.126108 -0.0924182 0.115135 -0.0978942 0.104535 -0.102736 0.0939571 -0.106677 
3.842 -0.147404 -0.323668 -0.172221 -0.312783 -0.193922 -0.301851 -0.214495 -0.29022 -0.236306 -0.276218 -0.256071 -0.261998 -0.274644 -0.24696 
3.941 -0.103575 -0.0606903 -0.112833 -0.0528542 -0.120822 -0.0454104 -0.127976 -0.0377598 -0.135618 -0.0290371 -0.14224 -0.0204686 -0.148353 -0.0116201 
4.137 0.0676346 0.0632653 0.0655589 0.0604836 0.0634791 0.0582 0.0616148 0.0559439 0.0591548 0.0536343 0.0567378 0.0516574 0.0545146 0.0497953 
4.465 0.238159 -0.102465 0.225568 -0.114833 0.213765 -0.125014 0.201897 -0.134479 0.18828 -0.144083 0.174984 -0.152487 0.161602 -0.159972 
4.355 0.184057 -0.0483632 0.17523 -0.0579624 0.166909 -0.0660461 0.158619 -0.0735714 0.148856 -0.0811786 0.139337 -0.087852 0.129792 -0.0937962 
3.326 0.464156 -0.0600055 0.452889 -0.0856892 0.441898 -0.108169 0.430099 -0.129245 0.415764 -0.151519 0.401173 -0.171699 0.385973 -0.19063 
1.355 -0.117956 0.189275 -0.114431 0.199348 -0.111016 0.208498 -0.107102 0.217223 -0.102461 0.226529 -0.0976445 0.235013 -0.0924036 0.243206 
3.41 -0.123435 -0.00384879 -0.129365 0.00520909 -0.134461 0.0135542 -0.138791 0.0219505 -0.143078 0.0313914 -0.146516 0.0404913 -0.149488 0.0497015 
3.926 -0.0933023 -0.011382 -0.0996589 -0.0042236 -0.105043 0.00247576 -0.10982 0.00928761 -0.114784 0.016976 -0.119139 0.024459 -0.122854 0.0320559 
1.575 -0.254239 0.211875 -0.248449 0.22958 -0.242558 0.245042 -0.235944 0.259874 -0.227916 0.275621 -0.219656 0.290089 -0.210741 0.303834 
3.609 -0.319299 -0.227791 -0.338302 -0.206835 -0.354358 -0.187164 -0.368997 -0.167292 -0.383848 -0.144671 -0.396628 -0.122808 -0.40805 -0.100491 
4.066 0.00805369 -0.0106972 0.00177579 -0.00961043 -0.00390388 -0.00829785 -0.00921631 -0.00676014 -0.0150762 -0.004704 -0.0204363 -0.00252593 -0.0255523 -1.13192e-06 
1.312 -0.109738 0.257074 -0.10243 0.266975 -0.0955965 0.275622 -0.088388 0.283686 -0.0800346 0.291947 -0.0718124 0.299332 -0.0635492 0.306218 
3.791 -0.176852 -0.095617 -0.187975 -0.0834258 -0.197489 -0.0718356 -0.206077 -0.0601669 -0.214835 -0.0469172 -0.222393 -0.0339869 -0.229091 -0.0208056 
3.979 0.292946 0.131749 0.294123 0.115244 0.29434 0.100589 0.293991 0.0863047 0.292466 0.0706931 0.290234 0.0562279 0.287196 0.0422001 
4.32 0.1731 0.022175 0.168073 0.0132312 0.163174 0.00552163 0.158151 -0.00168798 0.152076 -0.00936737 0.145902 -0.0161701 0.139637 -0.0224513 
1.283 -0.0378304 0.21119 -0.0333232 0.217006 -0.0291232 0.222129 -0.0249042 0.226801 -0.0199923 0.231647 -0.0152035 0.236031 -0.0101118 0.240055 
4.074 0.00736885 -0.0593206 -0.00200883 -0.058072 -0.0103841 -0.0564628 -0.0183483 -0.054716 -0.0270633 -0.052139 -0.0351468 -0.0493045 -0.0428307 -0.0459999 
3.123 0.529215 -0.0565813 0.517759 -0.0861189 0.506192 -0.111819 0.493895 -0.136225 0.47883 -0.162064 0.463492 -0.185505 0.447254 -0.207524 
4.148 0.0587317 -0.011382 0.0521862 -0.0135612 0.0461752 -0.0150652 0.0403937 -0.0163179 0.0338038 -0.017294 0.0276107 -0.0179199 0.0215637 -0.0181167 
4.367 0.19296 -0.0839748 0.181946 -0.0939632 0.171683 -0.10243 0.16142 -0.110197 0.149585 -0.117933 0.138203 -0.124628 0.12669 -0.13038 
4.012 -0.0385153 -0.0572661 -0.047552 -0.0532155 -0.0555079 -0.0491522 -0.0629793 -0.0447767 -0.0710272 -0.0395816 -0.0782485 -0.034274 -0.0850375 -0.0286265 
4.027 -0.0412546 -0.181907 -0.0578763 -0.177561 -0.0725268 -0.172951 -0.0865336 -0.167809 -0.101678 -0.16134 -0.115434 -0.154522 -0.128506 -0.146919 
1.339 0.279934 0.292001 0.288846 0.27786 0.29604 0.264916 0.30259 0.251967 0.308719 0.237506 0.313706 0.223598 0.317777 0.209713 
1.172 0.0642104 0.389248 0.078536 0.389194 0.0912942 0.388602 0.103918 0.387385 0.117212 0.385228 0.129673 0.382594 0.141812 0.379306 
1.553 0.161457 0.29611 0.171034 0.288982 0.17914 0.282427 0.187016 0.2753 0.194755 0.26738 0.201652 0.259476 0.208026 0.251326 
3.623 -0.309026 -0.261348 -0.330054 -0.240865 -0.347924 -0.221916 -0.364423 -0.202415 -0.381354 -0.180194 -0.396104 -0.158507 -0.409429 -0.136273 
4.582 0.288152 -0.103835 0.275517 -0.119262 0.263598 -0.132373 0.251422 -0.144664 0.237295 -0.157263 0.223438 -0.168317 0.20928 -0.178255 
3.078 0.478537 0.117367 0.477749 0.0903039 0.475787 0.066246 0.472861 0.0429932 0.468024 0.0178367 0.462381 -0.00553668 0.4556 -0.0278584 
1.445 0.183372 0.176948 0.185815 0.168962 0.187534 0.161848 0.189049 0.154867 0.190076 0.147281 0.190594 0.140101 0.19076 0.132835 
3.357 0.437447 -0.00932749 0.429439 -0.0336649 0.42112 -0.0547268 0.411984 -0.0748801 0.400978 -0.09641 0.389513 -0.115891 0.3775 -0.134186 
1.189 -0.405588 0.246802 -0.397981 0.273747 -0.390103 0.297392 -0.380986 0.320216 -0.370024 0.344339 -0.358498 0.366507 -0.345738 0.387798 
3.953 -0.0891933 -0.109314 -0.101375 -0.102215 -0.112068 -0.0953173 -0.121921 -0.0880829 -0.132587 -0.0796288 -0.14212 -0.0711411 -0.150929 -0.0622123 
1.479 -0.160416 0.25365 -0.152479 0.266456 -0.144804 0.277041 -0.136654 0.287074 -0.127225 0.297383 -0.117927 0.306663 -0.108214 0.315299 
4.023 -0.0282427 -0.0332968 -0.0361717 -0.0299481 -0.0431903 -0.026563 -0.049772 -0.0229155 -0.056914 -0.0186377 -0.063374 -0.0142157 -0.0693237 -0.00938174 
1.295 -0.0761813 0.23242 -0.0704444 0.240352 -0.0649427 0.247274 -0.0591603 0.253787 -0.0526224 0.260431 -0.0461091 0.266317 -0.0392517 0.271901 
1.904 -0.14535 0.196809 -0.140612 0.208016 -0.136033 0.217815 -0.130981 0.227188 -0.124999 0.237049 -0.118932 0.24602 -0.112459 0.254707 
1.276 0.355266 0.313916 0.365186 0.295257 0.373084 0.278431 0.380187 0.261539 0.386682 0.242868 0.39176 0.225046 0.395927 0.207274 
4.078 0.0121627 -0.0463087 0.00351346 -0.0455655 -0.0041556 -0.0444045 -0.0117403 -0.0429827 -0.0196935 -0.040856 -0.027125 -0.0384596 -0.0342477 -0.0356958 
1.254 0.0820162 0.266662 0.0894656 0.265171 0.0958774 0.263671 0.102257 0.261917 0.108813 0.259512 0.114719 0.256958 0.120574 0.254194 
1.056 -0.0741268 0.340625 -0.0619545 0.348864 -0.0510809 0.355731 -0.0396555 0.361836 -0.0273315 0.367626 -0.0152516 0.372545 -0.00313494 0.37678 
4.5 0.25391 -0.0613752 0.243942 -0.0747142 0.234481 -0.0864502 0.224832 -0.0971368 0.213464 -0.108356 0.20231 -0.11819 0.190801 -0.127055 
4.34 0.184057 0.035187 0.179815 0.026032 0.175589 0.0179903 0.171143 0.0104713 0.165745 0.00253073 0.160348 -0.00470341 0.15468 -0.0112632 
1.272 -0.0604301 0.286522 -0.0513358 0.293614 -0.0432192 0.299674 -0.0348262 0.305019 -0.0255636 0.310321 -0.0166833 0.314817 -0.00749092 0.318899 
3.861 0.117628 0.0968224 0.117164 0.0913436 0.116429 0.0866801 0.115525 0.0820678 0.114258 0.0770047 0.112802 0.0724455 0.111142 0.0680585 
4.215 0.0963978 -0.0942474 0.0849205 -0.0981999 0.0745161 -0.101137 0.0640831 -0.103563 0.0525397 -0.105611 0.0412864 -0.106941 0.0303785 -0.107549 
3.441 -0.115902 0.0132722 -0.120725 0.0219439 -0.124696 0.0298018 -0.128121 0.0375402 -0.131532 0.0461432 -0.1343 0.0542715 -0.136595 0.0626705 
1.589 0.163512 0.31871 0.174183 0.311922 0.183477 0.305394 0.192317 0.298622 0.201343 0.290563 0.20937 0.282526 0.216939 0.274328 
3.916 -0.113163 -0.269566 -0.13477 -0.260548 -0.153764 -0.251579 -0.171728 -0.242002 -0.190819 -0.23049 -0.20815 -0.21866 -0.224413 -0.206013 
1.418 0.118313 0.31734 0.1289 0.313526 0.138094 0.309816 0.147143 0.305297 0.156387 0.300323 0.164841 0.295134 0.172907 0.289534 
3.656 -0.261088 -0.133283 -0.274553 -0.115803 -0.285892 -0.0996956 -0.296069 -0.0834497 -0.306322 -0.0649755 -0.314932 -0.0473114 -0.322538 -0.029286 
3.961 -0.0843994 -0.128489 -0.0977924 -0.121754 -0.109525 -0.115131 -0.12052 -0.108101 -0.132089 -0.099758 -0.142314 -0.0912938 -0.152293 -0.0823947 
4.18 0.0703739 -0.221627 0.0512578 -0.223736 0.034213 -0.224621 0.0175202 -0.224747 -0.000675189 -0.223852 -0.0177945 -0.222138 -0.034302 -0.219499 
3.844 -0.148774 -0.29422 -0.171744 -0.283198 -0.191836 -0.27225 -0.210775 -0.260661 -0.230801 -0.246894 -0.248882 -0.233076 -0.265969 -0.218378 
4.227 0.21145 0.0173812 0.206186 0.00598764 0.200956 -0.00389167 0.195532 -0.0132491 0.188881 -0.0231953 0.182147 -0.0320669 0.17505 -0.0400116 
4.434 0.223093 -0.08329 0.212033 -0.0950063 0.201618 -0.10484 0.191138 -0.11395 0.179067 -0.123194 0.16727 -0.131192 0.155302 -0.138252 
1.104 -0.242597 0.248856 -0.234946 0.266107 -0.227572 0.281272 -0.219529 0.295726 -0.209972 0.310748 -0.200248 0.324594 -0.189932 0.337688 
4.008 -0.0501575 -0.136022 -0.0636698 -0.131795 -0.0756063 -0.12735 -0.0869366 -0.12241 -0.0991136 -0.116343 -0.110251 -0.110003 -0.12079 -0.103109 
1.189 -0.223421 0.246802 -0.216031 0.263079 -0.208732 0.277252 -0.200701 0.290778 -0.191184 0.305039 -0.18154 0.317946 -0.171328 0.330208 
1.288 -0.0535817 0.217354 -0.0487534 0.223888 -0.0444703 0.229624 -0.039718 0.235066 -0.0343422 0.240604 -0.029097 0.245663 -0.0237193 0.250356 
1.303 -0.106314 0.202287 -0.102367 0.212113 -0.0984544 0.220718 -0.0939752 0.228961 -0.0886437 0.237495 -0.0833781 0.245279 -0.0776624 0.252578 
4.191 0.0854404 -0.04083 0.0768737 -0.0444069 0.0692186 -0.0470742 0.0616745 -0.0493447 0.0532332 -0.051349 0.0453773 -0.052746 0.0376177 -0.0536409 
1.461 0.141597 0.285838 0.150803 0.279977 0.158559 0.274646 0.165875 0.269073 0.173343 0.262377 0.180038 0.255952 0.186007 0.24975 
1.698 -0.239858 0.204342 -0.234552 0.22132 -0.229202 0.236354 -0.223014 0.250715 -0.215542 0.265963 -0.207786 0.279819 -0.199345 0.293215 
1.398 -0.111108 0.156403 -0.109662 0.166296 -0.108043 0.175091 -0.105841 0.18359 -0.103027 0.192719 -0.100001 0.201141 -0.096576 0.209336 
