1.122 0.249801 0.463211 0.242892 0.396414 0.237743 0.338133 0.233379 0.28259 0.229605 0.225961 0.226841 0.171869 0.225107 0.116924 
1.191 0.238844 0.439926 0.232381 0.373907 0.227611 0.31628 0.223575 0.261154 0.220128 0.204956 0.217641 0.151173 0.216174 0.0964102 
1.731 0.0943432 0.00642378 0.0934288 -0.0520019 0.093198 -0.106044 0.0932603 -0.160197 0.0937423 -0.218347 0.0946036 -0.276974 0.0961408 -0.339593 
1.056 0.255965 0.431708 0.249474 0.366276 0.244681 0.308909 0.240662 0.254068 0.237305 0.198246 0.234933 0.144444 0.233649 0.0897927 
3.234 0.0984523 0.438556 0.0945672 0.372367 0.0915285 0.314716 0.0888189 0.259573 0.0862849 0.203429 0.0842712 0.149988 0.0829484 0.0956195 
1.625 0.250486 0.384454 0.244697 0.320298 0.240595 0.263993 0.237258 0.209913 0.234538 0.154537 0.232878 0.101187 0.232147 0.0466528 
1.011 0.271031 0.3824 0.265115 0.318722 0.260866 0.262658 0.25744 0.208889 0.254726 0.153677 0.253009 0.100449 0.252563 0.0458672 
0.734 0.471004 0.415272 0.462915 0.35134 0.45721 0.294995 0.452691 0.240777 0.449354 0.185055 0.44758 0.1314 0.447528 0.0764822 
4.02 -0.0919326 0.250911 -0.0926215 0.190523 -0.0936073 0.136977 -0.0946935 0.0851288 -0.0961368 0.0314418 -0.0977296 -0.0209545 -0.099253 -0.0754882 
0.81 0.460047 -0.011382 0.462593 -0.0712864 0.466786 -0.126582 0.472197 -0.182026 0.479488 -0.241453 0.488194 -0.301349 0.499191 -0.365345 
1.105 0.250486 0.411163 0.244268 0.34624 0.239851 0.289619 0.236088 0.235226 0.232995 0.179529 0.230901 0.126183 0.229748 0.0716217 
0.734 0.473058 0.396781 0.465342 0.333343 0.460069 0.277348 0.456037 0.223383 0.453187 0.167887 0.451958 0.114299 0.452478 0.0593776 
4.234 -0.0837146 0.113943 -0.0851647 0.0560849 -0.0867594 0.0035974 -0.0884506 -0.0481886 -0.0905698 -0.103013 -0.0928246 -0.157728 -0.0949954 -0.215575 
0.73 0.496343 0.44472 0.487348 0.380079 0.480871 0.323163 0.475607 0.268428 0.471616 0.212364 0.469205 0.158498 0.468496 0.103408 
4.055 -0.14672 0.247487 -0.146797 0.187214 -0.147348 0.133648 -0.148287 0.0818521 -0.149748 0.0280769 -0.151602 -0.0244167 -0.153588 -0.0790517 
4.043 -0.200822 0.268717 -0.200185 0.207983 -0.200269 0.154078 -0.200792 0.101931 -0.202019 0.0480218 -0.203831 -0.0044224 -0.205907 -0.05896 
4.051 -0.162471 0.255705 -0.162308 0.195182 -0.162779 0.141545 -0.163636 0.0895915 -0.165055 0.0358136 -0.166794 -0.0166786 -0.168944 -0.0712095 
1.501 0.0847555 0.370757 0.0813893 0.307069 0.0787437 0.25123 0.0764012 0.197577 0.0743469 0.142755 0.0727267 0.0901746 0.0717494 0.0360057 
4.125 -0.192604 0.211875 -0.192599 0.152432 -0.193289 0.0993888 -0.194429 0.0476653 -0.196308 -0.00617579 -0.198722 -0.0591713 -0.201469 -0.114502 
4.105 -0.0864539 0.196809 -0.0875129 0.137802 -0.0886885 0.0850858 -0.0900299 0.0336129 -0.0916601 -0.020171 -0.0934637 -0.0731895 -0.0952146 -0.128794 
3.963 0.0183263 -0.0504178 0.0170108 -0.109442 0.0160994 -0.164396 0.015166 -0.219898 0.0144156 -0.279561 0.0137484 -0.339857 0.0135461 -0.404586 
4.184 -0.191919 0.172154 -0.192403 0.113459 -0.193573 0.0607408 -0.195184 0.00911853 -0.197575 -0.0450599 -0.200487 -0.0986093 -0.203653 -0.154841 
0.896 0.327873 0.225572 0.32437 0.165782 0.32272 0.112251 0.321836 0.0598676 0.322096 0.00516416 0.323577 -0.048696 0.326557 -0.104837 
0.73 0.516888 0.37966 0.509298 0.316999 0.504156 0.261393 0.500255 0.207692 0.497749 0.152435 0.496921 0.0988906 0.497986 0.0438047 
0.729 0.50867 0.409793 0.500495 0.346083 0.494784 0.289918 0.490365 0.235926 0.487141 0.180167 0.485615 0.126579 0.48587 0.0716672 
4.078 -0.150829 0.23242 -0.151029 0.172478 -0.151713 0.119198 -0.152716 0.0675454 -0.154298 0.0137896 -0.156249 -0.0387192 -0.158351 -0.093619 
0.732 0.48744 0.481016 0.4779 0.415154 0.47072 0.357162 0.464803 0.301716 0.460108 0.244999 0.457016 0.190692 0.455581 0.135406 
1.346 0.176524 0.143391 0.174348 0.0848538 0.173303 0.0319558 0.172852 -0.0201453 0.173103 -0.0750872 0.174169 -0.129715 0.17623 -0.187345 
4.238 -0.190549 0.138597 -0.191436 0.0802782 -0.19296 0.0277231 -0.194933 -0.0240329 -0.197615 -0.078591 -0.200905 -0.132765 -0.204435 -0.189848 
0.911 0.308697 0.296795 0.304021 0.235627 0.301073 0.181426 0.298986 0.128688 0.297847 0.0741552 0.297872 0.0209654 0.299266 -0.0341891 
4.137 -0.221367 0.21256 -0.221132 0.153075 -0.221777 0.0999326 -0.222953 0.0481617 -0.224876 -0.00570714 -0.227466 -0.0587652 -0.230454 -0.114118 
3.021 0.132694 0.367333 0.128697 0.303868 0.125647 0.248092 0.123017 0.194491 0.120711 0.139606 0.119171 0.0868533 0.118299 0.0326082 
3.982 -0.195343 0.304328 -0.194356 0.242554 -0.194139 0.188093 -0.194297 0.135512 -0.195128 0.0814622 -0.19651 0.0289933 -0.198083 -0.0251899 
4.203 -0.0912478 0.135173 -0.092537 0.0771063 -0.0940125 0.0246596 -0.0956445 -0.0270064 -0.0975991 -0.0814694 -0.0997572 -0.135636 -0.101898 -0.192936 
4.012 -0.220682 0.292001 -0.219517 0.230659 -0.219266 0.17642 -0.219429 0.123962 -0.220356 0.0699255 -0.221884 0.0174214 -0.223793 -0.0369341 
0.73 0.481961 0.44472 0.473138 0.379957 0.466749 0.32315 0.46159 0.268403 0.457603 0.212373 0.455221 0.158442 0.454525 0.103474 
0.87 0.330612 0.309122 0.325592 0.24771 0.322464 0.193313 0.320199 0.140468 0.318969 0.0858328 0.318964 0.0325748 0.320364 -0.0225264 
0.736 0.462786 0.428969 0.454489 0.36464 0.44869 0.30806 0.443938 0.253492 0.440396 0.197693 0.438451 0.143912 0.438173 0.0889616 
1.186 0.236789 0.457732 0.23013 0.391032 0.225083 0.332848 0.220842 0.277324 0.217179 0.220826 0.214446 0.166845 0.212719 0.111945 
4.004 0.00873853 0.043405 0.00725533 -0.0145031 0.00607726 -0.0677932 0.00495687 -0.121006 0.00388113 -0.177919 0.00303165 -0.235302 0.00250159 -0.296399 
0.738 0.456622 0.44472 0.448225 0.379757 0.441935 0.322721 0.436866 0.267917 0.43296 0.211989 0.43058 0.158115 0.42977 0.103258 
4.066 -0.222737 0.261183 -0.221918 0.200689 -0.221972 0.146981 -0.222548 0.0948821 -0.223862 0.0409851 -0.225797 -0.0116025 -0.228127 -0.0662635 
4.066 -0.200137 0.252965 -0.199674 0.192739 -0.199871 0.139137 -0.200622 0.0870965 -0.201995 0.0333246 -0.203939 -0.0193316 -0.206244 -0.0740355 
0.733 0.481961 0.376236 0.474645 0.313522 0.469543 0.257876 0.465777 0.204228 0.463424 0.149131 0.462655 0.0956335 0.463614 0.0407429 
2.504 0.0683194 0.00710862 0.0671928 -0.051247 0.0665036 -0.105161 0.0662491 -0.159154 0.0661513 -0.21721 0.0664262 -0.27572 0.0673413 -0.338211 
0.732 0.490864 0.400205 0.482979 0.336795 0.477635 0.280824 0.473429 0.226882 0.470474 0.171551 0.469118 0.118004 0.46952 0.0630597 
1.017 0.267607 0.352952 0.262107 0.290246 0.258279 0.234915 0.255168 0.181577 0.252892 0.126736 0.251596 0.0737213 0.25159 0.0191071 
1.038 0.258019 0.396781 0.252055 0.332607 0.247674 0.276338 0.244108 0.222167 0.241165 0.166907 0.239296 0.11355 0.238425 0.0591756 
4.195 -0.238488 0.176264 -0.238498 0.117376 -0.239656 0.0646097 -0.241345 0.0128628 -0.243744 -0.0413261 -0.247052 -0.094867 -0.250668 -0.151008 
4.27 -0.218628 0.12627 -0.21961 0.068083 -0.221428 0.0154992 -0.223654 -0.0364555 -0.226761 -0.091246 -0.230472 -0.14579 -0.234525 -0.203251 
1.557 0.0251746 0.367333 0.0227523 0.303279 0.0207758 0.24707 0.018971 0.193223 0.0172529 0.138358 0.015794 0.0857282 0.0148653 0.0317377 
4.086 -0.200137 0.239269 -0.199825 0.179285 -0.200155 0.12588 -0.201057 0.0740912 -0.202585 0.0202356 -0.204695 -0.0324149 -0.207159 -0.0873433 
0.737 0.462786 0.386509 0.455515 0.323345 0.450514 0.267543 0.44674 0.213765 0.444193 0.158473 0.443244 0.10502 0.443936 0.0500689 
4.297 -0.223421 0.109834 -0.224685 0.0517531 -0.226681 -0.00084397 -0.229217 -0.052944 -0.232615 -0.108074 -0.236583 -0.16297 -0.240925 -0.220708 
0.728 0.509355 0.453623 0.500179 0.388758 0.493547 0.331507 0.488105 0.276607 0.483762 0.22043 0.481172 0.166513 0.480311 0.111413 
0.825 0.366909 0.251596 0.363122 0.191523 0.361255 0.137749 0.360093 0.0852266 0.360292 0.0305574 0.361814 -0.0231567 0.36507 -0.0789424 
0.727 0.519627 0.468004 0.510078 0.40279 0.503027 0.345384 0.497204 0.290388 0.492589 0.233987 0.489637 0.179866 0.488408 0.124775 
4.227 -0.215888 0.153664 -0.216467 0.0951523 -0.217872 0.0424724 -0.219729 -0.00927662 -0.222447 -0.0637744 -0.225802 -0.117624 -0.229506 -0.174161 
2.834 0.216244 0.434447 0.210062 0.368298 0.205452 0.310603 0.201472 0.255425 0.198041 0.199277 0.195399 0.145545 0.193874 0.0908999 
4.02 0.00873853 0.0125873 0.00725198 -0.0456747 0.00608273 -0.0993863 0.00511149 -0.153143 0.00410572 -0.211075 0.00314931 -0.269372 0.00269892 -0.331618 
1.345 0.190905 0.1475 0.188613 0.0888952 0.187565 0.0359777 0.187151 -0.0161572 0.187507 -0.0710915 0.188623 -0.12566 0.190897 -0.183143 
3.211 0.116258 0.479647 0.111345 0.410905 0.107623 0.351365 0.104244 0.294734 0.101122 0.237385 0.098512 0.182845 0.0967026 0.127828 
4.203 -0.113163 0.137228 -0.114362 0.0791248 -0.115799 0.0266525 -0.117514 -0.0249706 -0.11964 -0.0794934 -0.122101 -0.133604 -0.124535 -0.190853 
1.244 0.1505 -0.0668539 0.151124 -0.12706 0.152292 -0.183123 0.153951 -0.239791 0.156204 -0.301037 0.15907 -0.363406 0.163216 -0.43096 
1.545 0.180633 -0.0237091 0.180865 -0.0829012 0.181898 -0.137739 0.183583 -0.192775 0.185917 -0.251903 0.188956 -0.311758 0.193275 -0.375981 
1.655 0.103931 -0.0059033 0.103279 -0.0645914 0.103349 -0.118978 0.103687 -0.173508 0.104558 -0.232089 0.105778 -0.291224 0.107789 -0.354527 
0.729 0.516888 0.394042 0.509027 0.330956 0.503586 0.275231 0.499464 0.221274 0.496677 0.165849 0.495547 0.11233 0.496205 0.0574378 
4.219 -0.196713 0.152294 -0.197394 0.093817 -0.198785 0.0411713 -0.200651 -0.0104265 -0.203293 -0.0648809 -0.206465 -0.118713 -0.209945 -0.175533 
0.73 0.494973 0.430338 0.486364 0.366264 0.480231 0.309572 0.475267 0.255061 0.471577 0.199156 0.469597 0.145423 0.469284 0.0904225 
4.219 -0.159732 0.143391 -0.160707 0.0851484 -0.162064 0.0326411 -0.163901 -0.0190672 -0.166247 -0.0735801 -0.169165 -0.127729 -0.172236 -0.184816 
1.362 0.112149 -0.0764416 0.112344 -0.136698 0.113073 -0.193072 0.114162 -0.250058 0.115747 -0.311604 0.117821 -0.37435 0.120849 -0.442292 
3.344 0.023805 0.337885 0.0215031 0.274853 0.0195457 0.219317 0.0179095 0.166155 0.0162834 0.111722 0.0149216 0.0592803 0.0140546 0.00528943 
4.105 -0.220682 0.234475 -0.220158 0.174639 -0.220508 0.12124 -0.22141 0.069463 -0.223029 0.0156077 -0.225324 -0.0372282 -0.227984 -0.0923004 
4.094 -0.180277 0.23242 -0.180166 0.172523 -0.18069 0.119318 -0.181673 0.0675199 -0.183262 0.0137543 -0.185396 -0.0390047 -0.187745 -0.0939872 
4.094 -0.164525 0.225572 -0.164597 0.165918 -0.165297 0.112784 -0.166377 0.0611333 -0.167979 0.00736668 -0.170105 -0.0453494 -0.172439 -0.100413 
0.729 0.50867 0.438556 0.499796 0.374158 0.493423 0.317267 0.488318 0.26258 0.484394 0.206556 0.482203 0.15268 0.481668 0.0976111 
3.986 0.0121627 -0.0305575 0.0107777 -0.0891882 0.00970559 -0.143713 0.00878238 -0.198619 0.00782827 -0.257525 0.00696503 -0.317034 0.00658144 -0.380736 
0.729 0.497713 0.461841 0.488458 0.3966 0.481687 0.339145 0.47612 0.284139 0.471803 0.227942 0.469086 0.173799 0.468005 0.118683 
1.44 0.184742 0.104356 0.183007 0.0459352 0.182651 -0.00719719 0.182473 -0.059574 0.1835 -0.115257 0.185076 -0.170776 0.18741 -0.229433 
1.439 0.119682 0.111204 0.117997 0.052994 0.117137 6.03965e-05 0.116707 -0.0519324 0.116789 -0.107433 0.11743 -0.162749 0.118894 -0.221052 
4.105 -0.194658 0.226257 -0.194466 0.166629 -0.195022 0.113371 -0.196036 0.0615118 -0.197747 0.00777832 -0.200005 -0.0450107 -0.202576 -0.100097 
4 -0.200822 0.290631 -0.199953 0.22921 -0.199794 0.174939 -0.200067 0.122518 -0.20104 0.068621 -0.202556 0.0162 -0.204404 -0.0381224 
4.27 -0.173428 0.110519 -0.174745 0.0524737 -0.176545 -0.00017811 -0.178844 -0.0520616 -0.18177 -0.107017 -0.185201 -0.161847 -0.188838 -0.219709 
4.125 -0.161101 0.202287 -0.16133 0.143148 -0.162267 0.0903006 -0.163484 0.0387075 -0.165372 -0.0151046 -0.167659 -0.0682063 -0.170188 -0.123768 
0.739 0.458677 0.40226 0.450994 0.33874 0.445788 0.282714 0.44172 0.228697 0.438811 0.173192 0.437464 0.119634 0.437773 0.0647509 
3.197 0.182002 0.430338 0.176384 0.364209 0.172049 0.306578 0.168401 0.251463 0.164957 0.19532 0.162561 0.141724 0.160944 0.0871336 
4.414 -0.0563211 -0.0435694 -0.058321 -0.102364 -0.0603106 -0.157172 -0.0625266 -0.212437 -0.0648498 -0.271848 -0.0671677 -0.33185 -0.0693803 -0.396087 
3.957 -0.139186 0.303643 -0.138997 0.241706 -0.139262 0.187133 -0.139784 0.134664 -0.140824 0.0805913 -0.142188 0.0282113 -0.14363 -0.0258322 
0.786 0.386769 0.250911 0.382897 0.190817 0.380974 0.137054 0.380157 0.0846374 0.380418 0.0299382 0.382034 -0.0237862 0.385734 -0.0796707 
3.994 -0.2289 0.305698 -0.227507 0.243997 -0.226916 0.18943 -0.226911 0.136786 -0.227614 0.0826229 -0.228956 0.0300447 -0.23064 -0.0242217 
1.283 0.238159 0.420751 0.231948 0.35529 0.22739 0.298123 0.223546 0.243539 0.22031 0.187647 0.218065 0.134166 0.216791 0.0794499 
4.094 -0.100151 0.202287 -0.101098 0.143204 -0.102185 0.0904491 -0.103538 0.0389206 -0.105164 -0.0148674 -0.107065 -0.0677973 -0.108836 -0.123336 
2.908 0.163512 0.42486 0.15833 0.35893 0.154355 0.30134 0.150862 0.246388 0.147757 0.190313 0.145322 0.136763 0.143852 0.0822447 
4.191 -0.170689 0.161882 -0.171505 0.103333 -0.172709 0.0507022 -0.174375 -0.000854211 -0.176733 -0.0549614 -0.179492 -0.108601 -0.182489 -0.164959 
4.398 -0.0843994 -0.015491 -0.0865382 -0.0738293 -0.0888029 -0.127906 -0.0911402 -0.182227 -0.0938484 -0.240607 -0.096679 -0.299423 -0.0994227 -0.362278 
4.219 -0.139871 0.139282 -0.140902 0.0811148 -0.142478 0.0286573 -0.144102 -0.0230372 -0.146565 -0.0775305 -0.149127 -0.131716 -0.151895 -0.188887 
2.014 0.182687 0.410478 0.177217 0.345267 0.173006 0.288252 0.169471 0.23359 0.166288 0.17788 0.164099 0.124462 0.162494 0.0699533 
3.965 -0.174798 0.306383 -0.174116 0.244433 -0.17403 0.189814 -0.174355 0.137276 -0.17524 0.0831803 -0.176597 0.0306594 -0.178143 -0.0234156 
4.293 -0.172059 0.0954527 -0.173516 0.0376066 -0.175422 -0.0150645 -0.177846 -0.0671083 -0.180867 -0.122535 -0.184412 -0.177596 -0.188178 -0.236082 
1.468 0.0505136 0.117367 0.0488215 0.0593579 0.0476526 0.00672201 0.0467193 -0.0453116 0.0460505 -0.100362 0.0457201 -0.155381 0.0459057 -0.213853 
4.289 -0.14672 0.0933982 -0.148221 0.035307 -0.150077 -0.0171146 -0.152358 -0.0693526 -0.15517 -0.124605 -0.158337 -0.179855 -0.161677 -0.238399 
4.27 -0.0398849 0.043405 -0.0415825 -0.01434 -0.0431597 -0.0674268 -0.0448158 -0.120233 -0.0465608 -0.176848 -0.0484051 -0.23373 -0.0499741 -0.294265 
0.98 0.298425 0.524161 0.29 0.455166 0.283577 0.395245 0.277965 0.338031 0.273154 0.28024 0.269312 0.225067 0.266786 0.16953 
1.636 0.180633 0.0427202 0.179836 -0.0156836 0.180063 -0.069369 0.180881 -0.122862 0.182754 -0.180095 0.185021 -0.237443 0.188133 -0.298458 
1.674 0.123791 0.00710862 0.123138 -0.0514366 0.12332 -0.105512 0.1241 -0.159783 0.125258 -0.217931 0.126842 -0.276583 0.129365 -0.339198 
1.475 0.0916039 -0.0682235 0.0912758 -0.12814 0.0915873 -0.184177 0.0920694 -0.240616 0.0929563 -0.301627 0.0941585 -0.363726 0.0961929 -0.430642 
0.741 0.459362 0.477592 0.450106 0.411629 0.443397 0.35379 0.437765 0.298198 0.43319 0.241688 0.430153 0.187348 0.428814 0.132196 
4.062 -0.122065 0.231051 -0.122585 0.171346 -0.123464 0.118165 -0.124619 0.0665453 -0.126109 0.0127465 -0.127883 -0.0399458 -0.129678 -0.0950848 
2.789 0.0340775 -0.0750719 0.0329706 -0.134719 0.0322644 -0.190481 0.0315663 -0.246744 0.0310434 -0.307425 0.0306282 -0.369003 0.0306785 -0.435369 
4.23 -0.0371456 0.0208054 -0.0388875 -0.0370688 -0.0405273 -0.0905377 -0.0421524 -0.14378 -0.0439692 -0.201158 -0.04585 -0.25871 -0.0474116 -0.319917 
4.328 -0.0433091 -0.0134365 -0.0451283 -0.0716599 -0.0468447 -0.125807 -0.0486084 -0.180087 -0.0506039 -0.238626 -0.0525983 -0.297491 -0.0544149 -0.360245 
4.188 -0.246021 0.195439 -0.245816 0.136316 -0.246715 0.0833806 -0.248167 0.0315944 -0.250472 -0.0224692 -0.25362 -0.0757632 -0.25715 -0.131536 
0.781 0.391563 0.535118 0.381796 0.466725 0.374415 0.406622 0.367943 0.349579 0.362411 0.291625 0.358182 0.236636 0.355383 0.180841 
4.266 -0.147404 0.108465 -0.148775 0.0506819 -0.150554 -0.00197004 -0.1527 -0.0537404 -0.155416 -0.108719 -0.158548 -0.163606 -0.161729 -0.221547 
1.372 0.212135 0.134488 0.210068 0.0759407 0.209235 0.0227736 0.208953 -0.0293931 0.20963 -0.0846027 0.211193 -0.139492 0.213644 -0.19733 
3.99 -0.174113 0.292686 -0.17354 0.231174 -0.17354 0.176883 -0.173932 0.12453 -0.174918 0.070553 -0.176364 0.0182263 -0.177997 -0.0359689 
4.262 -0.0864539 0.0886043 -0.0880146 0.0308702 -0.0896747 -0.0216995 -0.0915989 -0.0738689 -0.0938287 -0.129327 -0.0962534 -0.184866 -0.0985936 -0.243728 
1.651 0.132009 0.0338173 0.131158 -0.0245733 0.130999 -0.0782076 0.131386 -0.131795 0.132262 -0.189254 0.133693 -0.246908 0.135962 -0.308227 
3.467 0.0142172 0.111889 0.012579 0.0539458 0.0112511 0.00140708 0.0100189 -0.0506123 0.0089543 -0.105688 0.00803363 -0.160763 0.00754788 -0.219243 
0.869 0.342254 0.252965 0.338264 0.192799 0.336005 0.139078 0.33472 0.0867168 0.334486 0.0321392 0.335457 -0.0213101 0.338015 -0.0771048 
0.732 0.477168 0.428284 0.468755 0.364043 0.462715 0.307305 0.457868 0.252731 0.454296 0.196941 0.452307 0.143143 0.452022 0.0881509 
0.883 0.323079 0.265292 0.318922 0.204929 0.316541 0.151307 0.315056 0.0987928 0.314529 0.0444811 0.315252 -0.00873875 0.317375 -0.0644426 
1.641 0.21556 0.370073 0.210112 0.306236 0.206072 0.250245 0.202671 0.196442 0.199712 0.1414 0.197839 0.0882019 0.196997 0.0338189 
4.25 -0.162471 0.122846 -0.163641 0.0648391 -0.165371 0.0121742 -0.167477 -0.0395823 -0.170202 -0.0942887 -0.1734 -0.14886 -0.176772 -0.20638 
4.254 -0.098781 0.0975072 -0.100299 0.0396469 -0.101928 -0.0128665 -0.103893 -0.0649101 -0.106167 -0.120072 -0.108661 -0.175186 -0.111164 -0.233704 
3.201 0.129955 0.48718 0.124776 0.418378 0.120751 0.358774 0.117152 0.302041 0.113861 0.244626 0.11113 0.190072 0.109112 0.134904 
0.789 0.388823 0.268032 0.384458 0.207562 0.382223 0.153678 0.380967 0.101192 0.380799 0.0464637 0.382081 -0.00708384 0.38532 -0.0627254 
3.941 -0.100151 0.300219 -0.100544 0.23865 -0.101147 0.184036 -0.101956 0.131647 -0.103087 0.0778107 -0.104437 0.0254317 -0.105735 -0.0284946 
1.671 0.153239 0.00984797 0.152823 -0.048779 0.153084 -0.102915 0.153996 -0.157198 0.155491 -0.215472 0.157475 -0.274023 0.160533 -0.336737 
1.357 0.253226 0.270086 0.249146 0.209236 0.24648 0.155256 0.244603 0.102724 0.243396 0.0484475 0.243432 -0.00471528 0.244431 -0.0596914 
1.48 0.0306533 0.115998 0.0289925 0.05804 0.0276617 0.00545851 0.0266362 -0.0465711 0.0256027 -0.10158 0.024885 -0.156522 0.0247758 -0.215019 
4.078 -0.135762 0.225572 -0.136116 0.165903 -0.136975 0.112732 -0.138092 0.0610728 -0.139691 0.00735832 -0.141621 -0.0452782 -0.143725 -0.100319 
4.391 -0.138502 0.0105328 -0.140801 -0.0475439 -0.14338 -0.10117 -0.14635 -0.154836 -0.149868 -0.212351 -0.153621 -0.270152 -0.157611 -0.331782 
1.74 0.21556 0.385139 0.209775 0.320804 0.205592 0.264478 0.202004 0.21037 0.198931 0.155025 0.19676 0.101863 0.195523 0.047347 
4.105 -0.128229 0.205027 -0.128725 0.145903 -0.12975 0.093029 -0.130963 0.041524 -0.132723 -0.012276 -0.134812 -0.0652261 -0.137057 -0.120699 
1.085 0.251856 0.445405 0.245245 0.379331 0.240273 0.321499 0.236156 0.266357 0.232557 0.210134 0.230025 0.156287 0.228549 0.101549 
1.617 0.159403 0.0420353 0.158564 -0.0164064 0.158621 -0.0699549 0.159193 -0.123449 0.160478 -0.180485 0.162222 -0.2378 0.165009 -0.298837 
3.961 -0.12275 0.298849 -0.122772 0.237138 -0.123159 0.182763 -0.123822 0.1304 -0.124927 0.0763499 -0.126283 0.0240219 -0.127653 -0.0300136 
4.047 -0.176852 0.259814 -0.176586 0.199235 -0.176904 0.145527 -0.177676 0.0935336 -0.179019 0.0397241 -0.180858 -0.0127623 -0.182904 -0.067364 
4.305 -0.184386 0.0892891 -0.185907 0.0314332 -0.187975 -0.0211506 -0.190438 -0.0736087 -0.193708 -0.129065 -0.197456 -0.184316 -0.201427 -0.243023 
4.074 -0.0974113 0.216669 -0.0982606 0.157112 -0.0993217 0.104079 -0.100588 0.0525126 -0.102178 -0.00119253 -0.103959 -0.0538869 -0.105723 -0.108924 
0.727 0.527846 0.479647 0.518012 0.414197 0.51072 0.356375 0.504659 0.300864 0.499752 0.244286 0.496657 0.189877 0.495235 0.134495 
-1 0.309382 0.537173 0.305214 0.474446 0.298549 0.414092 0.29271 0.356618 0.287665 0.298462 0.283745 0.243204 0.280998 0.187448 
4.027 -0.168634 0.272826 -0.168234 0.211809 -0.168419 0.158102 -0.169022 0.105863 -0.170149 0.0519662 -0.171746 -0.00043647 -0.173557 -0.0548337 
3.918 0.0642104 -0.0552116 0.0634317 -0.114355 0.0630473 -0.169472 0.0630132 -0.225192 0.0631132 -0.284982 0.0635275 -0.345545 0.0646835 -0.410796 
2.994 0.223778 0.449514 0.217247 0.382723 0.212293 0.324447 0.208015 0.268908 0.20432 0.212425 0.201442 0.15843 0.1997 0.103638 
4.012 -0.0665936 0.250226 -0.0676289 0.189885 -0.0687264 0.136395 -0.0699025 0.0845965 -0.0713439 0.0308824 -0.0728622 -0.0215076 -0.0742348 -0.0760006 
0.83 0.42649 -0.00316395 0.428676 -0.0628943 0.432379 -0.118047 0.437197 -0.173204 0.444115 -0.23248 0.452592 -0.292288 0.463347 -0.356227 
4.012 -0.150144 0.278989 -0.149889 0.217952 -0.150173 0.163926 -0.150798 0.111732 -0.151949 0.0579684 -0.153513 0.00558382 -0.155185 -0.0486218 
3.178 0.1279 0.38103 0.123837 0.317078 0.120659 0.261086 0.117913 0.207253 0.11557 0.152074 0.11396 0.0990348 0.112999 0.0448862 
4.199 -0.018655 0.0701137 -0.0202718 0.012276 -0.0218062 -0.0404643 -0.0230909 -0.0927535 -0.0244497 -0.148659 -0.0256506 -0.204606 -0.0267146 -0.263875 
4.168 -0.126174 0.163936 -0.127111 0.105447 -0.128462 0.0528975 -0.129948 0.00137653 -0.132086 -0.0527063 -0.13446 -0.106256 -0.136989 -0.162627 
4.016 -0.126174 0.268032 -0.126312 0.207179 -0.126875 0.153378 -0.127646 0.101341 -0.128899 0.0476169 -0.130475 -0.00474496 -0.132097 -0.0591175 
0.825 0.471689 -0.0230242 0.474538 -0.083027 0.480036 -0.138821 0.486803 -0.194722 0.495238 -0.254583 0.503895 -0.314654 0.514486 -0.378664 
4.246 -0.131653 0.119422 -0.132925 0.0614608 -0.134623 0.00887028 -0.136554 -0.0427302 -0.139026 -0.0973886 -0.141882 -0.15187 -0.144811 -0.209323 
4.141 -0.121381 0.176948 -0.122277 0.118234 -0.123492 0.0656536 -0.124949 0.0141338 -0.126904 -0.0398055 -0.129135 -0.0931578 -0.131513 -0.149209 
4.273 -0.043994 0.0584714 -0.0456472 0.000766803 -0.0471881 -0.0520977 -0.0488225 -0.10462 -0.0505631 -0.160582 -0.0524098 -0.216917 -0.0539783 -0.276413 
4.34 -0.170004 0.0481989 -0.171978 -0.00969511 -0.174479 -0.0628022 -0.177346 -0.115651 -0.180903 -0.172067 -0.184814 -0.22866 -0.188773 -0.288651 
4.273 -0.0433091 -0.036721 -0.0452067 -0.0954269 -0.0469908 -0.1501 -0.048792 -0.205108 -0.0508671 -0.264361 -0.052907 -0.32413 -0.0547722 -0.388211 
4.152 -0.139186 0.176948 -0.139888 0.118198 -0.141133 0.0655906 -0.142614 0.0140766 -0.144745 -0.0398778 -0.147159 -0.0932444 -0.149674 -0.149277 
4.398 -0.103575 -0.00864265 -0.105781 -0.0669184 -0.108122 -0.120896 -0.110642 -0.175053 -0.113573 -0.233257 -0.11666 -0.291841 -0.119659 -0.354288 
3.994 -0.0843994 0.264608 -0.085108 0.203764 -0.0859757 0.150181 -0.0869678 0.0983351 -0.0883363 0.0445477 -0.0897846 -0.0077846 -0.0912114 -0.0621921 
3.918 0.00668402 -0.0593206 0.00534389 -0.118513 0.0042215 -0.173676 0.00321811 -0.22944 0.00228093 -0.289387 0.00137385 -0.350217 0.000932031 -0.415654 
1.5 0.199123 -0.0291878 0.199381 -0.0887002 0.201087 -0.143868 0.203007 -0.199247 0.206049 -0.25905 0.209534 -0.319474 0.214183 -0.383824 
3.939 -0.0802904 0.296795 -0.0808871 0.235091 -0.0817124 0.180767 -0.0826098 0.12842 -0.0838667 0.0745142 -0.0852267 0.0222297 -0.086437 -0.0318071 
1.365 0.197069 0.135173 0.194955 0.0766315 0.194024 0.0236238 0.193783 -0.0285852 0.194258 -0.0837329 0.195569 -0.138538 0.19799 -0.196437 
4.324 -0.0426243 0.00368443 -0.0444561 -0.0546132 -0.0460921 -0.108262 -0.0478252 -0.161877 -0.0497431 -0.219562 -0.0516889 -0.277917 -0.0534089 -0.34004 
4.191 -0.139186 0.155034 -0.140142 0.0965902 -0.141577 0.0440984 -0.143183 -0.00745397 -0.145519 -0.0616253 -0.148127 -0.1153 -0.150782 -0.171981 
4.16 -0.0727572 0.155718 -0.0740621 0.0972785 -0.0754905 0.0447457 -0.0769362 -0.00676152 -0.0786804 -0.0608371 -0.0805458 -0.114432 -0.0822803 -0.170827 
4.047 -0.10426 0.233105 -0.104982 0.173548 -0.105873 0.120362 -0.106992 0.0685162 -0.10848 0.0148226 -0.110181 -0.0377627 -0.111688 -0.0927301 
0.955 0.312122 0.523476 0.30352 0.454506 0.296989 0.394711 0.291124 0.337378 0.286208 0.279568 0.282314 0.224445 0.279805 0.169004 
1.723 0.0751678 0.0194357 0.0739582 -0.0388224 0.0732548 -0.0925108 0.0731302 -0.146305 0.072899 -0.203958 0.0737796 -0.262216 0.075065 -0.324299 
4.273 -0.110423 0.0886043 -0.11197 0.0307152 -0.113732 -0.0218959 -0.115739 -0.0741323 -0.118231 -0.129579 -0.120978 -0.185089 -0.123741 -0.243879 
1.477 0.10804 -0.0339816 0.107722 -0.0932327 0.108088 -0.148261 0.108773 -0.203839 0.109931 -0.263713 0.111515 -0.324196 0.113965 -0.389361 
3.609 -0.0364608 0.447459 -0.0376702 0.380578 -0.0387565 0.322035 -0.0398753 0.266399 -0.0410696 0.21 -0.0422081 0.156262 -0.0430608 0.101922 
3.967 0.00873853 0.0269689 0.00728776 -0.0308982 0.00611551 -0.0843589 0.00501117 -0.137775 0.00400055 -0.195152 0.00310793 -0.25278 0.00262874 -0.314369 
4.277 -0.0974113 0.0776469 -0.0990869 0.0198658 -0.100856 -0.0327727 -0.102777 -0.0850552 -0.105181 -0.140614 -0.107663 -0.196328 -0.110273 -0.255307 
1.449 0.158718 0.104356 0.157205 0.0460717 0.156684 -0.00694598 0.156313 -0.059209 0.157126 -0.114969 0.158445 -0.170532 0.160549 -0.229106 
4.234 -0.173428 0.137913 -0.174386 0.0796303 -0.175892 0.0271528 -0.177814 -0.0245851 -0.180427 -0.0791335 -0.183535 -0.133229 -0.186762 -0.190419 
3.955 -0.154253 0.306383 -0.15379 0.244509 -0.153849 0.189804 -0.154253 0.137334 -0.155191 0.0831717 -0.156524 0.0307985 -0.157979 -0.0230931 
4.188 -0.253554 0.178318 -0.253579 0.119467 -0.254611 0.0667463 -0.256252 0.0149554 -0.258784 -0.039268 -0.262089 -0.092788 -0.265777 -0.1489 
0.761 0.399781 0.120107 0.399278 0.0611762 0.400599 0.00756749 0.402179 -0.0456753 0.40654 -0.101971 0.411726 -0.157916 0.41824 -0.217202 
4.023 -0.188495 0.275565 -0.187809 0.214569 -0.187886 0.160705 -0.188355 0.10849 -0.189504 0.0544833 -0.19124 0.00198709 -0.193117 -0.0526427 
4.18 -0.113847 0.152979 -0.114993 0.0946382 -0.116337 0.0422081 -0.117967 -0.00940106 -0.120008 -0.0635593 -0.122344 -0.117281 -0.124694 -0.173985 
1.958 0.209396 0.421435 0.203389 0.355783 0.199064 0.298524 0.195274 0.243683 0.191962 0.187784 0.189428 0.134234 0.188029 0.0796834 
0.722 0.567566 0.307068 0.561822 0.24612 0.558438 0.191648 0.556515 0.138882 0.556146 0.0838532 0.55749 0.0302234 0.561098 -0.0255135 
4.238 -0.0323517 0.0742227 -0.0339014 0.0164282 -0.0353131 -0.0362266 -0.0366066 -0.088472 -0.0385242 -0.144363 -0.039939 -0.200239 -0.0410099 -0.25947 
4.25 -0.109054 0.108465 -0.110522 0.0505963 -0.112166 -0.0019221 -0.114122 -0.0537998 -0.116457 -0.108731 -0.11902 -0.163516 -0.121601 -0.221512 
1.354 0.14913 0.248171 0.145884 0.18806 0.143499 0.134536 0.141977 0.0825304 0.140847 0.0284557 0.140219 -0.0243736 0.141155 -0.0794767 
1.654 0.1731 0.00299959 0.172514 -0.0557338 0.172838 -0.109967 0.174306 -0.164356 0.176139 -0.222591 0.178868 -0.281212 0.181934 -0.343894 
