1.083 -0.27273 0.29611 -0.271789 0.304822 -0.213417 0.300502 -0.157863 0.296339 -0.101579 0.292319 -0.0469403 0.289984 0.00694313 0.288465 
4.129 -0.115902 -0.036721 -0.0574724 -0.0373118 -0.0041515 -0.0368841 0.0479601 -0.0373858 0.102202 -0.038779 0.156726 -0.0395992 0.212204 -0.0407643 
4.184 -0.148089 -0.311341 -0.0890957 -0.309537 -0.0352663 -0.307745 0.0172172 -0.307788 0.0714342 -0.309601 0.125634 -0.311674 0.180414 -0.31489 
4.07 -0.173428 -0.0901383 -0.113844 -0.0897393 -0.0599822 -0.0886871 -0.00774142 -0.0887968 0.0461667 -0.0899511 0.0998421 -0.0908976 0.154046 -0.0922959 
4.152 -0.16658 -0.298329 -0.107289 -0.296235 -0.0533012 -0.294131 -0.000778349 -0.293825 0.0533597 -0.295239 0.107393 -0.296902 0.161842 -0.299698 
4.238 -0.0405698 -0.0264484 0.0171013 -0.0273536 0.0704608 -0.0272363 0.123273 -0.0279818 0.178889 -0.0296698 0.235299 -0.0307825 0.29307 -0.0321183 
4.145 -0.172743 -0.325723 -0.113344 -0.323309 -0.0592457 -0.320963 -0.00666146 -0.320473 0.0474667 -0.321819 0.101435 -0.323473 0.155843 -0.326353 
4.199 -0.135077 -0.304493 -0.0763346 -0.302998 -0.0226122 -0.301454 0.0298066 -0.301701 0.0841673 -0.30379 0.138515 -0.306043 0.193558 -0.309472 
4.25 -0.107684 -0.31545 -0.0492182 -0.314525 0.00438999 -0.313555 0.0569348 -0.314375 0.111437 -0.317077 0.1662 -0.320009 0.221734 -0.324144 
0.964 -0.302178 0.337885 -0.237461 0.330617 -0.179805 0.32621 -0.124748 0.32214 -0.0687393 0.318296 -0.0142186 0.316254 0.039724 0.315038 
3.32 0.122422 0.0749075 0.182134 0.0743874 0.238624 0.075289 0.29552 0.0755899 0.356282 0.075228 0.41875 0.0759129 0.483673 0.0767544 
4.207 -0.133023 -0.344213 -0.0742983 -0.342573 -0.020514 -0.340962 0.0319504 -0.34125 0.0862987 -0.3435 0.140696 -0.346003 0.195784 -0.349816 
4.23 -0.118641 -0.299699 -0.0601035 -0.298584 -0.00650066 -0.297342 0.0459833 -0.297941 0.100426 -0.300299 0.155048 -0.302843 0.21046 -0.30652 
4.199 -0.135762 -0.321613 -0.077005 -0.319991 -0.0232259 -0.318394 0.0292257 -0.318627 0.0835741 -0.320729 0.137948 -0.323105 0.192979 -0.326639 
4.184 -0.14535 -0.292165 -0.086416 -0.290579 -0.0325828 -0.28894 0.0198389 -0.28906 0.0740935 -0.290921 0.128266 -0.292967 0.183097 -0.296128 
4.035 -0.178222 -0.0387755 -0.118548 -0.0389752 -0.0645973 -0.0382987 -0.0122941 -0.0384989 0.0415477 -0.039618 0.0951872 -0.0401936 0.14927 -0.041136 
4.129 -0.184386 -0.300384 -0.124796 -0.297943 -0.0705991 -0.295486 -0.0180101 -0.294875 0.0361126 -0.295939 0.089969 -0.297275 0.144213 -0.299718 
4.234 -0.117956 -0.338734 -0.0594228 -0.337448 -0.0057721 -0.33618 0.0467471 -0.336788 0.101207 -0.339283 0.155823 -0.342109 0.211244 -0.346204 
1.245 0.21556 0.195439 0.277423 0.196516 0.336254 0.199307 0.395953 0.201887 0.460224 0.204223 0.526638 0.208123 0.595555 0.21248 
4.16 -0.164525 -0.348322 -0.105257 -0.345953 -0.0512266 -0.343678 0.00133054 -0.343375 0.0555085 -0.344902 0.109552 -0.346832 0.164052 -0.349964 
4.246 -0.111108 -0.362704 -0.0525566 -0.361545 0.00107524 -0.360365 0.0536553 -0.361213 0.108129 -0.363977 0.162808 -0.367174 0.218291 -0.371647 
4.254 -0.100151 -0.292165 -0.0418078 -0.291457 0.0117726 -0.290654 0.0642894 -0.291549 0.118913 -0.29424 0.173795 -0.297136 0.229555 -0.301136 
1.359 0.188851 0.166676 0.250118 0.167434 0.30812 0.169748 0.366868 0.171827 0.429896 0.173354 0.495134 0.176184 0.562826 0.179915 
4.148 -0.172059 -0.377085 -0.112735 -0.374268 -0.0586564 -0.371678 -0.00605491 -0.371108 0.0480838 -0.372465 0.102142 -0.374202 0.156541 -0.377333 
4.211 -0.130284 -0.374346 -0.0715507 -0.372625 -0.0177435 -0.371025 0.0347479 -0.371425 0.0891206 -0.373864 0.143497 -0.376665 0.198593 -0.380824 
4.262 -0.0994658 -0.340104 -0.0410798 -0.33919 0.012513 -0.338236 0.065077 -0.339186 0.119661 -0.34202 0.174553 -0.345212 0.230261 -0.34966 
4.16 -0.163841 -0.365443 -0.104574 -0.362976 -0.0505311 -0.360642 0.00205927 -0.360347 0.0562203 -0.361943 0.110266 -0.363953 0.164758 -0.367279 
4.266 -0.100836 -0.374346 -0.0424317 -0.373263 0.011196 -0.372182 0.063759 -0.3732 0.118333 -0.376142 0.173203 -0.379532 0.228898 -0.384242 
4.184 -0.149459 -0.329147 -0.0904883 -0.327224 -0.0366265 -0.325339 0.0158569 -0.325324 0.0700753 -0.327079 0.124264 -0.329214 0.179051 -0.332497 
4.195 -0.102205 -0.141501 -0.0440235 -0.141485 0.00924246 -0.140852 0.0615594 -0.141611 0.116048 -0.143584 0.170968 -0.145428 0.22686 -0.14791 
0.861 -0.0843994 0.378291 -0.0248889 0.374519 0.0294789 0.373428 0.0826746 0.372706 0.138092 0.372322 0.193505 0.373877 0.249643 0.376419 
4.129 -0.185071 -0.334625 -0.12542 -0.331871 -0.071195 -0.32926 -0.0185394 -0.328503 0.0355758 -0.329579 0.089458 -0.330954 0.143695 -0.333582 
4.18 -0.150829 -0.38051 -0.0918215 -0.37823 -0.0379007 -0.376074 0.0146212 -0.376015 0.0688386 -0.377894 0.123027 -0.380203 0.177801 -0.383889 
3.375 -0.258348 0.0755924 -0.196065 0.0738772 -0.140253 0.0735458 -0.0869137 0.0726753 -0.0324633 0.0713848 0.0209674 0.0710168 0.0742169 0.0707905 
4.129 -0.183016 -0.31545 -0.123426 -0.312906 -0.0692183 -0.310408 -0.0166256 -0.30978 0.0375001 -0.310881 0.0913906 -0.312279 0.145619 -0.314849 
4.062 -0.181646 -0.108629 -0.121923 -0.107944 -0.0679137 -0.106718 -0.0155804 -0.106725 0.0383028 -0.107883 0.0919227 -0.108794 0.145934 -0.110263 
1.65 -0.324093 0.248856 -0.259488 0.243593 -0.201852 0.240665 -0.146822 0.237739 -0.0909734 0.234766 -0.0366194 0.233293 0.0169766 0.232543 
4.211 -0.133708 -0.35791 -0.0749633 -0.356147 -0.0211816 -0.354471 0.0313061 -0.354774 0.0856325 -0.35699 0.140037 -0.359588 0.195084 -0.363501 
4.215 -0.130968 -0.391467 -0.0722256 -0.38963 -0.0184227 -0.387963 0.0340713 -0.388376 0.0884492 -0.390765 0.142824 -0.393614 0.197933 -0.397898 
4.105 -0.196713 -0.313395 -0.136781 -0.310632 -0.0823837 -0.307948 -0.0296886 -0.307082 0.0244249 -0.308008 0.0782491 -0.309175 0.132244 -0.311566 
4.16 -0.163156 -0.314765 -0.10389 -0.312711 -0.0498945 -0.31063 0.00261035 -0.310417 0.0567735 -0.311919 0.110778 -0.313775 0.165288 -0.316744 
4.227 -0.0802904 -0.142186 -0.0223015 -0.142418 0.0310521 -0.142105 0.0834363 -0.143128 0.138286 -0.14543 0.193473 -0.147487 0.24985 -0.150196 
1.805 -0.263827 0.194754 -0.201246 0.190954 -0.145136 0.189217 -0.0914541 0.18723 -0.03657 0.185361 0.0171417 0.184654 0.0706951 0.184504 
0.937 -0.287111 0.346103 -0.222859 0.338917 -0.165397 0.334628 -0.110513 0.330675 -0.0546159 0.326959 -0.000120806 0.325112 0.0538538 0.324124 
4.137 -0.178222 -0.353801 -0.118681 -0.351125 -0.0645002 -0.348582 -0.0118514 -0.348009 0.0422902 -0.349297 0.0961959 -0.350898 0.150512 -0.353781 
4.25 -0.113847 -0.388728 -0.0552813 -0.387388 -0.0016048 -0.386138 0.0509463 -0.386955 0.105408 -0.389778 0.160052 -0.393042 0.215428 -0.39771 
4.102 -0.129599 -0.0360362 -0.0711097 -0.0364649 -0.0177412 -0.0360208 0.0343883 -0.036393 0.0886044 -0.0377159 0.142971 -0.0384544 0.198255 -0.0395358 
4.184 -0.148089 -0.364758 -0.089083 -0.362698 -0.0352006 -0.360717 0.0173043 -0.360727 0.0715365 -0.362711 0.125736 -0.365041 0.180523 -0.368684 
4.184 -0.147404 -0.346268 -0.0884445 -0.34433 -0.0345505 -0.342419 0.0179529 -0.342467 0.07217 -0.34439 0.126375 -0.346641 0.181147 -0.35012 
4.262 -0.098781 -0.355171 -0.0403864 -0.354218 0.0132171 -0.353239 0.0658033 -0.354231 0.120377 -0.357155 0.175246 -0.360435 0.230966 -0.365038 
3.434 0.0820162 0.0680592 0.140633 0.067296 0.195942 0.0679609 0.25138 0.068108 0.310363 0.0675245 0.370526 0.0678914 0.432856 0.0684274 
4.121 -0.187125 -0.370237 -0.127461 -0.367124 -0.0732368 -0.364242 -0.0205396 -0.363355 0.0335663 -0.364366 0.0874803 -0.365764 0.141708 -0.368495 
1.362 -0.00769758 0.228996 0.0507304 0.227779 0.10477 0.228523 0.158391 0.229295 0.214865 0.229901 0.272073 0.232071 0.330599 0.234743 
4.125 -0.159047 -0.167525 -0.0998647 -0.16655 -0.0461961 -0.165192 0.00610577 -0.165242 0.0601575 -0.166648 0.114106 -0.167956 0.168688 -0.170083 
4.164 -0.164525 -0.395576 -0.105214 -0.392884 -0.0511759 -0.3904 0.00143575 -0.390038 0.0556316 -0.391671 0.109692 -0.393754 0.164198 -0.397266 
1.077 -0.332311 0.303643 -0.266635 0.296767 -0.208262 0.292562 -0.152708 0.288594 -0.0964107 0.284733 -0.0417367 0.282531 0.0121103 0.281157 
4.133 -0.142611 -0.140131 -0.0839069 -0.139577 -0.0303254 -0.138514 0.0218329 -0.138757 0.0759354 -0.140289 0.130076 -0.141705 0.185018 -0.14374 
3.973 0.131324 0.0105328 0.191151 0.00938019 0.2478 0.00940786 0.304951 0.008729 0.366001 0.00716308 0.428921 0.00638691 0.494438 0.00550482 
3.434 0.10941 0.0680592 0.168705 0.0676981 0.224561 0.0682124 0.280788 0.0684125 0.340645 0.067913 0.402065 0.068254 0.465832 0.0689999 
1.448 -0.2515 0.285153 -0.189013 0.279918 -0.132911 0.277075 -0.0791194 0.274384 -0.0239782 0.27171 0.0299746 0.270774 0.0837886 0.270491 
1.392 0.00873853 0.222832 0.0671264 0.221795 0.121381 0.222789 0.175342 0.223687 0.232149 0.224408 0.289839 0.226656 0.348899 0.22939 
4.266 -0.100151 -0.389412 -0.0417579 -0.388323 0.0118915 -0.387278 0.0644699 -0.388279 0.119027 -0.391331 0.173887 -0.394765 0.229574 -0.39967 
4.109 -0.198767 -0.335995 -0.138841 -0.333027 -0.0844128 -0.330222 -0.0316855 -0.329241 0.0224398 -0.33015 0.076265 -0.331368 0.130281 -0.333782 
0.851 -0.069333 0.383085 -0.00995828 0.379506 0.0443977 0.378615 0.097741 0.378167 0.153424 0.378044 0.209076 0.379929 0.265559 0.382755 
1.658 0.0854404 0.12764 0.144228 0.127224 0.199588 0.128407 0.255174 0.129266 0.314216 0.129483 0.374576 0.131034 0.437029 0.132855 
1.178 -0.322723 0.278989 -0.257936 0.272928 -0.200266 0.26945 -0.145105 0.265998 -0.0891569 0.262665 -0.0347531 0.260902 0.0189558 0.25985 
3.902 0.147076 0.0105328 0.207289 0.00940385 0.264485 0.00939541 0.322147 0.00873205 0.383815 0.00712287 0.447512 0.00632095 0.51395 0.00543723 
4.09 -0.172743 -0.142871 -0.113172 -0.141951 -0.0593714 -0.140559 -0.0071103 -0.140509 0.0468418 -0.141747 0.100594 -0.142786 0.154873 -0.144571 
4.105 -0.200137 -0.299699 -0.140184 -0.297021 -0.08576 -0.294373 -0.0330581 -0.293523 0.0210486 -0.294363 0.0748265 -0.295461 0.12885 -0.297702 
4.207 -0.130968 -0.290796 -0.0722817 -0.289508 -0.0185769 -0.288115 0.0338592 -0.288474 0.0882027 -0.290597 0.142599 -0.292933 0.197715 -0.296345 
1.382 -0.0344062 0.0803862 0.023318 0.079238 0.0767955 0.0795179 0.129683 0.079361 0.18532 0.0786631 0.241785 0.078995 0.299439 0.0793266 
4.242 -0.0830297 -0.16958 -0.0249667 -0.16962 0.0283107 -0.169251 0.0807737 -0.170283 0.135604 -0.172732 0.190775 -0.175033 0.247062 -0.178073 
4.109 -0.196713 -0.38051 -0.136797 -0.377095 -0.0823668 -0.373951 -0.0295608 -0.372877 0.0245652 -0.37375 0.0783982 -0.375048 0.132464 -0.377736 
4.109 -0.198082 -0.352431 -0.138143 -0.349321 -0.0837552 -0.346377 -0.0309368 -0.34539 0.0231147 -0.346286 0.0769627 -0.347496 0.131007 -0.350038 
3.432 -0.23027 0.0865498 -0.1688 0.0847439 -0.113399 0.0842375 -0.0604634 0.0834487 -0.00610127 0.0821603 0.0473953 0.0818356 0.100819 0.0814617 
1.757 -0.316559 0.224202 -0.25199 0.219467 -0.194472 0.21693 -0.139628 0.21431 -0.0839566 0.211615 -0.0298391 0.210401 0.0236194 0.209766 
4.133 -0.183701 -0.40037 -0.124075 -0.397158 -0.0697987 -0.394211 -0.0171278 -0.39337 0.037007 -0.394533 0.0909326 -0.396132 0.145157 -0.399173 
4.113 -0.199452 -0.40037 -0.139489 -0.396719 -0.0850072 -0.393428 -0.0321941 -0.392267 0.0219346 -0.393062 0.0757737 -0.394333 0.129819 -0.397037 
4.18 -0.119326 -0.172319 -0.0608052 -0.171867 -0.00735152 -0.171014 0.0448905 -0.17152 0.0991366 -0.173518 0.153708 -0.17535 0.209154 -0.177986 
0.966 -0.366553 0.333776 -0.299223 0.325532 -0.239542 0.320286 -0.183096 0.315233 -0.12589 0.310542 -0.0705973 0.307617 -0.0163482 0.305486 
4.227 -0.120696 -0.352431 -0.062115 -0.350998 -0.00844749 -0.349583 0.0440585 -0.350179 0.0985049 -0.352645 0.153112 -0.355498 0.208437 -0.359621 
4.227 -0.12275 -0.314765 -0.0641416 -0.313529 -0.0104636 -0.31226 0.0420185 -0.312828 0.0964225 -0.315151 0.150946 -0.317749 0.206192 -0.321509 
0.853 -0.452157 0.355006 -0.38084 0.344798 -0.318199 0.337788 -0.25914 0.331314 -0.200009 0.325049 -0.1432 0.320708 -0.0880373 0.317157 
4.191 -0.149459 -0.395576 -0.0904528 -0.393247 -0.0365258 -0.39111 0.0159963 -0.391038 0.0702247 -0.393047 0.124429 -0.395434 0.179199 -0.399278 
4.133 -0.183016 -0.385303 -0.123414 -0.382225 -0.069156 -0.379383 -0.0164817 -0.378611 0.0376545 -0.379797 0.0915738 -0.381368 0.145837 -0.384365 
4.246 -0.0672785 -0.136022 -0.00940541 -0.136379 0.043889 -0.136215 0.0963808 -0.13724 0.151377 -0.139677 0.207026 -0.141816 0.263789 -0.144579 
1.642 0.136803 0.168045 0.196769 0.168397 0.253522 0.170362 0.310508 0.17196 0.371479 0.173267 0.434144 0.175987 0.499285 0.179188 
4.266 -0.0960416 -0.306547 -0.0377095 -0.305826 0.0158196 -0.305009 0.0683818 -0.305982 0.122983 -0.30876 0.177899 -0.311745 0.233658 -0.315908 
1.312 0.210081 0.174209 0.271844 0.175216 0.330461 0.17778 0.389921 0.180101 0.453814 0.18212 0.52005 0.185545 0.58873 0.189435 
3.979 -0.2289 -0.0867141 -0.167936 -0.0859599 -0.112992 -0.0845669 -0.0602641 -0.0843189 -0.00636845 -0.0850604 0.0469269 -0.0854799 0.1004 -0.086404 
1.401 -0.0576907 0.0797014 0.000322265 0.0784608 0.0537945 0.0786778 0.10642 0.078447 0.161738 0.0776353 0.217657 0.0778401 0.274592 0.078092 
0.84 -0.482975 0.3598 -0.410256 0.349096 -0.346332 0.341559 -0.286281 0.334559 -0.226225 0.327903 -0.168835 0.323031 -0.113151 0.319059 
4.137 -0.129599 -0.107259 -0.0710965 -0.107088 -0.0177072 -0.106341 0.0344479 -0.106677 0.0886557 -0.108202 0.143074 -0.109491 0.198364 -0.111374 
1.185 -0.302178 0.267347 -0.238166 0.261892 -0.180896 0.258623 -0.12622 0.255623 -0.0704929 0.252468 -0.0162457 0.251029 0.0374213 0.250338 
4.219 -0.103575 -0.183961 -0.0452974 -0.183759 0.00810381 -0.183027 0.0604288 -0.183801 0.114931 -0.186073 0.169764 -0.188242 0.225474 -0.191089 
1.669 0.0813313 0.105725 0.140065 0.105275 0.195347 0.106137 0.2509 0.10683 0.309877 0.106794 0.370123 0.107884 0.432497 0.109099 
1.71 0.0135324 0.0701137 0.0713701 0.0694632 0.125242 0.0698391 0.178985 0.0698066 0.235772 0.0691728 0.293577 0.0695258 0.352858 0.0698101 
1.301 0.223778 0.174894 0.285855 0.175971 0.345114 0.178616 0.405196 0.181043 0.469938 0.183227 0.536981 0.186794 0.606527 0.190774 
0.853 -0.409697 0.353636 -0.34046 0.344108 -0.279367 0.337704 -0.221683 0.331792 -0.163587 0.326179 -0.10766 0.322373 -0.0530206 0.319457 
1.356 0.233365 0.157773 0.295942 0.1587 0.355511 0.161133 0.415916 0.16338 0.481222 0.165114 0.548798 0.168373 0.619117 0.171976 
0.96 -0.324777 0.337885 -0.259279 0.330278 -0.200997 0.325522 -0.145524 0.321192 -0.0892664 0.317062 -0.0345148 0.314684 0.0193755 0.3132 
1.765 0.0642104 0.072853 0.122625 0.0720752 0.177381 0.0726829 0.232295 0.0728175 0.290571 0.0721695 0.350018 0.072585 0.411338 0.0731789 
0.911 -0.406273 0.339255 -0.337202 0.330256 -0.276278 0.324362 -0.218654 0.318871 -0.160726 0.313589 -0.104759 0.310018 -0.0502875 0.3073 
4.262 -0.0255034 -0.0339816 0.0321236 -0.0349123 0.085595 -0.0348754 0.138642 -0.0356907 0.194651 -0.037511 0.251562 -0.0386897 0.309819 -0.0401887 
4.246 -0.10152 -0.259293 -0.0431145 -0.258852 0.0104337 -0.258083 0.0629323 -0.259015 0.117471 -0.261663 0.172303 -0.26434 0.228011 -0.268128 
3.953 -0.235749 -0.0483632 -0.174432 -0.0481731 -0.119611 -0.0471616 -0.0667062 -0.0471093 -0.0126284 -0.0479162 0.0406551 -0.0482233 0.0940034 -0.0489554 
3.004 0.00257499 0.043405 0.0603211 0.0424102 0.114092 0.042789 0.167734 0.0424896 0.224576 0.0416336 0.282306 0.0414481 0.341551 0.0412865 
3.936 -0.279578 -0.183276 -0.217227 -0.180649 -0.161192 -0.177746 -0.107534 -0.176269 -0.0530519 -0.176123 0.000483986 -0.176015 0.0537154 -0.176774 
3.902 0.10941 0.00847829 0.168662 0.00735072 0.22475 0.00739544 0.281206 0.00672093 0.341436 0.00513941 0.403284 0.00437148 0.467486 0.00341507 
0.802 -0.480236 0.374866 -0.407526 0.363681 -0.343648 0.355791 -0.283673 0.34842 -0.22373 0.34144 -0.166323 0.336296 -0.110722 0.332186 
3.992 -0.23164 -0.120956 -0.170481 -0.119726 -0.1156 -0.117956 -0.062745 -0.117424 -0.0087115 -0.118041 0.0446319 -0.118491 0.0980708 -0.119528 
0.886 -0.389152 0.342679 -0.320734 0.333718 -0.260281 0.327796 -0.203053 0.322309 -0.145327 0.317034 -0.0896443 0.313507 -0.0351791 0.310921 
1.613 -0.264512 0.17147 -0.201629 0.168016 -0.145253 0.166463 -0.0914897 0.164651 -0.0363818 0.162863 0.0173583 0.16223 0.070962 0.162012 
1.341 -0.026873 0.110519 0.0309736 0.109271 0.0845402 0.109635 0.137568 0.109652 0.19337 0.109325 0.249865 0.110017 0.307595 0.110748 
0.987 -0.343953 0.328982 -0.277818 0.321196 -0.219102 0.316315 -0.163241 0.311823 -0.106644 0.307502 -0.0517933 0.304943 0.00224515 0.303204 
1.142 -0.335735 0.289262 -0.270317 0.282796 -0.21217 0.278896 -0.156652 0.275204 -0.100341 0.271581 -0.0457576 0.269574 0.00805273 0.26834 
1.424 -0.0131763 0.0797014 0.0446732 0.0786786 0.098335 0.0790544 0.151505 0.0789537 0.207629 0.0783598 0.264367 0.0786722 0.322561 0.0791006 
4.219 -0.122065 -0.260663 -0.0634655 -0.259724 -0.00981282 -0.258598 0.0426486 -0.259162 0.0970344 -0.261512 0.151623 -0.263885 0.206877 -0.267346 
1.473 0.0368169 0.244062 0.0953978 0.243507 0.150032 0.244823 0.204432 0.246181 0.261907 0.247279 0.320456 0.25016 0.380513 0.253642 
4.301 -0.0248185 -0.116847 0.0328881 -0.117737 0.0864428 -0.117988 0.139427 -0.11937 0.195388 -0.12206 0.252253 -0.124358 0.310334 -0.127234 
1.544 0.0244898 0.089974 0.0824513 0.0889604 0.136594 0.0896445 0.190576 0.0896692 0.247714 0.0892616 0.305874 0.0897584 0.365565 0.0904539 
4.074 -0.157677 -0.0689084 -0.0986794 -0.06894 -0.0449962 -0.0681177 0.00717691 -0.0683203 0.0612107 -0.0695417 0.115126 -0.0703688 0.169857 -0.0715478 
0.785 -0.31245 0.441981 -0.247116 0.432221 -0.188889 0.425855 -0.133429 0.420215 -0.0770242 0.414996 -0.0222947 0.411956 0.0317917 0.410016 
3.699 -0.378195 -0.0305575 -0.311962 -0.0301036 -0.253074 -0.0288189 -0.197149 -0.0283583 -0.140905 -0.0286984 -0.0866017 -0.0285438 -0.0332582 -0.0287362 
4.137 -0.117272 -0.0593206 -0.0588301 -0.0596603 -0.0054902 -0.0591721 0.0466226 -0.0597191 0.100845 -0.0611885 0.155344 -0.0622378 0.210723 -0.0637309 
1.564 0.0587317 0.1701 0.11734 0.169737 0.172235 0.171066 0.227119 0.172185 0.285244 0.172916 0.344444 0.174983 0.356645 0.162171 
3.771 -0.361759 -0.12438 -0.296392 -0.121932 -0.238096 -0.119201 -0.182697 -0.117583 -0.126902 -0.11691 -0.0727024 -0.116143 -0.0194709 -0.116015 
4.203 -0.0898781 -0.116847 -0.0318885 -0.117027 0.0214019 -0.116634 0.0737303 -0.117377 0.128282 -0.11942 0.183384 -0.121112 0.239409 -0.123423 
4.285 -0.022764 -0.091508 0.0347805 -0.0924667 0.0883563 -0.0926243 0.141433 -0.0938861 0.197534 -0.0963293 0.254239 -0.0983176 0.312611 -0.100738 
4.266 -0.0378304 -0.0921929 0.0199341 -0.0930419 0.0732435 -0.0931278 0.125989 -0.0942756 0.181724 -0.0966201 0.238088 -0.0985424 0.295772 -0.100912 
4.375 0.0833858 -0.0285029 0.142046 -0.0299074 0.197341 -0.0302236 0.253024 -0.031455 0.312242 -0.0337381 0.372824 -0.0351913 0.435669 -0.0370045 
3.822 -0.338474 -0.155198 -0.274054 -0.152394 -0.216356 -0.149287 -0.161456 -0.147354 -0.106049 -0.146659 -0.0521138 -0.145913 0.00103632 -0.14588 
3.357 -0.277524 0.0865498 -0.214758 0.0844983 -0.158521 0.0839943 -0.104719 0.082935 -0.0500164 0.0815368 0.00346147 0.081249 0.0566125 0.0808558 
1.124 -0.310396 0.287892 -0.246048 0.281742 -0.188611 0.27822 -0.133678 0.274824 -0.0778522 0.271418 -0.0233831 0.269766 0.0303119 0.268874 
4.102 -0.202191 -0.367498 -0.142237 -0.364165 -0.0877889 -0.361063 -0.0349654 -0.359999 0.0191068 -0.36075 0.0729543 -0.36193 0.126993 -0.364498 
3.727 -0.371346 -0.070278 -0.305506 -0.0689651 -0.246822 -0.0669406 -0.191059 -0.0659397 -0.134962 -0.0657397 -0.08068 -0.0653753 -0.0273563 -0.0653638 
1.751 0.103931 0.0927133 0.162988 0.0922234 0.218731 0.0932007 0.274838 0.0937966 0.334499 0.0936322 0.395662 0.0945313 0.458978 0.0957253 
3.148 0.140227 0.0660047 0.200392 0.065497 0.257407 0.0662457 0.314885 0.0664484 0.376133 0.0659948 0.439403 0.0664463 0.505536 0.0670636 
0.91 -0.337105 0.360485 -0.270886 0.351959 -0.212032 0.346586 -0.156082 0.341619 -0.0994667 0.336857 -0.0444135 0.334074 0.00983354 0.332284 
4.145 0.123106 -0.00247911 0.18281 -0.00379834 0.239229 -0.00398647 0.296186 -0.00489406 0.356966 -0.0068261 0.419461 -0.00785984 0.484583 -0.00912635 
1.666 0.0888645 0.141337 0.147801 0.141193 0.203334 0.142508 0.259016 0.143522 0.318158 0.143997 0.378726 0.145722 0.441387 0.147834 
1.63 0.078592 0.162567 0.137371 0.162321 0.192632 0.163784 0.247947 0.164947 0.306679 0.165774 0.366677 0.167907 0.428727 0.170377 
1.368 -0.022764 0.0968224 0.0350167 0.0956959 0.0886672 0.0961339 0.141763 0.0960892 0.197709 0.0955978 0.254418 0.0961013 0.312406 0.0967031 
2.775 0.153239 0.0851801 0.21365 0.0849229 0.271043 0.0859835 0.328915 0.0864697 0.390859 0.0863543 0.454819 0.087367 0.521622 0.0884572 
3.795 -0.372031 -0.196973 -0.306501 -0.193103 -0.248059 -0.18895 -0.192467 -0.186356 -0.136433 -0.184934 -0.0821108 -0.183492 -0.0286506 -0.183162 
3.932 -0.205616 0.013957 -0.145227 0.0132037 -0.0907708 0.0135345 -0.0382602 0.0132376 0.0156973 0.0121794 0.06909 0.0118717 0.122796 0.0114131 
1.607 0.0737981 0.179688 0.132547 0.1794 0.187822 0.18089 0.243038 0.18212 0.301711 0.182979 0.361664 0.185266 0.42354 0.187957 
3.83 -0.374771 -0.27162 -0.309252 -0.266047 -0.250768 -0.260864 -0.195308 -0.257461 -0.139312 -0.255316 -0.0848079 -0.2536 -0.031237 -0.252803 
3.908 0.027914 0.0153267 0.0860437 0.0143035 0.140296 0.0144349 0.19452 0.013935 0.252054 0.012529 0.310828 0.0119976 0.371042 0.0113103 
3.711 -0.37614 -0.0545268 -0.310059 -0.0536775 -0.251197 -0.0519437 -0.195414 -0.0512621 -0.139211 -0.0512911 -0.0848775 -0.0509749 -0.0315504 -0.0511147 
3.73 -0.356965 -0.0271333 -0.291508 -0.0267396 -0.233145 -0.0255232 -0.177734 -0.025222 -0.121873 -0.025491 -0.0677897 -0.0254256 -0.0146262 -0.0256169 
3.816 -0.373401 -0.238063 -0.307841 -0.23332 -0.249439 -0.228697 -0.193892 -0.225699 -0.137899 -0.224038 -0.0835559 -0.22241 -0.0300142 -0.221812 
3.732 -0.356965 -0.0435694 -0.291556 -0.042917 -0.233208 -0.041479 -0.177758 -0.0409295 -0.121904 -0.0411283 -0.0678605 -0.0409945 -0.0146314 -0.0411425 
1.415 0.00805369 0.107095 0.0659819 0.106139 0.119946 0.106751 0.173597 0.106929 0.230444 0.106804 0.288107 0.107597 0.347231 0.108635 
1.707 0.08681 0.0913437 0.145608 0.0908629 0.200983 0.0916373 0.256659 0.0921868 0.315789 0.0919632 0.376216 0.0928382 0.438754 0.0938724 
0.849 -0.043994 0.389933 0.0151198 0.386941 0.0694593 0.386457 0.122847 0.386532 0.178891 0.386832 0.235043 0.389328 0.292256 0.392747 
1.118 -0.410382 0.306383 -0.341877 0.29866 -0.281325 0.293668 -0.223961 0.288894 -0.166217 0.284286 -0.110605 0.281327 -0.0562517 0.279113 
4.246 -0.0494727 -0.0771264 0.00835602 -0.0778793 0.0615374 -0.077796 0.114175 -0.0788111 0.169621 -0.0809571 0.225578 -0.0826481 0.282947 -0.0847782 
3.723 -0.35491 -0.00795781 -0.289587 -0.00810608 -0.231209 -0.00714026 -0.175797 -0.00712747 -0.12004 -0.00776997 -0.0658985 -0.00778995 -0.0127607 -0.00823691 
1.642 0.0265443 0.0762772 0.0845381 0.0754403 0.138571 0.0759494 0.192558 0.075962 0.249631 0.0754068 0.307839 0.0757957 0.367492 0.0761596 
3.85 -0.339844 -0.199712 -0.275557 -0.19623 -0.218067 -0.192412 -0.163239 -0.190183 -0.107805 -0.189074 -0.0538327 -0.187978 -0.000539467 -0.18794 
4.199 -0.122065 -0.190809 -0.063544 -0.190275 -0.0100419 -0.189399 0.0422381 -0.189971 0.0965463 -0.192043 0.151068 -0.194113 0.206339 -0.196865 
3.799 -0.363128 -0.175058 -0.297763 -0.171484 -0.239408 -0.167897 -0.183965 -0.165491 -0.128094 -0.164276 -0.0738372 -0.163134 -0.0204614 -0.162786 
1.687 0.101192 0.159143 0.160435 0.159162 0.21634 0.160738 0.272394 0.162013 0.332027 0.162817 0.393218 0.165052 0.45658 0.167659 
3.992 -0.219312 -0.070278 -0.158549 -0.0698073 -0.103864 -0.068597 -0.051271 -0.0684656 0.00269153 -0.0692646 0.0561129 -0.0697217 0.109568 -0.0706291 
1.062 -0.351486 0.309122 -0.285132 0.301687 -0.226328 0.296994 -0.170179 0.292632 -0.113535 0.288372 -0.0585396 0.285843 -0.00451093 0.2841 
3.986 -0.189864 0.00916313 -0.129948 0.00845271 -0.0758886 0.00873515 -0.0235321 0.00849493 0.0304442 0.00735469 0.0839899 0.00703877 0.137876 0.00641249 
3.85 -0.348062 -0.225736 -0.283503 -0.221482 -0.225853 -0.217351 -0.17084 -0.21467 -0.115353 -0.213302 -0.0612391 -0.212131 -0.0079166 -0.211834 
1.406 -0.200137 0.272141 -0.13904 0.267823 -0.0839869 0.265875 -0.0306886 0.264071 0.0239748 0.262321 0.0783067 0.262281 0.132488 0.262874 
1.261 -0.277524 0.270086 -0.214415 0.264752 -0.157779 0.261896 -0.103598 0.25902 -0.0482426 0.256332 0.00587332 0.255222 0.0596451 0.254877 
1.227 -0.123435 0.313231 -0.0637828 0.309477 -0.00959179 0.30816 0.0434192 0.307282 0.0984624 0.306447 0.153398 0.307445 0.208951 0.30909 
1.224 -0.298754 0.251596 -0.234943 0.246473 -0.177879 0.24368 -0.123229 0.240887 -0.0678229 0.238088 -0.0135819 0.236812 0.0399682 0.236147 
0.801 -0.429558 0.378291 -0.359321 0.367791 -0.297423 0.36068 -0.238931 0.354006 -0.180271 0.347732 -0.123884 0.343307 -0.0690176 0.339851 
1.238 -0.0905629 0.311861 -0.0314791 0.308885 0.0226931 0.308098 0.075725 0.307688 0.131072 0.307417 0.186464 0.30891 0.242565 0.31115 
1.433 0.000520477 0.0933982 0.0583147 0.0923345 0.11213 0.0928454 0.165686 0.092965 0.222305 0.092674 0.279688 0.093376 0.338528 0.0941936 
4.199 0.0950281 0.00984797 0.154095 0.00868419 0.209774 0.00872035 0.265872 0.00803376 0.32568 0.00645145 0.386729 0.00571081 0.450464 0.00469484 
3.857 0.0525681 0.0187509 0.110838 0.0176935 0.165494 0.0178346 0.220375 0.0173339 0.27862 0.0159373 0.338034 0.0153568 0.399506 0.0146585 
3.785 -0.363813 -0.150404 -0.298482 -0.147529 -0.240154 -0.144373 -0.18469 -0.142403 -0.128834 -0.141492 -0.0746367 -0.140481 -0.0213413 -0.14032 
3.971 -0.222052 -0.0469936 -0.160916 -0.0468474 -0.106175 -0.0459115 -0.0536166 -0.0458962 0.000363772 -0.0467233 0.0535812 -0.047151 0.107159 -0.0479235 
3.857 -0.349432 -0.241487 -0.284832 -0.237009 -0.227179 -0.232525 -0.172174 -0.229773 -0.116628 -0.228295 -0.0625312 -0.226975 -0.00916581 -0.226782 
4.273 -0.0124914 -0.0401452 0.0451531 -0.0411401 0.0988206 -0.0411765 0.152198 -0.0420661 0.208618 -0.0439992 0.265976 -0.0452875 0.324767 -0.0468681 
1.433 -0.222737 0.236529 -0.161241 0.232415 -0.105775 0.230518 -0.0524591 0.228651 0.00230012 0.226713 0.0562101 0.226502 0.110066 0.226728 
1.487 -0.242597 0.263923 -0.180597 0.25934 -0.124789 0.257055 -0.0711953 0.254811 -0.0162206 0.252641 0.0377386 0.252177 0.0916888 0.252305 
3.826 -0.358334 -0.209985 -0.293224 -0.205836 -0.235107 -0.201722 -0.179837 -0.199067 -0.124068 -0.197622 -0.0698227 -0.196328 -0.0164559 -0.195955 
3.824 -0.374086 -0.256554 -0.30854 -0.251241 -0.250116 -0.246338 -0.194628 -0.242988 -0.138681 -0.241057 -0.0842284 -0.239326 -0.0306609 -0.238659 
3.852 -0.340529 -0.214094 -0.27612 -0.210231 -0.218583 -0.206311 -0.163747 -0.203883 -0.10836 -0.202721 -0.054353 -0.201675 -0.00105807 -0.201568 
4.023 -0.174798 -0.0134365 -0.115104 -0.0138954 -0.0611906 -0.0134082 -0.00886595 -0.0137088 0.0449849 -0.014823 0.0986277 -0.0152526 0.15271 -0.0160394 
3.602 0.0813313 0.013957 0.140048 0.0128714 0.195431 0.0129573 0.251045 0.0123038 0.310381 0.0107933 0.371167 0.0100975 0.433925 0.00923477 
1.435 0.201178 0.155034 0.262655 0.155521 0.321256 0.157868 0.380333 0.159486 0.443988 0.160905 0.50986 0.163738 0.578375 0.16695 
4.262 -0.0515272 -0.107259 0.00622193 -0.107961 0.0594842 -0.107951 0.112091 -0.10911 0.167604 -0.111554 0.223598 -0.113596 0.280884 -0.116135 
3.939 -0.219312 0.0050541 -0.158576 0.00441579 -0.103952 0.00480205 -0.0513374 0.00453918 0.00259351 0.00354528 0.0559774 0.00323245 0.109526 0.00269391 
1.245 -0.0659088 0.311177 -0.00698147 0.308566 0.0471199 0.308272 0.100334 0.308268 0.155971 0.308359 0.211726 0.310254 0.268473 0.312867 
1.366 -0.152198 0.258444 -0.0922407 0.254878 -0.0376468 0.253575 0.0150675 0.252399 0.0699407 0.251278 0.124286 0.251799 0.179216 0.252906 
1.4 0.0114779 0.271456 0.0700711 0.270446 0.124421 0.271382 0.17851 0.272524 0.235418 0.273624 0.293245 0.276427 0.352375 0.279969 
3.682 -0.37614 -0.00384879 -0.309928 -0.00408604 -0.251071 -0.00317503 -0.195165 -0.00313649 -0.138944 -0.0037432 -0.0846351 -0.00369844 -0.0312826 -0.00421186 
4.184 -0.0843994 -0.0675387 -0.0265312 -0.0680331 0.026696 -0.0677434 0.0790248 -0.0684824 0.13373 -0.0701897 0.188997 -0.0715496 0.245334 -0.073187 
2.93 0.13064 0.121477 0.190608 0.121479 0.247479 0.123036 0.304717 0.124119 0.365989 0.124705 0.428866 0.126512 0.494402 0.128627 
3.971 -0.221367 -0.0312423 -0.160612 -0.0313078 -0.10596 -0.030444 -0.0533006 -0.0305267 0.000643157 -0.0314282 0.0540112 -0.0317757 0.107585 -0.0325073 
3.869 -0.341898 -0.259978 -0.277518 -0.255197 -0.219824 -0.250576 -0.164954 -0.247633 -0.109541 -0.246058 -0.0553702 -0.244735 -0.00196532 -0.24444 
1.38 -0.272045 0.237899 -0.209012 0.233095 -0.152578 0.23077 -0.0984975 0.228246 -0.0433447 0.225669 0.0105462 0.224824 0.0641852 0.224528 
4.066 -0.150144 -0.0216546 -0.0913569 -0.0221474 -0.0377357 -0.0216386 0.0143534 -0.0219628 0.0682514 -0.0231315 0.122334 -0.023833 0.177106 -0.0246889 
4.277 -0.0241337 -0.0689084 0.033414 -0.069874 0.0869913 -0.0699501 0.139979 -0.0710324 0.19604 -0.0732797 0.252813 -0.0749613 0.311078 -0.0770783 
1.411 -0.200822 0.249541 -0.139944 0.245454 -0.0849196 0.243689 -0.0317115 0.24203 0.0227732 0.240272 0.0770811 0.240233 0.131114 0.240775 
1.416 0.166251 0.165306 0.226787 0.165855 0.284258 0.167971 0.342117 0.169792 0.404077 0.171235 0.467937 0.174073 0.534406 0.177387 
1.423 -0.201507 0.235844 -0.140357 0.231963 -0.0854917 0.230248 -0.0323627 0.228608 0.0223015 0.227017 0.0763853 0.226931 0.130443 0.227382 
4.223 0.00873853 0.0119025 0.066494 0.0108803 0.120471 0.0109935 0.174155 0.0105329 0.231159 0.00910361 0.289156 0.00850751 0.348744 0.00782794 
4.016 -0.168634 0.0119025 -0.109198 0.0110638 -0.0554217 0.0114026 -0.00331234 0.0109912 0.0507224 0.00991209 0.104602 0.00953117 0.158794 0.00910825 
3.848 0.0669497 0.0125873 0.125527 0.01151 0.180475 0.0116121 0.235816 0.01103 0.294388 0.00953924 0.354228 0.00888211 0.41624 0.00809466 
1.742 0.116258 0.181742 0.175749 0.181953 0.231891 0.18382 0.288331 0.185443 0.348447 0.186781 0.410259 0.189588 0.474283 0.192872 
0.812 -0.409012 0.372812 -0.339635 0.362776 -0.278565 0.355928 -0.220825 0.349674 -0.1626 0.343715 -0.106528 0.339655 -0.0517507 0.336465 
3.443 -0.211094 0.035187 -0.150772 0.034111 -0.0962795 0.0343607 -0.0437809 0.0337988 0.0101696 0.0327756 0.0636361 0.0323681 0.11731 0.0321445 
4.27 -0.0761813 -0.18944 -0.018157 -0.189496 0.035188 -0.189182 0.0876978 -0.190333 0.142581 -0.192996 0.197962 -0.195558 0.254509 -0.198802 
4.078 -0.148089 -0.0524723 -0.0893226 -0.0526893 -0.0357829 -0.0520963 0.0162987 -0.0524055 0.0703449 -0.0536441 0.124334 -0.0543945 0.179113 -0.055521 
4.012 -0.191234 -0.0312423 -0.131477 -0.0314091 -0.0773208 -0.0306816 -0.0249899 -0.0308227 0.0287883 -0.0318118 0.0822618 -0.0322971 0.135948 -0.033093 
4.117 -0.130968 -0.0764416 -0.0724641 -0.0765331 -0.0190668 -0.0758356 0.0330519 -0.0762314 0.0872107 -0.0776667 0.141584 -0.0787554 0.196812 -0.0802988 
1.46 -0.226846 0.254335 -0.165322 0.249914 -0.109664 0.247877 -0.0562803 0.245843 -0.00142866 0.243809 0.0524214 0.243413 0.106423 0.243677 
0.814 -0.466539 0.370073 -0.394617 0.359178 -0.331386 0.351544 -0.271902 0.344451 -0.212354 0.337715 -0.155328 0.332827 -0.0998359 0.328902 
1.398 -0.258348 0.237214 -0.195806 0.232758 -0.139708 0.230564 -0.0857373 0.228244 -0.0307636 0.22601 0.0230379 0.22538 0.0766586 0.225322 
1.417 -0.27273 0.251596 -0.209668 0.246668 -0.153175 0.243893 -0.0990703 0.241243 -0.0438418 0.238645 0.0100773 0.237457 0.0637411 0.236951 
1.236 0.236789 0.187906 0.299435 0.18919 0.358992 0.192065 0.419536 0.194711 0.485025 0.197206 0.552611 0.201185 0.622875 0.205522 
3.963 -0.233009 -0.0668539 -0.171777 -0.0663923 -0.116911 -0.065146 -0.0643279 -0.0649712 -0.0101101 -0.0657129 0.0431694 -0.0660319 0.0963987 -0.0668457 
4.395 0.0772223 -0.0483632 0.135804 -0.0499323 0.190999 -0.0505067 0.246432 -0.0518912 0.305541 -0.0543086 0.365874 -0.056103 0.428386 -0.0582166 
4.094 -0.152883 -0.0819203 -0.0938841 -0.0817711 -0.040274 -0.0809523 0.0118922 -0.0812073 0.0658594 -0.0825247 0.119813 -0.0834932 0.174418 -0.0849336 
4.152 -0.105629 -0.0675387 -0.0474656 -0.0679875 0.00583056 -0.0674804 0.0579774 -0.0680986 0.112451 -0.0696208 0.16728 -0.070806 0.223111 -0.0723183 
3.377 0.0957129 0.0680592 0.154632 0.0673909 0.210158 0.068141 0.266034 0.0682823 0.325381 0.067751 0.386419 0.0681747 0.449468 0.0686991 
4.07 -0.183701 -0.12712 -0.123935 -0.126259 -0.0698591 -0.124931 -0.0174783 -0.124818 0.036433 -0.125956 0.0900778 -0.126864 0.144125 -0.128417 
1.555 0.155979 0.154349 0.216383 0.154699 0.27357 0.156731 0.331216 0.158208 0.392992 0.15943 0.456476 0.16195 0.522695 0.164721 
0.828 -0.0172853 0.402945 0.0416894 0.400558 0.0961369 0.400438 0.149883 0.401071 0.206297 0.402036 0.263041 0.405078 0.321023 0.409281 
4.156 -0.0891933 -0.0223394 -0.0312515 -0.0231422 0.0219655 -0.0229848 0.0742297 -0.0233213 0.128883 -0.0247046 0.184146 -0.0255073 0.240477 -0.0266099 
4.086 -0.14398 -0.0380907 -0.0851253 -0.0384455 -0.0315195 -0.0379326 0.0205929 -0.0382814 0.0746207 -0.039535 0.128633 -0.0402474 0.183408 -0.0412559 
1.27 0.199808 0.194754 0.26165 0.195955 0.320124 0.19861 0.379221 0.201155 0.442944 0.203539 0.508982 0.207391 0.577004 0.211504 
4.258 -0.0200247 -0.0209697 0.0375504 -0.0219271 0.0910954 -0.0218607 0.144227 -0.0226205 0.200309 -0.0242928 0.25743 -0.0253299 0.315948 -0.0266268 
4.27 -0.0220792 -0.0545268 0.0355616 -0.0554862 0.0891515 -0.0555295 0.142356 -0.0565992 0.198522 -0.0587125 0.255597 -0.0602585 0.314035 -0.0621929 
1.33 -0.0433091 0.10641 0.0146268 0.105095 0.0680533 0.105338 0.120885 0.105337 0.176337 0.104857 0.232391 0.105302 0.289726 0.106056 
1.321 0.19296 0.181057 0.254155 0.181934 0.312282 0.184315 0.371058 0.186438 0.434152 0.188308 0.499369 0.191613 0.56729 0.195319 
1.449 0.0251746 0.215299 0.0835902 0.214494 0.138099 0.215517 0.192318 0.216598 0.249628 0.217574 0.307765 0.219846 0.367546 0.222623 
3.646 -0.369292 0.013957 -0.303392 0.0134338 -0.24482 0.013857 -0.189002 0.013663 -0.132987 0.0128045 -0.0787612 0.0125522 -0.0254536 0.0122615 
1.683 0.0470894 0.0776469 0.105215 0.0768399 0.15981 0.077424 0.214314 0.0774884 0.272146 0.0769547 0.330936 0.0773882 0.391659 0.0777942 
4.199 -0.0796055 -0.0846596 -0.0216567 -0.0850503 0.0315106 -0.0847306 0.0838299 -0.0855081 0.138652 -0.0874142 0.193993 -0.0888807 0.250384 -0.0909935 
4.207 -0.0905629 -0.131229 -0.0325861 -0.131398 0.0207421 -0.130957 0.0728708 -0.13178 0.127593 -0.133865 0.182433 -0.135738 0.238573 -0.13825 
1.373 0.218984 0.160512 0.28103 0.161565 0.340195 0.164005 0.400118 0.16605 0.464749 0.167846 0.531584 0.171013 0.601034 0.174799 
0.769 -0.302863 0.454992 -0.237855 0.445013 -0.179736 0.438506 -0.124278 0.432814 -0.0679188 0.4276 -0.0131619 0.424484 0.040961 0.422564 
1.504 0.171045 0.150925 0.231828 0.151413 0.289447 0.15334 0.347558 0.154942 0.409996 0.156141 0.474422 0.158744 0.541255 0.161611 
4.246 -0.0398849 -0.0415149 0.0177717 -0.0424571 0.0711135 -0.0424097 0.123895 -0.043224 0.17954 -0.0449578 0.235905 -0.046147 0.29367 -0.0475871 
1.708 0.102561 0.178318 0.161937 0.178407 0.217854 0.180169 0.274016 0.1817 0.333729 0.182889 0.39511 0.18558 0.458621 0.188688 
4.242 -0.0672785 -0.121641 -0.00944298 -0.122015 0.0438349 -0.121798 0.0963454 -0.122796 0.151407 -0.125076 0.207078 -0.127032 0.263941 -0.129579 
3.238 0.0457198 0.0386111 0.103821 0.0376946 0.158407 0.038102 0.213132 0.0377909 0.271191 0.0368211 0.33049 0.0367487 0.391698 0.0366892 
4.23 -0.106314 -0.240118 -0.047918 -0.239562 0.00551318 -0.238765 0.0577926 -0.239611 0.11246 -0.242113 0.167083 -0.244591 0.222784 -0.248015 
3.016 0.0101082 0.0557321 0.0677989 0.0545864 0.121703 0.0550159 0.175367 0.054762 0.232393 0.0540105 0.290335 0.0540443 0.349916 0.0543667 
3.455 0.0840707 0.035187 0.142807 0.0342028 0.198436 0.0344176 0.254198 0.0341627 0.313606 0.0329573 0.374433 0.0328766 0.437311 0.0327698 
1.319 -0.0631694 0.194069 -0.00468762 0.192227 0.0490534 0.192246 0.101907 0.192281 0.157456 0.192022 0.213114 0.193307 0.269956 0.19503 
4.168 -0.10152 -0.0846596 -0.0434133 -0.0849167 0.009847 -0.0844566 0.0620496 -0.0850179 0.116512 -0.0868455 0.17134 -0.0881761 0.227239 -0.0899699 
3.367 0.0607862 0.0365566 0.119148 0.0355909 0.173955 0.0360764 0.229006 0.0358196 0.287501 0.0346528 0.347142 0.0345159 0.408847 0.0343934 
3.682 -0.353541 0.013957 -0.28817 0.0134131 -0.229811 0.0138054 -0.174599 0.0136161 -0.119013 0.0127582 -0.06485 0.0124921 -0.0118104 0.0121953 
1.441 -0.237118 0.208451 -0.1753 0.204612 -0.119813 0.202883 -0.0663217 0.20106 -0.0118385 0.199266 0.0418073 0.198935 0.0956023 0.199014 
0.83 -0.0843994 0.395412 -0.0248819 0.391426 0.0297255 0.390181 0.0832521 0.389389 0.138647 0.388889 0.194331 0.390441 0.25056 0.393036 
4.051 -0.160416 -0.0380907 -0.10163 -0.0383376 -0.047838 -0.037786 0.0041532 -0.0380383 0.0581323 -0.039204 0.111759 -0.0397842 0.166159 -0.0407594 
4.27 -0.0974113 -0.326407 -0.0390465 -0.325617 0.0144985 -0.324752 0.067084 -0.325728 0.12168 -0.328562 0.176553 -0.331621 0.23231 -0.335931 
