1.725 0.0943432 0.00642378 0.093408 -0.052014 0.0932129 -0.106043 0.0932621 -0.1602 0.0937376 -0.218352 0.0946035 -0.276937 0.0961049 -0.339599 
4.137 -0.353541 0.242693 -0.351912 0.182692 -0.35176 0.129146 -0.352368 0.0770339 -0.354102 0.0227942 -0.356798 -0.0301402 -0.360162 -0.0853678 
4.16 -0.387098 0.226942 -0.385598 0.167209 -0.385596 0.113822 -0.386508 0.0617721 -0.388576 0.00749371 -0.39172 -0.0456327 -0.395575 -0.101098 
4.188 -0.361759 0.202972 -0.360939 0.143615 -0.361545 0.0904114 -0.362924 0.0384293 -0.365519 -0.015858 -0.369095 -0.0691396 -0.373379 -0.124871 
4.211 -0.362444 0.187906 -0.361927 0.128772 -0.362822 0.0757353 -0.364484 0.0237446 -0.367354 -0.0306043 -0.371221 -0.0841291 -0.375802 -0.140132 
4.234 -0.348062 0.174209 -0.347891 0.115286 -0.348977 0.062297 -0.350793 0.0103022 -0.35385 -0.0441467 -0.357852 -0.0978298 -0.362478 -0.154132 
4.238 -0.380249 0.174209 -0.379891 0.115239 -0.380968 0.0622217 -0.382822 0.010233 -0.385971 -0.044255 -0.390125 -0.0979588 -0.395077 -0.154255 
4.184 -0.415861 0.207766 -0.414685 0.148345 -0.415065 0.0950899 -0.41639 0.0430281 -0.419021 -0.0113251 -0.422828 -0.0646453 -0.427402 -0.120402 
4.207 -0.383673 0.1927 -0.382936 0.133501 -0.383656 0.0804281 -0.385215 0.0284362 -0.388004 -0.0260095 -0.391846 -0.0794953 -0.396438 -0.135519 
4.219 -0.413806 0.190645 -0.413022 0.131469 -0.413795 0.0783439 -0.415441 0.0262868 -0.418454 -0.0281187 -0.422615 -0.0816439 -0.427603 -0.137687 
4.16 -0.415176 0.222832 -0.413629 0.163092 -0.413725 0.109698 -0.414729 0.0576005 -0.417027 0.00328679 -0.420502 -0.0498444 -0.424782 -0.105356 
4.156 -0.369977 0.226257 -0.368605 0.16657 -0.368705 0.113204 -0.369559 0.061129 -0.371636 0.00686835 -0.374698 -0.0462467 -0.378482 -0.101703 
4.016 -0.0919326 0.250911 -0.0925867 0.190523 -0.0935682 0.136975 -0.0946587 0.0851311 -0.0960968 0.0314484 -0.0977034 -0.0208939 -0.0992399 -0.0754747 
4.125 -0.371346 0.244062 -0.369621 0.184063 -0.369358 0.130495 -0.369893 0.0783647 -0.371594 0.0241029 -0.374344 -0.0288546 -0.377738 -0.0840767 
4.184 -0.385043 0.209821 -0.383942 0.150411 -0.384314 0.0971794 -0.385524 0.0451375 -0.387964 -0.00914963 -0.39145 -0.0624762 -0.395658 -0.118171 
4.211 -0.347377 0.189275 -0.346915 0.130117 -0.347734 0.0771241 -0.349308 0.0251278 -0.352062 -0.0292091 -0.355793 -0.0827093 -0.360164 -0.138735 
4.199 -0.448048 0.207081 -0.44677 0.147623 -0.447114 0.0943385 -0.448422 0.0422508 -0.451204 -0.0121746 -0.45521 -0.0655329 -0.460051 -0.121279 
4.164 -0.348062 0.220778 -0.346952 0.161129 -0.347189 0.107791 -0.348224 0.0558079 -0.350396 0.00157796 -0.35349 -0.0515347 -0.357298 -0.106996 
0.894 0.327873 0.225572 0.324347 0.165787 0.322699 0.112229 0.321798 0.059894 0.322072 0.005127 0.32353 -0.0486485 0.326538 -0.104889 
4.035 -0.200822 0.269401 -0.200185 0.208649 -0.200268 0.154755 -0.200765 0.102617 -0.202009 0.0486788 -0.203813 -0.00371118 -0.205875 -0.0583028 
4.23 -0.402164 0.179688 -0.401661 0.12063 -0.402616 0.0675972 -0.404465 0.0155691 -0.407637 -0.0389418 -0.41191 -0.0926196 -0.416993 -0.14885 
4.129 -0.406273 0.245432 -0.404247 0.185381 -0.403819 0.131759 -0.404327 0.0795768 -0.40603 0.0252918 -0.408883 -0.0276811 -0.412485 -0.0829588 
4.164 -0.435036 0.225572 -0.43331 0.165828 -0.433282 0.112387 -0.434216 0.0602891 -0.43649 0.0059848 -0.439973 -0.0472042 -0.444272 -0.102692 
4.113 -0.352856 0.258444 -0.350981 0.198042 -0.350503 0.144331 -0.350846 0.0920873 -0.352326 0.0378684 -0.354716 -0.0149675 -0.357779 -0.0699577 
4.129 -0.388467 0.244062 -0.386619 0.184013 -0.38628 0.130439 -0.386816 0.0782706 -0.388512 0.0239954 -0.391333 -0.0289834 -0.394841 -0.0842214 
4.34 -0.213149 0.0769621 -0.214719 0.0189354 -0.217131 -0.0339002 -0.219933 -0.0863943 -0.223669 -0.142145 -0.227885 -0.197814 -0.232486 -0.256813 
4.195 -0.430927 0.206396 -0.429666 0.146954 -0.430057 0.0936778 -0.431455 0.0416082 -0.434178 -0.0127913 -0.438113 -0.0661186 -0.442901 -0.121875 
4.188 -0.346007 0.203657 -0.345246 0.144336 -0.345813 0.0911176 -0.347155 0.0391748 -0.349638 -0.0150872 -0.353068 -0.0683575 -0.357184 -0.124103 
4.23 -0.0837146 0.113943 -0.0851333 0.0560958 -0.0867358 0.00361909 -0.0884415 -0.048197 -0.0905644 -0.103006 -0.0928096 -0.157655 -0.0949936 -0.215592 
4.133 -0.424079 0.246802 -0.421888 0.186719 -0.421408 0.133091 -0.421829 0.0808642 -0.423568 0.0265993 -0.426479 -0.0264478 -0.430099 -0.081684 
4.168 -0.450103 0.224202 -0.448333 0.164478 -0.44831 0.111011 -0.449287 0.0588963 -0.451675 0.0045582 -0.455237 -0.0486355 -0.459695 -0.104124 
4.051 -0.162471 0.255705 -0.162288 0.195166 -0.162781 0.141533 -0.163649 0.08959 -0.165069 0.0357944 -0.166821 -0.0166128 -0.168968 -0.0712426 
4.078 -0.150829 0.23242 -0.151027 0.172484 -0.151708 0.119208 -0.152721 0.0676053 -0.154285 0.0138248 -0.156259 -0.0386204 -0.158357 -0.0936071 
4.238 -0.433667 0.179003 -0.433058 0.119971 -0.434028 0.0668821 -0.435935 0.0148401 -0.43927 -0.0396948 -0.443708 -0.0934335 -0.44909 -0.149686 
4.238 -0.190549 0.138597 -0.191418 0.0803101 -0.192935 0.0277456 -0.194908 -0.0240085 -0.197622 -0.0785877 -0.200917 -0.132704 -0.204435 -0.189845 
4.113 -0.385728 0.257759 -0.383595 0.197334 -0.383054 0.143613 -0.38337 0.0913243 -0.384844 0.0370712 -0.387447 -0.0158208 -0.390734 -0.0708262 
4.215 -0.448048 0.192015 -0.447106 0.132772 -0.447811 0.0796 -0.449502 0.0275451 -0.452576 -0.0269113 -0.456933 -0.0804592 -0.462123 -0.136471 
4.105 -0.367237 0.260499 -0.365175 0.200085 -0.364636 0.146335 -0.364856 0.094063 -0.366236 0.039841 -0.368692 -0.013023 -0.371733 -0.0680232 
4.117 -0.444624 0.25502 -0.442114 0.194711 -0.441401 0.140947 -0.441679 0.0886067 -0.443249 0.0342945 -0.446077 -0.0186839 -0.449768 -0.0738181 
4.184 -0.402164 0.210505 -0.400955 0.151076 -0.401277 0.0978128 -0.402498 0.0457744 -0.404986 -0.00859245 -0.408598 -0.0618889 -0.412951 -0.117636 
4.188 -0.191919 0.172154 -0.192387 0.113482 -0.193577 0.0607613 -0.195181 0.00912902 -0.197585 -0.0450536 -0.200496 -0.0985453 -0.203672 -0.154844 
4.141 -0.452157 0.242008 -0.44989 0.181952 -0.449466 0.128278 -0.450002 0.0760556 -0.451956 0.0217297 -0.455148 -0.0313499 -0.459185 -0.0866079 
3.963 0.0176414 -0.0504178 0.0162924 -0.109422 0.0153615 -0.164421 0.0144768 -0.2199 0.0137617 -0.279569 0.0130647 -0.339802 0.0128837 -0.404558 
4.203 -0.0912478 0.135173 -0.092557 0.077104 -0.094017 0.0246622 -0.0956605 -0.0270001 -0.097619 -0.0814773 -0.0997716 -0.13561 -0.101909 -0.192941 
1.346 0.176524 0.143391 0.174351 0.0848463 0.173312 0.031988 0.172864 -0.0201108 0.17311 -0.0750773 0.174175 -0.129684 0.176242 -0.18736 
4.129 -0.192604 0.211875 -0.192585 0.1524 -0.193303 0.0993915 -0.194437 0.0476549 -0.19633 -0.0061913 -0.198769 -0.0591491 -0.201479 -0.114518 
4.051 -0.143295 0.247487 -0.143388 0.187213 -0.143894 0.133647 -0.144898 0.081848 -0.146324 0.0280646 -0.148241 -0.0243476 -0.150218 -0.0790423 
4.105 -0.407643 0.259129 -0.405355 0.198698 -0.404693 0.144927 -0.40497 0.0926267 -0.406463 0.0383334 -0.409086 -0.0145819 -0.412438 -0.0696109 
4.109 -0.423394 0.261868 -0.420868 0.201401 -0.420068 0.147604 -0.420228 0.0952929 -0.421641 0.0409831 -0.424271 -0.0119587 -0.427597 -0.0669998 
4.082 -0.352171 0.274195 -0.349994 0.213439 -0.349307 0.159426 -0.349409 0.10705 -0.350582 0.0527803 -0.352737 -3.67448e-05 -0.355519 -0.0548389 
4.016 -0.220682 0.292001 -0.219524 0.230653 -0.219269 0.176416 -0.219443 0.123967 -0.220364 0.0699163 -0.221903 0.017458 -0.223812 -0.0369583 
2.299 0.0683194 0.00710862 0.0671898 -0.0512282 0.0665154 -0.105124 0.0662248 -0.159141 0.0661731 -0.217192 0.0664263 -0.275659 0.067335 -0.338197 
3.994 -0.196713 0.29748 -0.195752 0.235883 -0.195548 0.181516 -0.195775 0.128937 -0.196653 0.0749688 -0.198111 0.0225552 -0.199833 -0.0317525 
4.312 -0.217943 0.100247 -0.219271 0.0423759 -0.221496 -0.010331 -0.224064 -0.0625038 -0.227502 -0.117833 -0.231519 -0.172777 -0.235884 -0.2311 
4.082 -0.385728 0.274195 -0.383248 0.213421 -0.382402 0.1594 -0.382437 0.106987 -0.383608 0.0526964 -0.385893 -9.61832e-05 -0.388886 -0.0549997 
4.082 -0.369977 0.27488 -0.36766 0.214119 -0.366871 0.160117 -0.366923 0.107714 -0.368108 0.0534613 -0.370387 0.000628823 -0.373235 -0.0542116 
4.238 -0.448048 0.176948 -0.447407 0.117883 -0.448449 0.0647876 -0.450385 0.0127457 -0.45383 -0.0418308 -0.458451 -0.0955525 -0.463976 -0.15183 
4.039 0.00873853 0.043405 0.00726594 -0.0145215 0.00604562 -0.0677957 0.00496423 -0.120993 0.00388636 -0.177921 0.00304632 -0.235251 0.00251789 -0.296397 
4.105 -0.459006 0.263923 -0.456121 0.203407 -0.455131 0.149539 -0.455126 0.0971594 -0.456522 0.0428337 -0.459153 -0.0101471 -0.462623 -0.0651684 
1.436 0.0217504 0.185166 0.0198943 0.126499 0.018418 0.073932 0.0171017 0.0223648 0.0158621 -0.0316379 0.0148707 -0.0850632 0.0143511 -0.141331 
4.086 -0.46106 0.281729 -0.457814 0.220835 -0.456471 0.16677 -0.456208 0.114238 -0.457233 0.0598779 -0.459521 0.00691638 -0.46269 -0.0479657 
4.098 -0.0898781 0.201603 -0.0909108 0.142593 -0.0920851 0.0897553 -0.0934139 0.0383343 -0.0950428 -0.0154632 -0.096846 -0.0683974 -0.0985735 -0.123964 
4.203 -0.113163 0.137228 -0.114371 0.0791276 -0.115805 0.0266603 -0.117489 -0.0249712 -0.119654 -0.0794876 -0.122075 -0.133552 -0.124548 -0.190844 
4.07 -0.200137 0.252965 -0.199662 0.192696 -0.199878 0.13914 -0.20062 0.0870709 -0.202019 0.0333162 -0.203954 -0.0192876 -0.206256 -0.0740307 
4.035 0.00873853 0.0125873 0.00722222 -0.0456144 0.00610384 -0.0993935 0.00509874 -0.153149 0.00412703 -0.211058 0.00316712 -0.269318 0.00265161 -0.331618 
4.09 -0.439145 0.276935 -0.436144 0.216111 -0.434981 0.162077 -0.434837 0.109573 -0.435999 0.0552155 -0.438367 0.00232491 -0.441527 -0.0526343 
4.27 -0.217943 0.125586 -0.218935 0.067375 -0.220752 0.0147803 -0.223011 -0.0371669 -0.226123 -0.091938 -0.229844 -0.146446 -0.233906 -0.203867 
3.965 -0.226161 0.322134 -0.224606 0.259875 -0.223986 0.20499 -0.223805 0.152055 -0.224346 0.0976318 -0.22552 0.0450988 -0.227039 -0.00923766 
1.345 0.190221 0.1475 0.187934 0.0888798 0.186918 0.0359597 0.186477 -0.0161224 0.186813 -0.071066 0.187934 -0.125572 0.190186 -0.183116 
4.086 -0.403534 0.27488 -0.400883 0.214091 -0.399949 0.160096 -0.399916 0.107662 -0.401114 0.0533404 -0.403411 0.000477928 -0.406486 -0.0544063 
4.094 -0.199452 0.234475 -0.199179 0.174497 -0.199606 0.121104 -0.200574 0.0693126 -0.202159 0.015479 -0.204425 -0.0371091 -0.206897 -0.092121 
4.289 -0.0460485 -0.0613752 -0.0479998 -0.120584 -0.0497728 -0.175804 -0.0516734 -0.231626 -0.053736 -0.291642 -0.0559003 -0.352574 -0.0578107 -0.418002 
4.238 -0.362444 0.17147 -0.362196 0.112558 -0.363333 0.059542 -0.365209 0.00755654 -0.368302 -0.0469051 -0.372379 -0.100606 -0.377232 -0.156899 
4.219 -0.159732 0.143391 -0.160683 0.085118 -0.162067 0.0326183 -0.163854 -0.0190818 -0.166218 -0.0736143 -0.169152 -0.127681 -0.172206 -0.184824 
4.199 -0.315875 0.196809 -0.31548 0.137611 -0.316248 0.0844611 -0.317648 0.0325471 -0.320259 -0.0217209 -0.323709 -0.0750925 -0.327704 -0.130942 
4.086 -0.42134 0.27625 -0.418543 0.215493 -0.417463 0.161447 -0.4174 0.108973 -0.418564 0.0546617 -0.420956 0.00175109 -0.424003 -0.0531639 
3.898 -0.221367 0.356376 -0.219536 0.293101 -0.218633 0.237444 -0.218181 0.183938 -0.218374 0.129124 -0.21918 0.0764566 -0.22036 0.0222376 
4.227 -0.215888 0.153664 -0.216451 0.0951058 -0.21787 0.04248 -0.219728 -0.00928093 -0.222442 -0.0637119 -0.225806 -0.117491 -0.229534 -0.1742 
3.998 0.010793 -0.0264484 0.00942211 -0.0850664 0.00830068 -0.139551 0.00739753 -0.194427 0.00640689 -0.253246 0.00553345 -0.312699 0.00517059 -0.37638 
4.219 -0.196713 0.152294 -0.197392 0.0938638 -0.198812 0.0411658 -0.200675 -0.0104135 -0.203313 -0.0648722 -0.206485 -0.118631 -0.209958 -0.175541 
4.223 -0.324093 0.179688 -0.323952 0.120711 -0.324941 0.0677825 -0.326682 0.0158364 -0.329608 -0.0385572 -0.333285 -0.0921242 -0.337696 -0.14836 
4.094 -0.164525 0.225572 -0.164616 0.165831 -0.165323 0.112808 -0.166379 0.0611468 -0.168003 0.00733441 -0.170135 -0.0453125 -0.172463 -0.100418 
4.27 -0.173428 0.110519 -0.174741 0.0524768 -0.17655 -0.000211256 -0.178845 -0.0520775 -0.181795 -0.107015 -0.185214 -0.161871 -0.188859 -0.219765 
4.094 -0.180277 0.23242 -0.180157 0.172538 -0.180706 0.119343 -0.181674 0.0675915 -0.18327 0.0137967 -0.185413 -0.0389017 -0.187771 -0.0939416 
1.619 0.0149021 0.064635 0.0133178 0.00676093 0.0120801 -0.0461648 0.0110231 -0.0987745 0.00994832 -0.154943 0.00910937 -0.211404 0.0085947 -0.271467 
4.125 -0.161101 0.202287 -0.161312 0.143146 -0.16225 0.0903158 -0.163477 0.0387328 -0.165401 -0.0150975 -0.167666 -0.0681262 -0.170194 -0.123762 
1.468 0.0916039 -0.0682235 0.0912601 -0.128135 0.0915892 -0.184155 0.092075 -0.240638 0.0929578 -0.301649 0.0941408 -0.36366 0.096198 -0.430658 
1.44 0.119682 0.111204 0.117988 0.0529857 0.11715 0.00010345 0.116684 -0.0519533 0.116796 -0.107399 0.117438 -0.162723 0.118886 -0.221027 
3.957 -0.139186 0.303643 -0.138988 0.241735 -0.139253 0.187142 -0.139789 0.134654 -0.140834 0.0806413 -0.142191 0.0282549 -0.14364 -0.0257057 
1.357 0.134749 0.252965 0.13156 0.192716 0.12944 0.139095 0.1277 0.0870553 0.126515 0.0330645 0.126081 -0.0197089 0.126333 -0.0747129 
4.266 -0.314505 0.153664 -0.314858 0.0949803 -0.316223 0.0421353 -0.318257 -0.00978009 -0.321538 -0.0644779 -0.325608 -0.118412 -0.330291 -0.175178 
4.449 -0.0645391 -0.0572661 -0.0667128 -0.116363 -0.0688672 -0.171513 -0.0710425 -0.227169 -0.0735268 -0.287032 -0.0761169 -0.347571 -0.0786352 -0.412766 
3.996 -0.2289 0.305698 -0.227501 0.244015 -0.226909 0.18946 -0.226871 0.136801 -0.227608 0.0826273 -0.22896 0.0301131 -0.230653 -0.0242034 
4.406 -0.0843994 -0.015491 -0.0864909 -0.0738686 -0.0887552 -0.127908 -0.0911076 -0.182236 -0.0938351 -0.240604 -0.0966653 -0.299408 -0.0993909 -0.362296 
4.418 -0.0563211 -0.0435694 -0.0582755 -0.102341 -0.0602671 -0.157163 -0.0624599 -0.212429 -0.0648034 -0.271851 -0.0671773 -0.331802 -0.0693683 -0.396103 
4.121 -0.113163 0.189275 -0.11409 0.130243 -0.115194 0.0775031 -0.1167 0.0260306 -0.118442 -0.0277523 -0.120626 -0.0807694 -0.122718 -0.136451 
2.754 0.0340775 -0.0750719 0.0329471 -0.134749 0.0322231 -0.190488 0.0315966 -0.246701 0.0310594 -0.307382 0.0306295 -0.368936 0.030705 -0.435368 
4.215 -0.139871 0.139282 -0.140885 0.0811186 -0.142492 0.0286622 -0.144103 -0.0230265 -0.146569 -0.0775159 -0.149195 -0.131655 -0.151974 -0.188883 
4.297 -0.172059 0.0954527 -0.173491 0.0375866 -0.175405 -0.0149879 -0.177839 -0.0671132 -0.180856 -0.122534 -0.184418 -0.177571 -0.188177 -0.236099 
3.965 -0.174798 0.306383 -0.17408 0.24442 -0.174008 0.189759 -0.174339 0.137161 -0.17521 0.083108 -0.176584 0.0306174 -0.178131 -0.0234859 
4.195 -0.170689 0.161882 -0.171469 0.103315 -0.172735 0.0507593 -0.174382 -0.000835569 -0.176743 -0.0549695 -0.17947 -0.108555 -0.182528 -0.164966 
1.443 0.184742 0.104356 0.182974 0.0459677 0.182544 -0.00718524 0.182443 -0.0595201 0.183523 -0.115284 0.185048 -0.170734 0.187346 -0.229407 
4.371 -0.179592 0.0345021 -0.181863 -0.0234501 -0.184566 -0.07674 -0.187606 -0.129848 -0.191512 -0.186604 -0.19573 -0.243535 -0.200188 -0.304066 
1.632 0.179948 0.0427202 0.179139 -0.0156763 0.179453 -0.0693692 0.180185 -0.122829 0.181996 -0.180056 0.184345 -0.237401 0.187353 -0.298478 
3.992 -0.174113 0.292001 -0.17353 0.230511 -0.173549 0.176281 -0.173949 0.123926 -0.174918 0.0699459 -0.176388 0.0176805 -0.178032 -0.0365951 
1.377 0.212135 0.134488 0.21005 0.0759553 0.209228 0.022785 0.208911 -0.0293547 0.20962 -0.0845725 0.211189 -0.139455 0.213595 -0.197322 
4.18 -0.0364608 0.0208054 -0.0381827 -0.0371251 -0.0397962 -0.0905645 -0.0414285 -0.143815 -0.0432389 -0.201125 -0.0451151 -0.258752 -0.0466861 -0.320029 
4.27 -0.147404 0.108465 -0.148768 0.0507007 -0.150562 -0.00197535 -0.152704 -0.0537813 -0.155437 -0.108685 -0.158568 -0.163586 -0.161745 -0.221502 
4.266 -0.0398849 0.0427202 -0.0415885 -0.0149983 -0.0431776 -0.0680501 -0.0448135 -0.120945 -0.0465711 -0.177597 -0.0484179 -0.234426 -0.0499861 -0.295055 
4.355 -0.197398 0.0509382 -0.199568 -0.00698661 -0.202121 -0.0601376 -0.205356 -0.113054 -0.209335 -0.16944 -0.213622 -0.225958 -0.218492 -0.285949 
1.673 0.123791 0.00710862 0.123089 -0.0514202 0.123304 -0.105526 0.12406 -0.159762 0.125222 -0.21793 0.12682 -0.276566 0.129343 -0.33919 
1.627 0.0340775 0.0550473 0.0325547 -0.00281179 0.0315212 -0.0559734 0.0308467 -0.108866 0.0300345 -0.165346 0.029679 -0.222208 0.0298461 -0.282823 
1.646 0.132009 0.0338173 0.131075 -0.0245212 0.130977 -0.0781862 0.13139 -0.131734 0.132212 -0.189202 0.133651 -0.246914 0.135936 -0.308288 
4.258 -0.0864539 0.0886043 -0.0880261 0.0309053 -0.0896882 -0.0217457 -0.091607 -0.0738739 -0.0938424 -0.129372 -0.0962693 -0.184867 -0.0986116 -0.243757 
1.479 0.0265443 0.115313 0.0248412 0.0573809 0.0235249 0.00478249 0.0225025 -0.0472345 0.021444 -0.102362 0.0207263 -0.157391 0.0205877 -0.215898 
3.855 -0.0392001 0.313231 -0.0405772 0.251029 -0.0418274 0.196347 -0.0430946 0.143697 -0.0444186 0.0896753 -0.0457255 0.0374167 -0.0468722 -0.0165556 
4.09 0.0142172 0.146131 0.0124656 0.0880411 0.0111653 0.0354781 0.00978359 -0.016086 0.00871512 -0.0705931 0.00775382 -0.124815 0.0071609 -0.18185 
4.289 -0.14672 0.0933982 -0.148212 0.0353569 -0.150075 -0.0171021 -0.152366 -0.0694092 -0.155167 -0.124627 -0.158365 -0.179859 -0.161712 -0.238516 
3.973 -0.0994658 0.279674 -0.0999377 0.218415 -0.100614 0.164553 -0.101565 0.112325 -0.102767 0.0586726 -0.104216 0.00650253 -0.105619 -0.0478978 
3.867 -0.0309821 0.283783 -0.0323825 0.222521 -0.0336273 0.168513 -0.0349621 0.116329 -0.036332 0.0625523 -0.0376442 0.0102867 -0.0387694 -0.0439054 
4.062 -0.121381 0.231051 -0.121937 0.171304 -0.122819 0.118151 -0.123954 0.0665301 -0.125452 0.0127068 -0.127254 -0.0399033 -0.129026 -0.095098 
4.25 -0.162471 0.122846 -0.163627 0.0647835 -0.165367 0.0121506 -0.167464 -0.0395858 -0.170223 -0.0943799 -0.173421 -0.148869 -0.176769 -0.20642 
3.939 -0.100151 0.300219 -0.100532 0.238608 -0.10115 0.184026 -0.101938 0.131693 -0.103073 0.0777675 -0.104438 0.0254421 -0.105726 -0.0285182 
4.301 -0.158362 0.0844953 -0.159895 0.0263829 -0.161973 -0.0261155 -0.164322 -0.0786369 -0.167452 -0.134091 -0.170952 -0.189461 -0.174592 -0.248542 
1.672 0.153239 0.00984797 0.152704 -0.0487838 0.153098 -0.102919 0.153919 -0.157243 0.155484 -0.21545 0.157349 -0.274016 0.160422 -0.336756 
4.395 -0.267251 0.043405 -0.269607 -0.0147389 -0.272772 -0.0680924 -0.276586 -0.12118 -0.281437 -0.177732 -0.286918 -0.234289 -0.293048 -0.294442 
4.102 -0.128229 0.205027 -0.128713 0.145888 -0.129731 0.0930537 -0.130943 0.0415324 -0.13272 -0.0122815 -0.134794 -0.0651792 -0.137051 -0.120724 
1.359 0.253226 0.270086 0.249132 0.209232 0.246454 0.155295 0.244615 0.102778 0.243431 0.048473 0.243415 -0.00468356 0.244426 -0.0597132 
3.959 -0.12275 0.298849 -0.122767 0.237183 -0.123173 0.182809 -0.123813 0.130422 -0.124937 0.076498 -0.126298 0.0241 -0.127675 -0.0299925 
1.559 0.139543 0.0557321 0.138351 -0.00246845 0.138223 -0.0558226 0.138192 -0.108896 0.139224 -0.165642 0.140528 -0.222516 0.142432 -0.282777 
4.316 -0.043994 -0.0141214 -0.0458336 -0.0723965 -0.0475428 -0.126627 -0.0493111 -0.18094 -0.0513227 -0.239543 -0.0533209 -0.298299 -0.0551413 -0.361166 
4.238 -0.0960416 0.10641 -0.0975317 0.048548 -0.0991321 -0.00396014 -0.100906 -0.0557375 -0.103131 -0.110592 -0.105482 -0.165285 -0.107866 -0.223282 
4.148 -0.0118066 0.0680592 -0.0134412 0.0102147 -0.0149363 -0.042513 -0.0161649 -0.0948212 -0.0176564 -0.150692 -0.0187535 -0.206696 -0.0197759 -0.266093 
4.062 -0.0933023 0.218039 -0.0941176 0.158503 -0.0951928 0.105453 -0.0964201 0.0539149 -0.0980379 0.000180778 -0.0997983 -0.0524587 -0.101551 -0.107551 
4.359 -0.248076 0.072853 -0.249829 0.0147717 -0.252442 -0.0381421 -0.255675 -0.0907157 -0.259816 -0.146569 -0.264465 -0.202318 -0.269683 -0.261438 
4.355 -0.165895 0.0379263 -0.167971 -0.02 -0.170649 -0.0732761 -0.173507 -0.126431 -0.177186 -0.183176 -0.181167 -0.240142 -0.185324 -0.300677 
4.305 -0.184386 0.0892891 -0.18587 0.031264 -0.187979 -0.0212572 -0.19047 -0.0738039 -0.193701 -0.129099 -0.197475 -0.184381 -0.201431 -0.243268 
4.004 -0.0672785 0.250226 -0.0682753 0.189878 -0.0694082 0.136368 -0.0705548 0.0845672 -0.0720184 0.0308876 -0.0735096 -0.0214574 -0.0749031 -0.0760291 
3.934 -0.0474182 0.286522 -0.0487593 0.225011 -0.0498929 0.170751 -0.051073 0.118476 -0.0523396 0.0646701 -0.0536412 0.0123879 -0.0548753 -0.0417068 
4.047 -0.176852 0.259814 -0.176589 0.19922 -0.176901 0.145525 -0.177671 0.0935426 -0.179003 0.03971 -0.180863 -0.0127159 -0.182921 -0.0673812 
4.43 -0.266566 0.0249144 -0.26923 -0.0333173 -0.272762 -0.0869375 -0.276812 -0.14036 -0.281921 -0.197398 -0.287692 -0.254634 -0.294195 -0.315587 
4.012 -0.126174 0.268032 -0.126329 0.207202 -0.126872 0.153428 -0.127673 0.101455 -0.128919 0.0475941 -0.130496 -0.00474747 -0.132104 -0.0591316 
4.023 -0.168634 0.272826 -0.168225 0.211785 -0.168384 0.158008 -0.168989 0.105791 -0.170149 0.0519058 -0.171732 -0.000405581 -0.173521 -0.054932 
4.078 -0.135762 0.225572 -0.136129 0.165841 -0.136963 0.112676 -0.138093 0.0610306 -0.139696 0.00730411 -0.141619 -0.0452684 -0.143728 -0.100365 
4.168 -0.126174 0.163936 -0.127051 0.105428 -0.128408 0.0528803 -0.129941 0.00138915 -0.132021 -0.0527197 -0.134468 -0.106245 -0.136936 -0.162628 
4.379 -0.120696 0.0105328 -0.122863 -0.0475538 -0.125201 -0.101218 -0.12786 -0.154808 -0.131063 -0.212374 -0.134464 -0.270171 -0.137905 -0.3318 
4.266 -0.109054 0.0927133 -0.110564 0.0348386 -0.112343 -0.0177907 -0.114371 -0.0699612 -0.116871 -0.12533 -0.119659 -0.180674 -0.122439 -0.239335 
4.277 -0.0433091 -0.036721 -0.0451956 -0.0955069 -0.0469604 -0.150161 -0.0487922 -0.205161 -0.0508696 -0.264368 -0.0529125 -0.324155 -0.054784 -0.38826 
4.238 -0.0323517 0.0584714 -0.0339649 0.000856504 -0.0355242 -0.0519884 -0.0370673 -0.104272 -0.0387412 -0.160251 -0.0404055 -0.216471 -0.0418101 -0.276266 
4.016 -0.197398 0.283783 -0.19655 0.222566 -0.196493 0.168345 -0.196834 0.116065 -0.1979 0.0622485 -0.19951 0.00977519 -0.201411 -0.0445804 
4.277 -0.12412 0.094083 -0.125611 0.0362242 -0.127368 -0.0163946 -0.12951 -0.0684535 -0.132156 -0.123598 -0.135112 -0.17875 -0.138067 -0.237315 
1.427 0.0299685 0.148185 0.0281191 0.0899732 0.0267284 0.0373851 0.0256047 -0.0142977 0.0245932 -0.068868 0.0237624 -0.123014 0.0235443 -0.180275 
2.576 0.0135324 0.110519 0.0118985 0.0526725 0.0105922 0.000130661 0.00935314 -0.0518867 0.00828864 -0.107019 0.00734256 -0.162118 0.00683303 -0.220626 
4.234 -0.128229 0.124901 -0.129475 0.0670819 -0.131144 0.0143293 -0.133051 -0.037176 -0.135518 -0.0919108 -0.138324 -0.146481 -0.141167 -0.203846 
4.195 -0.0741268 0.131064 -0.0754642 0.0730364 -0.0769557 0.0206171 -0.0785407 -0.0310743 -0.0804403 -0.0855806 -0.0824391 -0.139698 -0.0843298 -0.19703 
3.971 -0.0426243 0.262553 -0.0439241 0.201804 -0.0451291 0.148028 -0.0464014 0.0961292 -0.0478064 0.0423894 -0.0491803 -0.0098644 -0.0503797 -0.0643075 
4.004 -0.0426243 0.241323 -0.0440051 0.181162 -0.0452691 0.127904 -0.0466135 0.0761076 -0.0479565 0.0225315 -0.0493507 -0.0298893 -0.0505895 -0.0845654 
0.83 0.42649 -0.00316395 0.428606 -0.0628888 0.432453 -0.118062 0.437193 -0.173216 0.444142 -0.232501 0.452552 -0.292243 0.463336 -0.356232 
4.398 -0.252869 0.0399808 -0.255215 -0.0181744 -0.258408 -0.0715783 -0.262141 -0.124731 -0.266779 -0.181482 -0.272124 -0.238207 -0.27789 -0.298544 
3.789 -0.048103 0.364594 -0.0490897 0.3008 -0.0500856 0.244747 -0.051138 0.191202 -0.0523155 0.136445 -0.0534729 0.0839162 -0.054451 0.0299633 
3.938 -0.0802904 0.296795 -0.080932 0.234937 -0.0817504 0.180717 -0.0826523 0.128338 -0.0839107 0.0744683 -0.0852755 0.0221651 -0.0865016 -0.0318083 
4.359 -0.27136 0.0742227 -0.273143 0.0161089 -0.275832 -0.0368693 -0.279141 -0.0895287 -0.283414 -0.145353 -0.288511 -0.201061 -0.294136 -0.260074 
4.227 -0.0282427 0.072853 -0.0300243 0.0150133 -0.0314049 -0.0376694 -0.0329187 -0.0899395 -0.0347826 -0.145837 -0.036218 -0.201698 -0.0372369 -0.260967 
4.367 -0.10289 0.00916313 -0.105066 -0.0488583 -0.10721 -0.102498 -0.109613 -0.156137 -0.112483 -0.213661 -0.115534 -0.271473 -0.118414 -0.333169 
4.191 -0.126174 0.15024 -0.127086 0.0919099 -0.128581 0.0394531 -0.13022 -0.0121457 -0.132455 -0.0664211 -0.135021 -0.120154 -0.137599 -0.176923 
4.141 -0.121381 0.178318 -0.122172 0.119567 -0.123428 0.0670014 -0.124875 0.0154645 -0.1268 -0.0384308 -0.128997 -0.0917495 -0.131379 -0.147797 
1.499 0.199123 -0.0291878 0.199432 -0.0886397 0.201037 -0.143857 0.203 -0.19918 0.20595 -0.25892 0.209554 -0.319369 0.214286 -0.383786 
3.859 -0.0419395 0.299534 -0.0432581 0.23763 -0.0444219 0.18315 -0.045706 0.130673 -0.0469617 0.0767673 -0.0482618 0.0244838 -0.0493455 -0.0295385 
3.908 -0.33642 0.3824 -0.332385 0.318555 -0.32991 0.262452 -0.32827 0.208605 -0.327505 0.1533 -0.327725 0.100258 -0.328335 0.0458088 
4.066 -0.108369 0.221463 -0.109098 0.16179 -0.110072 0.108846 -0.111308 0.0572525 -0.112882 0.00353412 -0.114689 -0.049115 -0.116488 -0.104186 
4.156 -0.139186 0.176264 -0.139905 0.117509 -0.141133 0.0649013 -0.142649 0.0134046 -0.144779 -0.0405718 -0.147191 -0.0938838 -0.149733 -0.149952 
4.328 -0.0426243 0.00368443 -0.0444492 -0.0546188 -0.0460747 -0.108269 -0.0478023 -0.16179 -0.0497387 -0.219593 -0.0516802 -0.277761 -0.0534126 -0.339907 
4.191 -0.139186 0.155034 -0.140123 0.0966218 -0.141576 0.0441382 -0.143166 -0.00738262 -0.145527 -0.0615708 -0.148084 -0.115243 -0.150804 -0.17193 
3.516 -0.0172853 0.289947 -0.0189852 0.228565 -0.0204737 0.174483 -0.0218644 0.122177 -0.0233636 0.0683984 -0.0246623 0.0161612 -0.0256501 -0.0380094 
4.262 -0.185071 0.123531 -0.186132 0.065267 -0.187865 0.0128856 -0.190007 -0.0394657 -0.19289 -0.0939528 -0.196266 -0.148331 -0.199926 -0.206267 
1.515 0.0313382 0.0961375 0.0296255 0.0383491 0.0283082 -0.0142424 0.0275633 -0.0665217 0.0265048 -0.121995 0.0260796 -0.177563 0.026413 -0.236644 
3.908 -0.270675 0.368703 -0.267793 0.304943 -0.266265 0.249025 -0.265149 0.195237 -0.264915 0.140275 -0.265343 0.0873855 -0.266335 0.0330731 
3.916 0.00668402 -0.0593206 0.00535259 -0.118536 0.00423417 -0.173786 0.00321803 -0.229436 0.0022579 -0.289423 0.00138965 -0.350277 0.000962921 -0.415768 
1.354 0.14913 0.247487 0.145968 0.18742 0.143556 0.133909 0.141997 0.0819946 0.140875 0.0278278 0.14016 -0.0248429 0.141179 -0.0801115 
4.234 -0.176168 0.138597 -0.177151 0.0803345 -0.178617 0.0278423 -0.18055 -0.023912 -0.183155 -0.0784857 -0.186254 -0.132529 -0.189526 -0.189773 
1.722 0.0751678 0.0194357 0.0739478 -0.0387831 0.0732041 -0.0925126 0.0730776 -0.14627 0.0728642 -0.20393 0.073854 -0.262156 0.0750293 -0.324298 
4.273 -0.100151 0.0790166 -0.101835 0.0212291 -0.103605 -0.0314116 -0.10555 -0.0836823 -0.107952 -0.139241 -0.110442 -0.194901 -0.113037 -0.253941 
4.039 0.00189015 0.0598411 0.000280591 0.00205334 -0.000997711 -0.0507615 -0.00218924 -0.103174 -0.00355494 -0.159082 -0.00474091 -0.215147 -0.00575492 -0.274622 
3.826 0.0101082 0.0283386 0.00865886 -0.0296854 0.00748643 -0.083119 0.00640129 -0.136487 0.00539572 -0.193753 0.00451886 -0.25131 0.00408068 -0.312644 
3.955 -0.154938 0.307068 -0.154454 0.245249 -0.154528 0.190545 -0.154914 0.138013 -0.155846 0.0838762 -0.157186 0.0314927 -0.158638 -0.0223954 
4.246 -0.111108 0.10641 -0.11261 0.0485064 -0.114293 -0.00404353 -0.116251 -0.0559299 -0.118631 -0.110889 -0.121271 -0.165684 -0.123861 -0.223756 
1.367 0.0368169 0.192015 0.0348586 0.133192 0.0332983 0.0807127 0.0321459 0.0291207 0.0309672 -0.0249977 0.0301565 -0.0782228 0.0300903 -0.13471 
1.428 0.0231201 0.160512 0.0213157 0.102122 0.0199573 0.0495713 0.0186329 -0.00191683 0.0175284 -0.0561954 0.0166111 -0.109992 0.0160864 -0.166645 
4.078 -0.0200247 0.0146418 -0.021758 -0.0433101 -0.0233084 -0.0968079 -0.0247078 -0.150295 -0.0265275 -0.207822 -0.0280399 -0.26545 -0.0289781 -0.327092 
1.455 0.145706 0.100931 0.144201 0.0427055 0.143402 -0.0103664 0.143303 -0.0626164 0.143762 -0.118274 0.144756 -0.17381 0.146732 -0.232353 
1.337 0.14913 0.220778 0.146289 0.161166 0.144449 0.107984 0.142997 0.0560701 0.142175 0.00197062 0.142187 -0.0512151 0.143106 -0.106936 
1.474 0.156663 0.0920285 0.155269 0.0337943 0.155076 -0.0193651 0.154871 -0.0718825 0.155725 -0.127717 0.157172 -0.183658 0.159043 -0.242719 
4.379 -0.281633 0.0543624 -0.283776 -0.00383236 -0.287039 -0.0570374 -0.290839 -0.109946 -0.295645 -0.166232 -0.301226 -0.222538 -0.307397 -0.282217 
4.27 -0.135077 0.102301 -0.136491 0.044253 -0.138251 -0.00780349 -0.140377 -0.0601581 -0.14305 -0.115075 -0.146096 -0.170111 -0.149158 -0.228089 
3.801 -0.18644 0.409108 -0.184718 0.3437 -0.183535 0.286662 -0.182878 0.231968 -0.182592 0.176307 -0.182843 0.123058 -0.183228 0.0687649 
