4.129 -0.115902 -0.036721 -0.0574105 -0.0372673 -0.00424513 -0.0368715 0.0479543 -0.0373578 0.102197 -0.0387547 0.156724 -0.0395673 0.212195 -0.0407434 
4.07 -0.174113 -0.0901383 -0.114473 -0.089731 -0.0606611 -0.0886776 -0.00836703 -0.0887822 0.045522 -0.0899357 0.0991735 -0.0908485 0.153334 -0.0922602 
1.458 -0.224106 0.187906 -0.162481 0.184394 -0.107333 0.182836 -0.0540403 0.181249 0.000535984 0.179495 0.0542822 0.179162 0.108056 0.179208 
4.051 -0.200137 -0.14698 -0.139988 -0.145699 -0.0857604 -0.144064 -0.0332797 -0.143706 0.0206072 -0.144528 0.0741506 -0.145276 0.128058 -0.146782 
4.039 -0.178222 -0.0387755 -0.118476 -0.0389332 -0.0646887 -0.0383203 -0.0123185 -0.0385065 0.0415329 -0.0396286 0.095175 -0.0402081 0.149254 -0.0411376 
4.129 -0.184386 -0.300384 -0.124755 -0.297945 -0.0706623 -0.295494 -0.0180183 -0.294923 0.0361164 -0.295951 0.0899654 -0.297271 0.1442 -0.299741 
4.238 -0.0405698 -0.0264484 0.0171944 -0.0273281 0.0703819 -0.0272797 0.123271 -0.0279922 0.178899 -0.0296723 0.235289 -0.0307759 0.293067 -0.0321142 
0.904 -0.352171 0.350212 -0.285459 0.34171 -0.226478 0.336122 -0.17022 0.33105 -0.113352 0.326257 -0.0583427 0.323244 -0.00428116 0.321102 
4 -0.2289 -0.141501 -0.168007 -0.13997 -0.113294 -0.138077 -0.0603513 -0.137433 -0.00641501 -0.137991 0.0469803 -0.138359 0.100522 -0.139529 
3.977 -0.243967 -0.146295 -0.182516 -0.144519 -0.127393 -0.14243 -0.0742648 -0.141557 -0.0201496 -0.141909 0.0332 -0.142156 0.0865504 -0.143225 
4.332 -0.0063279 -0.157252 0.0514774 -0.15835 0.105075 -0.158969 0.158577 -0.160847 0.214937 -0.164146 0.272167 -0.167155 0.330967 -0.170849 
3.994 -0.244651 -0.173004 -0.183334 -0.170894 -0.128261 -0.168517 -0.0750906 -0.167507 -0.0209342 -0.167757 0.0324707 -0.167961 0.0859382 -0.169094 
1.567 -0.324093 0.248856 -0.259414 0.243626 -0.201927 0.240655 -0.146826 0.237741 -0.0909789 0.234788 -0.0366211 0.233305 0.0169729 0.232586 
0.93 -0.287111 0.346103 -0.222725 0.338935 -0.165429 0.334584 -0.110496 0.330665 -0.0545825 0.326955 -9.62702e-05 0.3251 0.053851 0.324122 
4.09 -0.185755 -0.168895 -0.125934 -0.16758 -0.071996 -0.165946 -0.0196071 -0.165694 0.0343367 -0.166789 0.0880663 -0.167763 0.14204 -0.169605 
0.86 -0.0255034 0.391303 0.0335356 0.388836 0.0878262 0.388896 0.14146 0.389496 0.197677 0.390281 0.254241 0.393203 0.311837 0.397139 
4.094 -0.159732 -0.0969867 -0.100578 -0.0966828 -0.0470063 -0.0957467 0.00519061 -0.0958864 0.059136 -0.0971226 0.11296 -0.0980831 0.167477 -0.0995686 
4.285 -0.0542665 -0.163416 0.00354398 -0.163909 0.0568344 -0.163961 0.109693 -0.165297 0.164959 -0.168092 0.220916 -0.170652 0.278021 -0.17389 
3.375 -0.258348 0.0755924 -0.19597 0.0738655 -0.140349 0.0734872 -0.086931 0.072654 -0.0324813 0.0713908 0.0209422 0.071027 0.0742265 0.0707837 
4.207 -0.0645391 -0.036721 -0.0067428 -0.0374405 0.0463829 -0.0372738 0.0989603 -0.0379057 0.154119 -0.0395508 0.209973 -0.0405748 0.267093 -0.0419596 
4.102 -0.129599 -0.0360362 -0.0710194 -0.0364312 -0.0178322 -0.0360307 0.0343674 -0.0363922 0.0885825 -0.037706 0.142968 -0.0384429 0.198238 -0.0395109 
3.309 -0.299438 0.152979 -0.235488 0.149521 -0.17848 0.14785 -0.123993 0.14603 -0.0688416 0.143896 -0.0150229 0.143033 0.0382751 0.142484 
0.864 -0.0843994 0.378291 -0.0248124 0.374565 0.029359 0.373363 0.082663 0.372708 0.138103 0.372313 0.193566 0.373892 0.249651 0.37645 
0.808 -0.311081 0.396781 -0.24556 0.387774 -0.187612 0.38193 -0.13207 0.376814 -0.075772 0.372028 -0.0210721 0.369253 0.0330588 0.367391 
1.066 -0.332311 0.303643 -0.266588 0.296793 -0.208344 0.292522 -0.152751 0.288572 -0.0964364 0.284705 -0.0417612 0.282517 0.012132 0.281156 
4.199 -0.102205 -0.141501 -0.0439187 -0.141456 0.00916563 -0.140852 0.0615576 -0.141616 0.116068 -0.14358 0.170974 -0.14541 0.226877 -0.147887 
1.392 0.00736885 0.226942 0.0658586 0.225894 0.119936 0.226777 0.173931 0.227728 0.23071 0.228428 0.288287 0.230703 0.34729 0.233425 
4.027 -0.217258 -0.167525 -0.156678 -0.165844 -0.102144 -0.163831 -0.049444 -0.163137 0.00449127 -0.163827 0.0579722 -0.16436 0.111686 -0.165777 
4.16 -0.162471 -0.293535 -0.10318 -0.291587 -0.049348 -0.289636 0.00321494 -0.289423 0.0573526 -0.290931 0.111394 -0.292644 0.165892 -0.295517 
0.829 -0.16795 0.533064 -0.106577 0.525147 -0.0512322 0.520665 0.00271293 0.517077 0.0582306 0.514131 0.113103 0.513607 0.168077 0.51442 
4.227 -0.0802904 -0.142186 -0.02218 -0.142388 0.0310024 -0.142095 0.0834985 -0.143119 0.138335 -0.145419 0.193517 -0.147472 0.249929 -0.150196 
4.09 -0.172743 -0.142871 -0.113062 -0.141916 -0.0594318 -0.14057 -0.00707113 -0.140498 0.0468649 -0.141737 0.100636 -0.142778 0.154915 -0.144547 
4.105 -0.200137 -0.299699 -0.140102 -0.29703 -0.0858273 -0.294413 -0.0330519 -0.293548 0.0210588 -0.294385 0.0748346 -0.29547 0.12884 -0.297736 
3.443 0.10941 0.0680592 0.168782 0.0677291 0.224414 0.0681929 0.280806 0.068387 0.340682 0.0679093 0.402102 0.0682693 0.465793 0.0690104 
4.32 -0.0309821 -0.162731 0.0267243 -0.163638 0.0801845 -0.163911 0.133327 -0.16556 0.189195 -0.168643 0.245648 -0.171451 0.303513 -0.174967 
3.969 0.131324 0.0105328 0.19123 0.00942696 0.247709 0.00939457 0.304934 0.00873109 0.365987 0.00716793 0.42891 0.00639456 0.494449 0.00551711 
4.125 -0.159047 -0.167525 -0.0997955 -0.166529 -0.04624 -0.165222 0.00610514 -0.165259 0.0601722 -0.166656 0.114111 -0.167963 0.168679 -0.170089 
4.125 -0.14672 -0.138762 -0.0877505 -0.138189 -0.0342809 -0.137137 0.0179262 -0.137325 0.0719769 -0.138811 0.126036 -0.140151 0.180881 -0.142186 
1.886 -0.263827 0.194754 -0.201198 0.190964 -0.145213 0.189181 -0.0914669 0.187208 -0.0365832 0.185349 0.0171283 0.184636 0.0706964 0.184509 
3.424 0.0820162 0.0680592 0.14072 0.0673877 0.195839 0.0679442 0.251379 0.0681482 0.310369 0.0675353 0.370541 0.0679057 0.432848 0.0684428 
4.062 -0.181646 -0.108629 -0.121837 -0.10789 -0.0680016 -0.106735 -0.0155976 -0.106718 0.0382915 -0.107869 0.0919039 -0.108788 0.145925 -0.110245 
1.359 -0.00769758 0.228996 0.0507775 0.227824 0.104651 0.228491 0.158385 0.229293 0.214822 0.229902 0.272072 0.232086 0.330557 0.234799 
1.465 -0.225476 0.137913 -0.16403 0.13523 -0.108954 0.13412 -0.0557063 0.132861 -0.00132262 0.131407 0.0522587 0.131013 0.105847 0.130945 
4.02 -0.23027 -0.175743 -0.169258 -0.173635 -0.114525 -0.171393 -0.0616033 -0.170485 -0.00754793 -0.170869 0.0459517 -0.171271 0.0994626 -0.172545 
1.712 0.0135324 0.0701137 0.0714617 0.0694997 0.125158 0.0698051 0.178984 0.069803 0.235789 0.0691548 0.293575 0.0695286 0.352881 0.069805 
1.435 -0.2515 0.285153 -0.188964 0.279968 -0.133021 0.277075 -0.0791263 0.274371 -0.0240164 0.271743 0.0299494 0.270795 0.0837656 0.270513 
4.109 -0.151513 -0.109999 -0.0925188 -0.109674 -0.0390539 -0.108752 0.0131417 -0.108927 0.0671433 -0.110258 0.121156 -0.111409 0.175839 -0.113067 
4.211 -0.0665936 -0.0586358 -0.00881169 -0.0592923 0.0442764 -0.0591484 0.0968529 -0.0598755 0.151998 -0.0616921 0.20776 -0.0630026 0.264772 -0.0646736 
0.788 -0.299438 0.435132 -0.234364 0.425656 -0.176523 0.419329 -0.121154 0.413973 -0.0647755 0.408869 -0.0100274 0.406051 0.0441564 0.404323 
1.712 -0.316559 0.224202 -0.251933 0.219511 -0.194574 0.216908 -0.139645 0.214314 -0.0839854 0.211622 -0.0298725 0.210414 0.0236025 0.209779 
1.169 -0.322723 0.278989 -0.257835 0.272969 -0.200314 0.269404 -0.145087 0.266008 -0.0891554 0.2627 -0.0347254 0.260911 0.0189604 0.259878 
0.947 -0.366553 0.333776 -0.299182 0.325564 -0.23968 0.320213 -0.183052 0.315301 -0.125883 0.310566 -0.0705886 0.307655 -0.0163413 0.305532 
0.854 -0.069333 0.3824 -0.00982678 0.3789 0.0443788 0.377907 0.0977336 0.377497 0.15344 0.377358 0.209121 0.37926 0.265612 0.382076 
4.227 -0.0720723 -0.105205 -0.0142483 -0.105537 0.0388829 -0.105432 0.0914294 -0.106311 0.146531 -0.108355 0.202127 -0.110267 0.259037 -0.112463 
4.066 -0.187125 -0.142186 -0.127159 -0.141083 -0.0731807 -0.139587 -0.0207937 -0.139356 0.0330942 -0.140394 0.0867168 -0.141296 0.140694 -0.142911 
4.246 -0.0672785 -0.136022 -0.00935408 -0.136384 0.043784 -0.13624 0.0963665 -0.137269 0.15138 -0.139684 0.207016 -0.141839 0.263764 -0.144595 
1.653 0.0854404 0.12764 0.14432 0.127268 0.199516 0.128366 0.255163 0.12927 0.314174 0.129471 0.374562 0.131027 0.437015 0.132852 
1.396 -0.0576907 0.0797014 0.000400304 0.0785343 0.0536679 0.0786573 0.106417 0.0784435 0.16174 0.0776353 0.217628 0.0778594 0.274688 0.0780716 
1.379 0.00325983 0.255705 0.0617866 0.254607 0.115961 0.255554 0.169885 0.256609 0.226697 0.257533 0.28418 0.260075 0.343087 0.263284 
4.246 -0.0830297 -0.16958 -0.0248752 -0.169598 0.0282316 -0.169278 0.0807503 -0.170285 0.135558 -0.172728 0.190747 -0.175025 0.247056 -0.178077 
0.958 -0.324777 0.337885 -0.25926 0.330311 -0.20112 0.325491 -0.145571 0.321178 -0.0892944 0.317052 -0.0345564 0.314688 0.0193625 0.313207 
0.881 -0.159732 0.522107 -0.0984952 0.514492 -0.0433077 0.510472 0.0104759 0.50728 0.0659877 0.504608 0.120826 0.504406 0.17577 0.505477 
1.372 -0.00495822 0.215299 0.0533399 0.214143 0.107343 0.214962 0.161032 0.215608 0.217642 0.216276 0.274788 0.2181 0.333409 0.220551 
3.98 -0.2289 -0.0867141 -0.167863 -0.0859497 -0.113072 -0.0845829 -0.0602759 -0.084328 -0.00630403 -0.0850689 0.0469707 -0.0854898 0.100423 -0.0864111 
1.188 -0.302178 0.267347 -0.238109 0.261942 -0.180994 0.258593 -0.126217 0.255566 -0.0704859 0.25248 -0.0162436 0.251023 0.0374023 0.250365 
3.93 -0.279578 -0.16958 -0.217191 -0.167188 -0.1613 -0.164472 -0.107556 -0.163138 -0.0531063 -0.163058 0.000361807 -0.162973 0.0535921 -0.1637 
4.141 -0.129599 -0.107259 -0.0710213 -0.107063 -0.017792 -0.106357 0.0344475 -0.106677 0.0886448 -0.108197 0.143065 -0.109489 0.198341 -0.11138 
1.662 0.0813313 0.105725 0.140127 0.105305 0.195265 0.106065 0.250864 0.106774 0.30984 0.106755 0.370137 0.10783 0.432512 0.109051 
3.969 -0.262457 -0.174373 -0.200633 -0.172093 -0.145151 -0.169531 -0.0918109 -0.168324 -0.0374697 -0.168385 0.0159481 -0.168428 0.0692336 -0.169323 
0.827 -0.429558 0.362539 -0.359261 0.352433 -0.297652 0.345398 -0.239188 0.338995 -0.180589 0.332873 -0.124313 0.328661 -0.069466 0.325305 
0.868 -0.401479 0.350897 -0.332529 0.341657 -0.271987 0.335363 -0.21432 0.329703 -0.156445 0.324297 -0.100652 0.320587 -0.0460325 0.317848 
0.861 -0.136447 0.528955 -0.0756525 0.522066 -0.0206582 0.518484 0.0329766 0.515849 0.0884937 0.513732 0.143427 0.514058 0.198626 0.515741 
4.109 -0.157677 -0.12712 -0.0985547 -0.126468 -0.0449886 -0.125383 0.00729646 -0.125446 0.0612528 -0.1268 0.115187 -0.127958 0.169764 -0.129733 
0.854 -0.451472 0.355006 -0.380136 0.344869 -0.317631 0.337782 -0.258528 0.331338 -0.199418 0.325101 -0.142603 0.320765 -0.0874761 0.317235 
4.258 -0.0255034 -0.0339816 0.0322069 -0.0348955 0.0854668 -0.0349069 0.138583 -0.0357081 0.19462 -0.0375175 0.251464 -0.0386991 0.309818 -0.0402071 
1.018 -0.435036 0.322819 -0.365321 0.314347 -0.304005 0.308571 -0.245866 0.303311 -0.187451 0.298147 -0.131286 0.294705 -0.0765262 0.292001 
3.932 0.10941 0.00847829 0.168765 0.00738591 0.224701 0.00733751 0.281228 0.00672185 0.341471 0.00514134 0.403308 0.0043706 0.4675 0.00342732 
4.223 -0.103575 -0.183961 -0.0452289 -0.183712 0.0080065 -0.183085 0.060412 -0.183844 0.114917 -0.186138 0.16974 -0.188241 0.225454 -0.19112 
1.124 -0.335735 0.288577 -0.27028 0.282148 -0.212227 0.278206 -0.156623 0.274525 -0.100313 0.270918 -0.0457308 0.268923 0.00809269 0.267689 
3.875 -0.241227 0.013957 -0.179824 0.0130449 -0.124839 0.0133323 -0.0718731 0.0130597 -0.0177501 0.011989 0.0355167 0.0117701 0.0888644 0.0115103 
4.281 -0.0398849 -0.118902 0.0180353 -0.119709 0.0712285 -0.119866 0.124096 -0.121171 0.179693 -0.123734 0.236137 -0.125982 0.293717 -0.128744 
0.815 -0.452842 0.369388 -0.381511 0.358828 -0.31892 0.35134 -0.259747 0.344516 -0.200564 0.338043 -0.143721 0.333398 -0.0885546 0.329679 
4.137 -0.117272 -0.0593206 -0.0587584 -0.0596338 -0.00555591 -0.0591443 0.04662 -0.0597074 0.100848 -0.0611732 0.155336 -0.0622131 0.210721 -0.0637015 
3.992 -0.23164 -0.120956 -0.170362 -0.119709 -0.115565 -0.117974 -0.0627132 -0.117436 -0.00861177 -0.118045 0.044685 -0.118496 0.0980651 -0.119543 
1.773 0.0655801 0.0735379 0.124058 0.0728129 0.178689 0.0733692 0.233648 0.0735309 0.291937 0.0729017 0.351377 0.0733064 0.412724 0.0739204 
1.389 0.00531434 0.241323 0.0637967 0.240273 0.117971 0.241174 0.171872 0.242133 0.228771 0.24304 0.28624 0.245403 0.345077 0.248326 
1.46 -0.259718 0.268717 -0.196931 0.263527 -0.14081 0.260604 -0.0866471 0.258092 -0.0314278 0.255538 0.0226019 0.254587 0.0764 0.254376 
3.955 -0.235749 -0.0483632 -0.174402 -0.0481652 -0.119595 -0.0471951 -0.0666691 -0.0471322 -0.01261 -0.0479241 0.040686 -0.0482299 0.094015 -0.0489525 
4.297 -0.0248185 -0.116847 0.0329608 -0.117744 0.0863487 -0.118009 0.139438 -0.119405 0.195371 -0.122061 0.252249 -0.124381 0.310331 -0.127245 
0.885 -0.389152 0.342679 -0.320643 0.333769 -0.260445 0.327744 -0.20312 0.32231 -0.145387 0.317023 -0.0897498 0.313521 -0.035289 0.310936 
3.939 -0.279578 -0.183276 -0.21717 -0.180612 -0.161265 -0.17776 -0.107546 -0.176264 -0.0530151 -0.17611 0.000474623 -0.175988 0.0537137 -0.176754 
4.078 -0.157677 -0.0689084 -0.0985878 -0.0689044 -0.0450968 -0.0681534 0.00714577 -0.0683515 0.0612232 -0.0695305 0.115138 -0.0703729 0.169851 -0.071566 
4.203 -0.0919326 -0.114792 -0.0338596 -0.114949 0.0192716 -0.114621 0.0716541 -0.115332 0.126215 -0.11737 0.181333 -0.119069 0.237374 -0.121399 
1.751 0.103931 0.0927133 0.163067 0.0922629 0.218679 0.0931504 0.274808 0.0937497 0.334505 0.0936152 0.39571 0.0945083 0.458975 0.0957215 
1.536 0.0244898 0.089974 0.0825518 0.0890623 0.136507 0.0896364 0.190569 0.0896955 0.247747 0.0893064 0.305881 0.0898047 0.36559 0.0904996 
1.116 -0.310396 0.287892 -0.245982 0.281814 -0.188661 0.278187 -0.133662 0.274827 -0.0778391 0.271454 -0.0233767 0.269782 0.0303246 0.268871 
2.936 0.00257499 0.043405 0.0604419 0.0424038 0.114065 0.0427807 0.167768 0.0425313 0.224618 0.0416884 0.282369 0.0415778 0.341605 0.0413409 
4.289 -0.022764 -0.091508 0.0347571 -0.0924582 0.0882719 -0.092637 0.14147 -0.0938852 0.197468 -0.0963245 0.254177 -0.0982996 0.312618 -0.100738 
0.98 -0.343953 0.328982 -0.277723 0.321227 -0.219185 0.316283 -0.16323 0.311787 -0.106652 0.307466 -0.0517688 0.304924 0.0022648 0.303192 
1.478 0.0368169 0.244062 0.0955093 0.243589 0.149912 0.244741 0.20446 0.246176 0.261935 0.247293 0.32049 0.250208 0.380551 0.253677 
4.012 -0.217258 -0.120271 -0.157055 -0.119148 -0.102513 -0.117517 -0.0496414 -0.117095 0.00407968 -0.117804 0.0576178 -0.118318 0.111208 -0.119459 
1.593 -0.264512 0.17147 -0.201602 0.168077 -0.145378 0.166425 -0.0914983 0.164665 -0.0363941 0.162877 0.0173324 0.162253 0.0709491 0.162037 
3.771 -0.361759 -0.12438 -0.296362 -0.121969 -0.238164 -0.119228 -0.182708 -0.117599 -0.126924 -0.116918 -0.0727362 -0.116163 -0.0194908 -0.116 
4.379 0.0840707 -0.0285029 0.142825 -0.0298729 0.197968 -0.0302226 0.253747 -0.031445 0.312961 -0.033712 0.373556 -0.0351708 0.436377 -0.0369722 
4.027 -0.215888 -0.14698 -0.155296 -0.145525 -0.100698 -0.143734 -0.0479467 -0.143174 0.0059305 -0.14385 0.0594245 -0.14445 0.11305 -0.14576 
4.27 -0.0378304 -0.0921929 0.0199673 -0.0930476 0.0731967 -0.0931651 0.125996 -0.0943018 0.181736 -0.0966404 0.238056 -0.0985773 0.295757 -0.100929 
0.813 -0.182331 0.533064 -0.120677 0.524961 -0.0651525 0.520206 -0.0111846 0.51639 0.0443304 0.51323 0.0991139 0.512429 0.153873 0.513033 
0.872 -0.435036 0.346788 -0.364575 0.337176 -0.302613 0.3305 -0.243992 0.324396 -0.18525 0.318563 -0.128793 0.31448 -0.0738454 0.311316 
3.822 -0.338474 -0.155198 -0.273991 -0.152344 -0.216453 -0.149274 -0.161455 -0.147404 -0.106054 -0.146684 -0.0521292 -0.145911 0.00104602 -0.145877 
3.701 -0.378195 -0.0305575 -0.311949 -0.0301283 -0.253155 -0.028885 -0.197173 -0.0284084 -0.140923 -0.0287239 -0.0866173 -0.0285514 -0.0332639 -0.0287615 
1.359 -0.0111218 0.263238 0.0474176 0.261955 0.101587 0.262608 0.155293 0.263465 0.211838 0.264239 0.268885 0.266666 0.327394 0.269728 
3.727 -0.371346 -0.070278 -0.305454 -0.0688913 -0.246889 -0.06699 -0.191076 -0.0659509 -0.13498 -0.0657452 -0.0806932 -0.0653864 -0.0273644 -0.0653661 
1.47 0.0224353 0.109834 0.0805503 0.10905 0.134484 0.10967 0.188501 0.110072 0.245558 0.109956 0.303493 0.110937 0.362969 0.112088 
0.783 -0.31245 0.441981 -0.247079 0.432267 -0.189032 0.425812 -0.133564 0.42021 -0.0771716 0.414997 -0.0224066 0.41195 0.0317185 0.410043 
3.359 -0.277524 0.0865498 -0.214702 0.0845486 -0.1586 0.0839886 -0.104826 0.0829421 -0.0501536 0.0815509 0.00337883 0.0812587 0.0564843 0.0808689 
0.841 -0.498726 0.357746 -0.425132 0.346883 -0.360642 0.339046 -0.300037 0.331873 -0.239452 0.325048 -0.181763 0.319985 -0.125774 0.315852 
4.008 -0.205616 -0.0469936 -0.145309 -0.0468996 -0.0910979 -0.0460781 -0.0385685 -0.046105 0.0151282 -0.0470184 0.068577 -0.0474795 0.122249 -0.0483107 
3.717 -0.371346 -0.0497329 -0.305449 -0.0488393 -0.246849 -0.047262 -0.191059 -0.0465138 -0.134938 -0.0465411 -0.0807102 -0.0462268 -0.0273695 -0.0463828 
0.747 -0.0323517 0.453623 0.0269452 0.450324 0.0813005 0.449866 0.13503 0.449999 0.191218 0.450544 0.247615 0.453267 0.304947 0.457203 
1.607 0.0737981 0.179688 0.13264 0.17946 0.187745 0.180874 0.243035 0.182119 0.301712 0.182989 0.361699 0.185286 0.423515 0.187992 
1.628 0.0779071 0.162567 0.136747 0.162363 0.191824 0.163746 0.247174 0.164942 0.305926 0.165742 0.36592 0.167857 0.427868 0.170348 
1.672 0.0943432 0.192015 0.153578 0.192147 0.209054 0.193796 0.264998 0.195519 0.324191 0.196779 0.385064 0.199647 0.447865 0.20288 
4.203 -0.122065 -0.190125 -0.0634666 -0.189594 -0.0101069 -0.188748 0.0422626 -0.189318 0.0965416 -0.191402 0.151084 -0.193461 0.20633 -0.196201 
3.734 -0.35628 -0.0401452 -0.290896 -0.0396056 -0.23269 -0.0382455 -0.177187 -0.0377778 -0.121369 -0.0379559 -0.0673205 -0.0378424 -0.0140977 -0.0380231 
1.415 0.00805369 0.107095 0.0660582 0.106178 0.119827 0.1067 0.173565 0.106891 0.230427 0.106783 0.288106 0.107608 0.347168 0.108576 
3.832 -0.374771 -0.27162 -0.309203 -0.266001 -0.250883 -0.260863 -0.195317 -0.25743 -0.139362 -0.255291 -0.0848696 -0.253532 -0.0312726 -0.252805 
3.799 -0.363128 -0.175058 -0.297705 -0.171471 -0.239497 -0.167912 -0.184005 -0.165506 -0.128126 -0.164294 -0.0738539 -0.163119 -0.0204754 -0.162791 
4.141 0.123106 -0.00316395 0.182936 -0.00444714 0.239194 -0.00469765 0.296217 -0.00559098 0.356985 -0.00753514 0.419528 -0.00862409 0.484627 -0.00988354 
0.786 -0.381619 0.400205 -0.313361 0.38978 -0.25317 0.382632 -0.195905 0.376223 -0.138195 0.370089 -0.0825038 0.366104 -0.0279032 0.36314 
1.301 -0.277524 0.270086 -0.214331 0.264766 -0.157846 0.261846 -0.103563 0.259057 -0.0481996 0.256381 0.00589999 0.25522 0.0596718 0.254901 
3.744 -0.371346 -0.102465 -0.305497 -0.100714 -0.246901 -0.0981443 -0.191121 -0.0967543 -0.135053 -0.0962512 -0.0807356 -0.0955562 -0.0274158 -0.0955402 
1.696 0.08681 0.0913437 0.145707 0.0909419 0.200905 0.091631 0.256648 0.0921778 0.315746 0.0919305 0.376185 0.0928324 0.438768 0.0938679 
3.934 -0.205616 0.013957 -0.145163 0.0132257 -0.0907962 0.0135467 -0.0382724 0.0132573 0.0157376 0.0122046 0.0691078 0.0118733 0.122815 0.0114169 
3.986 -0.189864 0.00916313 -0.129901 0.00846993 -0.0760226 0.00869218 -0.0235926 0.00844878 0.0303759 0.00734056 0.0839348 0.00702243 0.137818 0.00640618 
3.818 -0.373401 -0.238063 -0.307803 -0.233347 -0.249522 -0.228724 -0.193907 -0.225718 -0.137913 -0.224023 -0.0835599 -0.22238 -0.0300279 -0.22186 
0.744 -0.0152308 0.453623 0.0439953 0.450838 0.098406 0.450936 0.152243 0.451437 0.208669 0.452502 0.265395 0.455674 0.323149 0.460016 
3.975 0.0306533 0.0132722 0.0888622 0.0122744 0.142946 0.012335 0.197188 0.0118513 0.254859 0.0104552 0.313641 0.00990749 0.373885 0.00919356 
3.797 -0.372031 -0.196973 -0.30644 -0.193111 -0.248106 -0.188964 -0.192442 -0.186376 -0.13646 -0.184915 -0.0820912 -0.18347 -0.0286267 -0.183176 
1.048 -0.351486 0.309122 -0.285026 0.301736 -0.226383 0.296961 -0.170142 0.292635 -0.113495 0.288389 -0.058541 0.285853 -0.00448309 0.284125 
3.723 -0.35491 -0.00795781 -0.28954 -0.00814545 -0.231285 -0.00719205 -0.175822 -0.0071648 -0.120055 -0.00781139 -0.0659304 -0.00781173 -0.0127804 -0.0082502 
0.852 -0.043994 0.389933 0.0151681 0.387007 0.0693346 0.386413 0.122808 0.386489 0.178843 0.386798 0.234974 0.389297 0.292154 0.392716 
1.403 -0.200137 0.272141 -0.139088 0.267847 -0.0841085 0.265814 -0.0307491 0.264058 0.0239586 0.262298 0.0782599 0.262261 0.132317 0.262872 
1.236 -0.298754 0.251596 -0.234864 0.246481 -0.177942 0.243603 -0.123259 0.240836 -0.067823 0.238048 -0.0136082 0.236779 0.039957 0.236133 
3.984 -0.224791 -0.070278 -0.163918 -0.06978 -0.109286 -0.0685788 -0.0566612 -0.068386 -0.0026675 -0.0691583 0.0506991 -0.0695392 0.104092 -0.0704502 
4.219 -0.0679633 -0.0853445 -0.0101318 -0.0857848 0.0429899 -0.0855633 0.0955384 -0.0863839 0.150631 -0.0883853 0.206359 -0.0898341 0.26329 -0.091925 
1.398 -0.272045 0.237899 -0.208949 0.233206 -0.152632 0.230621 -0.0984865 0.228159 -0.0433427 0.225632 0.0105557 0.22475 0.0641787 0.224491 
3.852 -0.340529 -0.214094 -0.276064 -0.210184 -0.218657 -0.206418 -0.163749 -0.203905 -0.108357 -0.202716 -0.0543393 -0.201677 -0.00105368 -0.20155 
1.636 0.0265443 0.0762772 0.0846176 0.0754806 0.138474 0.0759364 0.192528 0.0759653 0.2496 0.0754062 0.307777 0.0757976 0.367437 0.0761589 
4.246 -0.0494727 -0.0771264 0.00845772 -0.0778488 0.0614995 -0.0778334 0.114218 -0.0788261 0.169606 -0.0809624 0.225631 -0.0826653 0.282972 -0.0847758 
1.224 -0.0905629 0.311861 -0.031385 0.30891 0.0225923 0.308014 0.0757355 0.30765 0.13101 0.307404 0.186426 0.308907 0.242578 0.311133 
3.852 -0.348062 -0.226421 -0.28348 -0.222212 -0.225943 -0.218061 -0.170892 -0.215376 -0.115392 -0.214022 -0.0612966 -0.212822 -0.00795284 -0.212522 
3.85 -0.339844 -0.199712 -0.275535 -0.196279 -0.218115 -0.192477 -0.163239 -0.190195 -0.10781 -0.189095 -0.0538338 -0.188005 -0.00055372 -0.187982 
4.031 -0.195343 -0.0627448 -0.135371 -0.0624858 -0.0813579 -0.0615221 -0.0288711 -0.0614944 0.0248549 -0.0624575 0.0783826 -0.0629755 0.132363 -0.0640129 
3.861 -0.350116 -0.253815 -0.285506 -0.249108 -0.227928 -0.244566 -0.172902 -0.241606 -0.117406 -0.240066 -0.0632452 -0.238735 -0.00979794 -0.238463 
1.027 -0.37888 0.310492 -0.311275 0.302827 -0.251655 0.297778 -0.194791 0.293261 -0.13751 0.288805 -0.0822778 0.286032 -0.0280163 0.283985 
3.789 -0.364498 -0.158622 -0.299135 -0.155423 -0.24092 -0.152243 -0.185419 -0.150033 -0.129568 -0.148941 -0.0753448 -0.147957 -0.0219914 -0.147762 
1.226 -0.0665936 0.311177 -0.00755441 0.308605 0.0463763 0.308154 0.0996578 0.308203 0.155303 0.308288 0.210987 0.310199 0.267772 0.312848 
1.104 -0.410382 0.307068 -0.341774 0.299359 -0.281391 0.294295 -0.223983 0.289576 -0.166255 0.28499 -0.110677 0.282023 -0.0562875 0.279792 
0.906 -0.337105 0.360485 -0.2707 0.352084 -0.212024 0.34662 -0.156032 0.341642 -0.0993423 0.336959 -0.0443071 0.334175 0.00985135 0.332288 
1.48 -0.244651 0.262553 -0.182475 0.258052 -0.126866 0.255632 -0.073115 0.253435 -0.0181889 0.251269 0.0357755 0.250752 0.0896739 0.250862 
0.82 -0.150829 0.533749 -0.0898292 0.526427 -0.0346858 0.522515 0.0190673 0.519554 0.0745951 0.517123 0.129502 0.517187 0.184574 0.518553 
1.215 -0.123435 0.313231 -0.0637097 0.309515 -0.00967923 0.308128 0.0434191 0.307258 0.0984397 0.306404 0.153387 0.307393 0.208913 0.309116 
4.18 -0.112478 -0.131913 -0.0539387 -0.131791 -0.000552216 -0.131238 0.051843 -0.131794 0.106351 -0.133682 0.161118 -0.13532 0.216877 -0.137622 
3.873 0.0525681 0.0187509 0.110814 0.01773 0.165287 0.0177992 0.220216 0.0173126 0.278571 0.0159299 0.337998 0.0153704 0.399423 0.0146614 
3.738 -0.354225 -0.0243939 -0.288815 -0.0241197 -0.230568 -0.0230421 -0.175173 -0.0226868 -0.11938 -0.0230976 -0.0652797 -0.0229964 -0.0121556 -0.0232646 
4.191 -0.0652239 -0.0141214 -0.00747529 -0.0148862 0.045622 -0.0147103 0.0982552 -0.0152852 0.1534 -0.0167416 0.209261 -0.0175512 0.266336 -0.018584 
0.812 -0.409012 0.374182 -0.339539 0.364132 -0.278589 0.35727 -0.220683 0.350949 -0.162569 0.345109 -0.106523 0.341015 -0.0517313 0.337769 
3.828 -0.373401 -0.255869 -0.307827 -0.250629 -0.249529 -0.245777 -0.193979 -0.242434 -0.138009 -0.24056 -0.0835762 -0.238872 -0.0300101 -0.238192 
3.619 0.0813313 0.013957 0.14012 0.0129154 0.195324 0.0129315 0.251078 0.0122897 0.310418 0.0107876 0.3711 0.0101058 0.433917 0.00924192 
1.437 -0.222737 0.236529 -0.161194 0.232449 -0.105884 0.230524 -0.0524841 0.228609 0.00227002 0.226667 0.0561965 0.226501 0.110091 0.226698 
4.273 -0.0124914 -0.0401452 0.04524 -0.041112 0.0987095 -0.041206 0.152192 -0.0420585 0.20862 -0.0439999 0.265971 -0.0452581 0.324769 -0.0468634 
4.066 -0.150144 -0.0216546 -0.0912808 -0.0221077 -0.0378304 -0.0217102 0.0143613 -0.0219876 0.0682744 -0.0231562 0.122365 -0.0238527 0.177054 -0.0247511 
1.109 -0.220682 0.306383 -0.159099 0.301064 -0.103764 0.298133 -0.0502787 0.295587 0.00467276 0.293174 0.0587918 0.29259 0.112812 0.2927 
3.93 -0.226161 0.00710862 -0.164987 0.00651787 -0.110272 0.0068289 -0.0575145 0.00662529 -0.0034866 0.00557279 0.0498287 0.0053179 0.103275 0.00473129 
1.425 -0.201507 0.235844 -0.140474 0.231974 -0.0857324 0.230173 -0.0324695 0.228593 0.022136 0.226961 0.0762652 0.226873 0.130323 0.227376 
4.023 -0.174798 -0.0134365 -0.11504 -0.0138641 -0.0612969 -0.0134557 -0.00891556 -0.0137313 0.0449697 -0.0148281 0.0986209 -0.0152471 0.152709 -0.0160386 
1.403 -0.222052 0.287207 -0.160241 0.282158 -0.104897 0.279444 -0.0513583 0.277005 0.00355455 0.274683 0.0576835 0.274112 0.11173 0.274244 
3.822 -0.35628 -0.201082 -0.29123 -0.197406 -0.233358 -0.193454 -0.178035 -0.191 -0.122338 -0.18972 -0.06817 -0.188484 -0.0147947 -0.188347 
4.254 -0.0542665 -0.114792 0.00358185 -0.11541 0.0566289 -0.115472 0.109422 -0.116602 0.164772 -0.119023 0.220818 -0.121104 0.278055 -0.123681 
4.012 -0.168634 0.0105328 -0.109218 0.00973849 -0.0555343 0.00997579 -0.00331631 0.00966748 0.0505792 0.00858513 0.10449 0.00825529 0.158723 0.00770137 
1.367 -0.152198 0.257074 -0.0922946 0.253522 -0.0377757 0.25214 0.0150016 0.250996 0.0698697 0.249826 0.12423 0.25036 0.179264 0.251464 
3.973 -0.220682 -0.0319271 -0.159868 -0.0319999 -0.105282 -0.0311752 -0.0526253 -0.0312492 0.00136001 -0.0321263 0.0546753 -0.032474 0.10821 -0.0332138 
3.445 -0.211094 0.035187 -0.150715 0.0342249 -0.0963785 0.0344442 -0.0437749 0.0338689 0.0101744 0.0327888 0.0636463 0.0324912 0.117286 0.0322018 
0.93 -0.31382 0.346788 -0.248611 0.339168 -0.190791 0.334432 -0.13542 0.330167 -0.0792874 0.326089 -0.0246415 0.323852 0.0292313 0.322457 
4.277 -0.0241337 -0.0689084 0.0334784 -0.0698583 0.0869057 -0.0699829 0.139922 -0.0710609 0.19602 -0.0732915 0.252782 -0.0749582 0.311151 -0.0770714 
4.184 -0.0843994 -0.0675387 -0.02644 -0.068037 0.026636 -0.0677616 0.0790217 -0.0684566 0.133742 -0.0701995 0.189021 -0.0715161 0.245345 -0.0731731 
4.27 -0.0761813 -0.18944 -0.0181005 -0.189493 0.0350759 -0.189235 0.0876602 -0.190342 0.14257 -0.193003 0.197943 -0.195574 0.254503 -0.198806 
4.309 -0.018655 -0.129174 0.0391254 -0.130158 0.0925078 -0.130498 0.145837 -0.132039 0.201822 -0.134906 0.258713 -0.137452 0.317146 -0.140565 
3.865 -0.343268 -0.240118 -0.27883 -0.235722 -0.221312 -0.231448 -0.166337 -0.228649 -0.110813 -0.227219 -0.0567696 -0.225948 -0.00339924 -0.225753 
4.309 -0.0111218 -0.106574 0.0463972 -0.107623 0.100077 -0.107978 0.153481 -0.10945 0.209535 -0.112187 0.266819 -0.114494 0.325351 -0.117316 
3.686 -0.37614 -0.00384879 -0.309892 -0.00405565 -0.251132 -0.00320968 -0.195176 -0.00319208 -0.13894 -0.00371917 -0.0846232 -0.00368251 -0.0312985 -0.00424446 
4.363 0.0327078 -0.10589 0.0907198 -0.107464 0.144838 -0.108279 0.199259 -0.110185 0.256717 -0.113366 0.315301 -0.116009 0.375664 -0.119341 
1.403 0.010793 0.272141 0.0695051 0.271188 0.123658 0.271968 0.177825 0.273149 0.234734 0.274263 0.292562 0.277107 0.351728 0.280626 
0.794 -0.352856 0.394042 -0.285811 0.38439 -0.226555 0.377881 -0.170021 0.372011 -0.112874 0.366618 -0.0576051 0.363089 -0.00334164 0.360596 
4.012 -0.191234 -0.0312423 -0.1314 -0.031386 -0.0773775 -0.0307333 -0.0248704 -0.0308631 0.0287102 -0.0318249 0.0822293 -0.032305 0.13597 -0.0331111 
4.211 0.0950281 0.00984797 0.1543 0.00871333 0.209773 0.00867374 0.265909 0.00801628 0.325681 0.00644196 0.386894 0.00568155 0.450579 0.00469087 
4.223 0.00873853 0.0119025 0.0665807 0.0109366 0.120345 0.0110018 0.174186 0.0105462 0.23121 0.00911753 0.289177 0.00854111 0.348738 0.00785536 
0.739 -0.487769 0.438556 -0.415571 0.42556 -0.351955 0.415942 -0.291534 0.407132 -0.23138 0.398773 -0.173669 0.392466 -0.11779 0.387337 
3.887 0.0669497 0.0125873 0.125515 0.0115527 0.18033 0.0115899 0.235675 0.0110299 0.294317 0.00956795 0.354116 0.00889415 0.416053 0.00812024 
1.455 -0.226846 0.254335 -0.165219 0.250006 -0.10973 0.24782 -0.0562532 0.245829 -0.00142778 0.243795 0.052406 0.243416 0.106427 0.243677 
1.413 -0.258348 0.237899 -0.19579 0.233449 -0.139903 0.231147 -0.0858594 0.228851 -0.0308608 0.22664 0.0229383 0.226061 0.0765985 0.225975 
0.805 -0.325462 0.389933 -0.259568 0.380842 -0.201131 0.374965 -0.145157 0.369677 -0.0885891 0.364711 -0.033647 0.361645 0.0204882 0.359626 
4.121 -0.130968 -0.0764416 -0.0723985 -0.0764872 -0.0191366 -0.0758639 0.0330525 -0.0762398 0.0871926 -0.0776526 0.141555 -0.0787345 0.196812 -0.0802941 
4.156 -0.0891933 -0.0223394 -0.0310904 -0.0231493 0.0219606 -0.0229831 0.074371 -0.0233293 0.128964 -0.0247541 0.1842 -0.0254923 0.240477 -0.026572 
4.383 0.0580468 -0.0654842 0.116367 -0.0669359 0.171011 -0.0674747 0.226008 -0.0691226 0.284353 -0.0718129 0.343965 -0.0738619 0.405512 -0.0763014 
0.729 -0.226846 0.525531 -0.16409 0.516315 -0.107827 0.510615 -0.0532609 0.505655 0.00252567 0.501494 0.0572022 0.499674 0.111646 0.499113 
4.07 -0.183701 -0.12712 -0.123866 -0.126223 -0.0699669 -0.124942 -0.0174836 -0.124821 0.0364405 -0.125958 0.0900848 -0.126852 0.144122 -0.128402 
1.424 -0.27136 0.257074 -0.208318 0.252018 -0.151988 0.249221 -0.0978228 0.24658 -0.0426156 0.244007 0.0113644 0.242902 0.0650539 0.242527 
4.355 0.0190111 -0.141501 0.0770299 -0.143046 0.130957 -0.143855 0.185059 -0.145972 0.242123 -0.149385 0.300259 -0.152518 0.36011 -0.156356 
4.156 -0.105629 -0.0675387 -0.0473578 -0.0679233 0.00574119 -0.0674735 0.0579753 -0.0680558 0.112452 -0.0695202 0.167243 -0.0707304 0.223064 -0.0722279 
4.395 0.0772223 -0.0483632 0.13584 -0.0499354 0.190955 -0.050495 0.246479 -0.0519184 0.305579 -0.0543179 0.365896 -0.0560803 0.428408 -0.0582664 
3.869 -0.348747 -0.27162 -0.284108 -0.266333 -0.226443 -0.261643 -0.17137 -0.258406 -0.115834 -0.25663 -0.0616477 -0.255156 -0.00819407 -0.254919 
0.778 -0.403534 0.405684 -0.334314 0.394638 -0.273339 0.38709 -0.215471 0.380199 -0.157337 0.373761 -0.101374 0.369285 -0.0465915 0.365874 
0.935 -0.401479 0.331722 -0.332386 0.322928 -0.271866 0.317025 -0.21448 0.311729 -0.156602 0.306567 -0.100716 0.303075 -0.0462694 0.30046 
0.796 -0.394631 0.389933 -0.325862 0.379594 -0.26512 0.372432 -0.207635 0.366056 -0.149604 0.359965 -0.0939373 0.355916 -0.0391854 0.352636 
4.23 -0.00495822 0.0255992 0.0528128 0.024671 0.106399 0.0250212 0.160074 0.0246705 0.216733 0.0235614 0.274379 0.0232597 0.333614 0.0227681 
1.474 0.0402411 0.309807 0.0991394 0.309353 0.153768 0.31088 0.20836 0.312732 0.265927 0.314494 0.324425 0.318193 0.384414 0.322648 
4.246 -0.0398849 -0.0415149 0.0178656 -0.042455 0.0710201 -0.0424153 0.123906 -0.0432303 0.179558 -0.044966 0.235914 -0.0461449 0.293692 -0.0475975 
4.094 -0.150829 -0.08329 -0.0917596 -0.083123 -0.0382941 -0.0823654 0.0139366 -0.0825825 0.067924 -0.0839128 0.121879 -0.0848949 0.17651 -0.0863818 
4.352 0.0217504 -0.114108 0.0796631 -0.115578 0.133595 -0.116312 0.187726 -0.118054 0.244856 -0.121116 0.303002 -0.123745 0.36288 -0.126944 
4.27 -0.022764 -0.0545268 0.0349825 -0.0554427 0.0884032 -0.0555511 0.141644 -0.0565987 0.197823 -0.0587103 0.254859 -0.0602728 0.313293 -0.06221 
0.786 -0.463799 0.385824 -0.392201 0.374839 -0.329251 0.36699 -0.269717 0.359763 -0.21011 0.352989 -0.153163 0.348054 -0.0978492 0.344113 
0.829 -0.0166005 0.402945 0.0424568 0.400796 0.0967506 0.400505 0.150545 0.401101 0.206965 0.402049 0.263723 0.405118 0.3217 0.409339 
1.451 0.0258595 0.215299 0.0843373 0.214674 0.138701 0.215493 0.192979 0.216669 0.250313 0.217579 0.3084 0.219796 0.368249 0.222705 
4.363 0.0601014 -0.0476784 0.118486 -0.0490283 0.173141 -0.0494832 0.228192 -0.0507765 0.286652 -0.0531337 0.346387 -0.0548613 0.40807 -0.0568262 
4.258 -0.0193398 -0.0209697 0.0382913 -0.0218715 0.0916649 -0.0218669 0.144897 -0.022605 0.201112 -0.0242994 0.258184 -0.0253275 0.316829 -0.0266506 
4.164 -0.104945 -0.0853445 -0.0467091 -0.085556 0.00643815 -0.0851384 0.0586458 -0.0856704 0.113113 -0.0874185 0.167923 -0.0887324 0.223773 -0.0905311 
1.438 -0.216573 0.199548 -0.155106 0.195856 -0.1 0.194145 -0.0467309 0.192531 0.0078248 0.190882 0.0615974 0.190743 0.115448 0.191037 
3.648 -0.369292 0.013957 -0.30333 0.0134616 -0.244833 0.0138101 -0.189019 0.0136532 -0.132892 0.0128016 -0.0787342 0.0125494 -0.02549 0.0122564 
0.783 -0.367237 0.40363 -0.299521 0.393342 -0.240008 0.386297 -0.183042 0.380026 -0.12582 0.374177 -0.0703514 0.370319 -0.0160121 0.367541 
0.769 -0.302863 0.454992 -0.237776 0.44504 -0.179822 0.438418 -0.124271 0.432819 -0.0679218 0.427576 -0.0132153 0.424447 0.0409806 0.422528 
1.678 0.0470894 0.0776469 0.10539 0.0768298 0.159793 0.077412 0.214335 0.0774755 0.272284 0.076933 0.330987 0.0773832 0.391611 0.0777883 
0.759 -0.432297 0.418011 -0.361756 0.406167 -0.299608 0.397701 -0.240854 0.390041 -0.181879 0.382862 -0.125237 0.377752 -0.0701458 0.373692 
1.603 0.0758526 0.200233 0.134792 0.200123 0.189912 0.201598 0.245206 0.202922 0.303866 0.203967 0.363746 0.206653 0.425599 0.209529 
0.749 -0.509684 0.42212 -0.435485 0.408836 -0.370411 0.399078 -0.308977 0.390142 -0.247766 0.381586 -0.189423 0.37522 -0.133061 0.36982 
0.814 -0.469278 0.366648 -0.397081 0.355931 -0.333863 0.34827 -0.274095 0.341383 -0.214374 0.334751 -0.157211 0.329981 -0.101643 0.32609 
4.266 -0.052212 -0.129859 0.00499015 -0.130385 0.0584078 -0.130402 0.111173 -0.131599 0.166475 -0.134155 0.222543 -0.136423 0.279845 -0.139228 
0.825 -0.0419395 0.407054 0.0173149 0.403897 0.0714956 0.403458 0.125052 0.403525 0.18107 0.403927 0.237266 0.40644 0.294516 0.409919 
0.832 -0.0878236 0.394727 -0.0281389 0.390731 0.0262063 0.389354 0.0796949 0.388519 0.135034 0.388017 0.190552 0.389513 0.246639 0.392024 
3.781 -0.363128 -0.142186 -0.297726 -0.13917 -0.239538 -0.13624 -0.184079 -0.134359 -0.128223 -0.133478 -0.0740611 -0.13266 -0.0207684 -0.132471 
4.238 -0.0672785 -0.120956 -0.00938568 -0.121313 0.0437297 -0.121158 0.0963368 -0.12212 0.151382 -0.12439 0.20708 -0.126342 0.26392 -0.128894 
1.434 0.0224353 0.234475 0.0810655 0.233815 0.135318 0.234986 0.189712 0.236202 0.247124 0.237131 0.305247 0.239664 0.365112 0.243125 
3.455 0.0840707 0.035187 0.142874 0.0341731 0.198298 0.0343461 0.254125 0.0341698 0.31359 0.0329941 0.37442 0.0328685 0.437279 0.0328125 
4.184 -0.0912478 -0.0853445 -0.0331269 -0.0856299 0.0199292 -0.0853146 0.0722608 -0.0859382 0.126908 -0.0878183 0.182084 -0.089218 0.238275 -0.0911699 
0.757 -0.505575 0.407739 -0.432227 0.394979 -0.367561 0.385676 -0.306508 0.377198 -0.245684 0.369 -0.187608 0.362944 -0.131357 0.357867 
4.23 -0.106314 -0.240118 -0.0478711 -0.239585 0.00547109 -0.238777 0.0577697 -0.239609 0.112375 -0.242094 0.167177 -0.244597 0.222893 -0.248044 
4.082 -0.149459 -0.0558965 -0.0905718 -0.0560335 -0.0371611 -0.0554468 0.0150041 -0.0557035 0.0690557 -0.0569415 0.123029 -0.0576883 0.177834 -0.0588039 
1.557 -0.289851 0.216669 -0.226478 0.212451 -0.16931 0.210134 -0.114726 0.207943 -0.0593455 0.205546 -0.00496123 0.204581 0.0483984 0.204326 
3.24 0.0457198 0.0386111 0.104002 0.0376383 0.158384 0.0380219 0.213299 0.0377612 0.271183 0.0368512 0.330481 0.0367242 0.391727 0.036624 
3.332 0.0601014 0.0365566 0.118539 0.0356791 0.173215 0.0358936 0.22823 0.0356754 0.286716 0.0346892 0.346348 0.034543 0.407991 0.0344882 
1.319 -0.0631694 0.194069 -0.00463758 0.192268 0.0488815 0.192215 0.101926 0.192248 0.157468 0.191998 0.213168 0.193309 0.270028 0.194941 
4.254 -0.0371456 -0.0552116 0.0206191 -0.0560737 0.0738371 -0.0561424 0.12679 -0.0570782 0.18244 -0.0590066 0.238901 -0.060416 0.296727 -0.0621634 
1.318 -0.0659088 0.208451 -0.00735369 0.206536 0.0461851 0.206522 0.0991885 0.206431 0.154541 0.206396 0.210155 0.207719 0.266732 0.209396 
3.938 -0.291905 -0.220257 -0.229223 -0.216907 -0.17299 -0.213303 -0.119072 -0.211352 -0.064377 -0.210803 -0.0107539 -0.210218 0.0425313 -0.210719 
1.44 -0.237118 0.207766 -0.175309 0.204074 -0.119985 0.202274 -0.0664325 0.200471 -0.0116538 0.198566 0.0416849 0.198347 0.0952606 0.198484 
3.82 -0.331626 -0.135338 -0.267374 -0.132926 -0.210009 -0.130168 -0.155206 -0.128652 -0.0999212 -0.128048 -0.0460821 -0.12742 0.0070195 -0.127465 
3.701 -0.350116 0.0160115 -0.284894 0.0154281 -0.226804 0.015748 -0.171648 0.0155703 -0.11618 0.0146607 -0.0619221 0.0144043 -0.00900021 0.0140883 
