1.144 0.249801 0.463211 0.242857 0.39639 0.237731 0.338095 0.233386 0.28258 0.229602 0.22595 0.226854 0.171878 0.22508 0.116926 
1.164 0.242953 0.44609 0.236397 0.379954 0.231526 0.322194 0.227445 0.267006 0.223886 0.210717 0.221346 0.156879 0.219811 0.102075 
3.236 0.0984523 0.438556 0.0945609 0.372377 0.0915443 0.314726 0.0888227 0.259575 0.0862924 0.203443 0.0842775 0.150013 0.082946 0.0956174 
1.065 0.255965 0.431708 0.249447 0.366169 0.244685 0.308917 0.240675 0.254128 0.237293 0.198234 0.234938 0.14451 0.233644 0.0898863 
1.719 0.0943432 0.00642378 0.0933925 -0.0519998 0.093226 -0.106079 0.0932716 -0.160202 0.0937309 -0.218352 0.094602 -0.276964 0.0961121 -0.339565 
1.452 0.356636 -0.00453363 0.3573 -0.0637932 0.359572 -0.118479 0.362696 -0.173101 0.367342 -0.231612 0.373117 -0.290491 0.380727 -0.353302 
1.015 0.271031 0.3824 0.265095 0.318749 0.26086 0.262731 0.25743 0.20892 0.254698 0.15374 0.253006 0.100481 0.252525 0.0458778 
0.733 0.471689 0.415272 0.463561 0.35134 0.457859 0.294997 0.453389 0.240801 0.450024 0.185092 0.448277 0.131427 0.448183 0.0765034 
1.627 0.250486 0.384454 0.244686 0.320317 0.240585 0.264021 0.237229 0.209953 0.234514 0.154568 0.232854 0.101231 0.232111 0.0466771 
2.99 0.199808 0.433078 0.19363 0.366943 0.188862 0.309182 0.184774 0.254011 0.1811 0.197847 0.178284 0.144195 0.176446 0.0895158 
0.733 0.473058 0.396781 0.46529 0.333299 0.460057 0.27733 0.45604 0.223346 0.453131 0.167853 0.451933 0.114294 0.452422 0.0593768 
1.119 0.250486 0.411163 0.244248 0.346249 0.239852 0.2896 0.236082 0.235173 0.232998 0.179656 0.230896 0.126164 0.229739 0.0716332 
0.889 0.31897 0.286522 0.314495 0.225639 0.311751 0.171516 0.309855 0.118994 0.308994 0.0643928 0.309288 0.0111279 0.311006 -0.0440561 
0.869 0.330612 0.309122 0.325579 0.247757 0.322493 0.193387 0.320226 0.140547 0.318984 0.0858959 0.318979 0.0326554 0.320367 -0.0224674 
4.047 -0.162471 0.255705 -0.16231 0.195187 -0.162783 0.141544 -0.163642 0.089602 -0.165073 0.0358141 -0.166804 -0.0166764 -0.16893 -0.0712074 
0.735 0.462786 0.428969 0.454479 0.364624 0.448705 0.308045 0.443955 0.253495 0.440403 0.197697 0.438467 0.143931 0.438162 0.088969 
4.34 -0.213149 0.0769621 -0.214751 0.0189601 -0.217154 -0.0339087 -0.219943 -0.0863959 -0.223687 -0.142159 -0.227894 -0.197845 -0.232468 -0.256799 
4.031 0.00873853 0.043405 0.00723384 -0.0144884 0.0060368 -0.067775 0.00491892 -0.120987 0.00386684 -0.177899 0.00301576 -0.235259 0.00249545 -0.296352 
3.961 0.0183263 -0.0504178 0.0170328 -0.109416 0.0160495 -0.164407 0.0151532 -0.219922 0.0144035 -0.279564 0.0137206 -0.339842 0.0135466 -0.404525 
4.055 -0.14672 0.247487 -0.146797 0.18723 -0.147358 0.133667 -0.148304 0.0818681 -0.149769 0.0280787 -0.151614 -0.0243938 -0.153583 -0.0790318 
4.082 -0.14535 0.224202 -0.145676 0.164455 -0.146469 0.111388 -0.147606 0.0597626 -0.149236 0.00597051 -0.151212 -0.0466963 -0.153322 -0.101716 
4.203 -0.0912478 0.135173 -0.0925378 0.0771219 -0.0940132 0.0246731 -0.0956342 -0.0269917 -0.0976048 -0.0814512 -0.0997556 -0.135617 -0.101887 -0.192912 
4.184 -0.191919 0.172154 -0.192384 0.113487 -0.193569 0.0607401 -0.195191 0.00913161 -0.197574 -0.0450525 -0.200488 -0.0985788 -0.203633 -0.154831 
3.18 0.162827 0.407054 0.157762 0.342083 0.153885 0.285219 0.150467 0.230662 0.14748 0.175042 0.145184 0.121646 0.143878 0.0672507 
4.125 -0.192604 0.211875 -0.192576 0.152429 -0.19329 0.0993771 -0.194446 0.0476571 -0.196332 -0.00617876 -0.198751 -0.0591739 -0.201485 -0.114496 
1.497 0.0854404 0.370757 0.0820905 0.307062 0.079433 0.251216 0.0771048 0.197574 0.0750369 0.142751 0.0734155 0.0901518 0.0724426 0.0360027 
3.498 0.023805 0.282413 0.0215364 0.221099 0.0199058 0.167016 0.0183248 0.114823 0.0168203 0.0609732 0.0156861 0.00865243 0.014957 -0.0455485 
1.344 0.176524 0.143391 0.174343 0.0848393 0.173292 0.0319592 0.172873 -0.0201319 0.173116 -0.0750954 0.174181 -0.129706 0.176237 -0.187304 
0.737 0.456622 0.44472 0.44822 0.379756 0.441958 0.322718 0.436891 0.267943 0.432991 0.212007 0.430617 0.158146 0.429757 0.103277 
4.105 -0.0864539 0.196809 -0.0875386 0.137804 -0.0886985 0.0850808 -0.0900366 0.0336216 -0.0916798 -0.0201749 -0.0934921 -0.0731928 -0.0952296 -0.128777 
0.91 0.309382 0.305698 0.304497 0.244408 0.301437 0.189949 0.299184 0.137238 0.297897 0.0826851 0.297749 0.0295475 0.298926 -0.0254022 
4.137 -0.221367 0.21256 -0.221122 0.153083 -0.221777 0.0999271 -0.222951 0.0481904 -0.224883 -0.00572703 -0.227461 -0.0587353 -0.23044 -0.114094 
0.731 0.496343 0.434447 0.487615 0.370171 0.481348 0.313378 0.476259 0.258781 0.472469 0.202824 0.470355 0.149056 0.469884 0.0939525 
1.61 0.0916039 -0.0264484 0.0910004 -0.0852335 0.0909955 -0.139762 0.0912713 -0.194733 0.0919153 -0.253707 0.0929521 -0.31332 0.0946735 -0.377352 
4.238 -0.190549 0.138597 -0.191413 0.0802814 -0.192934 0.0277015 -0.194915 -0.0240303 -0.197625 -0.0785841 -0.200906 -0.132786 -0.204424 -0.189841 
0.731 0.481961 0.44472 0.473145 0.37999 0.466764 0.323172 0.461594 0.268417 0.457627 0.212384 0.455218 0.158457 0.454502 0.103463 
1.534 0.132009 0.366648 0.128005 0.303194 0.124969 0.247405 0.122333 0.193817 0.12005 0.138921 0.118494 0.0861769 0.117627 0.0319632 
4.27 -0.218628 0.12627 -0.219602 0.0680456 -0.221431 0.0154893 -0.223669 -0.0364617 -0.226792 -0.0912376 -0.230494 -0.145796 -0.23452 -0.20324 
0.904 0.327188 0.225572 0.323655 0.165805 0.322032 0.112238 0.321177 0.0599385 0.321406 0.00518535 0.322877 -0.0486645 0.325848 -0.104805 
2.428 0.0683194 0.00710862 0.0671645 -0.0512468 0.0665017 -0.105157 0.0662208 -0.159161 0.0661284 -0.217206 0.066403 -0.275706 0.0673396 -0.338196 
0.733 0.481961 0.376236 0.474629 0.313517 0.469555 0.257857 0.465811 0.204229 0.463458 0.14913 0.462678 0.0956334 0.463616 0.0407379 
4.066 -0.200137 0.252965 -0.199656 0.192722 -0.199875 0.139145 -0.200617 0.0870897 -0.202 0.0333308 -0.203942 -0.0193162 -0.206233 -0.0740034 
1.158 0.530585 -0.0463087 0.534328 -0.106612 0.539782 -0.162493 0.546531 -0.218625 0.555377 -0.27861 0.56574 -0.339212 0.578444 -0.403631 
1.045 0.258019 0.397466 0.252034 0.333238 0.24766 0.27696 0.244092 0.222767 0.241138 0.167502 0.239262 0.114167 0.238368 0.0597862 
4.309 -0.217943 0.100247 -0.219278 0.0423053 -0.221494 -0.0104154 -0.224067 -0.0626294 -0.227515 -0.117894 -0.231518 -0.172863 -0.235859 -0.231094 
0.731 0.513464 0.42486 0.5048 0.360856 0.49871 0.304656 0.493865 0.249992 0.490274 0.194091 0.48838 0.140464 0.488208 0.0855945 
2.998 0.224462 0.454308 0.217899 0.387463 0.212929 0.329175 0.208661 0.273647 0.2049 0.217079 0.202019 0.163085 0.200169 0.108268 
4.039 0.00873853 0.0125873 0.00727811 -0.0456443 0.00609561 -0.0994119 0.00510351 -0.153171 0.00410814 -0.211059 0.00316164 -0.26938 0.00270068 -0.331608 
4.203 -0.113163 0.137228 -0.114342 0.0791514 -0.11577 0.026669 -0.117488 -0.0249522 -0.119652 -0.0794777 -0.12209 -0.133582 -0.124509 -0.190821 
4.195 -0.238488 0.176264 -0.238517 0.117395 -0.239701 0.0645921 -0.241377 0.0128443 -0.243779 -0.0413424 -0.247078 -0.0948703 -0.250688 -0.150992 
1.557 0.0251746 0.367333 0.0227474 0.303268 0.0207778 0.247089 0.0189747 0.193254 0.0172563 0.138385 0.0158058 0.0857405 0.0148767 0.0317378 
0.732 0.490864 0.400205 0.482965 0.336791 0.477612 0.280822 0.473454 0.226841 0.470457 0.171553 0.469106 0.118004 0.469504 0.0630534 
0.731 0.513464 0.444035 0.504348 0.379528 0.497823 0.322604 0.49255 0.267865 0.488496 0.21182 0.486084 0.157922 0.485317 0.102817 
0.73 0.516888 0.394042 0.508987 0.330933 0.503562 0.275254 0.49945 0.221271 0.496674 0.165815 0.495533 0.1123 0.496159 0.0574239 
3.209 0.116943 0.479647 0.11199 0.410927 0.108232 0.351364 0.104895 0.294803 0.101696 0.237361 0.0991261 0.182854 0.097319 0.127802 
1.021 0.267607 0.352952 0.2621 0.290217 0.258267 0.23493 0.255187 0.181644 0.252892 0.12675 0.251602 0.0737597 0.251591 0.0191332 
4.082 -0.200137 0.239269 -0.199824 0.179279 -0.200162 0.12589 -0.201054 0.0740904 -0.202593 0.0202145 -0.204692 -0.0324244 -0.207137 -0.0873518 
4.23 -0.225476 0.155034 -0.226005 0.0964973 -0.227335 0.0437336 -0.229301 -0.00791572 -0.232043 -0.062475 -0.235418 -0.116301 -0.239141 -0.172935 
4.254 -0.0460485 -0.0613752 -0.0479831 -0.120586 -0.0497834 -0.175817 -0.0516723 -0.231629 -0.0537472 -0.291665 -0.055912 -0.352635 -0.0578268 -0.418006 
1.247 0.1505 -0.0675387 0.151107 -0.127725 0.152285 -0.183814 0.153962 -0.240469 0.156209 -0.30171 0.159075 -0.364049 0.163172 -0.431545 
3.199 0.182002 0.430338 0.176356 0.364177 0.17206 0.306556 0.168494 0.251455 0.165013 0.19532 0.162584 0.141732 0.160915 0.0871371 
0.736 0.462786 0.386509 0.455504 0.323352 0.450515 0.267582 0.446737 0.213782 0.444194 0.158511 0.443262 0.105053 0.443936 0.0501112 
1.517 0.0881797 -0.08329 0.0879645 -0.143329 0.0883555 -0.199723 0.0889355 -0.256512 0.0898699 -0.317908 0.0911758 -0.38024 0.0388115 -0.28683 
3.998 0.010793 -0.0264484 0.00937701 -0.0850622 0.00835239 -0.139594 0.00740012 -0.194433 0.00640664 -0.253287 0.00553253 -0.312794 0.0051871 -0.376445 
4.219 -0.196713 0.152294 -0.197379 0.0938338 -0.198779 0.04112 -0.200648 -0.0104425 -0.203284 -0.0649112 -0.206459 -0.118725 -0.209936 -0.175536 
1.664 0.0683194 0.0420353 0.0670684 -0.0160098 0.0663487 -0.069392 0.0659428 -0.122784 0.0658436 -0.179882 0.0660419 -0.237348 0.0668092 -0.298566 
4.09 -0.163841 0.224887 -0.163904 0.16522 -0.164623 0.112159 -0.165715 0.0604426 -0.167334 0.00670149 -0.169473 -0.0460071 -0.171783 -0.101081 
1.35 0.19296 0.137913 0.19076 0.0793813 0.189815 0.0263587 0.18951 -0.0258219 0.189949 -0.0809413 0.191249 -0.135726 0.193566 -0.193619 
1.256 0.240214 0.428969 0.23388 0.363376 0.229205 0.306165 0.225315 0.251303 0.22199 0.195378 0.219593 0.141819 0.218229 0.0871425 
4.215 -0.159732 0.143391 -0.160696 0.0851379 -0.16209 0.0326451 -0.163852 -0.0190899 -0.166218 -0.0735882 -0.169109 -0.127696 -0.172194 -0.184783 
4.27 -0.173428 0.110519 -0.174738 0.0524658 -0.176552 -0.000135015 -0.178851 -0.0520724 -0.181788 -0.107003 -0.185208 -0.161837 -0.188827 -0.219626 
2.953 0.163512 0.425544 0.158301 0.359605 0.154315 0.302035 0.150856 0.247107 0.147721 0.191038 0.145289 0.137499 0.14379 0.0829498 
4.094 -0.180277 0.23242 -0.180166 0.172577 -0.1807 0.119353 -0.181682 0.0675916 -0.183273 0.0138141 -0.185405 -0.0389326 -0.187738 -0.0939481 
4.105 -0.221367 0.233105 -0.22085 0.173193 -0.221231 0.119833 -0.22214 0.0680309 -0.223787 0.0141609 -0.226099 -0.038603 -0.228777 -0.0937446 
0.737 0.458677 0.40226 0.450977 0.338733 0.445804 0.282698 0.441733 0.228706 0.438814 0.173193 0.437458 0.119632 0.437755 0.0647452 
2.816 0.216244 0.434447 0.210049 0.368304 0.205454 0.310617 0.201464 0.255435 0.19802 0.199285 0.195384 0.145551 0.193846 0.0909138 
1.523 0.180633 -0.0243939 0.180875 -0.0835718 0.182018 -0.138429 0.183633 -0.193447 0.185972 -0.252591 0.189092 -0.312412 0.193361 -0.376613 
1.357 0.134749 0.252965 0.131578 0.192732 0.129412 0.139132 0.127694 0.0870987 0.126514 0.0331577 0.126041 -0.0196376 0.126274 -0.0746064 
4.227 -0.0460485 -0.0764416 -0.0479957 -0.135947 -0.0498534 -0.191813 -0.0517707 -0.248089 -0.0539186 -0.308824 -0.0560504 -0.370277 -0.0580461 -0.43643 
4.438 -0.0631694 -0.0469936 -0.0652434 -0.105756 -0.0674375 -0.160594 -0.0695777 -0.21587 -0.0720255 -0.2753 -0.0745684 -0.335332 -0.0770083 -0.399606 
1.252 0.236105 0.463211 0.229309 0.396129 0.224183 0.337614 0.219895 0.281818 0.216081 0.225188 0.213282 0.170974 0.211417 0.115959 
3.957 -0.139186 0.303643 -0.13898 0.241722 -0.139242 0.187294 -0.139786 0.134669 -0.14082 0.0806535 -0.142183 0.0282478 -0.143615 -0.0257594 
4.121 -0.161101 0.202287 -0.161322 0.143161 -0.162273 0.0903154 -0.163487 0.0387226 -0.165382 -0.0150914 -0.167644 -0.0681809 -0.170173 -0.123739 
1.551 0.120367 0.0584714 0.119221 0.0004164 0.118865 -0.0528197 0.118988 -0.105887 0.119524 -0.162394 0.120621 -0.219223 0.122536 -0.279724 
4.102 -0.194658 0.226257 -0.194467 0.166608 -0.195028 0.113276 -0.19603 0.0615022 -0.197753 0.00771704 -0.200004 -0.0450244 -0.202563 -0.100118 
1.647 0.103931 -0.0059033 0.103237 -0.064571 0.103338 -0.118988 0.103689 -0.173505 0.104553 -0.232143 0.105785 -0.291223 0.107795 -0.354565 
1.619 0.0149021 0.064635 0.0133359 0.0067621 0.0121149 -0.0461838 0.0110285 -0.0987712 0.00998034 -0.154943 0.00912902 -0.211449 0.00862145 -0.271443 
1.585 0.102561 0.0536776 0.101381 -0.00437471 0.100939 -0.0576615 0.10083 -0.110693 0.101146 -0.167396 0.102041 -0.224404 0.10351 -0.284887 
0.784 0.387454 0.251596 0.38355 0.1915 0.381606 0.137719 0.380852 0.0853066 0.381045 0.0306088 0.382672 -0.0231084 0.386398 -0.0789897 
4.094 -0.0994658 0.202287 -0.100387 0.143209 -0.101485 0.0904535 -0.102813 0.0389275 -0.104489 -0.0148664 -0.106362 -0.0678 -0.108141 -0.123321 
1.63 0.233365 0.371442 0.228182 0.307689 0.224488 0.251702 0.221351 0.198 0.21882 0.142955 0.217318 0.0897541 0.216765 0.0353618 
1.468 0.0916039 -0.0682235 0.0912609 -0.12809 0.091571 -0.18414 0.0920863 -0.240578 0.0929485 -0.301596 0.09415 -0.363654 0.0961852 -0.430566 
1.442 0.184742 0.104356 0.183025 0.0459841 0.182627 -0.00714169 0.182444 -0.059516 0.183529 -0.115275 0.185045 -0.170783 0.187432 -0.22941 
4.398 -0.0843994 -0.015491 -0.0865518 -0.0738543 -0.0887777 -0.12791 -0.0910901 -0.182246 -0.0938337 -0.240602 -0.0966988 -0.299387 -0.0993869 -0.362268 
4.191 -0.171374 0.161882 -0.172144 0.103346 -0.173394 0.0507823 -0.175074 -0.000825412 -0.177427 -0.0549549 -0.180194 -0.108549 -0.183171 -0.164921 
0.741 0.459362 0.477592 0.450123 0.411663 0.44342 0.353818 0.437747 0.298187 0.433201 0.241688 0.430179 0.187381 0.428798 0.132218 
4.293 -0.172059 0.0954527 -0.173518 0.0376418 -0.175436 -0.0149949 -0.177864 -0.0670631 -0.180884 -0.122516 -0.184431 -0.177576 -0.188175 -0.236048 
2.064 0.192275 0.416642 0.186815 0.351389 0.182751 0.294405 0.179121 0.23978 0.175989 0.184083 0.173671 0.130657 0.172244 0.0761897 
1.466 0.0511985 0.117367 0.0494833 0.0593989 0.0483218 0.00673819 0.0473731 -0.0452719 0.0467146 -0.100338 0.0464048 -0.155333 0.0466016 -0.213794 
4.215 -0.139871 0.139282 -0.140923 0.0811404 -0.142452 0.0286619 -0.144103 -0.0230289 -0.146562 -0.0775228 -0.149161 -0.131695 -0.151901 -0.188858 
4.383 -0.048103 -0.0394603 -0.0500067 -0.0981832 -0.0518015 -0.15292 -0.0536051 -0.20795 -0.0556784 -0.267281 -0.0577383 -0.327079 -0.0596631 -0.391123 
1.535 0.17036 0.0632653 0.169289 0.00505983 0.16929 -0.0482733 0.169656 -0.101439 0.170971 -0.157845 0.17286 -0.214495 0.175596 -0.274832 
1.671 0.123791 0.00710862 0.123119 -0.0514216 0.123328 -0.105544 0.124127 -0.159819 0.125261 -0.217974 0.126841 -0.276567 0.129355 -0.339141 
3.852 -0.0392001 0.313231 -0.0405736 0.251038 -0.0418145 0.196326 -0.0430905 0.143696 -0.0444408 0.0896686 -0.0457107 0.0373708 -0.0468526 -0.0165396 
1.04 0.298425 0.524161 0.290046 0.45521 0.283596 0.395262 0.27798 0.338004 0.273138 0.280233 0.269324 0.225109 0.266717 0.169438 
3.963 -0.174113 0.306383 -0.173416 0.244482 -0.173357 0.189894 -0.173685 0.137306 -0.174545 0.0832092 -0.1759 0.0306319 -0.177439 -0.0234238 
4.363 -0.168634 0.0331324 -0.170716 -0.0248213 -0.173378 -0.0781045 -0.176353 -0.131277 -0.180015 -0.188034 -0.184035 -0.245035 -0.188215 -0.30557 
4.379 -0.202191 0.0358718 -0.204532 -0.02214 -0.207265 -0.0754614 -0.210754 -0.128561 -0.214821 -0.185299 -0.21928 -0.242245 -0.224352 -0.302644 
4.184 -0.246021 0.195439 -0.245784 0.136315 -0.246709 0.0833743 -0.248199 0.0315784 -0.250477 -0.0224653 -0.253613 -0.0757617 -0.257145 -0.131524 
2.76 0.0340775 -0.0750719 0.0329509 -0.134663 0.0321981 -0.190388 0.0315727 -0.246648 0.0310395 -0.30734 0.0306135 -0.368905 0.0306984 -0.435237 
3.99 -0.173428 0.292001 -0.172826 0.2305 -0.172863 0.176224 -0.173276 0.123892 -0.174252 0.0699038 -0.175711 0.017642 -0.177348 -0.0365523 
4.266 -0.14672 0.108465 -0.148092 0.0505483 -0.149886 -0.00199211 -0.15202 -0.0537478 -0.154744 -0.108753 -0.15786 -0.163606 -0.161046 -0.221495 
4.059 -0.122065 0.231051 -0.12258 0.171344 -0.12346 0.118154 -0.12459 0.0665028 -0.12611 0.0127463 -0.127872 -0.0399471 -0.129684 -0.0950608 
1.636 0.180633 0.0427202 0.179759 -0.0156769 0.180093 -0.0694146 0.180792 -0.122894 0.182607 -0.180081 0.184946 -0.237476 0.187961 -0.298467 
4.234 -0.0371456 0.0208054 -0.0388793 -0.0369256 -0.040517 -0.090502 -0.042143 -0.143732 -0.0439535 -0.201097 -0.0458444 -0.258713 -0.0474134 -0.319851 
4.32 -0.0433091 -0.0134365 -0.0451361 -0.0717172 -0.0468448 -0.125876 -0.0486103 -0.180121 -0.0506258 -0.238708 -0.0526067 -0.297506 -0.0544245 -0.360163 
1.65 0.0464046 0.0461444 0.0450093 -0.0118614 0.0440321 -0.0651835 0.043398 -0.118451 0.0428836 -0.175438 0.0426655 -0.232827 0.042959 -0.293988 
1.334 0.142967 0.208451 0.140217 0.149177 0.138523 0.0960303 0.137239 0.0443669 0.136545 -0.00981758 0.136613 -0.0632437 0.13746 -0.119078 
4.25 -0.162471 0.122846 -0.163657 0.0648525 -0.165384 0.0121629 -0.167481 -0.0395596 -0.170224 -0.0943108 -0.173419 -0.14885 -0.176771 -0.206325 
4.352 -0.197398 0.0509382 -0.199554 -0.00697014 -0.202058 -0.060153 -0.205389 -0.11306 -0.209385 -0.169445 -0.21367 -0.226001 -0.218538 -0.285945 
4.094 -0.0672785 0.197493 -0.0684175 0.138496 -0.0697199 0.0858787 -0.0710083 0.0343835 -0.0725831 -0.0193011 -0.0742828 -0.0723506 -0.0758749 -0.127877 
1.646 0.132009 0.0338173 0.131087 -0.0245406 0.13096 -0.0782084 0.131408 -0.131796 0.13226 -0.189233 0.133668 -0.246946 0.135972 -0.30829 
3.877 -0.0309821 0.283783 -0.0323677 0.222488 -0.0336309 0.168545 -0.034961 0.11632 -0.0363139 0.0626053 -0.0376278 0.0102644 -0.0387504 -0.0439144 
1.047 0.581948 -0.000424599 0.584748 -0.0601552 0.589426 -0.115164 0.595541 -0.17009 0.603697 -0.228695 0.613413 -0.287474 0.625641 -0.349928 
0.866 0.342254 0.252965 0.338234 0.192847 0.335992 0.139073 0.334719 0.086689 0.334495 0.0321339 0.335462 -0.0213185 0.338038 -0.0771088 
3.975 -0.100151 0.279674 -0.100601 0.218472 -0.101291 0.16464 -0.102226 0.112418 -0.103441 0.0588218 -0.104882 0.00654278 -0.10627 -0.0478064 
0.895 0.327188 0.252965 0.323256 0.192802 0.321198 0.139114 0.319852 0.0867957 0.319651 0.0322104 0.320822 -0.0212547 0.323028 -0.0770127 
1.648 0.216244 0.370073 0.210656 0.306266 0.206583 0.250299 0.203155 0.196497 0.200336 0.141421 0.198322 0.088245 0.197519 0.0338674 
1.682 0.0977674 0.0242296 0.0967985 -0.0340431 0.096491 -0.0877874 0.0964833 -0.141544 0.0970482 -0.199246 0.0978809 -0.257249 0.0993462 -0.31912 
1.373 0.212135 0.134488 0.210039 0.0759396 0.209237 0.0227582 0.208933 -0.0293875 0.209623 -0.0846234 0.21116 -0.139503 0.213604 -0.197328 
4.074 -0.0898781 0.214614 -0.0908371 0.155153 -0.0919551 0.102075 -0.0932289 0.0505422 -0.0948534 -0.00317749 -0.0965698 -0.0558787 -0.0982014 -0.110964 
1.559 0.139543 0.0557321 0.138456 -0.00244141 0.138263 -0.0557846 0.138149 -0.108889 0.139284 -0.165602 0.140599 -0.222514 0.142471 -0.282758 
4.102 -0.128914 0.205027 -0.129452 0.145897 -0.130475 0.093034 -0.131697 0.041519 -0.133468 -0.0122705 -0.135537 -0.0652284 -0.137768 -0.12071 
2.477 0.166251 0.385139 0.161312 0.320806 0.157632 0.264483 0.154388 0.21042 0.151624 0.155093 0.1495 0.102155 0.148403 0.047867 
3.201 0.129955 0.486495 0.124756 0.417713 0.120743 0.358107 0.117125 0.301399 0.113842 0.243968 0.111085 0.1894 0.109092 0.134227 
3.92 0.0642104 -0.0552116 0.0634098 -0.114353 0.0630278 -0.169463 0.062999 -0.225166 0.0630918 -0.284983 0.0635372 -0.345511 0.0646484 -0.410689 
1.106 0.579208 -0.0415149 0.583259 -0.101855 0.589255 -0.15766 0.596603 -0.213607 0.606076 -0.273274 0.617058 -0.33351 0.631401 -0.398061 
1.496 0.0477743 0.102986 0.0460966 0.0451113 0.044993 -0.00763329 0.0440735 -0.059733 0.0433568 -0.115113 0.0429922 -0.170521 0.0432073 -0.229283 
1.645 0.0833858 0.0454595 0.0821383 -0.0126085 0.0815526 -0.0659744 0.08139 -0.119243 0.0814424 -0.176219 0.0820418 -0.233539 0.0832166 -0.294449 
4.238 -0.0960416 0.10641 -0.0975752 0.0485356 -0.0991245 -0.00397561 -0.10093 -0.0557537 -0.103144 -0.110614 -0.105497 -0.165337 -0.10787 -0.223282 
1.668 0.153239 0.00984797 0.152823 -0.0487965 0.153075 -0.102993 0.154023 -0.157249 0.155539 -0.215477 0.15742 -0.274048 0.16062 -0.336716 
4.191 -0.0713875 0.131749 -0.0727373 0.0737603 -0.0742201 0.0213001 -0.0757946 -0.0303614 -0.0776551 -0.0848535 -0.0796419 -0.139007 -0.0815082 -0.19626 
0.787 0.388139 0.268032 0.383726 0.207601 0.381478 0.153722 0.380218 0.10118 0.380189 0.046531 0.381373 -0.00706645 0.384619 -0.062657 
3.932 -0.100836 0.309807 -0.101173 0.247763 -0.101763 0.193007 -0.102541 0.140466 -0.103633 0.086344 -0.104924 0.0340295 -0.106183 -0.01993 
0.731 0.479222 0.427599 0.470806 0.363299 0.464712 0.306591 0.459849 0.252058 0.456305 0.196293 0.454313 0.142533 0.453979 0.087589 
4.043 -0.176168 0.259814 -0.175906 0.199254 -0.176221 0.145567 -0.176998 0.0935834 -0.178345 0.0397393 -0.18017 -0.0127333 -0.182205 -0.0673158 
1.121 0.553869 -0.0189152 0.557028 -0.0786398 0.562012 -0.13389 0.568478 -0.189406 0.57712 -0.248184 0.587391 -0.308106 0.600088 -0.371338 
1.74 0.21556 0.385139 0.209801 0.320791 0.205565 0.264461 0.20199 0.210354 0.198885 0.154988 0.196746 0.101847 0.195485 0.0473571 
1.652 0.182687 0.371442 0.177633 0.307749 0.173962 0.25183 0.170842 0.198077 0.167989 0.143116 0.166349 0.0899237 0.165156 0.0358672 
4.02 0.0121627 0.12627 0.010434 0.068279 0.00913788 0.0157253 0.00775391 -0.0361333 0.00666496 -0.0910346 0.00568054 -0.14572 0.00515366 -0.20373 
0.731 0.497028 0.420066 0.488632 0.356078 0.482793 0.299685 0.478085 0.245189 0.474651 0.189359 0.472844 0.135667 0.472788 0.0807898 
3.93 -0.0474182 0.286522 -0.0487366 0.224997 -0.0498306 0.170724 -0.0510928 0.118455 -0.0523724 0.0646757 -0.0536991 0.0123651 -0.0548238 -0.0417129 
3.959 -0.12275 0.298849 -0.122794 0.237201 -0.12318 0.182795 -0.123831 0.130344 -0.124957 0.0764252 -0.126299 0.0240607 -0.127673 -0.0299385 
3.225 0.1279 0.380345 0.123821 0.316481 0.120667 0.260443 0.117927 0.206627 0.115527 0.151567 0.113929 0.0985493 0.112991 0.0443134 
1.613 0.156663 0.0420353 0.15583 -0.016311 0.155956 -0.0698968 0.1564 -0.123358 0.157656 -0.180336 0.159372 -0.237675 0.162121 -0.298728 
4.016 -0.126174 0.268032 -0.126326 0.207193 -0.126865 0.153411 -0.127644 0.101369 -0.128902 0.0476519 -0.130476 -0.0047022 -0.132094 -0.0591027 
4.305 -0.184386 0.0892891 -0.185886 0.0314039 -0.187989 -0.0212601 -0.190446 -0.073797 -0.193708 -0.129007 -0.197452 -0.184406 -0.201443 -0.243126 
1.356 0.253226 0.270086 0.249033 0.20926 0.246416 0.155281 0.244511 0.102775 0.243364 0.0484808 0.243385 -0.00470024 0.244368 -0.0596851 
4.379 -0.120696 0.0105328 -0.122863 -0.0475416 -0.125198 -0.101189 -0.127876 -0.154828 -0.13108 -0.212368 -0.134472 -0.270143 -0.137873 -0.331718 
1.44 0.174469 0.346103 0.170058 0.283298 0.166835 0.227995 0.164133 0.174696 0.161925 0.120038 0.160581 0.0670409 0.160045 0.0129821 
4.168 -0.126174 0.163936 -0.127083 0.105414 -0.128451 0.0528892 -0.129944 0.00134434 -0.132112 -0.0527254 -0.134553 -0.106287 -0.136999 -0.16264 
1.821 0.197069 0.40226 0.191474 0.337134 0.187247 0.280229 0.183576 0.22574 0.180439 0.169988 0.178086 0.116621 0.176679 0.06221 
4.07 -0.104945 0.220093 -0.105791 0.160512 -0.1068 0.107532 -0.108073 0.0559611 -0.109676 0.00225017 -0.111468 -0.0504459 -0.11324 -0.105472 
4.016 -0.197398 0.283783 -0.196577 0.222617 -0.196483 0.168347 -0.196867 0.116073 -0.197929 0.0622406 -0.19952 0.00966196 -0.201385 -0.0446012 
3.994 -0.0837146 0.264608 -0.0844171 0.203809 -0.0852664 0.150362 -0.0862849 0.0982775 -0.0876329 0.0447215 -0.0890881 -0.00755161 -0.0904733 -0.0621301 
4.246 -0.131653 0.119422 -0.132909 0.0615327 -0.134619 0.00883446 -0.136549 -0.0427247 -0.139028 -0.0973697 -0.141867 -0.151887 -0.144806 -0.209281 
4.016 -0.0426243 0.241323 -0.0440137 0.181181 -0.0452721 0.127906 -0.0466151 0.0760458 -0.047963 0.0224711 -0.0493561 -0.0299341 -0.0505902 -0.0845349 
4.336 -0.170004 0.0481989 -0.171991 -0.00968663 -0.174499 -0.0627719 -0.177341 -0.115641 -0.180924 -0.172051 -0.184783 -0.228646 -0.188771 -0.288634 
1.279 0.474428 -0.0339816 0.477057 -0.094035 0.481544 -0.149482 0.487195 -0.205205 0.494661 -0.264646 0.503526 -0.324815 0.514692 -0.388899 
3.988 -0.0426243 0.259129 -0.0439673 0.198532 -0.0452245 0.144803 -0.0465085 0.092884 -0.0478678 0.0391781 -0.0492496 -0.013213 -0.050474 -0.0675956 
1.538 0.124476 -0.0223394 0.124168 -0.0814804 0.124666 -0.136359 0.125476 -0.191652 0.126826 -0.251147 0.128577 -0.311289 0.131268 -0.376111 
3.781 -0.048103 0.364594 -0.049116 0.300784 -0.0501261 0.244753 -0.0511417 0.191154 -0.052322 0.136412 -0.0534954 0.0838425 -0.0544807 0.0299519 
0.895 0.319655 0.270771 0.315425 0.210302 0.31297 0.156603 0.311345 0.104138 0.310784 0.049819 0.311352 -0.00342173 0.313347 -0.0590366 
4.141 -0.121381 0.176948 -0.12226 0.118258 -0.12349 0.0656705 -0.124952 0.0141518 -0.126911 -0.0397747 -0.129118 -0.0931427 -0.131478 -0.149155 
3.945 -0.0796055 0.289947 -0.0803037 0.228312 -0.0811176 0.174132 -0.0820029 0.121786 -0.0832844 0.068043 -0.084675 0.0157352 -0.0859186 -0.0383585 
1.528 0.10941 0.0701137 0.108101 0.0120443 0.107587 -0.0410908 0.107478 -0.0937775 0.107864 -0.150004 0.108732 -0.206431 0.110337 -0.266204 
1.528 0.153239 0.064635 0.151981 0.00647051 0.151907 -0.0468165 0.152142 -0.0999659 0.153196 -0.156337 0.154604 -0.212959 0.156951 -0.273235 
1.436 0.105985 0.115313 0.104263 0.0572103 0.10331 0.00439033 0.102818 -0.0476939 0.102639 -0.102965 0.103008 -0.158228 0.104215 -0.216506 
4.156 -0.139186 0.176264 -0.139899 0.117522 -0.141154 0.0649119 -0.142646 0.0133815 -0.144778 -0.040572 -0.147165 -0.0939145 -0.149703 -0.149938 
4.117 -0.0672785 0.182427 -0.0684985 0.123609 -0.0698812 0.0709322 -0.0712694 0.0195319 -0.0729408 -0.0342762 -0.0746333 -0.0873632 -0.0762947 -0.143032 
1.673 0.123106 0.0228599 0.122378 -0.0355005 0.122467 -0.0893759 0.122921 -0.143253 0.12398 -0.201128 0.12546 -0.259202 0.127772 -0.321239 
4.184 -0.139186 0.157088 -0.14011 0.098611 -0.141562 0.0461211 -0.143143 -0.00540673 -0.145457 -0.0595951 -0.148034 -0.113226 -0.150693 -0.169784 
4.051 -0.0919326 0.229681 -0.0927202 0.169991 -0.0937836 0.116876 -0.0950094 0.0651564 -0.0965029 0.0115567 -0.0981103 -0.0408786 -0.0997258 -0.0956309 
1.475 0.117628 0.364594 0.11361 0.3013 0.110842 0.245496 0.108197 0.192017 0.106018 0.13721 0.104127 0.0845405 0.103431 0.0303834 
3.863 -0.0419395 0.299534 -0.0432537 0.237643 -0.0443901 0.183152 -0.0456588 0.13066 -0.0469893 0.0767441 -0.0482572 0.0244688 -0.0493208 -0.0295119 
1.498 0.199808 -0.0305575 0.200093 -0.0899079 0.201832 -0.14521 0.203646 -0.200593 0.206592 -0.260439 0.210246 -0.320832 0.214846 -0.385373 
1.176 0.515518 -0.0298726 0.518353 -0.0899806 0.525078 -0.145868 0.532062 -0.201828 0.540642 -0.261723 0.5502 -0.322033 0.562066 -0.386209 
1.468 0.107355 -0.0332968 0.107067 -0.0926969 0.107389 -0.147666 0.108131 -0.203233 0.109219 -0.262936 0.110754 -0.323443 0.11322 -0.388523 
1.681 0.236105 0.415272 0.229982 0.350173 0.225467 0.293214 0.221813 0.238745 0.218525 0.183056 0.216373 0.129689 0.215096 0.0750722 
4.324 -0.043994 0.00231475 -0.0457978 -0.0555144 -0.047451 -0.109347 -0.0491909 -0.163015 -0.0511052 -0.220547 -0.0530617 -0.278705 -0.0547833 -0.340916 
4.129 -0.0885084 0.178318 -0.089639 0.119535 -0.0909231 0.0669676 -0.0923503 0.0156555 -0.0941167 -0.0381448 -0.0960446 -0.0913816 -0.097919 -0.147138 
0.723 0.571675 0.394727 0.563638 0.331883 0.558095 0.276343 0.553744 0.222471 0.550827 0.166998 0.549759 0.113373 0.550595 0.0581725 
1.113 0.568251 -0.0285029 0.57195 -0.0885718 0.577326 -0.14407 0.583983 -0.199627 0.593137 -0.258678 0.603392 -0.318747 0.616399 -0.382432 
1.943 0.208711 0.421435 0.202716 0.355756 0.19847 0.298513 0.194626 0.243711 0.191325 0.187785 0.188771 0.134255 0.187472 0.079762 
4.23 -0.176168 0.138597 -0.17713 0.0803507 -0.178578 0.0278106 -0.180551 -0.0239262 -0.18313 -0.0784876 -0.186238 -0.1326 -0.189482 -0.189754 
1.336 0.14913 0.220778 0.146314 0.161287 0.144492 0.108082 0.142968 0.0561264 0.142235 0.00203574 0.142176 -0.0511046 0.143066 -0.106783 
4.184 -0.253554 0.178318 -0.253558 0.119436 -0.25463 0.0667089 -0.256268 0.0149607 -0.258768 -0.0392483 -0.262106 -0.0927644 -0.265792 -0.148876 
0.991 0.316915 0.517313 0.308385 0.448629 0.301875 0.389009 0.296059 0.331998 0.29112 0.27424 0.287229 0.219386 0.284777 0.163795 
4.105 -0.0166005 0.0269689 -0.0182774 -0.030857 -0.0198181 -0.084413 -0.0211492 -0.137634 -0.0227689 -0.194995 -0.0241385 -0.25226 -0.0251462 -0.313479 
1.728 0.0655801 0.0208054 0.0643944 -0.0373996 0.0637095 -0.0911403 0.0633395 -0.144903 0.0631495 -0.202624 0.0635075 -0.260701 0.0645416 -0.322763 
1.398 0.434708 -0.0415149 0.43702 -0.101462 0.440991 -0.157055 0.446467 -0.212955 0.45337 -0.27284 0.461481 -0.333121 0.472134 -0.397742 
2 0.179948 0.410478 0.174518 0.345274 0.17028 0.288257 0.166728 0.233598 0.163525 0.177871 0.161302 0.124467 0.159698 0.0699451 
0.929 0.304588 0.287892 0.300049 0.22694 0.297246 0.172926 0.295299 0.120319 0.294237 0.0658437 0.294425 0.0126525 0.295868 -0.0424251 
