0.783 -0.0261882 0.433078 0.032925 0.430292 0.087418 0.430074 0.141028 0.430482 0.197266 0.431138 0.253703 0.434154 0.311146 0.438114 
1.467 -0.224106 0.187906 -0.162538 0.184367 -0.107241 0.182838 -0.0539925 0.181237 0.000523403 0.179511 0.0542863 0.179178 0.108085 0.179207 
4.23 -0.118641 -0.299699 -0.0601175 -0.29858 -0.0065053 -0.297326 0.0459905 -0.297936 0.100439 -0.300307 0.155065 -0.302859 0.210456 -0.306515 
4.25 -0.107684 -0.31545 -0.0492233 -0.314514 0.00438406 -0.31354 0.0569251 -0.314364 0.111428 -0.317079 0.166205 -0.320033 0.221726 -0.324124 
0.806 -0.313135 0.396781 -0.247644 0.387705 -0.189565 0.381912 -0.134035 0.376712 -0.077726 0.371911 -0.0229968 0.369124 0.031164 0.367147 
4.145 -0.172743 -0.325723 -0.113351 -0.323279 -0.0592607 -0.320931 -0.00666313 -0.320455 0.0474815 -0.321808 0.101464 -0.323479 0.155852 -0.326306 
4.152 -0.169319 -0.306547 -0.110019 -0.30431 -0.0560043 -0.3021 -0.00345646 -0.301685 0.0506832 -0.303067 0.104683 -0.304712 0.1591 -0.307479 
4.035 -0.178222 -0.0387755 -0.118538 -0.0389715 -0.0645842 -0.0383063 -0.0122972 -0.0384897 0.0415551 -0.0396331 0.0951978 -0.0402237 0.149279 -0.0411682 
3.342 0.122422 0.0749075 0.182111 0.0744447 0.238566 0.0752803 0.295476 0.075631 0.356272 0.0752329 0.418755 0.0759271 0.483669 0.0767708 
4.191 -0.141926 -0.31545 -0.0830163 -0.313816 -0.0291962 -0.312153 0.0232878 -0.312362 0.077551 -0.314336 0.131813 -0.316599 0.186645 -0.319935 
4.176 -0.152883 -0.305862 -0.0938469 -0.30395 -0.0399943 -0.302093 0.0124763 -0.30203 0.0666828 -0.303694 0.12085 -0.305673 0.175538 -0.308772 
4.184 -0.14535 -0.292165 -0.0864275 -0.290558 -0.032596 -0.288918 0.0198413 -0.289043 0.0740719 -0.290912 0.128279 -0.292985 0.183086 -0.296104 
4.211 -0.130968 -0.344213 -0.0722378 -0.34263 -0.0184686 -0.341085 0.0340043 -0.341472 0.0883711 -0.343784 0.142776 -0.346396 0.197849 -0.350222 
4.156 -0.138502 -0.16684 -0.0797185 -0.166118 -0.0260921 -0.165033 0.0260871 -0.165335 0.0801891 -0.167057 0.13446 -0.168632 0.189403 -0.170979 
4.129 -0.184386 -0.300384 -0.124793 -0.297921 -0.0705948 -0.295466 -0.017986 -0.29485 0.0361233 -0.295928 0.0899929 -0.297273 0.144223 -0.299712 
3.373 -0.258348 0.0755924 -0.196067 0.073855 -0.140256 0.0735082 -0.0869281 0.0726566 -0.0324859 0.071408 0.0209313 0.0710097 0.0742327 0.0708002 
0.908 -0.267251 0.357061 -0.203486 0.350033 -0.146502 0.345804 -0.0919133 0.342083 -0.0362448 0.33857 0.0182584 0.337007 0.0722864 0.336219 
4.16 -0.164525 -0.349692 -0.10525 -0.347306 -0.0512111 -0.34502 0.00134614 -0.344703 0.0555282 -0.34626 0.109586 -0.348197 0.164069 -0.351289 
1.35 0.188851 0.166676 0.250141 0.167439 0.30814 0.169722 0.366857 0.171808 0.429942 0.173356 0.495225 0.176194 0.562839 0.179901 
4.254 -0.10426 -0.345583 -0.0458405 -0.344563 0.00777234 -0.34353 0.0603384 -0.344454 0.114905 -0.347268 0.169765 -0.350465 0.225401 -0.354831 
4.203 -0.139186 -0.372976 -0.080393 -0.371041 -0.0265763 -0.369157 0.0259149 -0.369311 0.0802523 -0.371528 0.134573 -0.37406 0.189574 -0.377954 
4.18 -0.150829 -0.38051 -0.0918123 -0.378201 -0.0379279 -0.376054 0.0146194 -0.375985 0.0688399 -0.377881 0.12303 -0.380206 0.177808 -0.383857 
4.219 -0.128229 -0.322983 -0.069514 -0.321582 -0.0157852 -0.320163 0.0366912 -0.320678 0.0910381 -0.322985 0.145468 -0.32556 0.200564 -0.329307 
3.346 -0.291905 0.0769621 -0.228726 0.0751141 -0.172264 0.0746978 -0.118476 0.0737183 -0.0637035 0.0723566 -0.0101929 0.0720495 0.0430394 0.0716081 
4.184 -0.14535 -0.341474 -0.0863946 -0.33959 -0.0325397 -0.337721 0.0199691 -0.337828 0.0742117 -0.339846 0.128437 -0.342195 0.183214 -0.345715 
4.246 -0.111108 -0.362704 -0.0525604 -0.361533 0.00106111 -0.360354 0.0536502 -0.361206 0.108125 -0.364 0.162813 -0.367221 0.218273 -0.371632 
0.901 -0.352171 0.350212 -0.285522 0.341656 -0.226386 0.336111 -0.170211 0.331038 -0.11336 0.326238 -0.0583679 0.323234 -0.00428747 0.321056 
4.238 -0.117956 -0.338734 -0.0594203 -0.337434 -0.005769 -0.336142 0.04675 -0.33677 0.101224 -0.339269 0.155859 -0.34211 0.211242 -0.346166 
0.861 -0.0255034 0.391303 0.0334499 0.388809 0.087879 0.388875 0.141438 0.389486 0.197682 0.390275 0.254247 0.393238 0.311854 0.397141 
4.211 -0.129599 -0.307917 -0.0708932 -0.30656 -0.01718 -0.305135 0.035275 -0.305551 0.0896596 -0.307786 0.144066 -0.310241 0.199189 -0.313797 
1.244 0.21556 0.195439 0.277418 0.196562 0.336222 0.199301 0.395928 0.201899 0.460304 0.204269 0.526649 0.208152 0.595579 0.212517 
2.795 -0.324777 0.248856 -0.260172 0.243586 -0.202529 0.240641 -0.147498 0.237722 -0.0916664 0.234773 -0.0373048 0.233304 0.0162989 0.232528 
4.129 -0.183016 -0.31545 -0.123434 -0.312905 -0.0692477 -0.310409 -0.0166285 -0.309771 0.037497 -0.310912 0.0913997 -0.312311 0.145617 -0.314871 
4.156 -0.167265 -0.365443 -0.108012 -0.362855 -0.0539521 -0.360392 -0.00136345 -0.359987 0.0528118 -0.3615 0.106859 -0.363333 0.161322 -0.366473 
0.93 -0.287111 0.346103 -0.222803 0.338926 -0.165405 0.33458 -0.11049 0.330663 -0.0545733 0.326967 -0.000102791 0.325122 0.053818 0.324109 
0.871 -0.16795 0.533064 -0.106637 0.525124 -0.0511232 0.520655 0.00270975 0.517086 0.0582629 0.514134 0.113152 0.513624 0.168094 0.514401 
4.23 -0.122065 -0.381194 -0.0634836 -0.379585 -0.00980714 -0.378101 0.0427672 -0.378647 0.0972046 -0.381204 0.151778 -0.384155 0.207066 -0.388423 
1.069 -0.332311 0.303643 -0.266657 0.296738 -0.20825 0.292521 -0.152711 0.288565 -0.09643 0.28472 -0.0417439 0.282535 0.0121348 0.28113 
4.168 -0.156992 -0.323668 -0.0978261 -0.321615 -0.0438764 -0.319614 0.00861192 -0.319482 0.0627977 -0.321133 0.116912 -0.323158 0.171531 -0.326269 
4.223 -0.126174 -0.364758 -0.0675257 -0.363196 -0.0137435 -0.361696 0.0387686 -0.362229 0.0931455 -0.364652 0.147609 -0.367474 0.20276 -0.371585 
4.129 -0.185755 -0.33531 -0.126129 -0.332522 -0.0718927 -0.329892 -0.0192359 -0.329108 0.0348926 -0.330191 0.0887866 -0.331563 0.142988 -0.33415 
4.188 -0.146035 -0.358595 -0.0870432 -0.356589 -0.033154 -0.35465 0.0193468 -0.354736 0.0735968 -0.356774 0.127817 -0.359151 0.18262 -0.362834 
4.25 -0.104945 -0.301068 -0.0465101 -0.300231 0.0070335 -0.299326 0.0595808 -0.300163 0.114132 -0.302865 0.168947 -0.305785 0.224607 -0.309802 
4.227 -0.0802904 -0.142186 -0.0222425 -0.142389 0.0310827 -0.142095 0.0835343 -0.14311 0.138329 -0.145437 0.193589 -0.147491 0.249956 -0.150194 
4.141 -0.178222 -0.353801 -0.118682 -0.351115 -0.0644761 -0.348551 -0.0118478 -0.348007 0.0422951 -0.349296 0.0962135 -0.350909 0.150532 -0.353763 
4.105 -0.196713 -0.317504 -0.136745 -0.3147 -0.0823754 -0.312008 -0.0296459 -0.311115 0.0244606 -0.312084 0.0782879 -0.313275 0.132283 -0.315638 
4.16 -0.162471 -0.293535 -0.103221 -0.29158 -0.0492903 -0.289599 0.0032184 -0.289387 0.0573597 -0.290915 0.11143 -0.292655 0.165908 -0.295492 
4.207 -0.130968 -0.29285 -0.0722797 -0.29156 -0.0185577 -0.290138 0.0338758 -0.290494 0.0882351 -0.292645 0.142629 -0.294984 0.197748 -0.298386 
0.863 -0.0843994 0.378291 -0.0249017 0.374522 0.0294455 0.373357 0.0826767 0.372677 0.138099 0.372316 0.193514 0.373897 0.249642 0.376421 
1.38 0.000520477 0.239269 0.0589703 0.238131 0.113157 0.238983 0.166966 0.239875 0.223651 0.240715 0.281089 0.243032 0.339867 0.245869 
4.066 -0.181646 -0.108629 -0.121892 -0.107904 -0.0679077 -0.106682 -0.0155822 -0.106694 0.0383214 -0.107861 0.0919428 -0.108789 0.145949 -0.110234 
1.817 -0.263827 0.194754 -0.201206 0.190938 -0.145131 0.189186 -0.0914365 0.187219 -0.0365806 0.185365 0.0171543 0.184659 0.0707148 0.18452 
4.16 -0.168634 -0.40037 -0.109328 -0.397499 -0.0552713 -0.394877 -0.00266441 -0.394405 0.0514945 -0.395909 0.105546 -0.397828 0.159992 -0.401173 
4.133 -0.183016 -0.369552 -0.1234 -0.366568 -0.0691671 -0.363792 -0.0164858 -0.363082 0.0376315 -0.364239 0.0915722 -0.365783 0.145808 -0.368616 
1.393 0.00736885 0.226942 0.0657948 0.225872 0.120013 0.226785 0.173946 0.227728 0.230725 0.228444 0.288321 0.230709 0.347294 0.233421 
1.179 0.25391 0.214614 0.316825 0.216387 0.376856 0.219765 0.4379 0.223123 0.50354 0.226187 0.571628 0.230927 0.642 0.236048 
4.109 -0.198082 -0.352431 -0.138128 -0.349304 -0.0837498 -0.346354 -0.0309306 -0.345388 0.0231286 -0.34627 0.0769894 -0.347502 0.131004 -0.350005 
3.92 0.147076 0.0105328 0.207324 0.00940117 0.264468 0.00939236 0.322153 0.00871926 0.383833 0.0071227 0.447556 0.0062779 0.513927 0.00540639 
3.43 -0.23027 0.0865498 -0.168801 0.0847497 -0.113365 0.0842032 -0.0604788 0.0834659 -0.00610432 0.0821665 0.0473986 0.0818636 0.100811 0.0814728 
4.105 -0.200137 -0.299699 -0.140169 -0.297024 -0.0857546 -0.294364 -0.033055 -0.293498 0.0210523 -0.294359 0.0748384 -0.295471 0.128856 -0.297693 
1.17 -0.322723 0.278989 -0.257923 0.272976 -0.200276 0.26947 -0.145093 0.266018 -0.0891802 0.262703 -0.0347725 0.260966 0.0189468 0.259899 
4.156 -0.165895 -0.38051 -0.106606 -0.377855 -0.0525682 -0.375396 3.49374e-05 -0.375019 0.0541981 -0.376598 0.108257 -0.378569 0.162721 -0.381939 
3.979 0.131324 0.0105328 0.191165 0.00940235 0.247771 0.00942291 0.304929 0.00873941 0.366017 0.00715769 0.428925 0.00640392 0.49446 0.00551067 
1.423 -0.0576907 0.0797014 0.000399552 0.0784903 0.0537732 0.0786679 0.10644 0.0784396 0.161748 0.0776548 0.21773 0.0778505 0.274672 0.0780764 
1.452 -0.2515 0.285153 -0.189012 0.279937 -0.132927 0.277059 -0.0791103 0.274359 -0.0239973 0.271728 0.0299728 0.270795 0.0837802 0.270494 
4.105 -0.151513 -0.109999 -0.0926357 -0.109693 -0.038977 -0.108714 0.0131389 -0.108894 0.0671622 -0.110248 0.121135 -0.111399 0.175776 -0.113056 
0.79 -0.299438 0.435132 -0.234461 0.425638 -0.176413 0.419324 -0.121144 0.413985 -0.0647495 0.408894 -0.00996915 0.406055 0.0441811 0.404291 
4.102 -0.201507 -0.33531 -0.141554 -0.332257 -0.0871179 -0.329418 -0.034379 -0.328407 0.0197562 -0.329301 0.0735622 -0.330451 0.12758 -0.332832 
4.184 -0.151513 -0.398315 -0.0925196 -0.395919 -0.038604 -0.393684 0.0139196 -0.393534 0.0681451 -0.395477 0.12235 -0.397828 0.177076 -0.40156 
2.775 -0.315875 0.219408 -0.251457 0.214793 -0.194036 0.21226 -0.139204 0.209699 -0.083533 0.207071 -0.0294403 0.205885 0.0240096 0.205282 
0.92 -0.159732 0.522107 -0.0985542 0.514473 -0.0432036 0.51048 0.0104608 0.507276 0.0659949 0.504637 0.120845 0.504444 0.175771 0.505485 
4.133 -0.183016 -0.385303 -0.123419 -0.382196 -0.0691593 -0.379344 -0.0164734 -0.378591 0.0376539 -0.37977 0.0915925 -0.381369 0.145848 -0.384346 
4.109 -0.200137 -0.367498 -0.140163 -0.364189 -0.0857302 -0.361085 -0.0329079 -0.360062 0.0211495 -0.360889 0.0750249 -0.362145 0.129033 -0.364677 
1.385 -0.0344062 0.0803862 0.0233331 0.0792445 0.0767819 0.0794973 0.129662 0.0793576 0.18531 0.0786649 0.241839 0.0790022 0.299452 0.0793174 
0.852 -0.069333 0.383085 -0.00991285 0.379542 0.0444069 0.37858 0.0977628 0.378185 0.153406 0.378077 0.20911 0.379957 0.26558 0.38275 
3.967 -0.262457 -0.174373 -0.200667 -0.172096 -0.145062 -0.169484 -0.0917744 -0.1683 -0.0374295 -0.168366 0.0159774 -0.168436 0.0692734 -0.169312 
4.133 -0.183701 -0.40037 -0.124079 -0.397131 -0.0697896 -0.394162 -0.0171175 -0.39333 0.0370156 -0.394535 0.0909542 -0.396146 0.145172 -0.399154 
4.113 -0.199452 -0.387358 -0.139477 -0.383835 -0.0850149 -0.380645 -0.0321992 -0.379531 0.0219309 -0.380353 0.0757715 -0.381656 0.129831 -0.384309 
1.828 0.082701 0.068744 0.14138 0.0680223 0.196652 0.0686419 0.252122 0.0688172 0.311148 0.068227 0.371366 0.068595 0.433689 0.0691452 
0.841 -0.482975 0.3598 -0.410234 0.349067 -0.346296 0.341492 -0.286217 0.334542 -0.226179 0.327895 -0.16881 0.323051 -0.113094 0.319056 
1.89 0.119682 0.15024 0.179319 0.150432 0.235549 0.152147 0.292119 0.153596 0.352594 0.154588 0.414541 0.156995 0.478964 0.159699 
1.657 0.0854404 0.12764 0.144233 0.127255 0.1996 0.12839 0.25518 0.129285 0.314216 0.129509 0.374623 0.131064 0.437065 0.132871 
1.38 0.00325983 0.255705 0.0617544 0.254593 0.116029 0.255572 0.169916 0.256625 0.226721 0.257547 0.284244 0.260094 0.343108 0.263294 
4.25 -0.104945 -0.331201 -0.0465029 -0.33022 0.00705248 -0.329261 0.0596231 -0.330136 0.114208 -0.332898 0.169024 -0.335986 0.224691 -0.340253 
4.184 -0.119326 -0.172319 -0.0608537 -0.171855 -0.00739645 -0.170996 0.0448731 -0.171502 0.0991898 -0.173511 0.153637 -0.175351 0.209073 -0.177975 
4.148 -0.133023 -0.144925 -0.0743488 -0.144478 -0.0208406 -0.14357 0.0313166 -0.143946 0.0854772 -0.145609 0.139799 -0.147161 0.194796 -0.149357 
1.718 0.0135324 0.0701137 0.0714194 0.0694469 0.12524 0.0698208 0.179014 0.0697911 0.235851 0.0691748 0.293657 0.0695397 0.352905 0.0697922 
0.851 -0.451472 0.355006 -0.380169 0.344801 -0.317557 0.337744 -0.258526 0.331318 -0.199393 0.325089 -0.142598 0.320779 -0.0874623 0.317211 
1.661 0.136803 0.168045 0.196721 0.16839 0.253443 0.170343 0.310486 0.171964 0.371461 0.173266 0.434158 0.176002 0.499238 0.179184 
1.305 0.210081 0.174209 0.271892 0.17524 0.330475 0.177762 0.389937 0.180099 0.453881 0.182147 0.520123 0.185578 0.588742 0.189461 
0.853 -0.466539 0.352267 -0.394494 0.341969 -0.331193 0.334816 -0.271684 0.328251 -0.212053 0.322019 -0.154961 0.317573 -0.0995309 0.313805 
1.347 0.233365 0.157773 0.295982 0.15874 0.355441 0.161121 0.415912 0.163418 0.481234 0.165181 0.548868 0.168438 0.619156 0.172025 
1.294 0.223778 0.174894 0.285894 0.175989 0.345041 0.178597 0.405109 0.181043 0.46994 0.183237 0.536973 0.18681 0.606524 0.19078 
1.463 0.161457 0.242693 0.221974 0.243891 0.279136 0.246875 0.336841 0.249802 0.398605 0.25264 0.462231 0.257237 0.528105 0.262374 
0.832 -0.149459 0.531694 -0.088535 0.524369 -0.0332486 0.52052 0.0203991 0.517583 0.0759213 0.51518 0.130841 0.515275 0.185918 0.516639 
4.105 -0.201507 -0.402424 -0.141533 -0.398708 -0.0870517 -0.395379 -0.0342561 -0.394183 0.0198716 -0.394981 0.0737158 -0.396237 0.127751 -0.398869 
0.948 -0.366553 0.333776 -0.299223 0.325524 -0.23954 0.320243 -0.183075 0.315246 -0.125878 0.310564 -0.0705867 0.307662 -0.0163114 0.305529 
0.954 -0.324777 0.337885 -0.259289 0.330271 -0.201036 0.325485 -0.145554 0.321171 -0.0892708 0.317077 -0.034522 0.314707 0.01936 0.313188 
1.188 -0.302178 0.267347 -0.238156 0.261877 -0.180866 0.258571 -0.126196 0.25555 -0.0704571 0.252458 -0.0162213 0.251003 0.0374338 0.250321 
1.019 -0.435036 0.322819 -0.365348 0.314307 -0.303891 0.308573 -0.245855 0.303336 -0.187429 0.298179 -0.131284 0.294738 -0.0765038 0.292005 
0.847 -0.409697 0.353636 -0.340422 0.344089 -0.279343 0.33766 -0.221672 0.331767 -0.163589 0.326174 -0.10767 0.322377 -0.0529826 0.319431 
0.813 -0.452842 0.369388 -0.381556 0.358787 -0.31885 0.351349 -0.259727 0.344511 -0.200548 0.338063 -0.143732 0.333426 -0.0885108 0.329667 
0.824 -0.429558 0.362539 -0.359272 0.352383 -0.297552 0.345401 -0.239153 0.338977 -0.180604 0.33289 -0.124306 0.32868 -0.0694334 0.325294 
1.761 0.0655801 0.0735379 0.124004 0.0728021 0.178734 0.0733702 0.233673 0.0735381 0.291951 0.0729322 0.351435 0.0733337 0.412726 0.0739192 
0.832 -0.0926174 0.393357 -0.0330878 0.389248 0.0213093 0.387854 0.0746064 0.38698 0.129955 0.386376 0.185348 0.387846 0.241281 0.390242 
2.447 -0.285057 0.163252 -0.221761 0.15969 -0.165217 0.157967 -0.111047 0.156176 -0.0560813 0.154098 -0.00228747 0.153374 0.0510919 0.152898 
3.93 0.10941 0.00847829 0.1687 0.00736777 0.224758 0.00737789 0.281228 0.00671809 0.341459 0.00514405 0.403327 0.004392 0.467522 0.00343271 
1.129 -0.335735 0.288577 -0.270303 0.282129 -0.212124 0.278214 -0.156611 0.274529 -0.100321 0.270929 -0.0457151 0.268947 0.00812354 0.267678 
4.219 -0.103575 -0.183961 -0.0452724 -0.183682 0.00811447 -0.18301 0.0604249 -0.183798 0.114948 -0.186089 0.169796 -0.188239 0.22547 -0.191077 
0.876 -0.389152 0.342679 -0.320657 0.333751 -0.260285 0.327764 -0.203032 0.322332 -0.145319 0.317072 -0.0896656 0.313591 -0.0352158 0.310944 
0.803 -0.480236 0.374866 -0.407498 0.363707 -0.343654 0.355772 -0.283656 0.348418 -0.223733 0.341463 -0.166367 0.33635 -0.110696 0.332213 
3.955 -0.235749 -0.0483632 -0.174423 -0.0481743 -0.119519 -0.0471836 -0.0666805 -0.0471069 -0.012596 -0.0479166 0.040643 -0.0482176 0.0940485 -0.0489495 
0.904 -0.406273 0.339255 -0.337152 0.330263 -0.276252 0.324325 -0.218652 0.318852 -0.160719 0.313586 -0.104766 0.310027 -0.0502489 0.307285 
1.626 -0.264512 0.17147 -0.201677 0.168009 -0.145281 0.166418 -0.0915129 0.164627 -0.0364177 0.162852 0.0173462 0.162243 0.0709606 0.162003 
1.459 -0.259718 0.268717 -0.197002 0.263468 -0.140732 0.260589 -0.0866735 0.258016 -0.0314397 0.255498 0.0226053 0.254556 0.0764104 0.254346 
4.242 -0.105629 -0.268881 -0.0472295 -0.268154 0.00630552 -0.267289 0.0587833 -0.268087 0.113332 -0.270728 0.168176 -0.273359 0.223866 -0.277214 
0.868 -0.436406 0.347473 -0.365891 0.337711 -0.303696 0.331043 -0.245092 0.324829 -0.186243 0.319064 -0.129802 0.314962 -0.0748375 0.311639 
0.978 -0.343953 0.328982 -0.277809 0.321229 -0.219053 0.316267 -0.163207 0.311761 -0.106625 0.307484 -0.0517583 0.304941 0.00229974 0.303159 
3.867 -0.241227 0.013957 -0.179879 0.0130333 -0.124747 0.0133541 -0.0718717 0.0130559 -0.0177175 0.0119974 0.0355539 0.0117677 0.0889129 0.0115112 
3.096 -0.322038 0.23516 -0.257381 0.230061 -0.199787 0.22716 -0.144901 0.224286 -0.0891744 0.221337 -0.0350117 0.219975 0.0185034 0.219146 
1.646 0.08681 0.240638 0.145983 0.240833 0.201576 0.242916 0.257237 0.245022 0.316376 0.246914 0.376927 0.250614 0.439384 0.254686 
1.666 0.0888645 0.141337 0.147768 0.14117 0.203317 0.142501 0.259 0.143545 0.318159 0.144033 0.378736 0.145751 0.441349 0.147847 
4.223 -0.122065 -0.260663 -0.0634456 -0.259706 -0.00980204 -0.258574 0.0426433 -0.259142 0.097042 -0.261503 0.151635 -0.263891 0.206894 -0.267343 
3.936 -0.279578 -0.183276 -0.217207 -0.180636 -0.161169 -0.177715 -0.107529 -0.17624 -0.0530149 -0.17612 0.000511072 -0.175983 0.0537333 -0.176729 
1.474 0.0368169 0.244062 0.0953927 0.243562 0.149978 0.244806 0.204417 0.246195 0.261901 0.247303 0.32048 0.25021 0.380491 0.253603 
1.362 -0.0111218 0.261868 0.0473729 0.260577 0.101659 0.261252 0.155328 0.26212 0.211845 0.262899 0.268944 0.265329 0.32742 0.268348 
1.747 0.103931 0.0927133 0.162992 0.092216 0.21874 0.0931475 0.274802 0.0937622 0.334501 0.0936308 0.395735 0.0945073 0.458983 0.0957026 
1.428 -0.0131763 0.0797014 0.0446293 0.0786469 0.0982286 0.0790034 0.151427 0.0789403 0.207538 0.0783322 0.264278 0.0786479 0.322422 0.0790547 
0.853 -0.182331 0.533064 -0.120764 0.524946 -0.0650468 0.52024 -0.0111972 0.516412 0.0443536 0.513247 0.0991354 0.512497 0.153887 0.513032 
1.116 -0.310396 0.287892 -0.246021 0.281785 -0.188584 0.2782 -0.133636 0.274804 -0.0778284 0.271404 -0.0233637 0.269774 0.0303388 0.268849 
1.688 0.101192 0.159143 0.160489 0.159172 0.216347 0.160709 0.272425 0.161998 0.332104 0.162845 0.393304 0.165082 0.456636 0.167656 
2.922 0.152554 0.0851801 0.212991 0.0849342 0.270366 0.0859299 0.328172 0.0864489 0.390154 0.0863589 0.454141 0.087348 0.520903 0.0884509 
3.357 -0.277524 0.0865498 -0.214739 0.0845072 -0.158493 0.083996 -0.104818 0.0829421 -0.0501493 0.0815601 0.00339697 0.0812601 0.0565335 0.0808596 
3.928 -0.205616 0.013957 -0.145222 0.0132047 -0.0907478 0.0135264 -0.0382336 0.0132549 0.0157251 0.0122 0.0691179 0.0118988 0.122842 0.0114136 
4.375 0.0833858 -0.0285029 0.142053 -0.0298978 0.19733 -0.0302123 0.253013 -0.0314539 0.312302 -0.0337341 0.372868 -0.0351934 0.435667 -0.0370049 
3.701 -0.378195 -0.0305575 -0.311961 -0.0301321 -0.253062 -0.0288511 -0.197149 -0.0283725 -0.140921 -0.0287199 -0.0865906 -0.0285493 -0.0332361 -0.0287575 
3.227 0.140227 0.0660047 0.200298 0.065475 0.257389 0.066251 0.314815 0.0664346 0.376099 0.0659716 0.439417 0.0664288 0.505405 0.0670693 
0.75 -0.0323517 0.453623 0.0268792 0.450244 0.0813823 0.449846 0.135004 0.449949 0.191219 0.450515 0.247608 0.453328 0.304944 0.457187 
4.141 0.123106 -0.00247911 0.182842 -0.00377154 0.239216 -0.00399358 0.29619 -0.00487659 0.356998 -0.00678434 0.419482 -0.00786138 0.484547 -0.00913467 
3.725 -0.363813 -0.0353513 -0.298223 -0.0349573 -0.239678 -0.0336358 -0.184084 -0.0332726 -0.128106 -0.0335627 -0.0740192 -0.033461 -0.0207498 -0.0336066 
0.747 -0.014546 0.453623 0.0445796 0.450717 0.099162 0.450944 0.152902 0.451458 0.209373 0.452575 0.266082 0.455737 0.323842 0.46003 
4.594 0.21282 -0.0141214 0.275169 -0.0157423 0.334394 -0.0162695 0.394762 -0.0175285 0.459652 -0.0198882 0.527413 -0.0213895 0.598046 -0.023168 
1.2 0.231996 0.215299 0.294159 0.216772 0.353499 0.219904 0.413797 0.223025 0.478519 0.225827 0.545263 0.230144 0.614944 0.235119 
0.784 -0.381619 0.400205 -0.313468 0.389766 -0.252988 0.382652 -0.195878 0.376265 -0.138199 0.37014 -0.0825209 0.366154 -0.0278325 0.363161 
1.607 0.0731133 0.179688 0.131877 0.179416 0.187114 0.180841 0.242347 0.182098 0.301021 0.182951 0.360986 0.185262 0.4228 0.187918 
3.711 -0.37614 -0.0545268 -0.310059 -0.0536626 -0.251198 -0.0519678 -0.195393 -0.0512661 -0.139204 -0.0513011 -0.0848719 -0.0509777 -0.0315372 -0.0511252 
0.852 -0.043994 0.389933 0.0151011 0.386952 0.0694211 0.386462 0.12286 0.386516 0.178869 0.386833 0.23505 0.389369 0.292236 0.392732 
1.278 -0.277524 0.270086 -0.214375 0.264785 -0.157751 0.261883 -0.103586 0.259038 -0.0482431 0.256341 0.00583762 0.255196 0.0596395 0.254847 
3.852 -0.339844 -0.199712 -0.275538 -0.196195 -0.218037 -0.192385 -0.163222 -0.190108 -0.107786 -0.18901 -0.0538154 -0.187982 -0.000518734 -0.187915 
4.203 -0.122065 -0.190809 -0.0635509 -0.190271 -0.0100533 -0.189376 0.0422437 -0.189959 0.0965416 -0.192035 0.151085 -0.194123 0.20633 -0.196851 
3.834 -0.374771 -0.27162 -0.309209 -0.265991 -0.250747 -0.260799 -0.195289 -0.257443 -0.139308 -0.255269 -0.084815 -0.253538 -0.0312548 -0.252728 
1.576 0.0696891 0.230366 0.128552 0.230312 0.183945 0.232115 0.239044 0.2339 0.297671 0.235409 0.357376 0.238683 0.419128 0.242398 
3.74 -0.35628 -0.0545268 -0.290949 -0.0535591 -0.232614 -0.0520343 -0.177221 -0.0512446 -0.121498 -0.0514208 -0.0673466 -0.0511022 -0.014137 -0.0512297 
1.701 0.08681 0.0913437 0.145622 0.0908969 0.200956 0.0916688 0.256632 0.0922145 0.315772 0.0919922 0.376234 0.0928833 0.438752 0.0939028 
1.054 -0.351486 0.309122 -0.285009 0.301751 -0.226259 0.296979 -0.170131 0.292641 -0.113503 0.288401 -0.0585238 0.285897 -0.00442562 0.284135 
3.797 -0.372031 -0.196973 -0.306499 -0.193092 -0.248006 -0.188927 -0.192415 -0.186341 -0.136408 -0.184891 -0.0820814 -0.183499 -0.0285961 -0.183162 
1.369 -0.022764 0.0968224 0.0350546 0.0956991 0.0886976 0.0961216 0.141781 0.096064 0.197746 0.0955949 0.254528 0.0961276 0.312403 0.0966553 
4.086 -0.14398 -0.0380907 -0.0850933 -0.0384225 -0.0315027 -0.0379406 0.0206016 -0.0382689 0.0746356 -0.0395183 0.128667 -0.0402394 0.183431 -0.0412533 
4.246 0.197069 0.0153267 0.258627 0.0141779 0.317269 0.0142798 0.376832 0.0136397 0.440785 0.0121069 0.507251 0.0114478 0.576562 0.0106472 
1.673 0.0943432 0.192015 0.153515 0.192142 0.209081 0.193811 0.264975 0.195537 0.324216 0.196783 0.3851 0.199669 0.447867 0.202929 
3.723 -0.35491 -0.00795781 -0.289564 -0.00815147 -0.23119 -0.00714194 -0.175795 -0.00717262 -0.12003 -0.00780036 -0.0659089 -0.00781846 -0.0127549 -0.00824481 
1.12 -0.410382 0.306383 -0.341806 0.298654 -0.2813 0.29361 -0.223954 0.288872 -0.166278 0.284328 -0.110622 0.281347 -0.0562247 0.279089 
1.005 -0.37888 0.319395 -0.31134 0.311438 -0.251572 0.306142 -0.194913 0.301246 -0.137709 0.296394 -0.0824696 0.293557 -0.0283096 0.291131 
3.854 -0.349432 -0.231215 -0.284883 -0.226968 -0.227246 -0.222771 -0.172271 -0.220116 -0.116722 -0.218739 -0.0626308 -0.217516 -0.00927495 -0.217205 
3.982 -0.189864 0.00916313 -0.129918 0.00847139 -0.0758918 0.00874309 -0.0235959 0.00850763 0.0304029 0.00737333 0.083975 0.00706978 0.137847 0.00644739 
1.636 0.0265443 0.0762772 0.0845492 0.0754387 0.138529 0.0759192 0.192534 0.0759504 0.249632 0.075379 0.307832 0.0757712 0.367471 0.0761491 
1.232 -0.298754 0.251596 -0.234921 0.246461 -0.17786 0.243647 -0.123237 0.240873 -0.0678238 0.238063 -0.013583 0.236802 0.0399734 0.236122 
3.822 -0.367237 -0.233954 -0.301815 -0.229319 -0.243499 -0.22473 -0.188025 -0.221829 -0.132075 -0.220182 -0.0777254 -0.218526 -0.0242156 -0.218005 
1.409 -0.220682 0.287207 -0.158961 0.282129 -0.103452 0.279476 -0.0500473 0.27706 0.00484886 0.274772 0.0590018 0.274217 0.113021 0.274342 
1.501 -0.244651 0.262553 -0.182675 0.257932 -0.126912 0.255591 -0.0732165 0.25339 -0.0182639 0.251254 0.0357449 0.250729 0.0896071 0.250802 
0.789 -0.311766 0.441981 -0.246498 0.432278 -0.188241 0.425854 -0.132869 0.420276 -0.0764614 0.415098 -0.0217365 0.412108 0.0323218 0.410157 
0.773 -0.128229 0.521422 -0.0677086 0.514758 -0.0128202 0.51137 0.0406468 0.508845 0.0962097 0.506984 0.15121 0.507367 0.20648 0.509083 
0.975 -0.46243 0.334461 -0.391602 0.325374 -0.328944 0.319005 -0.26955 0.312874 -0.209207 0.306586 -0.152218 0.302525 -0.0958489 0.298746 
3.863 -0.350116 -0.253815 -0.28551 -0.249059 -0.227812 -0.244514 -0.172864 -0.24158 -0.117386 -0.240062 -0.0632249 -0.238744 -0.00977199 -0.238449 
1.404 -0.200137 0.264608 -0.139109 0.260331 -0.0840525 0.258451 -0.0307329 0.256693 0.0238853 0.254974 0.0780747 0.254961 0.132233 0.255493 
0.798 -0.429558 0.378291 -0.359269 0.367829 -0.297409 0.360658 -0.238977 0.354014 -0.180293 0.347787 -0.123925 0.343377 -0.0690147 0.339881 
1.395 -0.272045 0.237899 -0.208981 0.233197 -0.152568 0.230739 -0.0985038 0.228265 -0.0433405 0.22572 0.0105587 0.224843 0.0641856 0.224591 
1.483 0.00257499 0.0797014 0.06043 0.0787308 0.114201 0.0791227 0.167731 0.0791061 0.224247 0.0785107 0.281666 0.0788444 0.34045 0.0792631 
1.232 -0.0878236 0.311861 -0.0287082 0.308904 0.0254237 0.308118 0.0784789 0.30775 0.133801 0.307516 0.18923 0.309083 0.245399 0.311356 
3.854 -0.340529 -0.214094 -0.276115 -0.210231 -0.218567 -0.206317 -0.16375 -0.203895 -0.108367 -0.202729 -0.0543333 -0.201727 -0.00104465 -0.201588 
4.43 0.0409259 -0.185331 0.0991183 -0.187409 0.153604 -0.188786 0.20809 -0.191514 0.265725 -0.195851 0.324525 -0.199954 0.385185 -0.204852 
2.934 0.13064 0.121477 0.190687 0.121511 0.247499 0.123001 0.30475 0.124128 0.366031 0.124702 0.42895 0.126502 0.494424 0.12867 
1.436 -0.222737 0.236529 -0.161208 0.232396 -0.105752 0.230507 -0.0524438 0.22862 0.00230614 0.226688 0.0562657 0.226523 0.1101 0.226704 
1.243 -0.123435 0.313231 -0.0637739 0.309524 -0.00955847 0.30817 0.0434394 0.307297 0.0984936 0.306477 0.153428 0.307453 0.208965 0.309092 
0.895 -0.337105 0.360485 -0.270854 0.351986 -0.212007 0.346535 -0.156069 0.341598 -0.099411 0.336918 -0.0444044 0.334109 0.00987555 0.332302 
4.41 0.027914 -0.21067 0.0860109 -0.212375 0.140209 -0.213688 0.19436 -0.216474 0.251431 -0.221014 0.309629 -0.225293 0.369563 -0.230502 
1.409 -0.200822 0.249541 -0.139886 0.245458 -0.0848253 0.243655 -0.0317194 0.242003 0.0228436 0.240308 0.0770739 0.240252 0.131174 0.240771 
4.023 -0.174798 -0.0134365 -0.115089 -0.0138581 -0.0612097 -0.0134162 -0.00888346 -0.0137065 0.0449915 -0.0148184 0.0986366 -0.0152571 0.152711 -0.0160398 
3.938 -0.219312 0.0050541 -0.158545 0.00444229 -0.103927 0.00480322 -0.0513226 0.0045393 0.00263602 0.00351899 0.0559973 0.00322551 0.109562 0.00270779 
3.826 -0.374086 -0.256554 -0.308544 -0.251211 -0.250118 -0.246313 -0.194649 -0.242941 -0.138668 -0.241049 -0.0842408 -0.239296 -0.0306782 -0.238631 
1.422 0.201178 0.155034 0.262645 0.15553 0.321174 0.157835 0.380297 0.159474 0.443964 0.160897 0.509841 0.163751 0.578384 0.166941 
1.367 -0.152198 0.257759 -0.0921699 0.254175 -0.0376676 0.252831 0.0150762 0.25168 0.0699479 0.250593 0.124326 0.251083 0.179271 0.252163 
3.896 0.0635255 0.0125873 0.122132 0.0115245 0.177008 0.0115997 0.232341 0.0110333 0.290935 0.0095746 0.350723 0.00890794 0.412769 0.00812643 
1.402 0.010793 0.272141 0.0693828 0.271152 0.123728 0.272005 0.177819 0.273177 0.234727 0.27427 0.292594 0.27714 0.351678 0.280606 
3.449 -0.211094 0.0358718 -0.150754 0.0347961 -0.0962631 0.0350615 -0.0437747 0.0344711 0.0101985 0.0334501 0.0636436 0.0330542 0.117336 0.0328242 
1.75 0.116258 0.181742 0.175737 0.181945 0.231876 0.183748 0.288312 0.185415 0.348455 0.186764 0.410291 0.189611 0.474337 0.192829 
4.41 0.0306533 -0.196288 0.0887776 -0.197993 0.142991 -0.19931 0.197277 -0.202032 0.254542 -0.206358 0.313036 -0.210432 0.37315 -0.215322 
1.411 -0.258348 0.237899 -0.195789 0.23345 -0.139751 0.231161 -0.0858021 0.228876 -0.0308235 0.226658 0.0230096 0.226077 0.0766371 0.225998 
1.23 -0.0659088 0.311177 -0.00695326 0.308579 0.047093 0.308212 0.100276 0.308246 0.155953 0.308372 0.211723 0.310264 0.268469 0.312854 
3.822 -0.35628 -0.201082 -0.29123 -0.197299 -0.233249 -0.193349 -0.178002 -0.190911 -0.122293 -0.18963 -0.0681136 -0.188421 -0.0147493 -0.188282 
4.441 0.0450349 -0.2093 0.103297 -0.211438 0.157741 -0.213055 0.212234 -0.215984 0.269793 -0.220693 0.328615 -0.225287 0.389205 -0.230735 
4.27 -0.0761813 -0.18944 -0.0181839 -0.189505 0.0351662 -0.189172 0.0876606 -0.190322 0.14257 -0.193005 0.197977 -0.195587 0.254501 -0.198798 
3.684 -0.37614 -0.00384879 -0.309954 -0.00410489 -0.251059 -0.00323062 -0.195184 -0.00317135 -0.138924 -0.0037626 -0.0846203 -0.003746 -0.0312795 -0.00425708 
1.423 -0.201507 0.235844 -0.140514 0.231953 -0.0855022 0.230211 -0.032388 0.228588 0.0222606 0.227007 0.076301 0.226952 0.130381 0.22736 
0.808 -0.409012 0.374182 -0.339596 0.364088 -0.278473 0.357194 -0.220695 0.350942 -0.162624 0.345049 -0.106563 0.340988 -0.0517333 0.337712 
4.012 -0.168634 0.0119025 -0.109178 0.0110798 -0.0554148 0.0113898 -0.00327476 0.01099 0.0507159 0.0099204 0.104539 0.00954024 0.158812 0.00909077 
3.605 0.0813313 0.013957 0.139963 0.0128958 0.195353 0.0129429 0.251019 0.012313 0.310393 0.0108002 0.37101 0.0101194 0.433818 0.00923607 
0.74 -0.487084 0.437187 -0.414679 0.424127 -0.351183 0.414629 -0.29088 0.405802 -0.230873 0.397497 -0.173051 0.391191 -0.117273 0.386058 
1.4 -0.200137 0.278989 -0.139015 0.274653 -0.0840112 0.272602 -0.0305987 0.270807 0.0242345 0.26901 0.0785883 0.268943 0.13288 0.269513 
1.464 -0.226846 0.254335 -0.165289 0.2499 -0.109639 0.247819 -0.0562434 0.245779 -0.0013915 0.243817 0.0524646 0.243429 0.106456 0.243674 
0.795 -0.344638 0.391303 -0.278005 0.381894 -0.218867 0.375595 -0.162667 0.369959 -0.105849 0.3647 -0.0506334 0.361361 0.00358327 0.358901 
0.788 -0.448048 0.383085 -0.376758 0.372192 -0.314058 0.364707 -0.255058 0.357645 -0.195866 0.351103 -0.139052 0.346429 -0.0838963 0.342567 
1.416 0.166251 0.165306 0.226907 0.165893 0.284196 0.167947 0.34213 0.169799 0.404168 0.171259 0.467984 0.1741 0.53444 0.177406 
4.359 -0.00153404 -0.192179 0.0563039 -0.193571 0.110128 -0.19451 0.163643 -0.196598 0.21995 -0.200363 0.277245 -0.203863 0.335956 -0.208203 
4.199 0.0950281 0.00984797 0.154161 0.00869882 0.209838 0.0087086 0.265948 0.00803371 0.32568 0.00644869 0.386768 0.00570747 0.450444 0.00471866 
0.83 -0.0172853 0.402945 0.0416996 0.400421 0.0961332 0.400432 0.14986 0.401012 0.206312 0.401956 0.263075 0.404928 0.321012 0.409263 
1.727 0.118997 0.248856 0.178882 0.249769 0.235189 0.252361 0.291782 0.254862 0.352158 0.257443 0.414098 0.261568 0.478128 0.266172 
1.252 0.23542 0.185851 0.297889 0.187102 0.357417 0.189917 0.417922 0.192558 0.483166 0.195054 0.550634 0.198977 0.620629 0.203286 
0.801 -0.328886 0.391303 -0.262861 0.382131 -0.204262 0.376166 -0.148366 0.370828 -0.0917253 0.365822 -0.0368135 0.362797 0.0173583 0.360723 
4.355 0.0190111 -0.141501 0.0769568 -0.142992 0.131012 -0.143814 0.185048 -0.145948 0.242129 -0.14938 0.300301 -0.152534 0.360099 -0.156398 
0.813 -0.466539 0.370757 -0.394508 0.359859 -0.331314 0.352165 -0.271853 0.345091 -0.212268 0.338372 -0.155242 0.3335 -0.0997628 0.329546 
3.963 -0.233009 -0.0668539 -0.171801 -0.0663826 -0.116928 -0.0651354 -0.0643348 -0.0649573 -0.0101212 -0.0657161 0.0431801 -0.0660393 0.0964032 -0.0668297 
3.865 -0.341214 -0.242857 -0.276867 -0.238522 -0.219239 -0.234091 -0.164358 -0.23132 -0.108881 -0.229874 -0.0548101 -0.228666 -0.00146139 -0.228416 
4.07 -0.183701 -0.12712 -0.123926 -0.126238 -0.0698619 -0.124913 -0.0174713 -0.124807 0.0364561 -0.125942 0.0901064 -0.126863 0.144125 -0.128412 
1.733 0.118997 0.23379 0.178694 0.234357 0.235108 0.236877 0.291557 0.239191 0.351883 0.241418 0.413911 0.245362 0.478054 0.249914 
0.792 -0.394631 0.389933 -0.325795 0.379577 -0.265286 0.372538 -0.207685 0.366099 -0.149634 0.36002 -0.0940253 0.355977 -0.0391885 0.352669 
1.269 0.199808 0.195439 0.261589 0.196641 0.320076 0.199267 0.379135 0.201827 0.443026 0.204241 0.508992 0.208086 0.576897 0.212192 
1.431 -0.272045 0.251596 -0.208953 0.246597 -0.152472 0.243873 -0.098387 0.241164 -0.0431453 0.238567 0.0107717 0.23746 0.0644343 0.236992 
1.563 0.155979 0.154349 0.216444 0.154724 0.273667 0.156712 0.331275 0.158201 0.393053 0.159427 0.456615 0.161944 0.522742 0.164721 
2.631 0.195699 0.0639501 0.203382 0.0635347 0.260471 0.0643116 0.317887 0.0645152 0.379154 0.0640645 0.442458 0.0645095 0.508415 0.0651624 
1.48 0.0402411 0.309807 0.0990578 0.309287 0.153817 0.310838 0.208324 0.312638 0.265945 0.314464 0.324433 0.318177 0.384395 0.322605 
-1 -0.135762 0.536488 -0.0750215 0.529437 -0.0198688 0.525823 0.0336943 0.523036 0.089235 0.520864 0.144214 0.521129 0.199425 0.522633 
4.543 0.0922887 -0.183961 0.151256 -0.186719 0.206731 -0.188888 0.262464 -0.192122 0.321702 -0.197434 0.382561 -0.202146 0.445751 -0.207598 
0.886 -0.420655 0.342679 -0.350861 0.333434 -0.289243 0.327108 -0.231199 0.32133 -0.172817 0.315821 -0.116576 0.31203 -0.0618185 0.309021 
1.645 0.0874949 0.219408 0.146505 0.219605 0.202149 0.221544 0.25769 0.223447 0.31693 0.225064 0.377351 0.228238 0.439826 0.232038 
3.867 -0.348747 -0.27162 -0.284182 -0.266431 -0.226406 -0.261659 -0.171379 -0.258444 -0.115865 -0.256699 -0.0616413 -0.25527 -0.00817187 -0.254856 
0.787 -0.358334 0.401575 -0.29109 0.391516 -0.231711 0.384711 -0.175198 0.378636 -0.118119 0.372964 -0.0627439 0.369242 -0.00847851 0.366576 
1.45 0.0258595 0.215299 0.0842466 0.214617 0.138798 0.21552 0.192986 0.216676 0.250359 0.217673 0.308494 0.220016 0.368282 0.222782 
0.776 -0.404219 0.405684 -0.335034 0.394563 -0.273845 0.386989 -0.216064 0.380112 -0.157867 0.373677 -0.101867 0.369193 -0.0471232 0.365675 
1.275 -0.137132 0.312546 -0.0773561 0.308677 -0.0230145 0.307159 0.0298237 0.305949 0.0847156 0.304832 0.139562 0.305817 0.194544 0.307162 
0.773 -0.302178 0.454992 -0.237092 0.445017 -0.17903 0.438439 -0.123553 0.432764 -0.0672579 0.427574 -0.0124047 0.424485 0.0417022 0.422534 
0.927 -0.309711 0.346103 -0.244666 0.338567 -0.186777 0.33394 -0.131517 0.329741 -0.0754802 0.32577 -0.0209251 0.323591 0.0329494 0.322224 
3.787 0.0498288 0.0214902 0.108141 0.0205074 0.162577 0.0206887 0.217395 0.0201713 0.275654 0.0188778 0.335204 0.0183493 0.396438 0.0177087 
0.786 -0.463799 0.385824 -0.392374 0.374783 -0.329186 0.36696 -0.269718 0.359735 -0.210145 0.353011 -0.153242 0.348041 -0.0978404 0.344128 
1.618 0.0765375 0.199548 0.135375 0.199399 0.190675 0.200839 0.245896 0.202277 0.304624 0.2033 0.364594 0.2059 0.42649 0.208725 
4.363 -0.00290371 -0.215464 0.0549225 -0.216808 0.108743 -0.217814 0.162253 -0.220098 0.218527 -0.224056 0.27572 -0.227941 0.334463 -0.232563 
0.745 -0.508999 0.425544 -0.434911 0.412196 -0.369683 0.402372 -0.308277 0.393565 -0.247093 0.385094 -0.188641 0.378913 -0.132097 0.373722 
1.305 0.19296 0.182427 0.254183 0.183296 0.312283 0.185645 0.370968 0.187794 0.434067 0.189678 0.499235 0.193046 0.566926 0.196734 
1.509 0.171045 0.150925 0.231897 0.151425 0.289446 0.153309 0.347569 0.154921 0.410056 0.156134 0.474461 0.158743 0.541295 0.161602 
0.827 -0.0412546 0.404314 0.0179465 0.401166 0.072266 0.400776 0.125742 0.400847 0.181831 0.40124 0.237997 0.4038 0.29523 0.407277 
4.512 0.0881797 -0.162046 0.147041 -0.164589 0.202506 -0.166527 0.258102 -0.169541 0.317369 -0.174137 0.377914 -0.178504 0.440726 -0.183595 
1.362 0.218984 0.160512 0.281004 0.161566 0.340171 0.163982 0.400087 0.166101 0.464743 0.167919 0.531603 0.171112 0.601075 0.174857 
1.44 -0.215888 0.198863 -0.154459 0.195121 -0.0992841 0.19355 -0.046045 0.191918 0.0084902 0.190161 0.0622756 0.190015 0.116128 0.19021 
3.645 -0.369292 0.013957 -0.303391 0.0134396 -0.244757 0.0138499 -0.188995 0.0136639 -0.132818 0.0128222 -0.0787232 0.01255 -0.0254026 0.0122599 
0.757 -0.50489 0.407739 -0.431769 0.395039 -0.367 0.385687 -0.306054 0.377256 -0.245261 0.369066 -0.187195 0.363013 -0.130965 0.357914 
1.711 0.102561 0.178318 0.161914 0.178427 0.217839 0.180143 0.273962 0.181663 0.333738 0.182886 0.395149 0.185594 0.458523 0.188687 
1.444 -0.237118 0.207766 -0.175248 0.203991 -0.119897 0.202327 -0.0664115 0.20048 -0.0119177 0.198693 0.0415617 0.198458 0.0950357 0.198614 
2.867 0.0464046 0.0673743 0.104676 0.0663858 0.159206 0.0671464 0.213919 0.0672168 0.271986 0.066537 0.331275 0.0670397 0.392336 0.0674729 
4.41 0.0916039 -0.0394603 0.150434 -0.0410276 0.205948 -0.0416877 0.261823 -0.0429632 0.321301 -0.045237 0.38227 -0.0470343 0.445378 -0.0489039 
1.432 0.0224353 0.234475 0.0809339 0.233771 0.135351 0.234815 0.189667 0.236029 0.247073 0.237296 0.305248 0.239704 0.365064 0.243104 
4.539 0.0909191 -0.202452 0.149875 -0.205278 0.205277 -0.207555 0.260973 -0.210863 0.320169 -0.216093 0.380967 -0.221057 0.444014 -0.227394 
3.449 0.0840707 0.035187 0.142838 0.034181 0.198401 0.0343712 0.254138 0.03423 0.313638 0.0330215 0.374516 0.0328587 0.43728 0.0328396 
1.382 0.169675 0.185851 0.230326 0.186563 0.288024 0.188874 0.346067 0.190904 0.408367 0.192648 0.472751 0.196014 0.539554 0.199658 
3.678 -0.353541 0.013957 -0.288232 0.0133992 -0.229892 0.0137857 -0.174685 0.0136123 -0.119059 0.0127365 -0.0648469 0.0124823 -0.011823 0.0121703 
3.936 -0.291905 -0.220257 -0.22927 -0.216908 -0.172926 -0.213276 -0.119091 -0.211323 -0.0643483 -0.21073 -0.0107073 -0.210146 0.0425573 -0.210722 
1.698 0.105301 0.133804 0.164547 0.133332 0.220505 0.134849 0.276699 0.135937 0.336548 0.136698 0.39799 0.138597 0.461577 0.140915 
1.32 -0.0659088 0.208451 -0.00741497 0.206543 0.0463396 0.206526 0.0991483 0.206531 0.154576 0.206451 0.210182 0.20772 0.266845 0.209412 
1.58 0.0683194 0.21256 0.127103 0.212336 0.182342 0.214033 0.237481 0.21544 0.296064 0.21666 0.355729 0.219716 0.41742 0.222977 
1.753 0.114888 0.165306 0.174482 0.165522 0.230472 0.167177 0.286873 0.168495 0.346958 0.169503 0.408782 0.171886 0.47271 0.17456 
