1.73 0.0943432 0.00642378 0.0934339 -0.0520392 0.0932201 -0.106074 0.0932784 -0.160231 0.0937414 -0.218372 0.0946167 -0.276958 0.0961374 -0.339599 
4.207 -0.383673 0.1927 -0.382962 0.133529 -0.383649 0.0804319 -0.385234 0.0284119 -0.388034 -0.0260049 -0.391826 -0.0795358 -0.396423 -0.135499 
4.16 -0.387098 0.226942 -0.385589 0.167236 -0.385619 0.113823 -0.386507 0.0617609 -0.388572 0.00751047 -0.391707 -0.0456649 -0.395545 -0.101065 
4.223 -0.372031 0.182427 -0.371659 0.123376 -0.372611 0.0703419 -0.374355 0.0183064 -0.377405 -0.0360884 -0.381428 -0.0897241 -0.386196 -0.1458 
4.199 -0.359019 0.200233 -0.35828 0.140945 -0.358933 0.0877342 -0.360374 0.0357698 -0.362994 -0.018518 -0.366599 -0.071867 -0.370878 -0.127608 
4.133 -0.353541 0.242693 -0.351945 0.182702 -0.35178 0.129138 -0.35239 0.0770299 -0.354116 0.0228046 -0.356796 -0.0301751 -0.360144 -0.0853516 
4.188 -0.415861 0.207766 -0.414688 0.148355 -0.415071 0.0950628 -0.416382 0.0430204 -0.419021 -0.0113265 -0.422809 -0.0646838 -0.427351 -0.120376 
4.234 -0.348062 0.174209 -0.347876 0.115291 -0.34896 0.0623057 -0.350768 0.010293 -0.353827 -0.044136 -0.357791 -0.097884 -0.362431 -0.15411 
4.168 -0.363128 0.220093 -0.361971 0.160447 -0.362198 0.10708 -0.363307 0.0550665 -0.365525 0.000842459 -0.368743 -0.0522989 -0.372659 -0.107741 
4.219 -0.413806 0.190645 -0.413038 0.131475 -0.413808 0.0783417 -0.415444 0.0262865 -0.418473 -0.028115 -0.422599 -0.0816625 -0.427568 -0.137665 
4.215 -0.40011 0.189275 -0.399438 0.13009 -0.400256 0.0769855 -0.40192 0.0249739 -0.404929 -0.0294273 -0.408971 -0.0829811 -0.413845 -0.138974 
4.121 -0.380934 0.249541 -0.379 0.1894 -0.378624 0.135717 -0.379091 0.0835442 -0.380675 0.0292771 -0.383382 -0.0236837 -0.386744 -0.0787787 
4.156 -0.404903 0.228311 -0.403254 0.168576 -0.403198 0.115141 -0.40405 0.0630403 -0.406106 0.00876516 -0.40935 -0.0444262 -0.413288 -0.0998197 
4.164 -0.348062 0.220778 -0.346981 0.161151 -0.347202 0.107804 -0.348245 0.0558126 -0.350401 0.00158306 -0.353492 -0.0515535 -0.357281 -0.106969 
4.133 -0.406273 0.245432 -0.404254 0.185382 -0.403847 0.131758 -0.404339 0.0795804 -0.406056 0.0252877 -0.408875 -0.027732 -0.412472 -0.0829391 
4.164 -0.437091 0.227626 -0.435336 0.167882 -0.435211 0.114401 -0.436083 0.0623051 -0.43827 0.00798544 -0.441656 -0.0452388 -0.445871 -0.10069 
4.215 -0.347377 0.189275 -0.346927 0.130146 -0.347743 0.0771216 -0.349322 0.0251334 -0.352076 -0.0291932 -0.355786 -0.0827475 -0.360139 -0.138696 
4.121 -0.363813 0.252281 -0.36201 0.192005 -0.361623 0.138306 -0.362122 0.0861201 -0.363711 0.0319266 -0.36633 -0.0210005 -0.369571 -0.0760207 
4.02 -0.0919326 0.250911 -0.0926208 0.190539 -0.0936045 0.136982 -0.094687 0.0851422 -0.0961242 0.0314607 -0.0977328 -0.0209474 -0.0992504 -0.0754684 
4.184 -0.385043 0.209821 -0.38396 0.150408 -0.384338 0.0971583 -0.385538 0.0451386 -0.387979 -0.00915494 -0.391444 -0.0625111 -0.395656 -0.118167 
4.238 -0.433667 0.179003 -0.433097 0.119995 -0.434035 0.0668852 -0.435953 0.0148259 -0.43927 -0.0396988 -0.443702 -0.0934593 -0.449069 -0.149655 
4.129 -0.42134 0.244062 -0.41924 0.184014 -0.418829 0.130375 -0.419318 0.0781847 -0.421132 0.0239008 -0.424081 -0.0291403 -0.427789 -0.0843744 
4.145 -0.372716 0.235844 -0.371169 0.175924 -0.371129 0.12239 -0.371906 0.0702854 -0.373817 0.0160455 -0.376746 -0.0369988 -0.380438 -0.0921922 
4.035 -0.200822 0.269401 -0.200195 0.20866 -0.200258 0.154745 -0.200786 0.102612 -0.202006 0.048704 -0.203786 -0.00375378 -0.205865 -0.0582939 
4.227 -0.0837146 0.113943 -0.0851509 0.0560847 -0.086747 0.00360463 -0.08844 -0.0481764 -0.0905815 -0.102993 -0.0928237 -0.157702 -0.0949788 -0.215561 
4.055 -0.14672 0.247487 -0.146809 0.187231 -0.147353 0.133668 -0.148301 0.0818642 -0.149764 0.0280895 -0.151616 -0.0243947 -0.153584 -0.0790308 
4.188 -0.432982 0.208451 -0.431712 0.149033 -0.432042 0.0957238 -0.433371 0.0436541 -0.436026 -0.0107323 -0.439896 -0.0641026 -0.444598 -0.119787 
4.047 0.00873853 0.043405 0.00725524 -0.0144931 0.00605903 -0.0677943 0.00494404 -0.120984 0.00386424 -0.177898 0.00302019 -0.235274 0.00249574 -0.296356 
4.105 -0.390522 0.262553 -0.388257 0.202127 -0.387564 0.148348 -0.38774 0.0960095 -0.389054 0.0417728 -0.391497 -0.0111923 -0.394611 -0.0661523 
4.164 -0.41997 0.226942 -0.418315 0.167202 -0.418266 0.113777 -0.419143 0.0616712 -0.421327 0.00737049 -0.424646 -0.0458286 -0.428754 -0.10127 
4.191 -0.400794 0.206396 -0.399744 0.147013 -0.400207 0.0937293 -0.401527 0.0417261 -0.404145 -0.0126128 -0.407854 -0.0659901 -0.41233 -0.121684 
4.102 -0.0864539 0.196809 -0.0875112 0.137813 -0.0886752 0.0850848 -0.0900226 0.0336217 -0.0916638 -0.0201628 -0.093462 -0.0731846 -0.0952184 -0.128768 
4.184 -0.191919 0.172154 -0.192394 0.11347 -0.193575 0.0607559 -0.195192 0.00913324 -0.197586 -0.0450432 -0.200485 -0.0985805 -0.203647 -0.154833 
4.125 -0.192604 0.211875 -0.192596 0.15242 -0.19328 0.0993735 -0.194445 0.0476405 -0.196322 -0.00617738 -0.19875 -0.0591954 -0.201482 -0.114503 
4.141 -0.435036 0.241323 -0.432952 0.181281 -0.432585 0.127652 -0.433192 0.0754479 -0.435134 0.0211457 -0.438226 -0.0319402 -0.442167 -0.0871347 
4.238 -0.190549 0.138597 -0.191424 0.0802823 -0.192941 0.0277113 -0.194924 -0.0240287 -0.19763 -0.0785851 -0.200913 -0.132771 -0.204423 -0.189848 
4.168 -0.452157 0.226257 -0.450325 0.166522 -0.450239 0.113059 -0.451124 0.0609108 -0.453436 0.00657889 -0.45694 -0.0466376 -0.461313 -0.102097 
3.959 0.0183263 -0.0504178 0.0169774 -0.109439 0.0160911 -0.164391 0.0151547 -0.219899 0.0144151 -0.279589 0.0137248 -0.339859 0.0135569 -0.404544 
4.109 -0.423394 0.261868 -0.420879 0.201417 -0.420065 0.147595 -0.420233 0.0952908 -0.42163 0.0409968 -0.424241 -0.0119922 -0.427565 -0.0669948 
4.34 -0.213834 0.0776469 -0.215428 0.0196423 -0.217809 -0.0332173 -0.220602 -0.0857166 -0.224358 -0.141445 -0.228552 -0.197168 -0.233141 -0.256115 
4.199 -0.0912478 0.135173 -0.0925556 0.0771329 -0.0940324 0.0246779 -0.0956522 -0.0269858 -0.0976139 -0.0814507 -0.0997655 -0.135614 -0.101905 -0.192907 
4.113 -0.350801 0.258444 -0.348952 0.198065 -0.348499 0.144319 -0.348872 0.092095 -0.350312 0.0378924 -0.352691 -0.0149858 -0.355728 -0.0699154 
4.078 -0.150829 0.23242 -0.151033 0.172511 -0.151705 0.119217 -0.152729 0.0675537 -0.154307 0.0137875 -0.156258 -0.0387118 -0.158354 -0.0936037 
4.105 -0.406273 0.261183 -0.403922 0.200773 -0.403218 0.146953 -0.403419 0.0946875 -0.404842 0.040396 -0.407386 -0.0125403 -0.41066 -0.067529 
4.09 -0.367922 0.272826 -0.365638 0.212106 -0.364889 0.158108 -0.364963 0.105721 -0.366199 0.0514814 -0.368463 -0.00138477 -0.371333 -0.0561945 
4.137 -0.221367 0.21256 -0.221139 0.153051 -0.221783 0.0999178 -0.222961 0.0481486 -0.224886 -0.00574455 -0.227467 -0.0587619 -0.23045 -0.114114 
1.61 0.0916039 -0.0264484 0.0910099 -0.0852685 0.0909903 -0.139771 0.0912672 -0.194754 0.0919059 -0.253723 0.0929245 -0.313337 0.0946766 -0.377321 
4.109 -0.459006 0.263923 -0.45615 0.203422 -0.455178 0.149552 -0.455164 0.0971881 -0.456564 0.0428497 -0.459186 -0.0101697 -0.46264 -0.0651529 
4.145 -0.452157 0.242008 -0.449891 0.181959 -0.449471 0.128278 -0.45 0.0760714 -0.451965 0.0217425 -0.455127 -0.03137 -0.459128 -0.086592 
3.982 -0.195343 0.304328 -0.194365 0.242582 -0.194148 0.188104 -0.194303 0.135531 -0.195125 0.0814813 -0.196496 0.028995 -0.198101 -0.0251767 
4.211 -0.430927 0.194754 -0.429947 0.13554 -0.430563 0.0823524 -0.432143 0.0302939 -0.435104 -0.0241265 -0.439216 -0.0777026 -0.444203 -0.133654 
4.012 -0.220682 0.292001 -0.219529 0.230676 -0.219272 0.176416 -0.219438 0.123972 -0.22037 0.0699307 -0.221902 0.0174221 -0.223783 -0.0369407 
4.066 -0.200137 0.252965 -0.199653 0.192743 -0.199862 0.139142 -0.200594 0.0870815 -0.20199 0.0333123 -0.203917 -0.0193169 -0.206216 -0.0740012 
4.078 -0.221367 0.251596 -0.220634 0.191366 -0.220794 0.137804 -0.221481 0.085821 -0.222895 0.0319858 -0.224949 -0.0207079 -0.227362 -0.0754668 
4.086 -0.46106 0.281729 -0.45785 0.220838 -0.456512 0.166777 -0.456199 0.114216 -0.457268 0.0598797 -0.459532 0.00688294 -0.462655 -0.0479775 
2.455 0.0683194 0.00710862 0.0671892 -0.0512424 0.0665036 -0.105125 0.0662164 -0.159143 0.0661445 -0.217212 0.0664198 -0.275688 0.0673329 -0.338169 
4.078 -0.354225 0.274195 -0.352047 0.213443 -0.351351 0.159433 -0.351434 0.10703 -0.352623 0.0528018 -0.354726 -6.55027e-05 -0.357507 -0.0548524 
4.246 -0.363128 0.170785 -0.362908 0.11189 -0.364044 0.05886 -0.365952 0.00686689 -0.369044 -0.0475723 -0.373131 -0.101335 -0.377956 -0.157566 
4.047 0.00873853 0.0125873 0.00727527 -0.0456157 0.00610246 -0.0993557 0.00511943 -0.153096 0.00412419 -0.211025 0.00315767 -0.269337 0.00272049 -0.331581 
4.27 -0.217943 0.12627 -0.218924 0.0680231 -0.220736 0.0154236 -0.222975 -0.0364941 -0.226085 -0.0913055 -0.2298 -0.145861 -0.233842 -0.203218 
3.965 -0.226161 0.322134 -0.224625 0.259907 -0.223994 0.204988 -0.223816 0.152048 -0.224355 0.0976666 -0.225515 0.0450397 -0.227015 -0.00921927 
4.09 -0.439145 0.276935 -0.436154 0.216133 -0.434942 0.162063 -0.434822 0.109574 -0.435989 0.0552158 -0.438326 0.0022648 -0.441475 -0.0526219 
4.195 -0.238488 0.176264 -0.238531 0.117395 -0.239698 0.0646167 -0.241358 0.0128691 -0.243789 -0.0413116 -0.247092 -0.0948456 -0.250712 -0.150976 
4.086 -0.403534 0.27488 -0.400901 0.214133 -0.39995 0.160112 -0.399933 0.10768 -0.401131 0.0533717 -0.403408 0.000438679 -0.406441 -0.0544 
4.227 -0.215888 0.153664 -0.216476 0.0951102 -0.217883 0.0424597 -0.219738 -0.00928745 -0.222453 -0.0637616 -0.225802 -0.117584 -0.229501 -0.174163 
4.199 -0.113163 0.137228 -0.11437 0.0791547 -0.115765 0.026667 -0.1175 -0.0249503 -0.119637 -0.0794737 -0.122062 -0.133595 -0.124518 -0.190827 
4.199 -0.316559 0.196809 -0.316173 0.137627 -0.316927 0.0844796 -0.318329 0.0325293 -0.320946 -0.0217228 -0.324373 -0.0751275 -0.32835 -0.130941 
3.938 -0.235749 0.341309 -0.233916 0.278531 -0.232946 0.223287 -0.232541 0.170112 -0.232804 0.115519 -0.233717 0.0628683 -0.23496 0.00881164 
4.086 -0.200137 0.239269 -0.19982 0.179278 -0.200169 0.125878 -0.20106 0.0740837 -0.202595 0.0202325 -0.204701 -0.0324203 -0.207151 -0.0873392 
4.309 -0.217943 0.100247 -0.219279 0.0422745 -0.221486 -0.0104458 -0.224063 -0.0626096 -0.227503 -0.11794 -0.231506 -0.172908 -0.235855 -0.231112 
4.066 -0.230955 0.261868 -0.230071 0.201422 -0.230037 0.147649 -0.230579 0.0955409 -0.231877 0.0416438 -0.233855 -0.0109325 -0.236171 -0.065629 
3.898 -0.221367 0.356376 -0.219527 0.293127 -0.218622 0.237429 -0.218169 0.18394 -0.218346 0.129131 -0.219177 0.0764089 -0.220331 0.0222471 
1.274 0.1505 -0.0675387 0.151138 -0.127756 0.152314 -0.183838 0.153991 -0.240526 0.156224 -0.301777 0.1591 -0.364103 0.163242 -0.43169 
4.215 -0.159732 0.143391 -0.160724 0.0851488 -0.162104 0.032632 -0.163869 -0.0190745 -0.166243 -0.0735835 -0.169147 -0.127718 -0.172184 -0.184797 
4.086 -0.42134 0.27625 -0.418536 0.215475 -0.417485 0.161454 -0.41738 0.108954 -0.418575 0.0546643 -0.420933 0.00172267 -0.423982 -0.0531367 
4.094 -0.163841 0.224887 -0.163917 0.16525 -0.164632 0.112148 -0.165725 0.0604468 -0.167336 0.00671558 -0.169478 -0.0460051 -0.171797 -0.101061 
4.219 -0.196713 0.152294 -0.1974 0.0938136 -0.198776 0.041173 -0.200667 -0.0104317 -0.203291 -0.0648839 -0.206478 -0.118703 -0.209936 -0.175506 
3.986 0.0121627 -0.0305575 0.0107716 -0.0891956 0.00975316 -0.143779 0.00877711 -0.198604 0.007821 -0.257506 0.00696474 -0.317069 0.00657588 -0.380724 
4.09 -0.0994658 0.202972 -0.100404 0.143905 -0.10149 0.0911242 -0.102804 0.0396091 -0.104467 -0.0141633 -0.106352 -0.067116 -0.108131 -0.122616 
1.664 0.0683194 0.0420353 0.0670449 -0.0159755 0.0663266 -0.0693747 0.0659357 -0.122742 0.0658072 -0.179833 0.0660084 -0.237329 0.0667646 -0.298566 
4.102 -0.221367 0.233105 -0.220857 0.173164 -0.221222 0.119809 -0.222147 0.0679855 -0.223795 0.01412 -0.226112 -0.0386992 -0.228787 -0.0937433 
4.27 -0.173428 0.110519 -0.174752 0.0525386 -0.176563 -0.000163187 -0.178855 -0.0520613 -0.181786 -0.107018 -0.185206 -0.161852 -0.18883 -0.219621 
4 -0.200822 0.290631 -0.199946 0.229241 -0.199774 0.174974 -0.200063 0.122526 -0.201047 0.0686256 -0.202546 0.0161993 -0.204367 -0.0381137 
4.105 -0.194658 0.226257 -0.194465 0.166616 -0.195019 0.113335 -0.196026 0.0615065 -0.197734 0.00776679 -0.199997 -0.0449869 -0.202558 -0.100081 
4.121 -0.161786 0.202287 -0.16202 0.143156 -0.162942 0.0903175 -0.164169 0.0387145 -0.166061 -0.0150908 -0.16833 -0.0681893 -0.170862 -0.123756 
4.402 -0.0843994 -0.015491 -0.086549 -0.0738496 -0.0887895 -0.127899 -0.091125 -0.182218 -0.0938756 -0.240574 -0.0966852 -0.29938 -0.0994083 -0.3622 
4.266 -0.314505 0.153664 -0.31484 0.0949739 -0.316208 0.042139 -0.318252 -0.00978987 -0.321522 -0.0644813 -0.325616 -0.118455 -0.330272 -0.175163 
4.082 -0.389837 0.278304 -0.38732 0.217507 -0.386404 0.163461 -0.386358 0.111029 -0.387463 0.0567632 -0.389706 0.00387674 -0.392609 -0.0509596 
3.994 -0.2289 0.305698 -0.227516 0.244036 -0.226913 0.189464 -0.226895 0.136819 -0.227606 0.0826476 -0.228942 0.0300798 -0.230628 -0.02419 
4.223 -0.315875 0.174894 -0.315901 0.115937 -0.317008 0.0629658 -0.318794 0.0110385 -0.321787 -0.0433381 -0.325551 -0.0969882 -0.329902 -0.153128 
3.959 -0.139186 0.303643 -0.139003 0.241743 -0.139257 0.18716 -0.139792 0.134647 -0.140829 0.0806737 -0.14218 0.0282646 -0.143615 -0.025748 
1.617 0.0149021 0.064635 0.0133238 0.00677472 0.0120997 -0.0461744 0.0110141 -0.0987643 0.00995764 -0.154929 0.00911526 -0.211446 0.00862814 -0.271447 
4.293 -0.172059 0.0954527 -0.173517 0.0376459 -0.175421 -0.0149969 -0.17785 -0.0671122 -0.180877 -0.122496 -0.184418 -0.177558 -0.188163 -0.236048 
4.094 -0.180277 0.23242 -0.180159 0.172579 -0.180683 0.119347 -0.181672 0.0675676 -0.183264 0.0138099 -0.185397 -0.0389288 -0.187731 -0.0939465 
4.441 -0.0631694 -0.0469936 -0.0652777 -0.105766 -0.0673635 -0.160586 -0.0696111 -0.215871 -0.0720485 -0.275301 -0.0745421 -0.335323 -0.0770097 -0.39959 
3.906 -0.236433 0.356376 -0.234412 0.293103 -0.233339 0.237396 -0.232777 0.183906 -0.232884 0.129092 -0.233595 0.0762792 -0.234651 0.0221197 
1.47 0.0916039 -0.0682235 0.0912723 -0.128128 0.0915828 -0.184139 0.0920889 -0.240587 0.0929553 -0.301622 0.0941561 -0.363669 0.0961929 -0.43059 
1.476 0.0176414 0.12764 0.015943 0.0696733 0.0146564 0.0171064 0.013273 -0.0347446 0.0121962 -0.0895937 0.0112164 -0.144276 0.0106725 -0.202312 
4.191 -0.171374 0.161882 -0.172168 0.103349 -0.173425 0.0507775 -0.175063 -0.000834691 -0.177432 -0.054928 -0.180191 -0.108556 -0.183185 -0.164908 
3.965 -0.174798 0.306383 -0.174112 0.244463 -0.174021 0.189832 -0.174357 0.137268 -0.175227 0.0831617 -0.176588 0.0306544 -0.178119 -0.0234185 
4.359 -0.168634 0.0331324 -0.170728 -0.0248245 -0.173352 -0.078095 -0.176269 -0.131263 -0.17995 -0.188009 -0.183976 -0.245027 -0.188176 -0.305555 
4.266 -0.0398849 0.0427202 -0.0416049 -0.0149743 -0.0431583 -0.0680143 -0.0448096 -0.12096 -0.0465712 -0.177551 -0.0484137 -0.234421 -0.0499861 -0.294962 
4.215 -0.139871 0.139282 -0.140908 0.081137 -0.142495 0.0286686 -0.144073 -0.0230402 -0.146578 -0.0775189 -0.149156 -0.131704 -0.151881 -0.188866 
4.258 -0.0864539 0.0886043 -0.0880112 0.0308864 -0.0896728 -0.0216626 -0.0915827 -0.0738562 -0.0938208 -0.129306 -0.0962405 -0.184834 -0.0985765 -0.243659 
4.391 -0.048103 -0.0394603 -0.0499961 -0.09819 -0.0517786 -0.15292 -0.0535842 -0.207966 -0.0556741 -0.267257 -0.0577334 -0.327091 -0.059659 -0.391145 
4.121 -0.113163 0.189275 -0.114089 0.130249 -0.115212 0.0775112 -0.116681 0.0260295 -0.118464 -0.0277538 -0.120602 -0.0808113 -0.122672 -0.136434 
4.176 -0.0364608 0.0208054 -0.0381638 -0.0369878 -0.0397705 -0.0904814 -0.0414105 -0.143795 -0.0432356 -0.201119 -0.0450916 -0.258641 -0.0466728 -0.319949 
4.383 -0.202191 0.0358718 -0.204555 -0.0221335 -0.207229 -0.075449 -0.210717 -0.12855 -0.214789 -0.1853 -0.2192 -0.242252 -0.224295 -0.30264 
4.285 -0.14672 0.0933982 -0.148223 0.0354046 -0.150082 -0.0170345 -0.152362 -0.0692761 -0.155167 -0.124513 -0.158359 -0.179799 -0.161679 -0.238427 
4.188 -0.245336 0.195439 -0.245119 0.136336 -0.246036 0.0833835 -0.247505 0.0315907 -0.249795 -0.0224363 -0.252946 -0.0757215 -0.256447 -0.131526 
4.266 -0.147404 0.108465 -0.148787 0.0506814 -0.150558 -0.00199228 -0.152709 -0.0537803 -0.15542 -0.108746 -0.158551 -0.163596 -0.161731 -0.221537 
3.729 -0.105629 0.433078 -0.105333 0.36665 -0.105177 0.308835 -0.105337 0.253438 -0.105845 0.197302 -0.106436 0.143751 -0.106966 0.0894657 
3.764 -0.202191 0.441981 -0.199829 0.375441 -0.198391 0.317451 -0.197307 0.26207 -0.196922 0.205782 -0.196841 0.152079 -0.196984 0.0975367 
2.744 0.0340775 -0.0750719 0.0329432 -0.134722 0.0322082 -0.190464 0.0315543 -0.246715 0.0310116 -0.307404 0.0306336 -0.369006 0.0306921 -0.435331 
3.99 -0.173428 0.292001 -0.172841 0.230525 -0.17286 0.176232 -0.17327 0.123888 -0.174253 0.069905 -0.175713 0.0176416 -0.177331 -0.0365446 
3.826 -0.266566 0.419381 -0.263231 0.353802 -0.26121 0.296548 -0.259729 0.241723 -0.258994 0.185932 -0.258851 0.132431 -0.259058 0.078016 
4.109 0.0142172 0.146131 0.0124427 0.0879545 0.0111471 0.0354747 0.00978393 -0.0161808 0.00869326 -0.0706102 0.00775437 -0.124791 0.00717286 -0.181855 
1.646 0.131324 0.0338173 0.130447 -0.0245297 0.130328 -0.0781835 0.130763 -0.131704 0.131554 -0.189191 0.132982 -0.246897 0.13527 -0.308227 
4.059 -0.122065 0.231051 -0.122591 0.171349 -0.123486 0.118163 -0.124608 0.0665422 -0.126111 0.0127594 -0.127875 -0.0399648 -0.129698 -0.0950576 
1.649 0.0464046 0.0461444 0.0450367 -0.0118512 0.0440239 -0.0651374 0.0434033 -0.118427 0.0429144 -0.175384 0.0426913 -0.232794 0.0429807 -0.293947 
4.32 -0.0433091 -0.0134365 -0.0451465 -0.0717166 -0.0468514 -0.125914 -0.0486237 -0.180166 -0.0506194 -0.23874 -0.0526065 -0.29754 -0.0544103 -0.360319 
1.679 0.0806465 0.0338173 0.0794348 -0.0242587 0.0788609 -0.0777509 0.0787657 -0.13129 0.0787881 -0.188504 0.0792858 -0.246109 0.0804535 -0.307555 
3.818 -0.252185 0.418696 -0.24915 0.353154 -0.247393 0.295935 -0.246018 0.241139 -0.245316 0.185343 -0.245172 0.131891 -0.245488 0.0774542 
4.25 -0.162471 0.122846 -0.163648 0.0648383 -0.165377 0.0122221 -0.167469 -0.0395582 -0.17021 -0.0943341 -0.173408 -0.148894 -0.176764 -0.206362 
3.848 -0.31519 0.422805 -0.310911 0.357177 -0.308124 0.299821 -0.306183 0.244917 -0.304975 0.189012 -0.30462 0.135423 -0.304701 0.0808071 
4.352 -0.197398 0.0509382 -0.199489 -0.0069668 -0.202167 -0.0601297 -0.205243 -0.113062 -0.209232 -0.169424 -0.213519 -0.225985 -0.218399 -0.28594 
3.801 -0.214519 0.419381 -0.212024 0.353728 -0.21051 0.296383 -0.20948 0.241487 -0.208982 0.185605 -0.209069 0.132207 -0.209284 0.0778961 
4.301 -0.158362 0.0844953 -0.1599 0.0264473 -0.161981 -0.025992 -0.16433 -0.0784368 -0.167453 -0.133962 -0.170959 -0.189305 -0.174586 -0.248416 
2.992 0.0142172 0.111889 0.0125609 0.0539639 0.0112428 0.00142481 0.0100167 -0.0505959 0.00896278 -0.105667 0.00801691 -0.160739 0.00753906 -0.219211 
3.975 -0.0994658 0.279674 -0.09996 0.218366 -0.100626 0.164584 -0.101578 0.112335 -0.102795 0.0586848 -0.104223 0.00638729 -0.105598 -0.0478858 
3.961 -0.12275 0.298849 -0.122794 0.237223 -0.123174 0.1828 -0.123843 0.130394 -0.124941 0.076428 -0.126316 0.023997 -0.127679 -0.0299685 
4.391 -0.267251 0.043405 -0.269606 -0.0147403 -0.272766 -0.0681088 -0.27659 -0.121197 -0.281408 -0.177741 -0.286897 -0.23431 -0.293039 -0.294404 
4.188 -0.0713875 0.131749 -0.0727523 0.0737435 -0.0742545 0.0213174 -0.0758085 -0.0303664 -0.0776706 -0.0848469 -0.0796258 -0.139006 -0.0815183 -0.196268 
4.25 -0.243282 0.1475 -0.243721 0.0889664 -0.245231 0.0363026 -0.247304 -0.0155141 -0.250131 -0.0701043 -0.253942 -0.124024 -0.257991 -0.180883 
3.773 -0.226846 0.44335 -0.223928 0.376783 -0.221991 0.318776 -0.220712 0.263377 -0.21972 0.207056 -0.219555 0.153299 -0.219532 0.0987196 
3.932 -0.100836 0.309807 -0.101189 0.247833 -0.101768 0.193045 -0.102553 0.140536 -0.103648 0.0863894 -0.104948 0.0340665 -0.106201 -0.0199003 
1.478 0.0306533 0.115998 0.0290254 0.0579961 0.0276893 0.00543978 0.0266736 -0.0465933 0.0256389 -0.101615 0.0249104 -0.156555 0.0248597 -0.215057 
3.91 0.0642104 -0.0552116 0.0634193 -0.114282 0.0630474 -0.169444 0.0630204 -0.225165 0.0631048 -0.284969 0.0635364 -0.345468 0.0646816 -0.410651 
4.156 -0.0118066 0.0680592 -0.0134012 0.0102954 -0.0148562 -0.0425076 -0.0161592 -0.0947885 -0.0175556 -0.150688 -0.018752 -0.206702 -0.0196478 -0.266086 
3.809 -0.198082 0.409108 -0.196033 0.343707 -0.19468 0.286661 -0.193907 0.231947 -0.193656 0.176284 -0.193852 0.122936 -0.19419 0.0687321 
4.105 -0.135077 0.204342 -0.135709 0.145257 -0.136686 0.0924001 -0.13799 0.0408817 -0.139744 -0.0128991 -0.141815 -0.0659002 -0.143951 -0.121383 
3.793 -0.185755 0.416642 -0.183918 0.351053 -0.182779 0.29379 -0.182061 0.238945 -0.181829 0.183166 -0.182012 0.129823 -0.182348 0.0755175 
4.223 -0.0275579 0.0721682 -0.029322 0.0143374 -0.0308523 -0.0383431 -0.0322442 -0.0906279 -0.0339807 -0.146519 -0.0354422 -0.202394 -0.0364906 -0.261617 
4.355 -0.248076 0.0721682 -0.249773 0.0141339 -0.252451 -0.0388251 -0.255712 -0.0913987 -0.25987 -0.147262 -0.26449 -0.203063 -0.269685 -0.262142 
4.238 -0.0960416 0.10641 -0.097558 0.0485533 -0.0991258 -0.00397285 -0.100923 -0.0557452 -0.103145 -0.110602 -0.105482 -0.165335 -0.107867 -0.223261 
4.43 -0.266566 0.0255992 -0.269249 -0.03262 -0.272792 -0.086221 -0.276828 -0.139621 -0.281919 -0.196633 -0.287654 -0.25378 -0.294156 -0.314618 
4.305 -0.184386 0.0892891 -0.185893 0.0314034 -0.187988 -0.0212884 -0.190458 -0.0737293 -0.193709 -0.129107 -0.197445 -0.184423 -0.201419 -0.243077 
4.535 -0.287111 -0.0189152 -0.29083 -0.077656 -0.29478 -0.132111 -0.299794 -0.186524 -0.305995 -0.244853 -0.312826 -0.303742 -0.320919 -0.366583 
3.93 -0.0474182 0.286522 -0.0487961 0.225004 -0.0498629 0.170731 -0.0511118 0.118456 -0.0523595 0.0646675 -0.0537028 0.0123675 -0.0548276 -0.041701 
4.074 -0.0898781 0.215299 -0.0908361 0.155846 -0.0919477 0.102749 -0.0932199 0.0512124 -0.0948337 -0.00250783 -0.0965536 -0.0551925 -0.0981915 -0.110286 
4.266 -0.109054 0.0927133 -0.110584 0.0348434 -0.11236 -0.0177656 -0.114376 -0.069949 -0.116887 -0.125294 -0.119682 -0.180667 -0.122431 -0.23932 
4.184 -0.12549 0.153664 -0.126495 0.095374 -0.127899 0.0428548 -0.129448 -0.0086903 -0.13165 -0.062951 -0.134163 -0.116668 -0.136718 -0.173311 
4.055 -0.178907 0.258444 -0.178639 0.197882 -0.178956 0.144175 -0.179741 0.0921778 -0.181117 0.0383301 -0.182969 -0.0141653 -0.185071 -0.0687742 
4.012 -0.119326 0.268717 -0.119499 0.207817 -0.120153 0.154087 -0.120983 0.10203 -0.122241 0.0483881 -0.123796 -0.00392825 -0.125331 -0.058386 
4.34 -0.170004 0.0481989 -0.171968 -0.00969925 -0.174424 -0.0627635 -0.177275 -0.115631 -0.180808 -0.172061 -0.184694 -0.228644 -0.188717 -0.288615 
4.078 -0.135762 0.225572 -0.136126 0.165901 -0.136985 0.112699 -0.138106 0.0610565 -0.139713 0.00733579 -0.141616 -0.0452881 -0.143735 -0.100327 
4.379 -0.119326 0.0105328 -0.121507 -0.047561 -0.123838 -0.101227 -0.126505 -0.154824 -0.129718 -0.212368 -0.133118 -0.270157 -0.136504 -0.331766 
4.266 -0.12412 0.0947678 -0.125618 0.0368282 -0.127397 -0.0157962 -0.129516 -0.0679436 -0.132146 -0.123169 -0.135087 -0.178369 -0.138045 -0.236905 
4.227 -0.0323517 0.0571018 -0.0339651 -0.000649312 -0.0355456 -0.0533656 -0.0370754 -0.105738 -0.0387203 -0.161474 -0.0403888 -0.217955 -0.0417942 -0.277707 
4.395 -0.252869 0.0406657 -0.255237 -0.0174914 -0.258417 -0.0708736 -0.262141 -0.124079 -0.266771 -0.180711 -0.272099 -0.237521 -0.277842 -0.29771 
3.988 -0.0426243 0.262553 -0.0439705 0.201851 -0.0451944 0.148104 -0.0464766 0.0961868 -0.047865 0.042477 -0.0492174 -0.00985178 -0.0504481 -0.0642616 
4.242 -0.131653 0.119422 -0.132927 0.0614717 -0.134642 0.00879764 -0.136568 -0.0427467 -0.139037 -0.0974098 -0.141893 -0.151973 -0.144821 -0.209354 
4.016 -0.0426243 0.241323 -0.043991 0.181159 -0.0452485 0.127884 -0.0465985 0.076068 -0.0479599 0.0224517 -0.0493458 -0.0299534 -0.0505824 -0.0845882 
3.992 -0.0837146 0.264608 -0.0844119 0.203858 -0.085269 0.150263 -0.086284 0.0981727 -0.0876307 0.0445836 -0.0891028 -0.00770159 -0.090519 -0.0622028 
4.008 -0.0665936 0.250226 -0.067609 0.189898 -0.06873 0.136383 -0.0699066 0.0845908 -0.0713405 0.0308986 -0.0728508 -0.0214902 -0.0742345 -0.075996 
4.355 -0.183701 0.0454595 -0.185746 -0.0124649 -0.18845 -0.0656302 -0.191466 -0.118584 -0.19524 -0.175097 -0.199506 -0.23169 -0.203945 -0.29177 
4.051 -0.0768662 0.224202 -0.0772295 0.164679 -0.0785102 0.111665 -0.0798468 0.0599719 -0.0812294 0.00633575 -0.0827375 -0.0462439 -0.0842325 -0.101235 
4.07 -0.104945 0.220778 -0.105782 0.161187 -0.106785 0.108217 -0.108073 0.0566549 -0.109661 0.0029399 -0.111464 -0.0497698 -0.113226 -0.104793 
4.148 -0.139186 0.176948 -0.139885 0.118243 -0.141134 0.0656194 -0.142629 0.0140964 -0.14475 -0.0398728 -0.14716 -0.0932142 -0.149677 -0.149248 
4.141 -0.121381 0.176948 -0.122245 0.118245 -0.123509 0.0656338 -0.124879 0.0141332 -0.126938 -0.0397743 -0.129138 -0.0931505 -0.131511 -0.14918 
3.945 -0.0796055 0.289947 -0.0803034 0.22832 -0.0811089 0.174119 -0.082002 0.121857 -0.0832986 0.0680585 -0.0846919 0.0157913 -0.0859143 -0.0383471 
3.863 -0.0419395 0.299534 -0.0432664 0.237639 -0.0443994 0.183178 -0.0456716 0.130692 -0.0470024 0.0767749 -0.0482686 0.0244808 -0.0493278 -0.0294962 
4.047 0.00120531 0.060526 -0.000563836 0.00279314 -0.00179244 -0.0500584 -0.00315271 -0.102407 -0.00450341 -0.158339 -0.00565142 -0.214457 -0.006661 -0.273847 
4.363 -0.270675 0.0742227 -0.272369 0.0161227 -0.275209 -0.0368752 -0.278474 -0.0895269 -0.282751 -0.14534 -0.287774 -0.201067 -0.293613 -0.260046 
3.91 -0.33642 0.3824 -0.332427 0.318585 -0.329921 0.262445 -0.328281 0.20856 -0.327549 0.153331 -0.327727 0.100212 -0.328366 0.0458627 
1.487 0.107355 -0.0332968 0.107078 -0.0925534 0.107377 -0.147652 0.108128 -0.203148 0.109219 -0.26289 0.110722 -0.323248 0.113206 -0.388415 
4.328 -0.0426243 0.00368443 -0.0444393 -0.0544241 -0.0460766 -0.108241 -0.0478127 -0.161829 -0.0497323 -0.219297 -0.0516714 -0.277743 -0.0533932 -0.339783 
4.172 -0.139186 0.162567 -0.140061 0.104061 -0.141436 0.0515645 -0.143005 9.19247e-06 -0.145245 -0.0540748 -0.147758 -0.107665 -0.150416 -0.164132 
4.148 -0.0782359 0.161197 -0.0792204 0.10284 -0.0806259 0.0503051 -0.0823849 -0.00118355 -0.0840132 -0.0552334 -0.0859593 -0.108771 -0.087789 -0.165189 
4.16 -0.113847 0.163252 -0.114928 0.104678 -0.116226 0.0523247 -0.1178 0.000670288 -0.119726 -0.0533252 -0.121999 -0.106791 -0.124301 -0.163089 
4.191 -0.295329 0.179688 -0.29525 0.120754 -0.296298 0.0677775 -0.298028 0.0160416 -0.300759 -0.0382779 -0.304342 -0.0917743 -0.308422 -0.14772 
4.258 -0.185071 0.124216 -0.186123 0.0659384 -0.187853 0.0134629 -0.189987 -0.0388554 -0.192863 -0.0931949 -0.19624 -0.147767 -0.199854 -0.205331 
4.051 -0.0919326 0.230366 -0.0927099 0.170683 -0.0937681 0.117579 -0.0949956 0.0658746 -0.0964775 0.0122844 -0.0980881 -0.0401395 -0.0996787 -0.0948229 
3.842 0.0101082 0.0283386 0.00866789 -0.0297067 0.00747498 -0.0831534 0.00638958 -0.136473 0.00539719 -0.193767 0.00452329 -0.251299 0.00405811 -0.312662 
4.129 -0.0891933 0.176948 -0.0903422 0.118128 -0.0916238 0.0660355 -0.0930535 0.0145616 -0.0948238 -0.0390445 -0.096745 -0.0922153 -0.0986201 -0.147822 
4.184 -0.253554 0.178318 -0.253584 0.119517 -0.254629 0.0667369 -0.256262 0.0149715 -0.258776 -0.0392442 -0.262111 -0.0927715 -0.265777 -0.148881 
4.23 -0.173428 0.137913 -0.174398 0.0796451 -0.175861 0.0271497 -0.177807 -0.0245903 -0.180429 -0.079147 -0.183549 -0.13322 -0.186754 -0.190408 
3.908 -0.270675 0.369388 -0.267881 0.305674 -0.2662 0.249655 -0.265215 0.195925 -0.26497 0.140994 -0.265378 0.0880446 -0.266248 0.0337446 
4.023 -0.188495 0.275565 -0.187848 0.214644 -0.187898 0.16073 -0.188379 0.108528 -0.18952 0.0544728 -0.191252 0.00208172 -0.19312 -0.0525784 
1.422 0.0217504 0.161882 0.0199265 0.10348 0.0185713 0.0509037 0.0172391 -0.000600407 0.0161164 -0.0548749 0.0152024 -0.108606 0.0146633 -0.165275 
4.273 -0.10152 0.0810711 -0.103213 0.0232981 -0.104973 -0.0293462 -0.106905 -0.0816316 -0.109273 -0.137189 -0.111778 -0.19292 -0.114357 -0.25187 
1.645 0.188166 0.00231475 0.187862 -0.0563878 0.188633 -0.110786 0.19025 -0.165139 0.192158 -0.223362 0.195214 -0.282072 0.198849 -0.34475 
4.102 -0.0166005 0.0269689 -0.0182977 -0.0309482 -0.0198662 -0.0844772 -0.0211499 -0.13766 -0.0228895 -0.195044 -0.0242779 -0.252441 -0.0253226 -0.313648 
4.188 -0.274099 0.179688 -0.274146 0.120914 -0.275211 0.0680332 -0.276919 0.0161122 -0.279594 -0.0382084 -0.283031 -0.09183 -0.286958 -0.1481 
4.086 -0.124805 0.217354 -0.125318 0.157858 -0.126302 0.104908 -0.127497 0.0533824 -0.129176 -0.000241352 -0.131127 -0.0528855 -0.133223 -0.107767 
3.891 -0.323408 0.391303 -0.319517 0.326926 -0.317152 0.270462 -0.315571 0.216412 -0.314882 0.161055 -0.314994 0.107922 -0.315598 0.0534808 
