0.782 -0.0261882 0.433078 0.0329239 0.430287 0.0873293 0.430047 0.141019 0.430468 0.197253 0.431131 0.253679 0.434129 0.311134 0.438106 
4.051 -0.200137 -0.14698 -0.140049 -0.145727 -0.0857428 -0.144041 -0.0332616 -0.143698 0.0206451 -0.144519 0.074156 -0.145275 0.128076 -0.146775 
4.234 -0.118641 -0.299699 -0.0601073 -0.298593 -0.00657401 -0.297359 0.045964 -0.297967 0.100411 -0.300311 0.155022 -0.302851 0.210432 -0.306538 
4.07 -0.174113 -0.0901383 -0.114474 -0.089733 -0.0606648 -0.0886927 -0.00835374 -0.0887888 0.0455431 -0.0899461 0.0991929 -0.0908735 0.153348 -0.0922741 
4.152 -0.169319 -0.306547 -0.110001 -0.304308 -0.0560813 -0.302126 -0.00347573 -0.301716 0.050672 -0.303083 0.104652 -0.304691 0.159076 -0.30749 
4.227 -0.043994 -0.0264484 0.0137154 -0.0273696 0.0669638 -0.0272779 0.119815 -0.0279842 0.17541 -0.0296469 0.231763 -0.0307025 0.289479 -0.0320185 
4.34 -0.0063279 -0.157937 0.0514201 -0.159052 0.105072 -0.159648 0.15857 -0.161543 0.214923 -0.164837 0.272156 -0.167854 0.330956 -0.171531 
4.129 -0.115902 -0.036721 -0.0574582 -0.0372802 -0.00421767 -0.0368819 0.0479603 -0.0373737 0.102208 -0.0387551 0.156741 -0.0395867 0.212196 -0.0407724 
4.176 -0.152883 -0.305862 -0.0938334 -0.303971 -0.040032 -0.302129 0.0124631 -0.302066 0.0666862 -0.303706 0.120835 -0.305648 0.175533 -0.308801 
4.246 -0.111108 -0.362704 -0.0525436 -0.361531 0.00102014 -0.36036 0.0536527 -0.361223 0.108121 -0.364 0.162801 -0.36718 0.218263 -0.371637 
4.254 -0.100151 -0.292165 -0.0417636 -0.291469 0.0117027 -0.290656 0.0642866 -0.291579 0.118917 -0.294276 0.173788 -0.297143 0.229556 -0.301137 
4.199 -0.136447 -0.321613 -0.0776565 -0.319991 -0.0239554 -0.318387 0.0285816 -0.318635 0.0829008 -0.320721 0.137245 -0.323064 0.192257 -0.326593 
4.184 -0.14535 -0.292165 -0.0863872 -0.290565 -0.0326398 -0.288934 0.0198286 -0.289062 0.074091 -0.290922 0.128265 -0.292957 0.183095 -0.296117 
4.176 -0.153568 -0.333941 -0.09454 -0.331903 -0.04072 -0.329917 0.0118193 -0.329811 0.0660338 -0.33148 0.120215 -0.333515 0.17494 -0.336751 
4.25 -0.107684 -0.31545 -0.0492081 -0.314535 0.00433774 -0.313566 0.0569201 -0.3144 0.111435 -0.317086 0.166191 -0.320017 0.22172 -0.324149 
4.207 -0.129599 -0.307917 -0.0708578 -0.306595 -0.0171953 -0.305184 0.0352753 -0.305596 0.0896742 -0.307801 0.144058 -0.310232 0.199185 -0.313829 
4.129 -0.184386 -0.300384 -0.124778 -0.297955 -0.070643 -0.295499 -0.0179965 -0.2949 0.0361218 -0.295959 0.0899788 -0.297272 0.144226 -0.299736 
4.211 -0.133023 -0.344213 -0.0742624 -0.342567 -0.020571 -0.340985 0.031949 -0.341277 0.0863029 -0.343516 0.140702 -0.346018 0.195771 -0.349826 
4.254 -0.104945 -0.334625 -0.046491 -0.33364 0.00699713 -0.332663 0.059632 -0.33355 0.114204 -0.336317 0.169011 -0.3394 0.224703 -0.343777 
0.893 -0.352171 0.350212 -0.285508 0.341659 -0.226436 0.336087 -0.170208 0.331031 -0.113351 0.326242 -0.058354 0.323209 -0.00428162 0.321044 
4.18 -0.150829 -0.38051 -0.0917988 -0.378237 -0.0379861 -0.376106 0.0146075 -0.376034 0.0688388 -0.377907 0.123017 -0.380199 0.177787 -0.383884 
4.094 -0.159732 -0.0969867 -0.100584 -0.0967181 -0.0469798 -0.0957709 0.00522029 -0.0959019 0.0591912 -0.0971451 0.113019 -0.0981005 0.167493 -0.0995715 
4.148 -0.172059 -0.377085 -0.112714 -0.374276 -0.0587196 -0.371691 -0.00606344 -0.371138 0.048096 -0.372479 0.102134 -0.3742 0.156555 -0.377342 
4.152 -0.16795 -0.327092 -0.108647 -0.324748 -0.0546814 -0.322512 -0.00206581 -0.322097 0.0520697 -0.323496 0.106069 -0.325234 0.160537 -0.328159 
4.129 -0.185071 -0.334625 -0.125404 -0.331872 -0.0712608 -0.329267 -0.0185597 -0.32852 0.0355698 -0.329586 0.0894488 -0.330957 0.143688 -0.333594 
4.18 -0.151513 -0.348322 -0.0924972 -0.346273 -0.0386814 -0.344219 0.0138813 -0.344141 0.0681067 -0.345895 0.12231 -0.348024 0.177063 -0.351395 
4.211 -0.130284 -0.374346 -0.0715038 -0.372619 -0.0177685 -0.371016 0.0347611 -0.371426 0.0891252 -0.373866 0.143497 -0.376645 0.198594 -0.380801 
4.234 -0.117956 -0.327777 -0.0594159 -0.326564 -0.00585068 -0.325302 0.0467408 -0.325937 0.101194 -0.32839 0.155823 -0.331098 0.211215 -0.335047 
4.137 -0.178222 -0.353801 -0.118641 -0.35112 -0.0645366 -0.348578 -0.0118701 -0.348019 0.0422772 -0.349292 0.0961771 -0.350892 0.150512 -0.353768 
4.281 -0.0542665 -0.163416 0.00352605 -0.163923 0.0568569 -0.163942 0.10973 -0.165297 0.165004 -0.168088 0.220935 -0.170645 0.278055 -0.173878 
4.137 -0.180277 -0.31682 -0.120695 -0.314363 -0.0665568 -0.311936 -0.0139252 -0.311398 0.0402065 -0.312558 0.0941118 -0.314034 0.148351 -0.316691 
4.195 -0.102205 -0.141501 -0.0439875 -0.141473 0.00916459 -0.140831 0.0615489 -0.141601 0.116048 -0.143571 0.170979 -0.1454 0.226863 -0.147883 
2.064 -0.324093 0.248856 -0.259454 0.243586 -0.2019 0.240626 -0.146808 0.23771 -0.090951 0.234795 -0.0366009 0.233294 0.0169915 0.232546 
4.031 -0.217258 -0.167525 -0.156703 -0.16586 -0.10213 -0.163809 -0.0494415 -0.163148 0.00449679 -0.163825 0.0579646 -0.164344 0.111679 -0.165754 
4.266 -0.100836 -0.374346 -0.0423996 -0.373271 0.0111253 -0.372191 0.0637522 -0.373199 0.11835 -0.37614 0.173203 -0.379539 0.228898 -0.384225 
4.102 -0.129599 -0.0360362 -0.0711004 -0.0364386 -0.017789 -0.0360479 0.0343837 -0.0363983 0.0886024 -0.0377065 0.14296 -0.0384459 0.198239 -0.0395033 
4.086 -0.185755 -0.168895 -0.125981 -0.167609 -0.0719506 -0.165926 -0.019556 -0.165702 0.0343667 -0.166792 0.0881181 -0.167768 0.142091 -0.169616 
0.86 -0.0255034 0.391303 0.0334927 0.388819 0.0878221 0.388876 0.141452 0.389476 0.197667 0.390268 0.254211 0.393191 0.311833 0.397115 
4.16 -0.163841 -0.365443 -0.104553 -0.362974 -0.050578 -0.360651 0.00204393 -0.360364 0.0562091 -0.361982 0.11025 -0.363938 0.164737 -0.367281 
4.234 -0.117956 -0.344213 -0.0593849 -0.342903 -0.00581022 -0.341638 0.0467718 -0.342244 0.101236 -0.344749 0.155857 -0.347564 0.211245 -0.351674 
4.156 -0.162471 -0.293535 -0.103207 -0.291597 -0.049325 -0.289629 0.0032238 -0.289417 0.0573559 -0.290931 0.111404 -0.29264 0.165896 -0.295505 
4.109 -0.196713 -0.313395 -0.136757 -0.310639 -0.0824304 -0.307953 -0.0296926 -0.307082 0.0244412 -0.308026 0.0782405 -0.309178 0.132263 -0.311565 
0.863 -0.0843994 0.378291 -0.0248681 0.374529 0.0293737 0.373348 0.0826364 0.372671 0.138124 0.372311 0.193513 0.373858 0.249663 0.376411 
4.207 -0.130968 -0.29285 -0.0722532 -0.291572 -0.0186217 -0.290169 0.0338596 -0.290528 0.0882204 -0.292672 0.142616 -0.294984 0.197712 -0.298397 
4.203 -0.0645391 -0.036721 -0.00677896 -0.037448 0.0463864 -0.0372641 0.0989593 -0.0379062 0.1541 -0.0395529 0.209969 -0.0405755 0.267064 -0.0419422 
4.156 -0.167265 -0.344898 -0.107964 -0.342467 -0.0540007 -0.340116 -0.00140555 -0.339743 0.0527602 -0.341183 0.106797 -0.342985 0.161259 -0.346006 
4.125 -0.159047 -0.167525 -0.0998556 -0.16655 -0.0462353 -0.165204 0.00607709 -0.165255 0.060161 -0.166656 0.114048 -0.167964 0.16863 -0.170096 
4.25 -0.113847 -0.388728 -0.0552631 -0.387364 -0.0016851 -0.386135 0.0509417 -0.386953 0.105416 -0.389783 0.160061 -0.393049 0.215421 -0.397689 
4.215 -0.133708 -0.35791 -0.0749474 -0.356146 -0.0212262 -0.354487 0.0313015 -0.354787 0.0856265 -0.356997 0.140024 -0.359596 0.195083 -0.363507 
1.378 0.000520477 0.239269 0.0589968 0.238138 0.113139 0.238982 0.166999 0.239872 0.223689 0.240733 0.281074 0.243022 0.339864 0.245861 
0.934 -0.287111 0.346103 -0.222754 0.338923 -0.165443 0.334584 -0.110514 0.330661 -0.0546098 0.326972 -0.000119093 0.325093 0.0538337 0.324096 
4.137 -0.141926 -0.140131 -0.0831817 -0.139579 -0.0297291 -0.138549 0.0225189 -0.138799 0.0766293 -0.140321 0.130758 -0.141721 0.185717 -0.143786 
4.215 -0.130968 -0.391467 -0.0721843 -0.389615 -0.0184733 -0.387961 0.0340641 -0.388373 0.0884496 -0.390781 0.142824 -0.393619 0.197942 -0.397883 
1.392 0.00736885 0.226942 0.0658172 0.225848 0.11996 0.226771 0.173943 0.227694 0.230734 0.228434 0.288308 0.230674 0.347271 0.233402 
4.188 -0.148089 -0.364758 -0.089064 -0.362703 -0.0352582 -0.360725 0.0173069 -0.360751 0.0715434 -0.362724 0.125723 -0.36504 0.18051 -0.368687 
4.109 -0.198767 -0.332571 -0.138815 -0.329613 -0.0845147 -0.326833 -0.0316793 -0.325871 0.0224316 -0.326768 0.0762535 -0.327964 0.130277 -0.330392 
3.416 0.0820162 0.0680592 0.140692 0.0673414 0.195829 0.0679526 0.25139 0.0681229 0.310388 0.0675399 0.370552 0.0678964 0.432843 0.0684515 
0.789 -0.299438 0.435132 -0.234506 0.425622 -0.176565 0.419317 -0.121194 0.413966 -0.0648292 0.408876 -0.0100574 0.406043 0.0441224 0.404251 
1.906 -0.263827 0.194754 -0.201214 0.190964 -0.145196 0.189183 -0.0914378 0.187219 -0.0365803 0.185381 0.0171519 0.184638 0.0706944 0.184506 
4.227 -0.0802904 -0.142186 -0.0222564 -0.142416 0.0310196 -0.14212 0.0834717 -0.143144 0.138313 -0.145454 0.19349 -0.147497 0.249902 -0.150214 
4.129 -0.185071 -0.368182 -0.125408 -0.365154 -0.0712572 -0.36235 -0.0185285 -0.361562 0.0355721 -0.362624 0.0894982 -0.364079 0.143716 -0.366886 
4.168 -0.164525 -0.395576 -0.105199 -0.392865 -0.0512025 -0.390384 0.00143684 -0.390022 0.0556244 -0.391649 0.10969 -0.393742 0.164192 -0.397246 
4.09 -0.172743 -0.143556 -0.113113 -0.142635 -0.0594155 -0.14124 -0.00705771 -0.141174 0.046913 -0.142421 0.100672 -0.143443 0.154911 -0.145227 
4.273 -0.0980962 -0.355171 -0.0396556 -0.354223 0.0138426 -0.353264 0.0664863 -0.354279 0.121069 -0.357216 0.175947 -0.360503 0.231643 -0.365085 
4.109 -0.198082 -0.348322 -0.138113 -0.345221 -0.0837949 -0.342282 -0.0309504 -0.341309 0.0231651 -0.342184 0.0769943 -0.343381 0.131016 -0.345914 
0.83 -0.300808 0.394042 -0.235953 0.385407 -0.178208 0.379745 -0.123057 0.374797 -0.0669711 0.370219 -0.0123722 0.367564 0.0417137 0.365972 
4.113 -0.199452 -0.40037 -0.139469 -0.396699 -0.0850969 -0.393436 -0.0321881 -0.392281 0.0219389 -0.393074 0.075773 -0.394334 0.129825 -0.397029 
0.802 -0.31519 0.396781 -0.249516 0.387654 -0.191232 0.381768 -0.135488 0.376549 -0.0790563 0.371731 -0.0243267 0.368889 0.0300763 0.366877 
4.211 -0.0665936 -0.0586358 -0.0088894 -0.0593289 0.044268 -0.0591521 0.0968465 -0.0598987 0.151986 -0.0617016 0.207742 -0.0630222 0.264747 -0.064667 
4.27 -0.100151 -0.389412 -0.0417166 -0.388292 0.0118288 -0.387252 0.0644861 -0.388264 0.119046 -0.391318 0.173906 -0.39475 0.229581 -0.399644 
1.068 -0.332311 0.303643 -0.266623 0.296762 -0.208299 0.292522 -0.1527 0.288569 -0.096432 0.284721 -0.0417311 0.282527 0.012123 0.281142 
4.105 -0.200137 -0.299699 -0.140155 -0.297028 -0.085843 -0.294375 -0.033053 -0.293523 0.0210518 -0.29436 0.074827 -0.295448 0.128833 -0.297711 
1.167 -0.322723 0.278989 -0.257892 0.272916 -0.200331 0.269407 -0.145096 0.266004 -0.0891555 0.26266 -0.034745 0.260905 0.0189563 0.25984 
1.703 0.0135324 0.0701137 0.0714274 0.0694859 0.125141 0.0698386 0.179013 0.0698026 0.235825 0.0691972 0.293562 0.0695498 0.352855 0.0698149 
1.063 -0.237118 0.308437 -0.175071 0.302818 -0.119324 0.299781 -0.0655323 0.296997 -0.0603268 0.309423 -0.00597056 0.307545 0.0478724 0.306514 
3.447 0.10941 0.0680592 0.168707 0.0677029 0.224425 0.0681627 0.280746 0.0683832 0.340713 0.0679052 0.402068 0.0682678 0.465764 0.0690074 
4.316 -0.0309821 -0.162046 0.0266869 -0.16296 0.080171 -0.163219 0.133227 -0.16488 0.189126 -0.167964 0.245574 -0.170776 0.303458 -0.174276 
0.853 -0.069333 0.383085 -0.00991256 0.379547 0.0443205 0.378569 0.0977668 0.37817 0.15345 0.378075 0.209055 0.379932 0.265601 0.382764 
4.242 -0.0830297 -0.16958 -0.0249229 -0.169618 0.0282687 -0.169266 0.0807484 -0.170294 0.1356 -0.172747 0.190764 -0.175036 0.247024 -0.178069 
1.454 -0.2515 0.285153 -0.189017 0.279918 -0.133002 0.277042 -0.0791371 0.274367 -0.0240083 0.271732 0.0299737 0.270766 0.0837655 0.27048 
4.191 -0.149459 -0.395576 -0.0904217 -0.39325 -0.0366047 -0.391108 0.0159922 -0.391042 0.0702351 -0.393045 0.124429 -0.395416 0.179179 -0.399262 
4.133 -0.183016 -0.385303 -0.123401 -0.38221 -0.0692138 -0.379385 -0.0164869 -0.378624 0.0376424 -0.379789 0.0915576 -0.381342 0.145822 -0.384359 
1.661 0.133379 0.169415 0.193322 0.169764 0.24978 0.171685 0.306841 0.173278 0.367696 0.174576 0.430157 0.177253 0.495127 0.180423 
4.105 -0.151513 -0.109999 -0.092582 -0.109686 -0.039039 -0.108742 0.0131526 -0.108915 0.0672142 -0.110265 0.121191 -0.111389 0.175834 -0.113046 
4.109 -0.198767 -0.365443 -0.13879 -0.362163 -0.0844822 -0.359125 -0.0315895 -0.358128 0.0224951 -0.358939 0.0763234 -0.360193 0.130356 -0.36279 
4.02 -0.23027 -0.175743 -0.169272 -0.173644 -0.114503 -0.171374 -0.0615958 -0.170482 -0.00749874 -0.17086 0.0459135 -0.171279 0.0994604 -0.172535 
1.658 0.0847555 0.123531 0.143595 0.123119 0.198803 0.12427 0.254451 0.125083 0.313509 0.125302 0.373853 0.126772 0.436279 0.128578 
1.376 -0.0344062 0.0803862 0.0233526 0.0792475 0.0767035 0.0794807 0.129683 0.0793623 0.185303 0.0786625 0.241758 0.0789892 0.299414 0.0793159 
1.402 -0.0576907 0.0797014 0.000320217 0.0785024 0.0536742 0.0786743 0.106443 0.0784277 0.161724 0.0776584 0.217671 0.0778562 0.274615 0.0780899 
4.066 -0.187125 -0.142186 -0.127239 -0.141103 -0.0731499 -0.139569 -0.0207658 -0.139352 0.0331198 -0.140409 0.086719 -0.141313 0.140675 -0.14291 
4.109 -0.198767 -0.382564 -0.138805 -0.379093 -0.084427 -0.375927 -0.0315415 -0.37482 0.0225863 -0.37562 0.0764176 -0.376893 0.130453 -0.379581 
1.706 -0.316559 0.224202 -0.251996 0.219459 -0.194544 0.216896 -0.139641 0.214305 -0.0839651 0.211619 -0.0298512 0.210396 0.0236202 0.209759 
1.666 0.0813313 0.105725 0.140094 0.105273 0.195267 0.106077 0.250864 0.106769 0.309866 0.106764 0.37012 0.10782 0.4325 0.109019 
1.377 0.00325983 0.255705 0.0617948 0.254576 0.115995 0.255531 0.169966 0.256604 0.226747 0.257529 0.284244 0.26007 0.343108 0.263262 
4.184 -0.119326 -0.172319 -0.0607975 -0.171857 -0.00744636 -0.171026 0.0448768 -0.171529 0.0991529 -0.17352 0.153671 -0.175344 0.209083 -0.177984 
4.137 -0.183701 -0.40037 -0.124059 -0.397151 -0.0698567 -0.394216 -0.0171315 -0.393386 0.0370059 -0.394541 0.090937 -0.396122 0.145159 -0.399167 
1.18 -0.302178 0.267347 -0.238119 0.261893 -0.180975 0.258577 -0.126207 0.255573 -0.0704832 0.252469 -0.0162449 0.251013 0.037401 0.25033 
4.266 -0.0967265 -0.306547 -0.038342 -0.305824 0.0150584 -0.304987 0.0676937 -0.305956 0.122307 -0.308725 0.177227 -0.311704 0.232961 -0.315846 
0.95 -0.366553 0.333776 -0.299227 0.325524 -0.239697 0.320165 -0.183091 0.31524 -0.125929 0.310516 -0.0706016 0.307624 -0.016342 0.3055 
0.856 -0.452157 0.355006 -0.38081 0.344817 -0.318256 0.337777 -0.259115 0.331312 -0.199982 0.325072 -0.14317 0.320728 -0.0880353 0.317154 
0.831 -0.429558 0.362539 -0.359281 0.352377 -0.297664 0.345391 -0.239175 0.338965 -0.180591 0.332888 -0.124299 0.328664 -0.0694403 0.325274 
4.141 -0.129599 -0.107259 -0.0710674 -0.107057 -0.0177785 -0.106355 0.0344523 -0.106664 0.0886581 -0.108205 0.143083 -0.109481 0.198348 -0.11137 
4.242 -0.0672785 -0.136022 -0.0093871 -0.136392 0.0438085 -0.136225 0.0963834 -0.137263 0.151392 -0.139689 0.207042 -0.141819 0.263786 -0.144577 
1.372 -0.00495822 0.215299 0.0532888 0.214106 0.107351 0.214953 0.161052 0.215593 0.21767 0.216272 0.274792 0.218095 0.333397 0.22053 
2.83 0.114888 0.123531 0.17431 0.1235 0.23028 0.125001 0.286661 0.12605 0.346689 0.126648 0.408264 0.128332 0.47215 0.130464 
4.219 -0.103575 -0.183961 -0.0452557 -0.18372 0.00802644 -0.18308 0.0604301 -0.183809 0.11495 -0.186116 0.169775 -0.188204 0.225472 -0.191058 
0.874 -0.401479 0.350897 -0.332541 0.341637 -0.271928 0.33538 -0.214311 0.3297 -0.15641 0.32434 -0.100618 0.320591 -0.0460132 0.31782 
0.956 -0.324777 0.337885 -0.259257 0.330279 -0.201062 0.325461 -0.145525 0.321167 -0.0892624 0.317077 -0.0345088 0.314686 0.0193867 0.313181 
4.258 -0.0255034 -0.0339816 0.0321505 -0.0349207 0.0855354 -0.0349091 0.138625 -0.035703 0.194642 -0.0375265 0.251515 -0.0387124 0.309839 -0.0402122 
4.113 -0.157677 -0.140816 -0.0984458 -0.140045 -0.0448111 -0.138882 0.00751055 -0.139001 0.061415 -0.14039 0.115286 -0.141617 0.169831 -0.143553 
1.78 0.0655801 0.0735379 0.124027 0.0727992 0.178731 0.0733422 0.233645 0.0735122 0.291945 0.0729153 0.351383 0.0733073 0.412715 0.0739208 
0.889 -0.389152 0.342679 -0.320672 0.333722 -0.260387 0.32775 -0.203097 0.322301 -0.14532 0.317041 -0.0897111 0.313516 -0.0352489 0.310915 
0.818 -0.452842 0.369388 -0.381533 0.358788 -0.31891 0.351335 -0.259752 0.3445 -0.200569 0.33804 -0.14372 0.333386 -0.0885478 0.329641 
4.219 -0.122065 -0.260663 -0.0634392 -0.259696 -0.00985007 -0.258599 0.0426567 -0.259154 0.0970621 -0.261497 0.15164 -0.263849 0.206891 -0.267312 
1.474 -0.259718 0.268717 -0.196997 0.263487 -0.140788 0.260614 -0.0866349 0.258086 -0.0314181 0.255544 0.0226342 0.254618 0.0764363 0.254415 
1.566 0.0587317 0.1701 0.117372 0.169762 0.172179 0.171068 0.227103 0.17218 0.28525 0.172926 0.344419 0.17499 0.356457 0.16375 
4.109 -0.157677 -0.12712 -0.0986129 -0.126471 -0.0449579 -0.12537 0.00729704 -0.12545 0.0612921 -0.126801 0.115195 -0.127953 0.169771 -0.129721 
4.246 -0.10152 -0.259293 -0.0430835 -0.258819 0.0103448 -0.25806 0.0629086 -0.258969 0.117475 -0.261627 0.172317 -0.264325 0.228001 -0.268093 
1.12 -0.335735 0.288577 -0.270288 0.282123 -0.212196 0.278197 -0.156633 0.274519 -0.100314 0.270925 -0.0457184 0.268927 0.00808755 0.267675 
4.297 -0.0248185 -0.117532 0.0328642 -0.118425 0.0863203 -0.118676 0.139385 -0.120069 0.195355 -0.122746 0.252152 -0.125066 0.310298 -0.127936 
1.665 0.0888645 0.141337 0.147834 0.141192 0.203202 0.142506 0.259021 0.143548 0.318162 0.14401 0.378702 0.145735 0.441361 0.14784 
1.34 -0.026873 0.110519 0.0310051 0.109308 0.084491 0.109599 0.137574 0.109656 0.193372 0.109295 0.249885 0.110035 0.307607 0.110765 
4.199 -0.0919326 -0.114792 -0.0339259 -0.114972 0.019257 -0.1146 0.0716361 -0.115314 0.126212 -0.117352 0.181344 -0.119062 0.237333 -0.121372 
1.749 0.103931 0.0927133 0.163003 0.0922109 0.218701 0.0931185 0.274846 0.0937237 0.334514 0.0935883 0.395726 0.0944831 0.459005 0.0956906 
3.006 0.00257499 0.043405 0.0603841 0.0424071 0.114048 0.0427759 0.167762 0.0424412 0.224647 0.0417154 0.282366 0.0414608 0.341607 0.0413045 
4.277 -0.0398849 -0.118902 0.0179763 -0.119709 0.0712144 -0.119845 0.124056 -0.121158 0.17968 -0.12372 0.236116 -0.12597 0.293683 -0.128742 
4.137 -0.117272 -0.0593206 -0.0588012 -0.0596629 -0.00553752 -0.0591568 0.0466176 -0.0597089 0.100855 -0.0611842 0.155341 -0.0622351 0.210712 -0.0637242 
1.541 0.0244898 0.089974 0.0824955 0.0889676 0.136496 0.089587 0.190548 0.0896403 0.247746 0.0892581 0.305863 0.0897404 0.365558 0.0904084 
0.874 -0.420655 0.350212 -0.350759 0.340665 -0.289372 0.334167 -0.231163 0.328153 -0.172803 0.322548 -0.116644 0.318615 -0.0618131 0.31561 
4.285 -0.022764 -0.091508 0.034761 -0.0924665 0.0882397 -0.0926324 0.141429 -0.0938934 0.197483 -0.096318 0.254147 -0.0983139 0.312546 -0.100731 
0.852 -0.043994 0.389933 0.0151305 0.386943 0.069388 0.386532 0.122854 0.386565 0.178878 0.386895 0.235045 0.389383 0.292248 0.392788 
0.748 -0.0323517 0.453623 0.0268875 0.450273 0.0813082 0.449922 0.13501 0.449943 0.191219 0.450538 0.247631 0.453278 0.304916 0.457272 
1.474 0.0368169 0.244062 0.0953956 0.243544 0.149963 0.244788 0.204414 0.246163 0.261896 0.247321 0.320452 0.250192 0.380469 0.253609 
1.422 -0.0131763 0.0797014 0.0446591 0.0786447 0.0982347 0.0790002 0.151461 0.0789268 0.20754 0.0783069 0.264318 0.0786503 0.32245 0.0790668 
0.873 -0.436406 0.347473 -0.365881 0.337706 -0.303807 0.331018 -0.245115 0.324818 -0.186259 0.319067 -0.129824 0.314937 -0.0748706 0.311634 
1.36 -0.0111218 0.261868 0.0474128 0.26054 0.101658 0.26122 0.155338 0.262107 0.211902 0.262886 0.268927 0.265318 0.327426 0.268348 
4.078 -0.157677 -0.0689084 -0.0986373 -0.06894 -0.0450743 -0.0681457 0.00721491 -0.0683206 0.0612462 -0.0695422 0.115173 -0.0703586 0.169874 -0.0715479 
4.387 0.0354472 -0.123695 0.0935109 -0.125254 0.147667 -0.126223 0.202033 -0.128267 0.259501 -0.131646 0.318029 -0.134533 0.378353 -0.138143 
4.266 -0.0378304 -0.0921929 0.0199285 -0.0930661 0.0731791 -0.0931617 0.126017 -0.0943071 0.181716 -0.096642 0.238043 -0.0985784 0.295738 -0.100937 
4.234 0.116943 -0.00658814 0.176311 -0.00792509 0.232363 -0.00819883 0.289052 -0.00915908 0.34941 -0.0110923 0.411374 -0.0122954 0.475755 -0.0136951 
1.366 -0.022764 0.0968224 0.0350401 0.0956895 0.0885538 0.0960734 0.14176 0.0960727 0.197708 0.095574 0.254456 0.0960966 0.312386 0.0966863 
1.607 0.0737981 0.179688 0.1326 0.179412 0.187762 0.18085 0.243064 0.182106 0.301751 0.182975 0.361687 0.18527 0.423536 0.187943 
1.629 0.078592 0.162567 0.137383 0.162344 0.19252 0.163751 0.247907 0.164971 0.306642 0.165795 0.366667 0.16793 0.428694 0.170396 
1.295 -0.277524 0.270086 -0.21437 0.264769 -0.15783 0.261879 -0.103567 0.259037 -0.0481895 0.25639 0.0059114 0.255234 0.0596574 0.254841 
1.384 -0.150829 0.219408 -0.0910085 0.216281 -0.0368689 0.215223 0.0160318 0.214255 0.0706279 0.213202 0.124835 0.213609 0.179711 0.214616 
0.997 -0.37888 0.319395 -0.3113 0.311416 -0.251653 0.30615 -0.194877 0.301235 -0.137716 0.296369 -0.0824398 0.293511 -0.0283207 0.291093 
0.901 -0.337105 0.360485 -0.270708 0.352077 -0.212009 0.346599 -0.15601 0.341636 -0.0993245 0.336986 -0.0442863 0.334188 0.00991814 0.332336 
1.687 0.101192 0.159143 0.160482 0.159167 0.216206 0.160715 0.272328 0.162012 0.332092 0.162867 0.393238 0.165067 0.456565 0.167655 
0.982 -0.343953 0.328982 -0.277802 0.321199 -0.219182 0.316282 -0.16326 0.311791 -0.106676 0.307502 -0.0517831 0.304936 0.00224348 0.303159 
4.246 -0.0494727 -0.0771264 0.00834131 -0.0778771 0.0614779 -0.0778311 0.114155 -0.07883 0.169592 -0.0809733 0.225593 -0.0826546 0.282913 -0.0847738 
4.387 0.0347624 -0.146295 0.0928416 -0.147923 0.147014 -0.148978 0.201354 -0.151311 0.25876 -0.154868 0.317245 -0.158098 0.377576 -0.16206 
0.746 -0.0152308 0.453623 0.0439007 0.450748 0.0983681 0.450845 0.152201 0.45133 0.208628 0.452405 0.265354 0.455559 0.323115 0.459941 
1.248 -0.123435 0.313231 -0.0637576 0.309532 -0.0096697 0.308151 0.0434171 0.307293 0.0984555 0.306432 0.153413 0.307451 0.208942 0.309075 
1.671 0.0943432 0.192015 0.153493 0.192107 0.209028 0.193786 0.264948 0.195496 0.324205 0.196831 0.385026 0.199624 0.447804 0.202823 
1.634 0.0265443 0.0755924 0.0846031 0.0747313 0.13852 0.075229 0.192587 0.0752427 0.249682 0.0746672 0.307847 0.0750622 0.367519 0.0754055 
3.918 0.027914 0.0153267 0.0859652 0.0143126 0.140091 0.0144111 0.194419 0.0139259 0.252005 0.0125376 0.310753 0.0120027 0.370906 0.011301 
1.05 -0.351486 0.309122 -0.285015 0.301716 -0.226338 0.296986 -0.170122 0.292653 -0.113494 0.288413 -0.0584906 0.285875 -0.00444376 0.284113 
1.702 0.08681 0.0913437 0.145658 0.090893 0.200914 0.0916324 0.256634 0.0922098 0.315749 0.0919564 0.376175 0.092857 0.438719 0.0938815 
4.203 -0.122065 -0.190809 -0.0635481 -0.190271 -0.0101386 -0.189383 0.0422287 -0.189978 0.0965219 -0.192039 0.151083 -0.194107 0.206281 -0.19684 
1.221 -0.298754 0.251596 -0.234876 0.246449 -0.177899 0.243613 -0.123253 0.240842 -0.0677922 0.23806 -0.0135663 0.236787 0.0400072 0.236122 
4.027 -0.195343 -0.0627448 -0.135355 -0.0624808 -0.0812889 -0.0615181 -0.0287862 -0.0614873 0.0249655 -0.0624479 0.0784075 -0.0629771 0.132362 -0.0639974 
0.782 -0.379564 0.405684 -0.311381 0.395171 -0.251171 0.387931 -0.194012 0.381441 -0.136273 0.375306 -0.0806671 0.371259 -0.0260868 0.368231 
4.211 -0.0679633 -0.0757567 -0.0102148 -0.0764379 0.0429662 -0.0760389 0.0955119 -0.0769603 0.150607 -0.0787988 0.206348 -0.0802153 0.263283 -0.082083 
1.115 -0.310396 0.287892 -0.246006 0.28175 -0.188634 0.278185 -0.133626 0.274801 -0.0778182 0.271445 -0.0233594 0.269775 0.0303564 0.268866 
1.417 0.00805369 0.107095 0.0659934 0.106114 0.119853 0.106715 0.17359 0.106917 0.230398 0.10675 0.288097 0.107599 0.347181 0.108594 
1.402 -0.272045 0.237899 -0.208971 0.23312 -0.152608 0.230625 -0.0984754 0.22816 -0.0433327 0.225675 0.0105518 0.224806 0.0641872 0.224509 
1.25 -0.0905629 0.311861 -0.0314124 0.30887 0.0226294 0.308016 0.0757366 0.307641 0.131083 0.307394 0.186482 0.308881 0.242574 0.311101 
4.422 0.0450349 -0.177798 0.103317 -0.179765 0.157678 -0.181236 0.212278 -0.183882 0.269993 -0.188077 0.328883 -0.192012 0.389651 -0.196786 
4.176 -0.112478 -0.131913 -0.0539942 -0.131801 -0.00048797 -0.131211 0.0518459 -0.131772 0.106369 -0.133668 0.161124 -0.135305 0.216902 -0.1376 
0.754 -0.449418 0.42212 -0.382466 0.410797 -0.319616 0.401885 -0.260362 0.393854 -0.200834 0.386217 -0.14373 0.380672 -0.0885356 0.376277 
1.497 -0.244651 0.262553 -0.182541 0.257976 -0.126895 0.255579 -0.0731356 0.253371 -0.0182266 0.25123 0.0357461 0.250686 0.0896605 0.250842 
1.373 -0.152198 0.244747 -0.0922 0.241211 -0.0378586 0.23996 0.0150638 0.238862 0.0697861 0.237711 0.124121 0.238194 0.178941 0.239254 
4.25 -0.0563211 -0.110683 0.00142881 -0.111331 0.0546453 -0.111329 0.107324 -0.112494 0.162831 -0.11489 0.218738 -0.116967 0.275934 -0.119502 
1.24 -0.0665936 0.311177 -0.00760604 0.308543 0.0463917 0.308129 0.0996474 0.30816 0.155305 0.308236 0.211068 0.310174 0.267843 0.312768 
1.434 0.000520477 0.0927133 0.0583568 0.0916596 0.112063 0.092142 0.16568 0.0922652 0.222299 0.0919536 0.279683 0.0926763 0.338501 0.093493 
4.066 -0.150144 -0.0216546 -0.091319 -0.0221532 -0.0377944 -0.0216361 0.0144063 -0.0219771 0.0683139 -0.0231136 0.122396 -0.0237853 0.177145 -0.0246712 
1.401 0.0114779 0.272141 0.0701588 0.271144 0.124358 0.27198 0.17853 0.273168 0.23544 0.27429 0.293257 0.277132 0.352384 0.280612 
4.277 -0.0241337 -0.0689084 0.0333475 -0.06985 0.0867381 -0.0699666 0.139849 -0.0710494 0.195955 -0.0732792 0.252806 -0.0749466 0.311128 -0.0770625 
4.188 -0.0652239 -0.0141214 -0.00752879 -0.0149064 0.0456462 -0.0147026 0.0982641 -0.0152973 0.153421 -0.016747 0.209246 -0.0175441 0.266335 -0.0185868 
4.414 0.0299685 -0.196288 0.0882573 -0.19799 0.142304 -0.199326 0.196601 -0.202029 0.253896 -0.206342 0.312324 -0.210382 0.372455 -0.215305 
4.219 0.00942337 0.0119025 0.067218 0.0108951 0.121071 0.0109823 0.174909 0.0105208 0.231914 0.009096 0.289935 0.00852916 0.349456 0.007823 
4.078 -0.14535 -0.0394603 -0.0864553 -0.0398122 -0.0329709 -0.0392509 0.0192235 -0.0396325 0.0732547 -0.0408745 0.127258 -0.0415661 0.182044 -0.0426801 
4.359 -0.00153404 -0.192179 0.0563121 -0.193541 0.110024 -0.194502 0.163615 -0.196645 0.219925 -0.200357 0.277175 -0.203905 0.335923 -0.208223 
4.266 -0.0761813 -0.18944 -0.01814 -0.189525 0.0351021 -0.189212 0.0876589 -0.190371 0.142579 -0.193019 0.197946 -0.195589 0.254482 -0.198788 
1.748 0.116258 0.181742 0.175805 0.182031 0.231808 0.183811 0.288295 0.18546 0.348424 0.186818 0.410224 0.189625 0.474288 0.192892 
4.008 -0.168634 0.0119025 -0.109216 0.0110707 -0.0555104 0.0113687 -0.00328542 0.010962 0.0507022 0.00991564 0.104515 0.00952758 0.158722 0.009095 
4.367 0.0327078 -0.10589 0.0906901 -0.107461 0.14488 -0.108222 0.199247 -0.110138 0.256735 -0.11334 0.315274 -0.115986 0.375636 -0.119341 
0.796 -0.33368 0.396096 -0.267646 0.386653 -0.208951 0.380367 -0.153012 0.374826 -0.0964028 0.369637 -0.0414232 0.366418 0.0127114 0.364195 
4.195 -0.0823449 -0.0716477 -0.0244518 -0.072235 0.028707 -0.0718976 0.081081 -0.072678 0.135858 -0.0744404 0.191172 -0.0757794 0.247522 -0.0775219 
0.794 -0.352856 0.394042 -0.285813 0.384334 -0.226554 0.377893 -0.170028 0.372008 -0.112905 0.366619 -0.0575465 0.363085 -0.00332672 0.360586 
4.121 -0.130968 -0.0764416 -0.0724509 -0.0765178 -0.0191388 -0.0758615 0.0330586 -0.0762475 0.0872108 -0.0776517 0.141566 -0.0787443 0.196815 -0.0802986 
1.412 -0.258348 0.237214 -0.195744 0.232745 -0.139743 0.230498 -0.0857159 0.228206 -0.0307093 0.225983 0.0230651 0.225378 0.0767311 0.225279 
1.425 0.166251 0.165306 0.226965 0.165898 0.284237 0.167954 0.342165 0.169784 0.404207 0.171257 0.468023 0.174109 0.534478 0.177389 
0.813 -0.409012 0.374182 -0.3396 0.364116 -0.27856 0.357239 -0.220657 0.350901 -0.162542 0.345057 -0.10647 0.340969 -0.0517122 0.337722 
4.367 0.0196959 -0.141501 0.0776684 -0.143038 0.131636 -0.143917 0.185752 -0.14592 0.242852 -0.149336 0.300962 -0.152515 0.36077 -0.156358 
4.094 -0.152883 -0.0819203 -0.0938441 -0.0817777 -0.0403253 -0.0809815 0.0119065 -0.0812229 0.0658961 -0.0825336 0.119845 -0.0834917 0.174438 -0.0849448 
1.734 0.118997 0.23379 0.178751 0.234347 0.234939 0.236763 0.29163 0.239167 0.351782 0.241363 0.413819 0.245164 0.478002 0.249715 
0.83 -0.0172853 0.402945 0.041729 0.4006 0.0960667 0.400408 0.149877 0.401163 0.206294 0.402043 0.263033 0.405082 0.321007 0.409253 
4.398 0.0587317 -0.0826051 0.117048 -0.0842238 0.171704 -0.0850319 0.226686 -0.0868384 0.285056 -0.0898202 0.344627 -0.0922785 0.406144 -0.0952253 
1.465 -0.226846 0.254335 -0.165218 0.249942 -0.109742 0.247824 -0.0562401 0.245791 -0.00137959 0.243829 0.0524924 0.243452 0.106488 0.243663 
4.242 -0.0398849 -0.0415149 0.0177912 -0.0424694 0.0710109 -0.0424137 0.1239 -0.0432432 0.179555 -0.0449777 0.235911 -0.0461717 0.293669 -0.0475997 
4.156 -0.105629 -0.0675387 -0.0474179 -0.0679939 0.00576285 -0.0674894 0.0579744 -0.0680704 0.112429 -0.0695302 0.167255 -0.070749 0.223096 -0.072287 
1.488 0.0402411 0.309807 0.0991122 0.309269 0.153791 0.310863 0.208394 0.312651 0.265958 0.314425 0.324472 0.31813 0.384436 0.322566 
4.395 0.0772223 -0.0483632 0.135844 -0.049915 0.190941 -0.0504914 0.24645 -0.0519096 0.305543 -0.0542995 0.365876 -0.0560832 0.428352 -0.058224 
0.796 -0.394631 0.389933 -0.325839 0.379556 -0.265267 0.372487 -0.207717 0.366079 -0.149596 0.359983 -0.0940414 0.355891 -0.0392251 0.352658 
4.082 -0.148089 -0.0531571 -0.0893035 -0.0533697 -0.035842 -0.05279 0.0163183 -0.0530807 0.0703582 -0.0543372 0.124342 -0.0550667 0.17911 -0.0561939 
4.152 -0.0891933 -0.0223394 -0.0311599 -0.0230823 0.02195 -0.0229589 0.0743494 -0.023275 0.128971 -0.024688 0.184191 -0.0254879 0.240492 -0.0265133 
4.352 0.0217504 -0.114108 0.0796602 -0.115559 0.133591 -0.116294 0.187729 -0.118033 0.244875 -0.121131 0.303001 -0.123764 0.36285 -0.126928 
4.07 -0.183701 -0.12712 -0.123916 -0.126241 -0.0699284 -0.124936 -0.017469 -0.124825 0.0364585 -0.125967 0.0901015 -0.126849 0.14414 -0.128409 
0.759 -0.432297 0.418696 -0.361871 0.40683 -0.299582 0.398379 -0.240815 0.390737 -0.181826 0.383524 -0.125228 0.378384 -0.0701374 0.374329 
0.946 -0.309711 0.341994 -0.244739 0.334535 -0.186971 0.329942 -0.131699 0.325781 -0.0756462 0.32182 -0.0210656 0.319656 0.032757 0.318333 
0.777 -0.403534 0.405684 -0.334516 0.394561 -0.273399 0.386993 -0.215576 0.380164 -0.157359 0.37372 -0.101328 0.369219 -0.0465781 0.365719 
0.95 -0.396001 0.329667 -0.325335 0.320596 -0.267661 0.315411 -0.210346 0.310137 -0.152356 0.30502 -0.0961162 0.301591 -0.0415144 0.299026 
1.33 -0.0433091 0.10641 0.0146463 0.105127 0.0680082 0.105413 0.120917 0.105374 0.176342 0.104927 0.232467 0.105354 0.289718 0.106046 
4.168 -0.104945 -0.0853445 -0.0467157 -0.0855704 0.00640772 -0.0851196 0.0586374 -0.0856408 0.113134 -0.0873973 0.167904 -0.0887249 0.223735 -0.0905168 
3.375 0.0957129 0.0680592 0.154693 0.0674265 0.210061 0.0680907 0.266022 0.0682666 0.325376 0.067745 0.386338 0.0681823 0.449394 0.0687073 
1.451 0.0251746 0.215299 0.0836494 0.214602 0.138019 0.215493 0.192296 0.216661 0.249615 0.217574 0.307768 0.219956 0.367507 0.222804 
3.855 0.0498288 0.0214902 0.107908 0.0205062 0.162397 0.0206459 0.217306 0.020154 0.275427 0.0188728 0.335025 0.0183326 0.396303 0.0177095 
0.826 -0.0412546 0.404314 0.0178456 0.401158 0.0721666 0.400774 0.125721 0.400846 0.181753 0.401295 0.237905 0.403777 0.295151 0.407264 
4.363 -0.00290371 -0.215464 0.05498 -0.216842 0.10868 -0.217954 0.162246 -0.2203 0.218525 -0.224181 0.275715 -0.227914 0.334414 -0.232666 
0.771 -0.302863 0.454992 -0.237795 0.445004 -0.179798 0.438463 -0.124287 0.432747 -0.0679558 0.42753 -0.0131558 0.424432 0.0409496 0.422481 
4.207 -0.0905629 -0.131229 -0.0325326 -0.13138 0.0206234 -0.130963 0.0728478 -0.131788 0.127535 -0.133879 0.18238 -0.135729 0.238434 -0.138245 
3.049 0.0464046 0.0673743 0.104626 0.0663981 0.159132 0.0671341 0.213905 0.0672065 0.271923 0.0665383 0.331299 0.067039 0.392402 0.0674734 
0.788 -0.365868 0.401575 -0.298333 0.391359 -0.238725 0.384509 -0.181806 0.378229 -0.124528 0.372479 -0.068975 0.368693 -0.0146779 0.365932 
4.188 -0.0912478 -0.0853445 -0.0331739 -0.0856449 0.019949 -0.0853014 0.0722863 -0.0859319 0.126911 -0.0878148 0.182083 -0.0892031 0.238249 -0.0911564 
0.833 -0.0878236 0.394727 -0.0282678 0.390689 0.0261932 0.389318 0.0796063 0.388513 0.135049 0.388004 0.190558 0.389502 0.246632 0.391983 
4.266 -0.052212 -0.129859 0.0049988 -0.130394 0.0584439 -0.130395 0.111093 -0.131596 0.166561 -0.134155 0.222511 -0.136413 0.279843 -0.139227 
1.708 0.102561 0.178318 0.161954 0.178417 0.217784 0.180126 0.27398 0.181649 0.333763 0.182877 0.395137 0.18557 0.458587 0.18871 
3.273 0.0457198 0.0386111 0.103808 0.0377103 0.158359 0.0381304 0.213137 0.0378243 0.271302 0.0368761 0.330591 0.036818 0.391547 0.0366958 
3.1 0.0101082 0.0557321 0.0678217 0.054514 0.121571 0.0548975 0.175375 0.0547018 0.232382 0.0539423 0.290286 0.0539766 0.349927 0.0542881 
4.176 -0.0926174 -0.0593206 -0.0345417 -0.0598193 0.0186168 -0.0595051 0.0707806 -0.0601574 0.125475 -0.0617443 0.18044 -0.0629104 0.236587 -0.0644843 
1.318 -0.0631694 0.194069 -0.0046314 0.192181 0.0490163 0.192199 0.102026 0.192211 0.157565 0.192006 0.213344 0.193302 0.270114 0.194942 
4.238 -0.0672785 -0.119586 -0.0094154 -0.119953 0.0437492 -0.119785 0.0963358 -0.120757 0.151413 -0.123031 0.20709 -0.12494 0.263936 -0.1275 
1.578 0.0690042 0.21256 0.127835 0.212375 0.182976 0.214047 0.238172 0.215424 0.296774 0.21677 0.356403 0.219622 0.418158 0.22303 
1.697 0.105301 0.133804 0.16462 0.133575 0.220472 0.135027 0.276734 0.136128 0.336599 0.136902 0.397989 0.138805 0.461584 0.141137 
4.25 -0.0371456 -0.0552116 0.0205804 -0.0561375 0.0738425 -0.0561592 0.126774 -0.0570737 0.18245 -0.0590298 0.238899 -0.0604149 0.296716 -0.0621868 
4.23 -0.106314 -0.240118 -0.0478645 -0.239565 0.0055192 -0.238759 0.0577378 -0.239636 0.112474 -0.242099 0.16722 -0.24464 0.222799 -0.248033 
3.395 0.0607862 0.0365566 0.119145 0.0355757 0.17394 0.0359107 0.228977 0.0357008 0.287511 0.0344732 0.347169 0.0344655 0.408791 0.0343548 
