1.719 0.0943432 0.00642378 0.0934145 -0.052031 0.0932184 -0.106055 0.0932608 -0.160205 0.0937298 -0.218358 0.0945989 -0.276966 0.096121 -0.339606 
4.191 -0.37888 0.203657 -0.378004 0.144289 -0.378548 0.0910814 -0.379962 0.0390649 -0.382554 -0.0152217 -0.386201 -0.0685699 -0.390625 -0.124247 
4.215 -0.362444 0.187906 -0.36195 0.128785 -0.362828 0.0757287 -0.364472 0.0237283 -0.367356 -0.0306214 -0.371197 -0.0841639 -0.375797 -0.140132 
4.191 -0.363813 0.205027 -0.36295 0.145662 -0.363492 0.0924577 -0.364815 0.0404723 -0.367344 -0.0138247 -0.370828 -0.0671362 -0.375089 -0.122832 
4.168 -0.363128 0.220093 -0.361983 0.16045 -0.362196 0.10709 -0.363299 0.0550716 -0.365531 0.000835353 -0.368747 -0.0522949 -0.372701 -0.10774 
4.137 -0.353541 0.242693 -0.351947 0.182694 -0.351762 0.129124 -0.352393 0.077038 -0.354111 0.0227985 -0.356788 -0.0301655 -0.360157 -0.0853688 
4.234 -0.348062 0.174209 -0.347881 0.115301 -0.348972 0.062314 -0.350777 0.0103072 -0.353818 -0.0441296 -0.357815 -0.097868 -0.362448 -0.154122 
4.16 -0.387098 0.226942 -0.385617 0.167228 -0.385617 0.11383 -0.386503 0.0617794 -0.388567 0.00749956 -0.391702 -0.0456603 -0.395572 -0.101092 
4.129 -0.406273 0.245432 -0.404262 0.185394 -0.403823 0.131763 -0.404324 0.0795824 -0.406019 0.0252964 -0.408857 -0.0277252 -0.412495 -0.082956 
4.215 -0.394631 0.187906 -0.394017 0.128743 -0.39486 0.0756549 -0.396573 0.0236355 -0.399608 -0.0307672 -0.403706 -0.0843051 -0.408618 -0.140301 
4.195 -0.413806 0.205712 -0.412693 0.146306 -0.413134 0.0930478 -0.41453 0.0410021 -0.417192 -0.0133259 -0.421043 -0.0666645 -0.425684 -0.122404 
4.168 -0.348062 0.220778 -0.346964 0.161128 -0.34719 0.107784 -0.348239 0.055795 -0.350391 0.00157449 -0.353478 -0.0515647 -0.357298 -0.10701 
4.242 -0.382304 0.176264 -0.381946 0.117305 -0.38299 0.0642727 -0.384816 0.0122727 -0.387955 -0.0421991 -0.392086 -0.0959505 -0.397042 -0.1522 
4.191 -0.350116 0.203657 -0.349342 0.144291 -0.349891 0.0910715 -0.351228 0.0391101 -0.353744 -0.015155 -0.357171 -0.0684778 -0.361352 -0.124184 
4.199 -0.448048 0.207081 -0.446785 0.147648 -0.447091 0.0943479 -0.448417 0.0422529 -0.451185 -0.0121597 -0.45517 -0.0655522 -0.460036 -0.121266 
4.195 -0.428188 0.203657 -0.42707 0.144299 -0.427533 0.0910151 -0.428954 0.0389597 -0.431737 -0.0154259 -0.435705 -0.068838 -0.440551 -0.124597 
4.16 -0.404219 0.227626 -0.402603 0.167881 -0.402554 0.114463 -0.40343 0.0623684 -0.405482 0.00808521 -0.408733 -0.0451052 -0.412741 -0.100514 
4.105 -0.390522 0.262553 -0.388288 0.202122 -0.387572 0.148328 -0.387738 0.0960145 -0.389076 0.0417543 -0.391504 -0.0111948 -0.39467 -0.0661674 
4.012 -0.0919326 0.250911 -0.0926098 0.190532 -0.0936 0.136976 -0.0946794 0.0851376 -0.0961272 0.0314423 -0.0977132 -0.0209478 -0.099248 -0.0754848 
4.246 -0.413806 0.175579 -0.413326 0.116561 -0.414336 0.0635026 -0.416231 0.0114773 -0.419525 -0.0430794 -0.423907 -0.0967854 -0.42917 -0.153037 
4.035 -0.200822 0.269401 -0.200188 0.208638 -0.200243 0.154737 -0.200756 0.102605 -0.201995 0.0486845 -0.203788 -0.00374496 -0.205879 -0.0583043 
4.219 -0.08166 0.113258 -0.0830753 0.0553894 -0.0846668 0.00290061 -0.086364 -0.0488745 -0.0884574 -0.10371 -0.0907136 -0.158418 -0.092896 -0.216333 
4.145 -0.369292 0.237899 -0.367761 0.177948 -0.367662 0.124391 -0.36838 0.0723113 -0.370277 0.0180575 -0.373155 -0.0349453 -0.376729 -0.0901319 
4.156 -0.439145 0.229681 -0.437298 0.169904 -0.437107 0.116428 -0.437921 0.0642867 -0.440042 0.00997282 -0.443366 -0.0432459 -0.447555 -0.0987062 
4.195 -0.398055 0.206396 -0.397016 0.147026 -0.397483 0.0937625 -0.398804 0.041765 -0.401426 -0.0125734 -0.405143 -0.0659392 -0.409637 -0.121661 
4.129 -0.42134 0.244062 -0.419225 0.184009 -0.418802 0.130378 -0.419291 0.0781836 -0.421093 0.0239004 -0.424047 -0.0291369 -0.427791 -0.0843839 
4.121 -0.363813 0.252281 -0.362023 0.191997 -0.361607 0.138291 -0.36213 0.0860992 -0.363709 0.0319026 -0.366333 -0.0210252 -0.369602 -0.0760643 
4.215 -0.347377 0.189275 -0.34693 0.130136 -0.347739 0.0771003 -0.3493 0.0251247 -0.352067 -0.029223 -0.355776 -0.0827523 -0.360158 -0.138732 
4.047 -0.162471 0.255705 -0.162322 0.195181 -0.162763 0.141528 -0.163621 0.0895956 -0.165053 0.0357878 -0.166788 -0.0166692 -0.168952 -0.0712418 
4.219 -0.428873 0.189275 -0.428049 0.130071 -0.428831 0.0769142 -0.430595 0.0248532 -0.433744 -0.0295542 -0.438027 -0.0831377 -0.443219 -0.139134 
4.121 -0.380934 0.249541 -0.379035 0.189382 -0.378618 0.135696 -0.379093 0.0835505 -0.38069 0.029286 -0.383379 -0.0236886 -0.386785 -0.0787979 
4.082 -0.14535 0.224202 -0.14569 0.164461 -0.146477 0.111388 -0.147586 0.0597649 -0.149219 0.00598585 -0.151194 -0.0466782 -0.15332 -0.101725 
4.246 -0.429558 0.174894 -0.429058 0.115865 -0.430043 0.0627718 -0.432022 0.0107199 -0.435353 -0.0437787 -0.439858 -0.0975521 -0.445259 -0.153809 
4.344 -0.213149 0.0769621 -0.214728 0.018963 -0.217123 -0.033902 -0.219925 -0.0863897 -0.223666 -0.142127 -0.227864 -0.197837 -0.232484 -0.256816 
4.109 -0.43846 0.260499 -0.435859 0.200048 -0.434997 0.14622 -0.435207 0.0939087 -0.436667 0.0395767 -0.439378 -0.0134024 -0.442889 -0.0684365 
4.16 -0.41997 0.226942 -0.418295 0.167198 -0.418224 0.113771 -0.419117 0.0616758 -0.421291 0.00736029 -0.424606 -0.0458241 -0.428772 -0.101293 
4.195 -0.0912478 0.135173 -0.0925663 0.077125 -0.0940306 0.0246575 -0.0956376 -0.026993 -0.0976271 -0.081464 -0.0997767 -0.135638 -0.101922 -0.192927 
4.219 -0.413806 0.190645 -0.413054 0.131476 -0.413819 0.0783416 -0.415473 0.0262841 -0.418476 -0.0281355 -0.422622 -0.0816713 -0.427613 -0.1377 
4.051 -0.143295 0.247487 -0.143377 0.187227 -0.143884 0.133646 -0.144879 0.0818508 -0.146332 0.0280739 -0.148201 -0.0243601 -0.150213 -0.0790353 
4.215 -0.448048 0.192015 -0.44711 0.132799 -0.447799 0.0796048 -0.449511 0.0275487 -0.452588 -0.0269086 -0.4569 -0.0804836 -0.462098 -0.136459 
4.238 -0.190549 0.138597 -0.191437 0.0803297 -0.192942 0.027748 -0.194923 -0.0240062 -0.197615 -0.0785645 -0.200911 -0.132764 -0.204443 -0.189853 
4.129 -0.192604 0.211875 -0.192592 0.152399 -0.193301 0.0993584 -0.194446 0.047647 -0.196333 -0.00618925 -0.198742 -0.0591952 -0.201487 -0.114532 
4.109 -0.423394 0.259814 -0.420959 0.19939 -0.420211 0.145588 -0.420418 0.0932721 -0.421909 0.0389857 -0.424562 -0.0139949 -0.427999 -0.0690045 
4.238 -0.363128 0.173524 -0.36287 0.114577 -0.36396 0.0615696 -0.365796 0.00959027 -0.368884 -0.0448629 -0.372952 -0.0985926 -0.377765 -0.154842 
1.622 0.0916039 -0.0264484 0.0910262 -0.0852498 0.0910156 -0.139762 0.0912667 -0.194719 0.0919189 -0.253692 0.0929301 -0.31331 0.0946726 -0.377328 
4.145 -0.452157 0.242008 -0.449909 0.181942 -0.449459 0.128263 -0.449998 0.0760548 -0.451968 0.0217332 -0.45513 -0.0313753 -0.459169 -0.0866072 
4.031 0.00873853 0.043405 0.00723756 -0.0145124 0.00605966 -0.0678057 0.00494839 -0.120965 0.00387306 -0.17792 0.00302379 -0.235263 0.00249202 -0.2964 
4.07 -0.222737 0.261183 -0.221904 0.200668 -0.22195 0.146938 -0.22253 0.0948421 -0.223858 0.0409636 -0.225791 -0.0116106 -0.22814 -0.0662722 
4.109 -0.454897 0.259814 -0.452212 0.199361 -0.451363 0.145519 -0.4515 0.0931696 -0.453016 0.0388558 -0.45578 -0.0141605 -0.459376 -0.0691917 
4.016 -0.220682 0.292001 -0.219512 0.230664 -0.219254 0.17642 -0.219433 0.123981 -0.220345 0.0699127 -0.221884 0.017428 -0.22379 -0.0369429 
4.156 -0.452842 0.228311 -0.450976 0.168556 -0.450808 0.115098 -0.451653 0.0629489 -0.453901 0.0086235 -0.457335 -0.044595 -0.461655 -0.100054 
4.105 -0.408328 0.263238 -0.405926 0.202816 -0.405125 0.148986 -0.40526 0.0966711 -0.406594 0.0423675 -0.409071 -0.010589 -0.412281 -0.06561 
4.137 -0.221367 0.21256 -0.221131 0.153096 -0.221793 0.0999439 -0.222965 0.0482282 -0.224878 -0.00569602 -0.227463 -0.0587116 -0.230473 -0.114072 
4.242 -0.448048 0.176948 -0.447446 0.117909 -0.448441 0.0647916 -0.450389 0.0127383 -0.453825 -0.0418033 -0.458416 -0.0955627 -0.463977 -0.151802 
4.09 -0.365183 0.270086 -0.362994 0.209421 -0.362298 0.155446 -0.362431 0.103103 -0.363672 0.0488752 -0.365982 -0.00398041 -0.368868 -0.058837 
3.982 -0.195343 0.304328 -0.194369 0.242573 -0.194153 0.188089 -0.194299 0.135509 -0.195127 0.0814561 -0.196499 0.0290041 -0.198125 -0.025205 
1.346 0.176524 0.143391 0.174367 0.0848326 0.173293 0.0319592 0.172869 -0.0201342 0.173134 -0.0750912 0.174174 -0.129715 0.176242 -0.187372 
4.184 -0.191919 0.172154 -0.192417 0.113472 -0.193571 0.0607444 -0.195184 0.00912894 -0.197573 -0.0450512 -0.20049 -0.0985843 -0.203667 -0.154855 
2.27 0.0683194 0.00710862 0.0671632 -0.0512656 0.0665057 -0.105137 0.0662222 -0.15915 0.0661397 -0.217197 0.0664352 -0.275707 0.0673396 -0.338213 
4.133 -0.435721 0.245432 -0.433477 0.185367 -0.432975 0.131725 -0.43345 0.079518 -0.435251 0.0252103 -0.438208 -0.0278713 -0.442036 -0.0830746 
4.27 -0.218628 0.12627 -0.219616 0.0680665 -0.221421 0.0155063 -0.223662 -0.0364503 -0.226771 -0.0912782 -0.230481 -0.145763 -0.234535 -0.20325 
4.094 -0.0898781 0.201603 -0.0909036 0.142596 -0.0920801 0.0897487 -0.0933957 0.0383081 -0.0950392 -0.0154627 -0.0968275 -0.0684294 -0.0985555 -0.123972 
4.035 0.00873853 0.0125873 0.00727129 -0.0456088 0.00606393 -0.09937 0.00510973 -0.153148 0.0041137 -0.211017 0.00314116 -0.269328 0.00268174 -0.331623 
1.412 0.0217504 0.185166 0.0198728 0.126543 0.0184291 0.0738885 0.0171094 0.0223683 0.0158488 -0.0316131 0.0148675 -0.0850935 0.014335 -0.141269 
4.07 -0.200137 0.252965 -0.199661 0.192783 -0.199867 0.139214 -0.200615 0.0870943 -0.202006 0.0333513 -0.203943 -0.0193067 -0.206263 -0.0740179 
1.426 0.0196959 0.204342 0.0178181 0.145426 0.0163471 0.092719 0.0149845 0.0410976 0.0137303 -0.012714 0.0126803 -0.0658957 0.0121299 -0.121773 
4.195 -0.238488 0.176264 -0.238575 0.117371 -0.23973 0.0645902 -0.241391 0.0128576 -0.243835 -0.0413377 -0.247112 -0.0948667 -0.250723 -0.151006 
4.086 -0.46106 0.281729 -0.457816 0.220852 -0.456475 0.166752 -0.456179 0.11423 -0.457232 0.059865 -0.459511 0.0068791 -0.462669 -0.0479771 
4.09 -0.439145 0.276935 -0.436174 0.216148 -0.434945 0.162073 -0.434823 0.109588 -0.436008 0.0552165 -0.438335 0.00226961 -0.44151 -0.0526336 
4.113 -0.350801 0.258444 -0.348964 0.198051 -0.348511 0.144311 -0.348865 0.0920782 -0.35032 0.0378675 -0.352703 -0.0150009 -0.355764 -0.0699759 
1.408 0.111464 -0.06206 0.0781512 -0.020566 0.0775324 -0.0740597 0.07729 -0.127501 0.0773376 -0.184763 0.0777851 -0.242341 0.0789056 -0.303765 
4.195 -0.113163 0.137228 -0.114386 0.0791448 -0.115792 0.0266563 -0.117542 -0.0249522 -0.119645 -0.0794779 -0.122085 -0.133577 -0.124554 -0.190842 
4.086 -0.200137 0.239269 -0.19982 0.179308 -0.200159 0.125888 -0.201055 0.0740898 -0.20259 0.0202148 -0.204712 -0.0324136 -0.207172 -0.0873672 
3.965 -0.226161 0.322134 -0.224619 0.259937 -0.223984 0.205049 -0.22381 0.152077 -0.224342 0.0976719 -0.225511 0.0450705 -0.227028 -0.0092023 
4.227 -0.215888 0.153664 -0.216463 0.095145 -0.217868 0.0425224 -0.219732 -0.00925514 -0.22245 -0.0637454 -0.225806 -0.117536 -0.229529 -0.174158 
1.345 0.190221 0.1475 0.187965 0.0888808 0.186899 0.0359735 0.186502 -0.0161459 0.186831 -0.0710573 0.187958 -0.125606 0.19018 -0.183145 
4.242 -0.39737 0.172839 -0.397002 0.113834 -0.398022 0.0608042 -0.399963 0.00881231 -0.403186 -0.0457244 -0.407466 -0.0994553 -0.412642 -0.155694 
4.086 -0.405588 0.276935 -0.402939 0.216144 -0.401934 0.162103 -0.401887 0.109675 -0.403059 0.0553499 -0.405313 0.00245206 -0.408363 -0.0523928 
1.534 0.0881797 -0.08329 0.0879658 -0.143354 0.0883267 -0.199711 0.0889375 -0.256505 0.0898574 -0.317903 0.0911408 -0.380236 0.0379965 -0.287893 
4.211 -0.159732 0.143391 -0.16069 0.0851372 -0.162055 0.032608 -0.163826 -0.019084 -0.166227 -0.0736079 -0.169148 -0.127742 -0.172196 -0.184818 
4.203 -0.316559 0.196809 -0.316186 0.137629 -0.316938 0.0844742 -0.318345 0.0325519 -0.320965 -0.0217128 -0.324385 -0.0750904 -0.328381 -0.130948 
4.082 -0.352171 0.27625 -0.350026 0.215451 -0.349302 0.161426 -0.349366 0.109046 -0.350527 0.0547974 -0.352636 0.00197175 -0.355396 -0.0528141 
4.086 -0.42134 0.27625 -0.418552 0.215467 -0.417476 0.161453 -0.417384 0.108965 -0.418566 0.0546539 -0.420915 0.00171548 -0.424008 -0.05316 
4.094 -0.163841 0.224887 -0.163912 0.165247 -0.16464 0.112121 -0.165725 0.0604679 -0.167335 0.00669133 -0.169474 -0.0460098 -0.171814 -0.101102 
4.105 -0.220682 0.234475 -0.220181 0.174578 -0.220511 0.121187 -0.221432 0.0693762 -0.223036 0.0155139 -0.225343 -0.0373133 -0.228031 -0.0923698 
1.611 0.0149021 0.064635 0.0133271 0.00676896 0.0120924 -0.046191 0.0110275 -0.0987795 0.00995392 -0.154939 0.00910691 -0.211433 0.00860109 -0.27147 
4.219 -0.196713 0.152294 -0.197376 0.0938192 -0.198767 0.041135 -0.200637 -0.0104393 -0.203256 -0.0648905 -0.206447 -0.118679 -0.209911 -0.175524 
1.662 0.0683194 0.0420353 0.0670496 -0.0160106 0.066314 -0.069389 0.0659362 -0.122744 0.0658078 -0.179864 0.0660136 -0.237346 0.0667809 -0.298604 
1.369 0.112149 -0.0764416 0.112344 -0.136635 0.113078 -0.19301 0.114196 -0.249983 0.115761 -0.311548 0.117824 -0.374293 0.12085 -0.442159 
1.646 0.103931 -0.0059033 0.10325 -0.0645995 0.103329 -0.118983 0.103712 -0.17352 0.104537 -0.232127 0.105807 -0.291246 0.107796 -0.354607 
4.117 -0.113163 0.189275 -0.114129 0.130253 -0.115249 0.0775251 -0.116726 0.0260433 -0.118482 -0.0277435 -0.120666 -0.0807976 -0.122742 -0.136442 
1.533 0.180633 -0.0237091 0.18084 -0.0829132 0.181944 -0.137742 0.183617 -0.192779 0.185916 -0.2519 0.188986 -0.311727 0.193288 -0.375978 
4.27 -0.173428 0.110519 -0.174755 0.0525131 -0.176552 -0.00015629 -0.178846 -0.0520172 -0.181792 -0.107036 -0.185207 -0.161859 -0.188853 -0.219716 
1.483 0.0916039 -0.0682235 0.0912879 -0.128108 0.0916048 -0.184142 0.0921199 -0.24058 0.0929736 -0.301618 0.0941564 -0.363673 0.0962173 -0.430617 
4.223 -0.315875 0.174894 -0.315908 0.11592 -0.316987 0.0629798 -0.318782 0.0110389 -0.321789 -0.0433548 -0.325531 -0.0969985 -0.329896 -0.153146 
1.443 0.119682 0.111204 0.117971 0.0529857 0.117126 5.12006e-05 0.1167 -0.0519327 0.116765 -0.107435 0.117411 -0.162731 0.118881 -0.22105 
4.086 -0.389837 0.278304 -0.387346 0.217498 -0.386419 0.163487 -0.38637 0.111038 -0.387501 0.0567551 -0.389714 0.00389564 -0.392649 -0.0509412 
1.623 0.103246 0.0529927 0.102093 -0.00508809 0.101609 -0.0583896 0.101519 -0.11141 0.101827 -0.16816 0.102738 -0.22515 0.104217 -0.28564 
1.584 0.120367 0.0584714 0.119242 0.000390526 0.118863 -0.0528546 0.119005 -0.105931 0.119553 -0.162393 0.120622 -0.219224 0.122542 -0.279747 
4.262 -0.314505 0.154349 -0.314818 0.0956485 -0.316195 0.0428187 -0.318228 -0.00910437 -0.32148 -0.0637857 -0.325585 -0.117777 -0.330229 -0.174502 
4.094 -0.180277 0.23242 -0.180177 0.172563 -0.180699 0.119374 -0.181676 0.0675999 -0.183282 0.013788 -0.185412 -0.0389178 -0.187766 -0.0939323 
4.105 -0.193973 0.226942 -0.193791 0.167237 -0.194302 0.113952 -0.195298 0.0621071 -0.197015 0.00831323 -0.199263 -0.0444148 -0.201845 -0.0994943 
3.957 -0.139186 0.303643 -0.138992 0.241696 -0.139241 0.18717 -0.139775 0.13461 -0.140833 0.080593 -0.142178 0.0282142 -0.14362 -0.0258144 
1.453 0.184742 0.104356 0.183015 0.046003 0.182594 -0.00714545 0.182514 -0.0595174 0.183502 -0.115242 0.185007 -0.170745 0.187435 -0.229424 
4.289 -0.172059 0.0954527 -0.173509 0.0376009 -0.175414 -0.0149924 -0.177844 -0.0671295 -0.180866 -0.122511 -0.18442 -0.177582 -0.188179 -0.236077 
3.965 -0.174798 0.306383 -0.174109 0.244418 -0.174032 0.18985 -0.174356 0.137248 -0.175218 0.0831532 -0.176587 0.0306643 -0.178137 -0.0234312 
4.211 -0.139871 0.139282 -0.140951 0.0811337 -0.142491 0.0286535 -0.144103 -0.0230346 -0.146598 -0.0775243 -0.149204 -0.131697 -0.151952 -0.18888 
4.262 -0.0419395 0.0413505 -0.04369 -0.0164124 -0.0452627 -0.0695171 -0.046891 -0.122414 -0.0486676 -0.179075 -0.050524 -0.235913 -0.0520969 -0.296512 
1.57 0.17036 0.0632653 0.169299 0.00504081 0.169236 -0.0482625 0.169668 -0.101428 0.170968 -0.157814 0.17278 -0.214483 0.175606 -0.274782 
4.191 -0.171374 0.161882 -0.172148 0.103297 -0.173363 0.0507187 -0.175018 -0.000862237 -0.177391 -0.0549655 -0.180148 -0.108611 -0.183145 -0.164979 
3.996 -0.2289 0.305698 -0.227498 0.243996 -0.226893 0.189473 -0.226875 0.136834 -0.227593 0.0826297 -0.228946 0.0300828 -0.23064 -0.0241982 
4.359 -0.168634 0.0331324 -0.170651 -0.0248423 -0.173289 -0.0781174 -0.176276 -0.131269 -0.179947 -0.188026 -0.183942 -0.245023 -0.188224 -0.305577 
4.168 -0.0364608 0.0208054 -0.0381922 -0.0370429 -0.0397956 -0.0904708 -0.0414339 -0.143782 -0.0432687 -0.201225 -0.0451244 -0.258755 -0.0466826 -0.320019 
1.648 0.0464046 0.0461444 0.0449924 -0.0119015 0.0440409 -0.0651882 0.0434183 -0.118493 0.0428672 -0.175419 0.0426565 -0.232831 0.0429373 -0.294006 
1.461 0.0505136 0.117367 0.0487973 0.0593674 0.0476287 0.00674241 0.0467112 -0.0452719 0.0460364 -0.100347 0.0456944 -0.155332 0.0459122 -0.21382 
4.379 -0.202191 0.0358718 -0.204506 -0.0221424 -0.20716 -0.0754608 -0.210768 -0.128545 -0.214809 -0.185291 -0.219243 -0.242231 -0.22436 -0.302667 
4.285 -0.14672 0.0933982 -0.148213 0.0353417 -0.150061 -0.0170705 -0.152355 -0.0693399 -0.155158 -0.124585 -0.158343 -0.179882 -0.161694 -0.238496 
4.062 -0.121381 0.231051 -0.121915 0.171334 -0.122785 0.118118 -0.12392 0.0665028 -0.125445 0.0127203 -0.127212 -0.0399693 -0.129014 -0.0950917 
1.625 0.0340775 0.0550473 0.0326185 -0.00282095 0.0315401 -0.0559707 0.0308816 -0.108876 0.030038 -0.165329 0.0296965 -0.222252 0.0298685 -0.282833 
3.994 -0.174113 0.292001 -0.173555 0.230487 -0.173551 0.176267 -0.173952 0.123901 -0.174932 0.0699367 -0.176389 0.0175937 -0.178035 -0.0365993 
1.657 0.131324 0.0338173 0.130461 -0.0245716 0.13034 -0.0782046 0.130777 -0.131806 0.131599 -0.189261 0.132997 -0.246934 0.135272 -0.308284 
4.062 0.0135324 0.146131 0.0117875 0.0880288 0.0104607 0.0354446 0.00914047 -0.0160795 0.0080478 -0.0705366 0.00708968 -0.124716 0.00653726 -0.181789 
3.971 -0.0994658 0.279674 -0.0999488 0.218474 -0.100624 0.164639 -0.101584 0.112392 -0.102791 0.0587365 -0.104224 0.00640994 -0.105624 -0.0478313 
2.785 0.0340775 -0.0750719 0.0329622 -0.134731 0.0322331 -0.190454 0.03159 -0.246725 0.0310285 -0.307421 0.0306231 -0.368988 0.0307165 -0.435401 
1.473 0.0265443 0.115313 0.0248841 0.0573468 0.0235327 0.00473438 0.022508 -0.0472487 0.0214517 -0.102369 0.0207284 -0.15742 0.0206012 -0.215926 
4.184 -0.0713875 0.131749 -0.0727516 0.0737459 -0.0742261 0.0213346 -0.075776 -0.0303566 -0.0776483 -0.084846 -0.0796315 -0.138998 -0.0815154 -0.196282 
4.246 -0.162471 0.122846 -0.163646 0.0648549 -0.165376 0.0121526 -0.16747 -0.0395326 -0.170216 -0.0943396 -0.173388 -0.148856 -0.176754 -0.20634 
4.242 -0.0864539 0.0961375 -0.0879898 0.0383246 -0.0896115 -0.0141644 -0.091475 -0.0660459 -0.0936371 -0.121099 -0.0960083 -0.17601 -0.098332 -0.234231 
4.32 -0.0433091 -0.0134365 -0.0451424 -0.0717345 -0.0468272 -0.125852 -0.0486109 -0.180202 -0.0506227 -0.238734 -0.0526033 -0.297623 -0.0544209 -0.360363 
1.675 0.0806465 0.0338173 0.0794647 -0.0242658 0.0789096 -0.0777994 0.0787264 -0.131279 0.0788051 -0.188523 0.0793075 -0.246102 0.0804377 -0.307578 
1.688 0.0950281 0.0262841 0.0940466 -0.031949 0.0936524 -0.0855847 0.0935792 -0.139194 0.094125 -0.196707 0.0948895 -0.254636 0.0963352 -0.316464 
4.383 -0.267251 0.043405 -0.269609 -0.014767 -0.272771 -0.0680983 -0.276591 -0.121207 -0.281426 -0.17774 -0.286899 -0.234302 -0.293062 -0.29444 
1.332 0.142967 0.208451 0.140203 0.149162 0.138519 0.096066 0.137248 0.0443771 0.136518 -0.00983025 0.136521 -0.0632259 0.130096 -0.112407 
4.25 -0.243282 0.1475 -0.243692 0.0889453 -0.245217 0.0363034 -0.247283 -0.0155213 -0.250114 -0.0701109 -0.253898 -0.124032 -0.257969 -0.180914 
1.65 0.179948 0.0427202 0.17918 -0.0156704 0.179467 -0.0693636 0.180204 -0.122853 0.181974 -0.179999 0.184264 -0.237384 0.187379 -0.298441 
4.352 -0.197398 0.0509382 -0.199479 -0.00698473 -0.20208 -0.0601515 -0.205443 -0.113038 -0.209337 -0.16944 -0.213642 -0.225988 -0.218526 -0.285966 
1.497 0.0484591 0.103671 0.0467794 0.0457462 0.0456509 -0.00695359 0.04471 -0.0591033 0.0440146 -0.114448 0.0436599 -0.16986 0.0438759 -0.228637 
4.414 -0.243282 0.0249144 -0.24589 -0.0332877 -0.249393 -0.0868568 -0.253221 -0.140278 -0.257997 -0.197317 -0.263452 -0.254555 -0.269424 -0.315467 
3.959 -0.12275 0.298849 -0.122794 0.237284 -0.123172 0.182839 -0.123825 0.130399 -0.124946 0.0765011 -0.126294 0.024126 -0.127687 -0.0298757 
4.23 -0.0960416 0.10641 -0.0975597 0.048553 -0.0991363 -0.00395876 -0.100934 -0.0557509 -0.103148 -0.110586 -0.105499 -0.165321 -0.107889 -0.223291 
4.062 -0.100151 0.220778 -0.100982 0.16119 -0.101998 0.108186 -0.103224 0.0566192 -0.104787 0.00292193 -0.106575 -0.049786 -0.108327 -0.10483 
4.309 -0.168634 0.0810711 -0.170242 0.0229656 -0.172315 -0.0295399 -0.174808 -0.0822582 -0.177954 -0.137684 -0.181552 -0.193189 -0.185413 -0.252376 
1.592 0.140227 0.0557321 0.139154 -0.0024845 0.138981 -0.0558289 0.138956 -0.108889 0.140054 -0.165643 0.141287 -0.22253 0.143182 -0.282813 
4.023 -0.168634 0.272826 -0.168235 0.211774 -0.168387 0.158026 -0.169002 0.105782 -0.170156 0.0519625 -0.171755 -0.000450013 -0.173541 -0.0548451 
4.422 -0.266566 0.0255992 -0.269256 -0.0326161 -0.272817 -0.0862677 -0.276835 -0.139645 -0.281941 -0.196658 -0.28767 -0.253778 -0.294179 -0.314617 
4.047 -0.176168 0.259814 -0.175878 0.199247 -0.176205 0.145534 -0.176971 0.0935513 -0.178322 0.0397158 -0.180172 -0.0127636 -0.182217 -0.0673483 
3.996 -0.0672785 0.250226 -0.0682683 0.189879 -0.0693996 0.136365 -0.0705594 0.0845772 -0.0720112 0.0308814 -0.0735071 -0.0215179 -0.0748948 -0.0760391 
4.164 -0.126174 0.163936 -0.127053 0.105434 -0.128349 0.0529353 -0.129853 0.00135839 -0.132019 -0.0527192 -0.134423 -0.106281 -0.136943 -0.162677 
4.355 -0.248076 0.072853 -0.249666 0.0147858 -0.252406 -0.0381101 -0.255568 -0.0907356 -0.259705 -0.146544 -0.264372 -0.202309 -0.269617 -0.261358 
4.105 -0.130284 0.203657 -0.13083 0.144538 -0.13184 0.0916847 -0.133093 0.0401608 -0.134872 -0.0136499 -0.13695 -0.0665969 -0.139198 -0.122132 
4.262 -0.109054 0.0927133 -0.110568 0.0348367 -0.112387 -0.0177043 -0.11436 -0.0699388 -0.116891 -0.125294 -0.119676 -0.180642 -0.122462 -0.239306 
4.34 -0.170004 0.0481989 -0.171998 -0.00971392 -0.174487 -0.0627755 -0.177341 -0.115651 -0.180857 -0.172064 -0.184756 -0.228641 -0.18877 -0.288632 
4.008 -0.119326 0.268717 -0.11952 0.207861 -0.120155 0.154123 -0.120993 0.102117 -0.122242 0.0484018 -0.123789 -0.00389226 -0.125348 -0.0583765 
4.266 -0.094672 0.0824408 -0.0962404 0.024646 -0.0979713 -0.0279874 -0.0999239 -0.0802637 -0.102291 -0.135841 -0.104741 -0.191559 -0.107232 -0.250565 
4.012 -0.150144 0.278989 -0.149888 0.21794 -0.15018 0.163991 -0.1508 0.111743 -0.151949 0.0580267 -0.153513 0.00560288 -0.155182 -0.0487114 
4.375 -0.121381 0.00916313 -0.123601 -0.0489801 -0.125928 -0.102638 -0.128633 -0.15626 -0.13182 -0.213847 -0.135248 -0.271728 -0.138718 -0.333414 
2.266 0.0135324 0.110519 0.011882 0.0526252 0.0105628 0.000121841 0.0093536 -0.0519209 0.00826766 -0.107045 0.00734311 -0.162127 0.0068304 -0.220641 
4.387 -0.252869 0.0399808 -0.255271 -0.018205 -0.25842 -0.0716023 -0.262158 -0.124728 -0.266779 -0.181457 -0.272129 -0.238218 -0.277898 -0.298532 
3.959 -0.0426243 0.262553 -0.0439666 0.201849 -0.0451742 0.148088 -0.0464152 0.0961975 -0.0478241 0.0424417 -0.0492014 -0.00985161 -0.0504057 -0.0642984 
4.223 -0.0323517 0.0571018 -0.0339765 -0.000440316 -0.03554 -0.0532825 -0.0370993 -0.105571 -0.0387457 -0.161393 -0.0404197 -0.217807 -0.0418386 -0.277732 
1.556 0.10941 0.0701137 0.108144 0.0120466 0.107603 -0.0410501 0.107496 -0.0938345 0.107886 -0.150008 0.10875 -0.206377 0.110354 -0.266236 
4.051 -0.0741268 0.218039 -0.0753829 0.15836 -0.0766499 0.10534 -0.0779605 0.0537133 -0.0794233 2.56196e-05 -0.0808714 -0.0526355 -0.0823045 -0.107656 
1.677 0.123106 0.0228599 0.122376 -0.0355152 0.122422 -0.0893103 0.122922 -0.143251 0.123952 -0.201042 0.125473 -0.259175 0.127808 -0.321179 
4.363 -0.27136 0.0742227 -0.273301 0.0161382 -0.275932 -0.0368573 -0.279312 -0.0895169 -0.283528 -0.145364 -0.288657 -0.201065 -0.294207 -0.260056 
1.563 0.147761 0.0673743 0.146551 0.00920856 0.146242 -0.0439801 0.14639 -0.0970626 0.147287 -0.153338 0.148726 -0.209909 0.150961 -0.270183 
3.949 0.0464046 0.00916313 0.0452486 -0.049105 0.0444861 -0.102938 0.0439776 -0.1568 0.0437865 -0.2148 0.0438346 -0.27324 0.0443397 -0.335516 
1.417 0.0299685 0.148185 0.0281645 0.0899649 0.026747 0.03744 0.0256541 -0.0143004 0.0246343 -0.0688898 0.0238697 -0.12304 0.0235913 -0.180357 
3.986 -0.0837146 0.264608 -0.0844104 0.203907 -0.0852695 0.150295 -0.0862884 0.0982928 -0.0876259 0.044698 -0.0890919 -0.00768482 -0.0905009 -0.0621258 
3.934 -0.0796055 0.296795 -0.0802692 0.235148 -0.0810441 0.180801 -0.0819572 0.128417 -0.0831923 0.0745643 -0.0845621 0.0222464 -0.0857837 -0.0317809 
4.156 -0.139186 0.176264 -0.139908 0.117572 -0.141152 0.0649379 -0.142657 0.0134177 -0.144762 -0.0405036 -0.147195 -0.0938717 -0.149729 -0.149912 
1.367 0.197069 0.135173 0.19495 0.0766303 0.193991 0.0236068 0.193762 -0.0285748 0.194212 -0.0837484 0.195532 -0.138542 0.197974 -0.196448 
1.64 0.0922887 0.0440899 0.0911251 -0.0139868 0.0906734 -0.0673865 0.0904208 -0.12063 0.0908187 -0.177626 0.0913961 -0.234913 0.092675 -0.295838 
4.137 -0.121381 0.178318 -0.12224 0.119607 -0.123453 0.0670044 -0.124872 0.0154811 -0.126782 -0.0384318 -0.129024 -0.0917638 -0.131363 -0.147805 
4.352 -0.183701 0.0454595 -0.185758 -0.0124623 -0.188444 -0.065622 -0.191427 -0.118566 -0.195258 -0.17508 -0.199478 -0.23167 -0.203949 -0.291753 
4.418 -0.228215 0.0173812 -0.230786 -0.0407987 -0.234066 -0.094358 -0.237827 -0.147942 -0.195691 0.0616631 -0.197248 0.00916493 -0.199187 -0.0451051 
1.485 0.10804 -0.0339816 0.107767 -0.0932498 0.108121 -0.148395 0.108837 -0.203969 0.109953 -0.263744 0.111557 -0.324259 0.114014 -0.389397 
4.258 -0.185071 0.124216 -0.186118 0.0656284 -0.187847 0.0131962 -0.189996 -0.039168 -0.192858 -0.0936051 -0.196239 -0.148125 -0.199891 -0.205821 
3.773 0.0101082 0.0283386 0.00864991 -0.0297033 0.00748067 -0.0831529 0.0063992 -0.136498 0.00539589 -0.193739 0.00450574 -0.251316 0.00405945 -0.312668 
1.462 0.159403 0.104356 0.15785 0.0460758 0.157282 -0.00695622 0.157027 -0.0592134 0.157988 -0.115003 0.1593 -0.17055 0.161157 -0.229118 
4.184 -0.253554 0.178318 -0.253571 0.119467 -0.254634 0.0667213 -0.256258 0.0149503 -0.258762 -0.0392836 -0.262084 -0.0927729 -0.265817 -0.148869 
4.23 -0.173428 0.137913 -0.174431 0.0796524 -0.175889 0.0271453 -0.177822 -0.0245886 -0.180448 -0.079139 -0.183563 -0.133215 -0.186756 -0.190447 
4.023 0.000520477 0.060526 -0.00108026 0.00275047 -0.00236045 -0.050088 -0.0037728 -0.102423 -0.00500471 -0.158365 -0.00628351 -0.214449 -0.00723758 -0.273874 
4.184 -0.139186 0.155034 -0.140105 0.0966203 -0.141578 0.0441345 -0.143194 -0.00743114 -0.145494 -0.0616033 -0.148068 -0.115285 -0.150742 -0.171966 
1.467 0.145021 0.101616 0.143464 0.0433881 0.142778 -0.00968654 0.142647 -0.0618793 0.143163 -0.11755 0.144221 -0.173016 0.146215 -0.231613 
1.612 0.057362 0.0543624 0.0559722 -0.00356748 0.0553619 -0.0568816 0.0549372 -0.109755 0.0546509 -0.166514 0.0549759 -0.223554 0.0554951 -0.284072 
4.035 -0.0905629 0.234475 -0.0914077 0.174569 -0.0924126 0.121505 -0.0936244 0.0697721 -0.0950924 0.0162506 -0.0967444 -0.0361447 -0.0982945 -0.0907289 
4.027 -0.188495 0.275565 -0.187814 0.214549 -0.187896 0.160711 -0.188354 0.10851 -0.189526 0.0544873 -0.191241 0.00201835 -0.193138 -0.0525255 
1.414 0.0210656 0.161882 0.0192616 0.103638 0.0179147 0.0510196 0.0165771 -0.000404703 0.0154564 -0.0548126 0.0145435 -0.10862 0.013986 -0.165358 
4.199 -0.295329 0.174209 -0.295326 0.115192 -0.296405 0.0622655 -0.298144 0.0105337 -0.300989 -0.0438142 -0.304538 -0.0973125 -0.308682 -0.153437 
1.358 0.0375017 0.192015 0.0355556 0.133263 0.0339219 0.0807451 0.0326853 0.0290685 0.0316184 -0.0248817 0.030798 -0.0781645 0.030817 -0.134539 
1.336 0.163512 0.219408 0.160504 0.159851 0.158565 0.106387 0.157343 0.0546318 0.156503 0.000484783 0.156405 -0.0529113 0.157958 -0.108501 
1.335 0.14913 0.220778 0.146289 0.16126 0.144358 0.10802 0.14298 0.0561232 0.142197 0.00206968 0.142215 -0.0511795 0.143037 -0.106808 
4.172 -0.113163 0.152294 -0.114334 0.0939895 -0.115675 0.0414314 -0.117312 -0.0101587 -0.119349 -0.0642162 -0.121679 -0.117984 -0.124062 -0.174717 
4.09 -0.0166005 0.0269689 -0.0182252 -0.0308386 -0.0198128 -0.0843537 -0.0211162 -0.137644 -0.0228064 -0.194951 -0.0241619 -0.252294 -0.0251786 -0.313566 
4.191 -0.272045 0.172154 -0.272086 0.113134 -0.273125 0.0602503 -0.274846 0.00871989 -0.277566 -0.0455281 -0.281053 -0.099039 -0.284991 -0.155025 
4.383 -0.283687 0.0529927 -0.285875 -0.00518862 -0.289182 -0.0584773 -0.292924 -0.111403 -0.297773 -0.167692 -0.30333 -0.224022 -0.309564 -0.283679 
