4.07 -0.174113 -0.0901383 -0.114509 -0.0897386 -0.0606462 -0.0886631 -0.00836181 -0.0887744 0.0455256 -0.0899398 0.0991796 -0.0908406 0.153338 -0.0922566 
4.234 -0.118641 -0.299699 -0.0601345 -0.298594 -0.00656152 -0.29736 0.0459767 -0.297948 0.100415 -0.300293 0.155034 -0.30283 0.210443 -0.306517 
4.129 -0.115902 -0.036721 -0.0574724 -0.0372854 -0.00423665 -0.0368698 0.0479566 -0.0373661 0.102191 -0.0387648 0.156716 -0.0395727 0.212187 -0.0407451 
4.23 -0.043994 -0.0264484 0.0137172 -0.0273692 0.0669685 -0.027253 0.11981 -0.0279748 0.175389 -0.0296487 0.231754 -0.0307068 0.289483 -0.0320117 
4.152 -0.169319 -0.306547 -0.110027 -0.30432 -0.0560688 -0.30212 -0.00347657 -0.301704 0.0506778 -0.303067 0.104651 -0.304676 0.159083 -0.307485 
4.25 -0.107684 -0.31545 -0.0492203 -0.314549 0.00433749 -0.313565 0.0569185 -0.314394 0.111437 -0.317068 0.166178 -0.319984 0.221707 -0.324137 
4.051 -0.200137 -0.14698 -0.14003 -0.14571 -0.0857321 -0.144045 -0.0332595 -0.14368 0.020615 -0.144517 0.074167 -0.145271 0.12808 -0.146759 
1.469 -0.224106 0.187906 -0.162539 0.184404 -0.107325 0.18288 -0.0540465 0.181283 0.000514499 0.179531 0.0542419 0.179223 0.108027 0.179276 
4.258 -0.100151 -0.292165 -0.0417896 -0.291456 0.011715 -0.290652 0.0642983 -0.291559 0.118921 -0.294261 0.173799 -0.297134 0.229582 -0.301134 
4.035 -0.178222 -0.0387755 -0.118526 -0.0389783 -0.0646557 -0.0383219 -0.0122924 -0.0385079 0.0415543 -0.0396406 0.0951877 -0.0402169 0.149277 -0.0411698 
4.191 -0.144665 -0.307917 -0.0857206 -0.306244 -0.0319323 -0.304553 0.0205917 -0.304709 0.0748331 -0.306631 0.129033 -0.308772 0.183828 -0.312111 
4.344 -0.0063279 -0.157937 0.0514212 -0.159051 0.105087 -0.159624 0.158578 -0.161508 0.214931 -0.164809 0.272161 -0.167819 0.330963 -0.171521 
4.188 -0.14535 -0.292165 -0.0864249 -0.290581 -0.0326521 -0.288953 0.0198497 -0.289065 0.074075 -0.290919 0.128271 -0.292952 0.183089 -0.296119 
4.211 -0.130968 -0.344213 -0.07222 -0.342657 -0.0185117 -0.341107 0.0339978 -0.3415 0.0883594 -0.343794 0.142774 -0.346361 0.197864 -0.35024 
4.129 -0.182331 -0.298329 -0.122745 -0.295961 -0.0686472 -0.293562 -0.0159999 -0.293012 0.0381302 -0.294089 0.0919871 -0.295445 0.14624 -0.297978 
4.238 -0.117956 -0.327777 -0.0594444 -0.326561 -0.0058493 -0.325312 0.0467438 -0.325935 0.101172 -0.328353 0.155817 -0.331055 0.211227 -0.335034 
3.977 -0.243967 -0.146295 -0.182575 -0.14457 -0.127366 -0.142398 -0.0742612 -0.141549 -0.020122 -0.141908 0.0332038 -0.142147 0.0865629 -0.143213 
3.994 -0.244651 -0.173004 -0.183385 -0.170909 -0.128243 -0.168494 -0.0750575 -0.167507 -0.0209274 -0.167749 0.0324875 -0.167952 0.0859506 -0.169084 
4.188 -0.14535 -0.341474 -0.0863781 -0.339618 -0.0325838 -0.337741 0.0199696 -0.337846 0.0742209 -0.339851 0.128434 -0.342158 0.18323 -0.345717 
4.184 -0.111793 -0.143556 -0.0532796 -0.143405 4.57216e-05 -0.142695 0.0522327 -0.14336 0.10649 -0.14525 0.161261 -0.147007 0.21704 -0.149416 
4.184 -0.14535 -0.325038 -0.0863512 -0.32326 -0.032556 -0.321494 0.0199767 -0.321618 0.0741962 -0.323554 0.128399 -0.325791 0.183198 -0.329215 
4.164 -0.164525 -0.349692 -0.105241 -0.347328 -0.0512338 -0.345053 0.00133226 -0.344739 0.0555269 -0.346269 0.109574 -0.348179 0.16409 -0.351321 
3.373 -0.258348 0.0755924 -0.196062 0.0738417 -0.140341 0.0735205 -0.0869355 0.0726446 -0.0325125 0.0713864 0.0209192 0.0710277 0.0742079 0.0707887 
4.254 -0.10426 -0.345583 -0.0458342 -0.34458 0.00770973 -0.343567 0.0603364 -0.344457 0.114902 -0.347252 0.16974 -0.350408 0.225398 -0.35483 
4.215 -0.130284 -0.374346 -0.0715339 -0.372637 -0.0177887 -0.371047 0.0347564 -0.371439 0.0891123 -0.373876 0.143498 -0.376637 0.198593 -0.380828 
4.148 -0.172743 -0.325723 -0.113343 -0.323299 -0.0593111 -0.320957 -0.00668369 -0.32048 0.0474685 -0.321809 0.101427 -0.323449 0.155844 -0.326333 
4.172 -0.159732 -0.31682 -0.100504 -0.314832 -0.0465633 -0.312834 0.00599884 -0.312693 0.0601729 -0.314266 0.114204 -0.316197 0.168744 -0.319263 
4.094 -0.159732 -0.0969867 -0.100623 -0.0967087 -0.0469927 -0.0957417 0.00519229 -0.0958809 0.0591624 -0.0971359 0.112976 -0.0980759 0.167463 -0.0995615 
4 -0.2289 -0.141501 -0.16807 -0.139983 -0.113298 -0.138051 -0.060376 -0.137424 -0.00643917 -0.137988 0.046958 -0.138347 0.100523 -0.139504 
4.207 -0.0645391 -0.036721 -0.00680303 -0.037448 0.0463725 -0.0372787 0.0989453 -0.0379091 0.154115 -0.0395603 0.209969 -0.0405661 0.267076 -0.0419536 
4.18 -0.152198 -0.359964 -0.0931605 -0.357744 -0.0393124 -0.355644 0.0132462 -0.355547 0.0674751 -0.357313 0.121644 -0.359457 0.17642 -0.362995 
3.309 -0.299438 0.152979 -0.235549 0.149506 -0.178461 0.147877 -0.123983 0.146046 -0.0688326 0.143916 -0.0150317 0.143025 0.0383079 0.142487 
4.109 -0.197398 -0.297644 -0.137412 -0.295026 -0.0830724 -0.292417 -0.0302958 -0.291589 0.0237935 -0.292453 0.0775689 -0.293549 0.131578 -0.295831 
4.211 -0.129599 -0.307917 -0.0708808 -0.306586 -0.0172156 -0.305181 0.0352819 -0.305571 0.0896666 -0.307784 0.144055 -0.310204 0.199192 -0.313809 
4.285 -0.0542665 -0.163416 0.00348496 -0.163933 0.0568366 -0.163939 0.109662 -0.16529 0.165013 -0.168079 0.220917 -0.170643 0.278065 -0.17389 
4.129 -0.184386 -0.313395 -0.124796 -0.310817 -0.0706468 -0.308295 -0.0179949 -0.307619 0.0361422 -0.308686 0.0900187 -0.31002 0.144248 -0.312546 
4.027 -0.217258 -0.167525 -0.15673 -0.165865 -0.102126 -0.163805 -0.0494518 -0.163128 0.00447522 -0.163812 0.0579462 -0.16434 0.111688 -0.165764 
4.129 -0.185755 -0.33531 -0.126115 -0.332552 -0.0719452 -0.329904 -0.019245 -0.329126 0.0348641 -0.330182 0.088764 -0.331507 0.142996 -0.334144 
4.105 -0.129599 -0.0360362 -0.0711117 -0.0364409 -0.0178119 -0.0360103 0.0343707 -0.0363815 0.088595 -0.037707 0.142969 -0.0384136 0.198246 -0.0395051 
4.207 -0.130968 -0.293535 -0.0722873 -0.292265 -0.0186153 -0.290854 0.0338737 -0.2912 0.0882332 -0.293345 0.142629 -0.295644 0.197742 -0.29909 
4.09 -0.172743 -0.143556 -0.113153 -0.142619 -0.0594118 -0.141237 -0.0071021 -0.141156 0.0468305 -0.142413 0.10059 -0.143434 0.15487 -0.145214 
4.129 -0.148089 -0.139447 -0.0891901 -0.138865 -0.0356787 -0.137753 0.0165099 -0.137943 0.0704388 -0.139399 0.124538 -0.140723 0.179359 -0.14275 
1.786 -0.263827 0.194754 -0.201241 0.190962 -0.145176 0.189179 -0.0914694 0.187209 -0.0365919 0.185354 0.0171263 0.184631 0.0706956 0.184488 
4.172 -0.157677 -0.334625 -0.0985443 -0.332542 -0.0446431 -0.33047 0.0078969 -0.330328 0.0620985 -0.331952 0.116222 -0.333964 0.170825 -0.337159 
4.16 -0.162471 -0.293535 -0.103214 -0.291601 -0.049358 -0.289625 0.00321385 -0.289412 0.0573557 -0.290923 0.111387 -0.292625 0.165884 -0.295501 
4.23 -0.0802904 -0.142186 -0.0222723 -0.142398 0.0310161 -0.142089 0.083451 -0.1431 0.138261 -0.145399 0.193451 -0.147456 0.249854 -0.150169 
3.416 0.0820162 0.0680592 0.140672 0.0673604 0.195875 0.0679945 0.251383 0.0681393 0.310379 0.067558 0.370558 0.0679269 0.432857 0.0684714 
4.062 -0.181646 -0.108629 -0.121891 -0.107934 -0.0679633 -0.106729 -0.0155821 -0.106739 0.0383131 -0.107873 0.0919196 -0.108786 0.145942 -0.110253 
4.109 -0.198082 -0.314765 -0.138119 -0.311977 -0.0837833 -0.309285 -0.0310109 -0.30836 0.0231163 -0.309268 0.0769083 -0.310412 0.130936 -0.312817 
1.393 0.00736885 0.226942 0.0658177 0.225858 0.119972 0.22679 0.173937 0.227707 0.230707 0.228417 0.288287 0.230682 0.347289 0.233439 
4.211 -0.133708 -0.35791 -0.0749702 -0.356146 -0.0212277 -0.354508 0.0313041 -0.354795 0.0856289 -0.356988 0.140031 -0.359567 0.1951 -0.363491 
4.125 -0.159047 -0.167525 -0.0998926 -0.16655 -0.0463003 -0.165197 0.00601795 -0.165239 0.0600854 -0.166641 0.114043 -0.167941 0.168628 -0.170067 
4.215 -0.0665936 -0.0586358 -0.0088802 -0.0593319 0.0443081 -0.0591275 0.096861 -0.0598447 0.151996 -0.061685 0.207757 -0.0629863 0.264779 -0.0646533 
3.637 -0.273415 0.013957 -0.290412 0.00883776 -0.232038 0.00922328 -0.176782 0.00905524 -0.121175 0.00828025 -0.0669846 0.00797311 -0.0139968 0.0076538 
1.379 0.000520477 0.239269 0.0589951 0.238143 0.113131 0.239 0.166982 0.23987 0.22368 0.240718 0.281099 0.243029 0.339881 0.24589 
3.447 0.10941 0.0680592 0.168701 0.0676628 0.224533 0.0681998 0.280776 0.0683761 0.340681 0.0679029 0.402128 0.0682511 0.465851 0.0689879 
1.167 -0.323408 0.27625 -0.258611 0.270249 -0.201043 0.266746 -0.145872 0.26334 -0.0899463 0.259992 -0.0355384 0.258256 0.0181371 0.257187 
1.472 -0.225476 0.137228 -0.164024 0.13453 -0.108884 0.133478 -0.0556555 0.132211 -0.00126656 0.130753 0.052321 0.130361 0.105894 0.130274 
1.658 0.0847555 0.123531 0.14356 0.123149 0.198828 0.124315 0.254431 0.1251 0.313459 0.125309 0.373817 0.126779 0.43629 0.128588 
4.02 -0.23027 -0.175743 -0.169321 -0.173654 -0.114535 -0.171379 -0.0616364 -0.170478 -0.00756863 -0.170855 0.0458952 -0.171259 0.0994197 -0.172523 
4.32 -0.0309821 -0.162046 0.0266839 -0.162963 0.0801839 -0.163207 0.133266 -0.164866 0.18917 -0.167937 0.2456 -0.17075 0.303496 -0.174269 
1.461 -0.2515 0.285153 -0.189035 0.279941 -0.133002 0.277071 -0.0791384 0.274395 -0.0240346 0.271783 0.0299454 0.270776 0.0837461 0.270504 
4.066 -0.187125 -0.142186 -0.127213 -0.141099 -0.0731124 -0.139597 -0.0207246 -0.139355 0.0331529 -0.140402 0.0868033 -0.1413 0.140742 -0.142899 
4.105 -0.151513 -0.109999 -0.09264 -0.109692 -0.0390318 -0.108742 0.0131453 -0.108922 0.0671681 -0.110258 0.121171 -0.111397 0.175842 -0.113064 
1.673 0.132694 0.169415 0.192572 0.169759 0.249204 0.171698 0.306113 0.173265 0.366921 0.174562 0.429393 0.17725 0.494362 0.180389 
1.748 -0.316559 0.224202 -0.251956 0.219447 -0.194532 0.2169 -0.139639 0.214318 -0.0839676 0.211625 -0.0298327 0.210408 0.0236206 0.20977 
1.378 -0.0344062 0.0803862 0.0233709 0.0792621 0.0767139 0.0795087 0.129664 0.0793775 0.185313 0.0786739 0.241767 0.0789892 0.299451 0.0793319 
4.184 -0.119326 -0.172319 -0.0608186 -0.171858 -0.00741572 -0.171025 0.0448537 -0.171518 0.0991051 -0.17351 0.15365 -0.175327 0.209079 -0.177979 
1.403 -0.0576907 0.0797014 0.000353573 0.0784886 0.0537489 0.0786769 0.106422 0.0784492 0.161676 0.0776649 0.217663 0.0778611 0.274618 0.0781005 
4.25 -0.0665936 -0.135338 -0.00870849 -0.135715 0.0445118 -0.135551 0.0970838 -0.136598 0.152084 -0.139027 0.207725 -0.141177 0.264491 -0.143935 
4.242 -0.0830297 -0.16958 -0.0248917 -0.169626 0.0282708 -0.16927 0.0808147 -0.17029 0.135625 -0.172728 0.190793 -0.175012 0.247088 -0.17807 
1.379 0.00325983 0.255705 0.0617406 0.254573 0.115973 0.255577 0.1699 0.256613 0.226716 0.257527 0.284176 0.260058 0.343093 0.263276 
4.152 -0.133023 -0.144925 -0.0743247 -0.144476 -0.0208973 -0.143562 0.0313398 -0.143934 0.0854721 -0.145589 0.139765 -0.147111 0.194809 -0.149329 
4.227 -0.0720723 -0.105205 -0.0142965 -0.105502 0.0389305 -0.105419 0.0914485 -0.1063 0.146543 -0.108308 0.20214 -0.110238 0.259063 -0.112478 
3.928 -0.279578 -0.16958 -0.217214 -0.167209 -0.161255 -0.164466 -0.107553 -0.16313 -0.0531143 -0.163047 0.000374472 -0.162961 0.0536044 -0.163697 
3.43 -0.23027 0.0865498 -0.168797 0.0847802 -0.113489 0.084233 -0.0604723 0.083479 -0.00613633 0.0821867 0.0474142 0.0818744 0.100844 0.0814833 
4.27 -0.0960416 -0.306547 -0.0376972 -0.305856 0.0157576 -0.305 0.0683809 -0.30596 0.122983 -0.30874 0.177903 -0.311708 0.233668 -0.315885 
1.724 0.0135324 0.0701137 0.0714342 0.0695009 0.125236 0.0698371 0.179045 0.0698148 0.235839 0.0691881 0.293611 0.0695581 0.352904 0.0698223 
3.982 -0.2289 -0.0867141 -0.167958 -0.0859579 -0.113042 -0.0845779 -0.0602638 -0.0843209 -0.00631795 -0.085055 0.0469453 -0.0854789 0.100425 -0.0864064 
1.319 0.210081 0.174209 0.271798 0.175243 0.330357 0.177793 0.389845 0.180105 0.453749 0.182154 0.519979 0.185572 0.58866 0.189459 
3.969 -0.262457 -0.174373 -0.200674 -0.17212 -0.145137 -0.169519 -0.0917935 -0.168323 -0.037453 -0.168375 0.0159648 -0.168417 0.0692691 -0.16931 
3.994 -0.23164 -0.120956 -0.170494 -0.119741 -0.115582 -0.117966 -0.0627385 -0.117436 -0.00866364 -0.118052 0.0446997 -0.118489 0.0980958 -0.11955 
1.665 0.0813313 0.105725 0.140082 0.105285 0.195292 0.106095 0.25089 0.106794 0.309847 0.106769 0.370118 0.107871 0.432516 0.109085 
1.173 -0.304917 0.271456 -0.240749 0.265978 -0.183426 0.262627 -0.128616 0.259549 -0.0728901 0.256435 -0.0186194 0.25493 0.0350584 0.254232 
4.137 -0.129599 -0.107259 -0.0710682 -0.107055 -0.0177566 -0.106331 0.034456 -0.106663 0.0886629 -0.108187 0.143079 -0.109482 0.198366 -0.111377 
1.368 0.233365 0.157773 0.295976 0.15875 0.35538 0.161125 0.415852 0.163419 0.481196 0.165158 0.548792 0.16842 0.619043 0.172029 
2.828 0.114204 0.123531 0.173628 0.123513 0.229632 0.12502 0.285962 0.126045 0.345994 0.126661 0.40759 0.12831 0.47147 0.130428 
4.223 -0.103575 -0.183961 -0.0452727 -0.18371 0.0080363 -0.183025 0.0604242 -0.183786 0.114951 -0.186084 0.169776 -0.188181 0.225465 -0.191056 
3.973 -0.226161 -0.0476784 -0.16503 -0.0474888 -0.110365 -0.0465454 -0.0577569 -0.0465038 -0.00381736 -0.0473147 0.0494334 -0.0476716 0.103041 -0.048458 
4.281 -0.0398849 -0.118902 0.0179794 -0.11972 0.0712266 -0.119855 0.124093 -0.12116 0.179676 -0.123717 0.236137 -0.125963 0.293743 -0.128727 
2.303 -0.285057 0.163252 -0.221803 0.15968 -0.165348 0.157954 -0.111167 0.156147 -0.0561287 0.154073 -0.0023538 0.153358 0.0510054 0.152873 
1.665 0.0888645 0.141337 0.147808 0.141209 0.203267 0.14251 0.259018 0.143546 0.318152 0.144011 0.378721 0.145726 0.441354 0.14783 
1.766 0.0655801 0.0735379 0.124016 0.0727783 0.178692 0.0733626 0.233643 0.0735224 0.29194 0.0728828 0.351395 0.0733104 0.412729 0.0739209 
4.109 -0.157677 -0.12712 -0.0986319 -0.126504 -0.0449334 -0.12537 0.00727719 -0.125442 0.0612807 -0.126802 0.115217 -0.127944 0.169763 -0.129729 
4.223 -0.122065 -0.260663 -0.0634486 -0.25973 -0.00987172 -0.258607 0.0426276 -0.25917 0.0970361 -0.261533 0.151602 -0.263879 0.206883 -0.267343 
3.938 -0.279578 -0.183276 -0.21724 -0.180657 -0.161264 -0.177775 -0.10756 -0.176293 -0.0530524 -0.176129 0.000463337 -0.176026 0.0536777 -0.176758 
1.386 -0.150829 0.219408 -0.0910005 0.216307 -0.0367828 0.215261 0.0160462 0.21428 0.0706668 0.21323 0.124861 0.213632 0.179785 0.214658 
4.262 -0.0255034 -0.0332968 0.0321877 -0.0342389 0.0855285 -0.0342051 0.138568 -0.0350193 0.194538 -0.0368268 0.251253 -0.0379914 0.309611 -0.0394842 
4.242 -0.105629 -0.268881 -0.0472489 -0.268202 0.00624207 -0.267332 0.0587543 -0.268163 0.113297 -0.270741 0.168151 -0.273371 0.223839 -0.277274 
1.116 -0.31382 0.286522 -0.249364 0.280533 -0.191978 0.277005 -0.136938 0.273622 -0.0811111 0.270308 -0.0266678 0.268629 0.0270506 0.267724 
4.207 -0.0898781 -0.116847 -0.0318294 -0.117005 0.0213847 -0.116662 0.0737085 -0.117387 0.128278 -0.119417 0.18339 -0.121088 0.239408 -0.123444 
4.137 -0.117272 -0.0593206 -0.0588186 -0.0596413 -0.00553664 -0.0591225 0.0466201 -0.0596757 0.100859 -0.0611356 0.155343 -0.0622022 0.210736 -0.0636777 
3.027 0.00257499 0.043405 0.0603587 0.0423904 0.114086 0.0427982 0.167795 0.0425579 0.22459 0.0416715 0.282335 0.0415185 0.341569 0.0412798 
1.481 -0.259718 0.268717 -0.196994 0.263504 -0.140826 0.260597 -0.0866772 0.258046 -0.0314905 0.255466 0.0225216 0.254487 0.0763223 0.254291 
1.545 0.0244898 0.089974 0.0824709 0.0890123 0.136539 0.0896607 0.190595 0.0897129 0.247748 0.0893223 0.305877 0.0897723 0.365587 0.0904751 
1.743 0.103931 0.0927133 0.162989 0.0922003 0.218727 0.0931459 0.274799 0.0937567 0.334523 0.093607 0.395682 0.0944946 0.458969 0.0956729 
4.375 0.0840707 -0.0285029 0.142757 -0.0298724 0.198009 -0.0301911 0.253747 -0.0314408 0.312967 -0.0337128 0.373573 -0.035169 0.436383 -0.0369824 
4.078 -0.158362 -0.0682235 -0.0993068 -0.0682209 -0.0457227 -0.0674344 0.00652184 -0.0676382 0.0605448 -0.068852 0.114485 -0.0696293 0.169236 -0.0707933 
1.474 0.0368169 0.244062 0.0954074 0.243514 0.149968 0.244815 0.204419 0.246186 0.261882 0.247262 0.320486 0.250184 0.380513 0.253652 
4.289 -0.022764 -0.091508 0.034757 -0.0924797 0.0882836 -0.0926322 0.141455 -0.0938897 0.197492 -0.0963078 0.254207 -0.0982949 0.312596 -0.100726 
1.361 -0.0111218 0.261868 0.0473873 0.260589 0.101643 0.261285 0.155351 0.262146 0.211857 0.262901 0.26894 0.265308 0.327436 0.268381 
4.027 -0.215888 -0.14698 -0.155333 -0.145541 -0.100673 -0.143696 -0.0479163 -0.143146 0.00597682 -0.143823 0.059432 -0.144414 0.113095 -0.145741 
1.687 0.101192 0.159143 0.16047 0.159235 0.216312 0.160781 0.272421 0.162043 0.332081 0.162869 0.393258 0.165115 0.456651 0.16774 
1.343 -0.026873 0.110519 0.0309948 0.109317 0.0845245 0.109631 0.137576 0.109687 0.193386 0.109331 0.249896 0.110047 0.30762 0.11077 
4.27 -0.0378304 -0.0921929 0.0198973 -0.0930601 0.0731519 -0.0931582 0.125956 -0.0943069 0.181682 -0.0966376 0.23804 -0.0985706 0.295731 -0.100925 
1.417 0.00805369 0.107095 0.0659819 0.106114 0.119882 0.106751 0.173582 0.106921 0.230429 0.106789 0.288088 0.107604 0.347184 0.108616 
3.824 0.027914 0.0153267 0.0860155 0.014315 0.140196 0.0144205 0.194419 0.013933 0.252025 0.0125547 0.310741 0.0119993 0.370999 0.0113159 
4.383 0.0354472 -0.123695 0.0934602 -0.125291 0.147667 -0.126235 0.202024 -0.128221 0.259478 -0.131631 0.31802 -0.134515 0.378365 -0.138135 
1.423 -0.0131763 0.0797014 0.0446857 0.0786582 0.0982169 0.0790238 0.151441 0.0789499 0.207537 0.078324 0.264334 0.0786702 0.322504 0.0790813 
1.612 0.0717436 0.163936 0.130486 0.163637 0.185606 0.165009 0.240814 0.166117 0.299447 0.166911 0.359305 0.168881 0.42115 0.171264 
4.297 -0.0248185 -0.116847 0.0329186 -0.117751 0.0863615 -0.117994 0.1394 -0.119387 0.195371 -0.122066 0.252221 -0.124344 0.310345 -0.127236 
1.178 -0.29122 0.264608 -0.227586 0.259341 -0.170743 0.256308 -0.116241 0.253413 -0.06082 0.250566 -0.00669552 0.249298 0.0469446 0.248649 
3.986 -0.189864 0.00916313 -0.129929 0.00847741 -0.0759829 0.00871642 -0.0236301 0.00848444 0.030363 0.00734252 0.0839533 0.00704019 0.13781 0.00643356 
4.004 -0.205616 -0.0469936 -0.145402 -0.0469251 -0.0910834 -0.046062 -0.0385853 -0.0460974 0.0150962 -0.0470169 0.0685068 -0.0474694 0.122163 -0.0483086 
3.729 -0.371346 -0.070278 -0.305501 -0.0689554 -0.246865 -0.0669635 -0.191066 -0.0659521 -0.134967 -0.0657519 -0.0806772 -0.065371 -0.0273401 -0.0653719 
3.357 -0.277524 0.0865498 -0.214839 0.0845439 -0.158602 0.0840161 -0.104764 0.082954 -0.0500993 0.0815739 0.00335036 0.0812909 0.0564997 0.0808873 
4.203 -0.122065 -0.190809 -0.0635373 -0.190307 -0.0101005 -0.189392 0.0422312 -0.189991 0.0965314 -0.192042 0.151052 -0.194125 0.206333 -0.196853 
1.607 0.0737981 0.179688 0.132592 0.179434 0.18777 0.180885 0.243041 0.182115 0.301723 0.182974 0.361669 0.185289 0.423577 0.18797 
1.671 0.0943432 0.192015 0.153486 0.19213 0.209087 0.193832 0.264993 0.195525 0.32417 0.196792 0.385045 0.199592 0.447849 0.202891 
1.474 0.0224353 0.109834 0.0804768 0.109009 0.134525 0.109706 0.188503 0.110064 0.245551 0.109952 0.303492 0.110946 0.362954 0.112066 
4.066 -0.150144 -0.0216546 -0.0913128 -0.0221483 -0.0378361 -0.0217049 0.0143418 -0.0219867 0.0683435 -0.0231656 0.122332 -0.0238409 0.177093 -0.0247424 
4.262 -0.10289 -0.329147 -0.0444865 -0.32822 0.00902439 -0.327292 0.0616465 -0.328151 0.116235 -0.3309 0.171087 -0.333931 0.226824 -0.338232 
1.369 -0.022764 0.0968224 0.0350766 0.0957567 0.0886127 0.0961214 0.141803 0.0961074 0.197742 0.0956379 0.25454 0.0962183 0.312446 0.096722 
4.387 0.0347624 -0.146295 0.0927993 -0.14788 0.147028 -0.148956 0.20136 -0.15127 0.258759 -0.154841 0.317269 -0.158092 0.377585 -0.162135 
3.992 -0.219312 -0.070278 -0.158635 -0.0698244 -0.103982 -0.0686235 -0.051165 -0.0684704 0.00267928 -0.0692736 0.056059 -0.0697256 0.109559 -0.07063 
1.701 0.08681 0.0913437 0.145666 0.090905 0.200939 0.0916379 0.256665 0.092162 0.315772 0.0919257 0.376185 0.0928374 0.438781 0.0938644 
3.822 -0.204931 0.022175 -0.144511 0.0214004 -0.0902264 0.0217246 -0.0376328 0.0213973 0.016242 0.0203323 0.06973 0.0200077 0.123475 0.0195804 
4.25 -0.0494727 -0.0771264 0.00826244 -0.0778776 0.0614264 -0.0778245 0.11412 -0.0788219 0.169542 -0.080964 0.225549 -0.0826606 0.282869 -0.0847696 
4.219 -0.0679633 -0.0853445 -0.0102044 -0.0858141 0.0429943 -0.0855202 0.0955317 -0.0863871 0.150634 -0.0883605 0.206361 -0.0898204 0.263289 -0.0919292 
1.224 -0.298754 0.251596 -0.234909 0.246472 -0.177876 0.243649 -0.123206 0.240849 -0.0678305 0.238056 -0.0135753 0.236796 0.0399862 0.236164 
1.231 -0.123435 0.313231 -0.0637625 0.309519 -0.00962456 0.308161 0.0434325 0.307282 0.0984567 0.306422 0.153393 0.307432 0.208947 0.309134 
1.438 0.000520477 0.0933982 0.0583653 0.0923857 0.112096 0.0928717 0.165698 0.0930165 0.222311 0.0926817 0.279719 0.0934424 0.338543 0.0942296 
3.939 -0.219312 0.00573894 -0.15854 0.00511484 -0.103992 0.00549976 -0.0513037 0.00527543 0.00264379 0.004261 0.055993 0.00395967 0.109546 0.00345854 
1.442 -0.222737 0.236529 -0.161248 0.232521 -0.105843 0.230591 -0.0524601 0.228642 0.00227876 0.226691 0.0562344 0.226553 0.110077 0.226732 
4.273 -0.0124914 -0.0401452 0.0451822 -0.0411428 0.0987384 -0.0411849 0.152185 -0.0420758 0.208616 -0.044004 0.265968 -0.0452542 0.324765 -0.0468756 
4.426 0.0409259 -0.185331 0.0991208 -0.187432 0.153553 -0.188795 0.208064 -0.191518 0.265714 -0.195865 0.324492 -0.199937 0.385191 -0.204865 
1.642 0.0265443 0.0762772 0.0845205 0.0754332 0.138471 0.0759108 0.192532 0.0759457 0.249603 0.0753872 0.307753 0.0757604 0.367385 0.0761423 
4.254 -0.0364608 -0.0415149 0.0212323 -0.0424686 0.0744698 -0.0424058 0.127325 -0.0432298 0.182983 -0.0449953 0.239334 -0.0461986 0.297132 -0.0476386 
1.408 -0.200137 0.272826 -0.139104 0.268499 -0.0841099 0.266521 -0.0308012 0.264705 0.0239259 0.262965 0.0782234 0.262913 0.132476 0.263529 
4.406 0.027914 -0.21067 0.0860287 -0.212378 0.140197 -0.213701 0.19437 -0.216508 0.251434 -0.221015 0.309642 -0.225288 0.36958 -0.230548 
3.852 -0.340529 -0.214094 -0.276109 -0.210192 -0.218634 -0.206321 -0.16375 -0.203866 -0.10835 -0.202675 -0.0543445 -0.20164 -0.00105009 -0.201527 
3.857 0.0525681 0.0187509 0.110736 0.0177113 0.165442 0.0178291 0.220227 0.0173306 0.278506 0.0159447 0.338 0.0153766 0.399419 0.0146855 
4.195 -0.0652239 -0.0141214 -0.00754392 -0.0149113 0.0456693 -0.0147011 0.0982558 -0.0152827 0.153396 -0.0167422 0.209217 -0.0175159 0.266337 -0.0185945 
3.736 -0.354225 -0.0243939 -0.28888 -0.024152 -0.230553 -0.0230304 -0.175198 -0.022689 -0.119393 -0.0230933 -0.0652767 -0.0230318 -0.0121533 -0.023239 
1.413 -0.200822 0.249541 -0.139933 0.245484 -0.0850358 0.243659 -0.0316678 0.241971 0.0228209 0.24029 0.0770676 0.240252 0.131125 0.240806 
1.368 -0.152198 0.258444 -0.0922358 0.254875 -0.0378146 0.253539 0.0150807 0.252393 0.0699074 0.251287 0.124266 0.25178 0.179178 0.2529 
3.391 -0.284372 0.14887 -0.220927 0.145652 -0.16448 0.144147 -0.110032 0.142284 -0.0551513 0.140388 -0.0012488 0.139537 0.0518499 0.139129 
4.547 0.0840707 -0.229845 0.1429 -0.232705 0.198156 -0.23504 0.253642 -0.238939 0.312572 -0.244345 0.373003 -0.249842 0.43571 -0.256484 
4.355 -0.00153404 -0.192179 0.0563316 -0.193559 0.110074 -0.194495 0.163658 -0.196652 0.219962 -0.200238 0.277202 -0.203795 0.335973 -0.20818 
4.309 -0.018655 -0.129174 0.0390854 -0.130175 0.092546 -0.130482 0.145867 -0.132036 0.20186 -0.134902 0.258768 -0.137398 0.317123 -0.140564 
4.254 -0.0542665 -0.114792 0.00342468 -0.115429 0.0567159 -0.115437 0.109337 -0.116587 0.164737 -0.119014 0.220777 -0.121091 0.278033 -0.123657 
1.406 -0.272045 0.237899 -0.208984 0.233195 -0.152582 0.230641 -0.0984913 0.228224 -0.0433204 0.225677 0.0105627 0.224816 0.0641822 0.224556 
4.203 -0.094672 -0.139447 -0.0365464 -0.139529 0.0166615 -0.139072 0.0690386 -0.139909 0.123574 -0.142016 0.178567 -0.143926 0.234535 -0.14648 
4.078 -0.14535 -0.0394603 -0.0864552 -0.0397814 -0.0329539 -0.0392195 0.0192235 -0.0396149 0.0732577 -0.0408536 0.127265 -0.0415318 0.182038 -0.0426573 
4.395 0.0566772 -0.08329 0.114957 -0.0849418 0.169594 -0.0857568 0.224529 -0.0875743 0.282859 -0.0905148 0.342342 -0.0930001 0.403765 -0.0959692 
1.418 -0.220682 0.282413 -0.159052 0.277359 -0.103554 0.274732 -0.0500687 0.272333 0.00475933 0.269981 0.0587999 0.26941 0.112942 0.269598 
4.441 0.0450349 -0.209985 0.103342 -0.212136 0.157769 -0.213764 0.212265 -0.216678 0.269833 -0.221366 0.328654 -0.225939 0.389289 -0.23143 
1.403 0.0114779 0.271456 0.0701207 0.270438 0.124375 0.271298 0.178517 0.272473 0.235453 0.273601 0.293226 0.276436 0.352377 0.279954 
4.305 -0.0138611 -0.10315 0.0435633 -0.104203 0.0973081 -0.104468 0.150643 -0.105925 0.206793 -0.108617 0.263907 -0.110934 0.322427 -0.113693 
4.414 0.0306533 -0.196288 0.0889196 -0.197986 0.14305 -0.199337 0.197354 -0.202056 0.254659 -0.206356 0.31309 -0.21039 0.373268 -0.215333 
3.977 -0.215888 -0.0271333 -0.15551 -0.0272596 -0.100934 -0.0264661 -0.0482796 -0.0265617 0.00564025 -0.0274614 0.059032 -0.0278409 0.112533 -0.0285848 
4.297 -0.00975209 -0.0771264 0.0476898 -0.0781561 0.101427 -0.0783623 0.154852 -0.0796071 0.211197 -0.082054 0.26867 -0.083969 0.327312 -0.0863014 
3.445 -0.211094 0.0358718 -0.1508 0.0347894 -0.0963509 0.0350726 -0.0437986 0.0344745 0.0101613 0.0334436 0.0636257 0.0330699 0.117302 0.0328376 
4.18 -0.0885084 -0.0682235 -0.030525 -0.0687375 0.0226394 -0.0683792 0.0749316 -0.0691384 0.129621 -0.0708184 0.184727 -0.0721776 0.241014 -0.0738572 
4.277 -0.0241337 -0.0689084 0.0334546 -0.0698754 0.0868824 -0.0699696 0.139956 -0.0710496 0.196002 -0.073276 0.252861 -0.0749516 0.311152 -0.0770624 
3.623 0.0813313 0.013957 0.140006 0.012895 0.195265 0.0129408 0.250973 0.0123005 0.310291 0.0107944 0.37094 0.0101161 0.433835 0.00925504 
4.363 0.0327078 -0.10589 0.0906799 -0.107486 0.144935 -0.108255 0.199252 -0.110154 0.256706 -0.113324 0.315284 -0.11597 0.375667 -0.119322 
4.016 -0.168634 0.0105328 -0.109246 0.00968403 -0.0555063 0.0099872 -0.00330975 0.00964959 0.0506175 0.00857836 0.104576 0.0082486 0.158759 0.0076928 
1.421 -0.258348 0.237214 -0.195801 0.232826 -0.139745 0.230542 -0.0857749 0.228296 -0.0307732 0.226045 0.0230435 0.225399 0.0766831 0.225372 
4.223 0.00873853 0.0119025 0.0665062 0.0109151 0.120376 0.0110192 0.174192 0.01054 0.231172 0.00910549 0.289118 0.00857409 0.348764 0.00785561 
4.27 -0.0761813 -0.18944 -0.0181607 -0.189521 0.0351371 -0.18922 0.0876864 -0.190349 0.142569 -0.193007 0.197942 -0.195572 0.254509 -0.198815 
4.023 -0.174113 -0.0127517 -0.114452 -0.0131776 -0.0606516 -0.012724 -0.00824469 -0.0130188 0.0456124 -0.0141114 0.0992572 -0.0145534 0.153356 -0.0153368 
4.121 -0.130968 -0.0764416 -0.0724458 -0.0764942 -0.019111 -0.0758519 0.033052 -0.076213 0.0871948 -0.0776325 0.141568 -0.078709 0.196827 -0.0802779 
1.453 0.166251 0.165306 0.226928 0.165892 0.284227 0.167945 0.342134 0.169766 0.40409 0.171227 0.46793 0.174074 0.534411 0.177359 
1.749 0.116258 0.181742 0.175811 0.182009 0.231898 0.183811 0.288328 0.185477 0.348489 0.186834 0.410269 0.189619 0.474308 0.192888 
1.468 -0.226846 0.254335 -0.165275 0.249964 -0.109656 0.247881 -0.0562268 0.245828 -0.00137294 0.243836 0.0524445 0.24347 0.106463 0.243659 
4.379 0.0587317 -0.0627448 0.116972 -0.0641998 0.171692 -0.0647183 0.226667 -0.0663566 0.285038 -0.0690455 0.344664 -0.071076 0.406216 -0.0735261 
4.094 -0.150829 -0.08329 -0.0918248 -0.0831435 -0.0382935 -0.0823111 0.0139313 -0.0825566 0.0679023 -0.0838807 0.121875 -0.0848689 0.176514 -0.0863522 
3.922 0.0669497 0.0125873 0.125627 0.0115496 0.180464 0.0116147 0.235833 0.0110375 0.294442 0.00957084 0.354269 0.00891752 0.416224 0.00814135 
4.246 -0.00495822 0.0255992 0.0527001 0.0247564 0.106408 0.0251397 0.160068 0.0247452 0.2167 0.023663 0.274329 0.0233226 0.333589 0.0228432 
4.207 0.0950281 0.00984797 0.15417 0.00870066 0.209726 0.00871145 0.265889 0.00803271 0.325663 0.0064479 0.386729 0.0057068 0.4505 0.00470299 
4.543 0.0922887 -0.183961 0.151311 -0.186697 0.206745 -0.18885 0.262454 -0.192318 0.321701 -0.197398 0.382557 -0.202067 0.445764 -0.207588 
3.4 0.0957129 0.0680592 0.154595 0.0674345 0.210049 0.0681371 0.265941 0.0683055 0.325306 0.0677782 0.386044 0.0682392 0.449136 0.068763 
1.486 0.0402411 0.309807 0.0990753 0.309362 0.15386 0.310935 0.208407 0.312765 0.265977 0.3145 0.32447 0.318207 0.384445 0.322656 
1.448 -0.27273 0.251596 -0.20963 0.246703 -0.153209 0.243941 -0.0990619 0.24127 -0.0438414 0.238661 0.0100712 0.237478 0.0637413 0.237036 
4.355 0.0190111 -0.141501 0.0769597 -0.142998 0.130977 -0.143862 0.185065 -0.146049 0.242108 -0.149376 0.300243 -0.152518 0.360094 -0.156393 
4.211 -0.0727572 -0.0716477 -0.0149654 -0.0722635 0.0382189 -0.0719613 0.0906856 -0.0728862 0.145743 -0.0747052 0.201411 -0.0760729 0.258267 -0.0779768 
4.156 -0.104945 -0.0675387 -0.0467625 -0.0679 0.0064384 -0.0674666 0.0586658 -0.0680575 0.113129 -0.0695427 0.167944 -0.0707224 0.223802 -0.0722636 
4.348 0.0217504 -0.114108 0.0796128 -0.11556 0.133607 -0.116238 0.187678 -0.118006 0.244848 -0.121061 0.302976 -0.123707 0.362815 -0.126901 
4.395 0.0772223 -0.0483632 0.135792 -0.049924 0.190977 -0.0504963 0.246452 -0.0519158 0.305567 -0.0543389 0.365921 -0.0560955 0.428411 -0.0582653 
3.818 -0.289851 0.00368443 -0.226829 0.00330949 -0.170522 0.00388506 -0.11675 0.00373513 -0.0621308 0.00287708 -0.00871121 0.00268835 0.0443058 0.00224557 
4.262 -0.0337214 -0.0586358 0.0240451 -0.0595929 0.0773345 -0.0595952 0.130276 -0.0605806 0.186038 -0.0626057 0.242583 -0.0640953 0.300535 -0.0659571 
4.07 -0.183701 -0.12712 -0.123906 -0.126253 -0.0699272 -0.124924 -0.0174937 -0.124821 0.0364492 -0.125956 0.0901053 -0.126863 0.144153 -0.128424 
3.963 -0.233009 -0.0668539 -0.171784 -0.0663983 -0.116912 -0.0651517 -0.0642282 -0.0649694 -0.010056 -0.0657179 0.0432846 -0.0660185 0.0965091 -0.0668457 
1.332 -0.0433091 0.10641 0.0146072 0.105099 0.0679896 0.105373 0.120863 0.105316 0.176299 0.104959 0.232393 0.105353 0.289752 0.10604 
4.164 -0.104945 -0.0853445 -0.0467898 -0.0855738 0.00642457 -0.0851141 0.0586063 -0.08564 0.113092 -0.0874253 0.167901 -0.0887087 0.223726 -0.0905148 
4.359 0.0601014 -0.0476784 0.118434 -0.0490587 0.173184 -0.0494878 0.228186 -0.050783 0.286646 -0.0531508 0.346427 -0.0548839 0.408086 -0.0568511 
4.363 -0.00290371 -0.215464 0.0549361 -0.216844 0.108744 -0.217863 0.162258 -0.220319 0.21855 -0.22403 0.275709 -0.227852 0.33447 -0.232469 
4.262 -0.0193398 -0.0209697 0.0382307 -0.0219155 0.0917087 -0.0218526 0.144878 -0.0225912 0.201116 -0.0243056 0.25822 -0.025342 0.316761 -0.0266512 
1.451 0.0251746 0.215299 0.0836134 0.214623 0.138072 0.215505 0.192268 0.216626 0.249617 0.217629 0.307785 0.219895 0.367495 0.22268 
3.041 0.0464046 0.0673743 0.104625 0.0663858 0.1592 0.0671357 0.213954 0.0671909 0.27196 0.0665142 0.33128 0.0670282 0.3923 0.0674383 
4.059 -0.160416 -0.0483632 -0.101419 -0.0485368 -0.0477959 -0.0481218 0.00434815 -0.0481043 0.0581426 -0.0494478 0.112203 -0.0500276 0.166717 -0.0509091 
3.645 -0.369292 0.013957 -0.30335 0.0134323 -0.244763 0.0138217 -0.188971 0.0136546 -0.132877 0.0128023 -0.0787513 0.0125512 -0.025383 0.0122549 
1.602 0.0758526 0.200233 0.134698 0.200063 0.189931 0.20155 0.245175 0.202928 0.303803 0.203923 0.363705 0.206559 0.42554 0.209453 
4.27 -0.052212 -0.129859 0.00508908 -0.130409 0.0586106 -0.130376 0.111312 -0.131594 0.166612 -0.134156 0.222682 -0.136422 0.279912 -0.139231 
3.238 0.0457198 0.0386111 0.103821 0.0376772 0.158347 0.0380597 0.213187 0.0378459 0.271156 0.0369025 0.330597 0.0367375 0.391776 0.0366336 
1.306 -0.0474182 0.211875 0.00699341 0.209905 0.0606939 0.209951 0.11383 0.210106 0.169317 0.210097 0.225435 0.211644 0.28257 0.213478 
3.979 -0.232324 -0.101781 -0.171428 -0.100742 -0.116564 -0.0991791 -0.0635383 -0.0987238 -0.00969035 -0.0993486 0.0435104 -0.0997317 0.0968433 -0.10069 
1.077 -0.205616 0.311861 -0.144238 0.306679 -0.0889466 0.304009 -0.0355286 0.301665 0.0192501 0.299368 0.0735237 0.299042 0.127632 0.299343 
4.242 -0.0672785 -0.121641 -0.00941147 -0.122004 0.0437731 -0.121804 0.0963619 -0.122788 0.151405 -0.125073 0.207097 -0.12701 0.263931 -0.129571 
4.277 -0.0179701 -0.0558965 0.0396994 -0.0568717 0.0932217 -0.0569282 0.146541 -0.057975 0.202844 -0.0600436 0.260018 -0.0615544 0.318624 -0.0634367 
3.936 -0.291905 -0.220257 -0.22929 -0.216853 -0.172974 -0.21327 -0.119074 -0.211334 -0.0643568 -0.210741 -0.0107895 -0.210201 0.0425208 -0.21075 
4.188 -0.0912478 -0.0853445 -0.0331819 -0.0856345 0.0199964 -0.0852805 0.0723317 -0.0859121 0.126923 -0.0878103 0.18213 -0.0891875 0.238284 -0.0911538 
4.23 -0.106314 -0.240118 -0.0478576 -0.23956 0.00552576 -0.238864 0.0578473 -0.239624 0.112458 -0.242115 0.167153 -0.244618 0.222905 -0.248073 
1.447 -0.237118 0.207766 -0.175347 0.204043 -0.119905 0.202285 -0.0664537 0.200474 -0.0119205 0.198668 0.0415647 0.198427 0.0952229 0.198495 
3.064 0.0101082 0.0557321 0.0678538 0.05457 0.121643 0.0549399 0.175388 0.0547163 0.232425 0.0540267 0.290378 0.0541069 0.349908 0.0543039 
3.91 -0.309711 -0.259978 -0.246521 -0.255737 -0.189977 -0.251728 -0.135645 -0.249227 -0.0807933 -0.248181 -0.0269558 -0.247362 0.0263288 -0.247711 
4.395 0.0183263 -0.227106 0.0763442 -0.228779 0.130355 -0.230086 0.184337 -0.232786 0.241168 -0.237308 0.298983 -0.241682 0.358334 -0.246988 
4.102 -0.143295 -0.070278 -0.0845233 -0.0703654 -0.0311122 -0.0696504 0.0208847 -0.0699895 0.0749157 -0.0713085 0.128849 -0.0722288 0.183594 -0.0736607 
1.55 0.148445 0.174894 0.208563 0.175355 0.265288 0.17723 0.322552 0.17888 0.383646 0.180191 0.446557 0.18294 0.511994 0.186077 
3.951 -0.294645 -0.288741 -0.23193 -0.284295 -0.175765 -0.280036 -0.121808 -0.277458 -0.0669922 -0.276534 -0.0132553 -0.275747 0.0401141 -0.276517 
3.693 -0.350116 0.0160115 -0.284876 0.0153935 -0.226625 0.0157596 -0.17151 0.0155691 -0.116062 0.0146792 -0.0618369 0.0144112 -0.00891276 0.014087 
1.58 0.0690042 0.213245 0.127795 0.213056 0.182992 0.214647 0.23822 0.216254 0.2968 0.21745 0.356401 0.220427 0.41819 0.22373 
3.369 0.0607862 0.0365566 0.119217 0.035476 0.173957 0.0359288 0.229011 0.0357074 0.287524 0.0345658 0.347242 0.0344135 0.408879 0.0344225 
