1.726 0.0943432 0.00642378 0.0934391 -0.0520201 0.0932258 -0.106064 0.0932805 -0.160215 0.0938347 -0.218392 0.0946118 -0.276966 0.0961639 -0.339627 
1.148 0.249117 0.453623 0.242371 0.387201 0.237317 0.329181 0.23311 0.273903 0.229549 0.21746 0.226837 0.163589 0.225317 0.108723 
1.022 0.266922 0.370073 0.261162 0.3068 0.257116 0.251082 0.253834 0.197483 0.251373 0.142474 0.249755 0.0894104 0.249451 0.0347915 
1.279 0.356636 -0.00453363 0.357245 -0.063768 0.359461 -0.118444 0.362609 -0.173081 0.367325 -0.231618 0.373023 -0.290427 0.380717 -0.3533 
0.735 0.471004 0.415272 0.46292 0.351338 0.457198 0.294986 0.452715 0.240783 0.449475 0.185086 0.447634 0.131454 0.447537 0.0764914 
0.734 0.474428 0.385139 0.466997 0.322032 0.461921 0.266301 0.458055 0.212503 0.455524 0.157251 0.454372 0.103792 0.455069 0.0488156 
4.016 -0.0919326 0.250911 -0.0926318 0.190528 -0.0935986 0.136982 -0.0946897 0.085136 -0.0960652 0.0314469 -0.0977313 -0.0209368 -0.0992571 -0.0754769 
4.227 -0.0837146 0.113943 -0.0851338 0.0560891 -0.0867222 0.00359966 -0.0884399 -0.0481886 -0.0904887 -0.103027 -0.0928087 -0.157695 -0.0949887 -0.215607 
0.891 0.31897 0.286522 0.314481 0.225611 0.311756 0.171439 0.309839 0.118952 0.309068 0.0643627 0.309284 0.0111209 0.311001 -0.0441068 
3.494 0.023805 0.282413 0.0215358 0.221086 0.0199186 0.167018 0.0183049 0.114813 0.016904 0.0609847 0.0156843 0.0086824 0.0149534 -0.045556 
0.798 0.460047 -0.011382 0.46259 -0.0712568 0.466774 -0.126568 0.472152 -0.181986 0.479569 -0.241421 0.488197 -0.301329 0.499253 -0.365396 
4.34 -0.213149 0.0769621 -0.21472 0.0189456 -0.217123 -0.0338845 -0.219912 -0.0864149 -0.223631 -0.142145 -0.22787 -0.197839 -0.23248 -0.25682 
4.035 -0.200822 0.269401 -0.200191 0.208633 -0.200252 0.154728 -0.200767 0.102589 -0.201942 0.048683 -0.203797 -0.0037478 -0.205873 -0.0583185 
4.098 -0.0864539 0.196809 -0.0875176 0.137797 -0.0887009 0.0850724 -0.0900367 0.033627 -0.0916174 -0.0201758 -0.0934895 -0.0731759 -0.0952373 -0.1288 
1.035 0.264183 0.385139 0.25827 0.321328 0.254032 0.265243 0.250557 0.211432 0.247889 0.156197 0.246048 0.102956 0.245536 0.048398 
4.051 -0.162471 0.255705 -0.162303 0.19516 -0.16277 0.141529 -0.163632 0.0895811 -0.165012 0.0357913 -0.166812 -0.0166416 -0.168959 -0.0712461 
4.055 -0.14672 0.247487 -0.146805 0.187207 -0.147345 0.133656 -0.148313 0.0818518 -0.149725 0.0280817 -0.151633 -0.0243747 -0.153609 -0.0790671 
1.347 0.176524 0.143391 0.174348 0.0848473 0.173306 0.0319701 0.172857 -0.0201335 0.173205 -0.075098 0.174177 -0.129698 0.176252 -0.187357 
0.734 0.48744 0.481016 0.477865 0.415117 0.470672 0.357165 0.464761 0.301716 0.460159 0.245008 0.456972 0.190712 0.455556 0.135389 
4.238 -0.190549 0.138597 -0.191408 0.0802874 -0.192914 0.0277237 -0.194891 -0.0240213 -0.197559 -0.0786046 -0.200911 -0.132748 -0.20443 -0.18986 
0.738 0.462786 0.428969 0.454475 0.364608 0.448694 0.308041 0.443944 0.2535 0.440492 0.197699 0.43846 0.143913 0.438177 0.0889226 
4.141 -0.221367 0.21256 -0.221136 0.153088 -0.221771 0.099943 -0.222957 0.0481634 -0.224835 -0.005729 -0.227463 -0.0587375 -0.230457 -0.114134 
3.982 -0.195343 0.303643 -0.194363 0.241915 -0.194156 0.187451 -0.194331 0.134882 -0.19513 0.0808603 -0.19655 0.0284041 -0.198176 -0.0257986 
4.129 -0.192604 0.211875 -0.192588 0.152401 -0.193295 0.0993774 -0.194422 0.0476531 -0.196284 -0.00618411 -0.198747 -0.0591524 -0.201493 -0.114514 
0.731 0.516203 0.37966 0.508573 0.316969 0.503469 0.261364 0.499584 0.207676 0.497155 0.152428 0.496239 0.098918 0.497275 0.0438128 
4.074 -0.150829 0.233105 -0.151024 0.173156 -0.151684 0.119878 -0.152687 0.0682408 -0.154206 0.014443 -0.156222 -0.0380087 -0.158294 -0.0929466 
4.199 -0.0912478 0.135173 -0.0925537 0.0771195 -0.0940183 0.0246623 -0.0956514 -0.0269992 -0.0975696 -0.0814696 -0.0997642 -0.135605 -0.101904 -0.192928 
0.897 0.327873 0.225572 0.324347 0.165774 0.322697 0.112221 0.321807 0.0599227 0.322148 0.00513264 0.323548 -0.0486553 0.326527 -0.104867 
0.871 0.330612 0.309122 0.325565 0.247756 0.322475 0.193348 0.32019 0.14053 0.319039 0.0858535 0.318969 0.0326447 0.320375 -0.0225004 
0.912 0.308697 0.296795 0.303992 0.23562 0.30105 0.181357 0.298967 0.128696 0.297924 0.0741485 0.297863 0.0209594 0.299266 -0.0341558 
1.612 0.0916039 -0.0264484 0.0910271 -0.0852643 0.091018 -0.139779 0.0912611 -0.194728 0.0919862 -0.253726 0.0929447 -0.313305 0.0946907 -0.377328 
0.729 0.50867 0.409793 0.500474 0.346063 0.494785 0.289952 0.490367 0.235946 0.487238 0.18017 0.485637 0.126621 0.485901 0.0716842 
1.428 0.0217504 0.185166 0.0198768 0.126542 0.0184317 0.0739325 0.0171038 0.0223708 0.0159196 -0.0316245 0.0148677 -0.0850626 0.014341 -0.141283 
4.188 -0.191919 0.172154 -0.192382 0.113484 -0.193569 0.0607568 -0.19518 0.00912827 -0.197527 -0.0450549 -0.200498 -0.0985761 -0.203665 -0.154843 
0.74 0.460047 0.398151 0.452437 0.334664 0.447292 0.278726 0.443259 0.224762 0.440524 0.169318 0.439174 0.11578 0.439578 0.0608724 
0.73 0.496343 0.44472 0.487347 0.380119 0.480899 0.323176 0.475635 0.268414 0.471709 0.212371 0.469212 0.158529 0.468527 0.10341 
1.154 0.530585 -0.0463087 0.534319 -0.106595 0.539776 -0.162543 0.546537 -0.218589 0.555498 -0.278639 0.565777 -0.339185 0.578489 -0.403631 
0.732 0.481961 0.44472 0.473174 0.379995 0.466784 0.323182 0.461608 0.26842 0.457703 0.21241 0.45524 0.158517 0.454561 0.1035 
1.055 0.258019 0.397466 0.252047 0.3332 0.247652 0.276871 0.244086 0.222743 0.241223 0.167507 0.239279 0.114112 0.238404 0.0597449 
4.082 -0.221367 0.252281 -0.22061 0.191984 -0.220773 0.13844 -0.221447 0.0864318 -0.222817 0.032612 -0.224907 -0.0200043 -0.227319 -0.0748108 
4.07 -0.200137 0.252965 -0.199648 0.192729 -0.199866 0.139114 -0.200612 0.0870688 -0.201963 0.0332901 -0.203945 -0.0193285 -0.206261 -0.0740295 
0.73 0.513464 0.42486 0.504753 0.360922 0.498662 0.304694 0.493792 0.250041 0.490324 0.194237 0.488308 0.140565 0.488181 0.0856287 
0.73 0.495658 0.395412 0.487753 0.332031 0.482359 0.276167 0.478204 0.222138 0.475474 0.166884 0.474141 0.113348 0.474744 0.0583636 
4.309 -0.217943 0.100247 -0.219271 0.0423132 -0.221487 -0.0104106 -0.224054 -0.0625417 -0.227451 -0.117922 -0.2315 -0.172862 -0.235879 -0.231204 
2.301 0.0683194 0.00710862 0.0671933 -0.0512807 0.0665198 -0.105145 0.0662442 -0.159164 0.0662279 -0.217252 0.0664387 -0.275675 0.0673356 -0.338231 
1.457 0.0196959 0.204342 0.0177979 0.145359 0.0163285 0.0926536 0.0149736 0.0410768 0.0137662 -0.0128117 0.0126651 -0.0659246 0.012129 -0.121805 
4.027 0.00873853 0.043405 0.00725048 -0.0145128 0.00606112 -0.0677953 0.00494726 -0.120986 0.00395574 -0.177957 0.00301505 -0.235242 0.00247404 -0.296409 
1.025 0.267607 0.352952 0.262121 0.290223 0.258306 0.234928 0.255188 0.181581 0.252982 0.126733 0.251615 0.0737392 0.251607 0.019105 
4.195 -0.238488 0.176264 -0.238533 0.117379 -0.239691 0.0645916 -0.241349 0.0128444 -0.24374 -0.0413429 -0.24709 -0.0948587 -0.250711 -0.151019 
4.273 -0.218628 0.12627 -0.219606 0.0680747 -0.221422 0.0154468 -0.223659 -0.0364625 -0.226735 -0.0912879 -0.230488 -0.145786 -0.234523 -0.20322 
4.23 -0.215888 0.153664 -0.216464 0.0951297 -0.217874 0.0425121 -0.219726 -0.0092846 -0.222415 -0.0637837 -0.225811 -0.117496 -0.229532 -0.174189 
4.199 -0.113163 0.137228 -0.114373 0.0791327 -0.115775 0.0266622 -0.117481 -0.0249672 -0.119584 -0.079496 -0.122069 -0.13359 -0.124524 -0.190852 
4.094 -0.199452 0.234475 -0.199199 0.174519 -0.199624 0.121123 -0.200582 0.0693191 -0.202133 0.015489 -0.204437 -0.037123 -0.206909 -0.0921046 
0.729 0.519627 0.468004 0.510092 0.402828 0.503073 0.34543 0.497211 0.290423 0.492718 0.234052 0.489667 0.179964 0.488431 0.124814 
0.729 0.512779 0.444035 0.50367 0.379468 0.497137 0.322605 0.491846 0.267857 0.487871 0.211833 0.48541 0.157976 0.484682 0.102803 
1.664 0.0683194 0.0420353 0.0670417 -0.0159878 0.0663286 -0.0693886 0.0659413 -0.122734 0.0658908 -0.179844 0.0660271 -0.237288 0.066799 -0.298598 
1.345 0.190221 0.1475 0.18795 0.088878 0.186931 0.0359631 0.186495 -0.0161893 0.186915 -0.0711065 0.187946 -0.125602 0.190192 -0.183168 
0.73 0.495658 0.430338 0.487028 0.366219 0.480914 0.309567 0.475928 0.255062 0.47235 0.199174 0.470214 0.145478 0.469897 0.0903798 
0.73 0.516888 0.394042 0.508994 0.330956 0.503554 0.275238 0.499433 0.221292 0.496751 0.165875 0.495529 0.112343 0.496207 0.0574411 
0.73 0.501137 0.461841 0.49191 0.396656 0.48514 0.339201 0.479582 0.284185 0.475375 0.227984 0.472622 0.173987 0.471513 0.118798 
4.273 -0.173428 0.110519 -0.174738 0.0525206 -0.176542 -0.000144294 -0.178829 -0.0520705 -0.181744 -0.107048 -0.185195 -0.161827 -0.188834 -0.219691 
1.355 0.134749 0.252965 0.131556 0.192713 0.129393 0.139103 0.127695 0.0870765 0.126584 0.033121 0.126023 -0.0196572 0.126285 -0.0746362 
4.223 -0.196713 0.152294 -0.197398 0.0938555 -0.198805 0.041156 -0.200677 -0.0104317 -0.203262 -0.0648994 -0.206475 -0.118683 -0.209953 -0.175555 
4.094 -0.164525 0.225572 -0.164605 0.165907 -0.165308 0.112813 -0.166376 0.0611412 -0.167955 0.00736083 -0.170129 -0.0452967 -0.172456 -0.100405 
1.652 0.103931 -0.0059033 0.103188 -0.0645388 0.10327 -0.118906 0.103651 -0.173449 0.104599 -0.232087 0.105773 -0.291192 0.10776 -0.354499 
4.098 -0.180277 0.23242 -0.180157 0.172556 -0.180694 0.119358 -0.181667 0.0676043 -0.183227 0.0137835 -0.185403 -0.0389314 -0.187759 -0.0939424 
4.109 -0.221367 0.233105 -0.220855 0.173218 -0.221219 0.119863 -0.222137 0.0680498 -0.223753 0.0142022 -0.226101 -0.0385702 -0.228795 -0.0936935 
4.125 -0.161786 0.202287 -0.162012 0.143142 -0.162934 0.0903029 -0.164167 0.038722 -0.166039 -0.0151121 -0.16835 -0.0681913 -0.170878 -0.123778 
4.004 -0.200822 0.290631 -0.199921 0.229217 -0.199759 0.174976 -0.200043 0.122527 -0.20099 0.0686328 -0.202535 0.0162322 -0.20436 -0.0381181 
4.219 -0.159732 0.144076 -0.160696 0.0858853 -0.162037 0.0333611 -0.163842 -0.0182648 -0.166177 -0.0728159 -0.169108 -0.126997 -0.17222 -0.183911 
1.61 0.0149021 0.064635 0.0133453 0.00674254 0.0121181 -0.046198 0.0110343 -0.0987903 0.0100391 -0.154971 0.00911639 -0.211432 0.0086324 -0.27148 
1.549 0.173784 -0.0209697 0.173965 -0.0801969 0.174903 -0.135021 0.176487 -0.190039 0.178776 -0.249163 0.18163 -0.308989 0.185784 -0.37318 
1.112 0.531955 -0.0298726 0.535759 -0.0901056 0.54113 -0.145935 0.547857 -0.201908 0.556763 -0.261877 0.567192 -0.322168 0.579785 -0.386678 
1.587 0.102561 0.0536776 0.101386 -0.00441295 0.100918 -0.0576769 0.100847 -0.110721 0.101261 -0.167431 0.10202 -0.224377 0.103508 -0.284926 
0.731 0.491549 0.413217 0.48341 0.349382 0.477831 0.293202 0.473283 0.238809 0.470123 0.183194 0.468409 0.129555 0.468558 0.0746442 
4.09 -0.0994658 0.202972 -0.100376 0.143907 -0.101474 0.0911265 -0.102809 0.0396155 -0.1044 -0.0141742 -0.106372 -0.0670943 -0.108147 -0.122621 
1.436 0.119682 0.111204 0.117985 0.0529695 0.117141 0.000120587 0.11671 -0.0518969 0.116893 -0.107425 0.117426 -0.162683 0.118883 -0.221057 
1.46 0.0176414 0.12764 0.0159562 0.0696855 0.0146483 0.0171142 0.0132831 -0.0347337 0.0122644 -0.0895985 0.0112726 -0.144288 0.0106916 -0.202301 
1.385 0.237474 0.421435 0.231214 0.355978 0.226697 0.298772 0.222835 0.244167 0.219678 0.188255 0.217321 0.134798 0.216059 0.0800487 
1.462 0.0916039 -0.0682235 0.091264 -0.128136 0.0915944 -0.18417 0.0920878 -0.240555 0.0930332 -0.30166 0.0941623 -0.363643 0.0961998 -0.430663 
1.441 0.184742 0.104356 0.183056 0.0459854 0.182622 -0.00714298 0.182441 -0.0595429 0.183608 -0.115272 0.185057 -0.170736 0.187464 -0.229409 
0.742 0.455253 0.378975 0.44823 0.316168 0.443315 0.260845 0.439539 0.207212 0.437113 0.152048 0.436098 0.0987078 0.436944 0.0437919 
4.293 -0.172059 0.0954527 -0.173508 0.0375962 -0.175411 -0.0149804 -0.177841 -0.0671188 -0.180821 -0.122573 -0.184418 -0.177607 -0.188172 -0.236163 
4.121 -0.113163 0.189275 -0.114079 0.130231 -0.115188 0.0775135 -0.116679 0.0260228 -0.118399 -0.0277705 -0.120619 -0.0808167 -0.122682 -0.136467 
4.195 -0.171374 0.161882 -0.172113 0.103267 -0.173355 0.0507103 -0.175033 -0.000860523 -0.177347 -0.055004 -0.180159 -0.108579 -0.183167 -0.16498 
4.219 -0.139871 0.139282 -0.14095 0.0811151 -0.14248 0.0286481 -0.144113 -0.0230371 -0.146538 -0.0775358 -0.149169 -0.131687 -0.151933 -0.188889 
4.258 -0.0864539 0.0886043 -0.0880113 0.0308422 -0.0896685 -0.0217124 -0.0915898 -0.0738975 -0.0937615 -0.12935 -0.0962405 -0.184842 -0.0985833 -0.243723 
4.156 -0.0364608 0.0208054 -0.0381747 -0.037022 -0.0397778 -0.0904918 -0.0414229 -0.143802 -0.0431699 -0.201148 -0.0451141 -0.258742 -0.0466899 -0.320058 
1.238 0.48744 -0.0476784 0.490586 -0.107833 0.495495 -0.163743 0.501641 -0.219782 0.509703 -0.279899 0.519153 -0.340422 0.530951 -0.405159 
1.628 0.180633 0.0427202 0.179903 -0.015668 0.180211 -0.0693721 0.180868 -0.12289 0.182826 -0.180096 0.185046 -0.237428 0.188121 -0.29852 
4.266 -0.147404 0.108465 -0.148762 0.0505908 -0.150542 -0.00197694 -0.152683 -0.0538181 -0.15537 -0.108715 -0.158538 -0.1636 -0.161735 -0.221499 
4.258 -0.0398849 0.0427202 -0.0415838 -0.0149547 -0.0431651 -0.0680156 -0.0447991 -0.120947 -0.0465091 -0.177606 -0.0484188 -0.234485 -0.0499701 -0.295013 
4.285 -0.14672 0.0933982 -0.148201 0.0354068 -0.150063 -0.0170563 -0.15235 -0.0693212 -0.155118 -0.124557 -0.158345 -0.179782 -0.161689 -0.238465 
4.051 0.0135324 0.146131 0.0117936 0.0879797 0.0104625 0.0354239 0.00911409 -0.0161687 0.00809796 -0.0706181 0.00707442 -0.124712 0.00652781 -0.181838 
0.733 0.477168 0.428284 0.468778 0.364007 0.462728 0.307278 0.457863 0.252717 0.454419 0.196943 0.452318 0.143156 0.452033 0.0881388 
1.688 0.0950281 0.0262841 0.0940064 -0.0319655 0.093708 -0.085588 0.0935817 -0.139211 0.0941739 -0.196743 0.0948702 -0.254583 0.0963014 -0.316469 
0.9 0.327188 0.252965 0.323257 0.192805 0.321146 0.1391 0.319843 0.0867698 0.319796 0.0321762 0.320745 -0.0212577 0.323037 -0.0770333 
4.184 -0.246021 0.195439 -0.245822 0.136348 -0.246711 0.0833972 -0.248186 0.0315949 -0.250439 -0.0224592 -0.253629 -0.0757377 -0.257198 -0.13155 
4.059 -0.122065 0.231051 -0.122582 0.171287 -0.123467 0.118148 -0.124617 0.0665248 -0.126064 0.0127208 -0.127877 -0.0399473 -0.129681 -0.0951419 
1.672 0.123791 0.00710862 0.123153 -0.0514554 0.123329 -0.105538 0.124137 -0.159827 0.125352 -0.217988 0.126863 -0.27657 0.129366 -0.339228 
0.717 0.567566 0.0831256 0.568948 0.0238726 0.572452 -0.0303679 0.577284 -0.0842691 0.584282 -0.14144 0.592914 -0.198463 0.603992 -0.258964 
1.177 0.518258 -0.0531571 0.522039 -0.113604 0.527481 -0.169596 0.534198 -0.225742 0.543082 -0.286081 0.553297 -0.346699 0.565824 -0.41144 
4.086 -0.0672785 0.197493 -0.0684189 0.1385 -0.0697051 0.0859006 -0.0710163 0.0343978 -0.072544 -0.0193112 -0.0742816 -0.0723259 -0.0758671 -0.127865 
1.375 0.212135 0.134488 0.210079 0.075996 0.209235 0.0228298 0.208927 -0.0293675 0.2097 -0.0845734 0.211125 -0.139417 0.213615 -0.197308 
2.725 0.0333927 -0.0750719 0.0322401 -0.134752 0.0315312 -0.190484 0.0309183 -0.246739 0.0304072 -0.307435 0.0299716 -0.368969 0.0300628 -0.43535 
3.994 -0.174113 0.292001 -0.173524 0.230527 -0.173545 0.176253 -0.17395 0.123919 -0.174868 0.0699471 -0.176383 0.0176884 -0.178022 -0.0366008 
1.678 0.0806465 0.0338173 0.079449 -0.0242877 0.0788712 -0.0777882 0.0787507 -0.131297 0.0788794 -0.188539 0.0792884 -0.246102 0.0804806 -0.307585 
1.65 0.0464046 0.0461444 0.0450044 -0.0118476 0.0440435 -0.0651529 0.0433966 -0.118438 0.0430215 -0.175422 0.0427007 -0.232764 0.0429884 -0.293964 
1.625 0.0340775 0.0550473 0.0326385 -0.00283148 0.0315587 -0.0559911 0.0308572 -0.108887 0.0301209 -0.165382 0.0297123 -0.222249 0.0298708 -0.282839 
0.781 0.391563 0.535118 0.382076 0.466616 0.374491 0.406692 0.368159 0.349507 0.362623 0.291696 0.3584 0.236677 0.355543 0.180949 
4.07 -0.0974113 0.216669 -0.0982667 0.157097 -0.099328 0.10408 -0.100583 0.0525184 -0.102145 -0.00120888 -0.103967 -0.0538682 -0.10572 -0.108931 
4.25 -0.162471 0.122846 -0.163629 0.0648472 -0.165349 0.0122581 -0.167455 -0.0395544 -0.170163 -0.0943097 -0.173387 -0.148801 -0.176765 -0.206336 
3.873 -0.0309821 0.283783 -0.0323693 0.222533 -0.0336093 0.168503 -0.0349511 0.116332 -0.0362322 0.0625504 -0.0376104 0.0102599 -0.0387409 -0.0439161 
1.46 0.0272291 0.115313 0.0255567 0.0573567 0.0242219 0.00474688 0.0231557 -0.04724 0.0221957 -0.102354 0.0214132 -0.15741 0.0212761 -0.215909 
4.297 -0.158362 0.0844953 -0.159893 0.0264299 -0.16197 -0.0260105 -0.164326 -0.0785758 -0.167396 -0.134062 -0.170965 -0.189419 -0.174605 -0.248467 
1.647 0.131324 0.0338173 0.130491 -0.0245454 0.130348 -0.0782152 0.130775 -0.131801 0.131679 -0.189275 0.13302 -0.246886 0.135275 -0.308293 
1.039 0.581948 -0.000424599 0.584662 -0.060287 0.58925 -0.115248 0.595367 -0.170173 0.6037 -0.228737 0.613307 -0.28751 0.625632 -0.349969 
0.732 0.477852 0.398836 0.470079 0.335404 0.464711 0.279395 0.460534 0.225276 0.457816 0.169809 0.456474 0.11624 0.456971 0.0613033 
3.98 -0.0994658 0.279674 -0.0999419 0.218412 -0.100613 0.16455 -0.101577 0.112341 -0.102724 0.0587217 -0.104212 0.00645375 -0.105612 -0.0478828 
3.943 -0.100151 0.300219 -0.100517 0.238608 -0.101137 0.184041 -0.101934 0.131658 -0.103009 0.0777306 -0.10443 0.0255014 -0.10571 -0.0285011 
4.121 -0.0118066 0.0680592 -0.0134927 0.0102682 -0.0149374 -0.0424741 -0.016219 -0.0947737 -0.0175695 -0.150701 -0.0188444 -0.20671 -0.019633 -0.26618 
1.669 0.153239 0.00984797 0.152786 -0.0487854 0.153089 -0.102943 0.153992 -0.157202 0.155582 -0.215455 0.157453 -0.274006 0.160526 -0.33669 
4.051 -0.176852 0.259814 -0.176549 0.199249 -0.176895 0.145548 -0.177648 0.093568 -0.178948 0.0397333 -0.180851 -0.0127567 -0.182915 -0.0673595 
1.559 0.139543 0.0557321 0.138476 -0.00240676 0.138319 -0.0557835 0.138248 -0.108833 0.139433 -0.165617 0.140601 -0.222461 0.14255 -0.282822 
1.362 0.253226 0.270086 0.249078 0.20926 0.246451 0.155281 0.244538 0.102787 0.243423 0.0485041 0.243369 -0.00465639 0.2444 -0.0596756 
3.918 0.0642104 -0.0552116 0.0634127 -0.114389 0.0630437 -0.169475 0.063021 -0.225143 0.0631617 -0.28498 0.063529 -0.345433 0.0646647 -0.410669 
3.963 -0.12275 0.298849 -0.122786 0.237162 -0.123172 0.182832 -0.123831 0.1304 -0.124885 0.0763818 -0.126314 0.0241288 -0.127696 -0.0299124 
0.672 0.309382 0.537173 0.305135 0.474362 0.298511 0.414019 0.292638 0.356555 0.287671 0.298423 0.283675 0.243164 0.280937 0.187386 
1.612 0.159403 0.0420353 0.158558 -0.0163852 0.158662 -0.0699634 0.159243 -0.123433 0.160592 -0.180531 0.162227 -0.237829 0.165034 -0.298912 
3.932 -0.0474182 0.286522 -0.048756 0.224998 -0.0498268 0.170737 -0.0511101 0.11846 -0.0523235 0.0646675 -0.0536587 0.0124012 -0.0548397 -0.0417149 
4.266 -0.109054 0.0927133 -0.110559 0.0348101 -0.11236 -0.0177381 -0.114374 -0.0699297 -0.116836 -0.125301 -0.119669 -0.180621 -0.122451 -0.239289 
4.238 -0.0960416 0.10641 -0.0975448 0.0485401 -0.0991113 -0.00397034 -0.100918 -0.0557474 -0.103084 -0.110617 -0.105473 -0.165318 -0.107857 -0.223294 
4.02 -0.126174 0.268032 -0.126305 0.207176 -0.12686 0.153403 -0.127649 0.101462 -0.128853 0.0476271 -0.130472 -0.00465037 -0.132085 -0.0590956 
4.074 -0.135762 0.225572 -0.136121 0.165877 -0.136964 0.112696 -0.138094 0.0610521 -0.139664 0.00731351 -0.141631 -0.0452869 -0.143745 -0.100353 
3.984 -0.0426243 0.262553 -0.0439336 0.201833 -0.0451465 0.14808 -0.0464131 0.096184 -0.0477636 0.0424944 -0.0492065 -0.00982703 -0.050407 -0.0643122 
0.871 0.342254 0.252965 0.338237 0.192748 0.336035 0.139043 0.334712 0.0866812 0.334577 0.0320756 0.335454 -0.0213032 0.338054 -0.0771551 
0.729 0.527846 0.480331 0.517954 0.41487 0.510638 0.357006 0.504542 0.301534 0.499717 0.244953 0.496557 0.190561 0.495116 0.135165 
4.109 -0.135077 0.204342 -0.135696 0.145238 -0.136693 0.0923883 -0.137978 0.0408732 -0.139717 -0.0129192 -0.141785 -0.0659068 -0.143942 -0.121429 
4.004 -0.0672785 0.250226 -0.0682978 0.189884 -0.0694128 0.136382 -0.0705752 0.084572 -0.0719649 0.0308569 -0.0735448 -0.0214771 -0.0749153 -0.0760304 
4.168 -0.12549 0.163936 -0.126389 0.105433 -0.127721 0.0529236 -0.129241 0.0013611 -0.131354 -0.0527102 -0.133818 -0.106213 -0.136217 -0.162601 
3.088 0.0135324 0.110519 0.0119128 0.0525998 0.0106002 7.08045e-05 0.00936117 -0.0519769 0.00833713 -0.10711 0.00735811 -0.162138 0.00683867 -0.220672 
1.412 0.0299685 0.148185 0.0281662 0.0899941 0.0267762 0.0374491 0.0256403 -0.0142533 0.0246942 -0.0688371 0.0238673 -0.122976 0.0235902 -0.180283 
4.305 -0.184386 0.0892891 -0.185877 0.0313479 -0.187987 -0.0212603 -0.190456 -0.073679 -0.193669 -0.129073 -0.197447 -0.184288 -0.201436 -0.243096 
4.195 -0.0275579 0.0721682 -0.0293402 0.0143357 -0.0308695 -0.0383645 -0.0322095 -0.0906256 -0.0340408 -0.146574 -0.0355061 -0.202395 -0.0365382 -0.261639 
4.234 -0.128229 0.124901 -0.129477 0.0670083 -0.131143 0.0144351 -0.133062 -0.0371446 -0.135452 -0.0918789 -0.138306 -0.146412 -0.141159 -0.203879 
4.004 -0.0426243 0.241323 -0.0439781 0.181202 -0.0452495 0.127916 -0.0465945 0.076099 -0.0479128 0.022528 -0.0493441 -0.0298636 -0.0505835 -0.0845731 
3.955 0.0464046 0.00916313 0.0452731 -0.0491224 0.0444633 -0.102954 0.0439388 -0.156801 0.0437645 -0.214821 0.0437811 -0.273224 0.0441986 -0.335423 
4.16 -0.139186 0.176264 -0.139896 0.117546 -0.141148 0.0649409 -0.142656 0.0133942 -0.144748 -0.0405277 -0.147189 -0.0938356 -0.149709 -0.149944 
1.14 0.544966 -0.0469936 0.548849 -0.107304 0.554604 -0.163316 0.561536 -0.219339 0.570718 -0.279479 0.581142 -0.339777 0.594314 -0.404423 
1.525 0.10941 0.0707985 0.108109 0.0127664 0.107576 -0.0404007 0.107466 -0.0930561 0.107921 -0.149319 0.108711 -0.205696 0.110321 -0.265574 
3.936 -0.0802904 0.296795 -0.0808915 0.235029 -0.0817285 0.180731 -0.0826394 0.128351 -0.0838397 0.0744409 -0.085247 0.0220989 -0.0864408 -0.0318336 
3.998 -0.0843994 0.264608 -0.0850685 0.203747 -0.0859459 0.150252 -0.0869696 0.0981896 -0.0882425 0.0446033 -0.0897572 -0.00762338 -0.0911951 -0.0622376 
1.116 0.565512 -0.0435694 0.569523 -0.103899 0.575343 -0.159866 0.582503 -0.21586 0.591864 -0.275893 0.602468 -0.336079 0.616237 -0.400606 
1.496 0.199808 -0.0298726 0.200198 -0.0892677 0.201777 -0.144587 0.203682 -0.199948 0.20674 -0.259757 0.210288 -0.32019 0.21489 -0.384676 
1.33 0.453198 -0.0394603 0.455738 -0.0994531 0.46005 -0.155257 0.465468 -0.21106 0.472673 -0.27113 0.481181 -0.331605 0.492001 -0.396336 
4.199 -0.126174 0.144076 -0.127146 0.0858781 -0.128627 0.0334488 -0.130325 -0.0181131 -0.13254 -0.0725784 -0.135253 -0.126602 -0.137797 -0.183706 
1.675 0.123106 0.0228599 0.122383 -0.0354764 0.122459 -0.089332 0.122907 -0.143215 0.12407 -0.201104 0.125481 -0.259084 0.12783 -0.321195 
1.641 0.0922887 0.0440899 0.0911173 -0.0140189 0.09068 -0.0673954 0.0903939 -0.120658 0.0908473 -0.177671 0.0914177 -0.234896 0.092654 -0.295896 
4.043 -0.0919326 0.230366 -0.0927211 0.170633 -0.0937765 0.117514 -0.0949832 0.0658394 -0.0964307 0.0122502 -0.0980943 -0.0401841 -0.0997119 -0.0949306 
1.53 0.147761 0.0673743 0.146526 0.00920125 0.146257 -0.0439742 0.146392 -0.0970649 0.147401 -0.153377 0.148801 -0.209912 0.151029 -0.270188 
1.408 0.157348 0.124216 0.155299 0.0658266 0.154519 0.0129539 0.154226 -0.0390991 0.154703 -0.0942753 0.15555 -0.149175 0.15741 -0.207142 
4.32 -0.0426243 0.00368443 -0.0444451 -0.0544199 -0.0460816 -0.108174 -0.0478112 -0.161781 -0.0496746 -0.219428 -0.0516724 -0.277739 -0.0533926 -0.339804 
1.717 0.0751678 0.0194357 0.0739352 -0.0388177 0.0731618 -0.0925002 0.073361 -0.146353 0.0732173 -0.204062 0.0738309 -0.262192 0.0750999 -0.324318 
4.109 -0.0672785 0.182427 -0.0684847 0.123595 -0.0698492 0.0709302 -0.0712477 0.0195278 -0.072853 -0.0342967 -0.0746232 -0.0873458 -0.0763024 -0.143061 
4.141 -0.121381 0.178318 -0.122319 0.119563 -0.123553 0.0669827 -0.124935 0.0154533 -0.12684 -0.0384547 -0.129131 -0.0917515 -0.131486 -0.147805 
3.471 -0.0172853 0.289947 -0.018986 0.228557 -0.0204677 0.174399 -0.0217994 0.122118 -0.0232428 0.0683759 -0.0246767 0.0161028 -0.0255557 -0.0380628 
1.364 0.0368169 0.19133 0.0348873 0.132625 0.0333083 0.0801022 0.0320931 0.0283722 0.0310007 -0.0254962 0.0301341 -0.0787873 0.0300713 -0.135317 
1.053 0.596329 -0.00658814 0.599297 -0.0663258 0.604351 -0.121227 0.610763 -0.17639 0.619233 -0.234862 0.629297 -0.293764 0.642667 -0.356798 
4.191 -0.139186 0.155034 -0.140125 0.0966032 -0.141557 0.0441216 -0.143168 -0.00741317 -0.145467 -0.0616163 -0.14805 -0.115245 -0.150793 -0.171968 
0.722 0.57236 0.395412 0.564337 0.332467 0.558666 0.276696 0.554479 0.222939 0.551538 0.167399 0.550432 0.114006 0.551201 0.0588081 
4.027 -0.188495 0.275565 -0.187829 0.214529 -0.18789 0.160637 -0.188363 0.108459 -0.189487 0.0545169 -0.191265 0.00202153 -0.193118 -0.0525139 
0.921 0.310752 0.275565 0.306355 0.21484 0.303727 0.160866 0.301902 0.108341 0.301233 0.0537937 0.301469 0.000737083 0.303252 -0.0546989 
0.758 0.399781 0.120107 0.399288 0.0611298 0.40044 0.00755975 0.402236 -0.0456504 0.406612 -0.101878 0.41164 -0.157843 0.418322 -0.217209 
4.184 -0.253554 0.178318 -0.253588 0.119422 -0.254621 0.0667077 -0.256274 0.0149448 -0.258753 -0.0393088 -0.2621 -0.0927856 -0.265796 -0.14893 
1.107 0.568251 -0.0285029 0.57196 -0.0885469 0.577282 -0.14403 0.583948 -0.199615 0.593173 -0.258897 0.603309 -0.318754 0.616447 -0.38245 
0.712 0.577154 0.308437 0.571526 0.247345 0.568241 0.1929 0.566011 0.139975 0.565571 0.0851303 0.566758 0.0316606 0.570546 -0.0239607 
4.262 -0.185071 0.124216 -0.186128 0.0658397 -0.187865 0.0134805 -0.18998 -0.0388939 -0.19283 -0.0933408 -0.196239 -0.147836 -0.199874 -0.205429 
1.484 0.380605 -0.0141214 0.38173 -0.0735182 0.384138 -0.128362 0.387802 -0.183318 0.392646 -0.242013 0.399037 -0.301325 0.407698 -0.364821 
4.273 -0.0974113 0.0776469 -0.0990716 0.0198616 -0.100922 -0.032756 -0.102793 -0.0850401 -0.105192 -0.140609 -0.107728 -0.196302 -0.110319 -0.255303 
1.228 0.499767 -0.0600055 0.503567 -0.120493 0.508959 -0.176655 0.515653 -0.232965 0.524329 -0.293525 0.534428 -0.354518 0.546725 -0.419678 
3.957 -0.154253 0.306383 -0.153778 0.244504 -0.153851 0.189849 -0.154245 0.13737 -0.155148 0.0832818 -0.156528 0.0309169 -0.157977 -0.023 
3.938 0.0101082 0.0283386 0.00865911 -0.0296994 0.00747699 -0.0831302 0.00639013 -0.136469 0.0054555 -0.193768 0.00452584 -0.251271 0.00406246 -0.312709 
1.592 0.123106 -0.0175455 0.122739 -0.0765783 0.123164 -0.131223 0.123982 -0.186305 0.125345 -0.245718 0.126938 -0.30552 0.129568 -0.370259 
4.234 -0.173428 0.137913 -0.174445 0.0796678 -0.17589 0.027146 -0.177837 -0.0245779 -0.180392 -0.0791548 -0.183563 -0.133196 -0.186809 -0.190428 
1.417 0.0210656 0.161882 0.0192448 0.103547 0.0179158 0.0508854 0.0165711 -0.00054565 0.0155019 -0.0548453 0.014515 -0.108571 0.0139844 -0.16539 
3.971 -0.0843994 0.283098 -0.0849993 0.221677 -0.0858607 0.1676 -0.0867804 0.115382 -0.0880216 0.0616304 -0.0895119 0.00936042 -0.0908377 -0.0447101 
0.72 0.57099 0.068744 0.572971 0.00945267 0.576855 -0.0450036 0.582168 -0.0993835 0.589729 -0.15723 0.598733 -0.214486 0.610513 -0.275714 
2.535 0.0916039 -0.0127517 0.0907629 -0.0715972 0.0906474 -0.126325 0.0908579 -0.181188 0.0915638 -0.24052 0.0924432 -0.300138 0.0941099 -0.36383 
0.719 0.589481 0.0769621 0.59125 0.0174914 0.595335 -0.0365764 0.600393 -0.090573 0.607996 -0.147836 0.616964 -0.204839 0.628733 -0.265705 
1.514 0.10667 -0.0285029 0.106295 -0.0875672 0.106506 -0.142378 0.10718 -0.197636 0.108312 -0.257091 0.109657 -0.317122 0.112004 -0.3818 
1.335 0.14913 0.220778 0.146319 0.161274 0.144483 0.108074 0.14305 0.056121 0.142319 0.0020214 0.142206 -0.0510496 0.143178 -0.106756 
0.712 0.570305 0.0995617 0.571279 0.0403856 0.574191 -0.0137801 0.578586 -0.0672857 0.58492 -0.12417 0.592976 -0.180833 0.603687 -0.240824 
1.841 0.222408 0.417326 0.216695 0.352149 0.212542 0.295276 0.208926 0.241096 0.205984 0.185619 0.203725 0.132557 0.202588 0.0782817 
1.291 0.441556 -0.015491 0.443686 -0.0752254 0.447099 -0.130158 0.451919 -0.185332 0.458384 -0.244322 0.466159 -0.303752 0.476257 -0.367337 
