1.472 -0.224106 0.187906 -0.162504 0.184353 -0.107296 0.18283 -0.0539761 0.181235 0.000568587 0.179515 0.0543094 0.179181 0.108094 0.179221 
4.234 -0.118641 -0.299699 -0.0601068 -0.298561 -0.00656315 -0.297338 0.0459803 -0.297924 0.100434 -0.300277 0.15506 -0.302835 0.210455 -0.30648 
4.051 -0.200137 -0.14698 -0.14006 -0.145715 -0.0857503 -0.144033 -0.033281 -0.143673 0.0206533 -0.144515 0.0741577 -0.145262 0.128091 -0.146736 
4.129 -0.115902 -0.036721 -0.0574724 -0.0372769 -0.00422603 -0.0368787 0.0479636 -0.0373574 0.102218 -0.0387488 0.15674 -0.039548 0.212217 -0.040761 
4.191 -0.144665 -0.307917 -0.0857107 -0.306236 -0.0319306 -0.304551 0.0205917 -0.304688 0.0748584 -0.306639 0.12904 -0.308776 0.183836 -0.31208 
4.23 -0.043994 -0.0264484 0.0137147 -0.0273587 0.0669809 -0.0272556 0.119823 -0.0279555 0.175425 -0.0296311 0.231776 -0.0306866 0.289484 -0.0319733 
4.152 -0.16795 -0.327092 -0.108646 -0.324759 -0.0546911 -0.322505 -0.00205565 -0.322078 0.0520818 -0.323491 0.106081 -0.32522 0.160566 -0.328137 
4.07 -0.174113 -0.0901383 -0.114532 -0.0897205 -0.0606757 -0.0886725 -0.00834935 -0.0887392 0.045532 -0.0899215 0.0992036 -0.0908455 0.153343 -0.0922321 
4.34 -0.0063279 -0.157937 0.0514127 -0.159044 0.105073 -0.159631 0.158572 -0.161491 0.214939 -0.16481 0.272157 -0.16783 0.330964 -0.171497 
4.168 -0.159047 -0.303808 -0.0998304 -0.301882 -0.0459562 -0.299969 0.00662491 -0.299833 0.0607864 -0.301415 0.114845 -0.303326 0.169398 -0.306328 
3.361 0.122422 0.0749075 0.182128 0.0744461 0.238531 0.075248 0.295504 0.0756478 0.356239 0.075285 0.418725 0.0759667 0.48366 0.0768071 
4.035 -0.178222 -0.0387755 -0.118528 -0.0389565 -0.0646751 -0.0383291 -0.0122923 -0.0384935 0.0415683 -0.0395906 0.0951959 -0.0402106 0.149282 -0.0411243 
0.919 -0.352171 0.350212 -0.285523 0.341668 -0.226444 0.336087 -0.170194 0.33104 -0.113327 0.326249 -0.0583186 0.323229 -0.00423556 0.321075 
4 -0.2289 -0.141501 -0.168039 -0.139993 -0.113273 -0.138084 -0.0603553 -0.13742 -0.00641133 -0.137991 0.0470007 -0.138359 0.10053 -0.139517 
4.254 -0.10426 -0.345583 -0.0458305 -0.344569 0.00768975 -0.343565 0.0603465 -0.344451 0.114922 -0.34725 0.16976 -0.350405 0.225402 -0.354797 
4.129 -0.184386 -0.300384 -0.124803 -0.297935 -0.0706651 -0.295475 -0.0179901 -0.294853 0.0361384 -0.295931 0.0899849 -0.297252 0.144232 -0.299701 
4.195 -0.139871 -0.332571 -0.0810416 -0.330852 -0.0272857 -0.329153 0.025277 -0.329366 0.0795641 -0.331387 0.133861 -0.333717 0.188794 -0.337226 
4.238 -0.117956 -0.338734 -0.0594314 -0.337446 -0.00583889 -0.336175 0.0467467 -0.336775 0.101223 -0.339283 0.155833 -0.342095 0.211246 -0.346153 
4.18 -0.153568 -0.333941 -0.0945559 -0.331884 -0.0407454 -0.329894 0.0118328 -0.329783 0.0660449 -0.33145 0.120216 -0.333485 0.174955 -0.336674 
4.211 -0.130968 -0.344213 -0.0722176 -0.342623 -0.0185175 -0.341108 0.0340211 -0.341473 0.0883808 -0.343781 0.142791 -0.346366 0.197865 -0.350211 
4.18 -0.150829 -0.38051 -0.0918279 -0.37821 -0.037992 -0.376075 0.0146263 -0.375983 0.0688518 -0.377892 0.123021 -0.380177 0.177803 -0.383837 
4.219 -0.128229 -0.322983 -0.06952 -0.321595 -0.0158578 -0.320212 0.0366976 -0.320689 0.0910816 -0.322996 0.145476 -0.325548 0.200582 -0.329315 
4.129 -0.185755 -0.33531 -0.126123 -0.332535 -0.0719513 -0.329894 -0.0192432 -0.329084 0.0348913 -0.330169 0.0887748 -0.331501 0.142996 -0.334108 
4.258 -0.0994658 -0.291481 -0.0411254 -0.290778 0.0123685 -0.289971 0.0649817 -0.29088 0.119602 -0.293594 0.174474 -0.29647 0.230258 -0.30044 
4.27 -0.0974113 -0.321613 -0.039066 -0.320798 0.0144267 -0.319938 0.0670776 -0.320912 0.121694 -0.323727 0.176565 -0.326777 0.232288 -0.331029 
4.094 -0.178222 -0.16684 -0.118653 -0.165617 -0.0648607 -0.164056 -0.0124552 -0.163864 0.0415216 -0.165039 0.0952228 -0.166083 0.149515 -0.167965 
4.184 -0.14535 -0.292165 -0.086434 -0.29056 -0.0326812 -0.288924 0.0198491 -0.289038 0.0740743 -0.290907 0.128279 -0.292937 0.183089 -0.296078 
3.373 -0.258348 0.0755924 -0.196065 0.0738376 -0.140349 0.0735069 -0.0869364 0.07266 -0.0324711 0.0713863 0.0209618 0.0710417 0.0742253 0.0707954 
4.27 -0.0980962 -0.306547 -0.0397581 -0.305765 0.0136803 -0.304946 0.0663103 -0.305866 0.120941 -0.308642 0.175826 -0.311585 0.231574 -0.315731 
4.203 -0.0645391 -0.036721 -0.00678681 -0.0374498 0.0463972 -0.0372765 0.0989991 -0.0378961 0.154158 -0.0395318 0.209995 -0.0405549 0.267107 -0.0419335 
4.094 -0.159732 -0.0969867 -0.10061 -0.0967025 -0.0469843 -0.0957531 0.00520203 -0.0958723 0.0591884 -0.0971263 0.113006 -0.098098 0.167488 -0.0995515 
4.18 -0.111793 -0.143556 -0.0533094 -0.143389 2.57416e-05 -0.142696 0.0522438 -0.143339 0.106505 -0.145236 0.161251 -0.146984 0.21705 -0.14937 
3.977 -0.243967 -0.146295 -0.182571 -0.144551 -0.127372 -0.142436 -0.0742381 -0.141566 -0.0201318 -0.141938 0.0331949 -0.142172 0.0865577 -0.143225 
4.246 -0.111108 -0.362704 -0.0525578 -0.36153 0.00101843 -0.360385 0.0536579 -0.361217 0.108148 -0.363984 0.162823 -0.367184 0.218285 -0.371621 
4.18 -0.151513 -0.348322 -0.092516 -0.346232 -0.0386936 -0.344209 0.0138858 -0.344113 0.0681102 -0.345875 0.122319 -0.34801 0.177063 -0.35134 
4.223 -0.126174 -0.364758 -0.0675027 -0.363181 -0.0138087 -0.361714 0.0387584 -0.362215 0.0931464 -0.364635 0.147592 -0.36742 0.20275 -0.371561 
4.156 -0.167265 -0.365443 -0.108015 -0.362858 -0.0540129 -0.360423 -0.00136993 -0.360003 0.0527911 -0.361492 0.106838 -0.363293 0.161313 -0.366458 
0.859 -0.0255034 0.391303 0.0334784 0.388804 0.0878371 0.388854 0.141466 0.38947 0.197702 0.390276 0.254255 0.393198 0.311837 0.397096 
4.227 -0.0802904 -0.142186 -0.0222503 -0.142397 0.0310091 -0.142103 0.0834735 -0.14311 0.138313 -0.145419 0.193508 -0.147477 0.2499 -0.150184 
4.129 -0.183016 -0.31545 -0.123419 -0.312903 -0.0692825 -0.310417 -0.0166124 -0.309768 0.0375425 -0.310897 0.0914088 -0.312279 0.145636 -0.314833 
4.156 -0.168634 -0.350377 -0.109336 -0.347868 -0.0553381 -0.345468 -0.00272744 -0.345044 0.051466 -0.34646 0.105483 -0.348188 0.159975 -0.35119 
4.207 -0.139186 -0.372976 -0.08039 -0.371026 -0.0266128 -0.369169 0.0259194 -0.369292 0.0802914 -0.371511 0.134574 -0.374025 0.189586 -0.377932 
4.242 -0.111793 -0.320929 -0.0532598 -0.319893 0.000286318 -0.318871 0.0528483 -0.319626 0.107359 -0.32227 0.16201 -0.325194 0.217409 -0.329292 
4.281 -0.0542665 -0.163416 0.00352772 -0.163931 0.0568968 -0.163945 0.109691 -0.165286 0.165031 -0.168086 0.220997 -0.17065 0.278111 -0.173869 
4.27 -0.100836 -0.374346 -0.0424129 -0.373253 0.0111284 -0.372175 0.063755 -0.373203 0.118357 -0.376141 0.173196 -0.379524 0.228893 -0.384213 
3.311 -0.299438 0.152979 -0.23551 0.149474 -0.178447 0.14781 -0.123957 0.146015 -0.0688396 0.143891 -0.0149823 0.143007 0.0383203 0.142455 
4.133 -0.181646 -0.381194 -0.122029 -0.378154 -0.0678627 -0.375356 -0.0151005 -0.374633 0.0390133 -0.375869 0.0929525 -0.377453 0.147188 -0.380485 
4.133 -0.141926 -0.140131 -0.0831917 -0.139601 -0.0297102 -0.138556 0.0225412 -0.138796 0.0766576 -0.140331 0.130801 -0.141734 0.185737 -0.143791 
4.031 -0.217258 -0.167525 -0.156712 -0.165858 -0.102132 -0.163809 -0.0494473 -0.163118 0.00450406 -0.163817 0.0579761 -0.164341 0.111698 -0.165734 
4.207 -0.130968 -0.29285 -0.0722831 -0.291577 -0.0186504 -0.290177 0.0338614 -0.290504 0.0882337 -0.292662 0.142615 -0.294939 0.197744 -0.298354 
4.105 -0.196713 -0.313395 -0.136798 -0.310618 -0.0824623 -0.307947 -0.0296966 -0.307065 0.0244283 -0.308016 0.0782305 -0.309156 0.132263 -0.311519 
4.234 -0.122065 -0.381194 -0.0634858 -0.379583 -0.00986261 -0.378126 0.0427457 -0.378662 0.0972067 -0.381222 0.151753 -0.38413 0.207046 -0.3884 
3.992 -0.243282 -0.173004 -0.181982 -0.170909 -0.126919 -0.168525 -0.073701 -0.167513 -0.0195392 -0.167805 0.0337938 -0.16803 0.0872862 -0.169156 
4.09 -0.172743 -0.143556 -0.113129 -0.142622 -0.0593935 -0.141248 -0.00707744 -0.141157 0.0468648 -0.142421 0.100617 -0.143453 0.154892 -0.145222 
0.861 -0.0843994 0.378291 -0.0248819 0.374509 0.0293785 0.373338 0.082693 0.372681 0.138141 0.372328 0.193651 0.373903 0.249679 0.376423 
0.951 -0.293275 0.341994 -0.228806 0.334749 -0.17139 0.330371 -0.11642 0.326444 -0.060491 0.322684 -0.00599112 0.320778 0.047959 0.319694 
4.211 -0.129599 -0.307917 -0.0709029 -0.306582 -0.0172395 -0.305169 0.035294 -0.305572 0.0896718 -0.307768 0.144072 -0.310197 0.199195 -0.313802 
1.935 -0.263827 0.194754 -0.201228 0.190959 -0.145186 0.189142 -0.0914441 0.187221 -0.0365645 0.185371 0.0171659 0.184629 0.0707138 0.184494 
4.18 -0.150829 -0.364073 -0.0918282 -0.361868 -0.0380118 -0.359797 0.0145645 -0.35971 0.0687912 -0.361566 0.122986 -0.363774 0.177765 -0.367291 
4.168 -0.164525 -0.395576 -0.105221 -0.392846 -0.051218 -0.390381 0.00144959 -0.390013 0.0556367 -0.391668 0.109693 -0.393728 0.164205 -0.397234 
4.066 -0.181646 -0.108629 -0.121907 -0.107905 -0.0679923 -0.10672 -0.0155906 -0.106702 0.0383043 -0.107858 0.0919261 -0.108778 0.145938 -0.110223 
3.438 0.0820162 0.0680592 0.140626 0.067367 0.195828 0.0679499 0.251368 0.0681583 0.310359 0.0675474 0.37053 0.0679087 0.432847 0.068455 
4.105 -0.129599 -0.0360362 -0.0711175 -0.0364529 -0.0178349 -0.0360488 0.0343862 -0.0363828 0.0886187 -0.0377108 0.142979 -0.0384397 0.198253 -0.0394938 
1.402 -0.0576907 0.0797014 0.000422123 0.0784451 0.0537207 0.0786462 0.106482 0.0784308 0.161786 0.0776555 0.217759 0.0778186 0.274724 0.0780535 
3.914 0.147076 0.0105328 0.207308 0.00940703 0.26437 0.00937655 0.322164 0.00873067 0.383863 0.0071245 0.447524 0.00631393 0.513949 0.00543422 
4.156 -0.165895 -0.38051 -0.106599 -0.377873 -0.0526232 -0.37544 3.90337e-05 -0.375023 0.0542074 -0.37662 0.108256 -0.37856 0.162738 -0.381936 
0.835 -0.300808 0.394042 -0.235924 0.385402 -0.178172 0.37973 -0.123022 0.374805 -0.0669436 0.370237 -0.0123191 0.367564 0.0417406 0.365986 
1.393 0.00873853 0.222832 0.0671498 0.221781 0.121305 0.222722 0.175338 0.223649 0.232168 0.22441 0.289852 0.226641 0.348919 0.229374 
4.129 -0.185071 -0.367498 -0.125429 -0.364439 -0.0712571 -0.361636 -0.0185191 -0.360848 0.035587 -0.361914 0.0895103 -0.363354 0.143727 -0.36614 
1.469 -0.225476 0.137228 -0.164038 0.134483 -0.108901 0.133417 -0.0556671 0.132188 -0.00127927 0.130738 0.0523164 0.130334 0.105904 0.130248 
4.27 -0.100151 -0.389412 -0.0417313 -0.388291 0.0118121 -0.387233 0.0644679 -0.388239 0.119043 -0.391311 0.173897 -0.394733 0.22957 -0.399616 
4.316 -0.0309821 -0.160677 0.0266673 -0.161566 0.080187 -0.161835 0.133281 -0.163472 0.189213 -0.16655 0.245642 -0.169367 0.303544 -0.172854 
1.654 0.133379 0.169415 0.193271 0.169747 0.249798 0.17168 0.30685 0.173305 0.3677 0.174589 0.430173 0.177264 0.495147 0.180468 
0.789 -0.299438 0.435817 -0.234536 0.426319 -0.176543 0.420007 -0.121195 0.414663 -0.0647979 0.40958 -0.010062 0.406756 0.0441326 0.404968 
4.109 -0.198082 -0.348322 -0.138112 -0.345193 -0.0838094 -0.342256 -0.0309322 -0.341283 0.0231751 -0.34215 0.0769998 -0.343361 0.13102 -0.345869 
1.443 -0.2515 0.285153 -0.189033 0.279929 -0.133006 0.277014 -0.0791297 0.274362 -0.0240021 0.27174 0.0299418 0.270788 0.0837722 0.270499 
0.89 -0.159732 0.522107 -0.0985281 0.514446 -0.0432698 0.510449 0.0104769 0.507288 0.0660193 0.504644 0.120855 0.50442 0.175799 0.505472 
1.38 0.000520477 0.239269 0.0589361 0.23812 0.113078 0.23899 0.166953 0.239916 0.223665 0.24075 0.281041 0.243024 0.339861 0.245877 
4.105 -0.151513 -0.109999 -0.0926275 -0.109679 -0.0390133 -0.108729 0.0131054 -0.108905 0.0671841 -0.110246 0.12117 -0.111375 0.1758 -0.113031 
3.963 0.131324 0.0105328 0.191125 0.00940882 0.247701 0.00938387 0.304925 0.00876181 0.365992 0.0071821 0.428894 0.00642537 0.49443 0.0055513 
3.43 -0.23027 0.0865498 -0.168786 0.0847577 -0.113484 0.0841832 -0.060444 0.0834281 -0.00607677 0.0821505 0.0474089 0.0818248 0.100861 0.0814566 
1.081 -0.332311 0.303643 -0.266641 0.29674 -0.208336 0.292478 -0.152748 0.288565 -0.0964305 0.284719 -0.0417338 0.282514 0.0121376 0.281126 
4.133 -0.181646 -0.39763 -0.122062 -0.394485 -0.0678384 -0.391632 -0.0151026 -0.390853 0.0390344 -0.392073 0.0929652 -0.393745 0.147222 -0.396805 
4.125 -0.159047 -0.167525 -0.0999026 -0.166537 -0.0462709 -0.165204 0.00601331 -0.165227 0.0600909 -0.166635 0.114033 -0.167937 0.16858 -0.170053 
3.473 0.10941 0.0680592 0.168663 0.0676801 0.224375 0.0681826 0.280739 0.0683982 0.340697 0.0679009 0.402048 0.0682429 0.465727 0.0690065 
4.105 -0.202876 -0.387358 -0.14291 -0.383797 -0.0885119 -0.380582 -0.0356045 -0.379428 0.0185134 -0.380171 0.0723382 -0.381391 0.126389 -0.384002 
4.133 -0.184386 -0.350377 -0.124752 -0.347513 -0.0706338 -0.344824 -0.0179308 -0.344066 0.0362086 -0.345209 0.0900791 -0.346623 0.144344 -0.349331 
4.211 -0.0665936 -0.0586358 -0.00888572 -0.0592893 0.0442806 -0.0591162 0.0968483 -0.0598404 0.151995 -0.0616563 0.207755 -0.0629947 0.264764 -0.0646242 
4.109 -0.200137 -0.367498 -0.140154 -0.364188 -0.08579 -0.361115 -0.0329026 -0.360077 0.0212116 -0.360891 0.0750324 -0.362111 0.129054 -0.364665 
0.851 -0.069333 0.383085 -0.00992618 0.379539 0.0443777 0.378576 0.0977816 0.378143 0.153474 0.378063 0.20914 0.379922 0.26567 0.382767 
0.973 -0.366553 0.333776 -0.299219 0.325525 -0.239663 0.320171 -0.183021 0.315293 -0.125823 0.310603 -0.0705551 0.307643 -0.016317 0.305505 
4.191 -0.148089 -0.394206 -0.0891022 -0.391946 -0.0352607 -0.389849 0.0173327 -0.389838 0.0715856 -0.391905 0.125786 -0.394359 0.180564 -0.39821 
3.967 -0.262457 -0.174373 -0.200664 -0.17209 -0.145145 -0.169505 -0.0917816 -0.168289 -0.0374379 -0.16836 0.0159776 -0.16841 0.0692677 -0.169284 
2.291 -0.315875 0.219408 -0.251407 0.214765 -0.194091 0.212219 -0.139196 0.209661 -0.0835028 0.207029 -0.0293982 0.205835 0.0240363 0.205258 
1.663 0.0847555 0.123531 0.143534 0.123087 0.198761 0.124232 0.25445 0.125058 0.31352 0.125291 0.373861 0.126748 0.436266 0.128559 
3.98 -0.2289 -0.0867141 -0.167933 -0.0859601 -0.113086 -0.0845786 -0.0602326 -0.0843306 -0.00626278 -0.0850678 0.0470365 -0.0854813 0.100446 -0.0863902 
0.908 -0.140556 0.528955 -0.0798221 0.521927 -0.0247236 0.518275 0.0289075 0.51553 0.0844298 0.513382 0.139357 0.51359 0.194544 0.515098 
4.242 -0.0823449 -0.170264 -0.0242179 -0.170291 0.0289444 -0.169966 0.0814856 -0.17097 0.136298 -0.17344 0.191449 -0.175738 0.247731 -0.178765 
4.066 -0.187125 -0.142186 -0.127227 -0.141084 -0.0731518 -0.139568 -0.0207816 -0.139323 0.0331431 -0.140393 0.0867735 -0.14129 0.140747 -0.142883 
4.246 -0.0665936 -0.136022 -0.00870038 -0.136417 0.0444761 -0.136266 0.0971091 -0.137278 0.15209 -0.139713 0.207758 -0.141875 0.264505 -0.144616 
4.219 -0.103575 -0.183961 -0.0452817 -0.183743 0.00802418 -0.183085 0.0604253 -0.183862 0.114937 -0.186135 0.169742 -0.188291 0.225455 -0.1911 
1.669 0.0813313 0.105725 0.14008 0.105264 0.195259 0.106072 0.25087 0.106799 0.309881 0.106776 0.37013 0.107876 0.432531 0.109064 
1.523 -0.0316669 0.0769621 0.0261657 0.0758392 0.0795644 0.0761247 0.132595 0.0760218 0.18829 0.0753367 0.244762 0.075682 0.302426 0.0760045 
4.105 -0.200137 -0.297644 -0.140143 -0.294991 -0.08581 -0.292363 -0.0330118 -0.291513 0.0210855 -0.29237 0.0748564 -0.293428 0.128826 -0.295656 
1.171 -0.304917 0.271456 -0.240727 0.26595 -0.183406 0.262548 -0.128572 0.259512 -0.0728567 0.256397 -0.0185826 0.254887 0.0350854 0.254204 
4.105 -0.201507 -0.402424 -0.141525 -0.398713 -0.0871447 -0.395422 -0.0342459 -0.394196 0.0199058 -0.395001 0.0737383 -0.396207 0.127756 -0.398873 
4.137 -0.129599 -0.107259 -0.0710814 -0.107078 -0.0177805 -0.106342 0.0344397 -0.106657 0.088659 -0.108204 0.143081 -0.109492 0.198357 -0.111337 
3.926 -0.279578 -0.16958 -0.217201 -0.167191 -0.161235 -0.16447 -0.107516 -0.163128 -0.0530692 -0.163039 0.000418863 -0.162954 0.0536448 -0.163672 
4.109 -0.157677 -0.12712 -0.098641 -0.126463 -0.0449895 -0.125367 0.00727819 -0.125435 0.0612428 -0.126765 0.115206 -0.127941 0.169749 -0.129684 
0.834 -0.403534 0.35843 -0.334508 0.348858 -0.273783 0.342357 -0.216194 0.33645 -0.15823 0.330843 -0.102448 0.32705 -0.0478398 0.324135 
1.643 -0.264512 0.17147 -0.201609 0.168027 -0.145327 0.166417 -0.0914594 0.164658 -0.0363417 0.162877 0.0174399 0.162248 0.0710354 0.162037 
4.137 -0.117272 -0.0593206 -0.0588214 -0.0596695 -0.00556766 -0.0591679 0.0466239 -0.0597149 0.100861 -0.0611843 0.155348 -0.0622437 0.210728 -0.0637215 
2.523 -0.285057 0.163252 -0.221812 0.159656 -0.165301 0.157929 -0.111091 0.156141 -0.0560601 0.154095 -0.00227848 0.153359 0.0510739 0.152865 
4.277 -0.0398849 -0.118902 0.0178658 -0.119703 0.0710928 -0.119843 0.124006 -0.121135 0.179659 -0.123712 0.236032 -0.125956 0.293634 -0.128719 
1.773 0.0655801 0.0735379 0.124001 0.0727791 0.178662 0.0733222 0.233663 0.0735286 0.291962 0.0728918 0.351414 0.0732954 0.412707 0.0738971 
4.102 -0.201507 -0.332571 -0.141561 -0.329535 -0.0872167 -0.326714 -0.0343782 -0.325715 0.0197351 -0.326578 0.0735395 -0.327712 0.127556 -0.330123 
0.963 -0.324777 0.337885 -0.259272 0.33029 -0.201064 0.325483 -0.145518 0.321185 -0.0892338 0.31707 -0.0345003 0.314704 0.0194212 0.313185 
4.207 -0.137817 -0.357225 -0.079052 -0.355382 -0.0253042 -0.353586 0.0272492 -0.353782 0.0815597 -0.355949 0.135901 -0.358406 0.190889 -0.362185 
1.477 -0.259718 0.268717 -0.197021 0.263437 -0.140835 0.260529 -0.086647 0.258058 -0.0314115 0.255538 0.022657 0.25462 0.0764256 0.254376 
4.258 -0.0255034 -0.0339816 0.0321135 -0.0349328 0.0854944 -0.0349309 0.138624 -0.0356979 0.194689 -0.037527 0.251547 -0.0387028 0.309868 -0.0402041 
3.953 -0.235749 -0.0483632 -0.174447 -0.0481775 -0.119612 -0.0472047 -0.0666965 -0.0471178 -0.0126462 -0.0479224 0.0406657 -0.04821 0.0940747 -0.0489366 
0.879 -0.389152 0.342679 -0.320701 0.333733 -0.260355 0.327722 -0.203071 0.322352 -0.145366 0.317069 -0.089678 0.313579 -0.0351934 0.310984 
3.939 0.10941 0.00847829 0.168669 0.0073368 0.224672 0.00734532 0.281198 0.00670889 0.341453 0.00513486 0.4033 0.0043451 0.467465 0.00342502 
4.242 -0.10152 -0.259293 -0.0430868 -0.258807 0.0103672 -0.258078 0.0629167 -0.258962 0.117471 -0.261603 0.172308 -0.264317 0.228006 -0.268117 
1.34 -0.026873 0.110519 0.0309834 0.109308 0.0844503 0.109592 0.137572 0.109655 0.193383 0.109356 0.249897 0.110023 0.307607 0.110764 
4.223 -0.122065 -0.260663 -0.0634517 -0.259698 -0.00985997 -0.258596 0.0426626 -0.259129 0.097069 -0.261497 0.151645 -0.263848 0.206915 -0.267311 
1.544 0.0244898 0.089974 0.0824462 0.0889417 0.136481 0.0895494 0.190535 0.0895976 0.247722 0.0892082 0.305876 0.0897049 0.365534 0.0903391 
4.203 -0.0898781 -0.116847 -0.0318784 -0.117023 0.021299 -0.116669 0.0737023 -0.117369 0.128241 -0.119419 0.183376 -0.121098 0.239397 -0.123452 
3.938 -0.279578 -0.183276 -0.217193 -0.180645 -0.161197 -0.17772 -0.107499 -0.176238 -0.0530028 -0.176115 0.000536862 -0.175975 0.0537607 -0.176718 
1.668 0.0888645 0.141337 0.147732 0.141185 0.203182 0.14249 0.25899 0.143528 0.318149 0.143998 0.378695 0.145716 0.441346 0.147824 
3.266 0.140227 0.0660047 0.200381 0.0654832 0.257341 0.0662185 0.314795 0.0664125 0.37611 0.065976 0.439419 0.0664535 0.505439 0.0670736 
3.873 -0.241227 0.013957 -0.179888 0.0130228 -0.124809 0.0132997 -0.0718662 0.0130407 -0.0177277 0.0119732 0.0355338 0.0117654 0.0888988 0.0114951 
4.285 -0.022764 -0.091508 0.0347559 -0.092455 0.088315 -0.0926251 0.141443 -0.0938781 0.197501 -0.0962994 0.254154 -0.0982831 0.31259 -0.100726 
4.012 -0.217258 -0.120271 -0.157042 -0.119151 -0.102404 -0.117515 -0.0495601 -0.117091 0.00416236 -0.117796 0.0577395 -0.118299 0.111257 -0.119425 
1.42 -0.0131763 0.0797014 0.044635 0.0786534 0.0981435 0.0789716 0.15142 0.0789329 0.207544 0.0783122 0.26431 0.0786472 0.322464 0.0790585 
1.645 0.08681 0.240638 0.145985 0.240804 0.201462 0.242814 0.257245 0.244932 0.316424 0.246882 0.376931 0.250618 0.439412 0.254656 
0.836 -0.417231 0.360485 -0.347495 0.350603 -0.286321 0.343848 -0.228334 0.337676 -0.17003 0.331854 -0.114017 0.327826 -0.0593377 0.324677 
1.384 -0.150829 0.228311 -0.0909366 0.225071 -0.0367785 0.223915 0.0160424 0.222932 0.0707648 0.221889 0.124906 0.222333 0.179809 0.22333 
0.991 -0.343953 0.328982 -0.277835 0.321226 -0.219177 0.316264 -0.16324 0.31181 -0.106635 0.307517 -0.0517682 0.304942 0.00228365 0.303183 
1.473 0.0368169 0.244062 0.0954022 0.243537 0.149944 0.244767 0.20442 0.246152 0.261904 0.247309 0.320499 0.250236 0.380502 0.253609 
4.074 -0.157677 -0.0689084 -0.098646 -0.0689068 -0.0450676 -0.0681465 0.00716433 -0.0683345 0.0612215 -0.0695273 0.11516 -0.070361 0.169894 -0.0715236 
3.08 -0.322038 0.23516 -0.257379 0.229995 -0.199862 0.227097 -0.144904 0.224231 -0.0891346 0.221303 -0.0349891 0.219942 0.0185271 0.219136 
3.992 -0.23164 -0.120956 -0.170496 -0.119741 -0.115613 -0.117981 -0.0627588 -0.117433 -0.00865356 -0.118048 0.0446683 -0.118487 0.0981178 -0.119526 
1.363 -0.0111218 0.261868 0.0473687 0.260524 0.101594 0.261188 0.1553 0.262093 0.211887 0.26289 0.268883 0.265283 0.327401 0.268319 
0.785 -0.311766 0.441981 -0.24651 0.432274 -0.188331 0.425829 -0.132881 0.420269 -0.076464 0.41508 -0.0217509 0.412077 0.0323519 0.410134 
4.383 0.0354472 -0.123695 0.0934544 -0.125253 0.147631 -0.126226 0.202019 -0.128243 0.259491 -0.13167 0.318023 -0.134566 0.378355 -0.138128 
3.928 -0.205616 0.013957 -0.145194 0.0131948 -0.0907973 0.0134913 -0.0382149 0.0132255 0.0157764 0.0121783 0.0691566 0.0118659 0.122817 0.0113791 
3.357 -0.277524 0.0865498 -0.214738 0.0845064 -0.158625 0.0839675 -0.10472 0.0829297 -0.0499912 0.0815525 0.00348604 0.0812604 0.0566316 0.0808612 
1.608 0.0737981 0.179688 0.132548 0.179414 0.187717 0.180837 0.243028 0.182103 0.30174 0.182973 0.36164 0.185269 0.423518 0.187946 
1.176 -0.29122 0.263923 -0.227559 0.25864 -0.170706 0.255599 -0.116198 0.252757 -0.0607445 0.249938 -0.00663897 0.24862 0.0470291 0.248003 
4.113 -0.156992 -0.143556 -0.0977651 -0.142822 -0.0441286 -0.14165 0.00815928 -0.141755 0.0620604 -0.14316 0.115977 -0.144404 0.17051 -0.146357 
4.176 -0.153568 -0.318874 -0.0945255 -0.316862 -0.0406859 -0.314992 0.0118644 -0.314899 0.0660902 -0.316526 0.120245 -0.318525 0.174962 -0.321653 
1.744 0.103931 0.0927133 0.16298 0.0922019 0.218697 0.093136 0.274836 0.0937362 0.334534 0.0936057 0.39574 0.0945127 0.458981 0.0957049 
0.85 -0.043994 0.389933 0.0151088 0.386953 0.0693313 0.38644 0.122873 0.386537 0.178835 0.386855 0.235071 0.389345 0.292287 0.392804 
4.27 -0.0378304 -0.0921929 0.0199052 -0.0930549 0.0731459 -0.0931652 0.125988 -0.0942948 0.181747 -0.0966391 0.238076 -0.0985725 0.295725 -0.100914 
4.027 -0.215888 -0.14698 -0.155313 -0.145531 -0.100647 -0.143708 -0.0478995 -0.143144 0.00598651 -0.143851 0.0594614 -0.144423 0.113097 -0.14573 
1.067 -0.362444 0.307068 -0.29555 0.299724 -0.2364 0.294987 -0.179941 0.290681 -0.123189 0.286339 -0.0681753 0.283654 -0.0140703 0.281851 
4.203 -0.094672 -0.142186 -0.0365285 -0.142262 0.0166584 -0.141793 0.0690409 -0.142609 0.123611 -0.144747 0.178592 -0.146692 0.234541 -0.149237 
1.674 0.0943432 0.192015 0.15346 0.192092 0.209004 0.193745 0.264951 0.195492 0.324225 0.196836 0.385044 0.199634 0.447809 0.202786 
4.199 -0.122065 -0.190809 -0.063522 -0.19026 -0.0100957 -0.189368 0.0422503 -0.189959 0.0965589 -0.192036 0.151093 -0.194093 0.206336 -0.196835 
1.69 0.101192 0.159143 0.160446 0.159175 0.216222 0.160703 0.27232 0.161991 0.332085 0.162836 0.393208 0.165081 0.456592 0.167665 
4.004 -0.205616 -0.0469936 -0.145401 -0.046917 -0.0910965 -0.046068 -0.038533 -0.046095 0.0151626 -0.0469986 0.0685705 -0.0474755 0.122246 -0.0482803 
4.223 0.116943 -0.00658814 0.176307 -0.00794222 0.232363 -0.00824857 0.28907 -0.00915055 0.349419 -0.0110849 0.411374 -0.0123041 0.475752 -0.0136798 
1.471 0.0224353 0.109834 0.0804696 0.109005 0.134474 0.109653 0.188497 0.110061 0.245551 0.109959 0.303493 0.11094 0.362957 0.112071 
4.086 -0.14398 -0.0380907 -0.0850961 -0.0384271 -0.0315728 -0.0379639 0.0205968 -0.0382707 0.0746273 -0.0395225 0.128638 -0.0402318 0.183417 -0.0412482 
0.811 -0.182331 0.532379 -0.120756 0.524233 -0.0651253 0.519509 -0.0111591 0.515711 0.0443418 0.512569 0.0991071 0.511785 0.153877 0.512332 
1.31 -0.277524 0.270086 -0.214379 0.264775 -0.157833 0.261888 -0.10358 0.259026 -0.0481994 0.256378 0.00591144 0.255222 0.0596692 0.254849 
3.984 -0.189864 0.00916313 -0.129917 0.0084586 -0.0759813 0.00870451 -0.0236038 0.00846588 0.0304106 0.00733174 0.0839644 0.00703718 0.137826 0.00638812 
4.121 -0.130968 -0.0764416 -0.0724391 -0.0765162 -0.0191242 -0.0758646 0.0330806 -0.0762704 0.0872304 -0.077639 0.141597 -0.078729 0.196826 -0.0802915 
1.639 0.0265443 0.0762772 0.0845535 0.0754065 0.138488 0.0758674 0.192557 0.0759081 0.249645 0.0753622 0.307807 0.0757722 0.367473 0.0761355 
3.982 -0.224791 -0.070278 -0.163992 -0.0697879 -0.109288 -0.0685792 -0.0566065 -0.0683817 -0.00267703 -0.0691601 0.0507046 -0.069531 0.104168 -0.0704406 
1.375 -0.0172853 0.0954527 0.0404984 0.0943342 0.0940751 0.0947404 0.147328 0.0947701 0.203359 0.0942892 0.260154 0.0947946 0.318019 0.0952307 
4.246 -0.0494727 -0.0771264 0.008336 -0.0778562 0.0614282 -0.0778291 0.114137 -0.078815 0.169633 -0.0809555 0.225589 -0.082647 0.282905 -0.0847559 
1.534 -0.239173 0.183112 -0.177346 0.179473 -0.121512 0.177905 -0.0676484 0.176448 -0.0127536 0.174705 0.0409481 0.174208 0.0947045 0.174223 
1.411 -0.220682 0.287207 -0.159021 0.282124 -0.103614 0.279438 -0.0500621 0.277064 0.00482646 0.274756 0.0589536 0.274199 0.112957 0.27431 
1.707 0.08681 0.0913437 0.145619 0.0908881 0.200882 0.0916209 0.2566 0.0922068 0.315763 0.0919231 0.376177 0.0928334 0.438722 0.0938558 
3.734 -0.356965 -0.0435694 -0.291554 -0.0428817 -0.233288 -0.0414954 -0.177767 -0.0409222 -0.121904 -0.0411076 -0.0678744 -0.0409543 -0.0146273 -0.0411497 
1.219 -0.298754 0.251596 -0.234932 0.246449 -0.177921 0.243594 -0.123233 0.24083 -0.0678222 0.238077 -0.0135949 0.236817 0.0399957 0.23616 
0.78 -0.379564 0.405684 -0.31146 0.395097 -0.251258 0.387899 -0.194132 0.381414 -0.136368 0.375309 -0.0807387 0.37125 -0.02614 0.368209 
1.261 -0.123435 0.313231 -0.0637619 0.309502 -0.00966636 0.308155 0.0434362 0.307313 0.098481 0.306466 0.153408 0.30745 0.208933 0.30913 
4.027 -0.195343 -0.0627448 -0.135449 -0.0624832 -0.0813088 -0.0615244 -0.0288017 -0.0614826 0.0249238 -0.0624402 0.0784031 -0.0629744 0.132314 -0.0639915 
4.066 -0.150144 -0.0216546 -0.0913294 -0.0222103 -0.0377794 -0.0217333 0.0143965 -0.022051 0.0683287 -0.0231619 0.12238 -0.0238035 0.177113 -0.0247386 
1.574 0.0696891 0.230366 0.128562 0.230348 0.183796 0.232078 0.239039 0.233885 0.297665 0.235418 0.357349 0.238644 0.419056 0.242384 
1.253 -0.0905629 0.311861 -0.0314321 0.308895 0.0226297 0.30799 0.0757353 0.307626 0.13108 0.307378 0.186472 0.308884 0.242613 0.311121 
1.123 -0.310396 0.287892 -0.246044 0.281783 -0.188671 0.278167 -0.133646 0.274833 -0.0778301 0.27145 -0.0233799 0.269775 0.0303397 0.268837 
3.971 -0.222052 -0.0476784 -0.160936 -0.0475057 -0.106165 -0.0466134 -0.0536437 -0.0465639 0.000420577 -0.04739 0.0536755 -0.0478074 0.107194 -0.0485664 
1.4 -0.272045 0.237899 -0.208983 0.233139 -0.152617 0.230681 -0.098481 0.228198 -0.0433273 0.225681 0.0105855 0.224809 0.0642151 0.224538 
1.489 -0.244651 0.263238 -0.182614 0.258648 -0.12688 0.25627 -0.0731956 0.254056 -0.0182321 0.251931 0.0357698 0.251408 0.0896787 0.251548 
1.414 0.00805369 0.107095 0.0659741 0.106104 0.11984 0.106678 0.173601 0.106929 0.230442 0.106783 0.288081 0.107575 0.347163 0.108576 
1.435 -0.222737 0.236529 -0.16122 0.232444 -0.105858 0.230491 -0.0524794 0.228602 0.00232068 0.226673 0.056222 0.22649 0.110073 0.226648 
1.235 -0.0665936 0.311177 -0.00764478 0.308566 0.0463178 0.308145 0.099593 0.308166 0.155269 0.30826 0.211029 0.310175 0.267799 0.312782 
0.846 -0.194658 0.522791 -0.132501 0.514416 -0.0766839 0.50945 -0.0226775 0.505377 0.0329951 0.501929 0.0876081 0.500775 0.141986 0.500921 
1.019 -0.37888 0.319395 -0.311348 0.3114 -0.251699 0.306076 -0.194915 0.301224 -0.137738 0.296394 -0.082448 0.293529 -0.028322 0.291119 
3.725 -0.35491 -0.00795781 -0.289567 -0.00811239 -0.231223 -0.00715193 -0.175773 -0.00713383 -0.120007 -0.00776466 -0.0658767 -0.00779262 -0.0127546 -0.00821559 
1.405 -0.200137 0.272826 -0.139006 0.268498 -0.0840502 0.266456 -0.0306194 0.264732 0.0240387 0.262998 0.0783066 0.262937 0.13247 0.263539 
4.422 0.0450349 -0.177798 0.103295 -0.179769 0.157687 -0.181221 0.21228 -0.18386 0.269997 -0.188039 0.328872 -0.192028 0.389647 -0.196776 
1.434 0.000520477 0.0927133 0.0583454 0.0916436 0.112041 0.0920768 0.165665 0.0922354 0.222283 0.091936 0.279669 0.0926529 0.33852 0.0934908 
3.875 -0.221367 0.0125873 -0.160513 0.0119566 -0.105919 0.0122459 -0.0531857 0.01203 0.000785107 0.01094 0.0541666 0.0107257 0.10767 0.0101561 
4.406 0.027914 -0.21067 0.0860358 -0.212357 0.140164 -0.213729 0.194382 -0.216502 0.251491 -0.221015 0.309664 -0.225299 0.369587 -0.230517 
4.27 -0.0761813 -0.18944 -0.0181317 -0.189503 0.0351469 -0.189222 0.0876995 -0.190345 0.142605 -0.193025 0.197994 -0.195591 0.254544 -0.198827 
1.423 -0.201507 0.235844 -0.140585 0.23191 -0.0856758 0.230125 -0.0324046 0.228551 0.0222347 0.226953 0.0762719 0.226894 0.130368 0.227317 
4.445 0.0457198 -0.193549 0.104012 -0.195783 0.158493 -0.197231 0.213031 -0.200021 0.270719 -0.204507 0.329539 -0.208744 0.390332 -0.213822 
2.934 0.133379 0.121477 0.193412 0.121522 0.25003 0.123003 0.30742 0.124152 0.368555 0.124749 0.431423 0.126547 0.496939 0.128674 
3.684 -0.37614 -0.00384879 -0.309952 -0.0041033 -0.251123 -0.00321219 -0.195161 -0.00314104 -0.138923 -0.00369848 -0.0845969 -0.00370416 -0.0312777 -0.00418974 
3.959 -0.223421 -0.0278181 -0.162498 -0.0279404 -0.107914 -0.0271323 -0.0551982 -0.0271694 -0.00118752 -0.0280696 0.0522197 -0.0284301 0.105648 -0.0291122 
1.41 -0.200822 0.249541 -0.139907 0.245453 -0.0849397 0.24362 -0.0317621 0.241951 0.0227214 0.240266 0.0771322 0.2402 0.131107 0.240758 
4.012 -0.168634 0.0119025 -0.109361 0.0110631 -0.0556406 0.0113659 -0.00336551 0.0109852 0.0507366 0.00991836 0.104508 0.00952356 0.158712 0.00910682 
4.355 -0.00153404 -0.192179 0.0563128 -0.193586 0.11002 -0.194559 0.16365 -0.196628 0.219932 -0.200407 0.277214 -0.203938 0.335946 -0.208236 
4.551 0.0881797 -0.22916 0.147032 -0.232123 0.202254 -0.234435 0.257821 -0.238337 0.316864 -0.243821 0.377404 -0.249285 0.440142 -0.256111 
0.791 -0.352856 0.394042 -0.285874 0.384387 -0.226546 0.377888 -0.170084 0.372031 -0.112939 0.366695 -0.0575686 0.363099 -0.00330168 0.360628 
0.801 -0.328886 0.391303 -0.262864 0.382107 -0.204334 0.376112 -0.148361 0.370814 -0.0917161 0.365786 -0.0368581 0.362778 0.0173097 0.360684 
1.403 0.010793 0.272141 0.0694237 0.271151 0.123651 0.271957 0.177848 0.273181 0.234721 0.274265 0.292633 0.277144 0.351705 0.280593 
4.441 0.0450349 -0.2093 0.103346 -0.211385 0.157696 -0.213077 0.212275 -0.215969 0.269832 -0.220677 0.328591 -0.225234 0.389242 -0.230716 
4.41 0.0306533 -0.196288 0.0888823 -0.197992 0.142968 -0.199338 0.197321 -0.202039 0.254669 -0.206345 0.313082 -0.210386 0.373221 -0.215313 
0.925 -0.283687 0.353636 -0.219627 0.346424 -0.162535 0.341962 -0.107637 0.338084 -0.0518554 0.334433 0.00266582 0.332536 0.0567216 0.331613 
3.445 -0.211094 0.035187 -0.150725 0.0341067 -0.0963525 0.0343047 -0.043747 0.0337129 0.0101961 0.032715 0.0636671 0.0323824 0.117346 0.0321436 
1.411 -0.258348 0.237899 -0.19584 0.233421 -0.139848 0.231106 -0.0857971 0.228853 -0.0308455 0.226592 0.0229757 0.226024 0.0766553 0.225939 
4.012 -0.191234 -0.0312423 -0.131698 -0.0314052 -0.0775145 -0.0307362 -0.0251487 -0.0308536 0.0286573 -0.0318343 0.0821748 -0.0323135 0.135886 -0.0331124 
4.094 -0.152883 -0.0819203 -0.0938702 -0.0817748 -0.0403316 -0.0809825 0.011887 -0.0811921 0.0658842 -0.0825238 0.119819 -0.0834822 0.17445 -0.0849289 
1.746 0.116258 0.181742 0.175786 0.181983 0.231822 0.183788 0.288266 0.185427 0.348412 0.18679 0.410214 0.189604 0.474306 0.192886 
1.492 -0.236433 0.250911 -0.174572 0.246527 -0.119015 0.244357 -0.0654986 0.242341 -0.0106125 0.240291 0.0432894 0.239843 0.0971124 0.240036 
1.433 0.166251 0.165306 0.226892 0.165854 0.284179 0.167927 0.342028 0.169727 0.404157 0.171229 0.467962 0.174093 0.534392 0.177346 
1.044 -0.346692 0.313231 -0.280321 0.305898 -0.221725 0.301213 -0.165564 0.297005 -0.108992 0.292846 -0.0541118 0.29038 -0.000124234 0.288725 
4.156 -0.0891933 -0.0223394 -0.031176 -0.0231256 0.0219798 -0.0229924 0.0742964 -0.023301 0.129019 -0.0246461 0.184228 -0.0254288 0.240548 -0.0264661 
4.184 -0.0843994 -0.0675387 -0.026512 -0.0681005 0.0266939 -0.0677596 0.079015 -0.0684909 0.133733 -0.0701985 0.189004 -0.0715744 0.245316 -0.0731893 
3.988 -0.209725 -0.0312423 -0.149345 -0.0313126 -0.0947476 -0.0305249 -0.0423008 -0.0306096 0.0115473 -0.0315516 0.0650936 -0.0319827 0.118577 -0.0327383 
4.352 0.0217504 -0.114108 0.0796215 -0.115568 0.133577 -0.116272 0.18773 -0.117962 0.244868 -0.121115 0.302994 -0.12374 0.362841 -0.126906 
4.023 -0.174798 -0.0134365 -0.115111 -0.01388 -0.0612987 -0.0134485 -0.00887238 -0.0137067 0.0449846 -0.0148118 0.0986266 -0.0152481 0.152706 -0.0160286 
0.829 -0.0172853 0.402945 0.0417166 0.400621 0.0960302 0.400533 0.149858 0.401171 0.206299 0.40213 0.263033 0.4051 0.321003 0.409297 
4.27 -0.0220792 -0.0545268 0.0356031 -0.0554811 0.0891173 -0.0555673 0.142345 -0.0566169 0.198597 -0.0586924 0.255655 -0.0602515 0.314117 -0.062172 
4.246 -0.0398849 -0.0415149 0.0177987 -0.0424561 0.0710232 -0.0424039 0.123914 -0.0432194 0.17956 -0.0449467 0.235925 -0.046143 0.293684 -0.0475725 
3.82 -0.289851 0.00368443 -0.226797 0.0032623 -0.170507 0.00382675 -0.116729 0.00368727 -0.0621005 0.00284711 -0.00866197 0.00263861 0.0443464 0.00219709 
4.07 -0.183701 -0.12712 -0.123925 -0.126224 -0.0699194 -0.124918 -0.017481 -0.124789 0.0364708 -0.125948 0.0901134 -0.126842 0.144132 -0.12839 
4.156 -0.104945 -0.0675387 -0.0467615 -0.0679565 0.00639121 -0.0674737 0.0586602 -0.0680701 0.113138 -0.0695148 0.167934 -0.0707711 0.223771 -0.0723473 
0.792 -0.394631 0.389933 -0.325895 0.379552 -0.265385 0.372427 -0.207742 0.366051 -0.149772 0.35999 -0.0940763 0.355889 -0.0393691 0.352669 
4.078 -0.148089 -0.0524723 -0.0892887 -0.052685 -0.0358383 -0.0521233 0.0163156 -0.0524104 0.0703697 -0.0536561 0.124363 -0.0543995 0.179132 -0.0555316 
1.449 -0.27273 0.251596 -0.209638 0.24662 -0.153211 0.243864 -0.0990598 0.241187 -0.0438523 0.238584 0.0100927 0.23747 0.0637473 0.236923 
1.732 0.119682 0.248856 0.179543 0.24952 0.235753 0.251951 0.292374 0.254557 0.352758 0.257297 0.414578 0.26132 0.478781 0.265992 
3.398 0.0957129 0.0680592 0.154568 0.0674207 0.209994 0.0680698 0.265956 0.0682805 0.325319 0.0677406 0.386091 0.0681924 0.449193 0.0687142 
4.164 -0.104945 -0.0853445 -0.0467747 -0.085557 0.0064122 -0.0851161 0.0586276 -0.0856167 0.113122 -0.0873825 0.167914 -0.0887173 0.223726 -0.0905204 
1.315 0.19296 0.182427 0.254227 0.183288 0.312289 0.185605 0.371029 0.18778 0.43412 0.189674 0.499244 0.193014 0.566992 0.196739 
1.479 0.0402411 0.309807 0.099092 0.309286 0.153781 0.310824 0.208383 0.312675 0.265947 0.314452 0.324445 0.318158 0.384429 0.322598 
1.435 0.0244898 0.215299 0.0829123 0.214507 0.1374 0.21543 0.191618 0.216551 0.24897 0.217557 0.30712 0.219849 0.36682 0.222669 
1.37 -0.150829 0.252281 -0.0908618 0.248739 -0.0363792 0.247464 0.0164399 0.246369 0.0712416 0.245269 0.125523 0.245757 0.180524 0.246895 
0.993 -0.405588 0.324188 -0.337115 0.315509 -0.276951 0.30968 -0.219691 0.304426 -0.162074 0.299325 -0.106478 0.296034 -0.052082 0.293488 
1.306 -0.0474182 0.211875 0.00666036 0.20985 0.0602644 0.209975 0.113442 0.210104 0.168946 0.210105 0.225077 0.21166 0.282173 0.213451 
1.288 -0.137132 0.312546 -0.0774067 0.308601 -0.0231866 0.307061 0.0298335 0.305947 0.0846529 0.304813 0.139502 0.305735 0.194519 0.307068 
0.938 -0.309026 0.346103 -0.243973 0.338581 -0.186159 0.333968 -0.130849 0.329776 -0.0748206 0.325826 -0.0202559 0.323654 0.0335927 0.3223 
1.522 0.171045 0.150925 0.231862 0.15142 0.289355 0.153299 0.347655 0.154936 0.410082 0.156153 0.474521 0.158751 0.541393 0.161604 
0.774 -0.303547 0.453623 -0.238438 0.443652 -0.180475 0.437004 -0.124886 0.431389 -0.0685484 0.426141 -0.0137503 0.423053 0.04034 0.421061 
1.339 -0.0460485 0.104356 0.0118353 0.103074 0.0651867 0.103306 0.118087 0.103276 0.173434 0.10276 0.229554 0.103207 0.286826 0.103952 
1.68 0.0470894 0.0776469 0.105239 0.0768086 0.159704 0.0773638 0.214254 0.0774583 0.272034 0.0769433 0.330888 0.0773585 0.391585 0.0777859 
0.826 -0.0419395 0.407054 0.0172154 0.403894 0.0715389 0.403477 0.125135 0.403545 0.181067 0.403967 0.237257 0.406502 0.294474 0.409974 
4.508 0.0881797 -0.162046 0.147026 -0.164611 0.202395 -0.166622 0.258065 -0.169596 0.31737 -0.174174 0.377863 -0.178531 0.440699 -0.183644 
3.646 -0.369292 0.013957 -0.303468 0.0134329 -0.244799 0.0138023 -0.188989 0.0136559 -0.132843 0.0127984 -0.0786862 0.0125273 -0.0253218 0.0122505 
4.254 -0.0371456 -0.0552116 0.0205873 -0.0561309 0.0738461 -0.0561296 0.126772 -0.0570292 0.182447 -0.0589678 0.238935 -0.0604239 0.29675 -0.0621763 
4.059 -0.159732 -0.0380907 -0.100874 -0.0383295 -0.0471188 -0.0378314 0.00491507 -0.0380495 0.0588742 -0.0392097 0.112515 -0.0397682 0.166937 -0.040759 
4.406 0.0916039 -0.0394603 0.150426 -0.0410602 0.205833 -0.0417124 0.261805 -0.0430359 0.321303 -0.0452532 0.382227 -0.0470274 0.445373 -0.0488383 
3.994 -0.224106 -0.105205 -0.163252 -0.104167 -0.10843 -0.102651 -0.0556635 -0.102219 -0.00137859 -0.102894 0.0521038 -0.103379 0.105655 -0.1044 
4.238 -0.0672785 -0.119586 -0.0094526 -0.120002 0.0437017 -0.119823 0.0962994 -0.120794 0.151372 -0.123065 0.207075 -0.12497 0.263901 -0.127564 
4.188 -0.0905629 -0.0839748 -0.0325666 -0.084249 0.020599 -0.0839301 0.0729249 -0.0845279 0.127588 -0.0864251 0.182747 -0.0878152 0.238913 -0.0897707 
3.34 0.0101082 0.0557321 0.0678522 0.0545855 0.121608 0.0549504 0.175419 0.0547344 0.232448 0.0540532 0.290367 0.0540912 0.349959 0.0543569 
1.319 -0.0631694 0.194069 -0.00467658 0.192253 0.0489683 0.192152 0.101988 0.192323 0.157598 0.192061 0.21329 0.193375 0.270219 0.195056 
3.697 -0.350116 0.0160115 -0.28493 0.0153619 -0.226705 0.0157161 -0.171629 0.0155601 -0.115985 0.0146679 -0.0619158 0.0143894 -0.00902482 0.0140899 
4.539 0.0902342 -0.203821 0.149188 -0.206578 0.204508 -0.20882 0.260283 -0.212292 0.319456 -0.217498 0.380204 -0.222606 0.443228 -0.22893 
1.317 -0.0659088 0.208451 -0.00747424 0.206388 0.0463928 0.206421 0.0993524 0.206321 0.154806 0.206347 0.210334 0.20759 0.267005 0.209231 
4.23 -0.106314 -0.240118 -0.0479559 -0.239574 0.00546875 -0.238777 0.0577243 -0.239624 0.112435 -0.24208 0.167164 -0.244633 0.222787 -0.248041 
4.02 -0.229585 -0.173689 -0.168662 -0.171782 -0.113878 -0.169492 -0.0609333 -0.168634 -0.00684985 -0.16913 0.0465889 -0.169474 0.100122 -0.170722 
3.912 -0.311766 -0.264087 -0.248594 -0.259873 -0.191979 -0.255729 -0.13775 -0.253321 -0.0828131 -0.25219 -0.0289697 -0.251432 0.0243072 -0.251724 
1.468 -0.23027 0.264608 -0.168414 0.260179 -0.112796 0.257954 -0.0592596 0.255828 -0.00430649 0.253777 0.0495558 0.253283 0.103593 0.253503 
1.757 0.118313 0.163936 0.177873 0.164095 0.233973 0.165759 0.290489 0.167157 0.350788 0.168191 0.412606 0.170503 0.476776 0.173283 
