4.164 0.231311 0.0906588 0.230233 0.0781653 0.228681 0.0672479 0.226797 0.0566206 0.223897 0.0451752 0.220713 0.0345568 0.216904 0.0245036 
1.455 0.651801 0.0694288 0.647226 0.0327382 0.641203 0.000341287 0.634052 -0.0309619 0.624068 -0.0645461 0.613074 -0.0955538 0.600678 -0.12514 
0.793 -0.246706 0.324188 -0.237296 0.344368 -0.228095 0.362095 -0.218074 0.378937 -0.206244 0.396642 -0.194205 0.412566 -0.181564 0.427874 
0.807 -0.0727572 0.402945 -0.0586937 0.412168 -0.0458325 0.419833 -0.0327513 0.426731 -0.018309 0.433317 -0.00439243 0.438722 0.00949589 0.443528 
3.42 0.293631 0.156403 0.296092 0.140197 0.297541 0.125728 0.298469 0.111501 0.298321 0.0959612 0.297367 0.0814502 0.295746 0.0673227 
1.522 -0.495302 0.225572 -0.488892 0.257766 -0.481894 0.286215 -0.473491 0.313606 -0.462654 0.342666 -0.450976 0.369675 -0.438188 0.395682 
0.826 -0.445309 0.261868 -0.439507 0.293639 -0.432986 0.321958 -0.425161 0.34928 -0.415014 0.378306 -0.403902 0.405196 -0.391654 0.431213 
0.958 -0.199452 0.287207 -0.191162 0.303383 -0.183039 0.317547 -0.174476 0.330972 -0.16442 0.344902 -0.15419 0.357439 -0.143624 0.369495 
0.926 -0.0933023 0.350897 -0.0817151 0.360974 -0.0710638 0.369545 -0.0600855 0.377392 -0.0478498 0.385207 -0.0358888 0.391806 -0.0238195 0.398002 
3.975 -0.0713875 -0.0572661 -0.0803262 -0.0515716 -0.0880865 -0.0460635 -0.0953025 -0.0403544 -0.102976 -0.0337104 -0.109712 -0.0271272 -0.116139 -0.0201315 
0.856 -0.0796055 0.37966 -0.0665608 0.389156 -0.0545757 0.397162 -0.0423047 0.404438 -0.0286997 0.411439 -0.0154165 0.41729 -0.00220445 0.422567 
0.99 -0.176852 0.285838 -0.168541 0.300437 -0.160517 0.313206 -0.151912 0.325278 -0.141998 0.337756 -0.131887 0.349096 -0.121621 0.359785 
1.666 -0.411752 -0.117532 -0.425877 -0.0898358 -0.437326 -0.064496 -0.447164 -0.039166 -0.456441 -0.0109767 -0.463628 0.0158681 -0.469414 0.0429701 
0.748 -0.0220792 0.450883 -0.00572323 0.457412 0.00905967 0.46266 0.0238816 0.466974 0.0401823 0.470728 0.0556305 0.473312 0.0708677 0.475252 
4.102 0.027914 -0.302438 0.00401464 -0.301849 -0.0173203 -0.300226 -0.0379191 -0.297708 -0.0603209 -0.293649 -0.0810546 -0.288758 -0.101268 -0.282732 
0.98 -0.214519 0.272826 -0.206781 0.289863 -0.199308 0.304771 -0.191059 0.318985 -0.181482 0.333787 -0.17164 0.347182 -0.161348 0.360112 
4.188 0.0895494 0.0112176 0.0842479 0.00752786 0.0793264 0.00456601 0.0744658 0.00188936 0.0688429 -0.000777802 0.0635869 -0.00302605 0.0581662 -0.00475102 
1.399 -0.122065 0.174894 -0.119596 0.185502 -0.116979 0.19493 -0.113942 0.204017 -0.110263 0.213699 -0.106158 0.222539 -0.101806 0.231246 
0.745 -0.052212 0.44609 -0.0361841 0.454559 -0.0215925 0.46157 -0.00686644 0.467688 0.0092917 0.473353 0.0249029 0.477755 0.0403961 0.481491 
4.141 0.0505136 0.000260238 0.0445865 -0.00141704 0.0391721 -0.002616 0.0339531 -0.00356179 0.0280872 -0.00423401 0.0225768 -0.00464565 0.0170898 -0.00454683 
1.62 -0.485714 -0.142871 -0.501398 -0.110692 -0.514051 -0.0812039 -0.524949 -0.0518908 -0.535066 -0.0192377 -0.542799 0.0118229 -0.548967 0.0430726 
0.76 -0.069333 0.433078 -0.0538809 0.44244 -0.0396996 0.45031 -0.0253601 0.45727 -0.00946614 0.463826 0.00580301 0.469123 0.0210906 0.473815 
4.043 -0.0138611 -0.0339816 -0.0214962 -0.0317463 -0.0282589 -0.0293742 -0.0346706 -0.0268138 -0.0416328 -0.0236009 -0.0479207 -0.020294 -0.0541045 -0.0166097 
1.013 0.537433 0.502931 0.556611 0.474239 0.572251 0.447955 0.586432 0.421618 0.599874 0.391896 0.611089 0.363397 0.620488 0.335069 
3.051 -0.422024 0.0523079 -0.426331 0.0808167 -0.428988 0.106396 -0.430193 0.131569 -0.430048 0.159066 -0.428406 0.184824 -0.425554 0.210252 
0.878 -0.18644 0.321449 -0.17639 0.337154 -0.166837 0.350771 -0.156679 0.363691 -0.145006 0.376905 -0.133313 0.388718 -0.121292 0.399967 
4.137 0.0470894 -0.286687 0.023948 -0.287322 0.00327396 -0.28686 -0.0167185 -0.285491 -0.0385809 -0.282748 -0.0588342 -0.279026 -0.07863 -0.274232 
1.581 -0.469278 0.0824408 -0.471902 0.113765 -0.472955 0.141863 -0.472541 0.169351 -0.470479 0.19917 -0.466933 0.227287 -0.462145 0.254777 
1.021 0.485386 0.483756 0.503418 0.458046 0.518245 0.434565 0.531706 0.410899 0.544636 0.384331 0.555463 0.358739 0.564702 0.333293 
4.18 0.0758526 -0.275045 0.0533452 -0.277431 0.0331828 -0.27846 0.0135822 -0.278613 -0.00791309 -0.277508 -0.0278871 -0.275457 -0.04751 -0.272217 
2.186 0.586742 0.149555 0.587042 0.116777 0.585773 0.0878242 0.583337 0.0593955 0.578608 0.028996 0.572826 0.000474501 0.565516 -0.0269344 
3.969 0.207341 0.0995617 0.206764 0.0882992 0.205661 0.0783887 0.204261 0.0688279 0.201893 0.0584422 0.199277 0.048892 0.196143 0.0398224 
3.941 -0.094672 -0.182591 -0.111068 -0.175074 -0.125391 -0.167626 -0.138918 -0.15971 -0.153334 -0.150253 -0.166252 -0.140655 -0.178584 -0.130384 
4.02 -0.0371456 -0.10452 -0.0490922 -0.100567 -0.0596729 -0.0964949 -0.0697426 -0.0920475 -0.0805012 -0.0865674 -0.0902461 -0.0809391 -0.0995585 -0.0746983 
2.148 0.551815 0.263923 0.55866 0.232752 0.563315 0.204787 0.566669 0.177308 0.568366 0.147259 0.568484 0.118955 0.567108 0.0914581 
4.168 0.0792768 -0.331201 0.0536151 -0.333676 0.0305997 -0.334722 0.00822791 -0.334725 -0.0162671 -0.333273 -0.0390855 -0.330759 -0.0614802 -0.326931 
0.785 -0.0885084 0.409793 -0.0742389 0.420278 -0.0611642 0.429096 -0.0478474 0.437023 -0.0329943 0.444794 -0.0186081 0.451268 -0.00413875 0.457085 
0.876 -0.137817 0.346103 -0.126587 0.359035 -0.116117 0.370174 -0.105205 0.380532 -0.0928247 0.391049 -0.080572 0.400276 -0.0681873 0.408912 
4.109 0.0333927 -0.0127517 0.0267307 -0.0130012 0.020709 -0.0128553 0.0149828 -0.0124929 0.00861451 -0.0116863 0.00289091 -0.0106062 -0.00284306 -0.00915586 
4.16 0.0635255 -0.281893 0.0407083 -0.283515 0.0202384 -0.283897 0.00038789 -0.28339 -0.0212538 -0.281562 -0.0414782 -0.278816 -0.0612002 -0.274899 
1.036 0.444295 0.463895 0.461477 0.440816 0.475695 0.419684 0.488622 0.398293 0.501164 0.37424 0.511743 0.350952 0.520837 0.327761 
4.242 0.247747 0.035187 0.243544 0.0218949 0.23918 0.0103251 0.234497 -0.000783403 0.228561 -0.012568 0.222541 -0.0233631 0.216007 -0.0335164 
4.258 0.236789 0.00984797 0.230852 -0.00285652 0.225137 -0.0137708 0.219096 -0.0241967 0.211633 -0.0351313 0.204092 -0.0450886 0.196118 -0.0542445 
4.164 0.0703739 -0.299014 0.0466757 -0.301102 0.0254061 -0.301846 0.00473354 -0.301634 -0.0178778 -0.300128 -0.0389713 -0.29759 -0.0596141 -0.293856 
1.652 -0.430927 -0.0983564 -0.444097 -0.0693636 -0.454614 -0.0429398 -0.463516 -0.0165215 -0.471786 0.0126873 -0.477914 0.0404386 -0.482716 0.0684356 
0.712 -0.0843994 0.457732 -0.0677776 0.468159 -0.0525723 0.476908 -0.0371204 0.484794 -0.0200823 0.492226 -0.003482 0.498297 0.013067 0.503688 
0.893 -0.234379 0.294056 -0.226239 0.312426 -0.21813 0.328595 -0.209361 0.344003 -0.198938 0.360173 -0.188259 0.374782 -0.177053 0.388838 
3.984 -0.0645391 -0.0784961 -0.0748516 -0.0731935 -0.0838628 -0.0679384 -0.0923531 -0.0624578 -0.101381 -0.0559275 -0.109418 -0.0494018 -0.117099 -0.0423563 
1.235 0.33883 0.314601 0.34895 0.296967 0.356967 0.280821 0.364218 0.26477 0.370816 0.246712 0.376188 0.229528 0.380502 0.21255 
4.27 0.271716 0.0824408 0.270172 0.0674005 0.268002 0.0541308 0.26545 0.0412739 0.261614 0.0274886 0.257435 0.0146595 0.252547 0.00259991 
4.207 0.214875 0.0707985 0.212733 0.0592734 0.210301 0.049194 0.207588 0.0394868 0.203771 0.0291202 0.199789 0.019504 0.195316 0.0104821 
1.68 -0.394631 -0.113423 -0.40868 -0.0865648 -0.420139 -0.0619529 -0.430085 -0.0373754 -0.439449 -0.0100673 -0.446814 0.0160408 -0.452723 0.0424267 
4.156 0.0799616 -0.375716 0.0516605 -0.378167 0.0263243 -0.379006 0.00166799 -0.378782 -0.0252605 -0.376932 -0.0503976 -0.373962 -0.0749714 -0.369553 
1.128 0.388139 0.360485 0.399996 0.340346 0.409599 0.32204 0.418256 0.303771 0.426212 0.283212 0.432786 0.263541 0.438081 0.244041 
4.195 0.0936584 -0.323668 0.0684402 -0.326948 0.0458167 -0.328723 0.0237358 -0.329476 -0.000478733 -0.328906 -0.0230468 -0.327217 -0.0452433 -0.324212 
0.845 -0.197398 0.331037 -0.187126 0.347532 -0.177362 0.361864 -0.166912 0.375442 -0.154973 0.38944 -0.142861 0.402013 -0.130433 0.413884 
4.145 0.0587317 -0.307232 0.0345147 -0.308563 0.0128073 -0.308653 -0.00820623 -0.307765 -0.0312273 -0.305471 -0.0526012 -0.302204 -0.0734995 -0.297736 
2.18 0.629201 0.0975072 0.626324 0.0621292 0.622021 0.0308118 0.616474 0.000495191 0.608389 -0.0321554 0.599136 -0.0623643 0.588418 -0.0913309 
3.584 -0.337105 -0.228476 -0.356223 -0.206712 -0.372409 -0.186345 -0.387146 -0.165815 -0.402018 -0.142481 -0.414801 -0.119922 -0.426385 -0.0968559 
4.008 -0.0508424 -0.111368 -0.0629742 -0.106803 -0.0737256 -0.102137 -0.0838922 -0.0971426 -0.0947825 -0.0910061 -0.104652 -0.084784 -0.114076 -0.0779527 
3.961 -0.0871387 -0.206561 -0.105104 -0.199402 -0.120768 -0.1922 -0.135532 -0.184464 -0.151552 -0.17521 -0.165924 -0.165742 -0.179572 -0.155465 
0.863 -0.221367 0.314601 -0.211754 0.332537 -0.202517 0.348037 -0.192697 0.362881 -0.181101 0.378225 -0.169407 0.392109 -0.157295 0.405329 
4.352 0.271716 0.0194357 0.266386 0.00470612 0.260919 -0.00809554 0.255001 -0.0203382 0.247665 -0.0332929 0.24021 -0.0451077 0.2323 -0.0561156 
3.557 -0.352171 -0.186016 -0.368767 -0.163341 -0.382614 -0.142373 -0.395075 -0.121277 -0.407434 -0.0975161 -0.417797 -0.0746056 -0.426989 -0.0513847 
0.835 -0.132338 0.366648 -0.120241 0.379444 -0.108893 0.39036 -0.0971717 0.400611 -0.0839968 0.410828 -0.0709784 0.41976 -0.0578899 0.427999 
0.757 0.0231201 0.463895 0.0405883 0.467573 0.0561901 0.470149 0.0716346 0.471838 0.0883436 0.472604 0.104167 0.472456 0.11959 0.471661 
4.168 0.0655801 -0.112053 0.0528331 -0.114103 0.0413036 -0.115307 0.0301023 -0.115922 0.0178469 -0.115981 0.00632559 -0.115432 -0.00508705 -0.114094 
0.913 -0.196713 0.302274 -0.18748 0.318542 -0.178741 0.332691 -0.169409 0.346036 -0.15851 0.36001 -0.147561 0.372429 -0.136268 0.384314 
0.95 -0.2289 0.278989 -0.221197 0.296888 -0.21371 0.312527 -0.205394 0.327564 -0.195645 0.343224 -0.185592 0.357449 -0.175052 0.371152 
0.828 -0.174798 0.354321 -0.163276 0.369705 -0.152571 0.382887 -0.141259 0.395269 -0.12833 0.408018 -0.115564 0.41929 -0.102487 0.429891 
1.163 0.370333 0.345418 0.381415 0.326154 0.390406 0.308774 0.39867 0.291433 0.406115 0.271859 0.412246 0.253227 0.417222 0.23476 
4.141 0.0436653 -0.151089 0.0287715 -0.151878 0.0154045 -0.15185 0.00255338 -0.151263 -0.0116072 -0.149778 -0.0247491 -0.147731 -0.0376629 -0.14483 
4.164 0.0737981 -0.314765 0.0491443 -0.316945 0.0270127 -0.317761 0.00550896 -0.317606 -0.0180022 -0.316026 -0.0399481 -0.313432 -0.0614003 -0.309571 
4.066 0.0121627 -0.344213 -0.014101 -0.342864 -0.0374853 -0.340422 -0.0601138 -0.337068 -0.0846983 -0.331934 -0.107342 -0.325954 -0.129391 -0.318687 
0.766 -0.464484 0.31871 -0.455955 0.35211 -0.446932 0.381705 -0.436573 0.410167 -0.423598 0.440378 -0.409784 0.468071 -0.394879 0.494755 
2.184 0.526476 0.255705 0.532861 0.22611 0.537095 0.199799 0.540188 0.173805 0.541642 0.14538 0.541735 0.118655 0.540385 0.0927488 
4.211 0.228571 0.0612108 0.225963 0.0489688 0.223005 0.0382366 0.219769 0.0279158 0.215416 0.0168973 0.210866 0.00673752 0.205752 -0.0028288 
4.016 -0.0446788 -0.163416 -0.0599852 -0.158899 -0.0733958 -0.154104 -0.0862326 -0.148842 -0.0999395 -0.142394 -0.112478 -0.135643 -0.124426 -0.128198 
4.348 0.286098 0.0228599 0.280738 0.00731272 0.27518 -0.0061913 0.269331 -0.019132 0.261969 -0.032796 0.254455 -0.0452733 0.246412 -0.0569554 
3.322 -0.188495 0.109834 -0.189302 0.124141 -0.18962 0.137052 -0.189075 0.149639 -0.187999 0.163205 -0.186092 0.175956 -0.183688 0.188564 
4.047 -0.0241337 -0.149719 -0.0388783 -0.14641 -0.0519547 -0.142756 -0.0643832 -0.138644 -0.0778756 -0.133412 -0.0901246 -0.127836 -0.101921 -0.121501 
4.191 0.082701 -0.290796 0.0594369 -0.293508 0.0385586 -0.294844 0.018209 -0.295272 -0.00402059 -0.294412 -0.0247742 -0.292561 -0.0451499 -0.289519 
2.152 0.642898 0.089974 0.639353 0.0539685 0.634514 0.0221594 0.62841 -0.00863797 0.619674 -0.0417595 0.609941 -0.0725032 0.598696 -0.101935 
4.082 -0.000164361 -0.138077 -0.0142783 -0.136252 -0.0268569 -0.133873 -0.0388743 -0.13111 -0.0519506 -0.127294 -0.0639137 -0.123071 -0.075555 -0.11806 
0.721 -0.0433091 0.459101 -0.0265222 0.467071 -0.0112342 0.473596 0.00409648 0.479184 0.0210259 0.484209 0.0371611 0.488033 0.0532419 0.491099 
1.014 0.523736 0.494713 0.542528 0.466794 0.557843 0.441172 0.57183 0.415515 0.585207 0.386709 0.596256 0.358918 0.605615 0.331333 
0.799 -0.0104369 0.433078 0.00527885 0.438523 0.0195187 0.442827 0.0337828 0.446313 0.0493153 0.449107 0.0641323 0.450914 0.0787023 0.452108 
3.551 0.332667 0.155718 0.335241 0.137255 0.336578 0.1207 0.337217 0.104575 0.336674 0.0869342 0.335344 0.0704321 0.333038 0.0544248 
1.194 0.366909 0.322134 0.377223 0.302708 0.385633 0.285196 0.393134 0.267678 0.399848 0.248031 0.405177 0.229237 0.409336 0.210677 
4.066 0.000520477 -0.308602 -0.0237399 -0.306538 -0.0453305 -0.303587 -0.0661448 -0.299758 -0.0886542 -0.294282 -0.109413 -0.288044 -0.129524 -0.280688 
0.754 0.0402411 0.476907 0.0580104 0.479717 0.0738041 0.481538 0.0894408 0.482538 0.106354 0.48255 0.122298 0.481646 0.137899 0.480206 
0.797 -0.100151 0.398836 -0.0865429 0.409857 -0.073941 0.419169 -0.0609992 0.427726 -0.0466691 0.436053 -0.0326515 0.44318 -0.0185629 0.449644 
0.734 -0.0138611 0.463211 0.00340821 0.469265 0.0189483 0.474005 0.0344995 0.477872 0.0514314 0.480985 0.0675808 0.482962 0.0834409 0.484287 
0.795 -0.144665 0.385824 -0.131657 0.399706 -0.119596 0.411509 -0.107167 0.422391 -0.09312 0.433376 -0.0792229 0.443021 -0.0651748 0.451913 
4.141 0.0642104 -0.338734 0.0381375 -0.340255 0.0147732 -0.340424 -0.00783326 -0.339595 -0.0325778 -0.337226 -0.0556129 -0.333832 -0.0781091 -0.329136 
0.947 -0.118641 0.331722 -0.10797 0.343201 -0.0980869 0.353034 -0.0878322 0.362147 -0.0762779 0.371251 -0.0648172 0.379215 -0.0532632 0.386706 
0.854 -0.110423 0.368018 -0.0978116 0.379405 -0.0862463 0.389043 -0.0743906 0.397865 -0.0611582 0.406619 -0.0482097 0.414111 -0.0351401 0.420994 
2.004 0.205972 0.161882 0.207852 0.152428 0.208954 0.14392 0.209781 0.135578 0.209959 0.126382 0.209773 0.117711 0.209013 0.109478 
1.948 -0.169319 0.188591 -0.16486 0.201279 -0.160491 0.212433 -0.155618 0.223117 -0.149816 0.234387 -0.143708 0.244553 -0.137392 0.254495 
0.811 -0.121381 0.385824 -0.108435 0.397992 -0.0964115 0.408391 -0.0840739 0.417939 -0.0701175 0.42744 -0.0564828 0.435702 -0.0427357 0.443308 
0.99 -0.253554 0.260499 -0.246499 0.279618 -0.239536 0.296458 -0.231796 0.312549 -0.222467 0.329538 -0.212729 0.344967 -0.202276 0.359912 
4.066 0.00736885 -0.328462 -0.0179545 -0.326824 -0.0404948 -0.324219 -0.0622537 -0.320662 -0.0858898 -0.315436 -0.107668 -0.309376 -0.128825 -0.302147 
0.929 -0.168634 0.313231 -0.158987 0.327737 -0.149857 0.340309 -0.140248 0.35214 -0.129061 0.364233 -0.117981 0.375024 -0.106723 0.38527 
0.781 -0.048103 0.425544 -0.0329482 0.433431 -0.0191735 0.439904 -0.00526716 0.445633 0.00992383 0.450757 0.0247027 0.454803 0.0392046 0.458201 
1.096 0.414162 0.381715 0.427147 0.360289 0.437467 0.340742 0.446779 0.321157 0.45546 0.299239 0.462609 0.278195 0.468272 0.257428 
0.985 -0.152883 0.302958 -0.1436 0.316314 -0.134859 0.327934 -0.125652 0.338861 -0.115124 0.350039 -0.104643 0.360001 -0.0940013 0.36946 
1.089 0.457307 0.407054 0.471837 0.382576 0.4835 0.360259 0.493951 0.337881 0.503605 0.312921 0.511416 0.288976 0.517764 0.265274 
1.333 0.0929736 0.313231 0.103089 0.31094 0.111849 0.308578 0.120485 0.305872 0.1295 0.302307 0.137893 0.298506 0.145896 0.294497 
0.773 0.0149021 0.451568 0.0314477 0.455581 0.0462054 0.458501 0.0610506 0.460766 0.0769429 0.462076 0.0921283 0.462462 0.106882 0.462302 
3.967 -0.0830297 -0.172319 -0.0991107 -0.165516 -0.113193 -0.158674 -0.12649 -0.151416 -0.140688 -0.142591 -0.153404 -0.133653 -0.165636 -0.124032 
4.043 -0.026873 -0.178482 -0.0433975 -0.17505 -0.0579096 -0.1712 -0.0718278 -0.166809 -0.0869021 -0.161124 -0.100492 -0.155058 -0.113685 -0.148209 
2.459 -0.27273 0.177633 -0.268451 0.195681 -0.264005 0.21162 -0.25878 0.22697 -0.252299 0.24347 -0.245288 0.258491 -0.237846 0.273254 
4.133 0.0388714 -0.127804 0.0255764 -0.128413 0.0136792 -0.128263 0.00218835 -0.127666 -0.0104145 -0.126244 -0.022095 -0.124394 -0.0335673 -0.121719 
1.18 0.328558 0.337885 0.339245 0.32128 0.348132 0.306247 0.356138 0.291041 0.363733 0.273988 0.370124 0.257601 0.3754 0.241344 
0.771 -0.139186 0.400205 -0.125404 0.413722 -0.112585 0.425196 -0.0993916 0.435854 -0.0845156 0.44645 -0.0699122 0.455599 -0.0552355 0.464071 
3.998 -0.0617998 -0.190809 -0.0790525 -0.185241 -0.0942089 -0.179533 -0.108589 -0.17328 -0.123962 -0.165528 -0.137917 -0.157549 -0.151419 -0.148737 
3.381 -0.177537 -0.0387755 -0.185586 -0.0264159 -0.192336 -0.0150309 -0.198244 -0.00351531 -0.204131 0.00931858 -0.208947 0.0216469 -0.213057 0.0342256 
3.996 -0.0604301 -0.16821 -0.0759881 -0.162738 -0.0897079 -0.157127 -0.102669 -0.151045 -0.116535 -0.143632 -0.129186 -0.136008 -0.141104 -0.127748 
2.432 0.650431 0.0105328 0.642177 -0.0254156 0.633186 -0.0569025 0.623058 -0.0871528 0.609944 -0.119431 0.596218 -0.148934 0.581069 -0.177121 
1.066 0.379236 0.517998 0.399755 0.498386 0.417088 0.480231 0.43316 0.461847 0.449304 0.440542 0.463418 0.419724 0.47621 0.398766 
4.098 0.010793 -0.162046 -0.00471809 -0.160882 -0.0185212 -0.159098 -0.031827 -0.156784 -0.046293 -0.153353 -0.0595917 -0.149472 -0.0725017 -0.144768 
1.342 0.239529 0.375551 0.253301 0.363699 0.264961 0.352678 0.275978 0.341356 0.286952 0.32831 0.296685 0.315427 0.305599 0.302524 
1.297 0.0772223 0.309122 0.0871992 0.307725 0.0960226 0.306107 0.104584 0.304094 0.113638 0.301304 0.122081 0.298187 0.130196 0.294928 
4.266 0.290892 0.0543624 0.287316 0.038413 0.283382 0.0244873 0.279111 0.0110907 0.273324 -0.00322932 0.267384 -0.0163159 0.260829 -0.0286316 
0.916 -0.21041 0.29748 -0.201721 0.314443 -0.193265 0.329323 -0.18418 0.343438 -0.173556 0.358094 -0.162757 0.37131 -0.151527 0.38403 
4.07 0.0155869 -0.361334 -0.0117333 -0.360158 -0.0360645 -0.357869 -0.0595945 -0.354587 -0.0851591 -0.349463 -0.108731 -0.343435 -0.131724 -0.3362 
0.751 -0.311081 0.311861 -0.302535 0.335994 -0.293972 0.357163 -0.284357 0.377584 -0.272948 0.398939 -0.260924 0.418417 -0.248255 0.437113 
1.331 -0.094672 0.189275 -0.0916482 0.198365 -0.0883415 0.206452 -0.0847598 0.214215 -0.080475 0.222333 -0.0758805 0.229875 -0.0713335 0.237151 
0.89 -0.0857691 0.362539 -0.0735961 0.372237 -0.0623966 0.380418 -0.0508221 0.387956 -0.0380434 0.395255 -0.0255747 0.401427 -0.0130407 0.407058 
0.808 -0.154253 0.374866 -0.141759 0.389159 -0.130206 0.401445 -0.11807 0.412987 -0.10441 0.424557 -0.0908733 0.434726 -0.0770953 0.444279 
0.775 -0.077551 0.421435 -0.0626758 0.431328 -0.0491675 0.43956 -0.0353232 0.446978 -0.020021 0.454043 -0.005202 0.459857 0.00955052 0.465037 
4.309 0.29911 0.0297083 0.294313 0.0136625 0.289259 -0.000329381 0.283901 -0.0137689 0.276945 -0.0280446 0.269966 -0.0411533 0.262318 -0.0535478 
2.195 -0.424764 -0.201082 -0.442859 -0.173553 -0.457889 -0.148084 -0.471241 -0.122653 -0.484389 -0.0940446 -0.495205 -0.0665904 -0.504568 -0.0388719 
4.02 0.223778 0.104356 0.22334 0.0923074 0.222291 0.0816913 0.220914 0.0713557 0.218563 0.0601699 0.215928 0.0498224 0.212768 0.0400605 
3.307 -0.211094 0.0173812 -0.21561 0.031573 -0.219189 0.0445547 -0.221914 0.0574161 -0.224252 0.0715207 -0.225623 0.0847982 -0.226298 0.0980982 
4.094 0.0135324 -0.134653 -0.000395887 -0.133684 -0.0127119 -0.132127 -0.0245028 -0.130043 -0.0374998 -0.12706 -0.0493127 -0.123614 -0.0609655 -0.119491 
4.078 0.0142172 -0.301753 -0.0097635 -0.300448 -0.0310953 -0.29816 -0.0517297 -0.295016 -0.0740474 -0.290259 -0.0947379 -0.28474 -0.114807 -0.278069 
0.759 -0.40011 0.287892 -0.392924 0.317448 -0.385388 0.343484 -0.376598 0.368572 -0.365616 0.395213 -0.353815 0.419673 -0.341108 0.443283 
1.012 -0.198082 0.27351 -0.19036 0.28946 -0.182888 0.303375 -0.174832 0.316647 -0.165368 0.330421 -0.155635 0.342854 -0.145516 0.354777 
3.938 -0.102205 -0.214094 -0.120542 -0.206097 -0.136645 -0.198079 -0.15192 -0.189592 -0.168056 -0.179334 -0.182616 -0.16894 -0.196563 -0.157852 
4.117 0.0292837 -0.156568 0.0139278 -0.15654 0.000345046 -0.155736 -0.012806 -0.154385 -0.0271491 -0.152081 -0.0404437 -0.149236 -0.0534648 -0.145534 
1.275 0.0998219 0.23516 0.105077 0.232704 0.109601 0.230426 0.114011 0.22796 0.118441 0.224918 0.122565 0.221894 0.126382 0.218927 
0.793 -0.286427 0.300219 -0.278268 0.322635 -0.270062 0.342417 -0.260998 0.361377 -0.250087 0.381208 -0.238679 0.399376 -0.22672 0.416928 
4.371 0.25528 0.00710862 0.249045 -0.00651227 0.242831 -0.0182931 0.236414 -0.0295583 0.228497 -0.0413351 0.220653 -0.0520078 0.212378 -0.061859 
4.246 0.108725 -0.123011 0.0952974 -0.127706 0.0829469 -0.131294 0.0710951 -0.134169 0.0576947 -0.136561 0.0452334 -0.138174 0.032579 -0.138934 
4.113 0.0395562 -0.0380907 0.03141 -0.0387811 0.0239797 -0.0389016 0.0169015 -0.0387006 0.00907146 -0.0380723 0.00189124 -0.0370742 -0.00519757 -0.0355802 
0.71 -0.0344062 0.473483 -0.0171315 0.480953 -0.0014705 0.487027 0.0142986 0.49225 0.031567 0.496886 0.0481159 0.500229 0.0644318 0.502941 
1.065 0.386084 0.497452 0.405624 0.477683 0.422081 0.459264 0.437325 0.440523 0.452491 0.419136 0.465707 0.39829 0.477578 0.377356 
3.9 -0.120696 -0.213409 -0.13889 -0.204413 -0.154785 -0.195592 -0.169765 -0.186316 -0.185648 -0.175284 -0.199959 -0.164141 -0.213472 -0.15233 
0.764 -0.422709 0.275565 -0.416391 0.306363 -0.40949 0.333678 -0.401232 0.359985 -0.390725 0.388087 -0.379356 0.413977 -0.366969 0.438954 
1.475 0.225832 0.285153 0.234416 0.274115 0.241547 0.264085 0.24821 0.253924 0.254516 0.242386 0.260019 0.231232 0.264736 0.220215 
0.831 -0.219312 0.328982 -0.209121 0.346777 -0.1993 0.362275 -0.188853 0.376885 -0.176764 0.392073 -0.164494 0.405644 -0.151878 0.418579 
0.719 -0.00358855 0.475538 0.013945 0.481151 0.0296797 0.485431 0.0455235 0.488902 0.0626668 0.491542 0.0790791 0.49312 0.0952555 0.494133 
0.883 -0.162471 0.331037 -0.151938 0.34528 -0.14215 0.357548 -0.131704 0.369147 -0.119827 0.380926 -0.108021 0.391437 -0.0958799 0.401321 
1.789 -0.278893 0.196124 -0.274004 0.215094 -0.268969 0.23197 -0.263114 0.248273 -0.255845 0.265543 -0.248062 0.281376 -0.239632 0.296648 
1.216 0.0696891 0.257759 0.0762809 0.257062 0.0821241 0.256234 0.0878072 0.255211 0.0938294 0.253686 0.0994503 0.251814 0.10481 0.250009 
4.289 0.282674 0.0721682 0.280157 0.0567372 0.277225 0.043166 0.273926 0.0300975 0.269261 0.0160551 0.264326 0.00316001 0.258747 -0.00903908 
0.783 0.00189015 0.441296 0.0178303 0.446138 0.0321334 0.449854 0.046386 0.452783 0.0620095 0.455049 0.0768526 0.45628 0.0913708 0.456944 
3.951 -0.0919326 -0.153828 -0.106487 -0.146627 -0.11927 -0.139543 -0.131372 -0.13208 -0.144077 -0.123155 -0.155489 -0.114216 -0.166461 -0.104677 
0.749 -0.106999 0.42486 -0.0921909 0.436595 -0.0785167 0.446514 -0.0646212 0.455524 -0.0490951 0.46435 -0.0339593 0.471881 -0.0188029 0.478632 
1.42 -0.103575 0.120107 -0.104087 0.129491 -0.104175 0.1379 -0.103755 0.146333 -0.102933 0.155297 -0.101635 0.16363 -0.100044 0.172029 
1.243 0.301849 0.311177 0.311311 0.296161 0.319106 0.282236 0.326247 0.268535 0.332892 0.253064 0.338342 0.238202 0.342964 0.223398 
4.07 -0.00975209 -0.172319 -0.0257473 -0.169855 -0.0400177 -0.166953 -0.0534837 -0.16345 -0.0680277 -0.158744 -0.0814741 -0.153661 -0.0945692 -0.147852 
3.584 -0.325462 -0.157937 -0.340314 -0.136872 -0.352784 -0.117353 -0.363993 -0.0977763 -0.374982 -0.0757067 -0.38412 -0.0545189 -0.392121 -0.0329381 
4.543 0.275825 -0.129174 0.261656 -0.143801 0.248271 -0.156151 0.234855 -0.167646 0.219381 -0.179313 0.20435 -0.189536 0.189024 -0.198631 
4.008 0.0724284 0.0844953 0.0717184 0.0814275 0.0708259 0.0787833 0.0699613 0.0762994 0.0686393 0.0734802 0.0673697 0.0708469 0.0658994 0.0685156 
0.793 -0.343268 0.285838 -0.335846 0.311693 -0.328185 0.334541 -0.31946 0.356496 -0.308657 0.379773 -0.297277 0.400961 -0.285206 0.421371 
3.938 -0.102205 -0.119586 -0.114847 -0.111857 -0.125798 -0.104402 -0.136103 -0.0966483 -0.146959 -0.087563 -0.156657 -0.0785076 -0.165843 -0.0689731 
4.125 0.0340775 -0.111368 0.0219915 -0.111456 0.0110176 -0.111029 0.000510696 -0.110096 -0.0110653 -0.108445 -0.0217127 -0.106383 -0.0321872 -0.103634 
2.807 0.231996 0.166676 0.234728 0.154305 0.236491 0.143265 0.237851 0.132445 0.238495 0.120557 0.238581 0.109335 0.238144 0.0985224 
0.774 0.078592 0.500192 0.0980278 0.500272 0.115131 0.499493 0.132018 0.497999 0.15001 0.49515 0.16677 0.491449 0.18303 0.487268 
1.314 0.132694 0.163936 0.133916 0.15964 0.134695 0.155833 0.135491 0.152117 0.135754 0.147852 0.135991 0.143858 0.135942 0.140135 
0.733 -0.0905629 0.439926 -0.0750885 0.45082 -0.0608604 0.46008 -0.0464327 0.468409 -0.0303306 0.476435 -0.0147702 0.483097 0.000780886 0.489131 
4.539 0.272401 -0.112053 0.259266 -0.126609 0.246855 -0.138935 0.234366 -0.150397 0.219852 -0.162074 0.205709 -0.172369 0.191292 -0.1815 
4.043 -0.0220792 -0.116162 -0.0348853 -0.113087 -0.0462375 -0.109719 -0.0569637 -0.105962 -0.0685954 -0.101135 -0.0791801 -0.096061 -0.0895448 -0.0903953 
2.586 0.252541 0.242693 0.259751 0.229485 0.265414 0.217498 0.270593 0.205286 0.275133 0.191809 0.278829 0.178734 0.281714 0.16586 
1.29 -0.0700178 0.246802 -0.063223 0.254231 -0.056862 0.260664 -0.0503329 0.266602 -0.0428755 0.272607 -0.0355854 0.277835 -0.0281592 0.282783 
3.984 -0.0727572 -0.204506 -0.0905119 -0.198092 -0.106068 -0.191586 -0.120845 -0.184521 -0.136519 -0.175919 -0.150767 -0.167123 -0.16436 -0.157556 
0.974 0.0669497 0.411848 0.0822184 0.411625 0.0956671 0.41085 0.108901 0.409449 0.122986 0.406931 0.136156 0.403847 0.148907 0.400361 
1.625 0.152554 0.145446 0.153382 0.139325 0.153756 0.133837 0.154046 0.128472 0.153675 0.122473 0.153209 0.116868 0.152278 0.111532 
1.434 -0.0905629 0.072853 -0.0937949 0.0815558 -0.0964691 0.0895373 -0.0984649 0.0974416 -0.100461 0.10618 -0.101722 0.114435 -0.102611 0.122816 
4.215 0.0874949 -0.133283 0.0737292 -0.136735 0.0610925 -0.139198 0.0490165 -0.141008 0.0354646 -0.142204 0.022914 -0.142663 0.0102714 -0.142325 
1.114 0.410053 0.366648 0.422332 0.345192 0.432123 0.325688 0.44076 0.306152 0.448671 0.284267 0.455245 0.263438 0.460482 0.242766 
0.855 -0.248076 0.29611 -0.239561 0.315451 -0.231279 0.332325 -0.222184 0.348452 -0.211473 0.365348 -0.200455 0.38065 -0.188877 0.395288 
4.531 0.271031 -0.0921929 0.259099 -0.106526 0.247794 -0.118606 0.236322 -0.130068 0.223011 -0.141759 0.210002 -0.152051 0.196689 -0.161253 
0.795 -0.301493 0.29611 -0.293629 0.319313 -0.285672 0.33981 -0.276905 0.359393 -0.266249 0.379981 -0.255 0.398895 -0.243122 0.417084 
0.708 -0.217258 0.396781 -0.204669 0.41592 -0.192625 0.432606 -0.179956 0.448247 -0.165325 0.464352 -0.150735 0.478729 -0.135632 0.492371 
0.71 -0.0679633 0.462526 -0.0514995 0.472167 -0.0363498 0.480246 -0.0210267 0.487451 -0.00414527 0.494116 0.0121692 0.499503 0.0284135 0.504323 
4.148 0.0484591 -0.168895 0.0323182 -0.169862 0.0178034 -0.169932 0.00381279 -0.169379 -0.0115178 -0.16789 -0.0257195 -0.165729 -0.0396808 -0.162694 
1.058 0.40389 0.503616 0.423512 0.483016 0.440075 0.463987 0.455504 0.444527 0.47067 0.422421 0.483829 0.400923 0.49568 0.379246 
4.215 0.244323 0.0612108 0.241476 0.0478552 0.23832 0.0361471 0.23481 0.0248357 0.230082 0.0128647 0.225104 0.00175552 0.219592 -0.00867413 
1.051 0.499082 0.434447 0.514763 0.407914 0.527075 0.383449 0.538442 0.359181 0.548687 0.331887 0.557117 0.305852 0.563731 0.279912 
0.765 -0.123435 0.409108 -0.109299 0.421723 -0.0963532 0.432391 -0.0830291 0.442242 -0.0680655 0.452086 -0.0534818 0.460443 -0.0387524 0.468215 
0.893 -0.123435 0.346103 -0.112033 0.35816 -0.101592 0.368452 -0.0907439 0.37794 -0.0784799 0.387563 -0.0663853 0.395874 -0.0542056 0.403709 
1.058 0.397042 0.446774 0.413762 0.426404 0.427618 0.407622 0.440399 0.388637 0.452766 0.367063 0.463396 0.346237 0.472769 0.325351 
1.322 0.0970826 0.283783 0.105681 0.281248 0.113139 0.278636 0.120466 0.275711 0.12796 0.271939 0.134933 0.267954 0.141437 0.263892 
0.761 -0.33505 0.300904 -0.3272 0.32631 -0.319193 0.348693 -0.310163 0.370261 -0.299065 0.392994 -0.287412 0.413807 -0.274975 0.433921 
4.227 0.21145 0.0564169 0.208628 0.0451322 0.205616 0.035293 0.202364 0.0257897 0.197991 0.0156307 0.193411 0.00631188 0.188344 -0.00240881 
4.219 0.0991371 -0.0798658 0.0885317 -0.0839082 0.0787574 -0.0870386 0.0692724 -0.0896575 0.0585153 -0.0919242 0.0485734 -0.0935084 0.0384817 -0.0944538 
1.081 -0.291905 0.247487 -0.284006 0.267276 -0.276169 0.284386 -0.267454 0.300994 -0.257147 0.318166 -0.24648 0.334035 -0.235322 0.349401 
1.202 0.384714 0.331037 0.39519 0.310848 0.403654 0.292582 0.411222 0.27435 0.418025 0.253995 0.423459 0.234513 0.427669 0.215316 
2.346 0.608656 0.335831 0.620029 0.300472 0.628451 0.268753 0.635216 0.237363 0.640426 0.202897 0.643415 0.170024 0.644732 0.138133 
2.037 0.462101 0.307752 0.47201 0.281821 0.479584 0.258331 0.485977 0.235126 0.491167 0.209465 0.494854 0.185174 0.497109 0.161286 
0.756 -0.350116 0.301589 -0.3421 0.327957 -0.333864 0.351271 -0.324566 0.373641 -0.313202 0.397271 -0.3012 0.418923 -0.288431 0.439706 
3.314 -0.201507 0.0303931 -0.2056 0.0440011 -0.208577 0.0564313 -0.211132 0.0685799 -0.213271 0.0819948 -0.214408 0.0946757 -0.214899 0.107371 
0.854 -0.159732 0.346103 -0.148544 0.360396 -0.138015 0.372733 -0.127019 0.38432 -0.114439 0.396127 -0.102046 0.406548 -0.0893946 0.416262 
4.207 0.0909191 -0.261348 0.0690995 -0.264498 0.049432 -0.26636 0.0303437 -0.26727 0.00932685 -0.267071 -0.0102395 -0.265843 -0.0295157 -0.263433 
0.704 -0.239858 0.383769 -0.22766 0.404313 -0.21596 0.422136 -0.203401 0.439006 -0.188949 0.456456 -0.174455 0.472086 -0.159514 0.486852 
4.195 0.186796 0.0879195 0.185534 0.078058 0.183877 0.0694766 0.182038 0.0611168 0.179293 0.052168 0.17636 0.0438807 0.173039 0.0361845 
0.711 -0.225476 0.385139 -0.213299 0.404721 -0.201568 0.421795 -0.189195 0.437924 -0.174817 0.454539 -0.160458 0.4694 -0.145492 0.483478 
4.207 0.0922887 -0.0545268 0.0830787 -0.0583165 0.0748117 -0.0611874 0.0664465 -0.0637018 0.057209 -0.0658481 0.0486895 -0.0674367 0.039973 -0.0684341 
4.426 0.220353 -0.150404 0.204967 -0.161667 0.190751 -0.170931 0.176597 -0.179349 0.160522 -0.187573 0.145084 -0.194552 0.129556 -0.200415 
0.836 -0.187125 0.341309 -0.176442 0.357324 -0.16626 0.371263 -0.155547 0.384352 -0.143259 0.397761 -0.130961 0.409778 -0.118301 0.421188 
1.172 0.400466 0.345418 0.411757 0.324465 0.420796 0.305361 0.428891 0.286356 0.436146 0.26508 0.442091 0.244812 0.446629 0.224711 
1.2 0.346364 0.327613 0.356769 0.309674 0.365169 0.293439 0.372751 0.277217 0.379786 0.258971 0.385489 0.241738 0.390191 0.224607 
3.652 -0.285057 -0.329147 -0.310295 -0.31015 -0.332012 -0.291987 -0.352291 -0.273305 -0.373328 -0.251644 -0.391875 -0.23042 -0.409195 -0.208317 
0.696 -0.267936 0.381715 -0.256023 0.403881 -0.244594 0.423323 -0.232146 0.44162 -0.217819 0.460745 -0.203281 0.478007 -0.188144 0.49438 
1.411 0.115573 0.331037 0.126736 0.327021 0.136432 0.323013 0.145801 0.318621 0.155599 0.313348 0.164553 0.307798 0.172912 0.302061 
0.73 -0.37614 0.306383 -0.368254 0.334599 -0.36011 0.359529 -0.350729 0.383496 -0.339157 0.408975 -0.326951 0.43229 -0.313781 0.454745 
4.156 0.0553075 -0.121641 0.042339 -0.12314 0.0305784 -0.123874 0.0192546 -0.124064 0.00690651 -0.123566 -0.00465305 -0.122521 -0.0161773 -0.120707 
0.696 -0.283687 0.361855 -0.273022 0.385057 -0.262417 0.405487 -0.251039 0.424815 -0.237462 0.444892 -0.223589 0.463126 -0.209104 0.480576 
1.321 0.0854404 0.333776 0.0966984 0.331881 0.106481 0.329904 0.116151 0.327489 0.126281 0.324153 0.135691 0.320506 0.144699 0.316686 
2.029 0.462786 0.288577 0.471733 0.26246 0.478515 0.238967 0.484102 0.215693 0.488541 0.189971 0.49139 0.165608 0.492905 0.141894 
0.971 0.123106 0.432393 0.139366 0.428645 0.153655 0.42475 0.167649 0.420366 0.182161 0.414441 0.195625 0.408169 0.208436 0.401519 
4.199 0.0854404 -0.0860293 0.0744765 -0.0895291 0.0644835 -0.092095 0.0549718 -0.0941123 0.0440399 -0.095798 0.033972 -0.096788 0.0239417 -0.0971097 
1.267 -0.0412546 0.248856 -0.0345948 0.254753 -0.0284945 0.25989 -0.0220767 0.264564 -0.014992 0.269162 -0.00812903 0.273136 -0.00123455 0.276861 
1.153 0.38403 0.346788 0.39535 0.326697 0.404573 0.308466 0.412907 0.290251 0.420359 0.269769 0.426555 0.250226 0.431483 0.230852 
4.191 0.0772223 -0.241487 0.0568508 -0.244134 0.0385744 -0.245541 0.0207622 -0.246095 0.00120026 -0.245528 -0.0169839 -0.244116 -0.0348965 -0.241629 
3.496 -0.154938 -0.0298726 -0.162567 -0.0189168 -0.168901 -0.00874314 -0.174467 0.00152358 -0.17996 0.0130615 -0.184493 0.0240143 -0.188485 0.0353594 
0.723 -0.346007 0.31871 -0.337365 0.345005 -0.328551 0.368243 -0.318642 0.390496 -0.306603 0.414043 -0.293977 0.43543 -0.280698 0.45607 
0.792 -0.364498 0.281044 -0.357447 0.30827 -0.350065 0.332332 -0.341604 0.355426 -0.331015 0.38 -0.319717 0.402493 -0.307691 0.424208 
4.086 0.260759 0.100247 0.260155 0.0860459 0.258902 0.0734472 0.257202 0.0613112 0.254436 0.0481537 0.251394 0.0359256 0.247556 0.024264 
3.561 -0.331626 -0.12712 -0.344882 -0.105562 -0.355785 -0.0857288 -0.365483 -0.0657822 -0.374823 -0.0435414 -0.382491 -0.0222478 -0.388937 -0.000677484 
4.109 0.29774 0.115998 0.297962 0.0998727 0.297393 0.0855994 0.296324 0.071648 0.294015 0.0564799 0.291208 0.0424265 0.28758 0.0288789 
3.762 -0.192604 -0.185331 -0.209184 -0.171908 -0.223457 -0.159085 -0.236713 -0.145973 -0.250406 -0.130922 -0.262447 -0.116079 -0.273574 -0.100769 
4.375 0.199123 -0.0339816 0.190918 -0.0444575 0.183079 -0.0533615 0.175159 -0.0616371 0.165856 -0.0701768 0.156795 -0.07767 0.147479 -0.0844293 
1.579 0.189536 0.239269 0.195607 0.230733 0.200573 0.222939 0.205244 0.215109 0.209606 0.206236 0.213284 0.197742 0.216426 0.189213 
1.277 -0.0570059 0.238584 -0.0508654 0.245328 -0.0451189 0.251251 -0.0392346 0.256684 -0.0325562 0.262162 -0.0259392 0.266962 -0.0193708 0.271457 
3.605 -0.300808 -0.14698 -0.315034 -0.127372 -0.32704 -0.109147 -0.337718 -0.0908257 -0.348376 -0.0701774 -0.357236 -0.0503744 -0.365023 -0.0301461 
4.168 0.248432 0.0920285 0.24737 0.0784828 0.245824 0.0665202 0.243798 0.0549227 0.240772 0.0424012 0.237212 0.0307542 0.233153 0.0196754 
0.817 -0.0857691 0.396096 -0.0721734 0.406122 -0.0596986 0.414584 -0.0469014 0.422322 -0.0327692 0.429728 -0.0189825 0.435932 -0.00524371 0.441526 
3.637 -0.296699 -0.22916 -0.316006 -0.20955 -0.332425 -0.191161 -0.347478 -0.172546 -0.362822 -0.151228 -0.376126 -0.130496 -0.388223 -0.109363 
3.969 -0.0796055 -0.147665 -0.0941012 -0.141 -0.106716 -0.13435 -0.118604 -0.127369 -0.131411 -0.118984 -0.14289 -0.110538 -0.153593 -0.101452 
2.324 0.471689 0.237214 0.477793 0.210925 0.481987 0.187419 0.485107 0.164162 0.486846 0.138774 0.487234 0.114775 0.486339 0.0913644 
4.211 0.238844 0.0749075 0.236951 0.0619826 0.234606 0.0505902 0.231957 0.0396343 0.228245 0.027846 0.224225 0.016928 0.219693 0.00659219 
1.274 0.101876 0.209821 0.105833 0.20732 0.109127 0.204842 0.112521 0.202344 0.115713 0.19945 0.11867 0.19648 0.121378 0.193625 
1.549 0.192275 0.220093 0.197311 0.2115 0.201354 0.203746 0.205082 0.195954 0.208465 0.186997 0.211292 0.178719 0.21354 0.170378 
4.41 0.21145 -0.0627448 0.201233 -0.073617 0.191648 -0.0827279 0.181977 -0.0912075 0.17078 -0.0999457 0.159989 -0.107497 0.148937 -0.114202 
4.59 0.29774 -0.155883 0.282141 -0.171951 0.267529 -0.185395 0.252824 -0.1979 0.235819 -0.210581 0.219435 -0.22152 0.202677 -0.231314 
4.055 -0.00701274 -0.0558965 -0.0159954 -0.0540676 -0.023958 -0.0520348 -0.0315884 -0.0496406 -0.0398933 -0.0466022 -0.047469 -0.0433521 -0.0548204 -0.0395732 
1.29 -0.0700178 0.262553 -0.0626273 0.269912 -0.0559036 0.276336 -0.0488616 0.282172 -0.0410039 0.288148 -0.0332705 0.293269 -0.0254743 0.298143 
4.594 0.294316 -0.116162 0.280724 -0.13182 0.267917 -0.145057 0.254944 -0.157419 0.239907 -0.17006 0.225324 -0.181113 0.21031 -0.191155 
0.733 -0.450103 0.315286 -0.441631 0.348307 -0.432769 0.377328 -0.422579 0.405486 -0.409833 0.435119 -0.396187 0.462526 -0.381497 0.488872 
1.479 0.155979 0.259814 0.163198 0.253329 0.169269 0.247323 0.175101 0.241149 0.180804 0.234049 0.185906 0.227089 0.190498 0.220146 
3.156 -0.356965 0.0776469 -0.358476 0.100712 -0.358916 0.121402 -0.358346 0.141647 -0.356559 0.163602 -0.353657 0.184086 -0.350091 0.204391 
4.25 0.199123 0.0769621 0.197384 0.0662349 0.195282 0.0567677 0.192916 0.0477057 0.189605 0.0378648 0.186106 0.0287792 0.182199 0.0202747 
4.008 -0.0426243 -0.0784961 -0.05319 -0.0743567 -0.0624031 -0.0701088 -0.0710909 -0.0655301 -0.0804241 -0.0599952 -0.0887598 -0.0543503 -0.0966535 -0.0481545 
0.76 -0.364498 0.29474 -0.356833 0.322039 -0.349051 0.346081 -0.340043 0.369325 -0.32892 0.393877 -0.317126 0.416421 -0.30454 0.438077 
1.214 0.314176 0.324873 0.324343 0.309137 0.332605 0.294765 0.340114 0.280306 0.347248 0.264103 0.353126 0.248476 0.35806 0.232965 
3.623 -0.280263 -0.129859 -0.293596 -0.111326 -0.304701 -0.0941119 -0.314658 -0.076837 -0.324518 -0.0574668 -0.332717 -0.0387361 -0.339841 -0.0198412 
1.254 -0.0193398 0.250226 -0.0127209 0.255126 -0.00666025 0.259221 -0.000439483 0.262952 0.00631585 0.26657 0.0129113 0.269501 0.0195567 0.272294 
1.383 0.328558 0.302958 0.338129 0.285696 0.345745 0.269988 0.352556 0.254318 0.358855 0.236729 0.363725 0.219939 0.36769 0.203505 
1.312 -0.0926174 0.23242 -0.0867654 0.241509 -0.0811852 0.24942 -0.0752493 0.256938 -0.0684155 0.264665 -0.0616359 0.27147 -0.0545881 0.278057 
0.698 -0.253554 0.383769 -0.24146 0.405167 -0.229827 0.42379 -0.217376 0.441441 -0.202907 0.459706 -0.188253 0.476103 -0.173125 0.491661 
1.059 0.399781 0.479647 0.418057 0.459224 0.433418 0.440329 0.447656 0.421132 0.461687 0.399332 0.473736 0.378158 0.484386 0.357026 
3.311 -0.233009 0.112574 -0.232077 0.127941 -0.230813 0.141635 -0.228852 0.154848 -0.226023 0.16916 -0.222571 0.182346 -0.218541 0.195401 
3.744 -0.204931 -0.173689 -0.220892 -0.159618 -0.234629 -0.146404 -0.2473 -0.132912 -0.260469 -0.117327 -0.271874 -0.102126 -0.282455 -0.0863529 
3.928 -0.112478 -0.0812354 -0.122888 -0.0727788 -0.131946 -0.0648336 -0.140176 -0.0566307 -0.149031 -0.0472232 -0.156671 -0.0379202 -0.163469 -0.0282285 
3.646 -0.279578 -0.202452 -0.297353 -0.184042 -0.312397 -0.166847 -0.326238 -0.149383 -0.340265 -0.129504 -0.352441 -0.110085 -0.36345 -0.0902403 
1.162 -0.252869 0.236529 -0.24631 0.254688 -0.239789 0.270619 -0.232528 0.286032 -0.223814 0.302127 -0.214696 0.316906 -0.205111 0.331093 
1.062 0.433338 0.413902 0.447957 0.391503 0.459788 0.371035 0.470699 0.350497 0.480819 0.327384 0.489207 0.305241 0.496155 0.283159 
0.801 -0.31382 0.289947 -0.306092 0.313979 -0.298355 0.335008 -0.289436 0.355389 -0.278676 0.376812 -0.267469 0.396361 -0.255475 0.415277 
4.566 0.27788 -0.0600055 0.267808 -0.074801 0.258149 -0.0876764 0.248244 -0.0996299 0.236521 -0.1122 0.225022 -0.123222 0.213141 -0.133343 
3.758 -0.191919 -0.167525 -0.207674 -0.154172 -0.221158 -0.141639 -0.233716 -0.128672 -0.246639 -0.113865 -0.257964 -0.0993728 -0.26845 -0.0842813 
3.1 0.297055 0.19133 0.301512 0.175378 0.304583 0.161003 0.306928 0.146786 0.308455 0.131184 0.309237 0.116467 0.309109 0.102129 
1.421 0.132694 0.263923 0.139983 0.25889 0.146182 0.254491 0.152196 0.249632 0.158172 0.243929 0.163602 0.238312 0.168531 0.232698 
1.703 -0.215203 0.231051 -0.208268 0.246308 -0.20159 0.259549 -0.194222 0.272325 -0.185503 0.285577 -0.176564 0.297555 -0.167382 0.309141 
0.75 -0.29122 0.31597 -0.282476 0.338839 -0.273736 0.358982 -0.264104 0.378334 -0.252522 0.398642 -0.240545 0.417106 -0.227893 0.434836 
3.668 -0.243967 -0.116162 -0.256495 -0.0997797 -0.267035 -0.0844802 -0.276493 -0.0691435 -0.28595 -0.0519031 -0.293862 -0.0351426 -0.300915 -0.0181432 
3.654 -0.280948 -0.222997 -0.299776 -0.204317 -0.31578 -0.186828 -0.330506 -0.169054 -0.345515 -0.148744 -0.358528 -0.129076 -0.370423 -0.108848 
3.398 0.434023 -0.032612 0.424685 -0.0564347 0.41531 -0.0772686 0.405322 -0.0971083 0.393042 -0.118139 0.380499 -0.137011 0.367229 -0.154957 
3.643 -0.26999 -0.157252 -0.284832 -0.139215 -0.297312 -0.122509 -0.308679 -0.105642 -0.320043 -0.0865296 -0.329669 -0.0681409 -0.338258 -0.0493035 
3.018 0.32034 0.196124 0.325489 0.178066 0.329164 0.161854 0.33211 0.145807 0.333999 0.128116 0.334888 0.111296 0.334784 0.094962 
3.686 -0.261772 -0.306547 -0.285549 -0.289083 -0.306129 -0.272384 -0.325318 -0.255096 -0.345214 -0.235123 -0.362911 -0.215416 -0.379346 -0.194889 
4.086 0.00668402 -0.118217 -0.00605198 -0.116987 -0.0174222 -0.115273 -0.0283128 -0.113053 -0.0401903 -0.10996 -0.0510659 -0.106532 -0.0616483 -0.102456 
3.988 -0.0659088 -0.12575 -0.0789549 -0.119827 -0.0904416 -0.113892 -0.101207 -0.107633 -0.112818 -0.100157 -0.12312 -0.092558 -0.132949 -0.0844351 
1.027 0.460731 0.476907 0.478878 0.452828 0.493553 0.430555 0.507159 0.408153 0.520309 0.382901 0.531377 0.358482 0.540741 0.334174 
3.691 -0.243967 -0.18807 -0.260869 -0.171601 -0.275318 -0.156171 -0.288634 -0.140463 -0.302251 -0.122451 -0.314027 -0.104939 -0.324766 -0.0869076 
1.824 -0.179592 0.205027 -0.174276 0.217852 -0.169126 0.229197 -0.163551 0.24003 -0.157088 0.251524 -0.150351 0.261968 -0.14335 0.272055 
3.67 -0.259033 -0.190809 -0.276111 -0.173491 -0.290705 -0.15735 -0.304116 -0.140995 -0.317684 -0.122141 -0.329526 -0.103924 -0.340301 -0.0851525 
3.621 -0.139186 -0.0257636 -0.146539 -0.0157596 -0.152727 -0.0064673 -0.158233 0.00286663 -0.163795 0.0133986 -0.168343 0.0234897 -0.172379 0.0338625 
0.688 -0.283687 0.38103 -0.271916 0.404487 -0.26048 0.424828 -0.248178 0.444204 -0.233815 0.464377 -0.219161 0.482568 -0.204015 0.49988 
3.766 -0.191234 -0.212724 -0.209473 -0.199427 -0.225218 -0.186636 -0.239878 -0.173564 -0.255142 -0.158463 -0.268633 -0.143421 -0.281216 -0.127905 
0.921 -0.181646 0.308437 -0.172163 0.323839 -0.163314 0.337174 -0.153757 0.349972 -0.142847 0.363103 -0.131669 0.374836 -0.120305 0.386006 
3.691 -0.233009 -0.147665 -0.247347 -0.131875 -0.259507 -0.117175 -0.270646 -0.102204 -0.281883 -0.0852318 -0.291496 -0.068766 -0.300244 -0.0519294 
4.012 -0.0392001 -0.0415149 -0.0475687 -0.0377868 -0.0549951 -0.0340344 -0.061837 -0.0300018 -0.0692213 -0.0251556 -0.0758069 -0.0202446 -0.0821298 -0.0149098 
4.32 0.172415 0.0427202 0.168627 0.033884 0.16478 0.0261355 0.160859 0.0188814 0.155937 0.011088 0.15101 0.00406572 0.14576 -0.00238983 
3.57 -0.330256 -0.142186 -0.344276 -0.12094 -0.355958 -0.101278 -0.366284 -0.0815038 -0.376473 -0.059305 -0.384787 -0.0381271 -0.391966 -0.0163118 
3.736 -0.217258 -0.234639 -0.236674 -0.219718 -0.253409 -0.205514 -0.268999 -0.190966 -0.285192 -0.174079 -0.299417 -0.157493 -0.312707 -0.140291 
3.652 -0.259033 -0.116162 -0.271464 -0.0990508 -0.281846 -0.0832355 -0.291153 -0.0673662 -0.300472 -0.0494179 -0.308189 -0.0321763 -0.315005 -0.014591 
3.736 -0.211779 -0.199712 -0.229151 -0.185313 -0.244056 -0.171656 -0.257936 -0.157576 -0.272208 -0.14151 -0.284775 -0.12577 -0.296388 -0.109399 
3.711 -0.228215 -0.181907 -0.24476 -0.166489 -0.258982 -0.151813 -0.272061 -0.136941 -0.285407 -0.119969 -0.297064 -0.103366 -0.307724 -0.0861889 
4.598 0.299795 -0.140816 0.284824 -0.156788 0.270758 -0.170158 0.256609 -0.182744 0.240206 -0.195415 0.224364 -0.206611 0.208188 -0.216496 
0.717 -0.300808 0.334461 -0.291285 0.358212 -0.281694 0.379148 -0.271242 0.39909 -0.258929 0.419938 -0.24606 0.438998 -0.232614 0.457218 
3.631 -0.302178 -0.282578 -0.324667 -0.262625 -0.34396 -0.243796 -0.361756 -0.224588 -0.38011 -0.202457 -0.396131 -0.180921 -0.410839 -0.15873 
3.682 -0.255609 -0.204506 -0.273395 -0.187308 -0.288526 -0.171271 -0.302519 -0.154839 -0.316809 -0.136098 -0.329171 -0.117828 -0.340455 -0.0990873 
4.301 0.159403 -0.0654842 0.149362 -0.0731843 0.140018 -0.0795902 0.130777 -0.0854932 0.120139 -0.0910613 0.110012 -0.096031 0.0997677 -0.100035 
3.576 -0.317244 -0.126435 -0.330311 -0.105785 -0.341101 -0.0867814 -0.350736 -0.0676421 -0.36005 -0.0462474 -0.367717 -0.0256725 -0.37429 -0.00489874 
4.422 0.219669 -0.0264484 0.211807 -0.0378934 0.204209 -0.0476817 0.196549 -0.0569065 0.187376 -0.0663462 0.178395 -0.0749383 0.169121 -0.0826437 
3.703 -0.237803 -0.207246 -0.255662 -0.191159 -0.270963 -0.175868 -0.285094 -0.160317 -0.299614 -0.142653 -0.312272 -0.125262 -0.323893 -0.107373 
1.462 -0.165895 0.269401 -0.156819 0.281789 -0.148344 0.292537 -0.139407 0.302569 -0.129189 0.312832 -0.119007 0.321933 -0.108592 0.330608 
0.721 -0.331626 0.324873 -0.322468 0.350463 -0.313376 0.373015 -0.303119 0.394503 -0.290813 0.417157 -0.277974 0.437759 -0.26448 0.457745 
0.818 0.14913 0.526216 0.169854 0.521904 0.187929 0.517195 0.205614 0.511838 0.224125 0.504658 0.241233 0.496962 0.257577 0.488766 
4.445 0.229256 -0.0627448 0.219224 -0.0746348 0.209694 -0.0848148 0.200102 -0.0942186 0.188833 -0.103784 0.177866 -0.112359 0.166657 -0.11994 
3.664 -0.256294 -0.153143 -0.270904 -0.136046 -0.283261 -0.120086 -0.294519 -0.103983 -0.305859 -0.0856366 -0.315487 -0.0679755 -0.324108 -0.0499175 
3.727 -0.230955 -0.292165 -0.254071 -0.276433 -0.273946 -0.261448 -0.292657 -0.245832 -0.31214 -0.227732 -0.329439 -0.209796 -0.345637 -0.191065 
3.666 -0.248076 -0.138762 -0.261866 -0.122257 -0.273527 -0.106916 -0.284063 -0.0914089 -0.294679 -0.0738704 -0.303754 -0.056921 -0.311828 -0.0395875 
3.443 0.403205 0.0297083 0.397782 0.007336 0.391805 -0.012119 0.385212 -0.0308732 0.376823 -0.0509652 0.367858 -0.0692643 0.358086 -0.0866525 
4.137 0.0470894 -0.0641145 0.037474 -0.0651915 0.0287246 -0.065469 0.0203292 -0.0654984 0.0110638 -0.0649716 0.00253837 -0.0639959 -0.00584696 -0.0625158 
4.164 0.0580468 -0.249021 0.0377389 -0.250475 0.0195396 -0.250839 0.00188112 -0.250404 -0.0175025 -0.248748 -0.035486 -0.246373 -0.0531406 -0.242887 
3.732 -0.188495 -0.0545268 -0.19744 -0.0413851 -0.204872 -0.0292688 -0.211499 -0.0171433 -0.21809 -0.00347339 -0.223527 0.0095792 -0.228149 0.0229425 
3.664 -0.276154 -0.236694 -0.29578 -0.218345 -0.312547 -0.201122 -0.328045 -0.183432 -0.343876 -0.163385 -0.3577 -0.143689 -0.370381 -0.123476 
3.85 -0.120696 -0.0196001 -0.127694 -0.0106644 -0.133606 -0.00235835 -0.138925 0.00601845 -0.144357 0.0154682 -0.148795 0.0245596 -0.152802 0.0339065 
4.371 0.195014 -0.12575 0.181476 -0.135408 0.16892 -0.143336 0.156359 -0.150628 0.142131 -0.157623 0.128506 -0.163685 0.114904 -0.168649 
1.46 0.125161 0.411848 0.140537 0.407864 0.153942 0.403685 0.16692 0.398957 0.180466 0.392808 0.193028 0.386382 0.20492 0.379544 
4.258 0.233365 0.0358718 0.229518 0.0230411 0.225305 0.0119196 0.220899 0.00120875 0.215181 -0.0101814 0.209249 -0.0205509 0.202885 -0.0302735 
3.912 -0.115217 -0.140816 -0.129176 -0.132357 -0.141307 -0.124168 -0.152573 -0.115651 -0.164403 -0.105644 -0.175012 -0.095745 -0.184981 -0.0851956 
1.521 0.146391 0.325558 0.157592 0.319134 0.167211 0.313203 0.176356 0.306899 0.185702 0.299442 0.194259 0.291873 0.202089 0.284325 
3.629 -0.245336 -0.0867141 -0.256291 -0.0703116 -0.265435 -0.0551459 -0.273474 -0.039879 -0.28139 -0.0227875 -0.287966 -0.00642282 -0.2936 0.0102594 
3.822 -0.16521 -0.264087 -0.18665 -0.252274 -0.205321 -0.240772 -0.222908 -0.22867 -0.24141 -0.214528 -0.257976 -0.200255 -0.273647 -0.185149 
4.188 0.078592 -0.0600055 0.0691792 -0.0631974 0.0605534 -0.0655345 0.0519993 -0.0674946 0.0426771 -0.0690334 0.0337265 -0.0700778 0.024957 -0.0704449 
4.375 0.198439 -0.0757567 0.18773 -0.0859024 0.177692 -0.0944156 0.167648 -0.102225 0.156037 -0.110069 0.144917 -0.116914 0.133539 -0.122807 
4.223 0.295686 0.089974 0.294534 0.0735331 0.292663 0.05907 0.290358 0.0450488 0.286642 0.0300233 0.282513 0.0160509 0.277592 0.00284464 
2.186 -0.434351 -0.215464 -0.453544 -0.186932 -0.46953 -0.16078 -0.483864 -0.134507 -0.497894 -0.104927 -0.509447 -0.0763805 -0.519489 -0.0475428 
4.395 0.217614 0.00162991 0.21168 -0.0101394 0.205774 -0.0202735 0.199782 -0.0298902 0.19237 -0.039991 0.185048 -0.0491384 0.177334 -0.0575641 
1.536 0.19433 0.199548 0.198081 0.19075 0.201072 0.182852 0.203722 0.175035 0.205985 0.166455 0.207676 0.157983 0.208938 0.149942 
4.074 0.000520477 -0.0819203 -0.0100163 -0.0803511 -0.019349 -0.0786178 -0.0283147 -0.0762403 -0.0380722 -0.0733397 -0.0470064 -0.0700952 -0.055668 -0.0663083 
3.322 -0.141241 0.100247 -0.140916 0.109975 -0.140302 0.118607 -0.139222 0.127051 -0.137633 0.136163 -0.135632 0.14465 -0.13334 0.152994 
3.605 -0.291905 -0.112053 -0.304174 -0.0928208 -0.314324 -0.0750528 -0.323309 -0.0573381 -0.332103 -0.0373488 -0.339238 -0.0183834 -0.345439 0.00101831 
3.689 -0.253554 -0.262033 -0.274739 -0.245034 -0.292941 -0.228878 -0.309916 -0.212209 -0.327382 -0.19292 -0.342773 -0.174 -0.356979 -0.154408 
3.914 -0.115902 -0.227791 -0.134751 -0.219138 -0.151288 -0.21057 -0.166882 -0.201455 -0.183432 -0.190534 -0.198345 -0.179514 -0.212485 -0.167757 
1.239 0.0594165 0.331037 0.0705321 0.33058 0.0801796 0.32976 0.0898237 0.3285 0.0999167 0.326572 0.10934 0.324162 0.118418 0.321568 
3.699 -0.247391 -0.221627 -0.266118 -0.20507 -0.282116 -0.18937 -0.296949 -0.173502 -0.312227 -0.155172 -0.325572 -0.137272 -0.337822 -0.118793 
0.711 -0.318614 0.332407 -0.309389 0.357144 -0.30003 0.378952 -0.289796 0.399796 -0.277457 0.421782 -0.264677 0.441698 -0.251179 0.460896 
1.974 0.3628 0.290631 0.371813 0.271059 0.378841 0.253436 0.385049 0.235874 0.390454 0.216331 0.394565 0.197725 0.397808 0.179406 
1.899 -0.197398 0.185166 -0.193432 0.199378 -0.189305 0.211945 -0.184602 0.223955 -0.178585 0.236839 -0.172259 0.248536 -0.165694 0.259767 
3.918 -0.117272 -0.0613752 -0.126594 -0.0527973 -0.134681 -0.0447019 -0.142057 -0.0364537 -0.149787 -0.0270026 -0.156401 -0.0178243 -0.162391 -0.00823319 
4.301 0.160088 -0.00179427 0.153719 -0.00986415 0.147654 -0.0167133 0.141545 -0.0231751 0.13426 -0.0297603 0.127111 -0.0356525 0.119853 -0.0408928 
3.793 -0.178907 -0.221627 -0.19767 -0.208816 -0.213911 -0.196554 -0.229083 -0.183797 -0.244885 -0.169126 -0.258936 -0.154524 -0.27207 -0.13924 
3.674 -0.238488 -0.102465 -0.250153 -0.086328 -0.25996 -0.0713483 -0.268677 -0.0563884 -0.277352 -0.0395932 -0.28454 -0.0234254 -0.290874 -0.00701236 
3.828 -0.159732 -0.306547 -0.183416 -0.295012 -0.204123 -0.283672 -0.22367 -0.271844 -0.244311 -0.257562 -0.262902 -0.243207 -0.280546 -0.227963 
2.572 0.21556 0.1927 0.219021 0.182754 0.221678 0.173859 0.224022 0.165015 0.225858 0.155236 0.227162 0.145947 0.227946 0.136879 
3.92 -0.111793 -0.156568 -0.126519 -0.14823 -0.139376 -0.140214 -0.151347 -0.131769 -0.164181 -0.121838 -0.175342 -0.111861 -0.186099 -0.101392 
3.986 0.246377 0.113943 0.246287 0.100579 0.245571 0.0887558 0.244519 0.0772446 0.242369 0.0647635 0.239909 0.0531871 0.236836 0.0421191 
1.189 -0.0166005 0.36117 -0.00367424 0.365734 0.00796993 0.369428 0.0197231 0.372326 0.0324792 0.374722 0.0446835 0.376271 0.0566374 0.377292 
1.428 0.188851 0.161197 0.190495 0.152722 0.191573 0.145145 0.192424 0.137655 0.192652 0.129414 0.192566 0.121551 0.192035 0.114025 
3.785 -0.18781 -0.273675 -0.209875 -0.260416 -0.228971 -0.247537 -0.246905 -0.234312 -0.265752 -0.218634 -0.282604 -0.203023 -0.298416 -0.186507 
4.508 0.255965 -0.117532 0.242442 -0.130899 0.229778 -0.14229 0.217066 -0.152717 0.202368 -0.163356 0.188174 -0.172468 0.173707 -0.180597 
1.088 0.371018 0.391303 0.384684 0.372822 0.395797 0.355783 0.405817 0.338496 0.415209 0.319001 0.423246 0.300305 0.430082 0.281653 
3.967 -0.0789207 -0.0853445 -0.0897717 -0.0787438 -0.099236 -0.0723629 -0.108085 -0.0657289 -0.117468 -0.0579484 -0.125841 -0.0502119 -0.133637 -0.0420005 
1.583 0.193645 0.261183 0.201124 0.251998 0.207251 0.243634 0.213046 0.235167 0.218513 0.225572 0.223292 0.216371 0.22748 0.207344 
3.898 -0.126174 -0.114792 -0.138623 -0.105716 -0.149391 -0.0969804 -0.159348 -0.088072 -0.169708 -0.0776801 -0.179013 -0.067485 -0.187566 -0.0568251 
1.267 0.102561 0.194069 0.105561 0.191516 0.108079 0.188992 0.110609 0.18643 0.113019 0.183708 0.115174 0.180835 0.117052 0.178077 
4.32 0.167621 -0.196288 0.149605 -0.20413 0.133183 -0.210267 0.117092 -0.215535 0.0990038 -0.220271 0.0819673 -0.22378 0.0649613 -0.226193 
1.318 -0.0960416 0.247487 -0.0892901 0.256595 -0.0829895 0.264441 -0.0764245 0.27184 -0.0688566 0.279444 -0.0611799 0.286191 -0.0534576 0.292564 
1.566 0.202548 0.187221 0.205491 0.177951 0.207737 0.169696 0.209633 0.161487 0.211016 0.152442 0.211997 0.143955 0.212427 0.135544 
3.793 -0.183016 -0.311341 -0.207141 -0.298365 -0.228023 -0.285799 -0.247773 -0.272615 -0.268583 -0.257054 -0.287223 -0.241368 -0.304896 -0.224987 
3.725 -0.223421 -0.218888 -0.242049 -0.203543 -0.258004 -0.189137 -0.272846 -0.174369 -0.288118 -0.157344 -0.301624 -0.140621 -0.314087 -0.123237 
3.484 -0.328202 -0.112738 -0.340693 -0.0914678 -0.350975 -0.0719035 -0.360046 -0.0524081 -0.368836 -0.0304294 -0.375805 -0.00958919 -0.381797 0.0115209 
0.703 -0.356965 0.328297 -0.347775 0.355297 -0.338665 0.378975 -0.328416 0.401864 -0.31588 0.425847 -0.302932 0.447782 -0.289025 0.468865 
3.52 -0.266566 -0.0942474 -0.277842 -0.0767332 -0.287222 -0.0605406 -0.295564 -0.0443384 -0.303745 -0.0261285 -0.310402 -0.00871191 -0.316163 0.00895284 
4.219 0.103931 -0.0312423 0.0959478 -0.0356513 0.0885746 -0.0391125 0.0814637 -0.0422152 0.0733019 -0.0451275 0.0656536 -0.0474335 0.0578974 -0.0492223 
4.156 0.0621559 -0.011382 0.0555905 -0.0136141 0.0495567 -0.015158 0.0437552 -0.0164472 0.0371622 -0.0174402 0.0310192 -0.0181839 0.0249136 -0.018453 
3.822 -0.163841 -0.291481 -0.186714 -0.279669 -0.206661 -0.268137 -0.225469 -0.256088 -0.245278 -0.241635 -0.263106 -0.227181 -0.279986 -0.211838 
3.74 -0.217943 -0.281893 -0.240497 -0.266918 -0.26002 -0.252528 -0.278288 -0.237587 -0.297359 -0.220277 -0.314317 -0.20305 -0.330247 -0.185018 
1.344 0.08681 0.352267 0.0989957 0.350274 0.109724 0.348129 0.120171 0.345498 0.131297 0.341932 0.141653 0.338007 0.151577 0.333913 
3.871 0.266922 0.131064 0.268136 0.116548 0.268592 0.103672 0.268532 0.0909983 0.267447 0.077296 0.26594 0.064312 0.263644 0.0519939 
4.312 0.165566 -0.0189152 0.158538 -0.0272652 0.151859 -0.0342882 0.145148 -0.0408551 0.137198 -0.0475373 0.129533 -0.0534573 0.121633 -0.0586706 
3.188 0.447035 0.0913437 0.444999 0.0662946 0.441994 0.0440815 0.438256 0.0225289 0.432582 -0.000413105 0.426279 -0.021789 0.418748 -0.0421631 
3.541 -0.306972 -0.108629 -0.319245 -0.0884031 -0.32936 -0.069927 -0.338266 -0.0513208 -0.346963 -0.0305535 -0.353936 -0.0106416 -0.359935 0.00949263 
3.756 -0.208355 -0.306547 -0.232045 -0.29225 -0.252591 -0.278463 -0.271975 -0.263986 -0.292265 -0.247106 -0.310375 -0.230272 -0.327458 -0.21261 
3.756 -0.204246 -0.225051 -0.223264 -0.210812 -0.239676 -0.197274 -0.254971 -0.183434 -0.270878 -0.167251 -0.284859 -0.151442 -0.297936 -0.135108 
2.797 0.389508 0.211875 0.394031 0.190556 0.396881 0.171362 0.399123 0.152586 0.400091 0.13197 0.400164 0.112756 0.399177 0.0939024 
1.059 0.392248 0.462526 0.409652 0.442278 0.424113 0.423703 0.437473 0.404738 0.450513 0.383339 0.461725 0.362463 0.471523 0.341628 
4.027 -0.0234488 -0.0168607 -0.0301554 -0.0139134 -0.0360652 -0.0110057 -0.0415626 -0.00791823 -0.0475228 -0.00416558 -0.0528182 -0.000402738 -0.0579136 0.00380498 
3.639 -0.276154 -0.112053 -0.288366 -0.0938086 -0.298543 -0.0769848 -0.307614 -0.0601279 -0.316535 -0.0411651 -0.323871 -0.0229674 -0.330219 -0.00460669 
1.257 -0.0289275 0.281729 -0.020649 0.286854 -0.0131252 0.291152 -0.00540472 0.295025 0.00302462 0.298692 0.0112611 0.301718 0.0194245 0.304411 
3.939 -0.103575 -0.10315 -0.115272 -0.0952584 -0.125383 -0.0876519 -0.134717 -0.0797541 -0.144701 -0.0706261 -0.153437 -0.06159 -0.161656 -0.0520746 
4.078 0.163512 0.0844953 0.162185 0.0760288 0.1606 0.0686603 0.158762 0.061515 0.156166 0.053884 0.153547 0.0468413 0.150417 0.0402667 
3.709 -0.237803 -0.232585 -0.257145 -0.216358 -0.273729 -0.200952 -0.289115 -0.185254 -0.305016 -0.167185 -0.318884 -0.149487 -0.331711 -0.131187 
1.332 -0.119326 0.246117 -0.112686 0.256403 -0.1063 0.265429 -0.0995628 0.273778 -0.0917599 0.2826 -0.0838797 0.290271 -0.0759084 0.297736 
0.936 0.127215 0.44609 0.144135 0.442441 0.158956 0.438476 0.173318 0.433959 0.188551 0.428166 0.202553 0.42175 0.215955 0.415164 
1.05 0.406629 0.459101 0.423766 0.438231 0.438017 0.419014 0.451101 0.399548 0.463897 0.377534 0.474769 0.356217 0.484403 0.334919 
1.395 -0.393261 0.224202 -0.387543 0.250563 -0.38136 0.273935 -0.374083 0.296544 -0.364827 0.320606 -0.354807 0.34272 -0.343954 0.364136 
4.285 0.1505 -0.0490481 0.141319 -0.0565258 0.132696 -0.062686 0.124117 -0.0683151 0.114302 -0.0738706 0.104926 -0.078722 0.0954212 -0.082745 
4.301 0.160088 -0.179852 0.143139 -0.187497 0.127661 -0.193464 0.112466 -0.198654 0.0954005 -0.203308 0.0792857 -0.206894 0.0631825 -0.209393 
4.27 0.140227 0.00984797 0.134661 0.00291085 0.129328 -0.00290199 0.123983 -0.00843119 0.117594 -0.0140267 0.111457 -0.019015 0.105026 -0.0236164 
4.473 0.242268 -0.015491 0.235164 -0.0285193 0.22816 -0.0396738 0.220938 -0.0502303 0.21219 -0.0613423 0.203633 -0.0712583 0.194594 -0.0803478 
1.358 0.112149 0.261183 0.11914 0.258069 0.125308 0.254909 0.131061 0.251708 0.13732 0.247584 0.142923 0.243486 0.148021 0.239419 
4.422 0.223093 -0.011382 0.21608 -0.0231491 0.209221 -0.0332146 0.202311 -0.0428038 0.193812 -0.052824 0.185621 -0.0617528 0.176848 -0.0699167 
0.917 -0.250815 0.27762 -0.243145 0.297121 -0.235562 0.314143 -0.227334 0.330317 -0.217424 0.347452 -0.207058 0.362995 -0.196244 0.377935 
4.172 0.0703739 -0.0798658 0.0596994 -0.0825538 0.0500435 -0.084398 0.0406405 -0.0858 0.0300906 -0.0867751 0.0203632 -0.0871048 0.010619 -0.086829 
3.936 -0.0994658 -0.134653 -0.11306 -0.126968 -0.124953 -0.119479 -0.136093 -0.111681 -0.148073 -0.102482 -0.158739 -0.0932778 -0.168983 -0.0835254 
3.135 0.451829 0.130379 0.452001 0.104933 0.451008 0.0822669 0.44917 0.0602563 0.445339 0.0364045 0.440684 0.0143823 0.434929 -0.00667788 
4.191 0.0758526 -0.166155 0.0598303 -0.168601 0.0454419 -0.169983 0.0314123 -0.170781 0.0159723 -0.170759 0.00161683 -0.169929 -0.0125199 -0.168245 
1.011 0.526476 0.476907 0.544361 0.448681 0.558904 0.423029 0.571928 0.39713 0.58431 0.36817 0.594575 0.340314 0.603028 0.312822 
1.019 0.468949 0.520737 0.488627 0.496826 0.504825 0.474647 0.519888 0.452396 0.534448 0.427112 0.547113 0.402759 0.558087 0.378278 
1.234 0.0751678 0.287207 0.0839927 0.286056 0.0917065 0.28466 0.0993204 0.282937 0.107183 0.280474 0.114584 0.277753 0.121717 0.274845 
3.822 -0.161101 -0.277784 -0.183175 -0.266178 -0.202426 -0.254864 -0.220547 -0.242942 -0.23969 -0.228812 -0.256838 -0.214639 -0.273137 -0.199766 
4.18 0.0792768 -0.011382 0.0726242 -0.0144484 0.06647 -0.016845 0.0605281 -0.0189379 0.053811 -0.0208112 0.0474454 -0.0222906 0.0411555 -0.023274 
4.105 0.027914 0.0050541 0.0219359 0.005089 0.0165955 0.00539489 0.0114936 0.00592699 0.00577773 0.00687061 0.000594169 0.00802778 -0.00457062 0.00958505 
3.947 -0.0974113 -0.0880838 -0.108313 -0.0805281 -0.117836 -0.0733133 -0.126632 -0.0658508 -0.135884 -0.0571601 -0.144048 -0.0485888 -0.151842 -0.0395656 
4.273 0.142967 -0.0606903 0.133168 -0.067652 0.124066 -0.0732983 0.115122 -0.0783827 0.10487 -0.0834309 0.09512 -0.0877012 0.0852019 -0.0911541 
4.289 0.147761 -0.143556 0.132988 -0.150525 0.119507 -0.155862 0.106257 -0.160651 0.0914164 -0.164928 0.0772754 -0.168334 0.063193 -0.170641 
4.375 0.198439 -0.144241 0.18377 -0.15413 0.170215 -0.162201 0.156818 -0.169402 0.141552 -0.176387 0.127012 -0.182281 0.112413 -0.187118 
2.506 -0.261088 0.1701 -0.257658 0.18797 -0.25395 0.203749 -0.249602 0.219182 -0.243894 0.235587 -0.237623 0.250729 -0.230831 0.265447 
0.845 -0.235749 0.311177 -0.226511 0.329773 -0.217632 0.346044 -0.207984 0.361549 -0.196695 0.377725 -0.185175 0.392302 -0.17321 0.40623 
4.578 0.283358 -0.0798658 0.272085 -0.0949518 0.261373 -0.107889 0.250451 -0.120125 0.237587 -0.132443 0.225005 -0.143654 0.212076 -0.153624 
4.363 0.189536 -0.109999 0.176563 -0.119516 0.16458 -0.127378 0.152695 -0.134511 0.139089 -0.141511 0.126067 -0.147464 0.112922 -0.152504 
1.277 0.114888 0.157088 0.115876 0.153983 0.116534 0.151186 0.117196 0.148436 0.117506 0.145291 0.117702 0.142336 0.117698 0.139601 
4.277 0.1505 -0.087399 0.139449 -0.094932 0.129174 -0.100878 0.119061 -0.106346 0.107535 -0.111517 0.096552 -0.115866 0.0855066 -0.119372 
1.404 0.134064 0.248856 0.140566 0.243949 0.146073 0.239578 0.151388 0.234968 0.156618 0.22968 0.161369 0.22437 0.165764 0.219178 
4.406 0.21419 -0.137392 0.199883 -0.148121 0.186604 -0.157087 0.173379 -0.16521 0.158381 -0.173175 0.143992 -0.179915 0.129461 -0.185609 
1.297 0.133379 0.14887 0.133933 0.144461 0.13417 0.140527 0.134385 0.136642 0.134221 0.132408 0.133885 0.128357 0.133285 0.124569 
4.023 -0.0337214 -0.0894535 -0.0445829 -0.0859727 -0.0541476 -0.0823252 -0.0631959 -0.0783415 -0.0729579 -0.0734186 -0.0818304 -0.0683231 -0.0903463 -0.0625913 
0.972 -0.16658 0.298165 -0.157801 0.312342 -0.149547 0.324628 -0.140564 0.336313 -0.130261 0.348392 -0.119803 0.359178 -0.109195 0.369446 
1.331 -0.112478 0.227626 -0.106791 0.237605 -0.10143 0.24634 -0.0956427 0.254559 -0.0889575 0.2631 -0.0820378 0.270735 -0.0749463 0.278107 
3.068 0.529215 0.0516231 0.524246 0.022073 0.518445 -0.00378036 0.511729 -0.0288248 0.50263 -0.0555662 0.492785 -0.0801975 0.48192 -0.103666 
1.291 0.314861 0.300219 0.324128 0.283919 0.331663 0.269108 0.338398 0.254269 0.344405 0.237594 0.349398 0.221815 0.353448 0.20617 
3.734 -0.222052 -0.318874 -0.246476 -0.303628 -0.267587 -0.289036 -0.287438 -0.273795 -0.30826 -0.255869 -0.326797 -0.238183 -0.344236 -0.219666 
4.234 0.10941 -0.0894535 0.0979875 -0.0940899 0.0876833 -0.0976277 0.0774036 -0.100705 0.0660374 -0.103306 0.0552394 -0.105237 0.0445297 -0.106359 
1.287 -0.0707026 0.27625 -0.0625494 0.283857 -0.0548688 0.290412 -0.0469233 0.296456 -0.0381354 0.302425 -0.0294227 0.307595 -0.0208157 0.312373 
4.469 0.242268 -0.150404 0.227231 -0.163176 0.213185 -0.173703 0.199212 -0.183299 0.183138 -0.192794 0.167779 -0.201142 0.152183 -0.208253 
1.328 -0.12549 0.265292 -0.117618 0.275968 -0.110195 0.28523 -0.102363 0.29386 -0.0934266 0.302653 -0.0845964 0.310531 -0.0754831 0.317953 
4.352 0.184057 -0.0483632 0.175208 -0.0579174 0.166906 -0.0660899 0.158606 -0.0735365 0.148823 -0.0811433 0.139356 -0.0878773 0.129794 -0.0937795 
4.34 0.179948 -0.032612 0.171723 -0.041892 0.163865 -0.049732 0.156016 -0.0570068 0.146746 -0.0645136 0.137821 -0.0711529 0.128675 -0.0769535 
3.182 0.460731 0.0673743 0.457067 0.0415895 0.452492 0.0189351 0.447205 -0.00308069 0.439787 -0.026629 0.431832 -0.0484163 0.422816 -0.0691385 
1.215 0.0464046 0.263238 0.0535699 0.264054 0.059978 0.26457 0.0664462 0.264752 0.0732537 0.264459 0.0798444 0.263728 0.0861036 0.263019 
4.387 0.206657 -0.0120668 0.199541 -0.0229495 0.192645 -0.0322551 0.185644 -0.041064 0.177235 -0.0501669 0.169037 -0.0583638 0.160474 -0.0657132 
3.953 0.291576 0.131749 0.292753 0.11535 0.293 0.100798 0.292678 0.0866402 0.291145 0.0710859 0.289081 0.0566903 0.28603 0.0427917 
4.141 0.0676346 0.0639501 0.0655934 0.0611929 0.0636001 0.0588686 0.0617196 0.056653 0.0593345 0.0542572 0.0570404 0.0522021 0.0548055 0.0504437 
1.379 0.138858 0.209821 0.143019 0.204962 0.146529 0.200326 0.149677 0.195677 0.152756 0.190337 0.155454 0.185246 0.15775 0.180206 
2.18 -0.440515 -0.199712 -0.458651 -0.17109 -0.473821 -0.144589 -0.487245 -0.118064 -0.500346 -0.0881818 -0.510994 -0.0595918 -0.520112 -0.0307058 
3.393 0.385399 0.094083 0.383812 0.0725514 0.381272 0.0537267 0.378283 0.0353139 0.373461 0.0154529 0.368076 -0.00288273 0.361807 -0.0203637 
4.422 0.214875 -0.0428845 0.205985 -0.0540184 0.19748 -0.0634154 0.188956 -0.0723278 0.17888 -0.0815172 0.169044 -0.0895823 0.158981 -0.0972132 
4.066 0.00668402 -0.011382 0.000361514 -0.0103016 -0.00522812 -0.00901951 -0.0105738 -0.00752958 -0.0164221 -0.00548251 -0.0216896 -0.00335481 -0.0269271 -0.000772494 
4.102 0.0265443 -0.0524723 0.0175123 -0.0524011 0.00950375 -0.051908 0.00170448 -0.0510362 -0.00681026 -0.04963 -0.0146709 -0.047984 -0.0223308 -0.0456717 
3.582 -0.339159 -0.176428 -0.355315 -0.154164 -0.368793 -0.133661 -0.380889 -0.1131 -0.392877 -0.0899581 -0.402917 -0.0676225 -0.411749 -0.0449343 
1.329 -0.110423 0.257074 -0.102958 0.267096 -0.0961561 0.27575 -0.0888007 0.283902 -0.0805498 0.292204 -0.0722437 0.299533 -0.0639941 0.306538 
1.522 0.214875 0.274195 0.222964 0.263691 0.229616 0.254112 0.235905 0.244521 0.241699 0.233463 0.246984 0.223022 0.25149 0.212644 
3.113 0.460731 0.141337 0.461502 0.115222 0.46092 0.092136 0.459468 0.0694951 0.45618 0.0452552 0.452099 0.0224382 0.446784 0.000725421 
0.859 -0.0933023 0.374182 -0.0806718 0.384438 -0.0691263 0.393085 -0.057302 0.401044 -0.0442591 0.408783 -0.0313781 0.415392 -0.0185901 0.421448 
1.283 -0.0378304 0.21119 -0.0333185 0.217022 -0.0292955 0.222105 -0.024976 0.226799 -0.0199896 0.231646 -0.0153434 0.236002 -0.0102594 0.240144 
4.465 0.238159 -0.102465 0.225582 -0.114796 0.213768 -0.125042 0.201938 -0.134634 0.188258 -0.14412 0.175035 -0.152641 0.161615 -0.159978 
3.443 -0.282317 -0.0997261 -0.293986 -0.0811521 -0.303711 -0.0640496 -0.312272 -0.0468777 -0.320691 -0.0274825 -0.327476 -0.00904029 -0.333288 0.00959391 
4.316 0.172415 0.022175 0.167421 0.0132345 0.162491 0.0055126 0.157485 -0.00167628 0.151392 -0.0093491 0.145241 -0.0162157 0.138909 -0.0224203 
4.293 0.155979 0.0160115 0.150704 0.00807656 0.145525 0.00130643 0.140295 -0.00507304 0.134054 -0.0117147 0.127947 -0.0176589 0.121506 -0.0230461 
1.293 0.243638 0.415957 0.259615 0.404066 0.2733 0.392816 0.286216 0.381238 0.299328 0.367731 0.311037 0.354383 0.321825 0.340958 
3.111 0.444295 0.1701 0.44689 0.144956 0.448019 0.122514 0.448214 0.100662 0.446752 0.0767569 0.444221 0.054546 0.440635 0.0330082 
1.354 -0.117956 0.189275 -0.114516 0.199489 -0.11119 0.208722 -0.107252 0.217454 -0.102637 0.226646 -0.0977171 0.23518 -0.0925464 0.243267 
3.941 -0.10289 -0.0606903 -0.112101 -0.0528933 -0.120096 -0.0454832 -0.127343 -0.0378914 -0.13489 -0.029216 -0.141397 -0.0206968 -0.147604 -0.0118378 
1.031 0.445665 0.489234 0.463876 0.466384 0.479093 0.445435 0.493081 0.424335 0.506501 0.400228 0.518042 0.376936 0.528131 0.353774 
3.182 0.328558 0.181057 0.332554 0.162449 0.335237 0.145773 0.337187 0.129423 0.337972 0.111512 0.337905 0.0946783 0.336825 0.0783799 
3.928 -0.0926174 -0.0120668 -0.098914 -0.0049341 -0.104271 0.00172572 -0.109068 0.00851361 -0.113983 0.0161381 -0.118193 0.023507 -0.122017 0.0311805 
3.232 0.42238 0.121477 0.422294 0.0978581 0.421188 0.07681 0.419093 0.0562145 0.415386 0.0341812 0.410831 0.0136775 0.405238 -0.00606995 
1.141 0.354582 0.355691 0.366005 0.337887 0.375483 0.321715 0.38394 0.305377 0.391993 0.28709 0.398675 0.26957 0.404273 0.252143 
1.131 0.427174 0.361855 0.43896 0.33949 0.448339 0.319184 0.456778 0.298962 0.464404 0.276389 0.47059 0.254818 0.475491 0.233495 
1.08 0.00120531 0.368018 0.0143743 0.371557 0.0261588 0.374224 0.0379327 0.37628 0.0506793 0.377718 0.0628103 0.378383 0.0747363 0.378644 
3.033 0.455938 0.200918 0.460167 0.175086 0.462742 0.152073 0.464353 0.129389 0.464403 0.104846 0.46334 0.0816852 0.461035 0.0592765 
1.427 0.236789 0.294056 0.245703 0.282614 0.253138 0.272165 0.260011 0.2615 0.266623 0.24953 0.272244 0.23793 0.277075 0.226452 
4.293 0.318285 0.0906588 0.317126 0.0730067 0.315277 0.0574416 0.312818 0.0422947 0.309043 0.0260016 0.304643 0.0108012 0.299501 -0.00366587 
1.386 0.136803 0.228311 0.142054 0.223225 0.14656 0.218563 0.150723 0.213779 0.154756 0.208289 0.158391 0.20309 0.16155 0.197718 
1.525 0.233365 0.25365 0.241115 0.241021 0.247209 0.229514 0.252895 0.218064 0.258232 0.205203 0.262659 0.192938 0.266296 0.180762 
1.311 -0.0850842 0.257759 -0.0778586 0.266164 -0.0713207 0.273384 -0.064381 0.280156 -0.056634 0.287026 -0.0488894 0.293066 -0.0409541 0.29884 
1.332 0.279934 0.292001 0.288806 0.277854 0.296063 0.264945 0.302616 0.251983 0.308689 0.237525 0.313656 0.223513 0.317858 0.209734 
1.553 0.161457 0.29611 0.17112 0.288801 0.17921 0.28215 0.18704 0.27525 0.194791 0.267183 0.201696 0.259347 0.207993 0.251281 
4.43 0.223778 -0.117532 0.210272 -0.128539 0.197637 -0.137613 0.185145 -0.146063 0.170787 -0.154318 0.157068 -0.161427 0.143148 -0.167489 
1.297 0.237474 0.431708 0.254418 0.419923 0.268842 0.408778 0.282448 0.39722 0.296504 0.383753 0.308891 0.370321 0.320478 0.356746 
3.568 -0.343953 -0.161361 -0.359157 -0.138802 -0.371747 -0.118356 -0.382976 -0.0977273 -0.393943 -0.0746034 -0.403087 -0.0522983 -0.411076 -0.0295695 
4.023 -0.0282427 -0.0332968 -0.0361845 -0.029966 -0.0431969 -0.0265637 -0.0497793 -0.0229515 -0.0569317 -0.0186407 -0.0633278 -0.0142641 -0.0693342 -0.0093983 
4.012 -0.0385153 -0.0572661 -0.047543 -0.0532171 -0.0555113 -0.0491379 -0.0629843 -0.0447859 -0.0710098 -0.0395858 -0.0781831 -0.0343245 -0.0850337 -0.0286203 
1.634 -0.261088 0.207081 -0.255433 0.224972 -0.249715 0.240679 -0.243262 0.255868 -0.235478 0.271844 -0.227278 0.286484 -0.218534 0.300612 
1.43 0.183372 0.176948 0.185801 0.169038 0.187513 0.161991 0.189066 0.155181 0.19002 0.147494 0.190635 0.140184 0.190802 0.133095 
0.733 0.0601014 0.50704 0.07975 0.508441 0.0971628 0.508986 0.114357 0.508639 0.132765 0.507004 0.150071 0.504621 0.166824 0.50146 
1.919 -0.180962 0.172839 -0.177964 0.186137 -0.17429 0.197816 -0.170319 0.209141 -0.165036 0.221007 -0.15945 0.231902 -0.153284 0.242474 
4.074 0.00873853 -0.0504178 0.000232522 -0.0493739 -0.00760257 -0.0480723 -0.0153011 -0.0465162 -0.0233112 -0.0441779 -0.0309648 -0.0416998 -0.0384822 -0.0386909 
4.586 0.287467 -0.103835 0.27485 -0.119244 0.262891 -0.132333 0.250751 -0.144598 0.236587 -0.157218 0.222843 -0.168327 0.208654 -0.178202 
4.297 0.154609 -0.16547 0.138608 -0.172918 0.123856 -0.178482 0.109507 -0.183606 0.0933592 -0.188062 0.0780773 -0.191565 0.0628141 -0.194076 
3.955 -0.0891933 -0.109314 -0.101358 -0.102184 -0.111994 -0.0952823 -0.121884 -0.0880496 -0.132669 -0.0796212 -0.142039 -0.0711623 -0.150893 -0.0622004 
1.536 0.19433 0.335146 0.206133 0.326058 0.216213 0.317447 0.225915 0.308728 0.235349 0.298444 0.243955 0.288298 0.251889 0.278092 
1.298 -0.0768662 0.23242 -0.0710099 0.240454 -0.0654904 0.247458 -0.0598121 0.25395 -0.0533399 0.260649 -0.0466356 0.266538 -0.0399838 0.272264 
1.588 0.163512 0.31597 0.174161 0.309171 0.183288 0.302636 0.192152 0.295729 0.20111 0.287681 0.209129 0.279481 0.216584 0.271276 
1.287 0.236789 0.44609 0.25435 0.434307 0.26945 0.423208 0.283725 0.411828 0.298374 0.398366 0.311524 0.385095 0.323656 0.371345 
1.428 0.123791 0.305013 0.13374 0.300331 0.142127 0.296199 0.150405 0.291374 0.15881 0.285854 0.166525 0.280153 0.173869 0.274274 
2.182 -0.409697 -0.281893 -0.432738 -0.25484 -0.452166 -0.229977 -0.469867 -0.204972 -0.487769 -0.17665 -0.503046 -0.149645 -0.516904 -0.121435 
1.064 0.38403 0.483071 0.402674 0.463324 0.418259 0.445086 0.432707 0.42652 0.446982 0.405151 0.459377 0.38446 0.470326 0.363682 
1.289 -0.0535817 0.217354 -0.0486733 0.22388 -0.0444397 0.229719 -0.0396642 0.23518 -0.0343932 0.240614 -0.0290377 0.245586 -0.0236871 0.25035 
4.441 0.227202 -0.132598 0.212899 -0.143875 0.199701 -0.153245 0.186524 -0.161843 0.171472 -0.170291 0.157098 -0.177514 0.142571 -0.183884 
4.5 0.25391 -0.0613752 0.243918 -0.0746699 0.234424 -0.0863599 0.224824 -0.0971147 0.213425 -0.108183 0.202314 -0.118096 0.190787 -0.127013 
4.18 0.0703739 -0.221627 0.0512641 -0.223696 0.0341941 -0.224642 0.0175262 -0.224827 -0.00062131 -0.223886 -0.0176044 -0.222283 -0.0342959 -0.21957 
3.379 0.405944 0.0488837 0.401586 0.0263424 0.396625 0.00661375 0.391089 -0.0124212 0.383623 -0.0328473 0.375639 -0.0515411 0.366932 -0.0693503 
1.268 -0.043994 0.276935 -0.0356958 0.282894 -0.0280441 0.288035 -0.0202245 0.292626 -0.0117672 0.297048 -0.00364895 0.300705 0.00443008 0.304062 
3.961 -0.0837146 -0.128489 -0.0971579 -0.121809 -0.108898 -0.115172 -0.11987 -0.108183 -0.131542 -0.0998888 -0.141941 -0.0915241 -0.151773 -0.0825601 
1.331 -0.106314 0.202287 -0.102373 0.212105 -0.0983564 0.220626 -0.0939082 0.229019 -0.0887231 0.237545 -0.0833635 0.245218 -0.0775372 0.252609 
4.035 -0.0350911 -0.192864 -0.0520355 -0.188835 -0.0670936 -0.184503 -0.0813502 -0.179555 -0.09675 -0.173301 -0.110832 -0.166722 -0.124317 -0.159332 
4.227 0.253226 0.0742227 0.25123 0.0604832 0.248913 0.0485071 0.24622 0.0368444 0.242278 0.0243291 0.237997 0.0127342 0.233064 0.00189321 
3.93 0.117628 0.0968224 0.117046 0.0913719 0.116336 0.0866431 0.115378 0.0820326 0.11414 0.0770786 0.112882 0.0724313 0.111173 0.0680985 
4.223 0.21145 0.0173812 0.206241 0.00582872 0.200982 -0.00397419 0.195556 -0.0133049 0.188861 -0.023277 0.18219 -0.0320425 0.175053 -0.0398722 
1.249 0.0833858 0.267347 0.0908849 0.265793 0.0972955 0.264301 0.103636 0.262341 0.110249 0.259913 0.116304 0.257233 0.12206 0.254491 
1.219 0.0731133 0.243378 0.0793379 0.241939 0.0846277 0.240727 0.0898771 0.23931 0.0952549 0.237302 0.10023 0.235424 0.104955 0.233421 
3.896 -0.117956 -0.272305 -0.139598 -0.2633 -0.158637 -0.254347 -0.176747 -0.244909 -0.195907 -0.23343 -0.213407 -0.221778 -0.229933 -0.209136 
1.262 0.355266 0.313916 0.365132 0.29518 0.373086 0.278381 0.380158 0.261516 0.386636 0.242822 0.391791 0.224881 0.395894 0.207188 
1.121 -0.241912 0.248856 -0.23427 0.266104 -0.226894 0.281216 -0.218938 0.295695 -0.209388 0.310775 -0.199632 0.324499 -0.189336 0.33758 
4.191 0.0854404 -0.04083 0.0768493 -0.0444325 0.0691974 -0.0470872 0.061632 -0.0493567 0.0531764 -0.0513387 0.0453544 -0.0527914 0.0375369 -0.0536416 
1.597 0.208026 0.204342 0.212255 0.194964 0.215463 0.186405 0.218429 0.177717 0.220764 0.168086 0.222529 0.158749 0.223683 0.149546 
3.285 0.455938 0.00299959 0.448758 -0.0223302 0.440947 -0.0443145 0.432689 -0.0656883 0.42203 -0.0883272 0.410871 -0.108886 0.39867 -0.128112 
3.652 -0.254239 -0.10315 -0.265984 -0.0861622 -0.275724 -0.0705269 -0.284416 -0.0547876 -0.293005 -0.0370853 -0.300101 -0.0202323 -0.3063 -0.00316579 
1.386 -0.113163 0.161882 -0.111437 0.171863 -0.109533 0.18081 -0.107118 0.189463 -0.104018 0.198685 -0.100624 0.207159 -0.0969348 0.21548 
3.586 -0.315875 -0.142186 -0.329901 -0.121562 -0.341536 -0.102681 -0.351933 -0.0835984 -0.362204 -0.0623505 -0.370682 -0.0417089 -0.378087 -0.0208918 
3.461 0.424435 -0.0456239 0.414253 -0.0684897 0.404006 -0.088129 0.393456 -0.107358 0.380511 -0.126848 0.367589 -0.14546 0.353891 -0.162337 
3.041 0.364854 0.179003 0.368174 0.158638 0.370343 0.140383 0.371605 0.122277 0.37172 0.102632 0.37077 0.0842578 0.36904 0.0664735 
1.264 -0.0166005 0.222832 -0.0113128 0.227449 -0.00679538 0.231281 -0.0017891 0.234915 0.00343969 0.238396 0.00870137 0.24138 0.0138201 0.24424 
4.004 -0.0528969 -0.130544 -0.0662335 -0.125842 -0.0779724 -0.120977 -0.0890754 -0.115822 -0.101003 -0.10949 -0.111819 -0.10293 -0.122185 -0.0959172 
