4.066 -0.177537 -0.0990412 -0.117882 -0.0985493 -0.0639298 -0.097442 -0.0116287 -0.097473 0.042219 -0.0986655 0.0958539 -0.0995396 0.149966 -0.100969 
4.184 -0.148089 -0.311341 -0.0891222 -0.309557 -0.0352694 -0.307749 0.0172052 -0.307797 0.071426 -0.309606 0.125622 -0.311678 0.180404 -0.314899 
4.152 -0.16658 -0.298329 -0.107293 -0.296238 -0.0533003 -0.294135 -0.000773082 -0.293829 0.0533598 -0.295239 0.107396 -0.296902 0.161849 -0.299697 
4.238 -0.0405698 -0.0264484 0.017096 -0.0273617 0.0704413 -0.0272397 0.12326 -0.0280031 0.178881 -0.029674 0.23529 -0.0307846 0.293049 -0.0321211 
4.145 -0.172743 -0.325723 -0.113341 -0.323314 -0.0592441 -0.32096 -0.00665586 -0.32047 0.0474689 -0.321816 0.101434 -0.323471 0.155843 -0.326354 
4.234 -0.118641 -0.299699 -0.0601317 -0.298601 -0.00650935 -0.297361 0.0459665 -0.297953 0.100421 -0.30031 0.155033 -0.302855 0.210437 -0.306542 
4.051 -0.200137 -0.14698 -0.140071 -0.145749 -0.0856732 -0.144052 -0.0332573 -0.143684 0.020625 -0.144543 0.0741515 -0.145309 0.12808 -0.146794 
4.25 -0.107684 -0.31545 -0.0492314 -0.314541 0.00438556 -0.31356 0.0569263 -0.314382 0.111432 -0.317086 0.166189 -0.320011 0.221725 -0.324151 
4.129 -0.115902 -0.036721 -0.0574809 -0.037304 -0.00416091 -0.0368749 0.0479552 -0.0373754 0.102202 -0.0387697 0.156716 -0.0395901 0.2122 -0.0407539 
3.342 0.122422 0.0755924 0.182144 0.0750592 0.238631 0.0759458 0.295552 0.0762534 0.356283 0.075904 0.418789 0.076593 0.483712 0.0774741 
4.211 -0.131653 -0.306547 -0.0729567 -0.30518 -0.019222 -0.303694 0.0332 -0.304028 0.0875758 -0.306175 0.141951 -0.308518 0.197043 -0.312056 
1.249 0.21556 0.195439 0.277446 0.196518 0.336238 0.1993 0.395907 0.201891 0.460281 0.204235 0.526626 0.208126 0.595569 0.212492 
4.211 -0.133023 -0.344213 -0.0743065 -0.342577 -0.0205165 -0.340967 0.0319496 -0.341255 0.0862946 -0.343499 0.140698 -0.346007 0.19578 -0.349817 
4.094 -0.159732 -0.0969867 -0.100609 -0.0967189 -0.0469039 -0.0957364 0.00519434 -0.0958769 0.0591606 -0.0971288 0.113049 -0.0981018 0.167517 -0.0995693 
4.148 -0.172059 -0.370237 -0.112768 -0.367511 -0.058688 -0.364963 -0.00607731 -0.364421 0.04805 -0.365796 0.102102 -0.367458 0.156504 -0.37055 
4.203 -0.135762 -0.321613 -0.0770414 -0.320012 -0.0232393 -0.318408 0.0292056 -0.318635 0.0835581 -0.32074 0.137931 -0.323116 0.192959 -0.32665 
4.184 -0.14535 -0.292165 -0.0864284 -0.29058 -0.03259 -0.288941 0.0198419 -0.28906 0.0740855 -0.290928 0.128264 -0.292974 0.18309 -0.296134 
4.129 -0.182331 -0.298329 -0.12279 -0.295974 -0.0686044 -0.29356 -0.0160134 -0.292991 0.038115 -0.294099 0.091987 -0.295481 0.146239 -0.297982 
4.234 -0.117956 -0.338734 -0.0594213 -0.337451 -0.00576562 -0.336186 0.0467468 -0.336791 0.101206 -0.339293 0.155826 -0.342111 0.211245 -0.346207 
4.34 -0.0063279 -0.157937 0.051398 -0.159069 0.105137 -0.159636 0.15857 -0.161536 0.214928 -0.164842 0.272154 -0.167861 0.330945 -0.171547 
4.094 -0.178222 -0.16684 -0.1186 -0.165642 -0.0647369 -0.16406 -0.0123758 -0.163881 0.0415431 -0.165052 0.0952471 -0.166101 0.149534 -0.167986 
0.911 -0.352171 0.350212 -0.285558 0.341627 -0.226436 0.336094 -0.170242 0.331044 -0.113374 0.326226 -0.058385 0.323209 -0.00431895 0.321041 
4 -0.2289 -0.141501 -0.168112 -0.140013 -0.113263 -0.138058 -0.0604083 -0.137427 -0.00647386 -0.137984 0.0469349 -0.138365 0.100474 -0.139529 
0.915 -0.267251 0.357061 -0.203507 0.35002 -0.146485 0.34584 -0.0919204 0.342102 -0.0362322 0.338578 0.0182635 0.336991 0.0722486 0.336226 
3.979 -0.243967 -0.146295 -0.18258 -0.144543 -0.127314 -0.142415 -0.0742621 -0.141559 -0.0201585 -0.141923 0.0331831 -0.142175 0.0865406 -0.143239 
1.36 0.188851 0.166676 0.250137 0.167359 0.308131 0.169728 0.366919 0.171802 0.429919 0.173319 0.495154 0.176141 0.562858 0.179867 
4.16 -0.164525 -0.348322 -0.105266 -0.345972 -0.0512281 -0.343694 0.00132912 -0.343391 0.0555044 -0.34492 0.10955 -0.346849 0.164048 -0.349981 
4.258 -0.100151 -0.292165 -0.0418034 -0.291469 0.0117664 -0.290658 0.0642856 -0.29156 0.11891 -0.294247 0.173785 -0.297147 0.229562 -0.301138 
4.246 -0.111108 -0.362704 -0.0525829 -0.361547 0.00106637 -0.360371 0.0536374 -0.361218 0.108116 -0.363984 0.162793 -0.36718 0.218272 -0.371651 
4.176 -0.153568 -0.333941 -0.0945849 -0.331914 -0.040673 -0.329912 0.0118259 -0.329796 0.0660451 -0.331471 0.120214 -0.333497 0.174949 -0.33674 
4.281 -0.0542665 -0.163416 0.00345582 -0.163943 0.056874 -0.163941 0.109705 -0.165294 0.164977 -0.168089 0.220886 -0.170655 0.278015 -0.17391 
3.994 -0.244651 -0.173004 -0.18336 -0.170909 -0.128211 -0.168497 -0.0750864 -0.167506 -0.0209481 -0.167758 0.032484 -0.167969 0.0859078 -0.1691 
4.254 -0.10426 -0.345583 -0.0458568 -0.344596 0.00775876 -0.343571 0.0603353 -0.344472 0.114899 -0.347273 0.169741 -0.350429 0.225405 -0.354845 
4.129 -0.185755 -0.33531 -0.126115 -0.332543 -0.0718853 -0.329914 -0.0192325 -0.329123 0.0348847 -0.330192 0.0887609 -0.331547 0.142993 -0.334152 
4.215 -0.130284 -0.374346 -0.0715503 -0.372625 -0.0177387 -0.371025 0.0347584 -0.371426 0.0891206 -0.373866 0.143497 -0.376663 0.198597 -0.380824 
0.859 -0.0255034 0.391303 0.0334301 0.388789 0.0878786 0.38889 0.141469 0.389495 0.197655 0.390265 0.254229 0.393191 0.311823 0.39712 
0.863 -0.0843994 0.378291 -0.0248789 0.37452 0.0294565 0.373391 0.0826591 0.372693 0.138075 0.372304 0.193494 0.373866 0.249633 0.376406 
4.266 -0.100836 -0.374346 -0.042454 -0.373284 0.0111863 -0.372201 0.0637386 -0.373216 0.118326 -0.376156 0.173181 -0.379551 0.228878 -0.384273 
4.203 -0.0645391 -0.036721 -0.00681841 -0.0374628 0.0464468 -0.0372681 0.0989809 -0.0378989 0.15412 -0.039563 0.209981 -0.0405875 0.267083 -0.0419726 
0.806 -0.311081 0.396781 -0.245721 0.387749 -0.187623 0.382007 -0.132147 0.376854 -0.0758549 0.372057 -0.0211342 0.369286 0.0329495 0.36741 
4.137 -0.180277 -0.312711 -0.1207 -0.31027 -0.066502 -0.307853 -0.0139168 -0.307279 0.0402177 -0.308451 0.0941056 -0.309938 0.148354 -0.312574 
4.176 -0.152198 -0.359964 -0.0931802 -0.357731 -0.039266 -0.355609 0.0132346 -0.355509 0.0674589 -0.357309 0.121642 -0.359469 0.176407 -0.362983 
1.752 -0.324093 0.248856 -0.259488 0.243557 -0.201861 0.240647 -0.146835 0.237744 -0.0909846 0.234768 -0.0366139 0.233288 0.0169768 0.232551 
4.195 -0.102205 -0.141501 -0.0440328 -0.141511 0.00922996 -0.140851 0.0615638 -0.141613 0.116053 -0.143583 0.170973 -0.145424 0.226854 -0.147911 
4.18 -0.150829 -0.38051 -0.0918163 -0.378234 -0.037899 -0.376075 0.0146252 -0.376015 0.0688425 -0.377895 0.123031 -0.380201 0.177805 -0.383894 
4.16 -0.161786 -0.313395 -0.102535 -0.311392 -0.0485441 -0.309346 0.00396582 -0.309166 0.0581189 -0.310716 0.112149 -0.312585 0.166653 -0.315611 
4.031 -0.217258 -0.167525 -0.156746 -0.165885 -0.102078 -0.163811 -0.04948 -0.163147 0.00444513 -0.163832 0.0579271 -0.164362 0.111659 -0.165775 
4.105 -0.197398 -0.301068 -0.137475 -0.298427 -0.0830675 -0.295799 -0.030375 -0.294972 0.0237262 -0.295835 0.0775271 -0.296968 0.131556 -0.299234 
0.939 -0.287111 0.346103 -0.22285 0.338901 -0.165383 0.334612 -0.110499 0.33066 -0.0546044 0.32696 -0.000132844 0.325102 0.053853 0.324111 
4.211 -0.133708 -0.35791 -0.0749765 -0.35615 -0.0211815 -0.35447 0.0313108 -0.354777 0.0856323 -0.356992 0.140039 -0.359589 0.195086 -0.36351 
4.105 -0.129599 -0.0360362 -0.0711174 -0.0364536 -0.0177483 -0.0360181 0.0343833 -0.0363758 0.0886032 -0.0377088 0.142956 -0.0384426 0.198249 -0.0395229 
4.215 -0.130968 -0.391467 -0.0722487 -0.389648 -0.0184365 -0.387976 0.0340605 -0.388392 0.0884341 -0.390782 0.142812 -0.393631 0.19792 -0.397906 
0.854 -0.16795 0.533064 -0.106638 0.525069 -0.0511316 0.520683 0.00271485 0.517059 0.0582491 0.514115 0.113136 0.513573 0.168085 0.514379 
4.137 -0.178222 -0.353801 -0.118672 -0.351129 -0.0644911 -0.348587 -0.0118428 -0.348014 0.0422955 -0.349301 0.096203 -0.3509 0.150525 -0.35378 
1.08 -0.332311 0.303643 -0.266696 0.296745 -0.208291 0.292558 -0.15275 0.288586 -0.0964373 0.284728 -0.0417784 0.282517 0.0120706 0.28114 
4.25 -0.113847 -0.388728 -0.05529 -0.387395 -0.00160514 -0.386132 0.0509503 -0.386956 0.105403 -0.389786 0.16005 -0.39304 0.215429 -0.397703 
4.125 -0.159047 -0.167525 -0.0998781 -0.166564 -0.0461935 -0.165205 0.00609348 -0.165252 0.0601576 -0.166656 0.114069 -0.167961 0.168685 -0.170093 
4.211 -0.130968 -0.29285 -0.0722797 -0.291568 -0.0185707 -0.290156 0.0338646 -0.290508 0.088223 -0.292648 0.142615 -0.294978 0.197731 -0.298394 
4.188 -0.147404 -0.346268 -0.0884487 -0.344333 -0.0345527 -0.342419 0.0179558 -0.34247 0.0721709 -0.344396 0.126374 -0.346646 0.181148 -0.350127 
3.4 0.0820162 0.0680592 0.140629 0.067311 0.195937 0.0679723 0.251376 0.068111 0.310347 0.0675146 0.370534 0.0679039 0.432855 0.068446 
4.227 -0.0802904 -0.142186 -0.0222989 -0.142416 0.0310414 -0.142105 0.0834354 -0.14313 0.138267 -0.145432 0.193454 -0.147479 0.249857 -0.150186 
4.09 -0.172743 -0.143556 -0.113197 -0.142627 -0.0593878 -0.141239 -0.00710336 -0.141177 0.0468516 -0.142435 0.100592 -0.143453 0.154864 -0.145236 
4.109 -0.196713 -0.317504 -0.136794 -0.314728 -0.0823927 -0.312041 -0.0296721 -0.311156 0.0244111 -0.312097 0.0782582 -0.313263 0.13225 -0.31566 
4.125 -0.187125 -0.370237 -0.127469 -0.36713 -0.0732434 -0.364248 -0.0205537 -0.363364 0.0335608 -0.364375 0.0874802 -0.365773 0.141701 -0.3685 
4.156 -0.168634 -0.40037 -0.109345 -0.397505 -0.0552949 -0.394907 -0.00267281 -0.394399 0.0514884 -0.395885 0.105532 -0.397794 0.159957 -0.401161 
3.918 0.147076 0.0105328 0.207297 0.00937773 0.26448 0.00938863 0.322153 0.00872946 0.383826 0.00710945 0.447515 0.00631506 0.513948 0.00542942 
4.211 -0.0665936 -0.0586358 -0.00890202 -0.0593412 0.0443599 -0.059121 0.0968578 -0.059874 0.151992 -0.0616792 0.207749 -0.0629884 0.264755 -0.0646694 
4.121 -0.151513 -0.139447 -0.0923761 -0.138878 -0.0387914 -0.13772 0.0133468 -0.137886 0.0672728 -0.139325 0.121322 -0.14062 0.176029 -0.142606 
3.445 0.10941 0.0680592 0.168709 0.0676864 0.224569 0.0681826 0.280797 0.0684209 0.340703 0.0679215 0.402051 0.0682608 0.465831 0.0689934 
3.971 0.131324 0.0112176 0.1911 0.0100565 0.247753 0.0100943 0.304911 0.00941706 0.365993 0.00785519 0.428896 0.00707125 0.494408 0.00620036 
4.266 -0.100151 -0.389412 -0.0417578 -0.388331 0.0118958 -0.387283 0.0644925 -0.388273 0.119051 -0.391354 0.173889 -0.394773 0.229585 -0.399674 
1.392 0.00873853 0.222832 0.0671253 0.22179 0.121382 0.222768 0.175343 0.223701 0.232147 0.224424 0.28985 0.226671 0.348896 0.229377 
4.254 0.13064 -0.0168607 0.190532 -0.0183567 0.155069 0.0143563 0.209465 0.0138253 0.267525 0.0124246 0.326258 0.0119127 0.387187 0.0111694 
4.164 -0.164525 -0.382564 -0.105245 -0.379974 -0.0512073 -0.377563 0.00137999 -0.377236 0.0555442 -0.378839 0.109606 -0.380867 0.164097 -0.384301 
4.109 -0.151513 -0.109999 -0.0926465 -0.1097 -0.038961 -0.108727 0.013137 -0.108907 0.0671914 -0.110252 0.121121 -0.111396 0.175804 -0.113066 
4.191 -0.149459 -0.395576 -0.0904423 -0.393252 -0.0365171 -0.391115 0.0160064 -0.391051 0.0702373 -0.393051 0.124448 -0.395423 0.179203 -0.399272 
0.905 -0.159732 0.522107 -0.0985613 0.51444 -0.0432007 0.510502 0.0104648 0.507279 0.0660009 0.504618 0.120829 0.504408 0.175784 0.505457 
4.102 -0.201507 -0.33531 -0.141556 -0.332309 -0.0871138 -0.329476 -0.0343692 -0.328461 0.0197588 -0.329319 0.0735659 -0.330479 0.127585 -0.332871 
4.242 -0.0830297 -0.16958 -0.0249405 -0.169631 0.028326 -0.169258 0.0807863 -0.170283 0.135608 -0.172743 0.19078 -0.175037 0.247051 -0.17808 
4.141 -0.179592 -0.391467 -0.12006 -0.388437 -0.0657978 -0.385667 -0.0131452 -0.385 0.0410225 -0.386295 0.0949376 -0.387965 0.149263 -0.391128 
1.36 -0.00769758 0.228996 0.0506562 0.227756 0.104781 0.22852 0.158397 0.229296 0.21484 0.229897 0.272058 0.232076 0.330564 0.234764 
4.066 -0.187125 -0.142186 -0.127241 -0.141114 -0.0730991 -0.139574 -0.0207374 -0.139344 0.0331585 -0.140411 0.0867692 -0.141323 0.140718 -0.142922 
4.113 -0.199452 -0.40037 -0.139489 -0.396728 -0.0850064 -0.393441 -0.0321896 -0.392279 0.0219448 -0.393077 0.0757736 -0.394332 0.129828 -0.397047 
4.02 -0.23027 -0.175743 -0.169334 -0.173669 -0.114496 -0.171369 -0.0616467 -0.170482 -0.00756528 -0.170868 0.0458826 -0.171268 0.0994106 -0.172545 
4.184 -0.119326 -0.172319 -0.0608194 -0.171873 -0.00737639 -0.171013 0.0448808 -0.171521 0.0991529 -0.173521 0.153694 -0.175348 0.209121 -0.177985 
4.109 -0.198082 -0.352431 -0.138146 -0.349332 -0.0837653 -0.346387 -0.0309507 -0.345399 0.0231164 -0.346296 0.0769611 -0.34751 0.131002 -0.350046 
0.852 -0.069333 0.3824 -0.00996585 0.378844 0.0444191 0.377922 0.0977059 0.377492 0.153419 0.377367 0.209076 0.37927 0.265588 0.382068 
4.113 -0.196713 -0.38051 -0.136793 -0.377105 -0.082361 -0.373957 -0.0295613 -0.37289 0.0245603 -0.373751 0.0784068 -0.375052 0.132462 -0.377737 
0.969 -0.366553 0.333776 -0.299163 0.325598 -0.239558 0.32028 -0.183052 0.31531 -0.125902 0.31054 -0.070583 0.307653 -0.0163271 0.305527 
1.657 0.0854404 0.12764 0.144213 0.127205 0.199584 0.128384 0.255178 0.129255 0.314231 0.129474 0.374577 0.131024 0.437037 0.132835 
1.313 0.210081 0.174209 0.27182 0.175202 0.330457 0.177773 0.389888 0.180098 0.453793 0.182114 0.520038 0.185542 0.588702 0.189431 
4.137 -0.129599 -0.107259 -0.0711125 -0.107097 -0.0177121 -0.106349 0.0344404 -0.106673 0.0886535 -0.108198 0.143069 -0.109494 0.198348 -0.111388 
1.301 0.223778 0.174894 0.285869 0.175973 0.345108 0.178619 0.405212 0.181041 0.469939 0.18323 0.536952 0.18679 0.606526 0.190774 
1.654 0.133379 0.169415 0.193264 0.169719 0.249968 0.171709 0.306855 0.173277 0.367679 0.174563 0.430196 0.177261 0.495128 0.180413 
4.266 -0.0960416 -0.306547 -0.0377187 -0.305835 0.0158085 -0.305021 0.0683765 -0.305995 0.122979 -0.308773 0.177878 -0.311757 0.233645 -0.315915 
3.982 -0.2289 -0.0867141 -0.167945 -0.08598 -0.112975 -0.0845771 -0.0603045 -0.0843275 -0.00637283 -0.0850761 0.0469164 -0.0854888 0.100389 -0.0864142 
0.963 -0.324777 0.337885 -0.259302 0.330265 -0.201012 0.325511 -0.145515 0.321185 -0.0892422 0.317062 -0.0345323 0.314689 0.0193844 0.313207 
0.791 -0.299438 0.435132 -0.234502 0.425622 -0.176482 0.419367 -0.121193 0.414 -0.0648021 0.408889 -0.0100081 0.406047 0.0441723 0.404298 
4.25 -0.104945 -0.331201 -0.0465191 -0.330258 0.00705611 -0.329304 0.0596205 -0.330165 0.114171 -0.332911 0.168984 -0.33596 0.224664 -0.340284 
1.379 0.00394467 0.255705 0.0624284 0.254545 0.116751 0.25558 0.170656 0.256613 0.227445 0.257531 0.284944 0.260086 0.343885 0.263296 
1.183 -0.302178 0.267347 -0.23816 0.261854 -0.180886 0.258598 -0.126196 0.255584 -0.0704746 0.252446 -0.0162272 0.250995 0.0374187 0.25032 
4.246 -0.0672785 -0.136022 -0.00942681 -0.136393 0.0438773 -0.136221 0.0963557 -0.13725 0.151359 -0.13969 0.207016 -0.14183 0.263772 -0.144583 
3.928 -0.279578 -0.16958 -0.217259 -0.167214 -0.161217 -0.164464 -0.10756 -0.163147 -0.0531111 -0.163049 0.000367241 -0.162978 0.0535949 -0.163689 
3.969 -0.262457 -0.174373 -0.200672 -0.17211 -0.145062 -0.169504 -0.091784 -0.168314 -0.0374519 -0.168373 0.0159636 -0.168423 0.0692765 -0.169326 
1.666 0.0813313 0.105725 0.140066 0.105279 0.195348 0.106124 0.250886 0.106829 0.309867 0.106785 0.370121 0.107884 0.432508 0.109071 
0.824 -0.428873 0.362539 -0.358673 0.352363 -0.296934 0.345455 -0.238572 0.339024 -0.18 0.332916 -0.123742 0.328722 -0.0689167 0.325371 
4.227 -0.122065 -0.31682 -0.0634636 -0.315593 -0.00979807 -0.314297 0.0427052 -0.314869 0.0971129 -0.317224 0.15165 -0.319838 0.206925 -0.32363 
0.823 -0.149459 0.531694 -0.0885866 0.524358 -0.0332954 0.520564 0.0203705 0.517586 0.0758991 0.515157 0.130796 0.515217 0.185869 0.516605 
1.462 0.161457 0.242008 0.221957 0.243213 0.279167 0.246236 0.336849 0.249138 0.398608 0.251962 0.462172 0.256523 0.528102 0.261688 
0.862 -0.401479 0.350897 -0.332604 0.341619 -0.2719 0.335393 -0.214327 0.329707 -0.156431 0.324318 -0.100635 0.320586 -0.046026 0.317845 
1.356 0.233365 0.157773 0.295924 0.158697 0.355471 0.161112 0.415903 0.163386 0.481174 0.165125 0.548779 0.168384 0.6191 0.171967 
0.813 -0.453527 0.369388 -0.382289 0.358769 -0.31955 0.351374 -0.260455 0.344519 -0.201251 0.338037 -0.144436 0.333365 -0.0892609 0.329597 
4.109 -0.157677 -0.12712 -0.0986413 -0.126486 -0.0449105 -0.125355 0.00728379 -0.125438 0.0612829 -0.126793 0.115167 -0.127958 0.169761 -0.129709 
0.878 -0.389152 0.342679 -0.32072 0.333698 -0.260344 0.327778 -0.2031 0.322338 -0.145389 0.317054 -0.0896949 0.313559 -0.0352354 0.310967 
1.795 0.0642104 0.072853 0.12262 0.0720655 0.177366 0.0726786 0.23228 0.0728082 0.290552 0.0721664 0.349992 0.0725817 0.411316 0.0731755 
4.262 -0.0255034 -0.0339816 0.0321042 -0.0349352 0.0856019 -0.0348935 0.138635 -0.0356985 0.194644 -0.0375239 0.251521 -0.0387057 0.309819 -0.040202 
4.277 -0.0398849 -0.118902 0.017965 -0.11973 0.071266 -0.119847 0.124078 -0.121157 0.179678 -0.123734 0.236098 -0.125978 0.293711 -0.128757 
4.223 -0.122065 -0.260663 -0.0634754 -0.259752 -0.00980605 -0.25862 0.0426377 -0.25918 0.0970345 -0.261537 0.151605 -0.263889 0.206888 -0.267363 
0.867 -0.420655 0.350212 -0.350848 0.340641 -0.289337 0.334188 -0.231215 0.328166 -0.172826 0.322543 -0.11668 0.318625 -0.0618406 0.315617 
4.219 -0.103575 -0.183961 -0.0453057 -0.183698 0.00810193 -0.183031 0.0604173 -0.18378 0.114925 -0.186055 0.169759 -0.188206 0.225461 -0.191058 
3.973 -0.226161 -0.0476784 -0.165017 -0.0475133 -0.110264 -0.0465596 -0.0577247 -0.0465112 -0.0038146 -0.0473225 0.0494246 -0.0476808 0.102997 -0.0484613 
1.465 -0.259718 0.268717 -0.196998 0.263473 -0.140733 0.260621 -0.0866377 0.258103 -0.0314183 0.255545 0.0225952 0.254543 0.0764056 0.254365 
4.246 -0.10152 -0.259293 -0.0431296 -0.258864 0.0104237 -0.258091 0.0629241 -0.259001 0.117473 -0.261657 0.172298 -0.264333 0.228006 -0.268141 
3.219 0.140227 0.0660047 0.200307 0.065464 0.257376 0.0662321 0.314776 0.0664348 0.376105 0.0659503 0.439374 0.0664414 0.505437 0.067059 
3.906 0.10941 0.00847829 0.168674 0.00733914 0.224787 0.00737045 0.281224 0.00672611 0.341441 0.00513808 0.403282 0.00437846 0.467473 0.00342899 
3.938 -0.279578 -0.183276 -0.217224 -0.180655 -0.161186 -0.177763 -0.107545 -0.176261 -0.0530445 -0.176118 0.00049105 -0.176002 0.0537097 -0.176771 
1.666 0.0888645 0.141337 0.147768 0.141176 0.203292 0.142497 0.258998 0.143523 0.318131 0.143977 0.378709 0.145728 0.44135 0.147823 
4.203 -0.0898781 -0.116847 -0.031883 -0.117035 0.0213967 -0.116649 0.0737243 -0.117367 0.128249 -0.119413 0.183389 -0.121129 0.239383 -0.123433 
4.137 -0.117272 -0.0593206 -0.058832 -0.0596759 -0.00549555 -0.0591707 0.0466209 -0.0597075 0.100841 -0.0611947 0.155324 -0.0622588 0.210717 -0.0637258 
3.697 -0.378195 -0.0305575 -0.31198 -0.0301149 -0.253075 -0.0288212 -0.197147 -0.0283642 -0.140911 -0.0287017 -0.0865978 -0.0285263 -0.0332447 -0.0287452 
1.752 0.103931 0.0927133 0.162951 0.092202 0.218737 0.093164 0.274807 0.0937719 0.334476 0.0936279 0.395652 0.0945147 0.458942 0.0956984 
4.297 -0.0248185 -0.116847 0.0328544 -0.117748 0.0863954 -0.117987 0.139406 -0.11937 0.195387 -0.122064 0.252233 -0.124367 0.310342 -0.127248 
4.289 -0.022764 -0.091508 0.0347857 -0.0924879 0.0883659 -0.0926344 0.141473 -0.0938892 0.197521 -0.0963351 0.254245 -0.098333 0.312618 -0.100743 
1.644 0.08681 0.240638 0.145993 0.240778 0.201596 0.242877 0.257276 0.244972 0.316383 0.246788 0.376946 0.250537 0.439402 0.254594 
3.994 -0.23164 -0.120956 -0.170499 -0.119741 -0.115578 -0.117964 -0.0627418 -0.117424 -0.00876726 -0.118043 0.0446251 -0.118491 0.0980534 -0.119529 
4.266 -0.0378304 -0.0921929 0.0199158 -0.0930537 0.0732234 -0.0931348 0.125987 -0.0942898 0.181712 -0.0966194 0.238063 -0.0985512 0.295719 -0.100918 
4.012 -0.217258 -0.120271 -0.157072 -0.119184 -0.102405 -0.117511 -0.0496786 -0.117097 0.00408845 -0.117812 0.0576896 -0.118322 0.111187 -0.119456 
4.078 -0.157677 -0.0689084 -0.0987052 -0.0689503 -0.045047 -0.0681493 0.00714719 -0.0683229 0.0612051 -0.069546 0.115113 -0.070361 0.169828 -0.0715607 
2.906 0.152554 0.0851801 0.212995 0.0848851 0.27037 0.0859551 0.328237 0.0864306 0.390172 0.0863386 0.454111 0.0873587 0.520932 0.0884129 
4.102 -0.202876 -0.367498 -0.142913 -0.364149 -0.0884653 -0.361039 -0.0356369 -0.359957 0.0184492 -0.360702 0.0722943 -0.36186 0.126325 -0.364416 
1.123 -0.310396 0.287892 -0.246057 0.281744 -0.18862 0.278233 -0.133665 0.274829 -0.0778542 0.271431 -0.023396 0.269764 0.0303148 0.268856 
0.827 -0.182331 0.533064 -0.12082 0.524913 -0.0650698 0.520251 -0.0112202 0.516425 0.0443197 0.513235 0.0991016 0.51246 0.153847 0.513029 
1.361 -0.0111218 0.261868 0.0473468 0.26053 0.101684 0.261293 0.155347 0.262127 0.211866 0.262884 0.268919 0.265305 0.327408 0.268349 
3.771 -0.361759 -0.12438 -0.296397 -0.121937 -0.238095 -0.119196 -0.182698 -0.11756 -0.126899 -0.116888 -0.072706 -0.11616 -0.019461 -0.116022 
1.387 -0.150829 0.219408 -0.0910152 0.216281 -0.0367024 0.215267 0.0160785 0.214295 0.0706837 0.213236 0.124887 0.213629 0.179848 0.214648 
3.727 -0.371346 -0.070278 -0.305528 -0.0689694 -0.246836 -0.066961 -0.191078 -0.0659613 -0.134998 -0.0657488 -0.0807063 -0.0653756 -0.0273764 -0.0653705 
0.747 -0.0323517 0.453623 0.0268643 0.450339 0.0813878 0.449956 0.135038 0.450042 0.191229 0.450584 0.247648 0.453305 0.304942 0.45724 
3.824 -0.332995 -0.146295 -0.268737 -0.143632 -0.211203 -0.140621 -0.156407 -0.138951 -0.101119 -0.138197 -0.0472327 -0.137615 0.00587863 -0.137601 
3.896 0.0272291 0.0153267 0.085279 0.0142896 0.139555 0.014409 0.193721 0.0139284 0.251349 0.0125306 0.310057 0.011994 0.370183 0.0112937 
4.383 0.0354472 -0.123695 0.0934564 -0.125212 0.14774 -0.12621 0.202032 -0.128239 0.259493 -0.131628 0.318032 -0.134519 0.378365 -0.138102 
1.289 0.238159 0.174209 0.300767 0.175379 0.360447 0.178062 0.421128 0.180632 0.486527 0.182766 0.554295 0.186386 0.624686 0.190398 
3.727 -0.356965 -0.0271333 -0.291521 -0.0267649 -0.233155 -0.0255379 -0.177747 -0.0252234 -0.121874 -0.0254981 -0.067791 -0.0254286 -0.0146281 -0.0256294 
1.629 0.078592 0.162567 0.137355 0.162317 0.192646 0.163793 0.247945 0.164966 0.30669 0.165773 0.366707 0.167894 0.428726 0.170388 
1.688 0.101192 0.159143 0.160429 0.15912 0.216356 0.16072 0.27238 0.161996 0.332051 0.162824 0.393197 0.165042 0.456544 0.167641 
0.85 -0.043994 0.389933 0.0150822 0.386898 0.069424 0.386482 0.12284 0.38652 0.178877 0.386831 0.235025 0.389332 0.292221 0.392753 
4.383 0.0813313 -0.0285029 0.139989 -0.0298912 0.195277 -0.0302092 0.250946 -0.0314344 0.310174 -0.0337288 0.370732 -0.0351769 0.433545 -0.0370061 
0.99 -0.343953 0.328982 -0.277848 0.32123 -0.219108 0.31632 -0.163273 0.311866 -0.106645 0.307514 -0.0517794 0.30495 0.00224749 0.303208 
4.387 0.0347624 -0.146295 0.0927755 -0.147903 0.147087 -0.14897 0.201358 -0.151284 0.258782 -0.154806 0.317255 -0.158103 0.377573 -0.162078 
4.027 -0.215888 -0.14698 -0.155388 -0.145541 -0.100672 -0.143678 -0.0479887 -0.143145 0.00589276 -0.143824 0.0593688 -0.144421 0.113011 -0.145737 
0.744 -0.0152308 0.453623 0.0438891 0.450789 0.0984967 0.450969 0.152239 0.451501 0.208648 0.452513 0.265391 0.455676 0.323144 0.460036 
3.746 -0.372031 -0.101781 -0.306241 -0.100019 -0.24753 -0.0974503 -0.19177 -0.0960519 -0.135676 -0.095543 -0.0813365 -0.0948367 -0.0280114 -0.0948213 
1.064 -0.351486 0.309122 -0.285156 0.301666 -0.226319 0.296985 -0.170201 0.292632 -0.113528 0.288379 -0.0585644 0.285847 -0.00449818 0.284109 
3.816 -0.373401 -0.238063 -0.307837 -0.233354 -0.249438 -0.228707 -0.193893 -0.225717 -0.137907 -0.224037 -0.0835464 -0.222407 -0.0300111 -0.221822 
1.607 0.0737981 0.179688 0.132515 0.179401 0.187811 0.180891 0.243028 0.182127 0.301716 0.182975 0.361673 0.185276 0.423515 0.187952 
3.799 -0.363128 -0.175058 -0.297774 -0.171575 -0.239428 -0.167949 -0.183989 -0.165562 -0.128096 -0.164328 -0.0738495 -0.163155 -0.0204761 -0.162835 
1.672 0.0943432 0.192015 0.153452 0.192106 0.209078 0.193804 0.26499 0.195539 0.324189 0.196812 0.385023 0.199623 0.447824 0.20285 
0.787 -0.311766 0.441981 -0.246472 0.432226 -0.188268 0.425863 -0.132843 0.42026 -0.0764391 0.415059 -0.0216781 0.412041 0.0323806 0.410127 
3.832 -0.374771 -0.27162 -0.309265 -0.265987 -0.25079 -0.260871 -0.19531 -0.257417 -0.13933 -0.255307 -0.0848446 -0.253592 -0.0312555 -0.252799 
4.008 -0.205616 -0.0469936 -0.145426 -0.0469346 -0.0910838 -0.046054 -0.0385777 -0.0460917 0.0150987 -0.0469976 0.0685154 -0.0474771 0.122174 -0.0482939 
1.29 -0.277524 0.270086 -0.214435 0.264759 -0.157761 0.26189 -0.103621 0.259028 -0.0482352 0.256352 0.00587303 0.255233 0.0596724 0.254915 
4.203 -0.122065 -0.190809 -0.0635604 -0.19031 -0.0100515 -0.189418 0.0422304 -0.189997 0.0965334 -0.192066 0.15107 -0.194137 0.206311 -0.196876 
3.709 -0.37614 -0.0545268 -0.310074 -0.0537 -0.251195 -0.0519526 -0.195413 -0.0512886 -0.139215 -0.0513048 -0.084874 -0.0509692 -0.0315453 -0.0511507 
3.732 -0.356965 -0.0435694 -0.291561 -0.0429344 -0.233217 -0.0414823 -0.177761 -0.0409114 -0.121915 -0.0411239 -0.0678675 -0.040965 -0.0146413 -0.0411532 
3.797 -0.372031 -0.196973 -0.306497 -0.193123 -0.248056 -0.188946 -0.192458 -0.186408 -0.136413 -0.184959 -0.0821149 -0.183518 -0.0286302 -0.183188 
0.907 -0.337105 0.360485 -0.270866 0.351982 -0.21203 0.346586 -0.156076 0.341627 -0.0993891 0.336922 -0.0443821 0.33413 0.00984721 0.332296 
3.852 -0.339844 -0.199712 -0.275575 -0.196251 -0.218074 -0.1924 -0.163235 -0.19016 -0.107793 -0.189043 -0.0538306 -0.187965 -0.000554431 -0.187934 
1.701 0.08681 0.0913437 0.145585 0.0908765 0.200961 0.0916561 0.256611 0.0921834 0.315748 0.0919365 0.376181 0.0928449 0.43871 0.0938644 
3.994 -0.219312 -0.070278 -0.158576 -0.0698248 -0.103859 -0.0686122 -0.0512595 -0.0684765 0.00271192 -0.0692728 0.056125 -0.069733 0.109612 -0.070639 
0.87 -0.137132 0.522791 -0.0764238 0.516026 -0.0212448 0.512451 0.0323053 0.50979 0.0878531 0.507663 0.14277 0.507923 0.197938 0.509485 
4.031 -0.195343 -0.0627448 -0.135378 -0.0624973 -0.0812221 -0.061492 -0.0287971 -0.06147 0.0249172 -0.0624522 0.0784124 -0.0629575 0.132329 -0.0639992 
3.947 0.197069 0.0208054 0.258634 0.0197066 0.31731 0.0197762 0.376771 0.019116 0.440712 0.0175902 0.507118 0.0169654 0.576515 0.0161436 
4.211 -0.0686481 -0.0853445 -0.0109165 -0.0857875 0.0423725 -0.0855109 0.094848 -0.0863765 0.149932 -0.0883526 0.205668 -0.0897829 0.262593 -0.0919248 
3.852 -0.348062 -0.225736 -0.283516 -0.221511 -0.225852 -0.217374 -0.170842 -0.214686 -0.115358 -0.213307 -0.0612416 -0.212142 -0.00790494 -0.211853 
1.283 -0.301493 0.248171 -0.237645 0.243002 -0.180571 0.240214 -0.125879 0.237424 -0.0704265 0.234603 -0.0161978 0.233284 0.0373678 0.232633 
3.863 -0.350116 -0.253815 -0.285545 -0.249146 -0.227873 -0.244587 -0.172895 -0.241635 -0.117427 -0.240115 -0.0632746 -0.238748 -0.00981867 -0.238481 
4.332 -0.0172853 -0.166155 0.0403865 -0.167203 0.0939405 -0.167731 0.147296 -0.169499 0.203382 -0.172829 0.260443 -0.175865 0.318859 -0.179638 
3.719 -0.35491 -0.00795781 -0.289602 -0.00812054 -0.231218 -0.00713985 -0.175804 -0.0071426 -0.120048 -0.00779973 -0.0659182 -0.00780951 -0.0127732 -0.00825576 
4.246 -0.0494727 -0.0771264 0.00828936 -0.077897 0.0614994 -0.0778127 0.114147 -0.0788219 0.169551 -0.0809646 0.225551 -0.0826608 0.282895 -0.0847842 
4.426 0.0409259 -0.185331 0.0991027 -0.187408 0.153614 -0.188782 0.208057 -0.191502 0.265684 -0.195853 0.32448 -0.199924 0.385141 -0.204836 
1.402 -0.200137 0.272141 -0.139052 0.267807 -0.084056 0.265853 -0.0306762 0.264085 0.0240191 0.262306 0.0783021 0.262275 0.132409 0.26284 
0.857 -0.194658 0.522791 -0.132544 0.514384 -0.0766086 0.509516 -0.0226942 0.50537 0.0329645 0.501911 0.0875832 0.500771 0.141964 0.500918 
1.432 -0.222737 0.236529 -0.161236 0.23245 -0.105791 0.230535 -0.0524702 0.228642 0.00225385 0.226722 0.0562042 0.226542 0.110081 0.226734 
3.826 -0.358334 -0.209985 -0.293249 -0.205864 -0.235112 -0.201721 -0.179839 -0.199103 -0.124072 -0.197619 -0.0698223 -0.196267 -0.0164617 -0.195941 
3.826 -0.373401 -0.255869 -0.307879 -0.250641 -0.249435 -0.245716 -0.193965 -0.242412 -0.138021 -0.240511 -0.0835645 -0.238839 -0.030014 -0.238176 
3.791 -0.364498 -0.158622 -0.299191 -0.155481 -0.240824 -0.152217 -0.185394 -0.150045 -0.12953 -0.14892 -0.0752988 -0.147968 -0.0219954 -0.147747 
3.85 0.0525681 0.0187509 0.110769 0.0176845 0.165438 0.017831 0.22032 0.0173241 0.27856 0.0159444 0.33805 0.0153527 0.399447 0.0146633 
4.273 -0.0124914 -0.0401452 0.0451461 -0.0411717 0.098806 -0.0411925 0.15219 -0.0420809 0.208601 -0.0440124 0.26596 -0.0452958 0.324753 -0.0468843 
1.575 0.0703739 0.230366 0.1292 0.230358 0.184639 0.232151 0.239711 0.233935 0.298331 0.235409 0.35802 0.238715 0.419808 0.242372 
1.24 -0.123435 0.313231 -0.0637931 0.309486 -0.00959572 0.308177 0.0434222 0.307277 0.0984555 0.306433 0.153404 0.307437 0.208953 0.309089 
1.239 -0.0905629 0.311861 -0.0314787 0.308875 0.0226937 0.308104 0.0757286 0.307702 0.13105 0.307422 0.186461 0.308923 0.242622 0.311191 
4.406 0.027914 -0.21067 0.0860076 -0.212374 0.140236 -0.213696 0.194381 -0.216492 0.25144 -0.221017 0.309641 -0.225297 0.369564 -0.2305 
1.487 -0.244651 0.262553 -0.18259 0.257942 -0.12681 0.255633 -0.0731681 0.253385 -0.0182028 0.251211 0.0357625 0.250712 0.0896734 0.250824 
3.852 -0.340529 -0.214094 -0.276131 -0.21024 -0.218594 -0.206337 -0.163749 -0.203881 -0.108362 -0.20266 -0.0543623 -0.201639 -0.00107174 -0.201546 
1.433 0.201178 0.155034 0.262653 0.155523 0.32122 0.157877 0.380358 0.159496 0.443985 0.160909 0.509844 0.163731 0.578339 0.166953 
1.407 -0.220682 0.287207 -0.159006 0.282137 -0.103542 0.279517 -0.050048 0.277091 0.00483699 0.27479 0.0589728 0.274265 0.113023 0.274375 
1.233 -0.0665936 0.311177 -0.00767329 0.30855 0.0464458 0.308216 0.0996243 0.308218 0.155315 0.308279 0.211033 0.310207 0.267786 0.312823 
3.639 0.0813313 0.013957 0.139963 0.0128521 0.195314 0.0129386 0.250942 0.0123042 0.310286 0.0107866 0.371003 0.0100967 0.433753 0.00923431 
4.066 -0.150144 -0.0216546 -0.091387 -0.0221681 -0.0377911 -0.0216399 0.0143359 -0.0219728 0.0682682 -0.0231636 0.122375 -0.0238147 0.177048 -0.0247047 
4.41 0.0306533 -0.196288 0.0888473 -0.197998 0.14305 -0.199331 0.197298 -0.20205 0.254561 -0.206348 0.313049 -0.210408 0.373212 -0.215336 
1.367 -0.152198 0.258444 -0.0922171 0.25486 -0.0376531 0.253569 0.0150953 0.252411 0.069901 0.251281 0.124168 0.251767 0.179162 0.252896 
3.682 -0.378195 -0.00384879 -0.311909 -0.00407584 -0.252974 -0.00316215 -0.197029 -0.00311843 -0.140762 -0.00367666 -0.0863801 -0.00362725 -0.0330303 -0.00405277 
4.086 -0.14398 -0.0380907 -0.0851323 -0.0384529 -0.0315231 -0.0379476 0.0205919 -0.0382855 0.0746037 -0.0395361 0.128632 -0.040248 0.183416 -0.0412609 
4.184 -0.0843994 -0.0675387 -0.0265333 -0.0680331 0.0267113 -0.0677321 0.0789878 -0.0684813 0.133727 -0.0701816 0.188975 -0.0715176 0.245343 -0.0731547 
4.305 -0.018655 -0.129174 0.0390153 -0.130181 0.0925909 -0.13046 0.145907 -0.132051 0.20182 -0.134928 0.258844 -0.137433 0.317128 -0.140556 
4.547 0.0840707 -0.229845 0.1429 -0.232772 0.198188 -0.235019 0.253638 -0.238969 0.312551 -0.244368 0.372966 -0.249883 0.435676 -0.256669 
1.781 -0.273415 0.146131 -0.208334 0.142365 -0.152245 0.141065 -0.0992516 0.139646 -0.0455011 0.138118 0.00931047 0.137105 0.0618622 0.136927 
4.309 -0.0111218 -0.106574 0.0464111 -0.107634 0.100207 -0.107929 0.153553 -0.10942 0.209534 -0.112165 0.266858 -0.114493 0.325457 -0.117306 
1.401 0.0114779 0.271456 0.0700621 0.270448 0.124411 0.271353 0.17852 0.272536 0.235407 0.273621 0.293234 0.27648 0.352389 0.279964 
4.277 -0.0241337 -0.0689084 0.0334287 -0.069874 0.0869778 -0.0699492 0.13994 -0.0710459 0.19604 -0.0732868 0.252851 -0.0749676 0.311087 -0.0770993 
3.865 -0.343268 -0.240118 -0.278899 -0.235737 -0.221282 -0.231362 -0.166374 -0.228636 -0.110845 -0.227218 -0.0567777 -0.2259 -0.00341918 -0.225685 
1.409 -0.200822 0.249541 -0.139947 0.245438 -0.0849242 0.243689 -0.0316969 0.242023 0.0227999 0.240284 0.0770233 0.240252 0.131105 0.240794 
4.207 0.0950281 0.00984797 0.15413 0.00867044 0.209955 0.00869707 0.265842 0.00802301 0.325651 0.00643883 0.38676 0.00568372 0.450491 0.00468046 
1.456 -0.226846 0.254335 -0.165291 0.249918 -0.109641 0.247848 -0.0562381 0.24581 -0.00139932 0.243812 0.0524889 0.243445 0.106412 0.243653 
4.441 0.0450349 -0.209985 0.103279 -0.212095 0.15777 -0.213752 0.212255 -0.216674 0.269802 -0.221381 0.328601 -0.225934 0.389237 -0.231412 
1.429 0.166251 0.165306 0.226793 0.165819 0.284285 0.167953 0.342109 0.169772 0.404134 0.171231 0.467926 0.174071 0.534477 0.177388 
0.828 -0.0172853 0.402945 0.0416796 0.400485 0.096121 0.400403 0.149864 0.40098 0.206285 0.401998 0.263032 0.405065 0.320997 0.409238 
4.145 0.00599918 0.0153267 0.0637325 0.0142999 0.117691 0.0144215 0.171334 0.0139743 0.228289 0.0125624 0.286239 0.0120071 0.345684 0.011299 
0.797 -0.344638 0.391303 -0.278047 0.381831 -0.218903 0.375598 -0.162714 0.369963 -0.105929 0.364691 -0.0506409 0.361333 0.00353553 0.3589 
4.355 -0.00153404 -0.192179 0.0563051 -0.193566 0.110134 -0.194493 0.163644 -0.196599 0.219931 -0.200321 0.277214 -0.203849 0.335943 -0.208261 
1.421 -0.201507 0.235844 -0.140553 0.231938 -0.0855665 0.230248 -0.0323822 0.228592 0.0222512 0.226978 0.0763316 0.226896 0.130365 0.227339 
4.27 -0.0761813 -0.18944 -0.0181645 -0.189504 0.0351869 -0.189171 0.0877036 -0.190343 0.142587 -0.192984 0.197963 -0.195524 0.254503 -0.198809 
3.875 0.0669497 0.0125873 0.125549 0.0115049 0.180466 0.0116022 0.235777 0.0110268 0.294383 0.00954743 0.354189 0.0088804 0.416232 0.00809616 
4.375 0.0594165 -0.0552116 0.117721 -0.0566284 0.172501 -0.0571287 0.227456 -0.0587158 0.285818 -0.0613398 0.345406 -0.0633255 0.40697 -0.0657898 
3.377 0.0957129 0.0680592 0.154645 0.0673831 0.210184 0.0681167 0.266056 0.0682814 0.325398 0.0677448 0.386447 0.0681635 0.449509 0.0686736 
0.809 -0.409012 0.372812 -0.339637 0.362716 -0.278625 0.355916 -0.220767 0.349628 -0.162656 0.343733 -0.106554 0.339655 -0.0517735 0.336499 
4.121 -0.130968 -0.0764416 -0.0724623 -0.0765442 -0.0190687 -0.0758507 0.0330615 -0.0762507 0.0872075 -0.0776664 0.141579 -0.0787579 0.196809 -0.0803077 
4.238 -0.00495822 0.0255992 0.0527177 0.0246242 0.106441 0.025103 0.160076 0.0245961 0.216716 0.0235386 0.274341 0.0232241 0.333589 0.0227778 
4.082 -0.148089 -0.0524723 -0.0893152 -0.0527069 -0.0357722 -0.0521148 0.0163031 -0.0524047 0.0703533 -0.0536737 0.124342 -0.0543891 0.179113 -0.0555111 
4.094 -0.152883 -0.0819203 -0.0939173 -0.0817812 -0.0402835 -0.0809657 0.0118833 -0.0812021 0.0658525 -0.0825279 0.11979 -0.0834888 0.174406 -0.0849353 
0.93 -0.401479 0.331722 -0.33252 0.322836 -0.271912 0.317083 -0.214594 0.311743 -0.156685 0.306592 -0.100795 0.303067 -0.0463404 0.300454 
3.965 -0.233009 -0.0668539 -0.171767 -0.0664087 -0.116827 -0.0651528 -0.0642415 -0.0649771 -0.0100407 -0.0657208 0.0432644 -0.0660442 0.096482 -0.0668618 
4.395 0.0772223 -0.0483632 0.135799 -0.049935 0.190997 -0.050508 0.246435 -0.0518913 0.305545 -0.0543065 0.365874 -0.0560945 0.42837 -0.058225 
1.481 0.0402411 0.309807 0.099059 0.309271 0.153869 0.31086 0.208367 0.312676 0.265917 0.314441 0.324458 0.3182 0.384442 0.322623 
4.355 0.0190111 -0.141501 0.076948 -0.142969 0.131022 -0.143766 0.185069 -0.145892 0.242138 -0.149333 0.300276 -0.152478 0.360105 -0.15636 
4.27 -0.022764 -0.0545268 0.0348746 -0.055494 0.0884822 -0.0555321 0.141632 -0.0566044 0.197791 -0.0587192 0.254846 -0.0602676 0.313285 -0.062213 
4.164 -0.0843994 -0.0209697 -0.0264302 -0.0215728 0.0268446 -0.0213461 0.0790952 -0.0222 0.133814 -0.0235297 0.189038 -0.0241734 0.245363 -0.0250837 
4.152 -0.105629 -0.0675387 -0.0474423 -0.0679445 0.0058347 -0.0673856 0.0579955 -0.0680297 0.112451 -0.0695247 0.167249 -0.0707193 0.223085 -0.0722203 
3.869 -0.348747 -0.27162 -0.284197 -0.266448 -0.226424 -0.261627 -0.171446 -0.258321 -0.115897 -0.25667 -0.0616722 -0.255235 -0.00821024 -0.254818 
1.751 0.118313 0.187221 0.177887 0.187436 0.23406 0.189361 0.29052 0.190973 0.350674 0.192297 0.412458 0.195136 0.476625 0.198466 
1.574 0.155979 0.154349 0.216391 0.154699 0.273596 0.156728 0.331262 0.158207 0.393048 0.159428 0.456469 0.161946 0.522718 0.164711 
0.788 -0.358334 0.399521 -0.291246 0.389539 -0.231829 0.382848 -0.175263 0.376783 -0.118207 0.371218 -0.0628196 0.367566 -0.00851918 0.364919 
0.777 -0.403534 0.405684 -0.334577 0.394607 -0.273459 0.3871 -0.21567 0.380245 -0.1574 0.373763 -0.101433 0.369325 -0.0466391 0.365814 
4.352 0.0217504 -0.114108 0.0795967 -0.115626 0.133644 -0.116258 0.18771 -0.118063 0.24483 -0.121152 0.302954 -0.123793 0.362846 -0.126966 
0.825 -0.0412546 0.404314 0.0178308 0.401161 0.0722673 0.400762 0.125713 0.400902 0.181805 0.401278 0.237932 0.403735 0.29523 0.407264 
3.998 -0.224106 -0.105205 -0.163217 -0.104181 -0.108337 -0.102643 -0.0555698 -0.102223 -0.00160438 -0.102904 0.0518176 -0.103394 0.105336 -0.104412 
0.804 -0.324093 0.389933 -0.258261 0.380772 -0.199668 0.375044 -0.143794 0.369751 -0.0872435 0.364759 -0.0323501 0.361746 0.0217328 0.359665 
-1 -0.135077 0.536488 -0.0743507 0.529472 -0.0191726 0.525888 0.0343958 0.523112 0.0899137 0.520926 0.144888 0.521189 0.200113 0.522696 
4.07 -0.185071 -0.12575 -0.125332 -0.124907 -0.0712336 -0.123592 -0.0188605 -0.123486 0.0350612 -0.124604 0.0886765 -0.125479 0.142691 -0.12702 
4.246 -0.0398849 -0.0415149 0.0177708 -0.042466 0.0711068 -0.0424119 0.123898 -0.0432112 0.179539 -0.0449495 0.235904 -0.0461496 0.293672 -0.0475974 
0.76 -0.432297 0.418011 -0.361849 0.406116 -0.299574 0.39774 -0.240876 0.390088 -0.181882 0.382907 -0.12525 0.377768 -0.070154 0.373692 
1.71 0.103246 0.179688 0.162584 0.179779 0.218519 0.18154 0.274697 0.183065 0.334451 0.184285 0.395818 0.186958 0.45935 0.190092 
1.117 -0.331626 0.289947 -0.266349 0.283494 -0.208319 0.279652 -0.152866 0.275979 -0.0966387 0.272379 -0.0421141 0.270428 0.0117075 0.269211 
1.323 0.19296 0.181057 0.254146 0.181922 0.312295 0.184312 0.371072 0.186433 0.434121 0.188303 0.49934 0.191622 0.567219 0.195311 
4.164 -0.104945 -0.0853445 -0.0467852 -0.0855919 0.00648706 -0.0851124 0.058675 -0.085637 0.113136 -0.087397 0.167935 -0.0887082 0.223784 -0.0905232 
0.938 -0.309711 0.346103 -0.244739 0.338543 -0.186811 0.333987 -0.131566 0.329764 -0.0755047 0.325779 -0.0209576 0.323582 0.0329283 0.322236 
4.363 -0.00290371 -0.215464 0.0549185 -0.216859 0.108774 -0.217925 0.162288 -0.220186 0.218547 -0.224053 0.27574 -0.227827 0.334448 -0.232608 
4.258 -0.018655 -0.0209697 0.0388869 -0.0219282 0.09242 -0.0218425 0.145632 -0.0226235 0.201822 -0.0243308 0.258988 -0.0253888 0.31758 -0.0267065 
1.238 0.237474 0.188591 0.300138 0.189878 0.359746 0.192761 0.420378 0.195421 0.485833 0.19792 0.553465 0.201892 0.623818 0.206228 
1.432 0.1731 0.27488 0.233882 0.276262 0.291369 0.279543 0.284684 0.172008 0.344638 0.172924 0.406174 0.175424 0.469903 0.178042 
1.618 0.0765375 0.198863 0.135354 0.198737 0.190641 0.200263 0.245921 0.201663 0.30468 0.20263 0.364514 0.20523 0.426524 0.208048 
0.771 -0.302863 0.454992 -0.237859 0.444984 -0.17976 0.438496 -0.124268 0.43277 -0.0679979 0.427526 -0.0132432 0.424384 0.0408951 0.422472 
4.512 0.0881797 -0.162046 0.147049 -0.164623 0.202481 -0.166603 0.2581 -0.169611 0.317378 -0.174184 0.377865 -0.178542 0.440719 -0.183662 
1.521 0.171045 0.150925 0.231863 0.151393 0.289389 0.153323 0.347558 0.154924 0.410021 0.156135 0.474404 0.158734 0.54131 0.161597 
4.266 -0.052212 -0.129859 0.00513807 -0.130421 0.0585428 -0.130378 0.111319 -0.131599 0.166663 -0.134167 0.222753 -0.136423 0.279988 -0.139245 
0.814 -0.469278 0.366648 -0.397134 0.35589 -0.333772 0.348308 -0.27404 0.341394 -0.214333 0.334763 -0.157165 0.329979 -0.101632 0.326077 
1.372 0.218299 0.160512 0.280279 0.161561 0.339391 0.164003 0.399284 0.166054 0.46384 0.167843 0.530607 0.171035 0.600056 0.17475 
4.242 -0.0672785 -0.121641 -0.00947203 -0.122065 0.0438033 -0.12186 0.0963128 -0.122848 0.151375 -0.125127 0.20707 -0.12706 0.263917 -0.129623 
3.463 0.0840707 0.035187 0.142788 0.0341966 0.198417 0.0344213 0.254171 0.0341182 0.313594 0.0330586 0.374397 0.0328482 0.437311 0.032772 
3.209 0.0457198 0.0386111 0.103827 0.037722 0.158525 0.0380916 0.213233 0.0378183 0.271321 0.0368681 0.330648 0.0367479 0.391591 0.0366583 
4.539 0.0909191 -0.202452 0.149854 -0.205304 0.205317 -0.20764 0.261003 -0.211031 0.320144 -0.216335 0.380902 -0.221424 0.443981 -0.227584 
4.414 0.0916039 -0.0394603 0.15043 -0.0411331 0.205983 -0.041566 0.261846 -0.0429411 0.321303 -0.0451553 0.382219 -0.0469906 0.445409 -0.0488094 
1.336 0.174469 0.410478 0.235644 0.412725 0.293527 0.417438 0.351685 0.422275 0.413951 0.428005 0.477776 0.435555 0.543502 0.44428 
3.781 -0.363128 -0.142186 -0.297775 -0.13921 -0.239477 -0.136199 -0.184072 -0.13434 -0.128223 -0.133494 -0.0740553 -0.132592 -0.0207589 -0.132434 
4.547 0.0895494 -0.216833 0.148447 -0.219671 0.203827 -0.221946 0.259378 -0.225534 0.318436 -0.231228 0.379027 -0.236386 0.441957 -0.242657 
4.23 -0.106314 -0.240118 -0.0479056 -0.239591 0.00545019 -0.238804 0.0577772 -0.239662 0.112438 -0.242136 0.167201 -0.24463 0.222813 -0.248035 
3.359 0.0607862 0.0365566 0.119153 0.0355024 0.173976 0.0360473 0.229019 0.0357431 0.287456 0.0344649 0.347137 0.0346824 0.408893 0.0342795 
1.566 -0.289851 0.216669 -0.226334 0.21238 -0.169331 0.210172 -0.114783 0.207944 -0.0593628 0.205545 -0.00487705 0.204576 0.0484998 0.204312 
1.579 0.0690042 0.213245 0.12779 0.213045 0.183059 0.21468 0.238208 0.216165 0.296795 0.217404 0.356463 0.220448 0.418187 0.223715 
0.833 -0.0843994 0.395412 -0.0248605 0.39141 0.0296866 0.390165 0.0833419 0.389381 0.138741 0.388873 0.19427 0.390432 0.250545 0.393027 
4.191 -0.0850842 -0.0853445 -0.0270541 -0.0856871 0.0261389 -0.0853522 0.0784572 -0.0860738 0.133159 -0.0879678 0.188411 -0.0894182 0.244689 -0.0914476 
3.932 -0.291905 -0.218203 -0.229301 -0.214967 -0.172987 -0.211282 -0.119138 -0.209468 -0.0644624 -0.208822 -0.0107986 -0.208263 0.0424034 -0.208872 
3.822 -0.329571 -0.127804 -0.265406 -0.125737 -0.207947 -0.123103 -0.153208 -0.121795 -0.097934 -0.121483 -0.0441247 -0.120949 0.00898155 -0.121127 
4.23 -0.0994658 -0.219573 -0.0411713 -0.219153 0.0120825 -0.218461 0.0644114 -0.21925 0.11907 -0.221686 0.173892 -0.224065 0.22956 -0.227382 
