4.168 0.231311 0.0906588 0.230261 0.0781803 0.228684 0.067242 0.226837 0.0566165 0.223902 0.0451858 0.220729 0.0345806 0.216939 0.0245099 
1.481 -0.541871 0.224202 -0.535974 0.259759 -0.529202 0.291145 -0.52094 0.321577 -0.510127 0.354051 -0.498229 0.383966 -0.485112 0.413016 
1.592 -0.561731 -0.170264 -0.579139 -0.133497 -0.59305 -0.0998805 -0.605003 -0.0663811 -0.616013 -0.0290937 -0.624323 0.00630114 -0.630828 0.0418785 
0.792 -0.246706 0.324188 -0.23731 0.344344 -0.228068 0.362102 -0.21805 0.378961 -0.206257 0.396648 -0.194212 0.412574 -0.181574 0.427874 
1.492 -0.621997 0.022175 -0.628106 0.0625853 -0.6318 0.0989442 -0.633545 0.134582 -0.63334 0.173537 -0.631094 0.21007 -0.627088 0.245948 
1.497 -0.569264 0.117367 -0.569673 0.154564 -0.568486 0.187729 -0.565635 0.22023 -0.560585 0.255254 -0.553974 0.287854 -0.545913 0.319888 
1.523 -0.495302 0.225572 -0.488906 0.257785 -0.481882 0.286213 -0.473468 0.31361 -0.462662 0.342671 -0.450984 0.369703 -0.438178 0.395708 
3.139 -0.372716 0.0618956 -0.374817 0.0860276 -0.375719 0.107739 -0.375438 0.128812 -0.373885 0.151958 -0.371174 0.173354 -0.367532 0.194503 
1.521 -0.593919 -0.0469936 -0.604103 -0.00826893 -0.61149 0.0267679 -0.616957 0.0612795 -0.620846 0.0992646 -0.622462 0.134961 -0.622385 0.170523 
0.961 -0.199452 0.287207 -0.191145 0.303382 -0.183038 0.31753 -0.174443 0.330964 -0.164414 0.34489 -0.154161 0.357437 -0.143564 0.369504 
3.979 -0.0713875 -0.0572661 -0.0803349 -0.0515569 -0.0880771 -0.0460716 -0.0952876 -0.0403617 -0.102981 -0.0337 -0.109706 -0.0271049 -0.116126 -0.0200985 
1.644 -0.445309 -0.112738 -0.459085 -0.0828988 -0.470125 -0.0556671 -0.479522 -0.0285564 -0.488207 0.00151254 -0.494757 0.0301796 -0.49983 0.0589434 
3.168 -0.341898 -0.0257636 -0.34926 -0.00347636 -0.354816 0.0169719 -0.359262 0.0369664 -0.362919 0.0590983 -0.365239 0.0800458 -0.366475 0.100903 
1.638 -0.466539 -0.137392 -0.481886 -0.106382 -0.494222 -0.0779877 -0.504806 -0.049654 -0.514766 -0.0181871 -0.522443 0.0117868 -0.528513 0.0418789 
0.965 -0.184386 0.289947 -0.175953 0.305156 -0.167946 0.318375 -0.159241 0.330937 -0.149205 0.343973 -0.13902 0.355724 -0.128457 0.366967 
0.928 -0.0933023 0.350897 -0.0817351 0.360983 -0.0710512 0.369555 -0.0601356 0.377397 -0.0478617 0.385216 -0.0359183 0.391815 -0.0238634 0.398013 
1.488 -0.537077 0.206396 -0.532182 0.241604 -0.526396 0.272893 -0.519085 0.303123 -0.509313 0.335448 -0.498411 0.36537 -0.486279 0.394491 
1.598 -0.542556 -0.164101 -0.559534 -0.128506 -0.573191 -0.0959573 -0.584888 -0.0634885 -0.595681 -0.0273918 -0.603921 0.00688812 -0.610379 0.0414453 
1.67 -0.411752 -0.117532 -0.425898 -0.0898421 -0.437336 -0.0644965 -0.44717 -0.0391542 -0.456446 -0.0109818 -0.463629 0.0158835 -0.469425 0.0429786 
4.102 0.027914 -0.302438 0.00401414 -0.301847 -0.0173123 -0.300224 -0.0379371 -0.297687 -0.0603232 -0.293644 -0.0810275 -0.288758 -0.101255 -0.282751 
1.159 -0.554198 0.305013 -0.543772 0.341437 -0.532901 0.373438 -0.520673 0.404383 -0.505438 0.437051 -0.489281 0.466931 -0.472075 0.495666 
0.763 -0.0316669 0.439241 -0.0157203 0.446313 -0.00131643 0.452025 0.0132656 0.456924 0.0293035 0.461232 0.0444967 0.464358 0.0596659 0.466906 
0.985 -0.214519 0.272826 -0.206798 0.289862 -0.199266 0.304763 -0.191074 0.318969 -0.181489 0.333767 -0.1716 0.347186 -0.161297 0.36009 
0.813 -0.0453636 0.411163 -0.030664 0.418854 -0.0172907 0.425127 -0.00385765 0.430606 0.0110119 0.435612 0.0252713 0.439518 0.0394027 0.442772 
3.059 -0.422024 0.0523079 -0.426345 0.0808244 -0.429 0.106407 -0.430197 0.131578 -0.43006 0.159073 -0.428426 0.184854 -0.42559 0.210264 
1.364 -0.565155 0.285838 -0.555519 0.322678 -0.545396 0.355197 -0.533787 0.386468 -0.519291 0.419631 -0.503841 0.450096 -0.487271 0.479382 
0.746 -0.0220792 0.450883 -0.00575517 0.457424 0.00908191 0.462658 0.0238876 0.466991 0.04016 0.470738 0.0556513 0.473341 0.0708945 0.475265 
4.145 0.0505136 0.000260238 0.0445721 -0.0014065 0.0391665 -0.00260744 0.0339372 -0.00354984 0.0280567 -0.00422377 0.02258 -0.00464042 0.017076 -0.00453689 
4.109 0.036132 -0.313395 0.0116031 -0.313285 -0.01026 -0.312077 -0.0314305 -0.309921 -0.0545035 -0.30624 -0.0758317 -0.301685 -0.096667 -0.295917 
1.582 -0.469278 0.0831256 -0.471845 0.114458 -0.472901 0.142557 -0.472477 0.170047 -0.470405 0.19985 -0.466841 0.227971 -0.462026 0.255457 
0.744 -0.052212 0.44609 -0.0361899 0.454595 -0.021619 0.461575 -0.00688905 0.467712 0.00926453 0.473368 0.0248861 0.477768 0.0404384 0.481528 
4.203 0.0936584 -0.281893 0.0709311 -0.285033 0.0505851 -0.286797 0.0307163 -0.287638 0.00894464 -0.287293 -0.0113375 -0.285892 -0.0312764 -0.283342 
1.627 -0.48366 -0.143556 -0.49937 -0.111562 -0.512025 -0.0822242 -0.522947 -0.0530296 -0.533135 -0.0205274 -0.540908 0.0104474 -0.547162 0.0415581 
0.855 -0.0796055 0.37966 -0.0666062 0.389136 -0.054591 0.397159 -0.042251 0.404447 -0.0286855 0.411453 -0.0154218 0.417301 -0.00222071 0.422564 
1.413 -0.122065 0.174894 -0.119607 0.185516 -0.117006 0.194927 -0.113975 0.204021 -0.110309 0.213706 -0.106203 0.222537 -0.101866 0.231262 
4.191 0.0874949 -0.305177 0.0634179 -0.308089 0.0418746 -0.309618 0.0208318 -0.310132 -0.00216784 -0.309381 -0.0236157 -0.307583 -0.0447032 -0.304547 
1.789 -0.393261 -0.152459 -0.408112 -0.126905 -0.420198 -0.103488 -0.430767 -0.0800673 -0.440903 -0.0540795 -0.448964 -0.0293271 -0.455721 -0.00446127 
4.191 0.0895494 0.0112176 0.0842303 0.00751444 0.0793404 0.00457078 0.0744703 0.00190169 0.0688449 -0.000761961 0.063579 -0.00302033 0.0581434 -0.00474847 
0.76 -0.069333 0.433078 -0.0538603 0.442455 -0.0396554 0.450303 -0.0252728 0.45726 -0.0093677 0.463843 0.00586396 0.469143 0.0211747 0.473834 
1.683 -0.394631 -0.113423 -0.408673 -0.0865923 -0.420161 -0.061958 -0.430058 -0.0374081 -0.439461 -0.0100654 -0.446793 0.0160352 -0.452703 0.0424091 
4.211 0.101192 -0.301068 0.0773277 -0.304622 0.0558287 -0.306712 0.0349599 -0.307781 0.0119754 -0.307664 -0.00941272 -0.306412 -0.0304569 -0.303923 
4.258 0.236789 0.00984797 0.230892 -0.00285021 0.225117 -0.0137858 0.219134 -0.0242132 0.211623 -0.035143 0.204123 -0.0451024 0.196235 -0.054266 
4.043 -0.0138611 -0.0339816 -0.0215028 -0.0317471 -0.0282459 -0.0293967 -0.0346764 -0.0268303 -0.041628 -0.0235985 -0.0479207 -0.0203024 -0.0540919 -0.0166051 
1.649 -0.434351 -0.10452 -0.447644 -0.0755006 -0.458297 -0.0490167 -0.467349 -0.0225606 -0.475718 0.00673455 -0.481931 0.034551 -0.486815 0.062617 
4.09 0.0327078 -0.353116 0.00585806 -0.352804 -0.0180514 -0.351315 -0.0412748 -0.348778 -0.0665103 -0.344592 -0.0898881 -0.339429 -0.112681 -0.332994 
4.148 0.0601014 -0.29422 0.0367353 -0.295452 0.0158653 -0.295459 -0.0044033 -0.29456 -0.026512 -0.292342 -0.0470739 -0.28914 -0.067142 -0.284815 
3.971 0.207341 0.0995617 0.206805 0.0883107 0.205683 0.0783875 0.204286 0.0688266 0.201945 0.0584648 0.199296 0.0488984 0.196172 0.0398267 
0.892 -0.234379 0.294056 -0.226201 0.312434 -0.218158 0.328581 -0.209338 0.343963 -0.198908 0.360176 -0.188295 0.374773 -0.177066 0.388834 
4.203 0.0909191 -0.268196 0.0688637 -0.271307 0.0490648 -0.273085 0.0297564 -0.273942 0.00858057 -0.273644 -0.0111467 -0.272352 -0.0305566 -0.269881 
4.008 -0.0487878 -0.107259 -0.0608312 -0.102749 -0.0714604 -0.0981219 -0.0814759 -0.0931647 -0.0922484 -0.0871265 -0.101911 -0.0809534 -0.111214 -0.0741827 
4.188 0.0888645 -0.321613 0.0637554 -0.324469 0.0412907 -0.325875 0.0193697 -0.32625 -0.00458826 -0.325297 -0.0268436 -0.323228 -0.0487187 -0.319866 
0.876 -0.18644 0.321449 -0.176381 0.33715 -0.166849 0.35075 -0.15666 0.363686 -0.145012 0.376897 -0.133318 0.388724 -0.121288 0.399957 
4.164 0.0717436 -0.31545 0.0470242 -0.317391 0.024868 -0.318027 0.00333477 -0.317665 -0.0202027 -0.315882 -0.0420809 -0.313075 -0.0634856 -0.309027 
4.199 0.101192 -0.330516 0.0756033 -0.334228 0.0526828 -0.336332 0.0303212 -0.337428 0.00574934 -0.337148 -0.0170712 -0.335754 -0.0396209 -0.333026 
4.129 0.0539378 -0.328462 0.0284073 -0.32936 0.00559218 -0.328955 -0.0165301 -0.327566 -0.0406629 -0.324658 -0.0629985 -0.320734 -0.0848925 -0.315601 
1.679 -0.404903 -0.130544 -0.419512 -0.10345 -0.431318 -0.078583 -0.441632 -0.0537109 -0.451464 -0.0260831 -0.459164 0.000427769 -0.465526 0.0268731 
4.105 0.0381865 -0.327092 0.0129207 -0.327004 -0.00958126 -0.32575 -0.0313883 -0.323568 -0.055142 -0.319817 -0.0770752 -0.315145 -0.0984739 -0.309239 
0.861 -0.220682 0.314601 -0.211056 0.332543 -0.201832 0.347987 -0.192028 0.362794 -0.180427 0.378117 -0.168717 0.391937 -0.156578 0.405134 
4.176 0.0744829 -0.278469 0.0518614 -0.280728 0.0315932 -0.281643 0.0118612 -0.281651 -0.0097352 -0.280405 -0.0298157 -0.278197 -0.0495115 -0.27482 
4.297 0.268292 0.0153267 0.262817 0.00077069 0.257257 -0.0118791 0.251356 -0.0239791 0.243944 -0.0368021 0.236343 -0.0484862 0.228379 -0.0593463 
4.191 0.0998219 -0.354486 0.0727658 -0.357987 0.048524 -0.35981 0.0248541 -0.36056 -0.00101819 -0.359841 -0.025114 -0.357932 -0.0487748 -0.354659 
0.996 -0.169319 0.292686 -0.160548 0.307037 -0.152209 0.319485 -0.143239 0.331286 -0.132938 0.343449 -0.122539 0.354326 -0.111991 0.36468 
4.211 0.10667 -0.31682 0.0817979 -0.320657 0.0594882 -0.322906 0.0377288 -0.324133 0.0138167 -0.324109 -0.00842191 -0.322927 -0.0303106 -0.32045 
1.629 -0.477496 -0.156568 -0.493699 -0.125038 -0.506806 -0.0962015 -0.518184 -0.0673987 -0.52885 -0.0353116 -0.53723 -0.0047453 -0.544014 0.025944 
1.606 -0.553513 -0.183961 -0.571401 -0.147855 -0.585847 -0.114906 -0.598252 -0.0819231 -0.609825 -0.0452687 -0.618759 -0.0102851 -0.625939 0.0246971 
4.074 0.0183263 -0.345583 -0.00811966 -0.344429 -0.0316537 -0.34219 -0.0544648 -0.339004 -0.0792175 -0.334063 -0.102036 -0.328215 -0.124301 -0.321127 
4.188 0.082701 -0.290796 0.0594218 -0.29349 0.0385407 -0.294826 0.0181999 -0.295231 -0.00405904 -0.294409 -0.0247913 -0.29256 -0.0451714 -0.2895 
4.117 0.0518833 -0.363389 0.0243246 -0.364088 -0.000269402 -0.363435 -0.0241357 -0.361727 -0.0501643 -0.358356 -0.0742452 -0.353947 -0.0978183 -0.348183 
4.125 0.0443501 -0.29285 0.0209117 -0.293244 1.80924e-05 -0.292532 -0.0202352 -0.290951 -0.0423231 -0.287883 -0.0627734 -0.283925 -0.0827486 -0.278823 
4.02 -0.0446788 -0.163416 -0.0599931 -0.158859 -0.0733958 -0.154096 -0.086239 -0.148827 -0.099963 -0.142385 -0.112466 -0.135615 -0.124427 -0.12818 
4.148 0.0710588 -0.368867 0.0432303 -0.370647 0.0183514 -0.370895 -0.00583843 -0.370049 -0.0321696 -0.367615 -0.0567015 -0.364051 -0.0806749 -0.359145 
4.105 0.0443501 -0.344898 0.0179443 -0.34513 -0.00556331 -0.344111 -0.0283656 -0.342085 -0.0531811 -0.33846 -0.0760943 -0.33384 -0.0985095 -0.327987 
3.961 -0.0871387 -0.206561 -0.105109 -0.1994 -0.12076 -0.192178 -0.135516 -0.184441 -0.151528 -0.175188 -0.165879 -0.165717 -0.179574 -0.155448 
3.945 -0.0953568 -0.180537 -0.111729 -0.173015 -0.126054 -0.165544 -0.139607 -0.157594 -0.154014 -0.148137 -0.166939 -0.138518 -0.179263 -0.128238 
1.633 -0.463115 -0.113423 -0.476805 -0.0826933 -0.487698 -0.0547664 -0.496989 -0.0269196 -0.505547 0.00392548 -0.511914 0.0332899 -0.516728 0.0626776 
4.094 0.0388714 -0.370237 0.0109629 -0.370203 -0.0139047 -0.368926 -0.0380124 -0.366582 -0.0642282 -0.362498 -0.0885167 -0.35743 -0.112224 -0.350993 
4.082 0.0190111 -0.323668 -0.00615222 -0.322512 -0.0285517 -0.320308 -0.0502598 -0.317162 -0.0737643 -0.312398 -0.0955112 -0.306763 -0.116569 -0.299924 
4.129 0.0642104 -0.381194 0.0355812 -0.382682 0.00994101 -0.38267 -0.0149365 -0.381565 -0.0421131 -0.378781 -0.0673472 -0.374817 -0.0920185 -0.369489 
4.078 0.0114779 -0.312026 -0.0129838 -0.310473 -0.0347362 -0.30796 -0.0558203 -0.304571 -0.0785999 -0.299549 -0.0996588 -0.293735 -0.120098 -0.286736 
0.799 -0.0330366 0.422805 -0.017784 0.429785 -0.00385397 0.43546 0.00987488 0.440247 0.0251641 0.444534 0.0397686 0.447709 0.0542104 0.450315 
4.082 -0.000164361 -0.138077 -0.0142704 -0.136256 -0.0268243 -0.133879 -0.0388689 -0.131081 -0.0519389 -0.127271 -0.0639148 -0.123044 -0.0755604 -0.118042 
4.262 0.272401 0.0824408 0.270835 0.0673551 0.268628 0.054072 0.266026 0.041191 0.262177 0.0273742 0.257969 0.0145133 0.253087 0.00247167 
2.277 -0.417231 0.0269689 -0.422832 0.0549259 -0.426632 0.0803276 -0.428993 0.105283 -0.430181 0.132446 -0.429854 0.157972 -0.428301 0.183471 
3.328 -0.188495 0.109834 -0.189258 0.124158 -0.189567 0.13707 -0.189099 0.149612 -0.188009 0.163203 -0.186089 0.175956 -0.183703 0.188572 
3.596 -0.329571 -0.233954 -0.349106 -0.212364 -0.365616 -0.192154 -0.380689 -0.171733 -0.395951 -0.148492 -0.409017 -0.125971 -0.420823 -0.102926 
4.031 -0.0282427 -0.095617 -0.0394751 -0.0921495 -0.0493907 -0.0884728 -0.0588164 -0.0844759 -0.0689779 -0.0795242 -0.0781429 -0.0744254 -0.0869777 -0.0687481 
4.141 0.0607862 -0.341474 0.0344535 -0.34268 0.0109141 -0.342603 -0.0118884 -0.34147 -0.0367863 -0.338803 -0.0599221 -0.335082 -0.0825127 -0.330068 
4.129 0.0498288 -0.309286 0.0254344 -0.309938 0.00365232 -0.309418 -0.0174757 -0.307921 -0.0404864 -0.304965 -0.0618395 -0.301114 -0.0826985 -0.295981 
4.211 0.214875 0.0707985 0.212742 0.0592688 0.210286 0.0491944 0.207562 0.0394939 0.203746 0.029122 0.199796 0.0194966 0.195316 0.0104712 
1.49 -0.52475 0.228311 -0.518857 0.263011 -0.512099 0.2937 -0.50392 0.323322 -0.493396 0.355209 -0.481651 0.384381 -0.468707 0.412872 
4.109 0.0340775 -0.0168607 0.0272123 -0.0171431 0.0210412 -0.0170558 0.0151099 -0.0167027 0.00857865 -0.0159129 0.00265432 -0.014904 -0.00324425 -0.0134189 
4.012 -0.0501575 -0.12438 -0.0630654 -0.119713 -0.0744579 -0.114934 -0.0852243 -0.10981 -0.0967849 -0.103606 -0.107243 -0.0971904 -0.117283 -0.0903018 
4.047 -0.0241337 -0.149719 -0.0388974 -0.1464 -0.0519759 -0.142734 -0.0643927 -0.138638 -0.077895 -0.133397 -0.0901399 -0.127845 -0.101919 -0.121493 
4.219 0.114204 -0.346952 0.087646 -0.351183 0.0637088 -0.353763 0.0403743 -0.355206 0.0147245 -0.355298 -0.00913639 -0.354135 -0.0325915 -0.351597 
0.946 -0.167265 0.307068 -0.157688 0.321402 -0.148615 0.33379 -0.139217 0.3455 -0.128484 0.357524 -0.117802 0.368268 -0.106927 0.378502 
3.984 -0.0645391 -0.0784961 -0.0748485 -0.0731868 -0.0838712 -0.0679584 -0.0923379 -0.0624737 -0.101374 -0.0559477 -0.109421 -0.0494171 -0.117121 -0.0423536 
4.203 0.10804 -0.372976 0.0801119 -0.376959 0.0549721 -0.379207 0.030462 -0.380319 0.00362423 -0.379975 -0.0213845 -0.378367 -0.0459959 -0.375336 
0.72 -0.0433091 0.459101 -0.0264584 0.467104 -0.0112007 0.473619 0.00419458 0.479203 0.0210834 0.484248 0.0372461 0.488049 0.0533361 0.491128 
0.732 -0.0138611 0.463211 0.00334552 0.469262 0.0189761 0.474006 0.0345121 0.477902 0.0514383 0.481018 0.0675937 0.483007 0.0834831 0.484297 
0.714 -0.0843994 0.457732 -0.0677576 0.468195 -0.0525744 0.476896 -0.0371352 0.484736 -0.0199949 0.492219 -0.00345671 0.498264 0.013124 0.503619 
4.141 0.0436653 -0.151089 0.0287784 -0.151878 0.0154373 -0.151853 0.00260049 -0.151247 -0.0115804 -0.149769 -0.0247276 -0.147724 -0.0376281 -0.144816 
0.747 0.0402411 0.476907 0.0580431 0.479752 0.0738039 0.481531 0.0894772 0.482578 0.106374 0.482557 0.122374 0.481693 0.137891 0.480227 
3.34 -0.179592 0.0262841 -0.183686 0.0389524 -0.186748 0.0503933 -0.189276 0.0617342 -0.191368 0.0741531 -0.19257 0.0859039 -0.193342 0.097695 
4.16 0.0799616 -0.345583 0.0534706 -0.347919 0.0297872 -0.348765 0.00673835 -0.348586 -0.0184011 -0.346847 -0.0418281 -0.344059 -0.0647613 -0.339924 
4.172 0.0655801 -0.112053 0.0528255 -0.114074 0.0412972 -0.115302 0.0301061 -0.115926 0.01784 -0.115975 0.00631322 -0.115446 -0.0050845 -0.114081 
4.141 0.0498288 -0.0846596 0.0391446 -0.0858152 0.029475 -0.0861937 0.0201112 -0.0862419 0.0097777 -0.0856579 0.000221278 -0.0846614 -0.00930492 -0.0830123 
4.164 0.0847555 -0.370237 0.0565976 -0.372829 0.0314507 -0.373842 0.006956 -0.373697 -0.0198007 -0.372016 -0.0447336 -0.369168 -0.0691804 -0.364902 
4.098 0.00942337 -0.163416 -0.00610331 -0.16216 -0.0198898 -0.160268 -0.0331908 -0.157857 -0.0476476 -0.154357 -0.0609543 -0.150411 -0.0738672 -0.145644 
4.344 0.286098 0.0228599 0.280721 0.00731531 0.275167 -0.00619385 0.269307 -0.0191486 0.26194 -0.0327996 0.25443 -0.0452763 0.246321 -0.0569452 
4.281 0.134749 -0.123695 0.121473 -0.12966 0.109376 -0.134299 0.0974751 -0.138348 0.0840952 -0.141923 0.0714466 -0.144664 0.058817 -0.146547 
0.763 0.0217504 0.454308 0.0384365 0.458145 0.053368 0.460871 0.0682095 0.462943 0.0843057 0.464098 0.0994936 0.464268 0.114323 0.463949 
3.67 -0.280948 -0.385988 -0.309431 -0.366949 -0.333986 -0.348716 -0.357065 -0.329817 -0.381128 -0.307777 -0.402515 -0.285912 -0.422495 -0.263161 
0.841 -0.197398 0.331037 -0.187142 0.347542 -0.177339 0.361886 -0.166923 0.375456 -0.154942 0.389447 -0.142849 0.402005 -0.130425 0.41387 
0.796 -0.0104369 0.433078 0.00525164 0.43855 0.0195123 0.442828 0.0338122 0.446342 0.0493301 0.449143 0.0640865 0.45093 0.0787287 0.452148 
2.428 -0.27273 0.177633 -0.268437 0.195719 -0.264005 0.211619 -0.258794 0.226966 -0.252326 0.24348 -0.245307 0.258501 -0.237855 0.273267 
0.997 -0.253554 0.260499 -0.246549 0.279623 -0.239606 0.29642 -0.23185 0.312556 -0.22258 0.329505 -0.212765 0.34496 -0.202335 0.3599 
0.874 -0.098781 0.365279 -0.086422 0.375784 -0.0749885 0.384711 -0.0632644 0.392933 -0.0501564 0.400996 -0.0374121 0.407774 -0.0245523 0.414055 
1.33 0.0929736 0.313231 0.103086 0.310945 0.111831 0.30858 0.120483 0.305864 0.129488 0.302325 0.137869 0.298483 0.145878 0.294509 
4.098 0.0429804 -0.385303 0.0142379 -0.385456 -0.0114162 -0.384295 -0.0362741 -0.382021 -0.0633072 -0.378014 -0.0884011 -0.37292 -0.112867 -0.366476 
0.826 -0.174798 0.354321 -0.163329 0.369691 -0.152597 0.382883 -0.141327 0.395265 -0.128394 0.408014 -0.115617 0.419293 -0.10253 0.429908 
2.154 0.205972 0.161882 0.207848 0.152448 0.208948 0.143921 0.209791 0.135593 0.209957 0.126387 0.209765 0.11772 0.208999 0.109479 
1.089 0.457307 0.407054 0.471802 0.382594 0.483433 0.360241 0.493896 0.337911 0.5036 0.312943 0.511366 0.289008 0.517706 0.265305 
0.886 -0.147404 0.3372 -0.136512 0.350701 -0.126281 0.362365 -0.115687 0.373214 -0.103556 0.384305 -0.0916473 0.39402 -0.0794655 0.403166 
4.145 0.0696891 -0.355171 0.0426283 -0.357009 0.0184025 -0.357406 -0.00511071 -0.356745 -0.0308031 -0.354568 -0.0547074 -0.351253 -0.0781358 -0.346601 
4.16 0.0744829 -0.330516 0.0488335 -0.33256 0.0259131 -0.333191 0.00364024 -0.332786 -0.0206611 -0.330979 -0.0432494 -0.328089 -0.0654107 -0.323929 
4.266 0.290892 0.0543624 0.287307 0.0384307 0.283365 0.0244993 0.27908 0.0111039 0.273331 -0.00321603 0.267364 -0.0163146 0.260807 -0.0286463 
4.148 0.0772223 -0.386673 0.0484605 -0.388776 0.0226849 -0.389319 -0.00235021 -0.388761 -0.0296714 -0.386534 -0.0551285 -0.383139 -0.0799929 -0.378335 
3.535 -0.356965 -0.16547 -0.372336 -0.142457 -0.38509 -0.121271 -0.396467 -0.100031 -0.407666 -0.0761611 -0.416864 -0.0532122 -0.424853 -0.0299827 
1.937 -0.169319 0.189275 -0.164833 0.201983 -0.160418 0.21312 -0.155502 0.223789 -0.149667 0.235032 -0.143532 0.245202 -0.137163 0.25513 
1.184 0.328558 0.337885 0.33932 0.32129 0.348155 0.306247 0.356172 0.291055 0.36378 0.274007 0.370144 0.257609 0.375435 0.24136 
0.916 -0.21041 0.29748 -0.201733 0.314448 -0.193296 0.329302 -0.184225 0.343409 -0.173608 0.358078 -0.162765 0.371298 -0.151535 0.384027 
0.948 -0.118641 0.331722 -0.107967 0.343219 -0.0980345 0.353026 -0.0877368 0.362159 -0.0761599 0.371294 -0.0647323 0.379247 -0.0531199 0.386727 
0.811 -0.121381 0.385824 -0.108411 0.398025 -0.0964223 0.408393 -0.0840937 0.417941 -0.0701487 0.427464 -0.0565225 0.435707 -0.0427547 0.443323 
0.914 -0.196713 0.302274 -0.187526 0.318542 -0.178751 0.332697 -0.169464 0.346038 -0.158565 0.360009 -0.147649 0.37244 -0.136332 0.384324 
3.969 -0.0789207 -0.176428 -0.094946 -0.169859 -0.108959 -0.163223 -0.122246 -0.156179 -0.136391 -0.147625 -0.14914 -0.138997 -0.161353 -0.129626 
4.223 0.121052 -0.362704 0.0935166 -0.367294 0.0687601 -0.370103 0.0445822 -0.371789 0.0180237 -0.372049 -0.0067349 -0.371032 -0.0311157 -0.368588 
4 -0.0617998 -0.190809 -0.0790371 -0.185259 -0.0942069 -0.179537 -0.108584 -0.173282 -0.123964 -0.165543 -0.137903 -0.157547 -0.151405 -0.148749 
0.925 -0.105629 0.341994 -0.0943741 0.352801 -0.0839161 0.36203 -0.0730932 0.370554 -0.0610249 0.379026 -0.0491737 0.38631 -0.0371643 0.393104 
0.829 -0.0570059 0.400205 -0.0428355 0.408525 -0.029938 0.415353 -0.016903 0.42138 -0.00247435 0.427079 0.0114333 0.431566 0.0252323 0.435511 
4.043 -0.026873 -0.178482 -0.0433336 -0.175021 -0.05781 -0.171175 -0.0717796 -0.166779 -0.0868379 -0.161118 -0.100417 -0.155042 -0.113632 -0.148217 
3.197 -0.31382 -0.0168607 -0.320607 0.00375059 -0.325762 0.0224736 -0.329748 0.0409609 -0.333117 0.0613819 -0.335228 0.0806413 -0.336357 0.099917 
3.998 -0.0604301 -0.16821 -0.075967 -0.162749 -0.0896864 -0.157131 -0.102645 -0.151039 -0.116499 -0.143651 -0.129168 -0.136017 -0.141055 -0.127752 
1.216 0.0696891 0.257759 0.0762917 0.257028 0.0821083 0.256188 0.0877923 0.255167 0.093822 0.253624 0.0994416 0.251783 0.104796 0.249943 
3.305 -0.211094 0.0173812 -0.215604 0.0315914 -0.219151 0.0445402 -0.221899 0.0574051 -0.224225 0.0715212 -0.225598 0.0847935 -0.226256 0.098089 
1.067 0.379236 0.517998 0.399738 0.498367 0.417069 0.480263 0.433147 0.461807 0.449318 0.440486 0.463419 0.419721 0.476197 0.398724 
0.771 0.00599918 0.448144 0.0226211 0.452804 0.0375722 0.456296 0.0524876 0.458958 0.0686311 0.460801 0.0839969 0.461676 0.0989489 0.461905 
1.38 0.1505 0.189275 0.152954 0.183662 0.154799 0.178598 0.156535 0.17366 0.157935 0.168171 0.159064 0.16293 0.159849 0.15794 
4.133 0.0354472 -0.123695 0.0221165 -0.124075 0.0102048 -0.123735 -0.00129173 -0.122854 -0.0139078 -0.121218 -0.025572 -0.119081 -0.0370279 -0.116177 
3.707 -0.252185 -0.386673 -0.28089 -0.369457 -0.305766 -0.352763 -0.3292 -0.335376 -0.353739 -0.314987 -0.375692 -0.294617 -0.396307 -0.273294 
0.869 -0.161101 0.337885 -0.150294 0.352198 -0.140163 0.364571 -0.129528 0.37616 -0.11749 0.388016 -0.105497 0.398495 -0.0932414 0.408377 
0.77 -0.139186 0.400205 -0.125447 0.413723 -0.112617 0.425205 -0.0994282 0.435851 -0.0845645 0.446453 -0.0699976 0.455598 -0.0552734 0.464082 
3.375 -0.177537 -0.0387755 -0.1856 -0.0264048 -0.19234 -0.015024 -0.198252 -0.00352167 -0.204156 0.00932343 -0.208952 0.0216841 -0.213048 0.0342647 
0.895 -0.171374 0.323504 -0.161356 0.338293 -0.1518 0.351171 -0.141719 0.363263 -0.130147 0.375671 -0.118656 0.386682 -0.106938 0.397131 
0.763 -0.423394 0.275565 -0.417035 0.306346 -0.410131 0.333642 -0.401888 0.359969 -0.391457 0.388033 -0.380106 0.413906 -0.367731 0.438864 
0.759 -0.40011 0.287892 -0.392925 0.31745 -0.385375 0.343474 -0.376582 0.368578 -0.365601 0.395255 -0.353801 0.419703 -0.341083 0.443305 
1.337 0.239529 0.375551 0.253273 0.363724 0.26492 0.352695 0.275993 0.341411 0.286963 0.328328 0.296705 0.315469 0.305604 0.302574 
0.771 -0.296699 0.305013 -0.288512 0.327903 -0.28002 0.348209 -0.270893 0.367591 -0.259675 0.387959 -0.248086 0.406531 -0.235839 0.424443 
0.823 -0.104945 0.383769 -0.091825 0.395026 -0.0796737 0.40458 -0.0671837 0.413405 -0.0532833 0.422008 -0.0396726 0.429342 -0.0259204 0.436121 
1.33 -0.094672 0.189275 -0.0916256 0.198377 -0.0883992 0.206476 -0.0847478 0.214235 -0.0805238 0.222347 -0.0759861 0.229919 -0.0713942 0.237204 
4.082 0.0354472 -0.403109 0.00575917 -0.402851 -0.0206742 -0.401231 -0.0463612 -0.398486 -0.0742456 -0.393887 -0.10008 -0.38824 -0.125206 -0.381196 
4.172 0.0731133 -0.301068 0.049248 -0.303319 0.0278359 -0.304219 0.00703638 -0.304181 -0.0156874 -0.302842 -0.0368781 -0.300471 -0.0576525 -0.296843 
0.881 -0.130284 0.348158 -0.118835 0.360592 -0.108223 0.371175 -0.0972376 0.380949 -0.0847519 0.390935 -0.0724686 0.399613 -0.0601843 0.407657 
4.098 0.0135324 -0.134653 -0.000399607 -0.133674 -0.0127125 -0.132137 -0.0244978 -0.130057 -0.0374959 -0.127074 -0.0493302 -0.123635 -0.0609661 -0.119511 
4.07 0.0224353 -0.375716 -0.00572808 -0.374823 -0.0307826 -0.372751 -0.0550889 -0.369632 -0.0814251 -0.364692 -0.105794 -0.3588 -0.129491 -0.351578 
4.023 0.223778 0.104356 0.223303 0.0923021 0.222261 0.0816401 0.220898 0.0713216 0.218532 0.0601546 0.215901 0.0498042 0.212727 0.0400538 
0.764 -0.08166 0.426914 -0.0665335 0.437017 -0.0527084 0.445515 -0.0386227 0.453151 -0.023059 0.460461 -0.0079806 0.466436 0.00706188 0.47184 
4.102 0.0498288 -0.398315 0.0203778 -0.398841 -0.00587158 -0.397935 -0.0313455 -0.395965 -0.0590869 -0.392232 -0.0848163 -0.387331 -0.109915 -0.381047 
1.419 -0.103575 0.120107 -0.104078 0.129484 -0.104179 0.137881 -0.103754 0.146321 -0.102928 0.155304 -0.10164 0.163636 -0.100045 0.172023 
4.371 0.25528 0.00710862 0.249004 -0.00651528 0.242805 -0.018308 0.236384 -0.0295593 0.228474 -0.0413368 0.220622 -0.052012 0.212345 -0.0618374 
3.176 -0.343953 0.0694288 -0.345527 0.0917205 -0.345979 0.111785 -0.345465 0.131369 -0.343717 0.152562 -0.34092 0.172295 -0.337316 0.191865 
1.786 -0.278893 0.196124 -0.274041 0.215123 -0.269003 0.231976 -0.263122 0.24825 -0.255892 0.26556 -0.248088 0.28139 -0.239663 0.296677 
4.246 0.110779 -0.123011 0.0973796 -0.127833 0.0851802 -0.131504 0.0734197 -0.134492 0.0600308 -0.137029 0.0477134 -0.138733 0.0351946 -0.13963 
4.07 -0.00975209 -0.170264 -0.0257383 -0.16783 -0.0398697 -0.164919 -0.0533324 -0.161423 -0.0679315 -0.156769 -0.0813886 -0.151671 -0.0944357 -0.145855 
1.291 0.0772223 0.309122 0.0872229 0.307707 0.09599 0.306069 0.10456 0.304078 0.113621 0.30129 0.122064 0.29818 0.130176 0.294917 
1.277 0.0998219 0.23516 0.105067 0.232721 0.109577 0.230437 0.11402 0.228021 0.118432 0.224976 0.122548 0.221919 0.126358 0.218943 
3.902 -0.120696 -0.213409 -0.138876 -0.204396 -0.154753 -0.195591 -0.16977 -0.186292 -0.185633 -0.17527 -0.19995 -0.164134 -0.213468 -0.152295 
0.775 0.078592 0.500877 0.0979981 0.500956 0.115116 0.50014 0.132035 0.498665 0.150068 0.495824 0.166848 0.492101 0.183172 0.487944 
4.176 0.0943432 -0.38051 0.0659722 -0.383644 0.0405505 -0.385157 0.0157814 -0.3855 -0.0113291 -0.38432 -0.0365669 -0.381934 -0.0613102 -0.378105 
1.247 0.301849 0.311177 0.311379 0.296181 0.319175 0.282233 0.326359 0.268528 0.332924 0.253056 0.33841 0.238189 0.34309 0.223357 
4.113 0.0395562 -0.0380907 0.0314033 -0.038761 0.0239668 -0.0388992 0.0169072 -0.0387073 0.00906122 -0.0380605 0.0018935 -0.037076 -0.005202 -0.0355486 
0.827 -0.219312 0.328982 -0.209086 0.346777 -0.199265 0.362257 -0.188791 0.376916 -0.176688 0.39207 -0.164462 0.405639 -0.151798 0.418564 
0.806 -0.154253 0.374866 -0.141767 0.389178 -0.13021 0.401463 -0.118095 0.412998 -0.104394 0.424593 -0.0908598 0.434772 -0.0770437 0.44429 
3.941 -0.102205 -0.214094 -0.120559 -0.206097 -0.136656 -0.198079 -0.151934 -0.189575 -0.168065 -0.179323 -0.182625 -0.16893 -0.196587 -0.157849 
1.472 0.229941 0.285838 0.238551 0.274731 0.245763 0.264583 0.252406 0.254311 0.258769 0.242672 0.264246 0.231392 0.268907 0.220287 
0.88 -0.481605 0.259814 -0.473023 0.291321 -0.464103 0.319051 -0.453952 0.345772 -0.441429 0.374203 -0.427982 0.400193 -0.413562 0.425175 
3.984 -0.0727572 -0.204506 -0.0904756 -0.198104 -0.106025 -0.191594 -0.120802 -0.184536 -0.136479 -0.175928 -0.150755 -0.167142 -0.164341 -0.157565 
4.121 0.027914 -0.155883 0.0125575 -0.15578 -0.00102572 -0.154913 -0.0141235 -0.153489 -0.0284652 -0.151078 -0.0416648 -0.148146 -0.0546353 -0.144388 
0.854 -0.248076 0.29611 -0.239546 0.315449 -0.23127 0.332328 -0.222179 0.348462 -0.21145 0.365357 -0.200461 0.380672 -0.188866 0.395295 
1.369 0.166251 0.156403 0.167578 0.149667 0.168503 0.143702 0.169087 0.137651 0.169243 0.131104 0.169178 0.124855 0.168669 0.118883 
0.797 -0.351486 0.283098 -0.344444 0.309361 -0.336935 0.332639 -0.328553 0.354982 -0.318082 0.378637 -0.306825 0.400369 -0.294885 0.421292 
0.896 -0.0823449 0.363909 -0.0702334 0.373309 -0.0590368 0.381296 -0.0475859 0.388606 -0.0348287 0.395698 -0.0223462 0.401696 -0.0098667 0.407162 
1.247 0.108725 0.146131 0.109006 0.143193 0.109078 0.140672 0.109158 0.138173 0.108889 0.135434 0.108584 0.132824 0.10808 0.130451 
1.291 -0.0700178 0.246802 -0.0632384 0.254263 -0.0568878 0.260675 -0.0503552 0.26661 -0.0428668 0.27265 -0.0356034 0.277841 -0.0281707 0.282825 
3.951 -0.0919326 -0.153828 -0.106517 -0.146632 -0.119294 -0.13955 -0.131387 -0.132091 -0.144108 -0.123168 -0.155536 -0.114218 -0.166541 -0.104675 
3.299 -0.239173 0.100247 -0.238871 0.116084 -0.238005 0.130274 -0.236381 0.144 -0.233866 0.158944 -0.230677 0.172605 -0.226902 0.186364 
3.648 -0.303547 -0.388728 -0.332155 -0.368371 -0.356832 -0.348921 -0.379989 -0.328858 -0.403993 -0.305552 -0.425291 -0.282493 -0.445187 -0.258531 
4.047 -0.0220792 -0.133968 -0.0354874 -0.1307 -0.0472875 -0.127119 -0.0586343 -0.123164 -0.0708479 -0.118111 -0.0820154 -0.112885 -0.092742 -0.106972 
4.223 0.0991371 -0.0798658 0.0885255 -0.0839156 0.0788197 -0.0870338 0.0693452 -0.0896609 0.0585367 -0.0919268 0.0486336 -0.0935139 0.0385564 -0.0944524 
0.85 -0.12549 0.363224 -0.113354 0.375669 -0.102004 0.38618 -0.0903863 0.396017 -0.0772789 0.40587 -0.0642666 0.414442 -0.0512196 0.42234 
0.943 -0.48229 0.241323 -0.474755 0.272641 -0.466826 0.300335 -0.457714 0.327077 -0.446191 0.355443 -0.433745 0.38146 -0.420368 0.406703 
4.152 0.0484591 -0.16958 0.0323187 -0.170587 0.0178196 -0.170742 0.00378353 -0.170302 -0.0115509 -0.168956 -0.0257986 -0.166966 -0.0397882 -0.163963 
4.543 0.275825 -0.111368 0.262733 -0.12595 0.250357 -0.138222 0.23791 -0.149674 0.223443 -0.161384 0.209378 -0.171668 0.194987 -0.180799 
4.074 0.0285988 -0.390097 -0.000335403 -0.389448 -0.026068 -0.387565 -0.051078 -0.384612 -0.0781838 -0.379835 -0.103292 -0.37402 -0.127767 -0.366862 
4.043 -0.0220792 -0.116162 -0.0348894 -0.113084 -0.0462123 -0.109701 -0.0569554 -0.105943 -0.0686126 -0.101136 -0.0792245 -0.096058 -0.0895401 -0.0903895 
0.778 -0.328202 0.295425 -0.320363 0.320387 -0.312348 0.342399 -0.303364 0.36352 -0.292373 0.385871 -0.280751 0.406305 -0.268501 0.425948 
1.66 -0.0905629 0.072853 -0.0938317 0.0815582 -0.0964521 0.0895189 -0.0985186 0.097433 -0.100482 0.106184 -0.101743 0.114427 -0.102644 0.122799 
4.281 0.282674 0.0721682 0.280155 0.0567362 0.277222 0.0431797 0.273911 0.0301058 0.269258 0.0160716 0.26431 0.00316302 0.258715 -0.0090114 
3.936 -0.102205 -0.119586 -0.11491 -0.111912 -0.125883 -0.104441 -0.136169 -0.0966678 -0.147073 -0.0876018 -0.15677 -0.0785347 -0.165964 -0.0689872 
4.531 0.271031 -0.0921929 0.259087 -0.106546 0.247739 -0.118627 0.236298 -0.130096 0.222988 -0.141744 0.209975 -0.152069 0.196664 -0.16125 
1.312 0.132694 0.163252 0.133857 0.158966 0.134614 0.15517 0.135379 0.151454 0.135668 0.147232 0.135907 0.143249 0.135837 0.139535 
1.427 -0.46106 0.220778 -0.455039 0.250947 -0.448253 0.277661 -0.440031 0.3035 -0.429565 0.331025 -0.418414 0.356289 -0.40636 0.38075 
3.58 -0.325462 -0.157252 -0.3403 -0.136176 -0.352715 -0.116641 -0.363893 -0.0970414 -0.374852 -0.0749526 -0.383964 -0.0537611 -0.391934 -0.0322095 
4.539 0.275825 -0.129174 0.261651 -0.143784 0.248283 -0.156177 0.234853 -0.167681 0.219363 -0.17938 0.20435 -0.18957 0.189022 -0.198645 
0.964 0.0669497 0.411848 0.0822249 0.411639 0.0956531 0.410855 0.108881 0.409435 0.122951 0.406935 0.136178 0.403849 0.148893 0.400347 
4.211 0.0874949 -0.133283 0.0737923 -0.1367 0.0611039 -0.139184 0.0490589 -0.140987 0.0355074 -0.142178 0.0229636 -0.142641 0.0103687 -0.142301 
1.258 -0.0255034 0.263923 -0.0179449 0.269147 -0.011187 0.273471 -0.00413374 0.277424 0.00367932 0.281268 0.0112754 0.284281 0.0188127 0.287159 
1.265 -0.0364608 0.252965 -0.0296979 0.258542 -0.023363 0.263373 -0.0169039 0.267731 -0.00965465 0.272058 -0.00272352 0.275699 0.00420403 0.279108 
3.258 -0.250815 0.157773 -0.247082 0.174539 -0.243316 0.189324 -0.238869 0.203612 -0.233548 0.218735 -0.227702 0.232836 -0.221287 0.246414 
4.172 0.061471 -0.140131 0.0470266 -0.141948 0.0340516 -0.142944 0.0215091 -0.143286 0.00765856 -0.142877 -0.00519544 -0.141794 -0.0177402 -0.139874 
0.973 0.123106 0.433078 0.139389 0.42932 0.153732 0.425422 0.167696 0.421037 0.182259 0.41508 0.195787 0.408838 0.208537 0.402165 
1.774 0.152554 0.145446 0.153461 0.139359 0.153815 0.133857 0.154057 0.128473 0.153742 0.122481 0.153234 0.116874 0.152271 0.111537 
4.426 0.220353 -0.150404 0.20496 -0.16169 0.190763 -0.170966 0.17657 -0.179375 0.160526 -0.187596 0.145093 -0.194558 0.129569 -0.200431 
1.103 -0.291905 0.247487 -0.284014 0.267272 -0.276163 0.284383 -0.267478 0.301027 -0.25717 0.318231 -0.246487 0.334019 -0.235335 0.34939 
4.375 0.199123 -0.0339816 0.190907 -0.0444549 0.183053 -0.0533602 0.175135 -0.0615993 0.165832 -0.0701567 0.156778 -0.0776671 0.147436 -0.0844363 
4.227 0.0970826 -0.233269 0.0774204 -0.236695 0.0596797 -0.238831 0.042414 -0.240158 0.0234008 -0.240473 0.005706 -0.239894 -0.0117278 -0.238207 
4.199 0.0854404 -0.0860293 0.0745125 -0.0895265 0.0645174 -0.0920908 0.0549559 -0.094121 0.0440745 -0.0957973 0.0339867 -0.0967966 0.0239661 -0.0971144 
3.947 -0.094672 -0.0730174 -0.104396 -0.0655272 -0.113044 -0.0584446 -0.12093 -0.0511532 -0.129539 -0.0427256 -0.136656 -0.0343892 -0.143589 -0.0257145 
0.818 -0.304232 0.288577 -0.296564 0.311901 -0.288821 0.332365 -0.280171 0.351992 -0.269664 0.372754 -0.258609 0.391631 -0.246879 0.409875 
4.191 0.0772223 -0.241487 0.0568708 -0.244144 0.038584 -0.245533 0.0207663 -0.246111 0.0012133 -0.245551 -0.0169604 -0.244143 -0.0348882 -0.241636 
1.272 -0.043994 0.265977 -0.0363035 0.272226 -0.0292933 0.277426 -0.0220526 0.28222 -0.0141218 0.286947 -0.00631156 0.290861 0.00145009 0.294545 
4.207 0.244323 0.0612108 0.241524 0.0478634 0.238334 0.036149 0.23484 0.0248621 0.230097 0.0128763 0.225124 0.00175983 0.219628 -0.00866159 
4.258 0.199123 0.0769621 0.197394 0.0662306 0.195282 0.0567579 0.192905 0.047688 0.189621 0.0378821 0.186106 0.0287744 0.182201 0.0202906 
4.207 0.0922887 -0.0545268 0.0830995 -0.0583135 0.074845 -0.0611586 0.0665117 -0.0636866 0.057177 -0.0658587 0.0487161 -0.0674455 0.0399797 -0.0684284 
4.07 -0.00221887 -0.10589 -0.0142205 -0.103789 -0.0248632 -0.101336 -0.0350458 -0.0984871 -0.0460939 -0.0947016 -0.0561463 -0.0906419 -0.0658892 -0.0859318 
4.031 -0.0241337 -0.0476784 -0.0326752 -0.0444173 -0.0402195 -0.0410535 -0.0472927 -0.0374067 -0.0548768 -0.0329889 -0.0616563 -0.0285725 -0.068147 -0.0236009 
3.656 -0.283002 -0.268196 -0.304331 -0.249293 -0.322559 -0.231438 -0.339462 -0.213153 -0.356784 -0.19225 -0.371982 -0.17178 -0.386022 -0.150679 
1.322 0.0970826 0.283783 0.105703 0.281276 0.113135 0.278656 0.120492 0.275737 0.127997 0.271996 0.134978 0.268024 0.141496 0.26392 
0.722 -0.346007 0.31871 -0.337419 0.34501 -0.328613 0.368233 -0.318691 0.39048 -0.306648 0.41404 -0.294032 0.435434 -0.280704 0.456055 
1.005 -0.153568 0.296795 -0.144735 0.310283 -0.136339 0.322011 -0.127603 0.333142 -0.117545 0.344484 -0.107422 0.354602 -0.0971445 0.364297 
3.6 -0.314505 -0.176428 -0.330487 -0.155684 -0.343902 -0.136482 -0.356047 -0.117118 -0.368188 -0.0953025 -0.378397 -0.07424 -0.387428 -0.0529981 
4.156 0.0518833 -0.120956 0.0387887 -0.122225 0.0270273 -0.122713 0.0156131 -0.122713 0.00313242 -0.121983 -0.0084885 -0.120688 -0.019942 -0.118651 
0.699 -0.253554 0.383769 -0.241439 0.4052 -0.229868 0.423772 -0.217438 0.441391 -0.20297 0.459657 -0.188355 0.476043 -0.173193 0.491637 
4.133 0.0381865 -0.101096 0.0263576 -0.10149 0.0157314 -0.101293 0.00552321 -0.100544 -0.00575985 -0.0991381 -0.0162101 -0.0973778 -0.0264863 -0.0948444 
4.211 0.238844 0.0749075 0.236944 0.0619969 0.234601 0.0506085 0.231973 0.0396411 0.228262 0.0278699 0.224233 0.016948 0.219706 0.00661187 
1.168 0.355266 0.341309 0.366115 0.323111 0.374812 0.306482 0.382725 0.289879 0.390096 0.27131 0.396144 0.25346 0.401252 0.235999 
1.295 -0.0700178 0.262553 -0.0626433 0.269907 -0.0559015 0.276298 -0.0488762 0.282142 -0.0410193 0.288131 -0.0332847 0.293265 -0.0254744 0.298148 
1.277 -0.0570059 0.238584 -0.0508548 0.245345 -0.0451224 0.251265 -0.0392026 0.256704 -0.0325947 0.26218 -0.0259789 0.266955 -0.0194061 0.27148 
0.788 -0.385728 0.278989 -0.378844 0.307429 -0.371532 0.332636 -0.362997 0.356853 -0.35233 0.382658 -0.340968 0.406236 -0.328607 0.429129 
3.688 -0.261772 -0.327092 -0.286876 -0.309401 -0.308635 -0.292421 -0.328881 -0.274943 -0.350022 -0.254613 -0.36876 -0.234423 -0.386196 -0.213497 
4.207 0.186796 0.0879195 0.185546 0.0780691 0.183885 0.0694614 0.182054 0.0611438 0.179323 0.0521936 0.17637 0.0438908 0.173061 0.0361772 
1.316 0.0854404 0.333776 0.0967418 0.331908 0.106483 0.329921 0.116178 0.327511 0.126285 0.32419 0.135684 0.320552 0.144727 0.316706 
3.635 -0.296699 -0.22916 -0.316002 -0.209576 -0.332423 -0.191187 -0.347456 -0.172567 -0.362833 -0.151265 -0.376121 -0.130495 -0.388214 -0.109381 
3.367 -0.147404 -0.0278181 -0.15482 -0.0173508 -0.16106 -0.0077145 -0.166651 0.00201137 -0.172213 0.0129717 -0.176783 0.0234784 -0.180838 0.0343927 
4.055 -0.00701274 -0.0558965 -0.0160062 -0.0540357 -0.0239873 -0.0519685 -0.0315974 -0.0495861 -0.0399238 -0.0465711 -0.0474661 -0.0433065 -0.0548367 -0.039533 
3.562 -0.331626 -0.130544 -0.345045 -0.109018 -0.356082 -0.0892351 -0.365909 -0.0692988 -0.375409 -0.0470859 -0.383204 -0.0258071 -0.38976 -0.00424496 
0.884 -0.114532 0.354321 -0.10289 0.365792 -0.0920036 0.375582 -0.0808583 0.384632 -0.0683423 0.393661 -0.0561359 0.401479 -0.0437215 0.408761 
4.41 0.213505 -0.0737022 0.202981 -0.0846426 0.193042 -0.0938818 0.183087 -0.102447 0.171507 -0.11114 0.160368 -0.118686 0.148938 -0.125363 
3.748 -0.204931 -0.173689 -0.220903 -0.159646 -0.234608 -0.146445 -0.247307 -0.132946 -0.260443 -0.117363 -0.271863 -0.102133 -0.282442 -0.0863517 
3.648 -0.300123 -0.427763 -0.330881 -0.40787 -0.357396 -0.388746 -0.382386 -0.368764 -0.408397 -0.345534 -0.431617 -0.322511 -0.453365 -0.298466 
4.586 0.29774 -0.155198 0.282205 -0.171248 0.267603 -0.184713 0.252913 -0.197184 0.235916 -0.209898 0.219553 -0.220814 0.202804 -0.230656 
1.257 -0.0193398 0.250226 -0.0126982 0.255138 -0.00669013 0.25919 -0.000444666 0.262959 0.00632341 0.266565 0.0129509 0.269525 0.0195637 0.272293 
3.926 -0.113163 -0.0812354 -0.123567 -0.0727304 -0.13261 -0.0647271 -0.140766 -0.0564833 -0.149664 -0.0470424 -0.157249 -0.037736 -0.164044 -0.0280182 
3.664 -0.278208 -0.252445 -0.298855 -0.233906 -0.316458 -0.216502 -0.332744 -0.198659 -0.349464 -0.178147 -0.364094 -0.158216 -0.377468 -0.137546 
0.818 -0.0857691 0.396096 -0.0721489 0.406128 -0.0596543 0.41457 -0.0468743 0.422321 -0.0327281 0.429732 -0.0189686 0.435924 -0.00521742 0.441541 
1.477 0.155979 0.259814 0.163235 0.253307 0.169274 0.247287 0.175124 0.241143 0.180827 0.234014 0.185886 0.227081 0.190523 0.220149 
4.168 0.248432 0.0920285 0.247428 0.0785132 0.245927 0.0665584 0.243851 0.0549478 0.240788 0.0424062 0.237225 0.0307563 0.233228 0.0196933 
0.76 -0.361759 0.299534 -0.354016 0.326687 -0.346047 0.350611 -0.336932 0.373729 -0.325701 0.398242 -0.313784 0.420625 -0.301087 0.442195 
3.607 -0.300808 -0.14698 -0.315051 -0.127361 -0.327034 -0.109131 -0.337721 -0.0907986 -0.348383 -0.0701473 -0.357249 -0.0503598 -0.36503 -0.0301166 
1.217 0.314861 0.324873 0.325064 0.309069 0.333329 0.294644 0.340826 0.280192 0.347914 0.263928 0.353841 0.248302 0.358777 0.232765 
3.627 -0.280263 -0.129859 -0.293641 -0.111281 -0.304746 -0.0940931 -0.314701 -0.0767991 -0.324537 -0.0574033 -0.332742 -0.0386673 -0.339867 -0.0197686 
3.623 -0.293275 -0.162731 -0.308389 -0.143389 -0.3211 -0.125485 -0.332603 -0.107441 -0.344068 -0.087074 -0.353772 -0.0674748 -0.362372 -0.047544 
4.094 0.261444 0.100247 0.26079 0.0860185 0.259527 0.0734038 0.257879 0.061225 0.255036 0.0480436 0.251974 0.0358069 0.248173 0.024133 
1.396 0.328558 0.302958 0.338155 0.285684 0.345687 0.269971 0.352517 0.25431 0.358784 0.236715 0.363646 0.219943 0.367639 0.203488 
0.754 -0.324777 0.309807 -0.316345 0.334721 -0.307796 0.35678 -0.298235 0.377873 -0.28673 0.400083 -0.274732 0.420334 -0.261991 0.439739 
0.729 -0.37614 0.306383 -0.368245 0.334601 -0.360094 0.359519 -0.350716 0.3835 -0.339186 0.408988 -0.326998 0.432308 -0.313769 0.454743 
3.736 -0.211779 -0.199712 -0.22915 -0.185295 -0.244063 -0.171623 -0.25792 -0.157541 -0.272227 -0.14148 -0.284769 -0.125766 -0.296361 -0.109392 
4.598 0.299795 -0.139447 0.284895 -0.155379 0.270888 -0.16876 0.256804 -0.18126 0.240479 -0.194007 0.224715 -0.205072 0.208581 -0.214985 
3.969 -0.0796055 -0.147665 -0.0941102 -0.141009 -0.106752 -0.134368 -0.118626 -0.127381 -0.131395 -0.118994 -0.142936 -0.110542 -0.153676 -0.101457 
3.764 -0.191919 -0.184646 -0.208501 -0.171264 -0.222715 -0.158521 -0.235938 -0.145482 -0.24961 -0.130575 -0.261593 -0.11586 -0.272699 -0.100693 
0.733 -0.450103 0.315286 -0.441706 0.348282 -0.432841 0.377438 -0.42259 0.405421 -0.409821 0.435124 -0.39621 0.462517 -0.381517 0.488924 
3.656 -0.259033 -0.116162 -0.27149 -0.0990569 -0.281874 -0.0832077 -0.291181 -0.0673595 -0.30049 -0.0493963 -0.308211 -0.0321576 -0.315027 -0.0145513 
3.729 -0.188495 -0.0545268 -0.197457 -0.041399 -0.204869 -0.0292967 -0.211475 -0.0171462 -0.218109 -0.00350583 -0.223496 0.00958463 -0.228125 0.0229213 
1.645 -0.215203 0.231051 -0.208288 0.246286 -0.201544 0.259541 -0.194243 0.272356 -0.185512 0.285574 -0.176581 0.297563 -0.167375 0.309127 
4.59 0.294316 -0.116847 0.280681 -0.132486 0.267858 -0.145712 0.254865 -0.158096 0.239813 -0.170743 0.225187 -0.181875 0.210142 -0.191877 
4.316 0.172415 0.0427202 0.168651 0.0338618 0.164845 0.0261252 0.160903 0.0188312 0.155978 0.0110738 0.151036 0.00404975 0.145807 -0.00243919 
1.167 -0.252869 0.236529 -0.24632 0.254687 -0.239798 0.270592 -0.232544 0.286007 -0.223851 0.302093 -0.21473 0.316885 -0.20512 0.331066 
4.008 -0.0426243 -0.0784961 -0.0531579 -0.0743124 -0.0623848 -0.0700774 -0.0710953 -0.0655211 -0.0804348 -0.0599825 -0.088771 -0.054335 -0.0966326 -0.0481315 
4.289 0.156663 -0.0545268 0.147218 -0.06213 0.138366 -0.0683288 0.129559 -0.0739668 0.119456 -0.0795966 0.109854 -0.0844532 0.100087 -0.0885378 
3.186 0.571675 -0.232585 0.549785 -0.263902 0.528903 -0.290566 0.507296 -0.315825 0.482247 -0.341855 0.457524 -0.364939 0.432028 -0.386299 
4.418 0.219669 -0.0264484 0.211814 -0.0378907 0.204235 -0.0476885 0.196559 -0.0569117 0.187388 -0.0663853 0.178412 -0.0749386 0.16914 -0.0826412 
1.414 0.133379 0.262553 0.140605 0.257497 0.146684 0.253064 0.152535 0.248222 0.158466 0.24253 0.16381 0.236917 0.168692 0.231314 
3.748 -0.216573 -0.33805 -0.242185 -0.323173 -0.264397 -0.308573 -0.285355 -0.293425 -0.307312 -0.275474 -0.326975 -0.257688 -0.345496 -0.239105 
1.274 0.101876 0.209821 0.105833 0.207297 0.109149 0.204857 0.112531 0.202345 0.115736 0.199463 0.11868 0.196496 0.121393 0.193619 
4.09 0.00668402 -0.118217 -0.00606444 -0.116996 -0.0174242 -0.115282 -0.0283095 -0.11304 -0.0401884 -0.10995 -0.0510758 -0.106512 -0.0616469 -0.102429 
3.711 -0.239173 -0.247651 -0.259357 -0.231492 -0.276691 -0.216059 -0.29283 -0.200205 -0.30955 -0.182019 -0.324257 -0.164103 -0.337865 -0.145645 
3.758 -0.191919 -0.167525 -0.207708 -0.154179 -0.221171 -0.141592 -0.233763 -0.128703 -0.246689 -0.113826 -0.257998 -0.0993468 -0.268472 -0.0842512 
0.957 -0.133708 0.324873 -0.123216 0.337323 -0.11361 0.347918 -0.103559 0.357929 -0.0921499 0.36803 -0.0806664 0.37698 -0.0692692 0.385277 
4.199 0.108725 0.0660047 0.106662 0.0608629 0.104463 0.0565075 0.102257 0.0523041 0.0995124 0.0479296 0.0966667 0.0439007 0.0936668 0.0403213 
3.756 -0.21041 -0.355855 -0.236924 -0.341201 -0.259979 -0.326931 -0.281668 -0.312067 -0.304544 -0.294302 -0.32499 -0.276762 -0.344279 -0.258186 
3.707 -0.245336 -0.349007 -0.271691 -0.332183 -0.294443 -0.316055 -0.315863 -0.299238 -0.338182 -0.279597 -0.358067 -0.260106 -0.376746 -0.23981 
3.762 -0.204246 -0.322298 -0.229001 -0.308 -0.250474 -0.294205 -0.27068 -0.279769 -0.291961 -0.26277 -0.310989 -0.245772 -0.328921 -0.228009 
3.674 -0.266566 -0.225736 -0.285537 -0.207789 -0.301747 -0.190986 -0.316744 -0.17387 -0.332 -0.154204 -0.345251 -0.134968 -0.357397 -0.115275 
3.65 -0.263142 -0.152459 -0.277664 -0.134864 -0.289922 -0.118486 -0.301056 -0.102044 -0.31225 -0.0833895 -0.321752 -0.0654943 -0.330185 -0.0472084 
0.915 -0.156307 0.324873 -0.14592 0.338766 -0.136151 0.350735 -0.125849 0.362064 -0.114149 0.373559 -0.102532 0.383707 -0.0906133 0.393317 
3.713 -0.237803 -0.323668 -0.262652 -0.307181 -0.284106 -0.29139 -0.304257 -0.275076 -0.325253 -0.255974 -0.343892 -0.23712 -0.36134 -0.217424 
3.676 -0.265197 -0.270251 -0.286791 -0.252431 -0.305328 -0.235469 -0.322584 -0.217979 -0.34035 -0.197977 -0.355926 -0.178348 -0.370382 -0.158105 
3.67 -0.243967 -0.116162 -0.256489 -0.0998002 -0.267044 -0.0844871 -0.27649 -0.0691359 -0.285981 -0.0518875 -0.293881 -0.0351552 -0.300927 -0.0181508 
1.583 0.155294 0.340625 0.167247 0.333788 0.177516 0.327131 0.187393 0.320205 0.197509 0.312247 0.206598 0.304005 0.215073 0.295932 
4.395 0.217614 0.00162991 0.211704 -0.010147 0.20583 -0.0203033 0.199829 -0.0299367 0.192417 -0.040023 0.185059 -0.0491443 0.177367 -0.0575775 
3.777 -0.188495 -0.215464 -0.206833 -0.202315 -0.222648 -0.189715 -0.237424 -0.176734 -0.2528 -0.161772 -0.266458 -0.146831 -0.279177 -0.131361 
4.188 0.078592 -0.0600055 0.0691164 -0.0631975 0.0604842 -0.0655556 0.0519059 -0.0675243 0.0425847 -0.0690569 0.0337015 -0.0700898 0.024908 -0.0704465 
3.693 -0.253554 -0.360649 -0.280346 -0.343404 -0.303568 -0.326809 -0.325361 -0.309529 -0.348053 -0.289271 -0.368337 -0.269367 -0.387309 -0.248524 
3.689 -0.233694 -0.144925 -0.247897 -0.129165 -0.259948 -0.114478 -0.270951 -0.0994922 -0.282055 -0.0825364 -0.291551 -0.0661263 -0.300151 -0.0492943 
4.516 0.262813 -0.140816 0.248205 -0.154644 0.234502 -0.16609 0.220797 -0.176626 0.205036 -0.187288 0.189839 -0.196486 0.174337 -0.204394 
3.99 -0.0659088 -0.12575 -0.0789351 -0.119839 -0.0904613 -0.113939 -0.101215 -0.107661 -0.112777 -0.100183 -0.123064 -0.0925718 -0.132935 -0.0844502 
2.191 0.638789 0.0749075 0.634339 0.0387734 0.628624 0.00707472 0.621518 -0.0236425 0.611851 -0.0565207 0.601128 -0.0868607 0.588933 -0.115833 
3.584 -0.317244 -0.126435 -0.330374 -0.105787 -0.34115 -0.0867516 -0.350773 -0.0676117 -0.360109 -0.0462084 -0.367757 -0.0256674 -0.374312 -0.00487216 
0.921 -0.181646 0.308437 -0.17223 0.323839 -0.163347 0.337182 -0.153773 0.349985 -0.142792 0.363126 -0.13167 0.374853 -0.120329 0.386028 
4.562 0.27788 -0.0600055 0.267823 -0.0748679 0.258156 -0.0876765 0.248247 -0.0997014 0.236522 -0.112222 0.225022 -0.123307 0.213124 -0.133436 
3.615 -0.291905 -0.112053 -0.30415 -0.0928934 -0.31432 -0.0750935 -0.323299 -0.0573478 -0.332117 -0.0373685 -0.339239 -0.0184173 -0.345439 0.000982528 
4.012 -0.0392001 -0.0415149 -0.0475659 -0.0377902 -0.0549981 -0.0340379 -0.0618525 -0.0300068 -0.0692316 -0.0251525 -0.0758335 -0.0202539 -0.0821458 -0.0149083 
3.787 -0.18781 -0.273675 -0.209857 -0.260418 -0.228945 -0.247569 -0.246885 -0.234341 -0.26575 -0.218689 -0.282589 -0.203084 -0.298421 -0.186526 
1.18 -0.0830297 0.312546 -0.0725169 0.320743 -0.062853 0.327485 -0.052928 0.333685 -0.0418534 0.339801 -0.0309011 0.345052 -0.0199143 0.349873 
3.5 -0.128229 -0.0223394 -0.135368 -0.0130371 -0.141371 -0.00432421 -0.146749 0.00443376 -0.152246 0.0142684 -0.156712 0.0237749 -0.160736 0.0334681 
3.711 -0.228215 -0.181907 -0.244793 -0.166464 -0.258996 -0.151796 -0.272094 -0.136944 -0.285433 -0.119988 -0.297075 -0.103366 -0.307739 -0.086173 
3.682 -0.255609 -0.204506 -0.273374 -0.187355 -0.288506 -0.171308 -0.302486 -0.154866 -0.316801 -0.136145 -0.329146 -0.117862 -0.340442 -0.0991006 
1.495 -0.363128 0.215984 -0.357386 0.240606 -0.351222 0.262386 -0.3441 0.28341 -0.335152 0.305788 -0.325627 0.32629 -0.315219 0.346049 
4.379 0.197754 -0.0757567 0.18703 -0.0859002 0.176974 -0.0944096 0.166961 -0.102214 0.155384 -0.110061 0.144292 -0.116884 0.132907 -0.122761 
3.691 -0.2289 -0.131229 -0.242154 -0.11567 -0.253374 -0.101215 -0.263557 -0.0865339 -0.273918 -0.0698865 -0.282623 -0.0539089 -0.29049 -0.0373721 
3.771 -0.200137 -0.288741 -0.222697 -0.274743 -0.242294 -0.26111 -0.260723 -0.246977 -0.280038 -0.230484 -0.297202 -0.214027 -0.313409 -0.196933 
1.586 0.19433 0.261183 0.201802 0.251946 0.207916 0.243512 0.213664 0.234974 0.219153 0.225354 0.22392 0.21613 0.228096 0.207031 
4.441 0.229256 -0.0627448 0.219206 -0.0746091 0.209695 -0.0848047 0.20006 -0.0941656 0.188814 -0.10375 0.177855 -0.112382 0.166623 -0.119962 
3.641 -0.29259 -0.214779 -0.310948 -0.195341 -0.326528 -0.177236 -0.340733 -0.158853 -0.355215 -0.137914 -0.367671 -0.117747 -0.379014 -0.0969278 
3.848 -0.108369 -0.0127517 -0.114745 -0.00469138 -0.120052 0.00288293 -0.124856 0.0105553 -0.129716 0.0191543 -0.133893 0.0274373 -0.137625 0.0359403 
3.668 -0.248076 -0.138762 -0.261865 -0.122242 -0.273528 -0.106881 -0.284066 -0.0913621 -0.294693 -0.0738538 -0.303756 -0.0568888 -0.311834 -0.0395677 
3.553 -0.306972 -0.108629 -0.319284 -0.0883935 -0.32938 -0.0699546 -0.338281 -0.0513204 -0.347016 -0.030504 -0.35397 -0.0105841 -0.359964 0.00955897 
3.682 -0.275469 -0.411327 -0.305217 -0.392723 -0.330951 -0.374774 -0.355203 -0.356083 -0.380529 -0.334257 -0.40313 -0.312521 -0.424343 -0.289843 
3.922 -0.111793 -0.156568 -0.126516 -0.14828 -0.139366 -0.140218 -0.151312 -0.131783 -0.164117 -0.121859 -0.175298 -0.111868 -0.186058 -0.101406 
3.654 -0.280948 -0.222997 -0.299777 -0.204351 -0.315757 -0.186841 -0.330513 -0.169023 -0.34554 -0.148746 -0.358521 -0.129078 -0.370417 -0.108892 
4.359 0.192275 -0.126435 0.178768 -0.13595 0.166231 -0.143831 0.153778 -0.15095 0.139642 -0.157883 0.126087 -0.163807 0.112425 -0.168697 
3.611 -0.31382 -0.246281 -0.333996 -0.225677 -0.351172 -0.206284 -0.366975 -0.186655 -0.383032 -0.164497 -0.396888 -0.142547 -0.409585 -0.120254 
0.836 -0.115217 0.372812 -0.102598 0.384541 -0.0908843 0.394573 -0.0788002 0.403826 -0.0653514 0.412966 -0.052074 0.420848 -0.038654 0.428162 
4.164 0.0580468 -0.249021 0.0377528 -0.250488 0.0195325 -0.250847 0.00188509 -0.250408 -0.0174847 -0.248783 -0.0354914 -0.246376 -0.0531443 -0.242907 
3.377 -0.141241 0.100247 -0.140914 0.109976 -0.140302 0.11859 -0.139213 0.127049 -0.137636 0.136185 -0.135631 0.144675 -0.133337 0.15301 
1.585 0.189536 0.239269 0.195631 0.23074 0.200613 0.222931 0.205271 0.215114 0.209603 0.206222 0.213293 0.19771 0.21644 0.189193 
3.709 -0.237803 -0.232585 -0.257142 -0.216374 -0.273719 -0.200993 -0.28912 -0.185248 -0.304994 -0.167224 -0.318867 -0.149509 -0.331697 -0.131256 
3.701 -0.247391 -0.221627 -0.266124 -0.20509 -0.282096 -0.189458 -0.296932 -0.17354 -0.312219 -0.155232 -0.325552 -0.137329 -0.337832 -0.118862 
1.341 0.08681 0.352267 0.0990494 0.350239 0.109772 0.34806 0.120251 0.345483 0.131354 0.341891 0.141704 0.337965 0.151625 0.33386 
1.292 -0.165895 0.269401 -0.156838 0.281776 -0.148351 0.292478 -0.139397 0.302511 -0.129201 0.312807 -0.118989 0.321898 -0.108629 0.330602 
3.678 -0.263142 -0.25039 -0.283616 -0.232721 -0.301124 -0.216109 -0.317394 -0.199053 -0.334093 -0.179505 -0.348669 -0.160347 -0.362214 -0.140543 
3.916 -0.115902 -0.227791 -0.134786 -0.219123 -0.151292 -0.210558 -0.166907 -0.20144 -0.183465 -0.190529 -0.198339 -0.179498 -0.212498 -0.167738 
3.918 -0.117272 -0.0613752 -0.126604 -0.0527789 -0.13466 -0.0446801 -0.142084 -0.036437 -0.149798 -0.0269694 -0.156331 -0.0177973 -0.162369 -0.00821467 
3.969 -0.0789207 -0.0853445 -0.0897718 -0.0787656 -0.0992121 -0.0723773 -0.108048 -0.0657536 -0.117467 -0.0579851 -0.125873 -0.0502447 -0.133616 -0.0420228 
3.719 -0.2289 -0.203821 -0.246646 -0.188199 -0.261819 -0.173485 -0.275873 -0.158398 -0.29033 -0.141266 -0.302975 -0.124417 -0.314592 -0.107082 
3.527 -0.362444 -0.2319 -0.381737 -0.208408 -0.397846 -0.186558 -0.41256 -0.164498 -0.427178 -0.139602 -0.439634 -0.115659 -0.450725 -0.0911535 
4.137 0.0470894 -0.0641145 0.0374327 -0.0650791 0.0286938 -0.0653485 0.0202988 -0.0653735 0.0110504 -0.0648751 0.00252721 -0.063865 -0.00586656 -0.0624036 
3.623 -0.297384 -0.178482 -0.313537 -0.15886 -0.327109 -0.140518 -0.339416 -0.122047 -0.351753 -0.101237 -0.362216 -0.0810792 -0.371549 -0.0605542 
3.98 -0.0720723 -0.10315 -0.0836813 -0.0968496 -0.0938844 -0.0906937 -0.103411 -0.0843232 -0.113609 -0.0767699 -0.122618 -0.0691967 -0.131102 -0.0611031 
3.633 -0.245336 -0.0867141 -0.256278 -0.0702722 -0.26541 -0.0550917 -0.27346 -0.039858 -0.281402 -0.0227778 -0.287953 -0.00636489 -0.293601 0.0102505 
0.867 -0.465169 0.261183 -0.457027 0.292168 -0.448498 0.319416 -0.438594 0.34555 -0.426283 0.373267 -0.413154 0.398749 -0.39907 0.423172 
4.219 0.103931 -0.0312423 0.0959647 -0.0356158 0.0885761 -0.0391168 0.0814778 -0.0422126 0.0733185 -0.0451378 0.0656622 -0.0474431 0.0578721 -0.0492067 
3.637 -0.275469 -0.142871 -0.289519 -0.124657 -0.301316 -0.107654 -0.311967 -0.0905473 -0.322548 -0.0713319 -0.331454 -0.0527963 -0.339341 -0.0337512 
1.302 -0.0960416 0.247487 -0.0893646 0.256587 -0.0829632 0.264467 -0.0764001 0.27187 -0.0687996 0.279486 -0.0611495 0.286218 -0.0534867 0.292608 
3.385 -0.372716 -0.190125 -0.389608 -0.165792 -0.403691 -0.143469 -0.416313 -0.121094 -0.428735 -0.0960878 -0.439043 -0.0716406 -0.448034 -0.0471735 
3.912 -0.115902 -0.140816 -0.129839 -0.132331 -0.141969 -0.124096 -0.153201 -0.115581 -0.165037 -0.105516 -0.175649 -0.0955761 -0.185579 -0.0850373 
1.623 0.202548 0.187221 0.205501 0.177952 0.207754 0.169705 0.209642 0.161496 0.211036 0.152463 0.211983 0.143947 0.212414 0.135566 
1.267 0.102561 0.194069 0.105549 0.191519 0.108087 0.188977 0.110608 0.18643 0.113001 0.183658 0.115156 0.18085 0.117038 0.178098 
3.832 -0.156992 -0.27162 -0.178717 -0.259883 -0.197608 -0.24851 -0.215398 -0.236701 -0.234158 -0.222588 -0.250931 -0.208489 -0.266838 -0.193653 
3.691 -0.253554 -0.262033 -0.274733 -0.245005 -0.292926 -0.22883 -0.309903 -0.212162 -0.327388 -0.192897 -0.342771 -0.173918 -0.356979 -0.15433 
3.799 -0.176852 -0.328462 -0.201913 -0.315871 -0.223733 -0.303487 -0.244371 -0.290455 -0.266163 -0.275081 -0.285725 -0.259521 -0.304327 -0.243095 
3.795 -0.178907 -0.228476 -0.197886 -0.215684 -0.214299 -0.203369 -0.229667 -0.19061 -0.245697 -0.175826 -0.259924 -0.161117 -0.27324 -0.145834 
0.688 -0.283687 0.38103 -0.271958 0.404502 -0.260504 0.424797 -0.24819 0.444207 -0.233797 0.464419 -0.219128 0.48262 -0.203969 0.499911 
3.754 -0.211094 -0.255184 -0.231598 -0.240667 -0.24933 -0.226548 -0.265975 -0.211955 -0.283208 -0.195094 -0.298457 -0.178587 -0.312712 -0.161302 
4.336 0.182002 -0.151089 0.166893 -0.159915 0.153071 -0.167102 0.139405 -0.173466 0.123943 -0.179603 0.109252 -0.184533 0.0945637 -0.188442 
1.56 0.19433 0.199548 0.198075 0.190789 0.201048 0.182874 0.203698 0.175061 0.205981 0.166478 0.20768 0.15801 0.208919 0.149956 
3.725 -0.235749 -0.378455 -0.263614 -0.36215 -0.287774 -0.346351 -0.310618 -0.329761 -0.334476 -0.3103 -0.355774 -0.291068 -0.375963 -0.27066 
1.174 -0.0166005 0.36117 -0.00368448 0.365704 0.00796566 0.369325 0.0197011 0.372289 0.0324707 0.37468 0.0446641 0.376255 0.0566333 0.377265 
4.508 0.255965 -0.117532 0.242463 -0.130962 0.229777 -0.142315 0.217056 -0.152751 0.202356 -0.163407 0.188169 -0.172495 0.173687 -0.180647 
3.191 -0.323408 -0.0928777 -0.334736 -0.0718036 -0.343703 -0.052404 -0.351649 -0.0330396 -0.359094 -0.0114728 -0.364966 0.00912359 -0.36996 0.0299213 
1.464 0.125161 0.411848 0.140523 0.407856 0.15389 0.403698 0.166862 0.398918 0.180502 0.392884 0.193017 0.38645 0.204889 0.379627 
3.982 0.246377 0.113943 0.246332 0.100584 0.245592 0.0887697 0.244558 0.0772425 0.242493 0.0647837 0.239977 0.0531927 0.236922 0.0421208 
3.938 -0.103575 -0.102465 -0.115245 -0.0945745 -0.125321 -0.0869853 -0.134714 -0.079115 -0.144616 -0.0699689 -0.153304 -0.0609514 -0.161424 -0.0514461 
1.644 0.192275 0.161882 0.194014 0.153202 0.195135 0.145435 0.196009 0.137756 0.196266 0.129291 0.1962 0.121257 0.195688 0.113563 
4.246 0.23405 0.035187 0.230113 0.022356 0.225872 0.0112186 0.221436 0.000483822 0.215615 -0.0108664 0.209728 -0.0212685 0.203309 -0.030968 
4.301 0.160088 -0.00179427 0.153723 -0.00985633 0.147675 -0.0167189 0.141529 -0.0231921 0.134248 -0.0297593 0.127135 -0.0356702 0.119854 -0.040909 
1.979 0.362115 0.289947 0.371073 0.270406 0.37807 0.252759 0.384237 0.235225 0.389593 0.215669 0.393701 0.197076 0.396879 0.178806 
3.719 -0.237118 -0.305862 -0.26076 -0.289511 -0.28119 -0.273889 -0.300312 -0.257652 -0.320256 -0.238902 -0.337846 -0.22025 -0.354359 -0.200916 
4.422 0.223093 -0.011382 0.216074 -0.0231792 0.209178 -0.0332625 0.202293 -0.0428769 0.193793 -0.0528518 0.185608 -0.0617511 0.176813 -0.0699424 
1.236 0.0594165 0.330352 0.0704706 0.329918 0.08014 0.329091 0.08972 0.32782 0.099803 0.325868 0.109208 0.323479 0.118256 0.320896 
3.609 -0.296014 -0.131913 -0.30939 -0.112346 -0.320523 -0.0942692 -0.330472 -0.0761187 -0.340257 -0.0557829 -0.348317 -0.0362647 -0.355403 -0.0164359 
4.051 -0.0152308 -0.0757567 -0.0255729 -0.07287 -0.0347165 -0.0697777 -0.043364 -0.0663888 -0.0526891 -0.0622041 -0.061081 -0.0577981 -0.0691808 -0.0528651 
3.674 -0.238488 -0.102465 -0.250156 -0.0863381 -0.259947 -0.07136 -0.268677 -0.0564044 -0.277354 -0.0396172 -0.284533 -0.0234532 -0.29086 -0.00702682 
1.235 0.0758526 0.285838 0.0845954 0.284651 0.0922698 0.283244 0.0998607 0.281533 0.10772 0.279092 0.115047 0.276342 0.122129 0.27342 
3.898 -0.126174 -0.114792 -0.138657 -0.10572 -0.149416 -0.0970237 -0.159338 -0.0880449 -0.169669 -0.0776725 -0.179002 -0.067477 -0.187594 -0.0568226 
3.895 -0.133708 -0.0839748 -0.144101 -0.0744583 -0.152801 -0.0654594 -0.160864 -0.056308 -0.169378 -0.0459025 -0.176568 -0.0357306 -0.183533 -0.0252366 
3.738 -0.217258 -0.234639 -0.236666 -0.219707 -0.253396 -0.205465 -0.268988 -0.190926 -0.285198 -0.174079 -0.299426 -0.157487 -0.312708 -0.140282 
3.723 -0.235749 -0.359964 -0.262604 -0.343588 -0.285845 -0.327754 -0.307789 -0.311171 -0.33067 -0.291754 -0.351101 -0.27247 -0.370308 -0.252324 
1.388 -0.393261 0.224202 -0.387562 0.250567 -0.381355 0.273931 -0.374074 0.296559 -0.364826 0.320614 -0.354804 0.342717 -0.343948 0.364113 
3.727 -0.223421 -0.218888 -0.242028 -0.203578 -0.258002 -0.18916 -0.27285 -0.174321 -0.288163 -0.157301 -0.301628 -0.140627 -0.31409 -0.123228 
2.207 -0.261088 0.1701 -0.257643 0.187961 -0.253929 0.203759 -0.249567 0.219171 -0.243876 0.235571 -0.237626 0.250702 -0.230811 0.265449 
3.83 -0.159732 -0.306547 -0.183429 -0.295014 -0.20412 -0.283702 -0.22367 -0.27184 -0.244313 -0.25758 -0.262931 -0.243192 -0.280565 -0.227965 
3.297 0.438132 0.0338173 0.432541 0.00946855 0.426484 -0.0117461 0.419696 -0.0323247 0.410861 -0.0541772 0.401495 -0.0742497 0.391208 -0.0933626 
3.773 -0.187125 -0.201082 -0.204644 -0.187875 -0.219743 -0.175266 -0.233837 -0.162335 -0.248429 -0.147439 -0.261317 -0.132713 -0.273259 -0.117364 
4.309 0.165566 -0.0189152 0.158495 -0.0272296 0.151836 -0.0342999 0.145116 -0.0408029 0.137177 -0.0475348 0.129502 -0.0534234 0.121596 -0.0586806 
4.172 0.0703739 -0.0798658 0.0597343 -0.082538 0.050061 -0.0844243 0.0406525 -0.0857859 0.0301206 -0.086784 0.0204196 -0.0870957 0.0106085 -0.0868309 
1.258 -0.115217 0.233105 -0.109303 0.243133 -0.103709 0.25194 -0.0977906 0.2602 -0.090814 0.268859 -0.0836364 0.276532 -0.0764574 0.283941 
3.801 -0.180277 -0.29559 -0.203415 -0.282702 -0.223497 -0.270192 -0.242411 -0.257058 -0.262311 -0.241667 -0.280135 -0.22611 -0.296972 -0.209769 
4.074 0.000520477 -0.0812354 -0.00998437 -0.0797035 -0.0192877 -0.0779526 -0.0282233 -0.0755966 -0.0379875 -0.0726785 -0.0468638 -0.0694081 -0.0555003 -0.0656326 
4.031 -0.0234488 -0.0168607 -0.030159 -0.0139058 -0.0360718 -0.0110043 -0.0415656 -0.00790118 -0.0475367 -0.00414598 -0.052817 -0.00038209 -0.0579215 0.00381225 
3.678 -0.25013 -0.16821 -0.265543 -0.151449 -0.278571 -0.135763 -0.290479 -0.119796 -0.30264 -0.101714 -0.313023 -0.0841412 -0.322367 -0.0661347 
3.947 -0.0796055 -0.00521846 -0.0854212 0.00114086 -0.0904281 0.00710218 -0.095203 0.0130438 -0.0998945 0.019864 -0.103826 0.0264335 -0.10754 0.0333049 
4.02 -0.0453636 -0.142871 -0.0590663 -0.138525 -0.0711906 -0.133983 -0.0826889 -0.128992 -0.0950051 -0.122857 -0.106161 -0.116524 -0.116863 -0.109551 
3.645 -0.278208 -0.112738 -0.290464 -0.0944178 -0.300658 -0.0774827 -0.309768 -0.0605158 -0.318733 -0.04135 -0.32602 -0.0230541 -0.332352 -0.00453246 
3.77 -0.200137 -0.33668 -0.225718 -0.3225 -0.24786 -0.308883 -0.268848 -0.294389 -0.290849 -0.277464 -0.310567 -0.260464 -0.329175 -0.242502 
4.203 0.145706 0.0776469 0.143856 0.070125 0.142132 0.0636675 0.140447 0.0574708 0.138014 0.0508096 0.135277 0.0446488 0.132872 0.0389781 
4.316 0.167621 -0.196288 0.149618 -0.204132 0.133209 -0.210248 0.117089 -0.215529 0.0990248 -0.220263 0.0819798 -0.223766 0.0649807 -0.226185 
1.058 0.391563 0.463211 0.408983 0.443079 0.423481 0.424495 0.436885 0.405593 0.449964 0.384235 0.461221 0.363384 0.471062 0.342617 
2.178 -0.430927 -0.249021 -0.452072 -0.220475 -0.469739 -0.194032 -0.485696 -0.16735 -0.501507 -0.137395 -0.514771 -0.10848 -0.526508 -0.0791676 
1.27 0.282674 0.306383 0.292011 0.292217 0.299614 0.279221 0.306512 0.266203 0.313131 0.251624 0.318591 0.237465 0.323116 0.22351 
3.082 0.590166 -0.175058 0.571658 -0.207665 0.553714 -0.235726 0.534924 -0.262227 0.512597 -0.289738 0.490544 -0.314637 0.467356 -0.337524 
4.422 0.217614 -0.0538419 0.208199 -0.0651939 0.199205 -0.0746212 0.190127 -0.083492 0.179562 -0.0927663 0.169257 -0.100748 0.158713 -0.108005 
0.87 -0.205616 0.31734 -0.195885 0.334356 -0.186458 0.349189 -0.176429 0.363299 -0.164841 0.377842 -0.153181 0.390888 -0.140983 0.403263 
3.551 -0.348747 -0.146295 -0.362972 -0.123464 -0.374684 -0.102663 -0.385006 -0.0817592 -0.395085 -0.0582849 -0.403228 -0.0359872 -0.410199 -0.0133545 
4.473 0.242268 -0.015491 0.235194 -0.028578 0.22816 -0.0396568 0.220947 -0.0502415 0.212206 -0.0613298 0.203647 -0.0713233 0.194568 -0.0803244 
3.756 -0.204246 -0.225051 -0.223266 -0.210821 -0.239651 -0.197345 -0.254953 -0.183447 -0.270887 -0.167298 -0.284872 -0.151427 -0.297922 -0.135173 
4.102 0.0265443 -0.0524723 0.0175212 -0.0523597 0.00945898 -0.0519015 0.00166711 -0.0510205 -0.00682184 -0.0496733 -0.0146983 -0.0479764 -0.0223076 -0.0456463 
3.775 -0.195343 -0.248336 -0.215492 -0.234708 -0.23282 -0.221612 -0.249142 -0.207898 -0.266163 -0.192066 -0.281209 -0.17649 -0.295304 -0.160241 
3.781 -0.183016 -0.0791809 -0.193252 -0.0663941 -0.20186 -0.0545163 -0.209576 -0.042574 -0.217402 -0.029083 -0.223905 -0.0160681 -0.229794 -0.00274738 
3.732 -0.222052 -0.318874 -0.246476 -0.303635 -0.267585 -0.289025 -0.287448 -0.273802 -0.308264 -0.255901 -0.326789 -0.238167 -0.344227 -0.219669 
3.793 -0.183016 -0.311341 -0.207189 -0.298384 -0.228056 -0.285829 -0.247825 -0.272603 -0.26867 -0.257028 -0.287288 -0.241366 -0.304946 -0.224968 
4.277 0.1505 -0.087399 0.139501 -0.0949754 0.129191 -0.100953 0.119077 -0.106334 0.107563 -0.111544 0.0965703 -0.115897 0.0855257 -0.11943 
3.938 -0.0994658 -0.134653 -0.113117 -0.126988 -0.124974 -0.11949 -0.136202 -0.111693 -0.148121 -0.102473 -0.158847 -0.0932761 -0.169098 -0.0835042 
1.302 -0.0912478 0.271456 -0.0831118 0.280274 -0.0754832 0.287857 -0.0676184 0.294919 -0.0586629 0.302035 -0.0497567 0.308196 -0.0409143 0.313986 
4.09 0.160772 0.085865 0.159569 0.0776015 0.157962 0.0703309 0.156171 0.0633026 0.153517 0.0557823 0.150766 0.0488578 0.147615 0.0424125 
3.947 -0.0974113 -0.0880838 -0.10832 -0.0805064 -0.117906 -0.073305 -0.126858 -0.0658731 -0.136041 -0.0571447 -0.144191 -0.0485627 -0.151903 -0.0395276 
4.188 0.0840707 -0.00179427 0.0779487 -0.00531468 0.0723228 -0.00809872 0.0668272 -0.0105801 0.0605098 -0.0129323 0.054611 -0.0148684 0.0486499 -0.0161943 
0.918 -0.248076 0.278304 -0.240443 0.297497 -0.23282 0.3143 -0.224602 0.330341 -0.214698 0.347212 -0.204376 0.362522 -0.193642 0.377218 
4.27 0.142967 -0.0606903 0.133168 -0.0676076 0.12406 -0.0732659 0.115139 -0.0783341 0.104865 -0.0833316 0.0951249 -0.0876126 0.0852009 -0.0910724 
4.301 0.160088 -0.179852 0.143104 -0.187476 0.127644 -0.193463 0.112438 -0.198653 0.0954003 -0.203322 0.0792721 -0.206895 0.0631619 -0.209389 
4.465 0.239529 -0.0880838 0.227788 -0.100726 0.216749 -0.111429 0.205604 -0.12111 0.192686 -0.131271 0.180175 -0.140069 0.167325 -0.148025 
4.188 0.0758526 -0.166155 0.0598406 -0.168601 0.0454263 -0.169987 0.0314129 -0.17077 0.0159297 -0.170756 0.00161741 -0.169908 -0.0125334 -0.168218 
3.598 -0.311766 -0.160677 -0.326961 -0.140036 -0.339657 -0.121098 -0.351075 -0.101953 -0.362434 -0.0805563 -0.371873 -0.0597972 -0.380211 -0.0388525 
3.805 -0.172743 -0.342843 -0.198457 -0.330605 -0.220915 -0.318485 -0.24216 -0.30563 -0.264625 -0.290197 -0.284831 -0.274683 -0.303995 -0.258241 
4.234 0.10941 -0.0894535 0.0980598 -0.0940735 0.0876965 -0.0976358 0.0774319 -0.100683 0.066096 -0.103294 0.0553271 -0.105211 0.0445611 -0.106328 
3.824 -0.163841 -0.291481 -0.186748 -0.279663 -0.206695 -0.268127 -0.225489 -0.256082 -0.245293 -0.241623 -0.263133 -0.227161 -0.279989 -0.211838 
1.216 0.0464046 0.263238 0.0536515 0.264072 0.0600193 0.264552 0.0664616 0.264747 0.0732391 0.264463 0.0797391 0.263805 0.0859432 0.263029 
3.199 0.55113 -0.180537 0.532534 -0.210897 0.514446 -0.236785 0.49577 -0.261449 0.473698 -0.28686 0.451883 -0.309646 0.429133 -0.330622 
4.105 0.027914 0.0050541 0.0219731 0.0050763 0.0165941 0.00539117 0.0114904 0.00593406 0.00579056 0.00687153 0.0006121 0.00802051 -0.00456857 0.00957999 
1.134 0.362115 0.35843 0.373883 0.340067 0.383377 0.323316 0.391999 0.306532 0.400285 0.287706 0.406915 0.269579 0.412399 0.251581 
4.395 0.209396 -0.123695 0.195466 -0.134349 0.182523 -0.143167 0.16966 -0.151215 0.155048 -0.15907 0.141014 -0.165742 0.126842 -0.171338 
1.076 -0.000849199 0.366648 0.012148 0.370333 0.0238651 0.373086 0.0355516 0.375277 0.0482195 0.376866 0.0603333 0.377704 0.0721414 0.378082 
4.406 0.21419 -0.137392 0.199901 -0.14815 0.186639 -0.157118 0.173395 -0.165249 0.158398 -0.173203 0.144012 -0.179932 0.129487 -0.185658 
1.356 0.112149 0.261183 0.119132 0.258065 0.125317 0.254898 0.131089 0.251736 0.137319 0.247591 0.142937 0.243456 0.148122 0.239339 
1.282 -0.12412 0.261183 -0.116499 0.271786 -0.109299 0.280913 -0.101759 0.289549 -0.0930542 0.298354 -0.0843481 0.306178 -0.0755272 0.313597 
3.639 -0.296014 -0.297644 -0.319217 -0.277956 -0.339007 -0.259275 -0.357488 -0.24018 -0.376456 -0.218276 -0.393111 -0.196817 -0.408489 -0.174653 
1.793 -0.202876 0.198178 -0.197692 0.21253 -0.192597 0.225203 -0.186842 0.237413 -0.179891 0.250264 -0.172657 0.261975 -0.165008 0.273185 
1.271 -0.109738 0.218039 -0.104503 0.227887 -0.0995525 0.236316 -0.0941595 0.244494 -0.0879734 0.25292 -0.0814508 0.260588 -0.0748003 0.267868 
4.363 0.19159 -0.108629 0.178702 -0.118118 0.166764 -0.126002 0.154942 -0.133169 0.141383 -0.140182 0.12839 -0.146135 0.11532 -0.151177 
3.656 -0.265197 -0.16684 -0.280486 -0.149116 -0.293427 -0.132483 -0.305176 -0.115789 -0.317072 -0.0967238 -0.327166 -0.0784092 -0.336194 -0.0597062 
2.236 0.600438 0.105725 0.597875 0.0719935 0.593942 0.0422886 0.588919 0.0133329 0.58144 -0.0178283 0.572835 -0.0466472 0.562883 -0.0743976 
1.378 0.139543 0.210505 0.143684 0.205629 0.147202 0.200862 0.150419 0.196279 0.153516 0.190929 0.156257 0.185759 0.158648 0.180784 
4.293 0.147761 -0.143556 0.133014 -0.150539 0.119527 -0.155854 0.10628 -0.160716 0.0914199 -0.164968 0.0772926 -0.168349 0.0631844 -0.170647 
3.729 -0.230955 -0.346268 -0.257154 -0.330387 -0.279801 -0.315048 -0.301154 -0.299035 -0.323477 -0.280235 -0.343408 -0.261529 -0.36207 -0.241992 
4.34 0.179948 -0.0319271 0.171699 -0.0412518 0.163839 -0.0491608 0.156001 -0.0563478 0.146759 -0.0638496 0.137872 -0.0705293 0.128711 -0.0763386 
1.293 0.133379 0.14887 0.133931 0.144467 0.134158 0.14053 0.134392 0.13666 0.134209 0.132425 0.133879 0.128382 0.133246 0.124612 
3.631 -0.308341 -0.367498 -0.335857 -0.346911 -0.359526 -0.327261 -0.381687 -0.306994 -0.40465 -0.283528 -0.424949 -0.26035 -0.443732 -0.236473 
3.664 -0.274099 -0.362019 -0.301066 -0.343571 -0.324258 -0.325711 -0.345932 -0.307352 -0.368639 -0.285902 -0.388672 -0.264856 -0.40755 -0.242817 
1.257 -0.0289275 0.281729 -0.0206006 0.286878 -0.0130938 0.291181 -0.00536568 0.295053 0.00304732 0.298739 0.0112901 0.301752 0.0194787 0.304445 
4.176 0.0676346 0.0632653 0.0655462 0.0605014 0.0634842 0.0581448 0.0615973 0.0559404 0.0591005 0.0536336 0.0567638 0.0515987 0.0544933 0.0498048 
3.842 -0.147404 -0.324353 -0.172285 -0.313439 -0.193995 -0.302428 -0.21463 -0.29087 -0.236526 -0.276839 -0.256216 -0.262661 -0.27486 -0.247626 
4.578 0.283358 -0.0798658 0.272092 -0.0949377 0.261365 -0.107813 0.250454 -0.12007 0.237589 -0.13231 0.22502 -0.14355 0.212097 -0.153567 
1.389 0.136118 0.235844 0.141816 0.230861 0.146622 0.226289 0.151126 0.221488 0.15565 0.215995 0.159662 0.210692 0.163294 0.205403 
4.375 0.198439 -0.144241 0.183756 -0.154169 0.170208 -0.162201 0.15679 -0.169427 0.141539 -0.176397 0.127027 -0.182293 0.112406 -0.18715 
4.391 0.208711 -0.011382 0.201578 -0.0222483 0.194709 -0.0315361 0.187709 -0.0403536 0.17931 -0.0494553 0.171108 -0.057622 0.162522 -0.0649777 
3.166 0.461416 0.0673743 0.457673 0.0415904 0.453091 0.0189513 0.447857 -0.00310489 0.440412 -0.0266249 0.432496 -0.0484559 0.423475 -0.0692034 
3.785 -0.18918 -0.346952 -0.215185 -0.333416 -0.237805 -0.320108 -0.259228 -0.305941 -0.281805 -0.289313 -0.302031 -0.27262 -0.32113 -0.255065 
1.312 -0.109738 0.257074 -0.102386 0.267028 -0.0954762 0.275654 -0.0882675 0.283717 -0.0799604 0.291964 -0.071792 0.299253 -0.0634362 0.30623 
3.633 -0.283687 -0.175058 -0.299438 -0.156316 -0.31275 -0.138692 -0.3248 -0.121087 -0.336908 -0.101086 -0.34722 -0.0817262 -0.35649 -0.0620822 
4.48 0.245692 -0.149034 0.230726 -0.16184 0.216721 -0.172458 0.202786 -0.182155 0.186804 -0.191869 0.171426 -0.200184 0.155869 -0.207346 
1.284 -0.0707026 0.27625 -0.0622893 0.284012 -0.0546302 0.290486 -0.0466369 0.296571 -0.0378816 0.302514 -0.029181 0.307692 -0.0205644 0.312465 
0.984 -0.269306 0.262553 -0.262249 0.282929 -0.255144 0.300803 -0.247162 0.317978 -0.237442 0.336167 -0.227326 0.352661 -0.216679 0.368546 
4.465 0.238159 -0.102465 0.225602 -0.114764 0.213783 -0.125051 0.201954 -0.134573 0.188254 -0.144074 0.175042 -0.152592 0.161633 -0.16007 
4.074 0.00668402 -0.0593206 -0.00271725 -0.0580265 -0.0111469 -0.0563428 -0.0191262 -0.0545075 -0.0278767 -0.051878 -0.0358354 -0.0491168 -0.0435863 -0.0455905 
3.582 -0.339159 -0.176428 -0.355355 -0.154165 -0.368822 -0.133622 -0.380954 -0.113021 -0.392935 -0.0899441 -0.402919 -0.0676012 -0.411788 -0.0449441 
3.639 -0.278208 -0.159992 -0.293125 -0.141607 -0.305738 -0.124554 -0.317133 -0.107366 -0.328583 -0.0879125 -0.338251 -0.0693178 -0.346963 -0.0501255 
4.344 0.183372 -0.0483632 0.174492 -0.0579417 0.166157 -0.065965 0.157898 -0.0735028 0.148089 -0.081094 0.138646 -0.0877746 0.12902 -0.0936596 
1.287 -0.115217 0.276935 -0.106734 0.287143 -0.0988329 0.296016 -0.090668 0.304172 -0.0811224 0.312563 -0.071711 0.319934 -0.0622845 0.326842 
1.303 0.238844 0.425544 0.255462 0.413647 0.269574 0.402426 0.282941 0.390796 0.296722 0.377158 0.308884 0.363734 0.320194 0.350392 
3.684 -0.265881 -0.385988 -0.293962 -0.368023 -0.318294 -0.350772 -0.341079 -0.332835 -0.364996 -0.311887 -0.386254 -0.291074 -0.406267 -0.269325 
4.027 -0.0412546 -0.181907 -0.0578586 -0.177564 -0.0725047 -0.172928 -0.0865337 -0.167807 -0.101676 -0.161342 -0.115328 -0.154534 -0.128454 -0.146902 
3.791 -0.176852 -0.095617 -0.187929 -0.083517 -0.197447 -0.0719216 -0.20608 -0.0602202 -0.214864 -0.046999 -0.222284 -0.0340755 -0.229048 -0.020896 
1.359 -0.112478 0.186536 -0.109159 0.196665 -0.105788 0.205653 -0.101997 0.214319 -0.0974873 0.223345 -0.0926516 0.231506 -0.0876083 0.239503 
3.809 -0.167265 -0.120271 -0.179882 -0.10836 -0.190555 -0.0974541 -0.200442 -0.0859576 -0.210646 -0.0731085 -0.219467 -0.0605331 -0.22764 -0.0475122 
4.289 0.154609 -0.0682235 0.14441 -0.0758851 0.134936 -0.0822691 0.125507 -0.0880592 0.114731 -0.0936422 0.104442 -0.0985255 0.0940511 -0.102427 
3.125 0.5299 -0.0565813 0.518438 -0.0861884 0.506834 -0.111827 0.494558 -0.136287 0.47945 -0.162024 0.464138 -0.185489 0.4479 -0.207536 
1.584 0.185427 0.320079 0.196342 0.311522 0.205474 0.303412 0.214161 0.294904 0.223073 0.285476 0.230765 0.275615 0.237931 0.266122 
4.152 0.0587317 -0.0127517 0.0521418 -0.0149691 0.0460438 -0.0164746 0.040193 -0.017835 0.0335682 -0.0189782 0.0273951 -0.0198955 0.0212249 -0.0202362 
3.838 -0.150144 -0.294905 -0.17318 -0.283726 -0.193308 -0.272769 -0.212323 -0.261176 -0.23245 -0.247301 -0.250444 -0.233385 -0.267623 -0.218649 
3.355 0.437447 -0.00932749 0.42945 -0.0337003 0.421048 -0.0548033 0.412104 -0.0750246 0.401008 -0.0964894 0.389472 -0.115928 0.377542 -0.134371 
1.299 0.314861 0.300219 0.32414 0.283911 0.331662 0.269095 0.338318 0.254255 0.344403 0.237584 0.34937 0.221797 0.353354 0.206196 
3.936 -0.0933023 -0.011382 -0.0996782 -0.0042185 -0.105052 0.00249152 -0.109857 0.00928485 -0.114831 0.0169962 -0.119061 0.0244196 -0.122829 0.0320779 
1.271 -0.0289275 0.218039 -0.0242266 0.22315 -0.0197545 0.227699 -0.0151693 0.231768 -0.0101751 0.235951 -0.00527941 0.239541 -0.000309655 0.243009 
3.994 -0.0515272 -0.0312423 -0.0589612 -0.0265611 -0.0655032 -0.0220043 -0.0716051 -0.0173775 -0.0780513 -0.0119268 -0.0835671 -0.00644765 -0.0889189 -0.000707204 
4.07 0.00805369 -0.0106972 0.00175848 -0.00963438 -0.00385067 -0.00829969 -0.00918019 -0.00680278 -0.0151056 -0.00473932 -0.0203097 -0.00258482 -0.0255266 -5.15835e-05 
2.012 0.38266 0.225572 0.387695 0.204434 0.391174 0.185434 0.393868 0.166842 0.395362 0.146473 0.395898 0.127332 0.395334 0.108816 
1.524 0.19433 0.335831 0.206059 0.326667 0.21605 0.318048 0.225672 0.309204 0.235215 0.299052 0.243743 0.288796 0.251816 0.278831 
1.283 0.118313 0.157088 0.119259 0.153851 0.119918 0.150978 0.120565 0.148105 0.120872 0.144892 0.121065 0.141755 0.121034 0.138842 
0.729 0.0594165 0.50704 0.0790343 0.508524 0.0964182 0.508991 0.113634 0.508732 0.132079 0.507223 0.149332 0.504767 0.166117 0.501639 
4.312 0.172415 0.022175 0.167393 0.0132314 0.162512 0.00551745 0.157484 -0.00167393 0.151379 -0.00932753 0.145237 -0.016226 0.138911 -0.0224113 
1.579 -0.254239 0.211875 -0.248474 0.229631 -0.242566 0.245103 -0.235973 0.259935 -0.227998 0.275743 -0.219661 0.290161 -0.210762 0.304039 
3.412 -0.123435 -0.00384879 -0.129306 0.00529223 -0.134259 0.0136171 -0.138736 0.0220193 -0.143079 0.0314451 -0.146606 0.0404776 -0.149569 0.0497706 
2.176 -0.440515 -0.199712 -0.458695 -0.171014 -0.473833 -0.144579 -0.487241 -0.117964 -0.50034 -0.088076 -0.510971 -0.0595151 -0.520109 -0.0306223 
3.326 0.464156 -0.0600055 0.452872 -0.0856583 0.441763 -0.108078 0.429842 -0.129145 0.415598 -0.151449 0.401202 -0.171781 0.385879 -0.190499 
4.102 0.0231201 -0.0723326 0.013207 -0.0719302 0.00442176 -0.0710498 -0.00402644 -0.06985 -0.0133023 -0.0680901 -0.0217509 -0.0659334 -0.0300836 -0.063317 
0.725 -0.454897 0.337885 -0.445391 0.371123 -0.435498 0.400551 -0.424402 0.428598 -0.410359 0.458817 -0.395816 0.486026 -0.380043 0.512419 
1.228 -0.405588 0.246802 -0.397927 0.273739 -0.390164 0.297353 -0.380995 0.32021 -0.369911 0.344351 -0.358332 0.366419 -0.345696 0.387888 
3.146 0.547021 -0.101096 0.532858 -0.131505 0.518758 -0.15765 0.504129 -0.182601 0.486474 -0.208815 0.468737 -0.232443 0.450033 -0.254661 
2.184 -0.385043 -0.340104 -0.411584 -0.314312 -0.434178 -0.289997 -0.455042 -0.265311 -0.47633 -0.237229 -0.494784 -0.20987 -0.511615 -0.181648 
4.086 0.00325983 -0.175743 -0.0128072 -0.173973 -0.0270438 -0.171632 -0.0408445 -0.168758 -0.0557246 -0.164747 -0.0695228 -0.160333 -0.0827732 -0.155032 
1.212 0.0607862 0.268717 0.0679012 0.268528 0.0741863 0.268207 0.0803846 0.26758 0.0869751 0.266466 0.0932591 0.265075 0.0992286 0.263779 
4.297 0.154609 -0.16547 0.138638 -0.173135 0.123895 -0.17874 0.109515 -0.183839 0.0933501 -0.188275 0.0780913 -0.191781 0.062805 -0.194323 
3.602 -0.324093 -0.216833 -0.342554 -0.195534 -0.358104 -0.175846 -0.372351 -0.15572 -0.38664 -0.133302 -0.398872 -0.111314 -0.409844 -0.0891288 
1.426 0.12927 0.287207 0.138079 0.281813 0.145605 0.276893 0.152822 0.271762 0.160144 0.265938 0.166712 0.259725 0.172949 0.253829 
4.008 -0.0385153 -0.0572661 -0.0475588 -0.0532107 -0.0555127 -0.0491346 -0.0629923 -0.0447808 -0.071022 -0.039591 -0.0781839 -0.0343152 -0.0850429 -0.0286107 
1.434 0.179263 0.176264 0.181654 0.168453 0.183326 0.161514 0.184846 0.154837 0.185779 0.147329 0.186408 0.140223 0.18655 0.133098 
1.427 0.123106 0.305013 0.133026 0.300558 0.141483 0.296449 0.149827 0.291659 0.158225 0.286256 0.165954 0.280393 0.173261 0.274491 
3.697 -0.261772 -0.403109 -0.291019 -0.38533 -0.316263 -0.368078 -0.340118 -0.350113 -0.365002 -0.329165 -0.387262 -0.308253 -0.408165 -0.286424 
4.496 0.25391 -0.0613752 0.243924 -0.0746792 0.234447 -0.0863869 0.224826 -0.0972249 0.21345 -0.108371 0.202343 -0.118326 0.190798 -0.127202 
3.619 -0.309026 -0.261348 -0.330006 -0.240873 -0.347867 -0.221846 -0.364401 -0.202373 -0.381345 -0.180122 -0.395955 -0.158426 -0.40938 -0.136197 
2.977 0.438817 0.199548 0.44311 0.174521 0.445742 0.15203 0.447349 0.130107 0.447713 0.106071 0.446778 0.083652 0.444817 0.0619916 
2.174 -0.411067 -0.309971 -0.436039 -0.282623 -0.45714 -0.257118 -0.476453 -0.23127 -0.496024 -0.20187 -0.512813 -0.17337 -0.52791 -0.14424 
1.904 -0.147404 0.196809 -0.142464 0.208199 -0.13777 0.218147 -0.132701 0.227555 -0.126716 0.237516 -0.120456 0.246495 -0.113971 0.255299 
2.004 0.366224 0.274195 0.374318 0.254027 0.380555 0.235766 0.385919 0.217727 0.390399 0.197856 0.393535 0.178728 0.395845 0.160157 
1.909 -0.181646 0.172839 -0.178596 0.186141 -0.175117 0.197881 -0.171051 0.20922 -0.165822 0.221152 -0.160075 0.232004 -0.154054 0.242667 
2.182 -0.41997 -0.257239 -0.44158 -0.229468 -0.459722 -0.203933 -0.476231 -0.17792 -0.492743 -0.14857 -0.506462 -0.120342 -0.518701 -0.0915995 
1.284 -0.043994 0.208451 -0.0397129 0.214464 -0.0358015 0.219652 -0.0311031 0.224641 -0.026383 0.229608 -0.0214229 0.234135 -0.0162569 0.238458 
4.43 0.223778 -0.117532 0.210297 -0.128625 0.197661 -0.137684 0.185196 -0.146142 0.170808 -0.154441 0.157112 -0.161578 0.14316 -0.167589 
3.695 -0.252185 -0.239433 -0.272018 -0.222345 -0.288979 -0.206021 -0.304739 -0.189288 -0.320941 -0.170243 -0.335038 -0.151346 -0.348066 -0.132026 
4.082 0.0121627 -0.0463087 0.00347539 -0.0455753 -0.00415727 -0.0443994 -0.011813 -0.0430229 -0.0197278 -0.0408578 -0.027108 -0.0385169 -0.034382 -0.0356981 
4.586 0.288152 -0.103835 0.275553 -0.119291 0.26361 -0.132377 0.251448 -0.144682 0.237284 -0.157297 0.223494 -0.16841 0.209288 -0.178277 
1.307 -0.0850842 0.257759 -0.0778631 0.266195 -0.0714664 0.273344 -0.0645274 0.280128 -0.0567544 0.287041 -0.0489655 0.293097 -0.0410092 0.298876 
4.18 0.0703739 -0.221627 0.0513275 -0.223714 0.0342529 -0.224622 0.0174963 -0.224778 -0.000598947 -0.223793 -0.0175762 -0.222187 -0.0342693 -0.219466 
3.465 -0.115902 0.013957 -0.12065 0.0225063 -0.124569 0.0303533 -0.127975 0.0380953 -0.131369 0.0467199 -0.134026 0.0548434 -0.13633 0.0632144 
3.688 -0.259033 -0.342159 -0.284924 -0.324634 -0.307266 -0.307763 -0.328198 -0.290455 -0.350015 -0.2703 -0.369423 -0.250168 -0.387547 -0.229354 
1.3 -0.106314 0.202287 -0.102389 0.212114 -0.098466 0.220624 -0.094112 0.228774 -0.0888044 0.237589 -0.0833402 0.245216 -0.0776448 0.252689 
1.352 0.117628 0.237214 0.123202 0.233941 0.128075 0.230715 0.132798 0.227244 0.137457 0.223236 0.14179 0.218857 0.145642 0.214628 
1.297 0.242953 0.398836 0.257969 0.386802 0.270864 0.375441 0.282838 0.363763 0.29525 0.350352 0.306073 0.336889 0.316156 0.323647 
1.593 0.163512 0.319395 0.174242 0.312619 0.183522 0.30594 0.192361 0.299238 0.201408 0.291268 0.20953 0.282996 0.217035 0.274856 
2.162 -0.433667 -0.299699 -0.457934 -0.271234 -0.478348 -0.24454 -0.49689 -0.217539 -0.515515 -0.18702 -0.531354 -0.157643 -0.545713 -0.127653 
3.961 -0.0843994 -0.128489 -0.0977845 -0.121765 -0.10954 -0.115108 -0.120522 -0.10809 -0.132076 -0.0997371 -0.142366 -0.0913362 -0.152192 -0.0823878 
3.99 -0.0590604 -0.095617 -0.0704266 -0.0900952 -0.0803185 -0.0850326 -0.0895962 -0.0797745 -0.0995699 -0.0732253 -0.108501 -0.0666355 -0.117022 -0.0597433 
3.281 0.455938 0.00231475 0.448658 -0.0229033 0.440904 -0.0450212 0.432559 -0.066324 0.421962 -0.0890786 0.410572 -0.109486 0.398509 -0.128781 
1.251 0.0813313 0.266662 0.0886983 0.265204 0.0951735 0.263704 0.101483 0.262031 0.107987 0.259619 0.114033 0.257034 0.119841 0.254389 
3.68 -0.245336 -0.155198 -0.260005 -0.138999 -0.27243 -0.123835 -0.283797 -0.108412 -0.295382 -0.0909367 -0.305214 -0.0739684 -0.314115 -0.0566847 
2.172 -0.393946 -0.362704 -0.421824 -0.336316 -0.445562 -0.311349 -0.467493 -0.286121 -0.489913 -0.257305 -0.50939 -0.229087 -0.527237 -0.199907 
1.758 -0.221367 0.207081 -0.215821 0.222924 -0.210303 0.236816 -0.204224 0.250246 -0.196912 0.264396 -0.189234 0.277254 -0.181014 0.28971 
3.898 -0.114532 -0.27299 -0.136338 -0.264062 -0.155528 -0.255185 -0.17371 -0.245691 -0.193036 -0.234278 -0.210592 -0.222657 -0.227163 -0.210028 
1.633 0.208026 0.204342 0.212242 0.194898 0.215424 0.186438 0.218405 0.177878 0.220724 0.168122 0.222528 0.158866 0.223687 0.149617 
4.031 -0.0323517 -0.194234 -0.0492629 -0.190374 -0.0642594 -0.18617 -0.0785145 -0.18134 -0.0939773 -0.175249 -0.108035 -0.168774 -0.121512 -0.16156 
4.371 0.202548 0.00916313 0.197183 -0.00177195 0.191844 -0.0115738 0.18632 -0.0206841 0.179547 -0.0299922 0.172777 -0.0384083 0.165684 -0.0460511 
1.399 -0.112478 0.157773 -0.110962 0.167715 -0.109253 0.176579 -0.106984 0.185238 -0.104125 0.194399 -0.100957 0.202792 -0.0974763 0.211027 
3.213 -0.278893 -0.0771264 -0.288932 -0.0587274 -0.297049 -0.0417297 -0.304045 -0.0247423 -0.310689 -0.00585812 -0.31634 0.0121561 -0.320748 0.0303172 
2.152 -0.448048 -0.287372 -0.471466 -0.257975 -0.491251 -0.230601 -0.509133 -0.202902 -0.527012 -0.171619 -0.542038 -0.141363 -0.555493 -0.110721 
3.656 -0.261088 -0.133283 -0.274588 -0.115811 -0.285897 -0.0997222 -0.296108 -0.0834296 -0.306378 -0.064975 -0.314926 -0.0473045 -0.322559 -0.0292862 
3.439 0.449774 -0.116162 0.435277 -0.140668 0.421379 -0.161806 0.406816 -0.181612 0.389606 -0.202434 0.372601 -0.221068 0.354948 -0.238 
4.121 0.0251746 -0.170264 0.00952055 -0.169838 -0.00443787 -0.16867 -0.017951 -0.166979 -0.0326119 -0.164242 -0.0462449 -0.16105 -0.0594021 -0.157009 
4.168 0.0580468 -0.203821 0.0401646 -0.205391 0.0242119 -0.205938 0.00859817 -0.205814 -0.00854514 -0.204687 -0.024249 -0.202818 -0.0399348 -0.20003 
4.012 -0.043994 -0.0928777 -0.0549904 -0.0885275 -0.064711 -0.0842389 -0.0738549 -0.0796559 -0.0837445 -0.0740452 -0.0926737 -0.068381 -0.101122 -0.0621303 
