4.176 0.231311 0.0906588 0.230241 0.0781665 0.22868 0.0672326 0.2268 0.0566146 0.223884 0.0451612 0.220677 0.0346085 0.216923 0.0244889 
1.521 -0.495302 0.225572 -0.488902 0.257783 -0.48189 0.286219 -0.473489 0.313611 -0.462637 0.342657 -0.451031 0.369722 -0.438156 0.395675 
1.492 -0.537077 0.206396 -0.53216 0.241572 -0.526401 0.272888 -0.519075 0.303117 -0.509288 0.335413 -0.498468 0.365406 -0.486261 0.39446 
3.141 -0.372716 0.0612108 -0.374765 0.0853626 -0.375699 0.107065 -0.375461 0.128138 -0.373851 0.151261 -0.371272 0.172696 -0.367534 0.193818 
1.479 -0.541871 0.224202 -0.535941 0.259729 -0.529184 0.291144 -0.520938 0.321576 -0.510096 0.354008 -0.498251 0.384001 -0.485069 0.412968 
3.975 -0.0713875 -0.0572661 -0.0803338 -0.0515674 -0.0880901 -0.0460591 -0.0952976 -0.0403496 -0.102976 -0.0336916 -0.109764 -0.0270682 -0.116127 -0.0201235 
3.537 0.293631 0.156403 0.296059 0.140221 0.297512 0.125723 0.298403 0.111547 0.29827 0.0959918 0.297276 0.0815074 0.295719 0.0673385 
0.963 -0.199452 0.287207 -0.191093 0.303385 -0.183036 0.317541 -0.174456 0.330961 -0.164418 0.344868 -0.154246 0.357471 -0.143586 0.369452 
0.987 -0.214519 0.272826 -0.206794 0.289847 -0.199305 0.30476 -0.191116 0.318963 -0.18144 0.333744 -0.17171 0.347229 -0.161299 0.360065 
0.968 -0.184386 0.289947 -0.175984 0.305129 -0.167996 0.318356 -0.159241 0.33093 -0.149193 0.343948 -0.139092 0.355749 -0.128468 0.36691 
1.226 -0.443939 0.228311 -0.43718 0.257664 -0.429901 0.283543 -0.421492 0.30852 -0.410776 0.334938 -0.39932 0.359302 -0.386841 0.382707 
3.168 -0.342583 -0.0257636 -0.349877 -0.00345784 -0.355442 0.0169746 -0.359862 0.0369724 -0.363516 0.059104 -0.365879 0.0800682 -0.367064 0.100894 
4.168 0.0792768 -0.331201 0.0536002 -0.333644 0.0306018 -0.334704 0.00822507 -0.334696 -0.0162618 -0.333229 -0.0391326 -0.330722 -0.0614583 -0.326895 
1.153 -0.554198 0.305013 -0.543729 0.341426 -0.532858 0.373464 -0.520648 0.404425 -0.505358 0.43704 -0.489297 0.466974 -0.472017 0.495683 
3.16 -0.206301 0.14887 -0.203603 0.163196 -0.200595 0.175981 -0.197115 0.188095 -0.1926 0.201085 -0.187754 0.213146 -0.18238 0.224802 
4.102 0.027914 -0.302438 0.00400293 -0.301846 -0.0173125 -0.300236 -0.0379224 -0.297706 -0.0603277 -0.293637 -0.0811046 -0.288729 -0.101258 -0.282724 
4.145 0.0505136 0.000260238 0.0445904 -0.0013915 0.039193 -0.00260451 0.0339496 -0.00353162 0.0280626 -0.00421741 0.0225364 -0.00459762 0.0171161 -0.0045544 
1.376 -0.566525 0.283098 -0.557096 0.320011 -0.547165 0.352607 -0.535708 0.383993 -0.521352 0.41724 -0.506164 0.447968 -0.489629 0.477351 
1.413 -0.122065 0.174894 -0.119599 0.185489 -0.116995 0.194919 -0.11399 0.204024 -0.110265 0.213669 -0.106246 0.222589 -0.101873 0.231247 
4.078 0.0114779 -0.312026 -0.0129904 -0.310482 -0.0347504 -0.307987 -0.055819 -0.304604 -0.0786053 -0.299547 -0.0997249 -0.293724 -0.1201 -0.286746 
4.18 0.0758526 -0.275045 0.0533208 -0.277409 0.0331561 -0.27846 0.0135584 -0.278612 -0.00792709 -0.277489 -0.0279627 -0.27543 -0.0475438 -0.272202 
4.105 0.0381865 -0.327092 0.0129051 -0.326988 -0.00959484 -0.325748 -0.0313882 -0.323555 -0.0551288 -0.31978 -0.0771204 -0.3151 -0.0984666 -0.30921 
4.129 0.0642104 -0.381194 0.0355761 -0.382666 0.0099571 -0.382679 -0.0149104 -0.381562 -0.0421023 -0.378748 -0.0673819 -0.374787 -0.0920075 -0.369468 
3.982 -0.0645391 -0.0784961 -0.0748513 -0.0731919 -0.0838792 -0.0679474 -0.0923391 -0.0624725 -0.101367 -0.0559454 -0.109467 -0.0493731 -0.11711 -0.0423581 
4.191 0.0895494 0.0112176 0.0842507 0.0075233 0.0793415 0.00456338 0.074467 0.00189542 0.0688406 -0.000792307 0.0635274 -0.00297569 0.0581839 -0.00472854 
4.195 0.0991371 -0.340104 0.0728928 -0.343674 0.0493937 -0.345681 0.0263946 -0.346581 0.00123194 -0.346105 -0.0222971 -0.344474 -0.045347 -0.341472 
4.129 0.0539378 -0.328462 0.0283854 -0.329337 0.00559055 -0.328944 -0.0165233 -0.327564 -0.040645 -0.324628 -0.0630705 -0.320701 -0.0848984 -0.315593 
4.211 0.10667 -0.31682 0.0818157 -0.320629 0.0595083 -0.322895 0.0377598 -0.324111 0.0138337 -0.324085 -0.0084602 -0.322864 -0.0302743 -0.320416 
4.164 0.0683194 -0.298329 0.0446669 -0.300179 0.0234742 -0.300789 0.00287862 -0.300438 -0.0196395 -0.298717 -0.0406708 -0.296016 -0.0611349 -0.292145 
0.862 -0.221367 0.314601 -0.211796 0.332534 -0.202554 0.348043 -0.192701 0.362864 -0.181072 0.378211 -0.169497 0.392173 -0.157255 0.405287 
4.188 0.082701 -0.290796 0.059399 -0.293463 0.0385431 -0.294827 0.0182052 -0.29524 -0.0040488 -0.294367 -0.0248346 -0.292518 -0.045151 -0.289484 
0.943 -0.465169 0.245432 -0.457499 0.276013 -0.449372 0.303089 -0.440086 0.329078 -0.428477 0.356668 -0.416103 0.38207 -0.402436 0.406485 
4.262 0.236789 0.00984797 0.230825 -0.00285338 0.225133 -0.0137832 0.219091 -0.0242128 0.211569 -0.0351333 0.204029 -0.0450502 0.196132 -0.0542419 
0.878 -0.18644 0.321449 -0.176384 0.337139 -0.166877 0.350737 -0.156682 0.363691 -0.144992 0.376872 -0.133344 0.388747 -0.121297 0.39992 
0.996 -0.169319 0.292686 -0.160517 0.307014 -0.15213 0.31951 -0.143185 0.331291 -0.132886 0.343434 -0.122602 0.354375 -0.111959 0.364643 
4.219 0.214875 0.0707985 0.212745 0.0592771 0.210315 0.0491984 0.207587 0.0394989 0.203764 0.0291263 0.199755 0.0195588 0.195306 0.010505 
3.961 -0.0871387 -0.206561 -0.10508 -0.199388 -0.120755 -0.192205 -0.135496 -0.184448 -0.151502 -0.175196 -0.165933 -0.165705 -0.179474 -0.155451 
3.943 -0.0953568 -0.181222 -0.111733 -0.173684 -0.126077 -0.166197 -0.139622 -0.158249 -0.154031 -0.148797 -0.167012 -0.139164 -0.179275 -0.128912 
4.121 0.0450349 -0.301753 0.0212757 -0.302058 8.82314e-05 -0.301297 -0.0204214 -0.299589 -0.0428198 -0.296431 -0.0635878 -0.292409 -0.083772 -0.287229 
4.203 0.0936584 -0.281893 0.0709283 -0.285015 0.0505991 -0.286804 0.0307168 -0.28761 0.00895668 -0.287249 -0.011385 -0.285829 -0.0312588 -0.283285 
4.211 0.101192 -0.301068 0.0773224 -0.304626 0.0558139 -0.306738 0.0349521 -0.307793 0.0119444 -0.307645 -0.00948867 -0.306395 -0.0304709 -0.303926 
4.195 0.0936584 -0.323668 0.0684313 -0.326912 0.0458208 -0.328722 0.0237297 -0.329459 -0.000483372 -0.32887 -0.023086 -0.327168 -0.0452393 -0.324197 
4.008 -0.0494727 -0.10452 -0.0614012 -0.0999602 -0.0718894 -0.0953203 -0.0818615 -0.0903716 -0.0924849 -0.0843203 -0.102146 -0.0780993 -0.111267 -0.0713958 
4.137 0.0470894 -0.286687 0.0239509 -0.28733 0.00327341 -0.286858 -0.0167351 -0.285491 -0.0385971 -0.282719 -0.0588848 -0.279005 -0.0786169 -0.274213 
4.156 0.0690042 -0.312711 0.0445019 -0.3144 0.0225873 -0.31486 0.00129535 -0.314293 -0.0219228 -0.312302 -0.0435765 -0.309334 -0.0646227 -0.30522 
4.07 0.0176414 -0.345583 -0.00880091 -0.344397 -0.03233 -0.342144 -0.0551325 -0.338927 -0.0798856 -0.333923 -0.102752 -0.328056 -0.124942 -0.320951 
4.16 0.0635255 -0.281893 0.0406874 -0.283488 0.0202425 -0.283879 0.000376896 -0.283369 -0.021287 -0.281539 -0.0415237 -0.278786 -0.0612031 -0.274863 
4.246 0.247747 0.0345021 0.243455 0.0212118 0.239054 0.00964206 0.234328 -0.00144688 0.228331 -0.0132258 0.222229 -0.0239537 0.215707 -0.0341256 
4.184 0.0840707 -0.305177 0.0599569 -0.307786 0.0384001 -0.309068 0.0173934 -0.309341 -0.00557572 -0.308273 -0.0269899 -0.306159 -0.0478853 -0.302848 
4.371 0.271716 0.0194357 0.26637 0.00472226 0.260902 -0.00809592 0.255011 -0.020333 0.24762 -0.033296 0.240136 -0.0450723 0.232268 -0.0561239 
4.363 0.286098 0.0228599 0.280696 0.00732033 0.275175 -0.00618097 0.269282 -0.0191366 0.261871 -0.0327943 0.254363 -0.0452314 0.246333 -0.0569396 
4.277 0.271716 0.0824408 0.270128 0.0673901 0.267989 0.054128 0.265428 0.0412672 0.261582 0.0274904 0.257382 0.0147157 0.25254 0.00259656 
3.367 -0.375455 -0.167525 -0.391019 -0.143025 -0.403978 -0.120592 -0.415487 -0.0980409 -0.426653 -0.0727653 -0.43582 -0.0484867 -0.443505 -0.0239389 
4.117 0.0546227 -0.362704 0.0271111 -0.363635 0.00255952 -0.363256 -0.0212617 -0.361771 -0.0472846 -0.358642 -0.071452 -0.354444 -0.0950123 -0.348952 
0.893 -0.234379 0.293371 -0.226259 0.311737 -0.218176 0.327905 -0.209406 0.343312 -0.198964 0.359484 -0.188378 0.374151 -0.177071 0.388136 
3.562 -0.352171 -0.186016 -0.368759 -0.163333 -0.382609 -0.142379 -0.395072 -0.121274 -0.407426 -0.0975151 -0.417839 -0.0745638 -0.426892 -0.0513678 
1.95 -0.211094 0.172154 -0.207405 0.187257 -0.203534 0.200616 -0.198945 0.213435 -0.193329 0.227001 -0.18722 0.239486 -0.180621 0.251509 
4.031 -0.0282427 -0.095617 -0.039437 -0.0921256 -0.0493542 -0.0884684 -0.0587756 -0.0844654 -0.0689019 -0.0795229 -0.0781505 -0.0743751 -0.0869035 -0.068765 
4.215 0.228571 0.0612108 0.225966 0.0489795 0.223024 0.0382679 0.219768 0.027936 0.21541 0.0169309 0.210798 0.00681046 0.20574 -0.00282454 
3.592 -0.331626 -0.234639 -0.351123 -0.213028 -0.367672 -0.192829 -0.382771 -0.172412 -0.398085 -0.14919 -0.41128 -0.126638 -0.423032 -0.103651 
4.145 0.0696891 -0.349692 0.0431204 -0.351491 0.0193245 -0.351919 -0.00376528 -0.351253 -0.0290029 -0.349111 -0.0525426 -0.345858 -0.0754733 -0.341344 
4.172 0.0655801 -0.112053 0.0528059 -0.114064 0.041264 -0.115279 0.0300784 -0.115923 0.0178281 -0.115965 0.0062654 -0.115386 -0.00509859 -0.114079 
0.997 -0.253554 0.260499 -0.246532 0.279609 -0.239586 0.296431 -0.231865 0.312545 -0.222522 0.329496 -0.212817 0.34502 -0.202236 0.359883 
3.338 -0.179592 0.0262841 -0.183676 0.0389609 -0.186742 0.0503836 -0.189255 0.0617494 -0.191327 0.0741555 -0.192636 0.085979 -0.19327 0.0977054 
4.152 0.0799616 -0.374346 0.0516802 -0.376796 0.0263865 -0.377693 0.00177583 -0.377456 -0.0251294 -0.375616 -0.0502446 -0.372603 -0.0747062 -0.36827 
4.078 0.0190111 -0.323668 -0.00615945 -0.3225 -0.0285652 -0.320332 -0.0502641 -0.317172 -0.0737682 -0.31238 -0.0955692 -0.306737 -0.116582 -0.299898 
4.094 0.0340775 -0.342843 0.00788211 -0.342632 -0.0154604 -0.341301 -0.0380926 -0.338928 -0.0627169 -0.334914 -0.0855149 -0.329961 -0.107657 -0.323762 
4.051 -0.0241337 -0.149719 -0.0388999 -0.146416 -0.0519857 -0.142787 -0.0644201 -0.138663 -0.0778977 -0.133411 -0.0902077 -0.127811 -0.101963 -0.1215 
4.145 0.0436653 -0.151089 0.0287699 -0.151863 0.0154256 -0.151862 0.00257185 -0.151262 -0.0115836 -0.149772 -0.0247437 -0.147682 -0.0375911 -0.144811 
4.199 0.104616 -0.35654 0.0773902 -0.360421 0.0529324 -0.362663 0.0290591 -0.363752 0.00290395 -0.363398 -0.0215976 -0.361801 -0.045521 -0.358825 
0.842 -0.197398 0.331037 -0.187161 0.347496 -0.177369 0.361854 -0.166943 0.375431 -0.154923 0.389415 -0.142915 0.402048 -0.130428 0.413855 
4.094 0.0388714 -0.370237 0.0109696 -0.370196 -0.0138877 -0.368934 -0.0379942 -0.366581 -0.0642016 -0.362467 -0.0885824 -0.357399 -0.112215 -0.350984 
4.109 0.0333927 -0.0127517 0.02671 -0.0129855 0.0207124 -0.0128669 0.0149785 -0.0125006 0.00860502 -0.0116705 0.00282194 -0.0105889 -0.00286693 -0.0091605 
1.494 -0.52475 0.228311 -0.518815 0.263034 -0.512087 0.293774 -0.503897 0.323369 -0.49332 0.355213 -0.481681 0.384437 -0.468639 0.412862 
4.02 -0.0446788 -0.163416 -0.059987 -0.158879 -0.0734064 -0.154115 -0.0862347 -0.14885 -0.0999642 -0.1424 -0.11255 -0.13559 -0.124444 -0.128168 
4.203 0.0909191 -0.268196 0.0688574 -0.271292 0.0490572 -0.273094 0.0297496 -0.273947 0.00856627 -0.273625 -0.011209 -0.272319 -0.030563 -0.269877 
4.27 0.132009 -0.111368 0.119082 -0.117237 0.107295 -0.121862 0.09568 -0.125872 0.0826377 -0.129453 0.070285 -0.132172 0.0580332 -0.134107 
0.772 -0.464484 0.31871 -0.455928 0.352172 -0.446916 0.381795 -0.436596 0.410195 -0.423588 0.440397 -0.409834 0.46821 -0.394858 0.494754 
4.098 0.0429804 -0.385303 0.014224 -0.385441 -0.0114132 -0.384289 -0.0362576 -0.382014 -0.0633182 -0.377992 -0.0884497 -0.372877 -0.112849 -0.366453 
4.219 0.115573 -0.346952 0.0889996 -0.351202 0.0650566 -0.353835 0.0417433 -0.355308 0.0161022 -0.35542 -0.0078381 -0.354292 -0.0312559 -0.351823 
0.953 -0.229585 0.278989 -0.22188 0.296906 -0.214406 0.312598 -0.206053 0.32766 -0.19631 0.343337 -0.186334 0.357627 -0.175726 0.37127 
1.943 -0.169319 0.188591 -0.164855 0.201268 -0.16054 0.212424 -0.155584 0.223111 -0.149821 0.234358 -0.143776 0.244589 -0.137369 0.25445 
4.172 0.0833858 -0.345583 0.0569091 -0.348178 0.0332114 -0.349325 0.0101378 -0.349349 -0.0150877 -0.347941 -0.0386834 -0.345402 -0.061668 -0.341579 
4.219 0.110779 -0.331201 0.0851249 -0.335197 0.0620176 -0.337639 0.0395609 -0.338986 0.0148471 -0.338983 -0.00819415 -0.337798 -0.0307651 -0.335344 
4.098 0.00942337 -0.163416 -0.0061212 -0.162141 -0.019891 -0.160265 -0.033184 -0.157852 -0.0476209 -0.15434 -0.0609831 -0.15036 -0.0738499 -0.145623 
4.012 -0.0501575 -0.12438 -0.0630681 -0.119701 -0.0744597 -0.11492 -0.085222 -0.109796 -0.0967884 -0.103573 -0.107295 -0.097139 -0.117278 -0.0902933 
4.094 0.0450349 -0.401739 0.0153727 -0.401842 -0.0110158 -0.400625 -0.0366625 -0.398257 -0.0645412 -0.394079 -0.0904232 -0.388812 -0.115518 -0.382157 
4.082 -0.000164361 -0.138077 -0.0142818 -0.136229 -0.0268473 -0.133865 -0.0388835 -0.131063 -0.0519522 -0.127245 -0.0639835 -0.122972 -0.0755636 -0.118023 
4.117 0.049144 -0.346268 0.0226574 -0.34687 -0.000966278 -0.346281 -0.0238823 -0.344617 -0.0489117 -0.341363 -0.0721729 -0.337124 -0.0947972 -0.331587 
0.947 -0.118641 0.331722 -0.108042 0.343146 -0.0981296 0.352975 -0.0878407 0.362094 -0.0761941 0.371212 -0.0648372 0.379242 -0.0532071 0.386671 
3.992 -0.0672785 -0.16821 -0.0829667 -0.162317 -0.0968771 -0.156374 -0.109977 -0.149923 -0.123965 -0.142017 -0.136768 -0.133959 -0.148689 -0.125287 
0.932 -0.168634 0.313231 -0.158998 0.327718 -0.14984 0.340293 -0.140225 0.352124 -0.129083 0.364213 -0.118073 0.375053 -0.106721 0.385223 
4 -0.0617998 -0.190809 -0.0789982 -0.185253 -0.0941936 -0.179546 -0.108566 -0.173282 -0.123944 -0.165532 -0.13795 -0.15753 -0.151383 -0.148747 
4.172 0.0909191 -0.363389 0.0633181 -0.366453 0.0386253 -0.367951 0.0145278 -0.36832 -0.0118345 -0.367185 -0.0365069 -0.364852 -0.0605998 -0.361111 
4.207 0.10804 -0.372976 0.0801265 -0.376969 0.0549877 -0.379254 0.0304708 -0.380343 0.00365032 -0.379997 -0.0214111 -0.37838 -0.0459674 -0.375362 
1.064 -0.268621 0.249541 -0.261085 0.268498 -0.25373 0.285238 -0.245605 0.301238 -0.235958 0.317991 -0.226006 0.333421 -0.215448 0.347999 
1.786 -0.278893 0.196124 -0.274027 0.215103 -0.269001 0.231994 -0.263112 0.248253 -0.255875 0.265561 -0.248117 0.281422 -0.239632 0.296667 
4.176 0.0943432 -0.378455 0.0660431 -0.381617 0.0407284 -0.383175 0.0160144 -0.383542 -0.0109789 -0.382383 -0.0362008 -0.380014 -0.0608117 -0.376243 
3.379 -0.177537 -0.0387755 -0.185578 -0.0264205 -0.192331 -0.015037 -0.198253 -0.00352405 -0.204129 0.00932623 -0.209011 0.0217115 -0.213041 0.0342608 
0.89 -0.481605 0.259814 -0.473046 0.291303 -0.464122 0.319037 -0.45397 0.34576 -0.441412 0.374172 -0.428055 0.400171 -0.413526 0.425123 
4.066 0.0046295 -0.328462 -0.0206844 -0.32673 -0.0432382 -0.324045 -0.064984 -0.320407 -0.0886024 -0.315073 -0.110417 -0.308909 -0.131474 -0.301579 
3.336 -0.208355 0.109149 -0.207497 0.123316 -0.206243 0.135986 -0.204358 0.148377 -0.201566 0.161513 -0.198308 0.17378 -0.194361 0.185822 
4.223 0.120367 -0.364073 0.0927684 -0.368629 0.0679746 -0.371467 0.0437659 -0.373111 0.0172008 -0.373332 -0.0076646 -0.372264 -0.0320288 -0.369826 
4.137 0.0354472 -0.123695 0.0220936 -0.124064 0.0102012 -0.123737 -0.00130836 -0.12285 -0.0139413 -0.121192 -0.0256535 -0.119026 -0.0370231 -0.116139 
4.145 0.0498288 -0.0846596 0.0391534 -0.0858565 0.0294712 -0.0862195 0.0201056 -0.0862316 0.00979559 -0.0856559 0.000158538 -0.0846471 -0.00925744 -0.082995 
3.969 -0.0830297 -0.172319 -0.0991044 -0.165522 -0.11318 -0.158697 -0.126489 -0.151424 -0.140684 -0.142598 -0.153461 -0.133644 -0.165608 -0.124044 
0.986 -0.152883 0.302958 -0.143609 0.316302 -0.134847 0.327911 -0.125673 0.338869 -0.115128 0.350013 -0.104707 0.360044 -0.094006 0.369438 
1.197 -0.272045 0.231735 -0.265612 0.251031 -0.259164 0.267941 -0.252007 0.284279 -0.243271 0.301461 -0.23419 0.317229 -0.224328 0.332222 
4.293 0.290892 0.0536776 0.287245 0.0377011 0.28327 0.0237492 0.278942 0.0103147 0.273108 -0.00401118 0.267073 -0.0170954 0.260458 -0.0295144 
4.07 0.0224353 -0.375716 -0.00572934 -0.374827 -0.0307793 -0.372776 -0.0550647 -0.369653 -0.0814111 -0.364695 -0.105832 -0.358783 -0.129475 -0.351572 
1.327 -0.0953568 0.189275 -0.0923287 0.198422 -0.0890077 0.206533 -0.0854113 0.214321 -0.0811807 0.222487 -0.0768325 0.230118 -0.0720569 0.237443 
0.939 -0.143295 0.323504 -0.132827 0.336507 -0.122998 0.347725 -0.112831 0.3582 -0.101212 0.368804 -0.0898562 0.3782 -0.0780002 0.386875 
4.07 -0.00290371 -0.10589 -0.0148913 -0.103739 -0.0255224 -0.101276 -0.0356276 -0.0983891 -0.0466546 -0.0945915 -0.0567436 -0.0904961 -0.0663762 -0.0857895 
4.043 -0.026873 -0.178482 -0.0432815 -0.175001 -0.0578266 -0.171191 -0.0718104 -0.166799 -0.0868179 -0.161118 -0.100465 -0.155015 -0.113633 -0.148204 
4.25 0.108725 -0.123011 0.0953091 -0.127671 0.0830018 -0.131274 0.0710934 -0.134148 0.0576739 -0.136535 0.0451903 -0.138116 0.032541 -0.138922 
4.098 0.0135324 -0.135338 -0.000423391 -0.134336 -0.0127416 -0.132799 -0.024513 -0.130705 -0.0375222 -0.127706 -0.0494312 -0.124231 -0.0609771 -0.12012 
3.902 -0.120696 -0.213409 -0.138896 -0.204397 -0.154778 -0.19561 -0.169774 -0.186315 -0.185638 -0.175265 -0.200011 -0.164111 -0.213444 -0.152292 
3.707 -0.252185 -0.386673 -0.280848 -0.369455 -0.305783 -0.352775 -0.329202 -0.335374 -0.353721 -0.314967 -0.375762 -0.294553 -0.396286 -0.273273 
4.125 0.0292837 -0.164101 0.013749 -0.163953 -6.47536e-05 -0.163068 -0.0134238 -0.161599 -0.0278766 -0.159132 -0.0414559 -0.156178 -0.0544633 -0.152425 
0.772 -0.296699 0.305013 -0.288502 0.327892 -0.280043 0.348214 -0.27086 0.367601 -0.259643 0.387925 -0.248175 0.406547 -0.23584 0.424391 
3.305 -0.211094 0.0173812 -0.215605 0.0316214 -0.219203 0.0445584 -0.221927 0.0574156 -0.224239 0.0715249 -0.225656 0.0848392 -0.226269 0.0981039 
0.957 -0.48229 0.241323 -0.474817 0.272654 -0.466856 0.300367 -0.457759 0.327095 -0.446259 0.355472 -0.433945 0.381569 -0.420412 0.406683 
4.371 0.25528 0.00779345 0.248989 -0.00585076 0.242883 -0.0176434 0.236467 -0.0288954 0.228573 -0.0406661 0.220709 -0.0513405 0.212456 -0.061234 
3.984 -0.0727572 -0.204506 -0.0904816 -0.198083 -0.10602 -0.191586 -0.120798 -0.184518 -0.136496 -0.175908 -0.150784 -0.167099 -0.164329 -0.157546 
4.07 -0.00975209 -0.170264 -0.0257366 -0.167809 -0.0398824 -0.164923 -0.0533372 -0.161415 -0.0678754 -0.156713 -0.0813781 -0.151608 -0.0943889 -0.145827 
3.195 -0.31382 -0.0168607 -0.320576 0.00378261 -0.325733 0.0224329 -0.329768 0.0409721 -0.333074 0.0613838 -0.335235 0.0806722 -0.336279 0.0999052 
3.938 -0.10289 -0.214094 -0.121253 -0.206037 -0.137361 -0.198021 -0.152648 -0.189481 -0.168787 -0.179182 -0.183405 -0.168755 -0.197266 -0.157656 
4.047 -0.0220792 -0.133968 -0.0354837 -0.130708 -0.0472916 -0.127129 -0.0586432 -0.123171 -0.0708355 -0.118118 -0.0820708 -0.112859 -0.092741 -0.106994 
4.062 0.0724284 0.0844953 0.0717075 0.0814298 0.0708218 0.0788533 0.0699528 0.0762911 0.0686526 0.0734419 0.0673331 0.070891 0.0659014 0.068479 
1.224 -0.248076 0.222832 -0.241963 0.240529 -0.235883 0.256131 -0.229029 0.271056 -0.220789 0.286705 -0.212156 0.300983 -0.202998 0.314781 
2.385 -0.365868 -0.140816 -0.37997 -0.11727 -0.391544 -0.0956513 -0.401679 -0.0739115 -0.411426 -0.0497763 -0.419382 -0.0265299 -0.425917 -0.00320119 
4.152 0.0779071 -0.388728 0.0490823 -0.390884 0.0232863 -0.391474 -0.00183369 -0.390969 -0.0292385 -0.388751 -0.0547869 -0.385372 -0.0796895 -0.380614 
4.535 0.275825 -0.129174 0.261618 -0.143778 0.248248 -0.156161 0.234844 -0.167638 0.219335 -0.179329 0.20429 -0.189556 0.188993 -0.198641 
3.299 -0.239173 0.100247 -0.238906 0.116073 -0.238051 0.130255 -0.2364 0.144016 -0.233884 0.158918 -0.230751 0.172682 -0.226905 0.186327 
3.59 -0.337789 -0.218888 -0.356355 -0.196876 -0.372011 -0.176488 -0.386272 -0.15585 -0.400597 -0.132472 -0.412882 -0.109764 -0.423756 -0.0868634 
3.955 -0.0919326 -0.153828 -0.106494 -0.146601 -0.119273 -0.139519 -0.131354 -0.132055 -0.144097 -0.123137 -0.155595 -0.114158 -0.166522 -0.104648 
2.123 -0.391892 -0.173689 -0.407848 -0.148746 -0.420992 -0.125768 -0.432607 -0.102694 -0.443896 -0.0768007 -0.453347 -0.0520074 -0.461406 -0.0269773 
1.27 -0.0460485 0.261868 -0.0384624 0.268222 -0.0315829 0.273574 -0.024395 0.278539 -0.0164614 0.283345 -0.00875426 0.28747 -0.00100707 0.291193 
3.178 -0.343953 0.0694288 -0.345505 0.0917402 -0.346003 0.111766 -0.345464 0.131354 -0.3437 0.15257 -0.341004 0.172354 -0.337283 0.19188 
4.215 0.0874949 -0.133283 0.0737265 -0.13672 0.0610553 -0.139214 0.049052 -0.140967 0.0355403 -0.142168 0.0229387 -0.142589 0.0102952 -0.142293 
4.539 0.272401 -0.112053 0.259241 -0.126594 0.246864 -0.138905 0.234357 -0.150369 0.219842 -0.162048 0.205655 -0.172317 0.191272 -0.18147 
3.939 -0.102205 -0.119586 -0.114875 -0.111892 -0.125843 -0.104442 -0.136116 -0.0966659 -0.147033 -0.0875922 -0.156754 -0.0784846 -0.165872 -0.0689961 
4.043 -0.0220792 -0.116162 -0.0348681 -0.113057 -0.0461985 -0.109694 -0.0569588 -0.10593 -0.0685705 -0.101111 -0.0792621 -0.0959971 -0.0895166 -0.0903718 
4.125 0.0635255 -0.395576 0.0343337 -0.396839 0.00823096 -0.396672 -0.0171129 -0.395359 -0.0447753 -0.392334 -0.0704578 -0.388162 -0.0955247 -0.382591 
1.258 -0.0255034 0.263923 -0.0179679 0.269116 -0.0111792 0.273474 -0.00413445 0.277426 0.0036621 0.281215 0.0112133 0.284318 0.0188127 0.287128 
1.452 -0.461745 0.221463 -0.455616 0.251694 -0.44879 0.278453 -0.440363 0.304367 -0.429871 0.331888 -0.418801 0.357223 -0.40654 0.381614 
4.219 0.0991371 -0.0798658 0.0885357 -0.0838942 0.0788197 -0.0870346 0.0693122 -0.089652 0.0585557 -0.0919051 0.0485308 -0.0934677 0.0385174 -0.0944529 
4.176 0.0607862 -0.140816 0.0464044 -0.142557 0.0333731 -0.143521 0.0207826 -0.143842 0.00686576 -0.143383 -0.00600981 -0.142231 -0.0185455 -0.140296 
1.612 0.251171 0.243378 0.25838 0.230203 0.264128 0.218279 0.269319 0.206256 0.27388 0.192861 0.277615 0.179939 0.280591 0.167055 
4.156 0.0553075 -0.121641 0.0423384 -0.123128 0.0306089 -0.123871 0.0192704 -0.124051 0.00691751 -0.123558 -0.00468574 -0.122465 -0.0161672 -0.1207 
3.947 -0.094672 -0.0737022 -0.104442 -0.0661702 -0.113129 -0.0591141 -0.120966 -0.0517758 -0.129555 -0.0433539 -0.136787 -0.0349701 -0.143689 -0.0263357 
3.584 -0.325462 -0.159307 -0.340424 -0.138223 -0.352973 -0.118742 -0.364248 -0.0991818 -0.375285 -0.0771268 -0.384633 -0.0559013 -0.392651 -0.0343611 
4.117 0.0395562 -0.0380907 0.0313923 -0.0387404 0.0239613 -0.0388677 0.0169086 -0.038672 0.00907096 -0.0380245 0.00184204 -0.0369889 -0.00520568 -0.0355306 
4.152 0.0484591 -0.16958 0.0322828 -0.170612 0.0177698 -0.170737 0.0037732 -0.170277 -0.0115856 -0.168875 -0.0258748 -0.166833 -0.039818 -0.16388 
4.297 0.282674 0.0721682 0.280141 0.0567399 0.277238 0.0431737 0.273907 0.0301092 0.269218 0.0160563 0.264229 0.00324717 0.258716 -0.00901922 
4.207 0.0922887 -0.0545268 0.0831066 -0.058302 0.0748331 -0.0611795 0.0665361 -0.0636814 0.057175 -0.0658445 0.0486419 -0.0673952 0.0400189 -0.068415 
3.316 -0.201507 0.0303931 -0.205601 0.0440082 -0.208655 0.0564002 -0.211195 0.0685697 -0.213281 0.0819984 -0.214486 0.0947321 -0.214854 0.107364 
0.761 -0.33505 0.300904 -0.327236 0.326295 -0.319226 0.348695 -0.310196 0.370254 -0.299072 0.392978 -0.287498 0.413849 -0.275018 0.433868 
4.219 0.244323 0.0612108 0.24149 0.0478569 0.238336 0.036144 0.234845 0.024853 0.230082 0.0128578 0.225074 0.00181011 0.21961 -0.00864328 
3.646 -0.289166 -0.249021 -0.309541 -0.229638 -0.326869 -0.211596 -0.342892 -0.193056 -0.359262 -0.17191 -0.373578 -0.151275 -0.386542 -0.130124 
4.527 0.271031 -0.0921929 0.259081 -0.106494 0.247753 -0.118615 0.23631 -0.130069 0.22298 -0.141714 0.209919 -0.152026 0.196652 -0.161216 
1.65 -0.150829 0.224202 -0.144245 0.235858 -0.137958 0.245961 -0.131195 0.255522 -0.123448 0.265426 -0.115587 0.274367 -0.107365 0.282863 
1.267 -0.0371456 0.245432 -0.0306742 0.251117 -0.0246919 0.256058 -0.0185438 0.260521 -0.0118345 0.264874 -0.00523276 0.268728 0.00146217 0.272247 
3.637 -0.296699 -0.22916 -0.316016 -0.209569 -0.332468 -0.191191 -0.347504 -0.172569 -0.362835 -0.151245 -0.37621 -0.130446 -0.388213 -0.10937 
3.266 -0.250815 0.157773 -0.247031 0.174535 -0.243251 0.189336 -0.238834 0.203609 -0.23347 0.218694 -0.227722 0.23285 -0.221262 0.246373 
4.09 0.260759 0.100247 0.260133 0.0860464 0.258887 0.0734348 0.257217 0.0612746 0.254424 0.0481299 0.251304 0.0359818 0.247586 0.0242364 
3.658 -0.283002 -0.268196 -0.304319 -0.249259 -0.322591 -0.231411 -0.339482 -0.213128 -0.356775 -0.19223 -0.372077 -0.171679 -0.386014 -0.150653 
0.819 -0.304232 0.288577 -0.296562 0.311871 -0.288851 0.332354 -0.28021 0.351979 -0.269675 0.372694 -0.258697 0.391644 -0.246934 0.40981 
4.219 0.238844 0.0749075 0.236944 0.0620043 0.234595 0.0506053 0.231969 0.0396552 0.228222 0.0278687 0.224184 0.0170019 0.219688 0.00661467 
4.133 0.0333927 -0.182591 0.0164649 -0.182802 0.0013825 -0.182272 -0.0131503 -0.18106 -0.0290807 -0.178828 -0.0438995 -0.175945 -0.0582788 -0.172239 
1.273 -0.0570059 0.238584 -0.0508699 0.245321 -0.04513 0.251247 -0.0392363 0.256723 -0.0325985 0.262165 -0.0260162 0.267 -0.0193592 0.271447 
4.027 -0.0241337 -0.0476784 -0.032666 -0.0444286 -0.0402306 -0.0410754 -0.047283 -0.0374176 -0.0548618 -0.0330053 -0.0617191 -0.0285456 -0.0681399 -0.0236245 
4.273 0.123106 -0.123011 0.109837 -0.128441 0.097748 -0.132681 0.0856664 -0.136315 0.0721668 -0.139486 0.0592661 -0.141783 0.0466923 -0.14326 
3.373 -0.147404 -0.0278181 -0.154843 -0.0173821 -0.161084 -0.00772228 -0.166655 0.00198997 -0.172221 0.0129306 -0.17686 0.0234633 -0.180822 0.0342996 
1.292 -0.0707026 0.25502 -0.0636112 0.262485 -0.0571099 0.268945 -0.0503268 0.274877 -0.0426309 0.280879 -0.0351639 0.286194 -0.0274487 0.291068 
4.371 0.199123 -0.0339816 0.190896 -0.0444538 0.183058 -0.0533612 0.175129 -0.0615976 0.165819 -0.0701541 0.156708 -0.0776251 0.147428 -0.0844029 
3.527 -0.361074 -0.155198 -0.375844 -0.131908 -0.388103 -0.110583 -0.39898 -0.0891268 -0.409538 -0.065114 -0.418339 -0.04206 -0.425739 -0.0187852 
4.176 0.248432 0.0920285 0.247351 0.0784992 0.245827 0.0665419 0.243746 0.0549255 0.240691 0.042398 0.237111 0.0308031 0.233034 0.019717 
4.207 0.186796 0.0879195 0.185519 0.0781006 0.183874 0.0694776 0.182034 0.0611455 0.179279 0.0521801 0.176309 0.0439417 0.173044 0.036195 
4.578 0.286783 -0.111368 0.27363 -0.126869 0.261236 -0.140005 0.248619 -0.152257 0.233949 -0.164843 0.21966 -0.175878 0.205039 -0.185794 
3.566 -0.331626 -0.130544 -0.345024 -0.109019 -0.356093 -0.0892252 -0.365892 -0.0692951 -0.375373 -0.0470591 -0.383227 -0.025731 -0.389727 -0.00423117 
3.432 -0.371346 -0.207246 -0.389315 -0.183283 -0.404393 -0.161137 -0.417954 -0.138818 -0.431435 -0.113703 -0.442794 -0.0893902 -0.452709 -0.0648096 
3.627 -0.280263 -0.129859 -0.293589 -0.111326 -0.30471 -0.0941391 -0.314676 -0.0768213 -0.32451 -0.0574406 -0.332771 -0.0386788 -0.339817 -0.0198279 
3.604 -0.315875 -0.181222 -0.331989 -0.16053 -0.345567 -0.141377 -0.357842 -0.122045 -0.370078 -0.100236 -0.380451 -0.0791827 -0.389496 -0.0579751 
1.158 -0.258348 0.23516 -0.251715 0.253481 -0.245157 0.269633 -0.237906 0.285188 -0.229197 0.301414 -0.220139 0.316483 -0.210417 0.330755 
4.234 0.21145 0.0571018 0.208685 0.0458349 0.20569 0.0359868 0.2025 0.0264493 0.198142 0.0162818 0.193541 0.00698685 0.188586 -0.00181664 
4.191 0.0772223 -0.241487 0.0568718 -0.244154 0.0385841 -0.245576 0.0207649 -0.246124 0.0012179 -0.245557 -0.0170198 -0.244115 -0.034864 -0.24164 
4.266 0.199123 0.0769621 0.197373 0.0661912 0.195286 0.0567367 0.192914 0.0476563 0.189604 0.03784 0.186056 0.0288049 0.182187 0.0202822 
4.426 0.220353 -0.150404 0.204976 -0.1617 0.19077 -0.170963 0.176599 -0.179354 0.160498 -0.187566 0.14504 -0.194516 0.129561 -0.200427 
4.586 0.29774 -0.155883 0.282132 -0.171914 0.267532 -0.185394 0.252821 -0.197863 0.235777 -0.21055 0.219369 -0.221465 0.202635 -0.231281 
4.168 0.0683194 0.000945076 0.0626259 -0.00157366 0.0573809 -0.00352376 0.0523172 -0.00516893 0.046438 -0.00670739 0.0410099 -0.00780554 0.0353697 -0.00855508 
3.969 -0.0796055 -0.147665 -0.0941603 -0.141016 -0.10673 -0.13435 -0.118638 -0.127366 -0.131411 -0.118987 -0.142969 -0.110494 -0.153623 -0.101437 
3.65 -0.300123 -0.427763 -0.330844 -0.407843 -0.357427 -0.388722 -0.382345 -0.368764 -0.408364 -0.345507 -0.431647 -0.322477 -0.453323 -0.29846 
4.051 -0.00701274 -0.0558965 -0.0159927 -0.0540693 -0.0239682 -0.0520253 -0.0315872 -0.0496277 -0.0398987 -0.0466277 -0.0475288 -0.0433153 -0.0548248 -0.0395829 
3.607 -0.300808 -0.14698 -0.315055 -0.127338 -0.327059 -0.109107 -0.337736 -0.0907865 -0.348389 -0.0701177 -0.357312 -0.0502665 -0.365015 -0.0301043 
4.199 0.0854404 -0.0860293 0.0744947 -0.0895237 0.0645121 -0.0920884 0.0549825 -0.0941134 0.0440501 -0.0957911 0.0339517 -0.0967577 0.0239411 -0.0971109 
0.723 -0.346007 0.31871 -0.337337 0.345003 -0.32855 0.368241 -0.318623 0.390484 -0.306566 0.413997 -0.294079 0.435476 -0.280699 0.456036 
1.114 -0.200822 0.268717 -0.193232 0.284746 -0.185741 0.298849 -0.177859 0.312136 -0.168422 0.325996 -0.158939 0.338565 -0.14884 0.350529 
1.255 -0.0193398 0.250226 -0.012657 0.255154 -0.00662844 0.25924 -0.000396639 0.262962 0.0063696 0.266551 0.0129335 0.269567 0.0196422 0.272298 
4.594 0.299795 -0.139447 0.284865 -0.155363 0.270877 -0.168763 0.256801 -0.181267 0.240451 -0.193966 0.224654 -0.205019 0.208546 -0.214949 
4.008 -0.0426243 -0.0784961 -0.0531781 -0.0743428 -0.062405 -0.0700995 -0.0710946 -0.0655319 -0.0804382 -0.0599998 -0.0888025 -0.0543086 -0.0966538 -0.0481506 
3.621 -0.293275 -0.162731 -0.308391 -0.14336 -0.321094 -0.125514 -0.332586 -0.107475 -0.34402 -0.0871139 -0.35381 -0.0674819 -0.362338 -0.0476132 
1.268 0.101876 0.209821 0.105825 0.207295 0.109142 0.204799 0.112526 0.202293 0.115708 0.199378 0.118623 0.196453 0.121358 0.193566 
4.562 0.284043 -0.140816 0.269355 -0.155763 0.255522 -0.168277 0.241621 -0.179904 0.225643 -0.191629 0.210111 -0.201811 0.19435 -0.210868 
3.926 -0.110423 -0.0812354 -0.120786 -0.0728887 -0.129754 -0.0650818 -0.137789 -0.0569539 -0.14649 -0.0476488 -0.154038 -0.0384614 -0.160705 -0.0289759 
1.214 0.0505136 0.248856 0.0570519 0.249437 0.0628994 0.249742 0.0684371 0.249763 0.0747263 0.2493 0.0804164 0.248541 0.0858807 0.247665 
3.689 -0.261772 -0.327092 -0.286937 -0.3094 -0.308685 -0.292435 -0.328949 -0.274964 -0.350057 -0.2546 -0.36888 -0.234384 -0.386249 -0.213489 
3.656 -0.259033 -0.116162 -0.271485 -0.0990405 -0.281878 -0.0832095 -0.2912 -0.0673399 -0.300488 -0.0493985 -0.308263 -0.0321253 -0.315003 -0.0145612 
4.133 0.0381865 -0.101096 0.0263779 -0.101483 0.0157518 -0.101309 0.00553132 -0.100559 -0.00573097 -0.0991325 -0.0162314 -0.0973092 -0.0264543 -0.0948026 
3.736 -0.211779 -0.199712 -0.229114 -0.18534 -0.244015 -0.171651 -0.257907 -0.157551 -0.272173 -0.141485 -0.284796 -0.125713 -0.296323 -0.10937 
3.709 -0.245336 -0.349007 -0.271679 -0.332182 -0.294418 -0.316092 -0.315826 -0.299261 -0.338138 -0.279589 -0.358102 -0.260093 -0.376688 -0.239786 
1.366 -0.261772 0.221463 -0.255649 0.240172 -0.249551 0.256695 -0.24259 0.272518 -0.234134 0.289107 -0.225307 0.304367 -0.215827 0.318965 
3.684 -0.255609 -0.204506 -0.273375 -0.187329 -0.288513 -0.171333 -0.302515 -0.154849 -0.316796 -0.13613 -0.329226 -0.117831 -0.340453 -0.099098 
4.516 0.262813 -0.140816 0.24814 -0.154556 0.234479 -0.166048 0.22076 -0.176587 0.204992 -0.187248 0.189744 -0.196443 0.174269 -0.204384 
3.758 -0.191919 -0.167525 -0.207706 -0.154112 -0.221166 -0.141582 -0.233744 -0.128648 -0.246647 -0.113786 -0.258029 -0.0992591 -0.268449 -0.0842023 
3.762 -0.191919 -0.184646 -0.208474 -0.171305 -0.222714 -0.158582 -0.235934 -0.145497 -0.249584 -0.130613 -0.26166 -0.11588 -0.272697 -0.100695 
3.99 -0.0659088 -0.12575 -0.0789728 -0.119799 -0.0905548 -0.113901 -0.101177 -0.107623 -0.112784 -0.100135 -0.123057 -0.0924966 -0.132886 -0.0843921 
0.71 -0.322723 0.332407 -0.313469 0.357407 -0.304083 0.379413 -0.293745 0.400517 -0.28137 0.422619 -0.268549 0.442869 -0.254905 0.46216 
3.691 -0.243967 -0.18807 -0.26087 -0.171563 -0.27531 -0.156184 -0.288609 -0.140425 -0.302222 -0.122422 -0.314066 -0.104908 -0.324714 -0.0868984 
1.659 -0.215203 0.231051 -0.208265 0.24634 -0.201542 0.259602 -0.194224 0.272398 -0.185482 0.285585 -0.176617 0.297705 -0.167364 0.309134 
3.744 -0.204931 -0.173689 -0.220902 -0.159613 -0.234633 -0.146428 -0.247314 -0.132923 -0.260435 -0.117325 -0.271953 -0.102092 -0.282435 -0.0863532 
3.666 -0.276154 -0.236694 -0.295753 -0.218366 -0.312541 -0.201104 -0.328025 -0.183427 -0.343856 -0.16335 -0.357747 -0.143638 -0.370343 -0.123444 
1.597 0.193645 0.237214 0.199592 0.228567 0.204454 0.220728 0.208995 0.212901 0.213198 0.204002 0.216765 0.195541 0.219802 0.18696 
3.676 -0.266566 -0.225736 -0.285522 -0.207771 -0.301715 -0.190976 -0.316678 -0.17386 -0.331933 -0.154169 -0.345265 -0.134913 -0.357332 -0.115255 
0.889 -0.246021 0.285838 -0.237787 0.304964 -0.229718 0.321743 -0.220904 0.337732 -0.210432 0.354509 -0.199729 0.369751 -0.188401 0.384184 
3.584 -0.317244 -0.126435 -0.33031 -0.105758 -0.341102 -0.086771 -0.350739 -0.0675947 -0.360056 -0.0461822 -0.367761 -0.0255755 -0.374244 -0.00483776 
4.305 0.166251 -0.087399 0.155132 -0.0955021 0.144844 -0.102221 0.134588 -0.108315 0.122892 -0.114257 0.111712 -0.119171 0.100506 -0.1234 
3.637 -0.274099 -0.146295 -0.288324 -0.128153 -0.300336 -0.111261 -0.311165 -0.0943494 -0.321935 -0.0752679 -0.331172 -0.0567601 -0.339151 -0.0379914 
4.562 0.27788 -0.0600055 0.267791 -0.0748907 0.258164 -0.0877743 0.248226 -0.0997105 0.236502 -0.112341 0.224967 -0.12334 0.213106 -0.133442 
3.668 -0.243967 -0.116162 -0.256507 -0.0998035 -0.26705 -0.0844986 -0.276512 -0.0691613 -0.285959 -0.0518971 -0.293941 -0.0351279 -0.300904 -0.0181878 
3.68 -0.265881 -0.247651 -0.286083 -0.229871 -0.303408 -0.213207 -0.319463 -0.196036 -0.335942 -0.176339 -0.35043 -0.157069 -0.363666 -0.137229 
4.406 0.21145 -0.0743871 0.200898 -0.0853137 0.19098 -0.0945445 0.181012 -0.103099 0.169399 -0.111782 0.158196 -0.119295 0.146834 -0.125953 
3.771 -0.200137 -0.288741 -0.222677 -0.274704 -0.242264 -0.261122 -0.260723 -0.246948 -0.280003 -0.230451 -0.297232 -0.214011 -0.313356 -0.196941 
1.277 -0.165895 0.269401 -0.156824 0.281727 -0.148322 0.292477 -0.1394 0.302548 -0.129173 0.31279 -0.119028 0.321936 -0.108609 0.330578 
1.729 -0.24876 0.193384 -0.243939 0.210906 -0.23893 0.226403 -0.233214 0.241292 -0.226078 0.257108 -0.218581 0.271557 -0.210513 0.285552 
4.289 0.156663 -0.0545268 0.147188 -0.0620924 0.138348 -0.0683128 0.129554 -0.0739641 0.119451 -0.0795735 0.109798 -0.0843714 0.100086 -0.0884816 
3.711 -0.239173 -0.247651 -0.259352 -0.231444 -0.276685 -0.216039 -0.292853 -0.200225 -0.309531 -0.182039 -0.324317 -0.164111 -0.337818 -0.145638 
3.654 -0.280948 -0.222997 -0.29978 -0.204295 -0.315771 -0.186804 -0.330513 -0.169056 -0.34551 -0.148748 -0.358589 -0.129058 -0.370398 -0.10889 
3.529 -0.128229 -0.0223394 -0.135374 -0.0130341 -0.141391 -0.00431807 -0.146765 0.00446829 -0.152204 0.0142894 -0.156741 0.0238421 -0.160696 0.0334815 
4.09 0.00668402 -0.118217 -0.00606465 -0.116983 -0.0173971 -0.115296 -0.0282842 -0.113045 -0.0401789 -0.109966 -0.0511053 -0.106476 -0.0616372 -0.102441 
3.75 -0.216573 -0.33805 -0.242154 -0.323163 -0.264404 -0.308608 -0.285358 -0.293406 -0.307298 -0.275462 -0.327034 -0.257674 -0.345493 -0.23909 
4.32 0.172415 0.0427202 0.168653 0.0338492 0.164807 0.0261253 0.160883 0.0188086 0.15596 0.0110556 0.150974 0.0040666 0.145777 -0.00242043 
1.589 0.177893 0.292001 0.187104 0.2844 0.194904 0.27724 0.202311 0.269847 0.209793 0.26151 0.216372 0.253162 0.222557 0.244622 
3.639 -0.289166 -0.205876 -0.307208 -0.186575 -0.322496 -0.168653 -0.336512 -0.150402 -0.350649 -0.129613 -0.362981 -0.109508 -0.37395 -0.0889023 
4.418 0.219669 -0.0264484 0.2118 -0.0378739 0.204229 -0.0476773 0.196554 -0.0568915 0.187377 -0.066374 0.17837 -0.0748755 0.169133 -0.0826264 
3.545 -0.306972 -0.108629 -0.319217 -0.0884066 -0.329346 -0.0699504 -0.338259 -0.0513386 -0.34696 -0.0304904 -0.353998 -0.0105715 -0.359928 0.00950847 
3.699 -0.247391 -0.221627 -0.266132 -0.205039 -0.282082 -0.18945 -0.296913 -0.173499 -0.312178 -0.155154 -0.325574 -0.137233 -0.337768 -0.11883 
3.631 -0.302178 -0.282578 -0.324666 -0.262605 -0.343938 -0.243767 -0.361733 -0.22456 -0.380079 -0.202416 -0.396156 -0.180862 -0.410802 -0.158679 
3.768 -0.191234 -0.212724 -0.20946 -0.199425 -0.225223 -0.186615 -0.239854 -0.173542 -0.255139 -0.158469 -0.268687 -0.143374 -0.281186 -0.127869 
3.758 -0.21041 -0.355171 -0.236892 -0.340561 -0.259932 -0.326266 -0.281591 -0.311408 -0.304454 -0.29362 -0.324953 -0.276009 -0.344135 -0.257492 
0.697 -0.44257 0.352952 -0.432678 0.38551 -0.422429 0.414073 -0.410908 0.441519 -0.396699 0.470613 -0.381896 0.497223 -0.366014 0.522574 
3.689 -0.229585 -0.131229 -0.242827 -0.115623 -0.254099 -0.101214 -0.264271 -0.0865147 -0.274584 -0.0698415 -0.283381 -0.0537872 -0.291174 -0.0372552 
1.719 0.202548 0.187221 0.20548 0.177952 0.207732 0.169664 0.20964 0.161461 0.211009 0.152406 0.211983 0.143978 0.212402 0.135497 
1.885 -0.197398 0.185166 -0.193378 0.19939 -0.189326 0.211943 -0.184569 0.223974 -0.178496 0.236844 -0.172257 0.248603 -0.165663 0.259734 
3.686 -0.239173 -0.151774 -0.253635 -0.135864 -0.265854 -0.121056 -0.277088 -0.105954 -0.288463 -0.0888266 -0.298275 -0.0720895 -0.306995 -0.055135 
4.074 0.000520477 -0.0819203 -0.010012 -0.0803735 -0.0193455 -0.0786305 -0.0283024 -0.0762412 -0.0380858 -0.0733212 -0.0470668 -0.07003 -0.0556541 -0.0662983 
4.164 0.0580468 -0.249021 0.0377377 -0.25048 0.0195215 -0.250874 0.00186252 -0.250404 -0.0174934 -0.248773 -0.0355488 -0.246338 -0.0531461 -0.242897 
3.762 -0.204246 -0.322298 -0.228984 -0.307996 -0.250457 -0.29424 -0.270658 -0.279772 -0.291914 -0.262755 -0.311027 -0.245758 -0.328879 -0.228 
3.664 -0.256294 -0.153143 -0.270905 -0.136039 -0.283284 -0.120078 -0.294515 -0.103977 -0.305867 -0.0856593 -0.315563 -0.0679842 -0.3241 -0.0499065 
4.371 0.19433 -0.127804 0.180675 -0.137434 0.168006 -0.145363 0.155353 -0.152639 0.141033 -0.159599 0.127249 -0.165543 0.113407 -0.170503 
3.713 -0.241912 -0.296959 -0.265384 -0.2804 -0.285593 -0.264739 -0.304582 -0.248444 -0.324303 -0.229517 -0.34182 -0.210763 -0.358074 -0.191222 
3.715 -0.239858 -0.319559 -0.264433 -0.303025 -0.285684 -0.287226 -0.305639 -0.270935 -0.326361 -0.251847 -0.344854 -0.232955 -0.362006 -0.213325 
3.711 -0.228215 -0.181907 -0.244775 -0.166449 -0.259003 -0.151816 -0.272087 -0.136967 -0.28541 -0.119993 -0.297129 -0.103336 -0.307733 -0.0862014 
1.536 -0.363128 0.215984 -0.357383 0.24061 -0.351168 0.262377 -0.34411 0.283405 -0.335095 0.305748 -0.325633 0.326309 -0.315163 0.346001 
3.645 -0.26999 -0.160677 -0.285082 -0.142663 -0.297804 -0.125991 -0.309375 -0.109092 -0.321003 -0.089979 -0.330918 -0.0714832 -0.339626 -0.0525834 
3.967 -0.0789207 -0.0853445 -0.0897109 -0.0787554 -0.0992138 -0.0723702 -0.108075 -0.0657461 -0.117398 -0.0579732 -0.125893 -0.050206 -0.133633 -0.0420103 
4.391 0.216929 0.00162991 0.210999 -0.0101303 0.205119 -0.0202775 0.199081 -0.0298907 0.191666 -0.0399844 0.184285 -0.0490625 0.176598 -0.0575037 
3.617 -0.31382 -0.246281 -0.334009 -0.225621 -0.351198 -0.206308 -0.366969 -0.186679 -0.383018 -0.1645 -0.396967 -0.142527 -0.409572 -0.120291 
1.332 0.102561 0.271456 0.110593 0.26854 0.117541 0.265777 0.124337 0.262684 0.131256 0.258731 0.137646 0.254732 0.143746 0.250535 
4.32 0.167621 -0.196288 0.14961 -0.204129 0.133222 -0.210282 0.117086 -0.215553 0.0990335 -0.220252 0.0819138 -0.223742 0.0649522 -0.226181 
3.619 -0.302178 -0.182591 -0.318321 -0.16294 -0.331956 -0.144593 -0.344299 -0.126067 -0.356692 -0.105219 -0.367322 -0.0849823 -0.37665 -0.0644573 
4.051 -0.0152308 -0.0757567 -0.0255747 -0.0728529 -0.0347177 -0.0697852 -0.043354 -0.0663849 -0.0526748 -0.0621947 -0.0611045 -0.0577682 -0.069165 -0.0528452 
3.729 -0.188495 -0.0545268 -0.197443 -0.0413552 -0.204879 -0.0292884 -0.211483 -0.0171277 -0.218072 -0.00347055 -0.22355 0.00963797 -0.228083 0.0229536 
4.188 0.078592 -0.0600055 0.069076 -0.0632129 0.0604338 -0.0655844 0.0519115 -0.0675162 0.0425648 -0.06904 0.0336343 -0.0700491 0.0248848 -0.070431 
3.672 -0.259033 -0.190809 -0.276123 -0.173545 -0.290717 -0.157442 -0.304167 -0.140941 -0.317759 -0.122124 -0.329643 -0.103833 -0.34036 -0.0851221 
4.371 0.197754 -0.0764416 0.187024 -0.0865378 0.176993 -0.0950615 0.166951 -0.102859 0.155347 -0.110687 0.144161 -0.11748 0.132813 -0.123407 
3.918 -0.117272 -0.0613752 -0.126582 -0.0527814 -0.134684 -0.0446899 -0.142044 -0.0364442 -0.149757 -0.0269919 -0.15639 -0.0177698 -0.162386 -0.00823528 
1.543 0.193645 0.199548 0.1974 0.190763 0.200342 0.182852 0.202991 0.175064 0.205204 0.16646 0.206862 0.158044 0.208149 0.149981 
1.441 0.188851 0.161197 0.190521 0.152726 0.191552 0.145133 0.192432 0.137644 0.192647 0.129406 0.192554 0.121594 0.192014 0.114036 
4.438 0.229256 -0.0627448 0.219211 -0.0746041 0.209698 -0.0848202 0.200096 -0.0942085 0.188842 -0.103829 0.177819 -0.112336 0.166637 -0.119936 
3.91 -0.115902 -0.140816 -0.129859 -0.132322 -0.141943 -0.124117 -0.153243 -0.11557 -0.165061 -0.105533 -0.175677 -0.0955281 -0.18557 -0.0850471 
3.654 -0.261088 -0.139447 -0.274946 -0.122076 -0.286609 -0.106036 -0.297111 -0.0898569 -0.307669 -0.071549 -0.316687 -0.053768 -0.324549 -0.035705 
3.693 -0.253554 -0.262033 -0.274734 -0.244942 -0.292934 -0.228796 -0.309912 -0.212141 -0.327379 -0.192834 -0.342807 -0.173885 -0.356944 -0.154325 
3.785 -0.18781 -0.273675 -0.20984 -0.260432 -0.228939 -0.247618 -0.246885 -0.234367 -0.265724 -0.218704 -0.282632 -0.203042 -0.298389 -0.186564 
3.916 -0.115902 -0.227791 -0.13479 -0.21914 -0.151328 -0.210583 -0.166907 -0.201444 -0.183467 -0.190529 -0.198424 -0.179454 -0.212502 -0.167747 
3.746 -0.215203 -0.242172 -0.23516 -0.227441 -0.252406 -0.213311 -0.268495 -0.19879 -0.28524 -0.181961 -0.300053 -0.165249 -0.313794 -0.148084 
3.824 -0.16521 -0.264087 -0.186663 -0.25221 -0.205333 -0.240785 -0.222931 -0.228648 -0.241438 -0.214418 -0.258086 -0.200127 -0.273639 -0.185069 
3.719 -0.2289 -0.203821 -0.246629 -0.188178 -0.261812 -0.173495 -0.275908 -0.15843 -0.29032 -0.141267 -0.303029 -0.124417 -0.314597 -0.107128 
3.895 -0.133023 -0.0839748 -0.143387 -0.0744613 -0.152144 -0.065536 -0.160133 -0.0563684 -0.168667 -0.0459899 -0.175988 -0.0357984 -0.182729 -0.025352 
0.872 -0.465169 0.259814 -0.456997 0.290701 -0.4485 0.31795 -0.438666 0.344055 -0.426341 0.371777 -0.413419 0.397415 -0.399199 0.421685 
3.398 -0.111793 -0.00658814 -0.117723 0.00185429 -0.122812 0.00957665 -0.12722 0.0174803 -0.131622 0.0262631 -0.135287 0.0347952 -0.138386 0.0433928 
4.137 0.0470894 -0.0641145 0.0374266 -0.0650881 0.0286849 -0.0653781 0.020309 -0.0653937 0.0110433 -0.064804 0.00245891 -0.0638377 -0.00587216 -0.0623777 
3.674 -0.245336 -0.132598 -0.258727 -0.116199 -0.270086 -0.100877 -0.280334 -0.0854633 -0.290623 -0.0680333 -0.299397 -0.0511481 -0.307121 -0.0339641 
3.621 -0.279578 -0.109314 -0.29163 -0.0908123 -0.301676 -0.0737977 -0.310599 -0.0567167 -0.319332 -0.0374553 -0.326528 -0.0190943 -0.332592 -0.000587156 
3.922 -0.111793 -0.156568 -0.126496 -0.148236 -0.139339 -0.140207 -0.151365 -0.131772 -0.164104 -0.121838 -0.175348 -0.111819 -0.185998 -0.101396 
1.302 -0.0960416 0.247487 -0.0894025 0.256554 -0.0830223 0.264457 -0.0764178 0.271836 -0.0688282 0.279412 -0.0612942 0.286208 -0.0534918 0.292507 
3.83 -0.159732 -0.306547 -0.183407 -0.295019 -0.204123 -0.283685 -0.223659 -0.271816 -0.244312 -0.257536 -0.262953 -0.243171 -0.280546 -0.227943 
3.939 -0.098781 -0.101096 -0.110328 -0.0934161 -0.120328 -0.0860109 -0.12964 -0.0783592 -0.139463 -0.0694726 -0.148215 -0.0606526 -0.156244 -0.0514271 
4.176 0.0737981 -0.0127517 0.0671384 -0.015612 0.0609515 -0.0178853 0.0549556 -0.0197645 0.0481401 -0.0214696 0.0416598 -0.0227554 0.0352938 -0.0235619 
4.309 0.165566 -0.0189152 0.158513 -0.0272207 0.151844 -0.0342628 0.145146 -0.0408044 0.137196 -0.0475145 0.129477 -0.053405 0.121629 -0.0586659 
1.453 -0.393261 0.224202 -0.387564 0.250567 -0.381341 0.273927 -0.374122 0.296537 -0.364862 0.32061 -0.354916 0.342759 -0.343934 0.364081 
3.629 -0.245336 -0.0867141 -0.25624 -0.0702782 -0.265398 -0.055088 -0.273419 -0.0398835 -0.281358 -0.0227952 -0.287995 -0.00632965 -0.293547 0.0102124 
3.533 -0.362444 -0.2319 -0.38166 -0.208432 -0.397828 -0.186532 -0.412513 -0.164488 -0.427124 -0.139578 -0.439629 -0.1156 -0.450638 -0.0911062 
3.734 -0.224106 -0.290111 -0.247022 -0.274748 -0.266857 -0.26021 -0.2855 -0.244854 -0.30495 -0.227029 -0.322315 -0.209322 -0.338335 -0.190803 
0.704 -0.356965 0.328297 -0.347825 0.355314 -0.338694 0.378974 -0.328438 0.40189 -0.315894 0.425852 -0.303031 0.447848 -0.289016 0.468855 
1.26 0.102561 0.194069 0.105538 0.191495 0.108073 0.188968 0.110602 0.186413 0.112977 0.183665 0.115089 0.180906 0.116985 0.178091 
4.254 0.233365 0.0358718 0.229437 0.0230621 0.225273 0.011914 0.220817 0.00122877 0.21506 -0.010138 0.209173 -0.0205096 0.202842 -0.0302755 
4.301 0.160088 -0.00179427 0.15371 -0.00986315 0.147676 -0.0167426 0.141553 -0.0231912 0.134278 -0.0297788 0.127072 -0.0356382 0.119884 -0.0409054 
3.57 -0.259033 -0.091508 -0.270215 -0.0743859 -0.279533 -0.0585506 -0.28778 -0.0426686 -0.295847 -0.024778 -0.302575 -0.00761966 -0.308208 0.00976989 
4.504 0.255965 -0.117532 0.242458 -0.130914 0.229799 -0.142257 0.217093 -0.152756 0.20236 -0.163366 0.188133 -0.172467 0.173667 -0.180644 
1.798 -0.202876 0.198178 -0.197761 0.212491 -0.19263 0.225204 -0.186837 0.237357 -0.179912 0.250241 -0.172749 0.262041 -0.165035 0.273157 
3.92 -0.098781 -0.0148062 -0.105271 -0.00720718 -0.110759 -0.000127324 -0.115728 0.00711534 -0.120819 0.0152391 -0.125199 0.0231122 -0.129026 0.031206 
3.678 -0.249445 -0.168895 -0.264843 -0.152154 -0.277895 -0.136474 -0.289802 -0.120537 -0.301932 -0.102529 -0.312436 -0.0849526 -0.321704 -0.0670295 
3.709 -0.237803 -0.232585 -0.25712 -0.216382 -0.273712 -0.201038 -0.289091 -0.185305 -0.304957 -0.167207 -0.318928 -0.149451 -0.331679 -0.13119 
3.691 -0.254239 -0.277784 -0.276052 -0.260566 -0.294858 -0.244327 -0.312321 -0.227558 -0.330329 -0.208299 -0.346301 -0.18936 -0.360964 -0.169834 
3.723 -0.236433 -0.333256 -0.261873 -0.316982 -0.283885 -0.301353 -0.304583 -0.285105 -0.326194 -0.266014 -0.345495 -0.247103 -0.363413 -0.227424 
1.25 -0.0672785 0.305013 -0.0571453 0.312389 -0.0479105 0.318646 -0.0383641 0.324306 -0.0279379 0.329756 -0.0177593 0.334393 -0.00750693 0.338503 
3.77 -0.200137 -0.33668 -0.2257 -0.322463 -0.247858 -0.308913 -0.268827 -0.294456 -0.290815 -0.277476 -0.310606 -0.260461 -0.329141 -0.242535 
3.758 -0.203561 -0.225051 -0.222549 -0.210876 -0.238968 -0.19736 -0.254264 -0.183492 -0.270178 -0.167298 -0.284223 -0.151459 -0.29721 -0.135177 
4.574 0.283358 -0.0798658 0.272075 -0.0949522 0.261348 -0.107857 0.250467 -0.120211 0.237575 -0.132444 0.224964 -0.143584 0.212054 -0.153626 
3.982 -0.0720723 -0.10315 -0.0837452 -0.0968678 -0.0939654 -0.0907122 -0.103469 -0.084337 -0.113622 -0.0767722 -0.122668 -0.0691583 -0.131106 -0.0611019 
3.809 -0.173428 -0.292165 -0.196312 -0.279526 -0.216163 -0.267367 -0.234858 -0.254497 -0.254564 -0.239499 -0.272319 -0.22423 -0.28885 -0.208319 
1.354 0.112149 0.261183 0.118964 0.258074 0.125064 0.254959 0.130924 0.251765 0.137011 0.24765 0.142605 0.243595 0.147766 0.239475 
1.276 -0.0857691 0.286522 -0.0767143 0.295046 -0.0682785 0.302388 -0.0595113 0.309152 -0.0499814 0.3158 -0.040484 0.321642 -0.0309482 0.326955 
3.807 -0.171374 -0.322298 -0.196192 -0.309767 -0.217786 -0.297568 -0.238169 -0.28466 -0.259786 -0.269332 -0.279183 -0.253962 -0.29743 -0.237668 
3.186 -0.323408 -0.0928777 -0.334783 -0.0717985 -0.343759 -0.052413 -0.351701 -0.0330388 -0.359127 -0.0114618 -0.365093 0.00917036 -0.369971 0.0299268 
4.336 0.182002 -0.151089 0.166883 -0.159937 0.153078 -0.167132 0.139414 -0.173487 0.123941 -0.17959 0.109195 -0.18449 0.0945667 -0.188419 
1.231 0.0984523 0.159827 0.0993004 0.157158 0.0996812 0.155218 0.100306 0.152863 0.100646 0.150591 0.100787 0.148347 0.100851 0.146153 
3.607 -0.298754 -0.129174 -0.311947 -0.109502 -0.322954 -0.0912831 -0.332733 -0.0730793 -0.342305 -0.0525974 -0.350281 -0.0328843 -0.357077 -0.0130488 
4.219 0.103931 -0.0312423 0.095981 -0.0356134 0.0886361 -0.0390892 0.0814832 -0.0422074 0.0733499 -0.0451126 0.065611 -0.0473769 0.0579208 -0.0491966 
3.727 -0.223421 -0.218888 -0.242023 -0.203585 -0.257972 -0.189193 -0.272825 -0.174377 -0.288099 -0.157413 -0.30166 -0.140612 -0.314025 -0.123281 
4.418 0.223093 -0.0106972 0.216098 -0.0224835 0.209222 -0.0325989 0.202363 -0.0421445 0.193861 -0.0521536 0.185662 -0.0610381 0.176919 -0.0692398 
3.555 -0.348747 -0.146295 -0.362923 -0.123492 -0.37465 -0.102705 -0.384969 -0.0817401 -0.395022 -0.0582835 -0.403249 -0.0358904 -0.410146 -0.0133334 
4.16 0.0621559 -0.0497329 0.0533094 -0.0519747 0.04524 -0.053514 0.0372905 -0.0546941 0.0285551 -0.0554477 0.0203332 -0.055651 0.0122547 -0.0554317 
3.795 -0.183016 -0.310656 -0.207094 -0.297743 -0.22795 -0.28525 -0.24768 -0.272051 -0.26846 -0.256445 -0.28714 -0.240821 -0.304698 -0.224481 
4.023 -0.0234488 -0.0168607 -0.0301645 -0.0139148 -0.0360788 -0.0110026 -0.0415732 -0.00789758 -0.0475365 -0.00416149 -0.0528639 -0.000340416 -0.0579212 0.00381622 
4.266 0.140227 0.00984797 0.134658 0.00288527 0.12933 -0.00292001 0.123988 -0.00845054 0.117598 -0.0140317 0.111404 -0.0190025 0.105041 -0.0236259 
2.418 -0.261088 0.1701 -0.257627 0.187942 -0.253953 0.203737 -0.249577 0.219162 -0.243874 0.235555 -0.237688 0.250762 -0.230821 0.265421 
3.777 -0.183016 -0.0791809 -0.193225 -0.0664136 -0.20184 -0.0545879 -0.209567 -0.0426187 -0.217379 -0.0291288 -0.223921 -0.0160739 -0.229768 -0.00282019 
4.066 0.160088 0.085865 0.15898 0.077675 0.157451 0.0704344 0.155514 0.0634253 0.152972 0.0559292 0.150201 0.0490815 0.147179 0.0425835 
3.576 -0.325462 -0.144925 -0.339608 -0.123672 -0.351421 -0.104058 -0.361913 -0.0842896 -0.372225 -0.0620685 -0.380775 -0.0409149 -0.388 -0.0191428 
3.424 -0.372716 -0.190125 -0.389625 -0.165739 -0.403708 -0.143396 -0.416325 -0.121009 -0.428723 -0.0959422 -0.439117 -0.0713782 -0.448024 -0.0468309 
3.756 -0.20904 -0.306547 -0.232715 -0.292171 -0.25328 -0.278392 -0.272664 -0.263856 -0.29295 -0.246922 -0.311167 -0.230068 -0.328142 -0.21238 
3.904 -0.123435 -0.123011 -0.136105 -0.114088 -0.147027 -0.105492 -0.157302 -0.0966066 -0.168088 -0.0863326 -0.177438 -0.0761039 -0.186422 -0.0655585 
4.469 0.242268 -0.015491 0.23511 -0.0284986 0.22811 -0.0396178 0.220859 -0.0500756 0.212154 -0.0614363 0.203552 -0.0712354 0.19452 -0.0803082 
4.395 0.209396 -0.123695 0.195444 -0.134326 0.182531 -0.143154 0.169615 -0.151184 0.155005 -0.159054 0.140978 -0.165672 0.12681 -0.171303 
3.609 -0.29259 -0.116162 -0.305106 -0.0969641 -0.31552 -0.0791423 -0.324696 -0.0613285 -0.333701 -0.0414345 -0.341113 -0.0223164 -0.34742 -0.00301339 
4.23 0.108725 -0.0654842 0.0986863 -0.0701499 0.0895261 -0.0738474 0.0804888 -0.0769865 0.0703949 -0.0798921 0.0608234 -0.0820774 0.0512842 -0.0835899 
4.109 0.0217504 -0.123695 0.00849927 -0.123274 -0.0029198 -0.122156 -0.0139491 -0.120617 -0.0258863 -0.118196 -0.0373143 -0.115391 -0.0483384 -0.111967 
3.947 -0.0796055 -0.00521846 -0.0853758 0.00112933 -0.0903793 0.00708713 -0.0950996 0.013037 -0.0998412 0.0198383 -0.103851 0.0264569 -0.107453 0.0332759 
4.191 0.0758526 -0.166155 0.0598265 -0.168585 0.0454273 -0.169968 0.0314118 -0.170773 0.0159297 -0.170747 0.0015497 -0.169873 -0.0125464 -0.168202 
3.6 -0.311766 -0.160677 -0.326966 -0.140011 -0.339645 -0.121109 -0.351076 -0.101925 -0.362388 -0.0804908 -0.371918 -0.0597388 -0.380185 -0.0388424 
4.02 -0.0453636 -0.142871 -0.0590758 -0.138508 -0.0711835 -0.13399 -0.0826533 -0.128992 -0.0949929 -0.122853 -0.106197 -0.116496 -0.116853 -0.109546 
3.477 -0.359019 -0.123695 -0.372309 -0.100599 -0.383172 -0.0792478 -0.392603 -0.0577709 -0.401663 -0.0336261 -0.409016 -0.010605 -0.414931 0.0124423 
3.664 -0.27273 -0.199712 -0.290289 -0.181656 -0.305248 -0.164877 -0.318954 -0.147769 -0.332933 -0.128152 -0.345056 -0.109142 -0.355894 -0.089669 
1.235 0.0758526 0.285838 0.0845965 0.28466 0.0922769 0.283234 0.0998392 0.281503 0.107704 0.279046 0.115002 0.276347 0.122126 0.273368 
4.277 0.1505 -0.087399 0.139453 -0.0949004 0.129181 -0.100953 0.119062 -0.106352 0.107526 -0.111491 0.0965038 -0.115842 0.0854842 -0.119427 
1.298 -0.0761813 0.268032 -0.0683311 0.275967 -0.0612973 0.282718 -0.0535891 0.28914 -0.0452309 0.295453 -0.0369962 0.30095 -0.0287465 0.305975 
4.188 0.0710588 -0.087399 0.0602339 -0.0900027 0.0505169 -0.091827 0.0409924 -0.0931753 0.0302757 -0.0940624 0.0204696 -0.0942981 0.0106612 -0.0939796 
4.461 0.239529 -0.0880838 0.227791 -0.100775 0.216741 -0.111483 0.205591 -0.121194 0.192677 -0.131352 0.180107 -0.140185 0.167289 -0.148083 
4.363 0.189536 -0.109999 0.176588 -0.119486 0.164595 -0.12736 0.152704 -0.134506 0.139112 -0.141518 0.126045 -0.147412 0.112956 -0.152467 
3.635 -0.283687 -0.175058 -0.299431 -0.156274 -0.312757 -0.138724 -0.324767 -0.12105 -0.336884 -0.101114 -0.347259 -0.0817156 -0.356469 -0.0620854 
1.278 -0.117956 0.241323 -0.111555 0.251533 -0.105411 0.260477 -0.098956 0.268863 -0.0912951 0.277564 -0.0838353 0.285365 -0.0760183 0.292708 
3.785 -0.187125 -0.29559 -0.210223 -0.282416 -0.230313 -0.269781 -0.249202 -0.25641 -0.269059 -0.240862 -0.286955 -0.225195 -0.303735 -0.208778 
3.734 -0.222737 -0.318874 -0.247135 -0.303593 -0.268274 -0.288963 -0.288115 -0.273734 -0.308888 -0.255785 -0.327516 -0.237955 -0.344879 -0.219485 
1.815 -0.215888 0.193384 -0.210868 0.208936 -0.205973 0.2226 -0.200327 0.235784 -0.193642 0.249797 -0.186628 0.262624 -0.178868 0.274842 
3.898 -0.128229 -0.10452 -0.140177 -0.09537 -0.1505 -0.0866318 -0.159856 -0.0775998 -0.169674 -0.0672474 -0.178467 -0.0570802 -0.186408 -0.0465123 
4.184 0.0840707 0.0564169 0.0816407 0.0527932 0.079269 0.0498026 0.0768813 0.0469654 0.0739343 0.0440792 0.0710751 0.0414751 0.0681673 0.0390966 
4.301 0.160088 -0.179852 0.143123 -0.187511 0.127637 -0.193478 0.112446 -0.198673 0.0953947 -0.203306 0.079196 -0.20688 0.0631494 -0.209398 
3.965 -0.0857691 -0.0545268 -0.0946065 -0.0474671 -0.10222 -0.0408001 -0.10927 -0.033945 -0.116639 -0.0260502 -0.123075 -0.0182869 -0.128984 -0.0102407 
1.399 0.134064 0.248171 0.140551 0.243266 0.146055 0.238942 0.151335 0.234394 0.156546 0.229191 0.161222 0.223945 0.165625 0.218662 
0.86 -0.489138 0.27625 -0.480571 0.308467 -0.471748 0.337208 -0.461928 0.36555 -0.449653 0.395782 -0.436587 0.423611 -0.422374 0.450217 
3.674 -0.238488 -0.102465 -0.250156 -0.0863056 -0.259952 -0.0713726 -0.268704 -0.0564086 -0.277332 -0.0395996 -0.284606 -0.0233949 -0.290871 -0.00702226 
4.418 0.217614 -0.0538419 0.208216 -0.0652356 0.199229 -0.0746978 0.190144 -0.0836047 0.179552 -0.0928944 0.16922 -0.100829 0.158701 -0.108193 
4.387 0.206657 -0.0120668 0.199523 -0.0229325 0.192639 -0.0322198 0.185636 -0.0410485 0.177174 -0.0501366 0.168953 -0.0582827 0.160419 -0.0657188 
4.234 0.10941 -0.0894535 0.0980524 -0.0940524 0.0876943 -0.0976308 0.077444 -0.100683 0.0661488 -0.10327 0.0552617 -0.105163 0.0446334 -0.106335 
1.303 -0.0912478 0.271456 -0.0831456 0.280215 -0.075473 0.287821 -0.0675934 0.294882 -0.0587238 0.301938 -0.0497847 0.308222 -0.0410879 0.313888 
3.809 -0.167265 -0.120271 -0.179828 -0.10843 -0.19054 -0.0975308 -0.200456 -0.0861118 -0.210578 -0.0732441 -0.219509 -0.0606009 -0.227626 -0.0476259 
1.277 -0.111108 0.224202 -0.105666 0.234098 -0.100554 0.242675 -0.0949456 0.250905 -0.0884505 0.25936 -0.0819092 0.267062 -0.0749397 0.274368 
4.406 0.21419 -0.137392 0.199857 -0.148124 0.186584 -0.157116 0.173365 -0.165237 0.158356 -0.173187 0.143934 -0.179888 0.12943 -0.185619 
4.477 0.245692 -0.14835 0.230724 -0.161147 0.216752 -0.17183 0.20282 -0.181441 0.18686 -0.191194 0.171448 -0.199413 0.155975 -0.206673 
3.492 -0.327517 -0.112738 -0.340046 -0.0915078 -0.350283 -0.0719922 -0.359294 -0.0525089 -0.36808 -0.0305515 -0.375168 -0.00970531 -0.381039 0.0112943 
4.105 0.027914 0.00573894 0.0219669 0.00575913 0.0166119 0.00606481 0.0114862 0.00661647 0.00579215 0.00754947 0.000561022 0.00873293 -0.00455816 0.0102441 
4.371 0.197754 -0.144241 0.183073 -0.154122 0.169516 -0.162178 0.156099 -0.169407 0.140852 -0.176337 0.126293 -0.182214 0.111708 -0.187085 
4.105 0.0285988 -0.0552116 0.0194047 -0.0552406 0.01121 -0.0548248 0.00340178 -0.0540674 -0.00527682 -0.0527992 -0.0133271 -0.0511778 -0.0210197 -0.0489517 
1.273 -0.117956 0.275565 -0.109527 0.286005 -0.101591 0.295042 -0.093369 0.303407 -0.0839428 0.31196 -0.0745595 0.319564 -0.0649971 0.326586 
4.348 0.184057 -0.0483632 0.175187 -0.0578717 0.166873 -0.0660076 0.158578 -0.0735033 0.148785 -0.0811662 0.139309 -0.0878009 0.129755 -0.0937648 
3.824 -0.161101 -0.277784 -0.183182 -0.266163 -0.202446 -0.254798 -0.220581 -0.242852 -0.239684 -0.228752 -0.256921 -0.214531 -0.273124 -0.199667 
4.152 0.10941 0.0749075 0.107983 0.0697504 0.106367 0.0652224 0.104722 0.0608784 0.102449 0.0562621 0.0999967 0.0520442 0.0974372 0.0481164 
4.27 0.142967 -0.0606903 0.133155 -0.0676498 0.124046 -0.0733037 0.115109 -0.0783933 0.104822 -0.0833993 0.0950148 -0.0876455 0.0851738 -0.0911599 
4.125 0.0470894 -0.31545 0.0223924 -0.315957 0.000369205 -0.315315 -0.0209707 -0.313726 -0.0442821 -0.310612 -0.0659136 -0.306592 -0.0869296 -0.301371 
4.188 0.0833858 -0.00110944 0.0772991 -0.00461267 0.0717397 -0.00740109 0.0662623 -0.00986218 0.0600152 -0.0122036 0.0541036 -0.0140612 0.0481874 -0.0154331 
4.316 0.172415 0.022175 0.167378 0.0132181 0.162491 0.00550152 0.157482 -0.00169061 0.151372 -0.00935554 0.145198 -0.016206 0.138906 -0.0224638 
4.289 0.147761 -0.143556 0.133021 -0.150583 0.119533 -0.155894 0.106319 -0.160836 0.0914181 -0.164997 0.0772726 -0.168414 0.063221 -0.170774 
3.99 -0.0515272 -0.0312423 -0.058999 -0.0265883 -0.0654996 -0.0219931 -0.0716304 -0.0173508 -0.0781028 -0.0119065 -0.0836516 -0.00643846 -0.0889324 -0.000705615 
3.584 -0.339159 -0.176428 -0.355369 -0.154155 -0.368809 -0.133634 -0.380918 -0.113107 -0.392895 -0.0899787 -0.403004 -0.0675928 -0.411747 -0.045004 
4.168 0.0676346 0.0632653 0.0655882 0.0604847 0.0635169 0.0581625 0.0616455 0.0559388 0.0591354 0.0536085 0.0567584 0.0516928 0.054565 0.0497728 
3.73 -0.23027 -0.346268 -0.256423 -0.330405 -0.279105 -0.315023 -0.300463 -0.299058 -0.32279 -0.280253 -0.342825 -0.261539 -0.361431 -0.242016 
4.215 0.145021 0.0769621 0.143318 0.0695424 0.141348 0.0630699 0.139533 0.0568965 0.137092 0.0503227 0.134338 0.0442536 0.131684 0.0385814 
3.611 -0.319299 -0.227791 -0.33825 -0.206824 -0.354304 -0.187183 -0.368981 -0.167276 -0.383811 -0.144665 -0.39655 -0.122765 -0.407998 -0.100434 
1.274 -0.12412 0.261183 -0.116456 0.271763 -0.109293 0.280912 -0.10171 0.289529 -0.0930428 0.298346 -0.0844688 0.306171 -0.0755831 0.313564 
4.293 0.155979 0.0166963 0.150701 0.00879036 0.145543 0.00199114 0.140349 -0.0043926 0.134088 -0.0110095 0.127987 -0.0169185 0.121564 -0.022332 
4.137 0.131324 0.0803862 0.129877 0.0739225 0.12859 0.0683858 0.126921 0.0629846 0.124672 0.0572133 0.122334 0.0519099 0.119769 0.0469702 
1.31 -0.110423 0.257074 -0.103079 0.267049 -0.0961912 0.275718 -0.0888415 0.283881 -0.0806258 0.292168 -0.0723027 0.299544 -0.0640437 0.306491 
1.38 0.139543 0.210505 0.143661 0.20549 0.147198 0.200832 0.150411 0.19619 0.153514 0.190862 0.156213 0.185709 0.158625 0.180745 
3.793 -0.176852 -0.095617 -0.187962 -0.083393 -0.19748 -0.0717737 -0.206097 -0.0601078 -0.214871 -0.0468198 -0.222368 -0.033881 -0.22904 -0.0207549 
4.586 0.29637 -0.12438 0.282338 -0.140085 0.269176 -0.15335 0.25586 -0.166 0.240373 -0.178407 0.225381 -0.18977 0.210018 -0.199687 
4.277 0.151185 -0.0730174 0.140679 -0.0802854 0.131004 -0.0863683 0.121362 -0.0916595 0.110384 -0.0969653 0.0998998 -0.101491 0.0893484 -0.105176 
4.102 0.0231201 -0.0723326 0.0131552 -0.0719324 0.00435764 -0.0710192 -0.004071 -0.0698277 -0.0133518 -0.0680452 -0.0218447 -0.0658702 -0.0300965 -0.0632758 
1.356 -0.117956 0.189275 -0.114436 0.199427 -0.11103 0.208582 -0.10715 0.21732 -0.102521 0.226634 -0.0976506 0.23507 -0.092421 0.243254 
1.909 -0.161101 0.1701 -0.157066 0.181944 -0.152981 0.192403 -0.148269 0.202315 -0.142855 0.21288 -0.137278 0.222638 -0.131208 0.231955 
4.461 0.238159 -0.102465 0.225569 -0.114815 0.213768 -0.124996 0.201954 -0.134588 0.188237 -0.144055 0.174999 -0.152497 0.161608 -0.159987 
3.924 -0.113163 -0.102465 -0.124836 -0.093998 -0.134834 -0.0858977 -0.144175 -0.0775388 -0.153888 -0.0678779 -0.162528 -0.0583258 -0.170273 -0.0483616 
1.27 -0.0289275 0.218039 -0.024284 0.223083 -0.0199396 0.227606 -0.015283 0.231673 -0.0102603 0.235848 -0.00541016 0.239492 -0.000313166 0.242908 
4.027 -0.0357759 -0.120956 -0.0485724 -0.117009 -0.0598616 -0.112932 -0.0705337 -0.108458 -0.0821274 -0.102954 -0.0924472 -0.0971828 -0.101847 -0.0908012 
3.838 -0.150144 -0.294905 -0.17317 -0.283699 -0.19332 -0.272781 -0.212353 -0.261102 -0.232439 -0.247269 -0.250525 -0.233372 -0.267643 -0.218659 
4.297 0.154609 -0.16547 0.138626 -0.172975 0.123909 -0.178603 0.109522 -0.18372 0.0933643 -0.188138 0.0780666 -0.191653 0.0628094 -0.194187 
3.623 -0.309026 -0.261348 -0.330004 -0.240875 -0.347865 -0.221885 -0.364387 -0.202392 -0.381324 -0.180163 -0.396014 -0.15841 -0.409376 -0.136219 
4.086 0.00325983 -0.175743 -0.0128607 -0.173982 -0.0271142 -0.17165 -0.0408886 -0.168787 -0.055805 -0.16477 -0.0696372 -0.160315 -0.0828522 -0.155048 
4.008 -0.0385153 -0.0572661 -0.0475504 -0.0532057 -0.0555133 -0.0491511 -0.0629808 -0.0447837 -0.0710098 -0.0395861 -0.0782448 -0.0342607 -0.0850271 -0.0286296 
1.503 -0.189864 0.146131 -0.187281 0.159597 -0.184348 0.171667 -0.180826 0.183319 -0.176494 0.19553 -0.171592 0.206736 -0.166234 0.217775 
1.291 -0.0754965 0.23242 -0.0697591 0.24027 -0.0642859 0.247181 -0.0582787 0.253697 -0.0517683 0.26027 -0.0451476 0.266122 -0.0384383 0.271631 
4.082 0.0135324 -0.0606903 0.00414079 -0.0598018 -0.00431732 -0.0585116 -0.0123242 -0.0569967 -0.0211295 -0.0547922 -0.0292191 -0.0522751 -0.0370502 -0.0493492 
3.57 -0.343953 -0.161361 -0.359138 -0.13893 -0.371761 -0.118368 -0.383003 -0.0976871 -0.393979 -0.074472 -0.403179 -0.0521252 -0.411023 -0.0294926 
1.634 -0.261772 0.207081 -0.256053 0.224946 -0.250335 0.240764 -0.243835 0.255959 -0.236047 0.271926 -0.227916 0.286708 -0.219092 0.300804 
1.904 -0.181646 0.172839 -0.178289 0.186113 -0.174881 0.197856 -0.170893 0.209216 -0.165582 0.221067 -0.159901 0.232028 -0.153932 0.242694 
3.695 -0.250815 -0.240118 -0.270615 -0.223203 -0.287614 -0.207118 -0.303331 -0.190672 -0.319535 -0.171776 -0.333769 -0.153238 -0.346777 -0.134285 
0.952 -0.267936 0.263923 -0.260989 0.284184 -0.25413 0.301954 -0.246335 0.319048 -0.236828 0.337148 -0.227001 0.353692 -0.216434 0.369519 
4.496 0.25391 -0.0613752 0.243912 -0.0746816 0.234449 -0.0863434 0.224831 -0.0971063 0.213438 -0.108275 0.202301 -0.118103 0.19082 -0.127014 
4.336 0.184057 0.035187 0.179757 0.0260339 0.175534 0.0180535 0.171163 0.0104647 0.165725 0.00255313 0.1603 -0.00473121 0.154683 -0.0112729 
4.27 0.142282 -0.00384879 0.136361 -0.0108607 0.130514 -0.0168283 0.12495 -0.0223092 0.118259 -0.0279789 0.11176 -0.0329908 0.105124 -0.0374776 
4.43 0.223093 -0.08329 0.212025 -0.0949929 0.201612 -0.104817 0.191157 -0.113932 0.17903 -0.123183 0.167253 -0.13116 0.155312 -0.138224 
1.692 -0.321353 0.205712 -0.316125 0.227288 -0.310751 0.246503 -0.303896 0.264904 -0.295118 0.284318 -0.285916 0.302094 -0.275816 0.318928 
3.961 -0.0837146 -0.128489 -0.0971618 -0.121808 -0.108911 -0.115189 -0.119837 -0.108188 -0.131595 -0.0999156 -0.14199 -0.0915049 -0.151903 -0.0826067 
4.035 -0.0344062 -0.192864 -0.0513533 -0.18888 -0.0663779 -0.184589 -0.08066 -0.179672 -0.0960537 -0.173454 -0.110176 -0.166907 -0.123619 -0.159574 
4 -0.0576907 -0.155883 -0.0729573 -0.150703 -0.0864427 -0.145356 -0.0992013 -0.139526 -0.112878 -0.132331 -0.125236 -0.124913 -0.136978 -0.116856 
3.457 -0.115902 0.013957 -0.120658 0.0225646 -0.124617 0.0304464 -0.127952 0.0380934 -0.131351 0.0466543 -0.134065 0.0546943 -0.136288 0.0630353 
1.272 -0.0617998 0.286522 -0.0527193 0.293722 -0.0448671 0.299731 -0.0363415 0.305278 -0.0270946 0.310647 -0.018145 0.315211 -0.00893115 0.319377 
1.023 -0.469963 0.23242 -0.462952 0.263356 -0.455502 0.290676 -0.44669 0.316955 -0.435693 0.344934 -0.423782 0.370668 -0.410569 0.395348 
4.18 0.0703739 -0.221627 0.0513372 -0.223694 0.0341777 -0.2246 0.0176361 -0.224764 -0.000588455 -0.223852 -0.0176373 -0.222105 -0.0342126 -0.219437 
3.928 0.117628 0.0968224 0.117148 0.0913469 0.116308 0.0865557 0.115505 0.0820461 0.114191 0.077011 0.112735 0.0723993 0.111173 0.0681271 
1.122 -0.241912 0.248856 -0.234309 0.266056 -0.227027 0.28115 -0.218973 0.295572 -0.209428 0.310649 -0.199742 0.324483 -0.189455 0.337549 
3.916 -0.113163 -0.270251 -0.134783 -0.261305 -0.153764 -0.252367 -0.171811 -0.242855 -0.190941 -0.231352 -0.208327 -0.219513 -0.224651 -0.20697 
3.787 -0.180277 -0.192179 -0.197283 -0.179443 -0.212007 -0.167354 -0.225665 -0.155018 -0.239912 -0.140595 -0.252555 -0.126366 -0.264178 -0.111588 
1.76 -0.221367 0.207081 -0.215903 0.223002 -0.210346 0.236849 -0.204218 0.250308 -0.196881 0.264396 -0.189266 0.277289 -0.181017 0.289697 
3.027 0.364854 0.179003 0.368227 0.158596 0.370272 0.140273 0.37157 0.122266 0.371616 0.102707 0.370695 0.0843175 0.368956 0.0664677 
4.227 0.21145 0.0173812 0.206209 0.00588724 0.200977 -0.00398025 0.195555 -0.013358 0.18885 -0.0232439 0.182125 -0.0319867 0.175036 -0.0398936 
3.852 0.0737981 0.100247 0.0736772 0.0974252 0.073482 0.0949762 0.0733035 0.0926469 0.0727959 0.0901363 0.0721748 0.0876648 0.0715534 0.0853875 
1.3 -0.106314 0.202287 -0.102199 0.212172 -0.0982769 0.220822 -0.0938946 0.229005 -0.0886698 0.237562 -0.0832972 0.245318 -0.077439 0.252782 
4.07 0.00531434 -0.0134365 -0.000930122 -0.0123012 -0.00659328 -0.0110008 -0.0119904 -0.00949849 -0.0177392 -0.00750028 -0.0229959 -0.0052815 -0.0281295 -0.00269078 
3.98 0.279249 0.124901 0.280323 0.109422 0.280406 0.095722 0.280015 0.0822635 0.278462 0.0676641 0.276271 0.0540279 0.273433 0.0408369 
3.691 -0.259718 -0.345583 -0.285825 -0.328088 -0.308398 -0.311336 -0.32955 -0.294009 -0.351593 -0.273895 -0.371313 -0.25385 -0.389554 -0.232993 
1.603 -0.346692 0.208451 -0.340763 0.231453 -0.334441 0.251769 -0.326951 0.271242 -0.317402 0.291774 -0.307469 0.310506 -0.296665 0.328307 
0.854 -0.20767 0.320764 -0.19802 0.337907 -0.188622 0.352841 -0.178703 0.367082 -0.167201 0.381758 -0.155646 0.395039 -0.143469 0.407498 
