3.133 0.226517 0.0345021 0.289035 0.0335694 0.348833 0.0338918 0.409358 0.0335958 0.475017 0.0324205 0.54311 0.0322612 0.614271 0.0319133 
4.152 -0.169319 -0.306547 -0.110023 -0.304323 -0.0560156 -0.30213 -0.00346574 -0.301714 0.0506731 -0.303067 0.104651 -0.304699 0.159081 -0.30751 
4.129 -0.115902 -0.036721 -0.0574695 -0.037285 -0.00417173 -0.0368753 0.0479614 -0.0373698 0.102206 -0.0387622 0.156734 -0.0395707 0.212201 -0.0407578 
4.07 -0.174113 -0.0901383 -0.114509 -0.0897405 -0.0606346 -0.0886719 -0.00835708 -0.088781 0.045539 -0.0899315 0.0991877 -0.0908733 0.153355 -0.0922697 
4.25 -0.107684 -0.31545 -0.0492414 -0.314547 0.00436608 -0.313567 0.056913 -0.314407 0.111429 -0.317079 0.166176 -0.320024 0.221711 -0.324162 
4.254 -0.100151 -0.292165 -0.0418078 -0.291462 0.0117654 -0.290643 0.0642885 -0.291581 0.11891 -0.294258 0.173784 -0.297145 0.229563 -0.301152 
4.051 -0.200137 -0.14698 -0.140073 -0.145752 -0.0856773 -0.144018 -0.0332722 -0.143688 0.0206223 -0.144492 0.0741654 -0.145259 0.128056 -0.146762 
4.145 -0.172743 -0.325723 -0.113347 -0.323321 -0.0592808 -0.320987 -0.00666932 -0.320499 0.0474619 -0.321823 0.10143 -0.323471 0.155841 -0.326361 
4.031 -0.178222 -0.0387755 -0.118536 -0.0389606 -0.064593 -0.038303 -0.012299 -0.0385104 0.0415551 -0.0396307 0.095183 -0.0402083 0.149261 -0.0411629 
4.23 -0.118641 -0.299699 -0.0601294 -0.298611 -0.00651926 -0.297371 0.0459761 -0.297963 0.100417 -0.300307 0.155037 -0.302854 0.210443 -0.306541 
4.184 -0.14535 -0.292165 -0.0864155 -0.290592 -0.0326002 -0.288951 0.0198427 -0.289083 0.0740828 -0.290923 0.128267 -0.292974 0.183086 -0.29614 
4.18 -0.150829 -0.38051 -0.0918142 -0.378236 -0.0379375 -0.376106 0.0145936 -0.376037 0.0688216 -0.377908 0.123006 -0.380196 0.17778 -0.383894 
4.34 -0.0063279 -0.157937 0.0513948 -0.15908 0.105138 -0.159626 0.158585 -0.161535 0.214932 -0.16483 0.272165 -0.167842 0.330959 -0.171529 
4.129 -0.184386 -0.300384 -0.124801 -0.297954 -0.0705936 -0.295499 -0.018015 -0.294888 0.036119 -0.29595 0.0899701 -0.29727 0.144224 -0.299747 
4.191 -0.144665 -0.307917 -0.08572 -0.306272 -0.0318805 -0.304576 0.0205851 -0.30473 0.0748311 -0.306646 0.129025 -0.308807 0.183825 -0.312142 
4 -0.2289 -0.141501 -0.168092 -0.140012 -0.113242 -0.138068 -0.0604068 -0.137449 -0.00646233 -0.13799 0.0469457 -0.138376 0.100461 -0.139529 
4.211 -0.133023 -0.344213 -0.0742784 -0.342582 -0.0205397 -0.340982 0.0319394 -0.341286 0.0862885 -0.343512 0.140701 -0.346021 0.195773 -0.349828 
4.254 -0.104945 -0.334625 -0.04651 -0.333659 0.0070661 -0.332651 0.0596328 -0.333558 0.114208 -0.336327 0.169001 -0.339402 0.224714 -0.343782 
3.979 -0.243967 -0.146295 -0.182567 -0.144535 -0.127315 -0.142415 -0.0742624 -0.14157 -0.0201513 -0.141926 0.0331993 -0.142176 0.0865413 -0.14323 
0.915 -0.352171 0.350212 -0.285581 0.34162 -0.226426 0.336121 -0.170251 0.33102 -0.113415 0.326204 -0.0584006 0.323195 -0.00431439 0.321063 
3.994 -0.244651 -0.173004 -0.18336 -0.170918 -0.128199 -0.1685 -0.0750627 -0.167515 -0.0209378 -0.167757 0.0324902 -0.167972 0.0859456 -0.1691 
4.16 -0.164525 -0.348322 -0.105257 -0.345983 -0.0512246 -0.343708 0.00131834 -0.343397 0.0555238 -0.344924 0.109554 -0.346845 0.164063 -0.349986 
4.246 -0.111108 -0.362704 -0.0525786 -0.361553 0.00105684 -0.360393 0.0536497 -0.361252 0.10812 -0.364014 0.162801 -0.367204 0.218259 -0.371667 
4.168 -0.156992 -0.323668 -0.0978576 -0.321623 -0.0439026 -0.319635 0.00858914 -0.319516 0.0627737 -0.321143 0.116883 -0.323141 0.171519 -0.326306 
4.203 -0.135762 -0.321613 -0.0770332 -0.320005 -0.0232598 -0.318401 0.029217 -0.318645 0.0835555 -0.320722 0.137923 -0.323099 0.192972 -0.326642 
3.375 -0.258348 0.0755924 -0.19611 0.0738268 -0.14029 0.0735467 -0.0869466 0.0726704 -0.0324795 0.0714204 0.0209164 0.071045 0.0742001 0.0708177 
4.234 -0.117956 -0.327777 -0.0594328 -0.326569 -0.0058098 -0.325308 0.0467472 -0.325951 0.101196 -0.328378 0.155827 -0.331094 0.211228 -0.335057 
1.833 -0.324093 0.248856 -0.259482 0.243586 -0.201845 0.240675 -0.146822 0.23776 -0.090975 0.234813 -0.0366072 0.233313 0.0169952 0.23259 
4.285 -0.0542665 -0.163416 0.00348776 -0.163951 0.056875 -0.163931 0.109697 -0.165313 0.164941 -0.16808 0.220916 -0.170651 0.278035 -0.173906 
4.148 -0.172059 -0.370237 -0.11276 -0.367541 -0.0587195 -0.365001 -0.00608133 -0.364449 0.0480614 -0.365802 0.102095 -0.367472 0.156512 -0.370578 
4.176 -0.153568 -0.339419 -0.0945489 -0.337319 -0.0406818 -0.335266 0.0118482 -0.335133 0.0660755 -0.336818 0.120248 -0.338885 0.174983 -0.342168 
4.215 -0.130284 -0.374346 -0.071533 -0.372635 -0.01777 -0.371019 0.0347609 -0.371437 0.089128 -0.373871 0.143499 -0.376658 0.198594 -0.380817 
4.238 -0.117956 -0.344213 -0.0594269 -0.342905 -0.00576771 -0.341622 0.0467712 -0.342242 0.101224 -0.344732 0.155855 -0.347558 0.211241 -0.351683 
4.18 -0.152198 -0.359964 -0.0931802 -0.357751 -0.0392725 -0.355632 0.0132402 -0.355554 0.0674757 -0.357318 0.121643 -0.359478 0.176412 -0.363004 
4.09 -0.185755 -0.168895 -0.126015 -0.167624 -0.0718694 -0.165914 -0.0195262 -0.165701 0.0343922 -0.166786 0.0881422 -0.167767 0.142089 -0.169624 
0.808 -0.311081 0.396781 -0.245735 0.38775 -0.187657 0.38201 -0.132229 0.376856 -0.0759201 0.372081 -0.0212177 0.369289 0.0329043 0.367429 
4.129 -0.185071 -0.334625 -0.125431 -0.331901 -0.071216 -0.329281 -0.0185633 -0.328536 0.0355634 -0.329591 0.0894515 -0.330969 0.143684 -0.333609 
4.16 -0.162471 -0.293535 -0.103222 -0.291609 -0.0492759 -0.289635 0.00320724 -0.28941 0.0573527 -0.290925 0.111403 -0.292642 0.165892 -0.295519 
4.266 -0.100836 -0.374346 -0.0424406 -0.373288 0.0111789 -0.372186 0.0637352 -0.373221 0.118329 -0.376159 0.173182 -0.379554 0.228891 -0.384262 
4.211 -0.129599 -0.307917 -0.070891 -0.3066 -0.017175 -0.305191 0.0352741 -0.305597 0.0896598 -0.307787 0.144055 -0.310224 0.199188 -0.313825 
4.211 -0.130968 -0.29285 -0.0722806 -0.291582 -0.0185764 -0.290177 0.0338646 -0.290529 0.0882238 -0.292654 0.14262 -0.294978 0.197726 -0.298406 
4.031 -0.217258 -0.167525 -0.156748 -0.165884 -0.102092 -0.163801 -0.0494797 -0.163158 0.00446874 -0.16383 0.0579403 -0.164362 0.111672 -0.165782 
4.109 -0.196713 -0.313395 -0.136805 -0.310639 -0.0823988 -0.307952 -0.0296991 -0.307075 0.0244275 -0.308011 0.0782304 -0.309164 0.132255 -0.311557 
4.137 -0.178222 -0.353801 -0.118686 -0.351127 -0.0645051 -0.348578 -0.0118726 -0.348017 0.0422937 -0.349282 0.0961818 -0.35088 0.150502 -0.353768 
0.937 -0.287111 0.346103 -0.222874 0.338909 -0.165437 0.334617 -0.110569 0.330677 -0.0546165 0.32698 -0.000125195 0.325103 0.0538411 0.324112 
4.227 -0.0802904 -0.142186 -0.0222696 -0.142423 0.0310587 -0.142092 0.0834947 -0.14313 0.138303 -0.145434 0.193501 -0.14748 0.249903 -0.150197 
4.102 -0.129599 -0.0360362 -0.0711213 -0.0364785 -0.0177443 -0.0360241 0.0343762 -0.0363998 0.0885955 -0.0377157 0.142957 -0.0384554 0.19825 -0.0395185 
4.062 -0.181646 -0.108629 -0.121922 -0.107959 -0.0679223 -0.106733 -0.0155906 -0.106726 0.0383044 -0.107867 0.091915 -0.108808 0.145941 -0.110262 
4.25 -0.113847 -0.388728 -0.0552878 -0.387399 -0.00161153 -0.386124 0.0509533 -0.386968 0.105414 -0.389782 0.160051 -0.393054 0.215419 -0.397714 
1.834 -0.263827 0.194754 -0.201251 0.190973 -0.145139 0.189228 -0.0914561 0.187219 -0.0365579 0.185387 0.0171336 0.184657 0.0707029 0.184528 
4.129 -0.183016 -0.31545 -0.123433 -0.312918 -0.0692502 -0.310442 -0.016644 -0.309814 0.0374833 -0.310913 0.0913793 -0.312306 0.145613 -0.314877 
4.215 -0.130968 -0.391467 -0.0722121 -0.389648 -0.0184325 -0.387975 0.0340541 -0.388384 0.0884428 -0.390787 0.142811 -0.393626 0.197936 -0.397913 
4.211 -0.133708 -0.35791 -0.0749687 -0.356165 -0.0212056 -0.354498 0.031298 -0.354787 0.0856221 -0.356992 0.140029 -0.359596 0.195085 -0.363513 
4.266 -0.098781 -0.355171 -0.0403912 -0.354214 0.0132156 -0.353239 0.0658078 -0.354243 0.120381 -0.357149 0.175253 -0.360426 0.230961 -0.365039 
3.408 0.0820162 0.0680592 0.140675 0.0673274 0.195945 0.0679884 0.251408 0.0681328 0.310379 0.0675522 0.370547 0.0679065 0.432872 0.0684545 
1.077 -0.332311 0.303643 -0.266588 0.29675 -0.208221 0.292546 -0.152636 0.288594 -0.0963702 0.284721 -0.0416906 0.282527 0.0121649 0.281152 
4.125 -0.159047 -0.167525 -0.0999222 -0.166557 -0.0462718 -0.16519 0.00602902 -0.16525 0.0601177 -0.166645 0.11401 -0.167959 0.168591 -0.170096 
4.164 -0.164525 -0.395576 -0.105242 -0.392904 -0.0511928 -0.390414 0.00142735 -0.390048 0.0556273 -0.391665 0.109681 -0.393759 0.16418 -0.397272 
3.918 0.147076 0.0105328 0.207315 0.00937823 0.264499 0.00940828 0.322186 0.0087433 0.38389 0.00714958 0.447554 0.00631535 0.513955 0.00544074 
1.378 0.000520477 0.239269 0.0589452 0.238118 0.113144 0.238997 0.166955 0.239881 0.223661 0.240745 0.281059 0.243027 0.33985 0.245871 
3.447 0.10941 0.0680592 0.168666 0.0676785 0.224586 0.0681952 0.280768 0.0683448 0.340714 0.0679083 0.402099 0.0682448 0.465781 0.0689868 
1.391 0.00736885 0.226942 0.0657907 0.225861 0.120014 0.226826 0.173927 0.227716 0.230707 0.228443 0.288273 0.230698 0.347283 0.233416 
4.109 -0.198767 -0.332571 -0.138834 -0.329622 -0.0844342 -0.326815 -0.0316763 -0.325872 0.0224334 -0.326755 0.076257 -0.327963 0.130279 -0.330394 
4.105 -0.200137 -0.299699 -0.140179 -0.297056 -0.0857689 -0.294373 -0.0330629 -0.293545 0.0210497 -0.294362 0.0748318 -0.295458 0.128839 -0.297725 
4.125 -0.187125 -0.370237 -0.127476 -0.367152 -0.0732453 -0.364244 -0.020568 -0.363384 0.0335492 -0.364381 0.087458 -0.365771 0.141682 -0.368516 
4.32 -0.0309821 -0.162731 0.0266712 -0.163674 0.0802216 -0.163903 0.133266 -0.165566 0.189152 -0.168651 0.245637 -0.171462 0.303509 -0.174976 
3.434 -0.23027 0.0865498 -0.168803 0.0847365 -0.11341 0.0842293 -0.060503 0.0834421 -0.00612643 0.0821579 0.0473769 0.0818274 0.100815 0.0814678 
4.09 -0.172743 -0.143556 -0.113178 -0.142645 -0.0593739 -0.141221 -0.0071057 -0.141179 0.0468796 -0.142408 0.100628 -0.143449 0.154896 -0.145228 
3.977 0.131324 0.0105328 0.191127 0.00938692 0.247792 0.00942763 0.304945 0.00872804 0.366029 0.00717696 0.428907 0.00640363 0.494438 0.00553082 
4.109 -0.198082 -0.352431 -0.138138 -0.349342 -0.0837594 -0.346397 -0.0309483 -0.345429 0.023129 -0.346289 0.0769791 -0.347507 0.131001 -0.350043 
1.175 -0.322723 0.278989 -0.257923 0.272918 -0.200284 0.269476 -0.145115 0.266022 -0.0891716 0.262709 -0.034755 0.260932 0.0189484 0.259877 
4.02 -0.23027 -0.175743 -0.169324 -0.173679 -0.1145 -0.171369 -0.0616093 -0.170496 -0.0075382 -0.170856 0.0458993 -0.171277 0.09945 -0.172554 
1.701 0.0135324 0.0701137 0.0714111 0.0694412 0.125234 0.0698346 0.178994 0.0698094 0.235839 0.0692072 0.293587 0.0695392 0.352913 0.0697994 
4.191 -0.149459 -0.395576 -0.0904392 -0.393282 -0.0365515 -0.391112 0.0159817 -0.391038 0.0702363 -0.393048 0.124415 -0.395415 0.179172 -0.399281 
4.133 -0.181646 -0.39763 -0.122073 -0.394513 -0.0677928 -0.391618 -0.015126 -0.390885 0.0390145 -0.392079 0.0929395 -0.393753 0.14719 -0.396842 
4.105 -0.201507 -0.402424 -0.14154 -0.398742 -0.0870501 -0.395415 -0.0342467 -0.394225 0.0198963 -0.394986 0.0737104 -0.396213 0.127746 -0.398902 
4.266 -0.100151 -0.389412 -0.0417328 -0.388331 0.0118929 -0.387245 0.0644758 -0.388284 0.119042 -0.39134 0.173896 -0.394785 0.22959 -0.39967 
1.59 -0.316559 0.224202 -0.25201 0.21946 -0.19449 0.216912 -0.139649 0.214317 -0.0839759 0.21162 -0.0298629 0.2104 0.0236111 0.209773 
1.438 -0.2515 0.285153 -0.189057 0.279928 -0.132927 0.277092 -0.0791314 0.274375 -0.0240052 0.271735 0.0299412 0.270785 0.0837609 0.270513 
4.242 -0.0830297 -0.16958 -0.0249865 -0.169627 0.028291 -0.16927 0.0807669 -0.170296 0.135553 -0.172725 0.190765 -0.175032 0.247036 -0.178075 
4.066 -0.187125 -0.142186 -0.127254 -0.141113 -0.0731035 -0.139558 -0.0207523 -0.139339 0.0331606 -0.140391 0.0867813 -0.141312 0.140727 -0.142913 
1.88 0.119682 0.15024 0.179302 0.150436 0.235549 0.152196 0.292102 0.153587 0.352569 0.154613 0.414502 0.156999 0.47896 0.159729 
0.79 -0.299438 0.435817 -0.234524 0.42632 -0.176496 0.420061 -0.121224 0.414664 -0.0648271 0.409592 -0.0100759 0.406749 0.0440901 0.405002 
4.102 -0.202876 -0.387358 -0.142919 -0.383833 -0.0884313 -0.380606 -0.035607 -0.379458 0.018497 -0.380171 0.0723452 -0.381414 0.126376 -0.384048 
3.98 -0.2289 -0.0867141 -0.168025 -0.0859852 -0.113007 -0.084576 -0.0603105 -0.0843372 -0.00634458 -0.0850718 0.0468885 -0.0854995 0.100374 -0.0864156 
1.653 0.136803 0.168045 0.196725 0.168388 0.253451 0.170357 0.310477 0.171965 0.371441 0.173282 0.434099 0.175991 0.499193 0.179198 
1.646 0.0854404 0.12764 0.144257 0.127207 0.199576 0.128398 0.255199 0.129277 0.314224 0.129483 0.374594 0.131041 0.437047 0.132852 
4.27 -0.0960416 -0.306547 -0.0377088 -0.305838 0.0158003 -0.305004 0.0683651 -0.305996 0.122975 -0.308755 0.177893 -0.311746 0.233642 -0.315909 
4.105 -0.202876 -0.370237 -0.142892 -0.366912 -0.0884462 -0.363781 -0.0356404 -0.3627 0.0184754 -0.363437 0.0722807 -0.36461 0.126311 -0.367171 
1.296 0.206657 0.180373 0.268365 0.181391 0.326907 0.183956 0.386235 0.186293 0.45002 0.188395 0.516101 0.191831 0.584602 0.195777 
3.928 -0.279578 -0.16958 -0.217266 -0.167227 -0.161215 -0.164451 -0.107579 -0.163142 -0.0531051 -0.163042 0.000364064 -0.162959 0.0535931 -0.163692 
0.855 -0.452157 0.355006 -0.380854 0.344798 -0.318205 0.33778 -0.259119 0.331321 -0.19999 0.325068 -0.143193 0.320708 -0.0880564 0.317169 
0.843 -0.482975 0.3598 -0.410266 0.349084 -0.346317 0.341523 -0.28625 0.334535 -0.226216 0.327884 -0.16885 0.323 -0.113161 0.319041 
0.856 -0.466539 0.352267 -0.394533 0.341989 -0.331231 0.334861 -0.271681 0.32827 -0.212075 0.322027 -0.154983 0.31756 -0.0995813 0.313816 
1.467 0.161457 0.242693 0.221994 0.243879 0.279187 0.246898 0.336864 0.249808 0.398604 0.252636 0.462212 0.257233 0.528107 0.262396 
1.378 0.00394467 0.255705 0.0624288 0.254575 0.11674 0.255602 0.170624 0.256635 0.227428 0.257575 0.284933 0.260118 0.343864 0.263347 
0.971 -0.366553 0.333776 -0.299278 0.325494 -0.2396 0.320245 -0.183113 0.315228 -0.125908 0.310562 -0.0706003 0.307636 -0.0164117 0.305463 
1.179 -0.302178 0.267347 -0.238167 0.261869 -0.180887 0.258594 -0.126198 0.255559 -0.0704879 0.252482 -0.0162211 0.251001 0.0374383 0.250349 
1.645 -0.264512 0.17147 -0.201664 0.168002 -0.145236 0.166464 -0.0915271 0.164642 -0.0364451 0.162864 0.0173431 0.162251 0.0709242 0.162013 
0.828 -0.428873 0.362539 -0.358661 0.352382 -0.296921 0.345478 -0.238565 0.339026 -0.180016 0.332962 -0.123735 0.328728 -0.0689146 0.325399 
3.969 -0.262457 -0.174373 -0.200692 -0.172128 -0.145084 -0.169515 -0.0917981 -0.168334 -0.0374682 -0.168375 0.0159547 -0.16843 0.0692468 -0.169324 
1.652 0.0813313 0.105725 0.14009 0.105285 0.195317 0.106121 0.250872 0.106815 0.309872 0.106775 0.370139 0.107866 0.432527 0.10909 
4.223 -0.103575 -0.183961 -0.0453121 -0.183777 0.00810318 -0.183062 0.0604173 -0.183823 0.114926 -0.186101 0.169767 -0.188234 0.225464 -0.191084 
2.83 0.114204 0.123531 0.173602 0.123474 0.229686 0.125023 0.286002 0.126033 0.346009 0.126665 0.407609 0.128302 0.471477 0.130435 
0.913 -0.406273 0.339255 -0.337245 0.330233 -0.276346 0.324365 -0.218712 0.31885 -0.16076 0.313597 -0.104808 0.309998 -0.0503069 0.30729 
0.817 -0.452842 0.369388 -0.381613 0.358791 -0.318903 0.351373 -0.259777 0.344511 -0.200575 0.33805 -0.143757 0.333397 -0.0885897 0.329665 
0.84 -0.403534 0.35843 -0.334592 0.348872 -0.273734 0.342412 -0.216204 0.33646 -0.158262 0.330849 -0.102474 0.327051 -0.047863 0.324168 
1.727 0.0655801 0.0735379 0.123997 0.0727893 0.178743 0.0733731 0.233649 0.0735202 0.291944 0.0728991 0.351388 0.0733029 0.412714 0.0739198 
1.472 -0.259718 0.268717 -0.197021 0.263471 -0.14075 0.260592 -0.0866643 0.258025 -0.0314426 0.255503 0.0226127 0.254564 0.0764244 0.2544 
3.955 -0.235749 -0.0483632 -0.174441 -0.0481792 -0.119563 -0.0471787 -0.0666567 -0.0471185 -0.0126355 -0.0479095 0.0406734 -0.0482268 0.0940399 -0.0489513 
0.887 -0.389152 0.342679 -0.320705 0.333724 -0.260304 0.327792 -0.203121 0.322317 -0.145392 0.317051 -0.0897056 0.313554 -0.0352284 0.310965 
3.938 -0.279578 -0.183276 -0.217258 -0.180655 -0.16121 -0.177728 -0.107567 -0.176262 -0.053049 -0.176106 0.00046409 -0.175998 0.0537055 -0.176755 
4.246 -0.10152 -0.259293 -0.0431182 -0.258864 0.0104322 -0.25808 0.0629219 -0.258993 0.117451 -0.261636 0.172307 -0.264352 0.22801 -0.268151 
1.656 0.0888645 0.141337 0.147807 0.141175 0.203266 0.142506 0.259014 0.143529 0.318137 0.144009 0.378689 0.145726 0.441361 0.147848 
1.142 -0.344638 0.284468 -0.279002 0.27802 -0.220593 0.274167 -0.165134 0.270359 -0.108584 0.266866 -0.0540606 0.264718 -0.000250927 0.263436 
1.644 0.08681 0.240638 0.146005 0.240852 0.201585 0.242862 0.257247 0.24495 0.316401 0.246923 0.376961 0.250596 0.439397 0.254603 
1.733 0.103931 0.0927133 0.162968 0.0921744 0.218729 0.0931524 0.274814 0.0937332 0.334473 0.0935983 0.395663 0.0944862 0.458975 0.0956801 
0.989 -0.343953 0.328982 -0.277851 0.321228 -0.219111 0.316328 -0.163265 0.311822 -0.106674 0.307514 -0.0518081 0.304962 0.00223487 0.303216 
4.297 -0.0248185 -0.116847 0.0328465 -0.117758 0.0863687 -0.118009 0.139394 -0.119401 0.195343 -0.122067 0.252196 -0.124382 0.310329 -0.127254 
0.872 -0.420655 0.349527 -0.350848 0.339987 -0.289356 0.333529 -0.231238 0.327516 -0.172883 0.321909 -0.116716 0.317995 -0.0618711 0.315002 
4.133 -0.117272 -0.0593206 -0.0588193 -0.0596783 -0.00548657 -0.0591549 0.046621 -0.0597176 0.100851 -0.0611845 0.155341 -0.0622302 0.210728 -0.0637272 
3.996 -0.23164 -0.122326 -0.170477 -0.121099 -0.115599 -0.119331 -0.0627391 -0.118818 -0.00868341 -0.119423 0.0446791 -0.119876 0.0980682 -0.120925 
1.123 -0.310396 0.287892 -0.246079 0.281748 -0.188617 0.278225 -0.133672 0.274818 -0.0778575 0.27145 -0.023405 0.269795 0.0303045 0.268876 
4.223 -0.122065 -0.260663 -0.0634708 -0.259735 -0.00980446 -0.258596 0.0426418 -0.259194 0.0970348 -0.261509 0.151617 -0.263901 0.206882 -0.267367 
1.465 0.0224353 0.109834 0.0804591 0.108977 0.134563 0.109684 0.188511 0.110065 0.24552 0.109939 0.303499 0.11095 0.362943 0.112073 
3.822 -0.338474 -0.155198 -0.274092 -0.15245 -0.216396 -0.149308 -0.161486 -0.147414 -0.106094 -0.146661 -0.0521666 -0.14592 0.00100129 -0.14591 
4.012 -0.217258 -0.120271 -0.156986 -0.119169 -0.10234 -0.117516 -0.0496744 -0.1171 0.00411529 -0.117801 0.0576843 -0.118321 0.111198 -0.119456 
0.873 -0.435036 0.346788 -0.364665 0.337132 -0.302579 0.330588 -0.243987 0.324408 -0.185211 0.318584 -0.128781 0.314497 -0.0738494 0.311331 
1.472 0.0368169 0.244062 0.095381 0.243559 0.149993 0.24481 0.204415 0.246197 0.261894 0.247323 0.320463 0.250194 0.380499 0.253675 
1.447 -0.0131763 0.0797014 0.0446857 0.078643 0.0982807 0.0790299 0.15148 0.078936 0.207536 0.0783222 0.264334 0.0786529 0.322551 0.0790825 
4.281 -0.022764 -0.091508 0.0348051 -0.0924716 0.0882908 -0.0926301 0.141462 -0.0938894 0.197516 -0.0963118 0.254245 -0.0983163 0.312582 -0.100736 
3.727 -0.371346 -0.070278 -0.305524 -0.0689226 -0.246829 -0.0669463 -0.191077 -0.0659558 -0.134976 -0.0656942 -0.0806942 -0.0653817 -0.0273574 -0.0653228 
0.805 -0.469963 0.372812 -0.397713 0.361814 -0.334219 0.354084 -0.274587 0.346945 -0.214983 0.340185 -0.157795 0.335231 -0.1023 0.331266 
1.199 0.231996 0.214614 0.294281 0.216116 0.353647 0.219269 0.413868 0.222325 0.478409 0.22507 0.545128 0.229394 0.614841 0.23435 
3.359 -0.277524 0.0865498 -0.214841 0.0844785 -0.158613 0.0839774 -0.104763 0.0829224 -0.0500881 0.0815414 0.00346795 0.0812457 0.0565469 0.0808539 
4.375 0.0833858 -0.0285029 0.142044 -0.0299177 0.197338 -0.0302107 0.253058 -0.0314532 0.312306 -0.033712 0.372848 -0.0351722 0.435679 -0.0370058 
3.77 -0.361759 -0.12438 -0.296403 -0.121988 -0.238118 -0.119208 -0.182701 -0.117603 -0.126892 -0.116878 -0.072709 -0.116174 -0.0194878 -0.116026 
1.623 0.078592 0.162567 0.13736 0.162331 0.192619 0.163785 0.247942 0.164972 0.306682 0.165797 0.366704 0.167939 0.42876 0.17041 
4.387 0.0354472 -0.123695 0.0934492 -0.12522 0.147707 -0.126223 0.202015 -0.128265 0.259475 -0.131668 0.318004 -0.134532 0.378356 -0.138127 
3.699 -0.378195 -0.0305575 -0.312012 -0.0301218 -0.253103 -0.0288118 -0.197167 -0.0283782 -0.140927 -0.0286626 -0.0866187 -0.0285198 -0.0332583 -0.0287387 
1.603 0.0731133 0.179688 0.131897 0.179398 0.1871 0.180888 0.24235 0.182103 0.301049 0.182981 0.360936 0.185259 0.422808 0.187954 
4.203 -0.122065 -0.190125 -0.0635614 -0.189629 -0.0100398 -0.188711 0.0422409 -0.189322 0.0965363 -0.191355 0.151065 -0.193439 0.206314 -0.196205 
3.799 -0.363128 -0.175058 -0.297784 -0.171531 -0.239456 -0.167939 -0.184029 -0.165509 -0.128132 -0.16429 -0.0738602 -0.163156 -0.0205062 -0.162815 
4.074 -0.157677 -0.0689084 -0.0986742 -0.0689319 -0.0450139 -0.0681188 0.00718586 -0.0683147 0.061215 -0.0695137 0.11516 -0.0703484 0.169884 -0.0715455 
1.682 0.101192 0.159143 0.160453 0.159155 0.216297 0.160736 0.272392 0.162003 0.332029 0.162838 0.393201 0.165075 0.456563 0.167677 
3.949 -0.205616 0.013957 -0.145239 0.0131682 -0.0907443 0.0135395 -0.0382517 0.0132238 0.0157329 0.0121986 0.0691189 0.0118689 0.122825 0.0114081 
4.113 -0.157677 -0.140816 -0.0985139 -0.140089 -0.0447772 -0.13889 0.00744957 -0.139001 0.0613646 -0.140389 0.115245 -0.141634 0.169771 -0.143578 
3.73 -0.356965 -0.0278181 -0.291526 -0.0274876 -0.23316 -0.0262335 -0.177757 -0.0259416 -0.121897 -0.0262122 -0.0678185 -0.0261464 -0.0146477 -0.0263356 
4.004 -0.205616 -0.0469936 -0.145408 -0.0469232 -0.0910499 -0.0460674 -0.0386102 -0.0461069 0.0151301 -0.0470141 0.0685006 -0.0474929 0.122218 -0.0483041 
1.421 0.00805369 0.107095 0.0660257 0.106171 0.119924 0.106746 0.1736 0.10695 0.230448 0.106812 0.288109 0.107612 0.347267 0.108678 
3.715 -0.375455 -0.0545268 -0.309419 -0.0536681 -0.250583 -0.051964 -0.194777 -0.0512977 -0.138599 -0.0513157 -0.0842547 -0.0509915 -0.0309438 -0.0511484 
1.271 -0.277524 0.270086 -0.214418 0.264783 -0.157787 0.261901 -0.103628 0.259013 -0.0482243 0.256415 0.00586463 0.255198 0.0596246 0.254871 
4.004 -0.189864 0.00916313 -0.129929 0.0084413 -0.0759349 0.0087295 -0.0236248 0.00848753 0.0303946 0.00736004 0.0839443 0.00706105 0.137825 0.00641713 
0.787 -0.381619 0.400205 -0.313468 0.389754 -0.252977 0.382693 -0.195837 0.376278 -0.138174 0.370146 -0.0823876 0.366129 -0.02781 0.363207 
1.687 0.08681 0.0913437 0.145631 0.0908829 0.20098 0.0916439 0.256687 0.0922065 0.315763 0.0919402 0.37623 0.0928317 0.438789 0.0938662 
1.669 0.0943432 0.19133 0.153502 0.191424 0.209134 0.193137 0.265007 0.194795 0.324224 0.196089 0.385047 0.198957 0.447906 0.202236 
4.027 -0.215888 -0.14698 -0.15538 -0.145583 -0.100658 -0.143694 -0.0479795 -0.143176 0.00592101 -0.143829 0.0593808 -0.144441 0.113037 -0.145753 
4.387 0.0347624 -0.146295 0.0927723 -0.14787 0.147045 -0.148935 0.201343 -0.151261 0.258727 -0.154829 0.317229 -0.158081 0.377544 -0.162067 
4.207 -0.094672 -0.142871 -0.0365574 -0.142998 0.016712 -0.142478 0.0690316 -0.143327 0.123584 -0.145433 0.178568 -0.147371 0.234525 -0.149961 
1.061 -0.351486 0.309122 -0.28511 0.301649 -0.226332 0.296971 -0.170152 0.292621 -0.113533 0.288372 -0.0585647 0.285821 -0.00451139 0.284083 
1.624 0.0265443 0.0762772 0.0845487 0.0754247 0.138573 0.07593 0.192578 0.0759492 0.249659 0.0754208 0.307808 0.0757847 0.367486 0.0761557 
1.4 -0.200137 0.272826 -0.139088 0.268494 -0.0840503 0.266516 -0.0307125 0.264723 0.0239825 0.262968 0.0782608 0.262939 0.13238 0.263537 
3.904 0.197069 0.0208054 0.258636 0.0197051 0.317298 0.0197815 0.376812 0.0190874 0.440731 0.0175989 0.507132 0.01698 0.576554 0.0161331 
0.786 -0.31245 0.441981 -0.247147 0.432226 -0.18891 0.425862 -0.133448 0.42021 -0.0770663 0.415013 -0.0222954 0.411964 0.0317483 0.410045 
4.027 -0.195343 -0.0627448 -0.135463 -0.0625286 -0.0812406 -0.0614928 -0.0287895 -0.0614962 0.0248859 -0.0624421 0.0784076 -0.0629748 0.132343 -0.0639926 
1.43 -0.222737 0.236529 -0.16125 0.232446 -0.105795 0.230533 -0.0524608 0.228602 0.0022691 0.226714 0.0562149 0.2265 0.11008 0.226692 
3.734 -0.356965 -0.0435694 -0.291566 -0.0429198 -0.233221 -0.0414515 -0.17777 -0.0409237 -0.121918 -0.0411076 -0.0678763 -0.040956 -0.0146539 -0.0411239 
3.852 -0.340529 -0.214094 -0.276133 -0.210259 -0.218612 -0.206322 -0.16376 -0.203884 -0.10837 -0.202677 -0.0543623 -0.201677 -0.00107078 -0.201551 
1.217 -0.298754 0.251596 -0.234925 0.246478 -0.177865 0.243696 -0.123237 0.240901 -0.0678063 0.238098 -0.0135839 0.236824 0.0399819 0.236183 
3.781 0.0813313 0.013957 0.139943 0.0128703 0.195366 0.0129532 0.251088 0.0122967 0.310345 0.0107946 0.371114 0.0101136 0.433963 0.00924196 
1.256 -0.123435 0.313231 -0.0637821 0.309511 -0.00957891 0.308194 0.0434464 0.307301 0.0984699 0.306488 0.153413 0.307418 0.208954 0.30909 
3.992 -0.219312 -0.070278 -0.15851 -0.069825 -0.103797 -0.0686207 -0.05119 -0.0684796 0.00277864 -0.0692777 0.0561522 -0.0697415 0.10967 -0.070639 
4.43 0.0409259 -0.185331 0.0991401 -0.187436 0.153586 -0.188813 0.208076 -0.191559 0.265699 -0.19587 0.324479 -0.199974 0.385204 -0.204902 
3.848 -0.339844 -0.199712 -0.275554 -0.196262 -0.218044 -0.192453 -0.163237 -0.190199 -0.107791 -0.189073 -0.0538187 -0.188009 -0.000535329 -0.187971 
3.721 -0.35491 -0.00795781 -0.289608 -0.0081439 -0.23122 -0.0071383 -0.175806 -0.00716296 -0.120033 -0.00779701 -0.0659081 -0.0078419 -0.0127744 -0.00823967 
0.803 -0.429558 0.378291 -0.359287 0.367821 -0.297463 0.360712 -0.238973 0.354031 -0.180316 0.347798 -0.12396 0.343344 -0.0690685 0.339915 
3.85 -0.348062 -0.226421 -0.283531 -0.222222 -0.225881 -0.218062 -0.170876 -0.215413 -0.115386 -0.214019 -0.0613002 -0.212833 -0.00795105 -0.212534 
3.973 -0.222052 -0.0476784 -0.160878 -0.0475244 -0.106216 -0.0465915 -0.0536412 -0.0465719 0.000296767 -0.0473849 0.0535923 -0.047813 0.107214 -0.0485873 
1.386 -0.272045 0.237899 -0.209033 0.233095 -0.152597 0.230776 -0.0985249 0.228227 -0.0433654 0.225716 0.0105167 0.224855 0.0641508 0.224579 
3.963 0.0525681 0.0187509 0.110672 0.0176859 0.165426 0.0178192 0.22017 0.0173059 0.278404 0.0159273 0.337944 0.0153397 0.399393 0.0146673 
4.406 0.027914 -0.21067 0.0860133 -0.212358 0.140238 -0.213699 0.194407 -0.216517 0.25144 -0.221011 0.30965 -0.225284 0.369634 -0.230505 
0.912 -0.33642 0.360485 -0.270202 0.351991 -0.211387 0.346591 -0.155455 0.341604 -0.0987427 0.336973 -0.0436962 0.334161 0.0105187 0.332358 
4.41 0.0299685 -0.196288 0.0881717 -0.197993 0.142348 -0.19933 0.196634 -0.202039 0.253887 -0.206352 0.312316 -0.210396 0.372496 -0.215312 
0.801 -0.344638 0.391303 -0.278135 0.381877 -0.218939 0.375606 -0.162757 0.36992 -0.105903 0.364655 -0.0506851 0.361301 0.00350791 0.358907 
3.791 -0.364498 -0.158622 -0.29921 -0.155455 -0.240849 -0.15216 -0.185409 -0.150032 -0.129547 -0.148907 -0.0753301 -0.147908 -0.0219894 -0.14768 
1.496 -0.242597 0.263923 -0.180602 0.259336 -0.124788 0.257042 -0.0711431 0.254822 -0.0162347 0.252679 0.0377508 0.252141 0.0916591 0.252318 
1.422 -0.201507 0.235844 -0.140533 0.231936 -0.0855954 0.230211 -0.0324003 0.228579 0.022215 0.226976 0.0763114 0.226883 0.130359 0.227369 
3.893 -0.221367 0.0125873 -0.160531 0.0119467 -0.105869 0.0122477 -0.0532149 0.0120135 0.0007775 0.0109407 0.0541543 0.01072 0.107663 0.0101712 
3.451 -0.211094 0.035187 -0.150767 0.0342012 -0.0962785 0.0344198 -0.0437795 0.0338148 0.0101855 0.0327871 0.063631 0.0323958 0.117312 0.0321966 
1.408 -0.200822 0.249541 -0.139896 0.24549 -0.0848777 0.243699 -0.0316388 0.242015 0.0227507 0.240276 0.0770943 0.240228 0.131115 0.240785 
3.682 -0.378195 -0.00384879 -0.311955 -0.00406201 -0.253012 -0.00319417 -0.197049 -0.00317582 -0.140789 -0.0037032 -0.0864202 -0.00362863 -0.0330701 -0.00410744 
4.191 0.0950281 0.00984797 0.154171 0.00867542 0.209793 0.00872035 0.265883 0.00802393 0.325728 0.00645295 0.386772 0.00569764 0.450487 0.00468711 
4.309 -0.0104369 -0.113423 0.0469988 -0.114478 0.100741 -0.11483 0.154191 -0.116363 0.21027 -0.119105 0.267603 -0.12146 0.326228 -0.124342 
4.273 -0.0241337 -0.0689084 0.0333042 -0.0698848 0.086802 -0.0699584 0.139832 -0.0710417 0.195914 -0.0732843 0.252713 -0.0749586 0.311028 -0.0770692 
4.555 0.0881797 -0.22916 0.147024 -0.232099 0.202352 -0.234391 0.257872 -0.23822 0.316862 -0.243708 0.377405 -0.249204 0.44016 -0.256076 
4.059 -0.152198 -0.0237091 -0.0934577 -0.0240426 -0.0398463 -0.02333 0.0122184 -0.0237976 0.0662283 -0.0248417 0.120289 -0.0254919 0.174968 -0.0266374 
4.074 -0.14535 -0.0394603 -0.0864805 -0.0398273 -0.0328858 -0.0392315 0.0192432 -0.0396417 0.073267 -0.040865 0.127259 -0.0415631 0.182045 -0.04267 
4.441 0.0450349 -0.2093 0.103291 -0.211434 0.157749 -0.213088 0.212257 -0.215996 0.269805 -0.220695 0.328591 -0.225249 0.389228 -0.230744 
4.031 -0.168634 0.0105328 -0.109291 0.00968474 -0.0555215 0.0100022 -0.00332133 0.00967153 0.0506364 0.0085924 0.104446 0.00826386 0.158651 0.00771516 
3.963 -0.223421 -0.0278181 -0.162556 -0.0279478 -0.107926 -0.0271064 -0.055255 -0.0271984 -0.00123772 -0.0280746 0.0521658 -0.0284321 0.105631 -0.0291363 
1.4 0.010793 0.272141 0.069414 0.271143 0.12373 0.272051 0.177844 0.273181 0.234743 0.274318 0.292561 0.27712 0.351723 0.280663 
4.012 -0.191234 -0.0312423 -0.131557 -0.0314203 -0.0773549 -0.0307212 -0.0250426 -0.0308655 0.0287382 -0.0318416 0.0822507 -0.0323131 0.135961 -0.0331239 
4.27 -0.0761813 -0.18944 -0.0181842 -0.189528 0.0351703 -0.189177 0.0876555 -0.190349 0.142552 -0.193009 0.197923 -0.195562 0.254482 -0.198804 
1.418 0.165566 0.165306 0.226171 0.165851 0.283569 0.167961 0.341419 0.169759 0.403447 0.171247 0.467209 0.174089 0.533804 0.177417 
1.742 0.114204 0.21393 0.173895 0.214218 0.230119 0.216587 0.286576 0.218402 0.346848 0.220541 0.408695 0.223776 0.472781 0.227804 
1.563 0.155979 0.154349 0.216397 0.1547 0.273621 0.156733 0.331255 0.158197 0.393043 0.159432 0.456512 0.161953 0.522736 0.164726 
4.363 0.0327078 -0.10589 0.0906776 -0.107497 0.144952 -0.108255 0.199252 -0.110163 0.256767 -0.113299 0.315307 -0.115996 0.375643 -0.119325 
4.391 0.0566772 -0.08329 0.114928 -0.0849238 0.169617 -0.0857249 0.224503 -0.0875159 0.282878 -0.0905152 0.34235 -0.0929811 0.391834 -0.0842364 
0.743 -0.486399 0.437187 -0.414089 0.424086 -0.350299 0.414617 -0.290042 0.405791 -0.230131 0.397517 -0.172339 0.391203 -0.116481 0.386079 
1.642 0.0874949 0.219408 0.146497 0.219475 0.202093 0.221527 0.257675 0.223437 0.316868 0.225147 0.377279 0.2282 0.439795 0.232066 
0.813 -0.409012 0.374866 -0.339627 0.36478 -0.278558 0.357935 -0.220749 0.351586 -0.162575 0.345766 -0.106498 0.341673 -0.0517404 0.338425 
3.939 0.0669497 0.0125873 0.125521 0.0115081 0.180448 0.0116146 0.235854 0.0110195 0.29437 0.0095662 0.354228 0.00888036 0.416121 0.00810991 
3.988 -0.209725 -0.0312423 -0.149414 -0.031341 -0.094876 -0.0305224 -0.0424174 -0.0306367 0.0114512 -0.0315636 0.0648818 -0.031996 0.11848 -0.0327612 
1.469 -0.226846 0.254335 -0.165298 0.249948 -0.109686 0.247864 -0.0562441 0.245833 -0.00139593 0.243826 0.0524208 0.243474 0.106449 0.243717 
4.02 -0.177537 -0.0148062 -0.117853 -0.0152451 -0.0639213 -0.0147297 -0.0115897 -0.0150403 0.0422807 -0.016113 0.0959106 -0.0165808 0.149993 -0.0173551 
4.375 0.0594165 -0.0552116 0.117717 -0.0566249 0.172494 -0.0571177 0.227444 -0.0587454 0.285805 -0.0613512 0.345365 -0.0633287 0.406959 -0.06579 
0.963 -0.328886 0.3372 -0.263353 0.329539 -0.205123 0.324747 -0.149509 0.320368 -0.0931696 0.316206 -0.0384118 0.313769 0.015512 0.312255 
4.094 -0.152883 -0.0819203 -0.093909 -0.0817791 -0.0402745 -0.0809467 0.0118817 -0.0812097 0.06586 -0.0825078 0.119821 -0.0834846 0.174419 -0.0849418 
1.397 -0.258348 0.237899 -0.195901 0.233422 -0.139815 0.231148 -0.0858571 0.228867 -0.0308395 0.226645 0.0229668 0.226025 0.0765836 0.22596 
4.121 -0.130968 -0.0764416 -0.072464 -0.076538 -0.0190665 -0.0758294 0.033056 -0.0762542 0.087199 -0.0776592 0.141565 -0.0787496 0.196822 -0.0803102 
4.359 -0.000849199 -0.192179 0.0570053 -0.193556 0.110789 -0.194477 0.164312 -0.196574 0.220679 -0.200376 0.277945 -0.203905 0.336716 -0.208236 
0.761 -0.432297 0.418696 -0.36177 0.406817 -0.299472 0.398436 -0.24077 0.390761 -0.181781 0.383561 -0.12517 0.378405 -0.0701463 0.374385 
4.363 0.0196959 -0.141501 0.0776429 -0.143039 0.13169 -0.143808 0.185754 -0.145962 0.24283 -0.149379 0.300945 -0.152556 0.360795 -0.156416 
1.744 0.116258 0.181742 0.175766 0.181962 0.231844 0.183784 0.288284 0.185415 0.348409 0.18678 0.410217 0.189574 0.474242 0.192831 
1.736 0.118997 0.233105 0.17875 0.233788 0.2351 0.236243 0.291607 0.23851 0.351843 0.240703 0.413873 0.244604 0.47804 0.249262 
0.805 -0.328886 0.391303 -0.262967 0.382101 -0.204333 0.376204 -0.14843 0.370859 -0.0917767 0.365815 -0.0368832 0.362788 0.0172406 0.360713 
0.79 -0.358334 0.397466 -0.291181 0.387655 -0.231768 0.381059 -0.175155 0.375021 -0.117991 0.369543 -0.0626752 0.365846 -0.00836051 0.363289 
0.796 -0.394631 0.389933 -0.32594 0.379562 -0.265244 0.372533 -0.207714 0.366109 -0.149678 0.360051 -0.0940783 0.35594 -0.0394337 0.352733 
1.731 0.119682 0.248856 0.179517 0.249559 0.235807 0.252313 0.292419 0.254754 0.352751 0.257122 0.414674 0.26145 0.478878 0.26626 
4.07 -0.183701 -0.12712 -0.123944 -0.126261 -0.069852 -0.124933 -0.0174822 -0.124829 0.0364436 -0.125936 0.0900914 -0.126857 0.144124 -0.128428 
1.431 -0.27136 0.257074 -0.208413 0.252013 -0.151909 0.249285 -0.0977985 0.246635 -0.0425938 0.244049 0.0113786 0.243006 0.0650554 0.242529 
4.363 -0.00290371 -0.215464 0.054938 -0.216807 0.108777 -0.217799 0.162268 -0.220266 0.218543 -0.224083 0.275721 -0.22792 0.334455 -0.232621 
3.326 0.0957129 0.0680592 0.15466 0.0674036 0.210141 0.068148 0.266017 0.0682728 0.325413 0.0677803 0.386415 0.0681697 0.449569 0.0687001 
4.352 0.0217504 -0.114108 0.0796211 -0.115618 0.133627 -0.116319 0.187725 -0.118038 0.244857 -0.121099 0.302992 -0.123766 0.362862 -0.126945 
3.965 -0.233009 -0.0668539 -0.171849 -0.0663997 -0.116897 -0.0651497 -0.0643054 -0.0649714 -0.0100665 -0.0657142 0.0431703 -0.0660312 0.0964466 -0.0668616 
4.266 -0.022764 -0.0545268 0.0348796 -0.0554922 0.0884665 -0.0555118 0.141633 -0.0566008 0.197804 -0.058697 0.254841 -0.0602719 0.313277 -0.0622057 
0.78 -0.39737 0.404314 -0.328425 0.393473 -0.267464 0.386081 -0.209809 0.379302 -0.151807 0.37298 -0.0958298 0.368647 -0.04113 0.365386 
3.996 -0.224106 -0.105205 -0.163094 -0.104178 -0.108422 -0.102652 -0.0554712 -0.102226 -0.001522 -0.102915 0.0519963 -0.103397 0.105537 -0.104417 
1.45 0.0258595 0.215299 0.0842619 0.214518 0.138769 0.215507 0.192976 0.21662 0.250304 0.217632 0.308435 0.219952 0.368252 0.222713 
1.598 0.0758526 0.200233 0.134705 0.200103 0.189939 0.20165 0.245139 0.202998 0.303817 0.204032 0.363682 0.206755 0.425564 0.209551 
2.104 0.0464046 0.0673743 0.104661 0.0663849 0.159213 0.0671443 0.213959 0.0672103 0.272013 0.0665326 0.331312 0.0670386 0.392366 0.0674696 
2.537 0.0457198 0.0386111 0.103837 0.0376948 0.158392 0.0381125 0.21325 0.0378349 0.271255 0.0368756 0.330707 0.0367301 0.391799 0.0366769 
3.779 -0.362444 -0.141501 -0.297093 -0.138554 -0.238809 -0.135576 -0.183409 -0.133764 -0.127551 -0.132856 -0.0733871 -0.132105 -0.020105 -0.131937 
1.319 0.19296 0.181057 0.254174 0.181943 0.312343 0.184306 0.371075 0.186399 0.434235 0.188318 0.499402 0.191606 0.567318 0.195309 
1.508 0.171045 0.150925 0.23182 0.151415 0.289439 0.153355 0.347654 0.154952 0.41004 0.156171 0.474495 0.158748 0.541367 0.161629 
4.262 -0.0159156 -0.0223394 0.0416711 -0.0233239 0.0952938 -0.0232709 0.148518 -0.0240665 0.204875 -0.0258576 0.262088 -0.0269555 0.320794 -0.0283433 
1.577 0.0690042 0.21256 0.127804 0.212398 0.183028 0.214037 0.23815 0.215488 0.296754 0.216779 0.356365 0.219522 0.418137 0.223083 
3.83 -0.35628 -0.214094 -0.291338 -0.209997 -0.233344 -0.20581 -0.178116 -0.203268 -0.122425 -0.20182 -0.0682164 -0.200565 -0.0148387 -0.200193 
3.461 0.0840707 0.035187 0.142839 0.0341562 0.198449 0.0343879 0.254165 0.0342162 0.313647 0.0329899 0.374461 0.0329364 0.437349 0.0328409 
1.707 0.102561 0.178318 0.161945 0.178438 0.217811 0.180144 0.273967 0.181681 0.333731 0.182903 0.395118 0.185587 0.458607 0.188722 
4.078 -0.149459 -0.0558965 -0.0906495 -0.056061 -0.0370818 -0.0553891 0.0150195 -0.0556632 0.0690735 -0.0568821 0.123052 -0.0576556 0.177834 -0.0587948 
3.695 -0.350116 0.0160115 -0.284942 0.0153977 -0.226668 0.0157598 -0.17154 0.01557 -0.116123 0.0146677 -0.0619242 0.0144031 -0.00895268 0.0140961 
1.443 -0.237118 0.207766 -0.175394 0.204026 -0.119942 0.202361 -0.0664649 0.200487 -0.0118403 0.198651 0.0416362 0.198369 0.0951303 0.198548 
3.32 0.0607862 0.0365566 0.119155 0.0354859 0.173927 0.0359821 0.228945 0.0356388 0.287438 0.0346335 0.347121 0.0344203 0.408794 0.0343493 
4.539 0.0902342 -0.202452 0.149185 -0.205119 0.204623 -0.207383 0.26029 -0.210923 0.319468 -0.215917 0.380229 -0.221033 0.443307 -0.227402 
4.23 -0.106314 -0.240118 -0.0480162 -0.239563 0.0054565 -0.238749 0.0577044 -0.239612 0.112333 -0.242039 0.167119 -0.244563 0.222741 -0.24802 
3.924 -0.297384 -0.223682 -0.234782 -0.220354 -0.178459 -0.216729 -0.124586 -0.21482 -0.0698983 -0.214168 -0.016251 -0.213655 0.0369941 -0.214134 
3.822 -0.329571 -0.127804 -0.265399 -0.125776 -0.207955 -0.123168 -0.153222 -0.121821 -0.0979225 -0.121477 -0.0441304 -0.120929 0.00895793 -0.121109 
1.317 -0.0652239 0.222148 -0.00649414 0.220116 0.047051 0.220348 0.100052 0.220302 0.155231 0.220363 0.211116 0.221622 0.267732 0.223583 
4.059 -0.159047 -0.0374058 -0.100251 -0.0376496 -0.0463686 -0.0371102 0.00561429 -0.0373753 0.0595165 -0.0385151 0.113197 -0.0391058 0.167681 -0.0400969 
