3.141 0.226517 0.0338173 0.289042 0.0329013 0.348827 0.0332109 0.409365 0.0329311 0.475023 0.0317272 0.543127 0.0315982 0.614272 0.0312504 
0.784 -0.0261882 0.433078 0.032907 0.430221 0.0874239 0.430069 0.141024 0.430483 0.197275 0.431136 0.253706 0.434151 0.311152 0.438109 
4.234 -0.118641 -0.299699 -0.0601219 -0.298583 -0.00651006 -0.297326 0.0459894 -0.297936 0.100435 -0.300309 0.155065 -0.30286 0.210461 -0.306524 
4.254 -0.107684 -0.31545 -0.049237 -0.31452 0.00437599 -0.31354 0.0569194 -0.314365 0.111421 -0.317082 0.166192 -0.320032 0.221714 -0.324125 
4.051 -0.200137 -0.14698 -0.140038 -0.14573 -0.0856574 -0.144033 -0.0332419 -0.143686 0.0206485 -0.144537 0.0741862 -0.145286 0.128111 -0.146778 
4.074 -0.174113 -0.0901383 -0.114531 -0.0897439 -0.0606113 -0.088658 -0.00834684 -0.0887713 0.0455298 -0.0899472 0.0991992 -0.0908729 0.15337 -0.0922678 
3.352 0.122422 0.0749075 0.182129 0.0744057 0.238577 0.0752776 0.295493 0.0756193 0.3563 0.075248 0.418782 0.075929 0.483685 0.0767723 
4.156 -0.169319 -0.306547 -0.110024 -0.304314 -0.0560074 -0.302096 -0.00346081 -0.301686 0.0506795 -0.303067 0.104677 -0.304712 0.159092 -0.307474 
4.34 -0.0063279 -0.157937 0.0513933 -0.159047 0.105139 -0.159612 0.158576 -0.161515 0.21492 -0.164835 0.272175 -0.167865 0.330951 -0.171526 
4.039 -0.178222 -0.0387755 -0.118551 -0.0389682 -0.06459 -0.0383104 -0.0123019 -0.0384879 0.04155 -0.0396276 0.0951885 -0.0402174 0.149279 -0.0411621 
4.191 -0.141926 -0.31545 -0.0830265 -0.313817 -0.0292007 -0.312156 0.023286 -0.312363 0.0775453 -0.314339 0.131807 -0.3166 0.186639 -0.319937 
4.18 -0.152883 -0.305862 -0.0938594 -0.30395 -0.0399966 -0.302094 0.0124725 -0.302029 0.0666823 -0.303693 0.120851 -0.305665 0.175533 -0.308771 
4.129 -0.115902 -0.036721 -0.0574714 -0.037298 -0.00414193 -0.0368697 0.047965 -0.0373665 0.102218 -0.0387681 0.156762 -0.0395914 0.212208 -0.0407538 
4.215 -0.130968 -0.344213 -0.0722427 -0.342637 -0.018467 -0.341086 0.0340042 -0.341471 0.0883696 -0.343783 0.142776 -0.346395 0.197852 -0.350223 
4.184 -0.14535 -0.292165 -0.086427 -0.29055 -0.0325888 -0.28891 0.0198477 -0.289036 0.0740811 -0.290906 0.128283 -0.292979 0.183094 -0.2961 
4.129 -0.184386 -0.300384 -0.124802 -0.297926 -0.0705965 -0.29547 -0.0179899 -0.294853 0.0361184 -0.295936 0.0899879 -0.297278 0.144221 -0.299716 
4.148 -0.172743 -0.325723 -0.113357 -0.323276 -0.059266 -0.320929 -0.00666723 -0.320455 0.0474718 -0.321811 0.101458 -0.323474 0.155843 -0.326302 
4.18 -0.151513 -0.348322 -0.0925053 -0.346237 -0.038613 -0.344188 0.0138864 -0.344114 0.0681123 -0.345881 0.122332 -0.348047 0.177068 -0.351363 
0.875 -0.352171 0.350212 -0.285525 0.341652 -0.226383 0.336121 -0.170208 0.33104 -0.113372 0.326229 -0.0583402 0.323256 -0.00427911 0.32106 
4 -0.2289 -0.141501 -0.168049 -0.140004 -0.113204 -0.138053 -0.0603734 -0.137413 -0.00642153 -0.137982 0.046983 -0.138382 0.100516 -0.139525 
0.862 -0.0255034 0.391303 0.0334376 0.388794 0.0878683 0.388874 0.14144 0.389496 0.197686 0.390291 0.254242 0.393246 0.311838 0.397146 
4.254 -0.10426 -0.345583 -0.045838 -0.344561 0.00777401 -0.343529 0.0603496 -0.344459 0.114909 -0.347268 0.169767 -0.35046 0.225407 -0.354825 
4.246 -0.111108 -0.362704 -0.0525675 -0.361532 0.00105931 -0.360353 0.053653 -0.361203 0.108123 -0.363997 0.162812 -0.367217 0.218266 -0.371629 
4.207 -0.139186 -0.372976 -0.0803993 -0.37104 -0.0265804 -0.369156 0.0259121 -0.369315 0.0802532 -0.371533 0.134568 -0.374061 0.189572 -0.377954 
4.18 -0.150829 -0.38051 -0.0918149 -0.378204 -0.0379318 -0.376054 0.0146266 -0.37599 0.0688457 -0.377877 0.123029 -0.380208 0.177802 -0.383862 
0.907 -0.267251 0.357061 -0.203503 0.350034 -0.146492 0.345816 -0.0918894 0.342095 -0.0362409 0.338582 0.018274 0.337022 0.0722857 0.336217 
4.266 -0.0974113 -0.289426 -0.0390779 -0.288765 0.014505 -0.287971 0.0670266 -0.288929 0.121666 -0.291663 0.176588 -0.294573 0.232348 -0.298556 
4.219 -0.128229 -0.322983 -0.0695285 -0.32159 -0.0157791 -0.32016 0.0366957 -0.320672 0.0910444 -0.322981 0.145468 -0.325557 0.200567 -0.329299 
3.979 -0.243967 -0.146295 -0.182572 -0.144546 -0.127306 -0.142407 -0.0742371 -0.141533 -0.0201311 -0.141921 0.0332109 -0.142179 0.0865709 -0.143228 
4.281 -0.0542665 -0.163416 0.00354047 -0.1639 0.0569275 -0.163911 0.109718 -0.165265 0.164964 -0.168084 0.220953 -0.170651 0.278083 -0.173876 
4.031 -0.217258 -0.167525 -0.156712 -0.165848 -0.102054 -0.163795 -0.0494334 -0.16312 0.00449328 -0.163823 0.0579926 -0.164372 0.111707 -0.165763 
4.238 -0.117956 -0.338734 -0.0594342 -0.337436 -0.00576742 -0.336139 0.0467504 -0.336768 0.101227 -0.339275 0.155856 -0.34211 0.211242 -0.346173 
4.098 -0.159732 -0.0969867 -0.10061 -0.0967047 -0.0469247 -0.095733 0.00519342 -0.0958619 0.0591673 -0.0971284 0.112997 -0.0981018 0.167513 -0.0995525 
4.176 -0.150829 -0.331201 -0.0918556 -0.329218 -0.0379726 -0.327284 0.0145232 -0.327239 0.0687474 -0.328979 0.122954 -0.331086 0.177731 -0.334313 
2.014 -0.324093 0.248856 -0.259452 0.243601 -0.20183 0.240683 -0.146804 0.237769 -0.0909618 0.234824 -0.0365998 0.233346 0.0170041 0.232588 
4.207 -0.129599 -0.307917 -0.0708974 -0.306567 -0.0171774 -0.30513 0.0352784 -0.305551 0.0896612 -0.307785 0.144072 -0.310238 0.199189 -0.313794 
0.926 -0.287111 0.346103 -0.222853 0.338896 -0.165411 0.334583 -0.1105 0.330657 -0.0546401 0.326964 -0.000106595 0.325126 0.0538454 0.324103 
4.129 -0.183016 -0.31545 -0.123432 -0.312903 -0.0692478 -0.31041 -0.0166263 -0.30978 0.037498 -0.310911 0.091401 -0.312311 0.145616 -0.314867 
4.156 -0.167265 -0.365443 -0.108008 -0.362857 -0.053953 -0.360389 -0.0013678 -0.35999 0.0528126 -0.361494 0.106858 -0.363333 0.161321 -0.366475 
4.105 -0.129599 -0.0360362 -0.0711125 -0.0364376 -0.0177531 -0.0360163 0.0343822 -0.036378 0.0886056 -0.0377032 0.142999 -0.0384423 0.198246 -0.0394928 
4.227 -0.0802904 -0.142186 -0.0222675 -0.142392 0.0310581 -0.14209 0.0834855 -0.143107 0.138298 -0.145428 0.193532 -0.147493 0.249915 -0.150198 
4.129 -0.185755 -0.33531 -0.126128 -0.33252 -0.0718929 -0.32989 -0.0192369 -0.329104 0.034894 -0.33019 0.0887864 -0.331568 0.142989 -0.334145 
4.234 -0.122065 -0.381194 -0.0634826 -0.379589 -0.00980618 -0.378097 0.0427798 -0.378647 0.0972059 -0.38121 0.151778 -0.384156 0.207062 -0.388419 
1.244 0.216244 0.194754 0.278143 0.195874 0.336944 0.198637 0.396628 0.201231 0.460995 0.203589 0.52732 0.207475 0.596294 0.211873 
0.864 -0.0843994 0.378291 -0.0249093 0.374501 0.0294562 0.373381 0.0826819 0.372696 0.138112 0.372325 0.193556 0.373916 0.249668 0.376435 
4.156 -0.167265 -0.348322 -0.107992 -0.345849 -0.053963 -0.343498 -0.00139363 -0.343116 0.0527759 -0.344586 0.106827 -0.346405 0.161281 -0.349402 
0.805 -0.311081 0.396781 -0.245636 0.387739 -0.187543 0.381947 -0.132082 0.376836 -0.0758016 0.372055 -0.0211142 0.369299 0.0330086 0.367391 
4.18 -0.111793 -0.143556 -0.0533242 -0.143411 7.14699e-05 -0.142672 0.0522521 -0.14335 0.106473 -0.14524 0.161218 -0.147011 0.216968 -0.149411 
3.311 -0.299438 0.152979 -0.235543 0.149513 -0.178446 0.147852 -0.123973 0.146049 -0.06883 0.143918 -0.0150339 0.143052 0.0382969 0.1425 
4.207 -0.0645391 -0.032612 -0.00680587 -0.0333511 0.0464571 -0.0331559 0.0989795 -0.0337941 0.154132 -0.0354408 0.210005 -0.0364739 0.267104 -0.037858 
4.25 -0.104945 -0.301068 -0.0465166 -0.300231 0.00702873 -0.299322 0.0595905 -0.300164 0.11413 -0.302866 0.168941 -0.305784 0.224603 -0.309797 
4.105 -0.196713 -0.317504 -0.136752 -0.314703 -0.0823707 -0.312004 -0.0296434 -0.311132 0.0244634 -0.312087 0.0782893 -0.313279 0.132291 -0.31564 
4.16 -0.162471 -0.293535 -0.103222 -0.291585 -0.0492929 -0.289602 0.0032202 -0.289385 0.0573501 -0.290919 0.111427 -0.292656 0.1659 -0.295491 
0.844 -0.16795 0.533064 -0.106632 0.525103 -0.0511232 0.520666 0.00270168 0.517101 0.0582536 0.514149 0.113129 0.513643 0.168087 0.514411 
3.996 -0.243282 -0.173004 -0.181987 -0.170916 -0.126827 -0.168509 -0.0737223 -0.167537 -0.019562 -0.16782 0.0338435 -0.168067 0.0872666 -0.169187 
1.378 0.000520477 0.239269 0.0589567 0.238123 0.11316 0.238973 0.166982 0.239872 0.223653 0.24072 0.281095 0.243027 0.33988 0.245864 
4.133 -0.180962 -0.363389 -0.121384 -0.360531 -0.067147 -0.35785 -0.0144911 -0.357231 0.0396179 -0.35846 0.0935575 -0.360072 0.147812 -0.362949 
4.066 -0.181646 -0.108629 -0.121895 -0.107905 -0.0679003 -0.106686 -0.0155674 -0.106697 0.0383226 -0.107851 0.0919399 -0.108801 0.145955 -0.110244 
1.451 -0.2515 0.285153 -0.189009 0.279902 -0.132922 0.277065 -0.0791105 0.274352 -0.0239947 0.271725 0.0299713 0.270812 0.0838017 0.270495 
3.906 0.147076 0.0105328 0.207299 0.00939862 0.26446 0.00937714 0.322126 0.00873138 0.383843 0.00708805 0.447548 0.00630327 0.51393 0.00542189 
4.18 -0.152198 -0.365443 -0.0931915 -0.363167 -0.039286 -0.361054 0.0132199 -0.360948 0.0674614 -0.362753 0.121662 -0.364953 0.176426 -0.36842 
3.451 0.10941 0.0680592 0.168677 0.0676823 0.224507 0.0681711 0.280781 0.0683935 0.340681 0.0679024 0.402104 0.0682671 0.465814 0.0689839 
4.105 -0.200137 -0.299699 -0.140167 -0.29702 -0.0857512 -0.29436 -0.0330483 -0.2935 0.021058 -0.294367 0.0748474 -0.295477 0.128859 -0.297694 
1.055 -0.332311 0.303643 -0.266675 0.296736 -0.208286 0.292523 -0.152726 0.288565 -0.0964561 0.284722 -0.0417457 0.282532 0.0121166 0.281144 
3.428 0.0820162 0.0680592 0.140648 0.0673478 0.195916 0.0679639 0.25137 0.0681298 0.310372 0.0675319 0.370576 0.0679092 0.432872 0.0684424 
0.789 -0.299438 0.435132 -0.234504 0.425644 -0.176454 0.419335 -0.121187 0.41398 -0.0648319 0.408891 -0.0100126 0.406064 0.0441314 0.404279 
4.211 -0.130968 -0.290796 -0.0722969 -0.289506 -0.018586 -0.288097 0.0338469 -0.288459 0.0882022 -0.290606 0.142598 -0.292942 0.19772 -0.296338 
4.109 -0.198082 -0.352431 -0.138127 -0.349304 -0.083742 -0.346354 -0.0309229 -0.345378 0.023133 -0.346273 0.0769917 -0.347501 0.131007 -0.350008 
4.32 -0.0309821 -0.162731 0.0266479 -0.163637 0.0802009 -0.163871 0.133241 -0.165522 0.189136 -0.168629 0.245617 -0.17145 0.303506 -0.174946 
4.133 -0.180962 -0.38051 -0.121352 -0.37747 -0.0671078 -0.374683 -0.0144292 -0.374003 0.0396929 -0.375257 0.0936397 -0.376883 0.147889 -0.37994 
1.159 -0.322723 0.278989 -0.257909 0.272957 -0.200269 0.269476 -0.145106 0.266034 -0.089172 0.262711 -0.034756 0.260944 0.0189601 0.259886 
4.156 -0.165895 -0.38051 -0.106605 -0.377856 -0.0525677 -0.375399 3.60242e-05 -0.375019 0.0541939 -0.376599 0.10826 -0.378573 0.162724 -0.381942 
1.392 0.00873853 0.222832 0.067103 0.221796 0.121349 0.222745 0.175327 0.223688 0.232148 0.224424 0.289853 0.226672 0.348929 0.22938 
0.84 -0.505575 0.3598 -0.431695 0.348743 -0.366722 0.34085 -0.306007 0.333462 -0.245198 0.326466 -0.18737 0.321271 -0.131216 0.317 
1.593 -0.316559 0.224202 -0.251969 0.219448 -0.194468 0.216903 -0.139625 0.214326 -0.0839695 0.211627 -0.0298595 0.210433 0.0236236 0.20976 
4.242 -0.0823449 -0.170264 -0.0242381 -0.170308 0.0290132 -0.169942 0.0814744 -0.17098 0.136229 -0.173459 0.191526 -0.175765 0.247766 -0.178802 
0.854 -0.069333 0.383085 -0.00994273 0.379526 0.0444196 0.378563 0.0977743 0.378185 0.153432 0.378068 0.209106 0.379961 0.265614 0.38277 
4.113 -0.200137 -0.367498 -0.14017 -0.36419 -0.0857348 -0.361085 -0.0329053 -0.360069 0.0211566 -0.360888 0.0750227 -0.362138 0.129037 -0.364672 
1.887 0.119682 0.15024 0.179266 0.150416 0.235521 0.152161 0.29209 0.153587 0.35254 0.154584 0.414487 0.157002 0.478945 0.159706 
4.109 -0.151513 -0.109999 -0.0926454 -0.109692 -0.0389761 -0.108708 0.0131223 -0.108888 0.067214 -0.11025 0.121149 -0.111392 0.175827 -0.113056 
0.888 -0.159732 0.522107 -0.0985528 0.514456 -0.0431985 0.510468 0.010473 0.507267 0.0659961 0.504629 0.120853 0.504442 0.175789 0.505487 
4.066 -0.187125 -0.142186 -0.127235 -0.141082 -0.0730887 -0.13955 -0.0207298 -0.139322 0.0331558 -0.140402 0.0868063 -0.141308 0.14074 -0.142892 
4.102 -0.201507 -0.33531 -0.141564 -0.332256 -0.0871163 -0.329417 -0.0343869 -0.328413 0.0197593 -0.329301 0.0735559 -0.330453 0.127575 -0.332837 
4.211 -0.0665936 -0.0586358 -0.00889913 -0.0593343 0.0443494 -0.0591325 0.0968449 -0.0598911 0.151991 -0.0616975 0.20776 -0.0630196 0.264772 -0.0646922 
3.969 -0.262457 -0.174373 -0.200672 -0.172106 -0.145064 -0.169488 -0.0917735 -0.168301 -0.0374424 -0.168371 0.0159746 -0.168437 0.0692722 -0.169307 
0.928 -0.366553 0.333776 -0.299194 0.325546 -0.239518 0.32026 -0.183039 0.315277 -0.125882 0.31056 -0.0705751 0.307677 -0.0162919 0.305541 
1.646 0.133379 0.169415 0.193245 0.169729 0.249896 0.171684 0.306829 0.173279 0.367695 0.174574 0.430183 0.177276 0.495165 0.18044 
1.66 0.0847555 0.123531 0.143536 0.123114 0.198876 0.124276 0.254454 0.125092 0.313504 0.125311 0.373912 0.12677 0.436306 0.128585 
0.841 -0.482975 0.3598 -0.410236 0.349064 -0.346287 0.341492 -0.28623 0.334535 -0.226194 0.327899 -0.168834 0.32305 -0.113114 0.319062 
0.869 -0.4412 0.348158 -0.370445 0.338358 -0.308152 0.331636 -0.249423 0.325469 -0.190542 0.319491 -0.13399 0.315415 -0.0790239 0.31207 
4.254 -0.104945 -0.331201 -0.0465105 -0.330236 0.00705549 -0.329259 0.0596182 -0.330137 0.114205 -0.332898 0.169025 -0.33599 0.224695 -0.340253 
4.242 -0.0672785 -0.136022 -0.00941594 -0.136381 0.0438838 -0.136204 0.0963762 -0.137232 0.151395 -0.139674 0.207062 -0.141824 0.263788 -0.14457 
0.853 -0.466539 0.352267 -0.394508 0.341973 -0.331234 0.334826 -0.271703 0.328252 -0.212067 0.322017 -0.155028 0.317599 -0.0995524 0.313822 
1.376 0.00394467 0.255705 0.0624388 0.254576 0.116741 0.255579 0.170657 0.256636 0.22745 0.257574 0.284989 0.26013 0.343884 0.263332 
4.18 -0.119326 -0.172319 -0.0608475 -0.171861 -0.00740277 -0.17099 0.0448575 -0.171501 0.0991558 -0.173509 0.153639 -0.175345 0.209081 -0.17797 
2.838 0.114888 0.123531 0.174235 0.123471 0.230305 0.125 0.28662 0.126048 0.346663 0.126616 0.40828 0.128337 0.472133 0.130442 
4.152 -0.133023 -0.144925 -0.0743357 -0.144483 -0.02083 -0.143583 0.0313334 -0.143938 0.0854714 -0.145629 0.139802 -0.147164 0.194801 -0.14935 
1.187 -0.302178 0.267347 -0.238147 0.26187 -0.180861 0.258586 -0.126194 0.255574 -0.0704578 0.252465 -0.0162138 0.251033 0.0374316 0.250337 
3.928 -0.279578 -0.16958 -0.217209 -0.167173 -0.161174 -0.164416 -0.107514 -0.163094 -0.0530804 -0.16302 0.000406198 -0.162955 0.0536324 -0.163658 
0.812 -0.149459 0.531694 -0.0885386 0.524367 -0.0332369 0.520519 0.0204176 0.517573 0.0759223 0.515187 0.130854 0.515253 0.185925 0.516632 
0.825 -0.429558 0.362539 -0.359289 0.352389 -0.297528 0.345408 -0.239138 0.338983 -0.180589 0.332894 -0.124281 0.328687 -0.0694508 0.325295 
3.984 -0.2289 -0.0867141 -0.167926 -0.0859687 -0.112977 -0.0845677 -0.0602498 -0.0843203 -0.00630257 -0.0850688 0.0469794 -0.0854925 0.100438 -0.0864014 
1.359 0.233365 0.157773 0.295915 0.158747 0.35543 0.161123 0.415881 0.163423 0.481194 0.165166 0.548822 0.168449 0.619107 0.172043 
0.814 -0.448048 0.368703 -0.376859 0.358131 -0.31417 0.350757 -0.255141 0.344002 -0.195966 0.337587 -0.13921 0.333058 -0.0840112 0.329386 
1.3 0.223778 0.174894 0.285897 0.175976 0.345081 0.178603 0.40515 0.181057 0.469968 0.183238 0.537009 0.186825 0.606526 0.190782 
1.372 -0.00495822 0.215299 0.0532441 0.214084 0.107407 0.21496 0.16104 0.21561 0.217636 0.216254 0.274804 0.218091 0.333411 0.220541 
1.312 0.210081 0.174209 0.271805 0.175221 0.330427 0.177757 0.389883 0.180101 0.453806 0.182138 0.520065 0.185573 0.588734 0.189454 
0.948 -0.324777 0.337885 -0.259268 0.33027 -0.201008 0.325481 -0.145525 0.321166 -0.0892672 0.31707 -0.0345021 0.314708 0.019405 0.313184 
0.989 -0.435036 0.322819 -0.365379 0.314301 -0.303885 0.308582 -0.245851 0.303341 -0.18743 0.298167 -0.131271 0.29475 -0.0765083 0.292015 
1.47 0.161457 0.242693 0.221981 0.243867 0.279148 0.246873 0.336842 0.249794 0.398604 0.252631 0.462245 0.25723 0.528131 0.262379 
0.85 -0.409697 0.353636 -0.340427 0.344094 -0.279338 0.337665 -0.221659 0.331776 -0.163575 0.326191 -0.107663 0.322397 -0.0529933 0.319444 
4.109 -0.157677 -0.12712 -0.0986322 -0.126477 -0.0448984 -0.125341 0.00725202 -0.125412 0.0612339 -0.126788 0.115205 -0.127954 0.169798 -0.129701 
1.666 0.0813313 0.105725 0.14004 0.105278 0.195312 0.106118 0.250842 0.106818 0.309832 0.10678 0.370137 0.107879 0.432475 0.109072 
1.106 -0.335735 0.288577 -0.270306 0.282109 -0.212117 0.278204 -0.156606 0.274525 -0.100319 0.270929 -0.0457193 0.26894 0.00812258 0.267683 
0.815 -0.493248 0.370757 -0.420007 0.359497 -0.355578 0.351548 -0.295099 0.34415 -0.234705 0.337238 -0.177072 0.332062 -0.121085 0.327878 
4.219 -0.103575 -0.183961 -0.0452848 -0.183704 0.00809946 -0.183032 0.0604159 -0.183807 0.114938 -0.186084 0.169781 -0.18825 0.225471 -0.191099 
1.776 0.0655801 0.0735379 0.123981 0.072805 0.178719 0.0733717 0.233651 0.0735412 0.291937 0.0729292 0.351419 0.0733277 0.412708 0.0739225 
3.959 -0.235749 -0.0483632 -0.174405 -0.0481625 -0.119577 -0.0471788 -0.0666839 -0.0470972 -0.0125829 -0.0479151 0.0406766 -0.0482175 0.0940754 -0.0489425 
3.871 -0.241227 0.013957 -0.179872 0.0130297 -0.124747 0.0133433 -0.0718636 0.0130581 -0.0177196 0.0119889 0.0355878 0.0117742 0.0889076 0.0115157 
0.877 -0.389152 0.342679 -0.320708 0.333751 -0.260311 0.327769 -0.203078 0.322311 -0.145363 0.317063 -0.0897183 0.313569 -0.0352268 0.310951 
4.277 -0.0398849 -0.118902 0.0179571 -0.119707 0.0713041 -0.119823 0.124146 -0.121127 0.179794 -0.123718 0.236205 -0.125978 0.293765 -0.128727 
4.203 -0.137817 -0.357225 -0.0790521 -0.355354 -0.0252541 -0.353558 0.0272567 -0.35374 0.0815565 -0.355923 0.135909 -0.358411 0.190901 -0.362189 
3.996 -0.23164 -0.120956 -0.170426 -0.119713 -0.115556 -0.117944 -0.0627431 -0.117412 -0.00866531 -0.118046 0.0446942 -0.118493 0.0980882 -0.119526 
0.901 -0.406273 0.339255 -0.337143 0.330267 -0.276227 0.32432 -0.218634 0.318861 -0.160699 0.313588 -0.104731 0.310034 -0.0502437 0.307301 
0.826 -0.554198 0.420066 -0.47869 0.407025 -0.412138 0.397174 -0.34968 0.388014 -0.287352 0.379278 -0.228266 0.372555 -0.171107 0.366883 
1.479 -0.259718 0.268717 -0.196992 0.263469 -0.140714 0.260592 -0.086633 0.258037 -0.0314232 0.255493 0.0226291 0.254595 0.076437 0.254356 
2.434 -0.285057 0.163252 -0.221761 0.159666 -0.16521 0.157958 -0.111079 0.156164 -0.0560676 0.154088 -0.00229478 0.153374 0.0510879 0.152891 
1.667 0.0888645 0.141337 0.147763 0.141158 0.203323 0.142489 0.259026 0.143534 0.318166 0.144016 0.378758 0.145745 0.441371 0.147842 
0.825 -0.182331 0.533064 -0.120781 0.524951 -0.0650469 0.520214 -0.0111889 0.516423 0.0443498 0.513237 0.0991257 0.512498 0.153867 0.513037 
4.203 -0.0898781 -0.116847 -0.0318941 -0.117042 0.0213797 -0.116677 0.0736916 -0.117369 0.128286 -0.119415 0.183377 -0.121144 0.239413 -0.123442 
4.223 -0.122065 -0.260663 -0.0634237 -0.259703 -0.00978595 -0.258554 0.0426576 -0.259117 0.0970491 -0.261481 0.151664 -0.263875 0.206909 -0.267323 
4.141 -0.117272 -0.0593206 -0.0588085 -0.0596205 -0.00547052 -0.0591162 0.0466297 -0.0596671 0.100866 -0.0611522 0.155367 -0.062195 0.210747 -0.063687 
4.297 -0.0248185 -0.116847 0.0328674 -0.117746 0.0863956 -0.117982 0.139438 -0.119374 0.19538 -0.122062 0.252248 -0.12438 0.310335 -0.127241 
1.473 0.0368169 0.244062 0.0953943 0.24354 0.149984 0.244798 0.204429 0.246208 0.261906 0.247324 0.320487 0.250238 0.380499 0.253659 
3.938 -0.279578 -0.183276 -0.217205 -0.180678 -0.161148 -0.177735 -0.10752 -0.176265 -0.0530118 -0.17615 0.000514625 -0.176011 0.0537429 -0.17676 
4.078 -0.158362 -0.0682235 -0.0993444 -0.0682238 -0.0456777 -0.0674355 0.00649972 -0.0676484 0.0605463 -0.0688468 0.114515 -0.0696412 0.169207 -0.0708237 
4.246 -0.105629 -0.268881 -0.0472347 -0.268185 0.00629976 -0.267313 0.0587803 -0.268154 0.113326 -0.270753 0.168167 -0.27339 0.223857 -0.277263 
4.285 -0.022764 -0.091508 0.0347838 -0.092477 0.0883048 -0.0926226 0.141451 -0.0938806 0.197484 -0.0963174 0.254262 -0.098333 0.312544 -0.100727 
0.861 -0.135762 0.528955 -0.0750398 0.522007 -0.0199091 0.518504 0.0336466 0.515861 0.0891783 0.513786 0.144126 0.514205 0.199329 0.515792 
1.107 -0.310396 0.287892 -0.246037 0.281775 -0.188594 0.278212 -0.13365 0.274834 -0.0778344 0.27144 -0.0233696 0.269798 0.0303315 0.268875 
0.803 -0.469963 0.372812 -0.397689 0.361825 -0.334244 0.35406 -0.274598 0.34695 -0.214984 0.34019 -0.157808 0.335257 -0.102309 0.33127 
1.751 0.103931 0.0927133 0.162954 0.0921752 0.218709 0.0931655 0.27479 0.0937522 0.334483 0.0936281 0.395721 0.0944927 0.458979 0.0956838 
4.379 0.0833858 -0.0285029 0.142065 -0.0298905 0.197339 -0.0302048 0.253047 -0.0314271 0.312284 -0.0337247 0.372868 -0.0351542 0.435647 -0.036998 
0.966 -0.343953 0.328982 -0.277822 0.321195 -0.219082 0.316307 -0.163241 0.311798 -0.106648 0.307517 -0.0517985 0.305 0.00227002 0.30322 
1.289 0.238159 0.174209 0.300739 0.17539 0.360424 0.178065 0.421078 0.180632 0.486527 0.182775 0.55434 0.186411 0.624681 0.19041 
1.645 0.08681 0.240638 0.145999 0.24077 0.201574 0.242919 0.257264 0.245006 0.316399 0.246873 0.376956 0.2506 0.439412 0.254708 
1.359 -0.0111218 0.261868 0.0473453 0.260544 0.101673 0.261247 0.15533 0.262097 0.211852 0.262899 0.26893 0.265338 0.327429 0.268348 
0.879 -0.337105 0.360485 -0.270757 0.352073 -0.21199 0.346558 -0.15603 0.341647 -0.0993258 0.337 -0.0443267 0.33418 0.00987208 0.332301 
3.701 -0.378195 -0.0305575 -0.311954 -0.0301503 -0.253065 -0.0288561 -0.197129 -0.0283845 -0.140911 -0.0287317 -0.0865926 -0.0285553 -0.0332423 -0.0287534 
4.383 0.0354472 -0.123695 0.0934377 -0.125227 0.147719 -0.126234 0.202025 -0.128262 0.259502 -0.131621 0.318049 -0.13456 0.378361 -0.138124 
3.771 -0.361759 -0.12438 -0.296371 -0.121979 -0.238078 -0.119195 -0.182688 -0.117576 -0.126889 -0.116902 -0.0727126 -0.116225 -0.0194613 -0.116014 
0.749 -0.0323517 0.453623 0.0268116 0.450248 0.0813674 0.449814 0.134982 0.449974 0.19118 0.450516 0.247586 0.453285 0.304927 0.457196 
3.824 -0.338474 -0.155198 -0.274041 -0.152404 -0.216334 -0.149273 -0.161445 -0.147366 -0.106056 -0.146678 -0.0521085 -0.145906 0.00104552 -0.145884 
3.727 -0.371346 -0.070278 -0.305508 -0.0689329 -0.246804 -0.0669525 -0.191056 -0.0659261 -0.134983 -0.0657282 -0.080684 -0.0653578 -0.0273498 -0.0653222 
0.853 -0.043994 0.389933 0.0151292 0.386996 0.0694346 0.386484 0.122866 0.386549 0.178892 0.386901 0.235056 0.389373 0.292237 0.392758 
4.203 -0.094672 -0.142871 -0.0365402 -0.14296 0.0167308 -0.142462 0.069042 -0.143292 0.123589 -0.145426 0.178596 -0.147377 0.23453 -0.149936 
1.688 0.101192 0.159143 0.160478 0.159172 0.216345 0.160725 0.272419 0.162023 0.332094 0.16286 0.393273 0.165086 0.456631 0.167684 
3.725 -0.363813 -0.0353513 -0.298223 -0.0349606 -0.239678 -0.0336465 -0.184078 -0.033278 -0.128109 -0.0335374 -0.0740195 -0.033449 -0.020755 -0.0336116 
0.747 -0.014546 0.452938 0.0445736 0.450136 0.0991561 0.450291 0.1529 0.4508 0.209373 0.451921 0.266078 0.455074 0.323827 0.459375 
1.608 0.0737981 0.179688 0.132549 0.179405 0.187803 0.18087 0.243052 0.18212 0.301744 0.182977 0.361694 0.185289 0.423588 0.187956 
3.934 -0.205616 0.013957 -0.145215 0.0131995 -0.0907491 0.013529 -0.0382229 0.013261 0.0157368 0.012197 0.0691559 0.0118905 0.122862 0.011414 
3.752 -0.370662 -0.101781 -0.312738 -0.100466 -0.2539 -0.0978708 -0.198029 -0.0964199 -0.14182 -0.0958827 -0.0874199 -0.0951935 -0.0340548 -0.0951149 
0.786 -0.31245 0.441981 -0.247113 0.432215 -0.188884 0.425806 -0.133462 0.420187 -0.077033 0.414998 -0.02234 0.411994 0.0317811 0.410013 
1.63 0.078592 0.162567 0.137331 0.162311 0.192604 0.163772 0.247921 0.164966 0.306668 0.165778 0.366728 0.167933 0.428689 0.170391 
1.201 0.231311 0.214614 0.29351 0.216112 0.352862 0.219272 0.413055 0.222298 0.477753 0.225108 0.544492 0.229427 0.614115 0.234371 
0.783 -0.381619 0.400205 -0.313427 0.389743 -0.252953 0.382623 -0.195835 0.376249 -0.138179 0.370127 -0.0824308 0.366142 -0.0278003 0.363157 
1.028 -0.410382 0.306383 -0.341847 0.298634 -0.281258 0.293593 -0.223932 0.288875 -0.166226 0.284319 -0.110593 0.281331 -0.0562165 0.279104 
4.203 -0.122065 -0.190809 -0.0635179 -0.190267 -0.0100342 -0.189367 0.042269 -0.189972 0.0965312 -0.192036 0.151131 -0.194136 0.206343 -0.196866 
4.387 0.0347624 -0.146295 0.0927645 -0.147945 0.147052 -0.14896 0.201346 -0.151247 0.258773 -0.154869 0.317285 -0.158109 0.377557 -0.162086 
3.85 -0.339844 -0.199712 -0.27554 -0.196195 -0.218038 -0.192363 -0.163216 -0.190118 -0.107779 -0.189026 -0.0538098 -0.187974 -0.000513217 -0.187926 
1.292 -0.277524 0.270086 -0.21439 0.264782 -0.157758 0.261878 -0.103581 0.259037 -0.0482286 0.256351 0.00586705 0.25522 0.0596661 0.254868 
3.717 -0.375455 -0.0545268 -0.309409 -0.053666 -0.250556 -0.0519481 -0.194769 -0.051247 -0.138587 -0.0513092 -0.0842531 -0.0509334 -0.0309261 -0.0510859 
1.673 0.0943432 0.192015 0.15347 0.192118 0.209076 0.193818 0.264961 0.1955 0.324205 0.196806 0.385066 0.199682 0.447847 0.202884 
4.332 -0.0172853 -0.166155 0.0404429 -0.167186 0.0940463 -0.167709 0.147303 -0.169487 0.203471 -0.172827 0.26047 -0.175879 0.318901 -0.179626 
3.738 -0.35628 -0.0545268 -0.290946 -0.053557 -0.232603 -0.0520356 -0.177207 -0.0512383 -0.121491 -0.0514104 -0.0673343 -0.0511115 -0.0141432 -0.0512456 
4.027 -0.215888 -0.147665 -0.155339 -0.146231 -0.100631 -0.144363 -0.047942 -0.143817 0.00595922 -0.144517 0.0594363 -0.145105 0.113051 -0.146433 
3.832 -0.374771 -0.27162 -0.309201 -0.266001 -0.250718 -0.260825 -0.195259 -0.257411 -0.139293 -0.255273 -0.084793 -0.253597 -0.0312417 -0.252746 
1.036 -0.351486 0.309122 -0.285042 0.301708 -0.226251 0.296999 -0.170111 0.292652 -0.113494 0.288397 -0.0585362 0.28589 -0.00442997 0.284131 
3.984 0.027914 0.0153267 0.0859334 0.0143227 0.14017 0.0144225 0.194362 0.0139409 0.251975 0.0125515 0.310769 0.0120068 0.370924 0.011323 
3.795 -0.372031 -0.196973 -0.306514 -0.193098 -0.248018 -0.188936 -0.192458 -0.186329 -0.136425 -0.184896 -0.0821006 -0.183504 -0.0286088 -0.18317 
1.701 0.08681 0.0913437 0.145616 0.0908663 0.200983 0.0916492 0.256658 0.092195 0.315809 0.0919787 0.376253 0.0928566 0.438771 0.0938781 
0.855 -0.194658 0.522791 -0.132535 0.51442 -0.0766301 0.509485 -0.0227023 0.505365 0.0330007 0.501936 0.0875877 0.500827 0.141982 0.500944 
3.799 -0.363128 -0.175058 -0.297758 -0.171488 -0.239381 -0.167902 -0.183986 -0.165488 -0.128071 -0.164283 -0.0738092 -0.163121 -0.0204505 -0.162751 
1.512 -0.244651 0.262553 -0.18261 0.257969 -0.126828 0.255636 -0.0731607 0.253409 -0.0182114 0.251265 0.0358314 0.250759 0.0896783 0.250844 
0.794 -0.344638 0.391303 -0.277964 0.38189 -0.218832 0.375607 -0.162658 0.369987 -0.10579 0.364729 -0.0505434 0.361363 0.00365358 0.358929 
3.986 -0.189864 0.00916313 -0.129903 0.00843808 -0.0758758 0.00872407 -0.0235753 0.00847536 0.0304022 0.00735042 0.0839808 0.00703839 0.137842 0.00643594 
3.996 -0.219312 -0.070278 -0.158485 -0.0698281 -0.103828 -0.0686072 -0.0511754 -0.068477 0.0027633 -0.0692785 0.056136 -0.0697421 0.109618 -0.0706315 
1.235 -0.298754 0.251596 -0.234925 0.246438 -0.177861 0.243646 -0.123226 0.240864 -0.067795 0.238071 -0.0135503 0.23682 0.0399992 0.236134 
1.576 0.0696891 0.230366 0.128552 0.230338 0.183937 0.232144 0.239041 0.233919 0.297678 0.235415 0.357382 0.238711 0.419123 0.242415 
3.854 -0.349432 -0.231215 -0.284892 -0.226988 -0.227255 -0.222818 -0.172268 -0.220125 -0.116719 -0.218762 -0.0626435 -0.217548 -0.00928482 -0.217241 
3.816 -0.373401 -0.238063 -0.30783 -0.233326 -0.249425 -0.228698 -0.193885 -0.225681 -0.137911 -0.22404 -0.083546 -0.222427 -0.0299901 -0.221814 
1.398 -0.272045 0.237899 -0.208973 0.23314 -0.152555 0.230714 -0.0984835 0.228204 -0.0433366 0.225707 0.0105603 0.224826 0.064184 0.224528 
3.723 -0.35491 -0.00795781 -0.289553 -0.00813458 -0.231181 -0.00712856 -0.175787 -0.0071485 -0.120006 -0.00777427 -0.0658962 -0.00781185 -0.012747 -0.00823486 
1.234 -0.0878236 0.311861 -0.0287133 0.308917 0.025447 0.308163 0.0785217 0.30778 0.133826 0.307534 0.189241 0.309098 0.24538 0.311347 
1.411 -0.200822 0.249541 -0.139912 0.245447 -0.0848035 0.243658 -0.0317221 0.241995 0.0228431 0.240323 0.0771466 0.240271 0.131247 0.240787 
4.422 0.0450349 -0.177798 0.103272 -0.179755 0.157775 -0.181205 0.212299 -0.183844 0.270007 -0.188058 0.328911 -0.192023 0.389692 -0.196803 
3.785 -0.363813 -0.150404 -0.298466 -0.147539 -0.240137 -0.144367 -0.184674 -0.142441 -0.128819 -0.141485 -0.0746557 -0.140498 -0.0213121 -0.140354 
3.977 -0.222052 -0.0476784 -0.160889 -0.0475076 -0.106154 -0.0465825 -0.0535725 -0.0465566 0.000352653 -0.0473842 0.0536741 -0.0478105 0.107247 -0.0485883 
0.985 -0.37888 0.319395 -0.311327 0.311427 -0.251542 0.306168 -0.194894 0.301236 -0.1377 0.296389 -0.0824642 0.293568 -0.0282888 0.291127 
3.863 -0.350116 -0.253815 -0.28553 -0.24908 -0.227849 -0.244509 -0.172887 -0.241572 -0.117405 -0.240061 -0.0632301 -0.238713 -0.00978478 -0.238425 
3.852 -0.340529 -0.214094 -0.27611 -0.210195 -0.218568 -0.2063 -0.163751 -0.203886 -0.108365 -0.202694 -0.0543408 -0.201714 -0.00104348 -0.201532 
4.273 -0.0124914 -0.0401452 0.0451605 -0.0411418 0.0987903 -0.041176 0.152185 -0.0420619 0.208607 -0.0439859 0.265976 -0.0452763 0.32475 -0.0468647 
4.41 0.027914 -0.21067 0.0860133 -0.212366 0.140219 -0.213693 0.194377 -0.216468 0.251447 -0.221016 0.309641 -0.225301 0.369577 -0.230496 
3.941 -0.219312 0.00573894 -0.158562 0.00511952 -0.103937 0.00550758 -0.0513208 0.00526373 0.00261048 0.00424525 0.055999 0.00397318 0.109551 0.00343852 
4.07 -0.150144 -0.0216546 -0.0913662 -0.022159 -0.0377349 -0.0216682 0.0143508 -0.0219526 0.0683569 -0.0231482 0.122369 -0.0237922 0.177132 -0.0247004 
3.73 -0.355595 -0.0243939 -0.290231 -0.0240935 -0.231866 -0.0229474 -0.176531 -0.0226155 -0.120741 -0.0229685 -0.0666454 -0.0229383 -0.0134645 -0.0231524 
4.445 0.0464046 -0.194919 0.104637 -0.197177 0.159215 -0.198605 0.213753 -0.201408 0.271452 -0.205933 0.330357 -0.210189 0.391184 -0.215278 
0.797 -0.429558 0.378291 -0.359242 0.367807 -0.297344 0.360661 -0.2389 0.353991 -0.180159 0.347782 -0.123851 0.343366 -0.0689506 0.339872 
3.924 0.0669497 0.0125873 0.125492 0.0115247 0.180421 0.0116115 0.235753 0.0110267 0.294337 0.00955295 0.354134 0.00889373 0.416083 0.00810373 
4.184 -0.0843994 -0.0675387 -0.0265075 -0.0680147 0.0267372 -0.0677212 0.0789785 -0.0684564 0.133765 -0.0701549 0.189016 -0.0715341 0.24536 -0.073193 
3.639 0.0813313 0.013957 0.139964 0.0128863 0.19541 0.0129467 0.251074 0.0123148 0.310401 0.0107994 0.371077 0.0101244 0.433882 0.00924898 
1.44 0.201178 0.155034 0.262612 0.155542 0.321177 0.15786 0.380284 0.159488 0.443948 0.160899 0.509829 0.163769 0.578335 0.166973 
3.826 -0.358334 -0.209985 -0.293201 -0.205866 -0.235076 -0.201765 -0.179808 -0.199127 -0.124045 -0.197659 -0.0698169 -0.196367 -0.0164507 -0.195979 
4.414 0.0306533 -0.196288 0.0887634 -0.197998 0.142967 -0.19931 0.19727 -0.202038 0.254544 -0.206357 0.313029 -0.210431 0.373141 -0.215317 
4.121 -0.130968 -0.0764416 -0.0724442 -0.0765111 -0.0190529 -0.0758354 0.033071 -0.0762253 0.0872405 -0.0776889 0.141614 -0.0787687 0.196821 -0.080294 
1.409 -0.258348 0.237899 -0.195753 0.233428 -0.139758 0.231165 -0.0858035 0.228891 -0.0308398 0.226698 0.0230044 0.226086 0.0766139 0.225982 
0.786 -0.448048 0.383085 -0.376787 0.372148 -0.314078 0.364677 -0.255086 0.357574 -0.19594 0.35105 -0.13918 0.346403 -0.083994 0.342559 
1.4 0.010793 0.272141 0.0693907 0.271092 0.12373 0.271971 0.17783 0.273153 0.234747 0.274258 0.292604 0.277129 0.351688 0.28059 
3.826 -0.374086 -0.256554 -0.308551 -0.251251 -0.250118 -0.246373 -0.194641 -0.243012 -0.13867 -0.241073 -0.0842434 -0.239388 -0.0306687 -0.238704 
3.686 -0.378195 -0.00384879 -0.311952 -0.00406343 -0.252996 -0.0031734 -0.197045 -0.00313319 -0.140781 -0.00370864 -0.0863918 -0.00365747 -0.0330568 -0.00406012 
3.893 0.0525681 0.0187509 0.110856 0.0176911 0.165397 0.0178205 0.22024 0.0173125 0.278609 0.0159249 0.33811 0.0153531 0.399531 0.0146552 
1.425 -0.201507 0.235844 -0.14051 0.231928 -0.0854858 0.230194 -0.0323566 0.228586 0.0223074 0.226974 0.0763445 0.226928 0.130415 0.227353 
1.743 0.114204 0.21393 0.173873 0.214217 0.230191 0.216614 0.286585 0.218399 0.346823 0.220548 0.408684 0.223811 0.472796 0.227812 
4.363 0.0327078 -0.10589 0.0906576 -0.107488 0.145 -0.108223 0.19927 -0.110124 0.256767 -0.113311 0.315361 -0.116053 0.375666 -0.119315 
4.441 0.0450349 -0.2093 0.103316 -0.211414 0.157752 -0.213052 0.21224 -0.215976 0.269818 -0.220682 0.328631 -0.225281 0.389209 -0.230721 
4.273 -0.0761813 -0.18944 -0.0181794 -0.189515 0.0351462 -0.189177 0.0876791 -0.190323 0.142592 -0.193016 0.197979 -0.195561 0.254493 -0.19878 
4.082 -0.14535 -0.0421997 -0.0864971 -0.0424971 -0.0329131 -0.0419525 0.0191902 -0.0423059 0.0732396 -0.0435625 0.127243 -0.0442856 0.182029 -0.0454006 
0.807 -0.409012 0.374182 -0.339605 0.36407 -0.278471 0.357229 -0.220731 0.350894 -0.16258 0.345049 -0.106494 0.340995 -0.0516361 0.337664 
3.967 -0.223421 -0.0278181 -0.162549 -0.0279514 -0.107869 -0.0270979 -0.0552306 -0.0271925 -0.00124257 -0.0280761 0.0521319 -0.0284317 0.105622 -0.0291282 
4.395 0.0594165 -0.0826051 0.117684 -0.0842013 0.172455 -0.0850164 0.227367 -0.086825 0.285753 -0.0898466 0.345334 -0.0922924 0.406878 -0.0952571 
1.732 0.119682 0.248856 0.179573 0.249798 0.235896 0.252363 0.2925 0.254891 0.352823 0.257437 0.414866 0.261559 0.478776 0.26625 
4.355 -0.00153404 -0.192179 0.0562673 -0.193563 0.110115 -0.194473 0.163629 -0.196603 0.219951 -0.200352 0.277239 -0.203898 0.335948 -0.208196 
4.277 -0.0241337 -0.0689084 0.0333155 -0.0698552 0.0868761 -0.0699406 0.139988 -0.0710149 0.195975 -0.0732696 0.252781 -0.0749427 0.311126 -0.0770518 
4.227 0.00873853 0.0119025 0.0666296 0.0108999 0.1205 0.0110003 0.174192 0.0105379 0.23118 0.00911159 0.289263 0.00854555 0.348762 0.00784144 
4.555 0.0881797 -0.22916 0.14703 -0.232129 0.202341 -0.234409 0.257852 -0.238254 0.316881 -0.243748 0.377443 -0.249225 0.440165 -0.256108 
1.413 0.166251 0.165306 0.226806 0.165835 0.284191 0.167941 0.342093 0.169769 0.404155 0.171235 0.467948 0.174081 0.534419 0.177372 
1.469 -0.226846 0.254335 -0.165246 0.24989 -0.109618 0.24779 -0.0562218 0.245786 -0.0013925 0.243797 0.0524486 0.243438 0.106452 0.243657 
1.747 0.116258 0.181742 0.175776 0.181963 0.231871 0.183781 0.288307 0.185445 0.348417 0.186783 0.410294 0.189638 0.474308 0.192858 
0.737 -0.2289 0.52964 -0.166168 0.520322 -0.109736 0.514669 -0.0552493 0.509679 0.000610136 0.505443 0.0553044 0.503686 0.109724 0.503031 
3.994 -0.209725 -0.0312423 -0.149414 -0.0313482 -0.0948127 -0.0305045 -0.0423242 -0.0306308 0.0114337 -0.0315764 0.0649709 -0.0320109 0.118541 -0.0327689 
3.865 -0.341214 -0.242857 -0.276859 -0.238502 -0.219251 -0.234164 -0.164379 -0.231304 -0.108897 -0.229916 -0.0548142 -0.228667 -0.00147635 -0.22843 
4.156 -0.105629 -0.0675387 -0.0474602 -0.0679968 0.00582596 -0.0674511 0.0579848 -0.0680346 0.112429 -0.0695318 0.167274 -0.0707415 0.223128 -0.0722749 
4.355 0.0190111 -0.141501 0.0769494 -0.142981 0.131009 -0.143779 0.185059 -0.145862 0.242125 -0.149386 0.300296 -0.152506 0.360087 -0.156389 
3.969 -0.233009 -0.0668539 -0.171844 -0.0663882 -0.116919 -0.0651341 -0.0643007 -0.0649545 -0.0101 -0.0657132 0.0431953 -0.0660333 0.0963968 -0.0668256 
0.803 -0.324093 0.389933 -0.258201 0.380779 -0.199583 0.375034 -0.143776 0.369717 -0.0872435 0.36476 -0.0322598 0.361769 0.0217684 0.359697 
4.031 -0.177537 -0.0148062 -0.117822 -0.0152074 -0.0638959 -0.0147356 -0.0115727 -0.0150265 0.0423143 -0.016128 0.0959438 -0.016576 0.150021 -0.0173578 
0.786 -0.358334 0.399521 -0.291171 0.389525 -0.231827 0.382825 -0.175276 0.376791 -0.118129 0.371207 -0.0628579 0.36758 -0.00853799 0.364925 
4.16 -0.0891933 -0.0223394 -0.0311806 -0.0231537 0.022041 -0.0229288 0.0743412 -0.0233537 0.128983 -0.0248237 0.184248 -0.0254876 0.240536 -0.0265747 
0.831 -0.0172853 0.402945 0.0417014 0.400461 0.0961474 0.400506 0.149867 0.401044 0.206321 0.401958 0.263083 0.404954 0.321037 0.409287 
1.668 0.0950281 0.225572 0.154258 0.22592 0.209961 0.227717 0.265783 0.229709 0.325111 0.23142 0.38595 0.234811 0.448782 0.238632 
0.791 -0.394631 0.389933 -0.325876 0.379573 -0.265163 0.372501 -0.207649 0.366113 -0.149632 0.360023 -0.0939639 0.355961 -0.0391915 0.352645 
1.738 0.118997 0.233105 0.17873 0.233729 0.235116 0.236294 0.2916 0.238514 0.351869 0.240759 0.41393 0.244779 0.478107 0.249163 
4.074 -0.183701 -0.12712 -0.123911 -0.12624 -0.069838 -0.124921 -0.0174565 -0.124809 0.0364744 -0.125965 0.0901113 -0.126862 0.144153 -0.128402 
1.479 0.0402411 0.309807 0.0990529 0.309204 0.153872 0.310836 0.208387 0.312642 0.265973 0.314475 0.324482 0.318198 0.384443 0.322605 
4.543 0.0922887 -0.183961 0.151222 -0.186715 0.206726 -0.188895 0.262442 -0.192151 0.321708 -0.197367 0.38256 -0.202101 0.445755 -0.207612 
4.098 -0.152883 -0.0819203 -0.0938771 -0.0817543 -0.0402692 -0.0809475 0.0118898 -0.0811867 0.065877 -0.0825113 0.119845 -0.0834858 0.17446 -0.0849373 
1.559 0.155979 0.154349 0.216334 0.154712 0.273597 0.1567 0.331212 0.158193 0.393024 0.159412 0.456561 0.16194 0.522746 0.164718 
4.352 0.0217504 -0.114108 0.0795939 -0.115605 0.133677 -0.116241 0.187712 -0.118041 0.244875 -0.121142 0.303028 -0.123789 0.36287 -0.126969 
0.77 -0.302178 0.454992 -0.237113 0.444994 -0.179061 0.438464 -0.123627 0.432795 -0.0672087 0.427624 -0.0124407 0.424533 0.0416698 0.42258 
3.869 -0.348747 -0.27162 -0.28417 -0.266433 -0.226415 -0.261663 -0.171389 -0.258386 -0.115865 -0.256683 -0.0616492 -0.255297 -0.00817952 -0.254795 
0.936 -0.309711 0.341309 -0.244745 0.333863 -0.186939 0.329315 -0.131735 0.325176 -0.0756693 0.3212 -0.0211322 0.319064 0.0327464 0.317732 
1.237 0.236789 0.187906 0.299339 0.189182 0.359002 0.192066 0.419522 0.194732 0.485045 0.197237 0.552647 0.201207 0.622835 0.205523 
0.775 -0.39737 0.404314 -0.328429 0.393498 -0.267388 0.386037 -0.209767 0.37932 -0.151824 0.373004 -0.0958411 0.368728 -0.0411432 0.36537 
4.25 -0.0398849 -0.0415149 0.017777 -0.0424616 0.0710969 -0.042385 0.123874 -0.0432039 0.179552 -0.0449459 0.235927 -0.0461462 0.293682 -0.0475935 
3.396 0.0957129 0.0680592 0.15461 0.0674202 0.210102 0.0681215 0.26605 0.0682846 0.325429 0.067742 0.386483 0.0681638 0.449632 0.0686785 
4.363 -0.00290371 -0.215464 0.0549158 -0.216775 0.108756 -0.217742 0.16226 -0.22013 0.21854 -0.224127 0.275742 -0.227888 0.334467 -0.232642 
4.363 0.0594165 -0.0476784 0.117719 -0.049063 0.172504 -0.0494554 0.227437 -0.0507725 0.285802 -0.0531356 0.345379 -0.0548977 0.406942 -0.0568868 
1.62 0.0765375 0.198863 0.135314 0.19876 0.190622 0.200193 0.245866 0.201599 0.304593 0.202542 0.364555 0.205221 0.426405 0.208006 
0.785 -0.463799 0.385824 -0.392279 0.374751 -0.329195 0.36696 -0.269761 0.359751 -0.210164 0.352963 -0.153229 0.348057 -0.0978824 0.344145 
1.449 0.0251746 0.215299 0.0835627 0.214475 0.138119 0.21552 0.192306 0.216574 0.249628 0.217594 0.307793 0.219909 0.367519 0.222717 
0.827 -0.0412546 0.404314 0.0179162 0.401119 0.0722279 0.400839 0.125756 0.400843 0.181809 0.40127 0.237998 0.403819 0.295231 0.407295 
1.51 0.171045 0.150925 0.231847 0.151407 0.289446 0.153314 0.3476 0.154926 0.410056 0.156137 0.474418 0.15876 0.541339 0.161601 
4.188 -0.0912478 -0.0853445 -0.0332157 -0.0856527 0.0200033 -0.0852892 0.0722636 -0.085907 0.126912 -0.0878167 0.182095 -0.089218 0.238233 -0.0911462 
4.516 0.0881797 -0.162046 0.147021 -0.164598 0.202529 -0.166531 0.258122 -0.169526 0.317372 -0.174126 0.377905 -0.178487 0.440711 -0.183603 
0.749 -0.509684 0.42212 -0.43554 0.408856 -0.370288 0.399163 -0.30894 0.390243 -0.247751 0.381689 -0.189381 0.375324 -0.133012 0.369849 
1.318 0.192275 0.181057 0.253435 0.181918 0.311512 0.184287 0.370249 0.186417 0.433348 0.188302 0.49851 0.191629 0.56624 0.195303 
3.645 -0.369292 0.013957 -0.303446 0.0134299 -0.244828 0.0138604 -0.18906 0.0136738 -0.132889 0.0128265 -0.0787493 0.0125558 -0.0254807 0.0122615 
1.58 0.0690042 0.21256 0.127788 0.21234 0.183016 0.214067 0.238175 0.215517 0.296768 0.216788 0.356432 0.219764 0.418162 0.223138 
3.098 0.0470894 0.0673743 0.105313 0.0663743 0.159909 0.0671549 0.21459 0.0672313 0.272733 0.0665455 0.331986 0.0670521 0.393107 0.0674861 
1.71 0.102561 0.178318 0.16193 0.17842 0.217845 0.180139 0.273945 0.181674 0.333753 0.182889 0.395148 0.185609 0.458571 0.1887 
1.43 0.0224353 0.234475 0.0808867 0.233604 0.135334 0.234794 0.189659 0.235913 0.247046 0.237126 0.30523 0.23963 0.365025 0.242945 
1.521 0.049144 0.196809 0.107724 0.1965 0.162475 0.197645 0.217059 0.198985 0.275072 0.19965 0.333774 0.202124 0.394545 0.204705 
4.082 -0.149459 -0.0558965 -0.0906339 -0.0560593 -0.0370757 -0.0554051 0.0150145 -0.0556815 0.0690653 -0.05691 0.123038 -0.0576934 0.177847 -0.0587918 
3.307 0.0457198 0.039296 0.103959 0.0383614 0.158407 0.0387657 0.213261 0.0385308 0.271239 0.0375678 0.330619 0.0374234 0.391726 0.0373423 
3.391 0.0607862 0.0365566 0.119136 0.0355686 0.173948 0.0359744 0.229022 0.0357485 0.287459 0.0345512 0.347191 0.0344934 0.408885 0.034465 
4.539 0.0909191 -0.202452 0.149864 -0.205206 0.205281 -0.207653 0.260993 -0.210963 0.320158 -0.216167 0.380962 -0.221142 0.44401 -0.227462 
3.818 -0.331626 -0.135338 -0.267418 -0.13291 -0.209922 -0.130123 -0.155178 -0.128537 -0.0998956 -0.127995 -0.0460771 -0.127347 0.0070302 -0.127397 
4.238 -0.100151 -0.240118 -0.0416772 -0.239621 0.0116919 -0.23885 0.0640196 -0.239711 0.118606 -0.242213 0.173307 -0.244751 0.22905 -0.248235 
3.494 0.0874949 0.035187 0.146237 0.0342038 0.201807 0.0343971 0.257502 0.034227 0.317043 0.0330255 0.3779 0.0328658 0.440723 0.0328626 
1.382 0.168991 0.185851 0.22964 0.186537 0.287435 0.188891 0.3454 0.190926 0.407711 0.192648 0.472216 0.196062 0.538939 0.199759 
3.693 -0.350116 0.0160115 -0.285072 0.0153746 -0.226666 0.015746 -0.171552 0.0155635 -0.116073 0.014654 -0.0618036 0.0144079 -0.0088315 0.0140992 
1.697 0.105301 0.133804 0.164553 0.133454 0.22051 0.134975 0.276727 0.136064 0.336557 0.136764 0.398006 0.138759 0.461588 0.141062 
3.936 -0.291905 -0.220257 -0.229226 -0.216904 -0.172922 -0.213229 -0.119101 -0.211333 -0.0643484 -0.210712 -0.0107086 -0.210128 0.042533 -0.210773 
4.234 -0.10426 -0.253815 -0.0458928 -0.253199 0.00759875 -0.252331 0.0600601 -0.25319 0.114606 -0.255778 0.169451 -0.258369 0.225088 -0.262059 
0.738 -0.50489 0.439926 -0.43081 0.42634 -0.365525 0.416242 -0.304378 0.407092 -0.243346 0.398398 -0.185123 0.391839 -0.128852 0.386388 
0.833 -0.0837146 0.395412 -0.0241503 0.391414 0.0304905 0.390125 0.0839689 0.389406 0.13945 0.388911 0.19519 0.390502 0.251556 0.393052 
4.227 -0.106314 -0.219573 -0.0478627 -0.21914 0.00548425 -0.218421 0.0579342 -0.219204 0.112411 -0.221586 0.167235 -0.224014 0.222761 -0.227258 
