1.725 0.0943432 0.00642378 0.0934293 -0.0520022 0.0931933 -0.106029 0.0932619 -0.160189 0.0937147 -0.218335 0.0946047 -0.276959 0.0961276 -0.339585 
4.16 -0.387098 0.226942 -0.385589 0.167233 -0.385618 0.113827 -0.386498 0.0617661 -0.388571 0.00751277 -0.391702 -0.0456649 -0.395543 -0.101071 
4.215 -0.381619 0.190645 -0.380974 0.131483 -0.381748 0.0783916 -0.383349 0.0263785 -0.386196 -0.0280241 -0.390079 -0.081562 -0.39474 -0.137544 
4.199 -0.359019 0.200233 -0.358301 0.140948 -0.358933 0.0877243 -0.360379 0.0357619 -0.363002 -0.018524 -0.366598 -0.0718702 -0.3709 -0.127619 
4.234 -0.348062 0.174209 -0.347876 0.115301 -0.348955 0.0623073 -0.350773 0.0102949 -0.353817 -0.0441378 -0.357784 -0.0978823 -0.362433 -0.154118 
4.133 -0.353541 0.242693 -0.351952 0.182713 -0.351797 0.129144 -0.352392 0.0770329 -0.354123 0.0228063 -0.356797 -0.0301714 -0.36017 -0.0853386 
4.234 -0.402164 0.179688 -0.401658 0.120623 -0.402611 0.0675813 -0.404468 0.0155512 -0.407624 -0.0389507 -0.411853 -0.0926838 -0.416971 -0.148851 
4.242 -0.382304 0.176264 -0.381951 0.117304 -0.383005 0.0642632 -0.384815 0.0122684 -0.387978 -0.0422186 -0.392098 -0.0959587 -0.397034 -0.152182 
4.184 -0.415861 0.207766 -0.414692 0.148364 -0.415075 0.0950748 -0.416388 0.0430248 -0.419027 -0.0113152 -0.422803 -0.0646695 -0.427374 -0.120373 
4.164 -0.363128 0.220093 -0.361967 0.160456 -0.3622 0.107087 -0.3633 0.0550732 -0.365516 0.000849899 -0.368734 -0.0522988 -0.372657 -0.107737 
4.121 -0.380934 0.249541 -0.378984 0.189395 -0.378616 0.135703 -0.379082 0.0835379 -0.380684 0.0292771 -0.38336 -0.0236942 -0.386758 -0.078783 
4.16 -0.402164 0.225572 -0.400614 0.165852 -0.400622 0.112428 -0.40156 0.0603456 -0.403696 0.00607613 -0.406993 -0.0471185 -0.411023 -0.102515 
4.133 -0.406273 0.245432 -0.404243 0.185386 -0.40383 0.131755 -0.404316 0.0795825 -0.406038 0.0252868 -0.408856 -0.0277349 -0.412468 -0.082942 
4.133 -0.42134 0.244062 -0.419245 0.184025 -0.418832 0.130387 -0.419313 0.0781948 -0.421131 0.0239139 -0.424073 -0.0291454 -0.427783 -0.0843619 
4.168 -0.348062 0.220778 -0.346963 0.161143 -0.347188 0.107802 -0.34824 0.0558076 -0.350396 0.00158226 -0.353475 -0.0515615 -0.357294 -0.106978 
4.238 -0.365183 0.174894 -0.364912 0.115968 -0.365997 0.0629333 -0.367813 0.0109619 -0.370891 -0.0434882 -0.374939 -0.0972396 -0.379733 -0.153467 
4.02 -0.0919326 0.250911 -0.0926041 0.190526 -0.0935919 0.136981 -0.0946963 0.0851437 -0.0961186 0.0314532 -0.0977312 -0.0209398 -0.0992551 -0.0754774 
4.191 -0.380934 0.205712 -0.37999 0.146337 -0.380506 0.0931075 -0.381837 0.0410905 -0.384376 -0.0131932 -0.387969 -0.0665472 -0.392289 -0.122191 
4.164 -0.437091 0.227626 -0.435321 0.167874 -0.435216 0.114402 -0.43609 0.0623019 -0.438265 0.00798602 -0.441652 -0.0452365 -0.445873 -0.100689 
4.191 -0.396001 0.204342 -0.394998 0.144979 -0.395538 0.0917233 -0.396923 0.0397263 -0.399595 -0.0146053 -0.403327 -0.0679903 -0.407886 -0.123688 
4.227 -0.0837146 0.113943 -0.0851522 0.0560944 -0.0867405 0.00359255 -0.088445 -0.0481789 -0.0905565 -0.103007 -0.0928155 -0.157722 -0.0949944 -0.215579 
4.199 -0.448048 0.207081 -0.446761 0.147649 -0.447091 0.0943415 -0.448424 0.0422463 -0.451195 -0.0121667 -0.455172 -0.065565 -0.460027 -0.121264 
4.105 -0.372716 0.261183 -0.37063 0.200775 -0.370066 0.147023 -0.370301 0.0947513 -0.371651 0.0405089 -0.374092 -0.0123951 -0.377105 -0.0673447 
4.211 -0.347377 0.189275 -0.346921 0.130159 -0.347738 0.0771295 -0.349306 0.0251443 -0.352073 -0.029187 -0.355776 -0.0827386 -0.360152 -0.138702 
4.145 -0.372716 0.235844 -0.371169 0.175922 -0.371124 0.122387 -0.371899 0.0702832 -0.373814 0.0160475 -0.376745 -0.0370042 -0.380435 -0.0921973 
4.219 -0.413806 0.190645 -0.413039 0.131474 -0.413815 0.0783414 -0.415456 0.0262856 -0.418475 -0.0281173 -0.422593 -0.0816708 -0.427574 -0.13767 
4.152 -0.422024 0.228996 -0.420298 0.169251 -0.420176 0.115804 -0.420975 0.0636879 -0.423096 0.00937948 -0.42636 -0.0438396 -0.430396 -0.0992729 
4.195 -0.430927 0.206396 -0.429709 0.146993 -0.430087 0.09369 -0.431476 0.0416256 -0.434199 -0.0127645 -0.438109 -0.0661419 -0.442885 -0.121824 
4.109 -0.350801 0.25639 -0.349003 0.19604 -0.348592 0.142303 -0.349001 0.0900959 -0.350482 0.0358902 -0.352926 -0.0169987 -0.356013 -0.0719447 
4.047 -0.162471 0.255705 -0.16232 0.19518 -0.162778 0.141542 -0.163645 0.0896054 -0.165062 0.0358218 -0.166805 -0.0166759 -0.168947 -0.071207 
4.105 -0.390522 0.262553 -0.388259 0.202134 -0.387564 0.148343 -0.387737 0.0960156 -0.389069 0.0417796 -0.391498 -0.0111896 -0.394621 -0.0661556 
4.238 -0.433667 0.179003 -0.433098 0.119986 -0.434039 0.0668859 -0.435948 0.0148253 -0.439272 -0.039708 -0.443703 -0.093463 -0.449076 -0.149679 
4.055 -0.14672 0.247487 -0.146803 0.187231 -0.147348 0.133677 -0.148296 0.0818712 -0.149762 0.0280953 -0.151611 -0.0243891 -0.153583 -0.07903 
4.035 -0.200822 0.269401 -0.200189 0.208656 -0.200248 0.154752 -0.20076 0.1026 -0.201983 0.0486964 -0.20379 -0.00375758 -0.205874 -0.0582999 
4.078 -0.150829 0.23242 -0.151037 0.172497 -0.151722 0.119219 -0.15273 0.0675604 -0.154318 0.0137906 -0.156259 -0.0387066 -0.158356 -0.0936385 
4.34 -0.213149 0.0769621 -0.214748 0.0189463 -0.217159 -0.0338945 -0.219947 -0.0864121 -0.223688 -0.142128 -0.227886 -0.197835 -0.232492 -0.256809 
4.125 -0.192604 0.211875 -0.192601 0.152428 -0.193293 0.099381 -0.194434 0.0476566 -0.196312 -0.00617445 -0.19873 -0.0591769 -0.201472 -0.114497 
4.184 -0.191919 0.172154 -0.192402 0.113476 -0.193581 0.0607562 -0.195198 0.00913679 -0.197588 -0.045032 -0.20049 -0.0985781 -0.203655 -0.154823 
1.606 0.0916039 -0.0264484 0.0909945 -0.0852991 0.0909802 -0.139791 0.0912483 -0.194788 0.0918893 -0.253687 0.0929173 -0.313346 0.0946547 -0.377343 
1.347 0.176524 0.143391 0.174332 0.0848732 0.173296 0.0319739 0.172843 -0.0201284 0.17312 -0.0750904 0.174172 -0.129696 0.176212 -0.187341 
4.105 -0.0864539 0.196809 -0.0875093 0.137813 -0.088697 0.0850856 -0.0900209 0.0336196 -0.0916557 -0.0201651 -0.0934647 -0.0731866 -0.0952173 -0.128788 
3.959 0.0176414 -0.0504178 0.0162882 -0.109445 0.0153588 -0.164419 0.0144341 -0.219888 0.0136772 -0.279569 0.0129865 -0.339882 0.0128018 -0.4046 
4.137 -0.221367 0.21256 -0.221138 0.153074 -0.221777 0.0999234 -0.22296 0.0481593 -0.224884 -0.0057282 -0.227463 -0.0587643 -0.23046 -0.114126 
4.199 -0.0912478 0.135173 -0.0925609 0.0771295 -0.0940253 0.0246769 -0.0956393 -0.0269861 -0.0976021 -0.0814571 -0.0997585 -0.135629 -0.101901 -0.19291 
4.039 0.00873853 0.043405 0.0072532 -0.0145169 0.00607174 -0.0678079 0.00493827 -0.12099 0.00385981 -0.177933 0.00305572 -0.235289 0.00250853 -0.296394 
4.238 -0.190549 0.138597 -0.191437 0.0802877 -0.192942 0.0277344 -0.194923 -0.0240144 -0.197629 -0.0785892 -0.200914 -0.132761 -0.204436 -0.189843 
4.215 -0.448048 0.192015 -0.447111 0.132797 -0.447819 0.0796055 -0.449508 0.0275542 -0.452594 -0.0269183 -0.456908 -0.0804876 -0.462106 -0.136462 
4.168 -0.452157 0.226257 -0.450316 0.16653 -0.450233 0.113064 -0.451121 0.0609098 -0.453444 0.00658633 -0.456924 -0.0466359 -0.461329 -0.102098 
4.109 -0.407643 0.259129 -0.405353 0.198729 -0.404713 0.14491 -0.40497 0.0926401 -0.406463 0.0383559 -0.409061 -0.0145934 -0.412412 -0.069586 
3.982 -0.195343 0.303643 -0.194374 0.241943 -0.194152 0.187465 -0.194331 0.134891 -0.19516 0.0808492 -0.196539 0.0283861 -0.198155 -0.0257832 
4.016 -0.220682 0.292001 -0.219522 0.230678 -0.219279 0.176435 -0.219442 0.123976 -0.220371 0.069947 -0.221897 0.0174447 -0.223801 -0.0369135 
4.082 -0.352171 0.274195 -0.350014 0.213428 -0.349313 0.159405 -0.349423 0.107027 -0.350585 0.0527689 -0.352709 -6.52519e-05 -0.355508 -0.0548514 
4.242 -0.448048 0.176948 -0.447435 0.117903 -0.448443 0.0647957 -0.450385 0.0127518 -0.453845 -0.0418163 -0.458424 -0.0955763 -0.463965 -0.151785 
1.452 0.0196959 0.204342 0.0177901 0.145346 0.0163089 0.0926625 0.0149559 0.0410979 0.013711 -0.0127728 0.0126697 -0.0659163 0.0120858 -0.121836 
4.082 -0.369977 0.27488 -0.367653 0.214133 -0.366874 0.160114 -0.366935 0.107712 -0.368119 0.0534569 -0.370351 0.000595217 -0.37321 -0.0542255 
4.07 -0.200137 0.252965 -0.199667 0.192741 -0.199868 0.139156 -0.200603 0.0871019 -0.201999 0.0333382 -0.203934 -0.0192994 -0.206231 -0.0739985 
4.195 -0.238488 0.176264 -0.23849 0.117371 -0.239701 0.0646031 -0.241364 0.0128595 -0.243792 -0.0413344 -0.247033 -0.0948705 -0.250691 -0.151008 
4.082 -0.221367 0.252281 -0.220625 0.192022 -0.220782 0.138453 -0.221453 0.0864531 -0.222857 0.0326396 -0.224901 -0.0200265 -0.227318 -0.0747772 
3.965 -0.226161 0.322134 -0.224611 0.259883 -0.223995 0.204966 -0.223801 0.152042 -0.224342 0.0976301 -0.225513 0.0450306 -0.227028 -0.00927938 
2.43 0.0683194 0.00710862 0.0671951 -0.0512483 0.0665063 -0.105153 0.0662494 -0.159161 0.0661569 -0.217199 0.0664169 -0.275707 0.0673289 -0.338188 
1.426 0.0217504 0.185166 0.0198765 0.126531 0.0184292 0.0738987 0.0171325 0.0223091 0.0158709 -0.0316757 0.0148837 -0.0851433 0.0143305 -0.141344 
4.227 -0.215888 0.153664 -0.216474 0.0951601 -0.217888 0.042555 -0.219739 -0.00920845 -0.222459 -0.0637318 -0.225804 -0.117539 -0.229522 -0.174148 
3.936 -0.235749 0.341309 -0.233912 0.278535 -0.232954 0.223313 -0.232535 0.170121 -0.232805 0.115521 -0.233718 0.0628854 -0.23498 0.00880081 
4.199 -0.316559 0.196809 -0.316173 0.137629 -0.316939 0.0844652 -0.318342 0.0325415 -0.320962 -0.0217224 -0.324382 -0.0751069 -0.32838 -0.130941 
4.203 -0.113163 0.137228 -0.11436 0.0791461 -0.115786 0.0266561 -0.117502 -0.0249445 -0.119632 -0.0794716 -0.122079 -0.133588 -0.124531 -0.190837 
4.086 -0.200137 0.239269 -0.199817 0.179295 -0.200156 0.125888 -0.201047 0.074102 -0.202581 0.0202219 -0.204686 -0.0324094 -0.207138 -0.0873405 
4.035 0.00873853 0.0125873 0.00724847 -0.0456408 0.00609122 -0.0993773 0.00508039 -0.153127 0.00412612 -0.211037 0.00313384 -0.269387 0.00269746 -0.331599 
4.27 -0.218628 0.12627 -0.219616 0.0681087 -0.221435 0.0154946 -0.223667 -0.036431 -0.226774 -0.0912222 -0.230482 -0.145772 -0.234537 -0.203211 
4.309 -0.217943 0.100247 -0.219282 0.042339 -0.221483 -0.0104099 -0.224058 -0.0625338 -0.227499 -0.117851 -0.231495 -0.172798 -0.235869 -0.23107 
4.25 -0.0460485 -0.0613752 -0.0479795 -0.120579 -0.0497633 -0.175819 -0.0516759 -0.231601 -0.0537576 -0.291646 -0.0559042 -0.352613 -0.0578074 -0.418009 
3.896 -0.221367 0.356376 -0.21954 0.293111 -0.21863 0.237426 -0.218165 0.183919 -0.218354 0.129114 -0.21917 0.0763886 -0.220356 0.0222288 
3.982 0.0121627 -0.0305575 0.0107807 -0.0892221 0.00970944 -0.143759 0.00881226 -0.198618 0.00782016 -0.257535 0.00693573 -0.317109 0.00658834 -0.380789 
4.223 -0.324093 0.179688 -0.323999 0.120698 -0.325029 0.0677665 -0.326746 0.0158367 -0.329678 -0.0385536 -0.333357 -0.0922033 -0.337742 -0.148361 
4.219 -0.196713 0.152294 -0.197403 0.0938214 -0.198783 0.0411818 -0.200674 -0.0104151 -0.2033 -0.0648933 -0.206474 -0.118683 -0.209944 -0.175537 
1.247 0.1505 -0.0668539 0.151117 -0.127078 0.152301 -0.183152 0.153951 -0.23979 0.156204 -0.30103 0.159049 -0.363381 0.163225 -0.430994 
4.094 -0.163841 0.224887 -0.163916 0.165247 -0.164634 0.112155 -0.165722 0.0604963 -0.167335 0.00669322 -0.169471 -0.0460026 -0.171806 -0.101065 
4.27 -0.173428 0.110519 -0.174743 0.0525605 -0.176552 -0.000142204 -0.178842 -0.0520385 -0.181782 -0.106923 -0.185191 -0.161793 -0.188832 -0.219636 
1.663 0.0683194 0.0420353 0.0670618 -0.0159955 0.0663416 -0.069381 0.0659264 -0.122738 0.0658261 -0.179854 0.0660331 -0.237326 0.0667865 -0.298584 
4.105 -0.220682 0.234475 -0.220164 0.174573 -0.220501 0.121212 -0.221416 0.0694097 -0.223037 0.0155402 -0.225338 -0.0373068 -0.227996 -0.0923755 
4.215 -0.159732 0.144076 -0.160679 0.0859103 -0.162058 0.0333905 -0.163883 -0.0182756 -0.16624 -0.0728037 -0.169173 -0.126974 -0.172282 -0.183906 
4.125 -0.161101 0.202287 -0.161322 0.143163 -0.162266 0.0903131 -0.16349 0.0387304 -0.165375 -0.0150948 -0.16764 -0.06819 -0.170197 -0.123752 
1.439 0.119682 0.111204 0.118005 0.0529723 0.117145 9.49644e-05 0.116709 -0.051948 0.116793 -0.107405 0.117423 -0.162728 0.118899 -0.221048 
4.004 -0.200822 0.290631 -0.199933 0.229236 -0.199786 0.174949 -0.200053 0.122539 -0.201022 0.0686224 -0.202541 0.0162085 -0.204379 -0.0381247 
1.618 0.0149021 0.064635 0.0133359 0.00675215 0.0121119 -0.0461853 0.0109937 -0.0987712 0.00996153 -0.154942 0.00910979 -0.211446 0.00860511 -0.271465 
4.105 -0.194658 0.226257 -0.194467 0.166631 -0.195027 0.113371 -0.196041 0.0615329 -0.197737 0.0077708 -0.200004 -0.0449918 -0.202577 -0.100073 
1.527 0.180633 -0.0243939 0.180879 -0.0835958 0.181949 -0.138421 0.183646 -0.193467 0.185947 -0.252594 0.18902 -0.312446 0.193361 -0.376644 
4.23 -0.0460485 -0.0771264 -0.0479888 -0.136624 -0.049845 -0.192511 -0.0517394 -0.248748 -0.0539069 -0.309518 -0.056025 -0.370966 -0.0580291 -0.437157 
4.09 -0.0994658 0.202972 -0.100386 0.143901 -0.101469 0.0911217 -0.1028 0.039615 -0.104463 -0.0141767 -0.106339 -0.0671169 -0.108123 -0.122631 
1.65 0.103931 -0.0059033 0.10329 -0.0646148 0.103356 -0.118954 0.103693 -0.173492 0.104566 -0.232099 0.105813 -0.291213 0.107833 -0.354555 
4.094 -0.180277 0.23242 -0.180163 0.172603 -0.180685 0.11939 -0.181666 0.0676243 -0.183257 0.0138381 -0.185387 -0.0389013 -0.187733 -0.0939207 
3.957 -0.139186 0.303643 -0.138994 0.241739 -0.139253 0.18718 -0.139786 0.134686 -0.14082 0.0806169 -0.142178 0.0282442 -0.143619 -0.0257999 
1.551 0.120367 0.0584714 0.119245 0.000409002 0.118878 -0.0528224 0.118993 -0.105903 0.11953 -0.16239 0.12064 -0.219221 0.122545 -0.279787 
1.353 0.19296 0.137913 0.190753 0.0793628 0.189831 0.0263612 0.189506 -0.0258249 0.189961 -0.0809638 0.191233 -0.135746 0.19359 -0.193615 
4.367 -0.048103 -0.0394603 -0.0499944 -0.0981897 -0.0517899 -0.152925 -0.0536185 -0.207991 -0.0556933 -0.267248 -0.0577687 -0.327114 -0.0596687 -0.391183 
1.611 0.103246 0.0529927 0.102073 -0.00507664 0.101602 -0.058372 0.101509 -0.111416 0.10187 -0.168151 0.102723 -0.225105 0.104212 -0.285649 
4.191 -0.171374 0.161882 -0.172127 0.103348 -0.173362 0.0507595 -0.175059 -0.00082583 -0.177408 -0.0549451 -0.180142 -0.108567 -0.183135 -0.164949 
4.293 -0.172059 0.0954527 -0.173514 0.0376276 -0.175426 -0.0150028 -0.177849 -0.0671214 -0.180872 -0.12254 -0.184422 -0.177593 -0.188171 -0.236078 
4.262 -0.314505 0.154349 -0.314829 0.0956627 -0.316208 0.0428234 -0.318256 -0.00911987 -0.321526 -0.0637953 -0.325587 -0.117774 -0.330245 -0.174504 
1.479 0.0916039 -0.0682235 0.0912696 -0.128129 0.0915795 -0.184126 0.092069 -0.24061 0.0929633 -0.301619 0.0941502 -0.363675 0.0962062 -0.430626 
4.215 -0.139871 0.139282 -0.140981 0.0811325 -0.142512 0.0286668 -0.144132 -0.0230331 -0.146578 -0.0775213 -0.149211 -0.131696 -0.151953 -0.188869 
3.908 -0.236433 0.356376 -0.234398 0.293107 -0.23332 0.237403 -0.232748 0.183907 -0.232841 0.129094 -0.2336 0.0762901 -0.234651 0.0221038 
4.391 -0.0843994 -0.015491 -0.0865429 -0.0738596 -0.0887945 -0.127932 -0.091121 -0.182243 -0.0938817 -0.240619 -0.096697 -0.299416 -0.099417 -0.362301 
3.996 -0.2289 0.305698 -0.22751 0.244004 -0.226911 0.189422 -0.226912 0.136788 -0.227607 0.0826263 -0.228944 0.0300646 -0.23064 -0.0242387 
1.477 0.0183263 0.12764 0.0165985 0.0696418 0.0152743 0.0171038 0.0139092 -0.0347335 0.0128205 -0.0896058 0.011882 -0.144279 0.0112978 -0.202293 
4.402 -0.0624846 -0.0469936 -0.0646177 -0.105783 -0.0666844 -0.160607 -0.0688636 -0.215872 -0.0713461 -0.275311 -0.0738038 -0.335353 -0.076244 -0.39964 
3.965 -0.174798 0.306383 -0.174112 0.244441 -0.174032 0.18983 -0.174357 0.137263 -0.175236 0.0831673 -0.176593 0.0306375 -0.17813 -0.0234608 
4.121 -0.113163 0.189275 -0.11407 0.130233 -0.115177 0.0775055 -0.116681 0.0260321 -0.118431 -0.0277562 -0.120584 -0.080811 -0.122697 -0.136449 
1.465 0.0511985 0.117367 0.0494705 0.0593668 0.0483249 0.00675533 0.0473746 -0.0452871 0.0467255 -0.100338 0.0463919 -0.155354 0.0465952 -0.213812 
1.534 0.17036 0.0632653 0.169252 0.00505427 0.169234 -0.0482544 0.169631 -0.101417 0.171023 -0.157818 0.172829 -0.214494 0.175572 -0.274767 
4.363 -0.179592 0.0345021 -0.181874 -0.0234508 -0.184549 -0.0767455 -0.187648 -0.129853 -0.191509 -0.186613 -0.195722 -0.24356 -0.200253 -0.304042 
4.074 -0.133708 0.226942 -0.13414 0.167251 -0.134974 0.114065 -0.13612 0.0624236 -0.137732 0.00870024 -0.139623 -0.0439311 -0.141675 -0.0989627 
4.262 -0.0398849 0.043405 -0.0415789 -0.0143689 -0.0431489 -0.0673856 -0.0447947 -0.120271 -0.0465534 -0.176889 -0.0484037 -0.233793 -0.0499803 -0.294327 
4.188 -0.245336 0.195439 -0.245097 0.136342 -0.246012 0.0833962 -0.2475 0.0315878 -0.249768 -0.0224452 -0.252911 -0.0757463 -0.256466 -0.131517 
4.285 -0.14672 0.0933982 -0.148229 0.0353151 -0.150072 -0.0170652 -0.152358 -0.0693541 -0.155163 -0.124587 -0.158351 -0.179893 -0.161698 -0.238493 
2.754 0.0340775 -0.0750719 0.0329645 -0.134711 0.0322089 -0.190457 0.0315649 -0.246716 0.0310337 -0.307406 0.0306623 -0.369003 0.0307361 -0.435358 
3.76 -0.202191 0.441981 -0.199862 0.375411 -0.198443 0.317452 -0.19743 0.262055 -0.197007 0.205765 -0.196937 0.15206 -0.197079 0.0975413 
1.649 0.0464046 0.0461444 0.0450283 -0.0118467 0.0440454 -0.0651357 0.0433931 -0.118416 0.0428834 -0.175384 0.0426921 -0.2328 0.0429627 -0.293948 
4.109 0.0142172 0.146131 0.0124455 0.0879783 0.011138 0.0354842 0.00977874 -0.0161449 0.00869259 -0.0705422 0.00775976 -0.124748 0.00717624 -0.181804 
4.266 -0.147404 0.108465 -0.14877 0.0506816 -0.150552 -0.00195432 -0.152691 -0.0537619 -0.155421 -0.108767 -0.158541 -0.163592 -0.161724 -0.22153 
3.992 -0.173428 0.292001 -0.172845 0.230549 -0.172855 0.176233 -0.173272 0.123897 -0.174261 0.069951 -0.175699 0.0176565 -0.177336 -0.0365053 
4.227 -0.0371456 0.0208054 -0.0388842 -0.0370077 -0.0405156 -0.0904473 -0.0421452 -0.1437 -0.0439574 -0.201092 -0.0458285 -0.258633 -0.0474154 -0.319952 
4.242 -0.0871387 0.0954527 -0.08868 0.0376692 -0.0903121 -0.0148464 -0.0921792 -0.0666781 -0.0943605 -0.121858 -0.0967192 -0.176837 -0.0990357 -0.235189 
1.645 0.131324 0.0338173 0.130491 -0.0245285 0.130357 -0.0781857 0.130755 -0.131729 0.131578 -0.1892 0.133013 -0.246912 0.135273 -0.308228 
4.352 -0.197398 0.0509382 -0.199462 -0.00696755 -0.202068 -0.0601127 -0.205379 -0.113036 -0.209369 -0.169423 -0.213617 -0.225987 -0.218529 -0.285935 
1.625 0.0340775 0.0550473 0.0326018 -0.00281856 0.0315431 -0.0559744 0.0308536 -0.108892 0.0300314 -0.165346 0.0296725 -0.222263 0.0298575 -0.28283 
4.312 -0.0433091 -0.0134365 -0.045136 -0.0716745 -0.0468536 -0.125683 -0.0486248 -0.180024 -0.050614 -0.238532 -0.0526122 -0.297405 -0.0544242 -0.360172 
3.771 -0.226846 0.441296 -0.223943 0.374724 -0.221995 0.316718 -0.220663 0.261308 -0.219755 0.205002 -0.219563 0.151244 -0.219573 0.0966631 
3.885 -0.0309821 0.283098 -0.0323687 0.221845 -0.033633 0.167865 -0.0349572 0.115702 -0.036307 0.0619226 -0.0376259 0.00958045 -0.038756 -0.0445943 
3.975 -0.0994658 0.279674 -0.0999266 0.21842 -0.100611 0.164624 -0.101564 0.112382 -0.10278 0.0587193 -0.104197 0.00642348 -0.105591 -0.0478202 
1.644 0.0833858 0.0454595 0.0821403 -0.012594 0.0815529 -0.0659628 0.0813928 -0.119231 0.0814371 -0.176204 0.0820713 -0.233528 0.083273 -0.294487 
3.818 -0.252185 0.420066 -0.249073 0.354491 -0.247275 0.297233 -0.24585 0.242408 -0.245092 0.186556 -0.244951 0.1331 -0.245235 0.0786257 
1.477 0.0306533 0.115998 0.0289972 0.0580134 0.0276795 0.00544242 0.0266325 -0.046576 0.0256162 -0.1016 0.0248947 -0.156568 0.0248141 -0.215048 
4.418 -0.243282 0.0249144 -0.245853 -0.033289 -0.249355 -0.0868661 -0.253223 -0.140296 -0.257987 -0.197343 -0.263419 -0.254597 -0.269393 -0.315488 
4.297 -0.158362 0.0844953 -0.1599 0.0264753 -0.16198 -0.0260346 -0.164341 -0.0785516 -0.167433 -0.133986 -0.170951 -0.189388 -0.174577 -0.248383 
4.102 -0.128914 0.205027 -0.129431 0.145914 -0.130467 0.0930341 -0.131691 0.0415243 -0.133456 -0.0122706 -0.135536 -0.0652356 -0.137772 -0.120704 
4.25 -0.162471 0.122846 -0.16364 0.0648342 -0.165365 0.0122449 -0.167454 -0.0395222 -0.170201 -0.0942716 -0.173394 -0.148829 -0.176754 -0.206313 
1.687 0.0950281 0.0262841 0.0940355 -0.0319546 0.0936602 -0.0855614 0.0935997 -0.139195 0.0941084 -0.196704 0.0949204 -0.254631 0.0963249 -0.316455 
4.25 -0.243282 0.1475 -0.243737 0.0889372 -0.245217 0.0362952 -0.247305 -0.0155352 -0.250157 -0.0701474 -0.253927 -0.124055 -0.258011 -0.180894 
3.453 0.0142172 0.111889 0.0125688 0.0540042 0.0112413 0.00143191 0.0100142 -0.0505683 0.00894886 -0.105646 0.00803221 -0.160724 0.00754019 -0.219238 
4.383 -0.267251 0.043405 -0.269645 -0.0147353 -0.272802 -0.0680982 -0.276606 -0.121183 -0.281429 -0.177725 -0.286899 -0.234284 -0.293066 -0.294395 
1.497 0.0477743 0.102986 0.0461241 0.0451014 0.0449976 -0.00762442 0.0440526 -0.0597187 0.0433588 -0.115144 0.0430261 -0.170526 0.0432095 -0.229316 
3.799 -0.214519 0.419381 -0.212049 0.353728 -0.210489 0.296371 -0.209467 0.241472 -0.208985 0.185608 -0.209043 0.132175 -0.20929 0.0778582 
3.941 -0.100151 0.300219 -0.100552 0.238651 -0.101171 0.184046 -0.101969 0.131728 -0.103095 0.0778056 -0.104438 0.0255368 -0.105734 -0.0284716 
4.047 -0.176852 0.259814 -0.176594 0.199244 -0.176906 0.145533 -0.177693 0.0935457 -0.179051 0.0397115 -0.180867 -0.0127684 -0.182927 -0.0673643 
3.961 -0.12275 0.298849 -0.122789 0.237224 -0.123175 0.182792 -0.123835 0.130383 -0.124933 0.0764222 -0.126307 0.023974 -0.127681 -0.0299739 
4.305 -0.184386 0.0892891 -0.185875 0.0313982 -0.187981 -0.021235 -0.190446 -0.0737222 -0.193712 -0.129058 -0.197456 -0.184353 -0.201444 -0.243098 
4.352 -0.165895 0.0379263 -0.167968 -0.0200238 -0.170591 -0.0732962 -0.173489 -0.126457 -0.177203 -0.183204 -0.181136 -0.240175 -0.185341 -0.300684 
4.355 -0.248076 0.072853 -0.249824 0.0148115 -0.252462 -0.0381358 -0.255707 -0.0907166 -0.259865 -0.146552 -0.264494 -0.202317 -0.269664 -0.261374 
4.074 -0.0967265 0.216669 -0.0975684 0.157141 -0.0986475 0.104095 -0.0999264 0.0525229 -0.101508 -0.0011746 -0.103291 -0.0538855 -0.105073 -0.108931 
4.121 -0.0111218 0.0680592 -0.0127465 0.010266 -0.0141967 -0.04249 -0.0155733 -0.0947592 -0.0169039 -0.150685 -0.0180955 -0.206753 -0.0189385 -0.266124 
4.383 -0.138502 0.0105328 -0.14081 -0.0475225 -0.143369 -0.101132 -0.146329 -0.154797 -0.149872 -0.212311 -0.153661 -0.270138 -0.157584 -0.331759 
4.422 -0.266566 0.0255992 -0.269269 -0.0326079 -0.27278 -0.0862 -0.276828 -0.139637 -0.281919 -0.196632 -0.287662 -0.253777 -0.294157 -0.314629 
1.612 0.159403 0.0420353 0.158593 -0.0163187 0.158713 -0.0698994 0.159288 -0.123341 0.160578 -0.18046 0.162281 -0.237766 0.165181 -0.298802 
3.84 -0.286427 0.415272 -0.282596 0.349828 -0.280028 0.292675 -0.278386 0.237921 -0.277281 0.182076 -0.277228 0.128621 -0.277389 0.0741606 
3.791 -0.185755 0.416642 -0.183901 0.351047 -0.182795 0.29379 -0.182049 0.238948 -0.181833 0.183178 -0.181959 0.129827 -0.182325 0.0755223 
4.238 -0.0960416 0.10641 -0.0975667 0.0485445 -0.0991296 -0.00396679 -0.100927 -0.0557543 -0.103144 -0.110603 -0.105494 -0.165325 -0.107874 -0.223283 
4.027 -0.168634 0.272826 -0.168246 0.211824 -0.16839 0.158039 -0.169028 0.105759 -0.170155 0.0519032 -0.171737 -0.000501886 -0.173531 -0.0548873 
1.669 0.153239 0.00984797 0.15279 -0.0487637 0.153098 -0.102931 0.154047 -0.157196 0.155556 -0.215446 0.15745 -0.274031 0.160537 -0.336753 
4.266 -0.0433091 0.0584714 -0.0449483 0.000883589 -0.0464932 -0.0520543 -0.0481234 -0.104541 -0.0498769 -0.160477 -0.0516953 -0.216791 -0.0532609 -0.276366 
3.953 0.0464046 0.00916313 0.0452583 -0.0491017 0.0445194 -0.102957 0.0439846 -0.156796 0.0438191 -0.214798 0.0438499 -0.273247 0.0443439 -0.335448 
3.92 0.0648952 -0.0524723 0.0640852 -0.111579 0.0637247 -0.166724 0.0636709 -0.222331 0.0637726 -0.282184 0.0642027 -0.342657 0.0653181 -0.407946 
4.012 -0.0672785 0.250226 -0.0682759 0.189882 -0.0693982 0.13638 -0.0705837 0.0845864 -0.0720037 0.0308967 -0.0735269 -0.0214951 -0.0749056 -0.0760256 
4.012 -0.119326 0.268717 -0.119515 0.207858 -0.120182 0.154131 -0.120986 0.102018 -0.122255 0.048354 -0.123796 -0.00400328 -0.12534 -0.0583805 
4.168 -0.126174 0.163936 -0.127009 0.105401 -0.128348 0.052879 -0.129849 0.00135968 -0.132031 -0.0527193 -0.13442 -0.106285 -0.13694 -0.162644 
4.375 -0.121381 0.0112176 -0.123553 -0.0468461 -0.12588 -0.100496 -0.128568 -0.154079 -0.131768 -0.211606 -0.135182 -0.269354 -0.138602 -0.330906 
4.266 -0.109054 0.0927133 -0.110577 0.034846 -0.11236 -0.0177401 -0.114361 -0.0699356 -0.116889 -0.125296 -0.119669 -0.180665 -0.122448 -0.239332 
4.008 -0.150144 0.278989 -0.149887 0.217987 -0.150171 0.163923 -0.150821 0.111781 -0.151951 0.0579867 -0.153512 0.00563072 -0.155193 -0.0485675 
4.266 -0.0939871 0.0831256 -0.0955762 0.025357 -0.0972987 -0.0272924 -0.099255 -0.0795525 -0.101592 -0.135131 -0.10403 -0.190848 -0.106517 -0.249832 
1.529 0.10941 0.0701137 0.108128 0.0120552 0.107591 -0.0410989 0.107483 -0.0938246 0.107861 -0.150069 0.108739 -0.206454 0.110348 -0.266306 
3.99 -0.0426243 0.262553 -0.0439638 0.201842 -0.0451993 0.148083 -0.046484 0.0961646 -0.0478681 0.0424743 -0.0492172 -0.00983915 -0.0504512 -0.0642924 
4.391 -0.252869 0.0399808 -0.255235 -0.0181981 -0.258413 -0.0715848 -0.262139 -0.124752 -0.266773 -0.181417 -0.27211 -0.238224 -0.277863 -0.298474 
4.266 -0.12412 0.0947678 -0.125624 0.0370563 -0.127394 -0.0154917 -0.1295 -0.0677685 -0.132146 -0.122988 -0.135081 -0.178186 -0.138038 -0.236619 
4.184 -0.0686481 0.135858 -0.0700052 0.0778483 -0.0714793 0.0254388 -0.0730095 -0.0262149 -0.0748349 -0.0806578 -0.0767787 -0.134809 -0.0786561 -0.192046 
4.141 -0.121381 0.176948 -0.122329 0.118245 -0.12354 0.0656575 -0.124964 0.0141277 -0.126942 -0.0397769 -0.129184 -0.0931234 -0.131556 -0.149187 
4.242 -0.131653 0.119422 -0.132924 0.0615326 -0.134628 0.00889766 -0.136558 -0.0427272 -0.139036 -0.0973764 -0.141881 -0.151832 -0.144814 -0.209344 
3.992 -0.0837146 0.264608 -0.0844416 0.203889 -0.0853009 0.150256 -0.0863007 0.0982792 -0.0876316 0.0446948 -0.0890926 -0.00761418 -0.0905097 -0.0621527 
4.02 -0.0426243 0.241323 -0.0439829 0.181255 -0.0452578 0.127909 -0.0465874 0.0761714 -0.0479565 0.0225484 -0.0493362 -0.0298168 -0.0505833 -0.0844841 
4.148 -0.139186 0.176948 -0.139885 0.11824 -0.141129 0.0655923 -0.142608 0.0140724 -0.144762 -0.0398639 -0.147152 -0.093228 -0.14969 -0.149256 
1.437 0.027914 0.144761 0.0260698 0.0867213 0.0248161 0.0341922 0.0236301 -0.0176665 0.022561 -0.0722904 0.0219983 -0.126764 0.0217788 -0.184418 
4.359 -0.270675 0.0742227 -0.272292 0.0161116 -0.275074 -0.0368783 -0.278323 -0.0895236 -0.282576 -0.145344 -0.287594 -0.201089 -0.293219 -0.26008 
3.939 -0.0796055 0.296795 -0.0802669 0.235026 -0.0810428 0.180763 -0.0819692 0.128414 -0.0832182 0.0744971 -0.0845868 0.0222097 -0.0857904 -0.0318154 
1.409 0.157348 0.124216 0.155347 0.0658252 0.154534 0.0129541 0.154274 -0.0391032 0.154571 -0.0942597 0.155523 -0.149203 0.15749 -0.207117 
4.191 -0.126174 0.15024 -0.127148 0.0919568 -0.12863 0.0395154 -0.130212 -0.0120925 -0.132453 -0.066397 -0.135009 -0.120156 -0.137592 -0.176871 
4.312 -0.0426243 0.00368443 -0.0444376 -0.0544646 -0.0460772 -0.108106 -0.0478219 -0.16195 -0.0497307 -0.219516 -0.0516873 -0.277975 -0.0533895 -0.339863 
4.188 -0.139186 0.155034 -0.14015 0.0966237 -0.141587 0.04415 -0.143178 -0.0074296 -0.145523 -0.0616008 -0.148116 -0.115291 -0.150801 -0.171932 
1.672 0.123106 0.0228599 0.122392 -0.0354939 0.122479 -0.0893506 0.122928 -0.143253 0.123991 -0.20105 0.125489 -0.259147 0.127808 -0.321221 
1.53 0.147761 0.0673743 0.146502 0.00919527 0.146183 -0.0439849 0.146338 -0.0970763 0.147215 -0.153351 0.148655 -0.209934 0.150834 -0.270176 
1.692 0.0806465 0.0297083 0.0794771 -0.0284091 0.0789788 -0.0819813 0.0788346 -0.135488 0.0788969 -0.192805 0.0794415 -0.250457 0.0806053 -0.311912 
1.501 0.199808 -0.0298726 0.200135 -0.0892732 0.201745 -0.144532 0.203633 -0.199901 0.206531 -0.259725 0.210287 -0.320155 0.214869 -0.384666 
4.258 -0.185071 0.124216 -0.186107 0.0658336 -0.187843 0.0135544 -0.189974 -0.0387167 -0.192851 -0.0931936 -0.196219 -0.147836 -0.199857 -0.205415 
4.051 -0.0919326 0.230366 -0.0927296 0.170672 -0.0937784 0.117528 -0.094999 0.0658602 -0.0964758 0.0122993 -0.0980829 -0.0401339 -0.0996952 -0.0948914 
4.008 0.00805369 0.0269689 0.0066227 -0.0309756 0.00542753 -0.0843568 0.00434418 -0.137801 0.00332763 -0.195138 0.00244186 -0.252818 0.00197187 -0.314278 
1.454 0.145021 0.101616 0.143569 0.0433693 0.142833 -0.00967651 0.142751 -0.0618592 0.143263 -0.117564 0.144266 -0.173019 0.146244 -0.231609 
4.027 -0.188495 0.275565 -0.187836 0.214559 -0.187901 0.160699 -0.188375 0.108467 -0.189515 0.0544282 -0.191253 0.00199984 -0.193128 -0.0526031 
4.406 -0.0583756 -0.0675387 -0.0604681 -0.126902 -0.0625832 -0.182362 -0.0647068 -0.23829 -0.0671192 -0.298525 -0.0696228 -0.359682 -0.0719636 -0.425541 
4.199 -0.295329 0.174209 -0.295308 0.115229 -0.296387 0.0623253 -0.298063 0.0105253 -0.300875 -0.0437986 -0.304494 -0.0973376 -0.308697 -0.153334 
3.967 -0.0837146 0.281729 -0.0843466 0.220267 -0.0852073 0.166359 -0.0861232 0.114153 -0.08743 0.0603391 -0.0888701 0.00816463 -0.0901885 -0.0459161 
4.129 -0.0891933 0.176948 -0.0903342 0.118227 -0.0916255 0.0659754 -0.0930499 0.0144525 -0.0948219 -0.0390563 -0.0967439 -0.0922039 -0.0986215 -0.147876 
1.608 0.057362 0.0543624 0.0559585 -0.00354675 0.0553959 -0.0568739 0.0549115 -0.109706 0.0546075 -0.166468 0.0548801 -0.223484 0.0555478 -0.284009 
4.23 -0.173428 0.137913 -0.174395 0.0796554 -0.175897 0.027158 -0.177816 -0.0245792 -0.180409 -0.0791469 -0.18356 -0.133215 -0.186779 -0.190427 
4.066 -0.112478 0.224202 -0.113143 0.164514 -0.114154 0.111563 -0.115349 0.0599448 -0.116846 0.00615501 -0.118655 -0.0465366 -0.120425 -0.101583 
1.363 0.0375017 0.192015 0.0354705 0.133286 0.0339536 0.0807398 0.0327322 0.0289435 0.0316177 -0.024992 0.0308354 -0.0783155 0.0308193 -0.134706 
1.521 0.10667 -0.0285029 0.106281 -0.087521 0.106465 -0.142345 0.10714 -0.197615 0.108197 -0.257055 0.109629 -0.317178 0.111975 -0.381728 
1.591 0.123106 -0.0175455 0.122759 -0.0765418 0.123201 -0.131217 0.123976 -0.186352 0.12529 -0.24575 0.126912 -0.305612 0.129591 -0.370277 
4.184 -0.253554 0.178318 -0.253566 0.119439 -0.254636 0.0667122 -0.256254 0.014945 -0.258769 -0.0392968 -0.2621 -0.0928099 -0.265817 -0.148905 
3.906 -0.270675 0.369388 -0.267861 0.305672 -0.266279 0.249702 -0.2652 0.19593 -0.264974 0.141002 -0.265408 0.0880467 -0.266302 0.0338018 
1.337 0.163512 0.220093 0.160569 0.160586 0.158554 0.107167 0.157365 0.0553362 0.156533 0.00118726 0.156426 -0.0521205 0.157958 -0.107782 
1.336 0.14913 0.220778 0.146234 0.161239 0.144458 0.108101 0.143091 0.0562017 0.142222 0.00206638 0.142229 -0.0510387 0.143118 -0.106771 
1.352 0.149815 0.247487 0.146643 0.187429 0.144186 0.133982 0.14273 0.0820253 0.141535 0.0278984 0.14097 -0.0249419 0.141984 -0.0801073 
1.423 0.0210656 0.161197 0.0192498 0.102863 0.0179071 0.0502281 0.016559 -0.00127354 0.0154559 -0.0556515 0.0145198 -0.10949 0.0140027 -0.166306 
4.094 -0.0166005 0.0269689 -0.0182992 -0.030924 -0.0198228 -0.0844172 -0.0212221 -0.137686 -0.0228832 -0.195096 -0.0242139 -0.252343 -0.0251397 -0.313477 
4.242 -0.111108 0.107095 -0.112621 0.049201 -0.114276 -0.00332592 -0.116203 -0.0551938 -0.118604 -0.11017 -0.121198 -0.164987 -0.123864 -0.223066 
4.191 -0.274784 0.173524 -0.274839 0.114468 -0.275919 0.0615542 -0.277586 0.010026 -0.280283 -0.0443658 -0.283742 -0.0978558 -0.287657 -0.153772 
