3.148 0.226517 0.0338173 0.28906 0.0328985 0.348777 0.0332224 0.409336 0.0329149 0.475024 0.0317042 0.543153 0.0315923 0.614203 0.0312388 
4.23 -0.118641 -0.299699 -0.0601121 -0.29855 -0.00653673 -0.297317 0.0459843 -0.297933 0.100428 -0.300287 0.155061 -0.302858 0.210446 -0.306493 
4.152 -0.16658 -0.298329 -0.107287 -0.296234 -0.0533354 -0.29412 -0.00077396 -0.293816 0.0533647 -0.295255 0.107401 -0.296923 0.161861 -0.299688 
4.23 -0.043994 -0.0264484 0.0137311 -0.0273638 0.0670003 -0.0272441 0.119827 -0.0279746 0.175422 -0.0296499 0.2318 -0.0307142 0.289489 -0.0320217 
3.326 0.122422 0.0755924 0.18216 0.0751037 0.238571 0.0759651 0.295513 0.0763009 0.356295 0.0759193 0.418803 0.0766038 0.483691 0.0774264 
4.25 -0.107684 -0.31545 -0.0492254 -0.314509 0.00434385 -0.313534 0.0569223 -0.314364 0.111437 -0.317078 0.166202 -0.320027 0.221724 -0.324121 
4.207 -0.131653 -0.306547 -0.0729407 -0.305122 -0.0192675 -0.303639 0.0332091 -0.303983 0.0875894 -0.306161 0.141966 -0.308534 0.197066 -0.312018 
4.184 -0.146035 -0.309286 -0.0870568 -0.307533 -0.0332776 -0.305776 0.0192356 -0.305906 0.0734823 -0.30778 0.127703 -0.309946 0.182458 -0.31318 
4.145 -0.172743 -0.325723 -0.113335 -0.323268 -0.0592978 -0.320924 -0.00665243 -0.320435 0.047491 -0.3218 0.101473 -0.323469 0.15586 -0.326291 
4.156 -0.138502 -0.16684 -0.0796952 -0.166121 -0.0261719 -0.165033 0.0260979 -0.165337 0.0801865 -0.16707 0.134452 -0.168644 0.189368 -0.170974 
4.219 -0.128914 -0.340104 -0.0701727 -0.338574 -0.0164727 -0.337116 0.0360399 -0.337583 0.0903852 -0.339938 0.14481 -0.342606 0.199899 -0.346506 
4.125 -0.115902 -0.036721 -0.0574564 -0.0372637 -0.00418653 -0.0368576 0.0479654 -0.0373525 0.102207 -0.0387562 0.156754 -0.0395853 0.212193 -0.04075 
4.254 -0.10426 -0.345583 -0.045818 -0.344555 0.0077463 -0.343519 0.0603586 -0.344457 0.114924 -0.347266 0.169769 -0.350466 0.225432 -0.354811 
4.129 -0.184386 -0.300384 -0.124776 -0.29791 -0.0706335 -0.295448 -0.0179909 -0.294839 0.036117 -0.295925 0.0899908 -0.297265 0.144224 -0.299704 
4.246 -0.111108 -0.362704 -0.0525647 -0.361532 0.00102411 -0.360355 0.0536521 -0.361207 0.108121 -0.363998 0.162815 -0.367233 0.218255 -0.371626 
4.184 -0.14535 -0.292165 -0.0864142 -0.290535 -0.0326164 -0.2889 0.0198558 -0.28902 0.0740769 -0.290899 0.128293 -0.292967 0.183086 -0.296086 
4.199 -0.135762 -0.321613 -0.0770018 -0.319965 -0.0232686 -0.318364 0.0292129 -0.318596 0.0835744 -0.320716 0.137948 -0.323097 0.192988 -0.326599 
4.031 -0.217258 -0.167525 -0.156705 -0.165841 -0.102096 -0.163784 -0.0494357 -0.163112 0.00450256 -0.163815 0.0579976 -0.164363 0.111705 -0.165754 
4.262 -0.0960416 -0.288056 -0.0377008 -0.287406 0.0158163 -0.286625 0.0683557 -0.287604 0.123005 -0.290354 0.177922 -0.293269 0.233719 -0.297231 
4.176 -0.151513 -0.348322 -0.0924859 -0.34622 -0.0386548 -0.344178 0.0138876 -0.344099 0.0681213 -0.345875 0.122328 -0.34804 0.177065 -0.351348 
4.176 -0.153568 -0.333941 -0.0945422 -0.331882 -0.0407128 -0.32986 0.0118209 -0.329765 0.0660396 -0.331444 0.120223 -0.333519 0.174948 -0.336688 
4.203 -0.139186 -0.372976 -0.0803895 -0.371022 -0.0266115 -0.36916 0.0259102 -0.369309 0.0802524 -0.371523 0.134572 -0.374064 0.189576 -0.377958 
4.09 -0.178222 -0.16684 -0.118599 -0.165603 -0.064819 -0.164018 -0.0124353 -0.163852 0.0414875 -0.165037 0.0952469 -0.16611 0.14954 -0.167964 
4.211 -0.129599 -0.357225 -0.0708522 -0.355576 -0.0171515 -0.354065 0.0353807 -0.354523 0.0897233 -0.356873 0.144138 -0.359636 0.199199 -0.363643 
4.234 -0.117956 -0.327777 -0.0594215 -0.326539 -0.00581469 -0.325267 0.0467459 -0.325906 0.101207 -0.328364 0.155862 -0.331114 0.211244 -0.33502 
4.227 -0.0802904 -0.142186 -0.0222558 -0.142397 0.0310379 -0.142062 0.0834651 -0.1431 0.138318 -0.145411 0.193543 -0.147507 0.249906 -0.150185 
4.18 -0.150829 -0.38051 -0.091796 -0.378193 -0.0379494 -0.376048 0.0146246 -0.375983 0.0688521 -0.377879 0.123028 -0.380212 0.177808 -0.383852 
4.129 -0.183016 -0.31545 -0.123418 -0.312911 -0.0692815 -0.310415 -0.0166242 -0.309791 0.0375069 -0.31092 0.0914031 -0.312321 0.145614 -0.314854 
1.081 -0.332311 0.303643 -0.266642 0.29675 -0.208265 0.292533 -0.152672 0.288574 -0.0963922 0.284721 -0.0417114 0.282528 0.0121598 0.281128 
4.156 -0.167265 -0.365443 -0.107988 -0.362836 -0.0539844 -0.360379 -0.00136613 -0.359983 0.0528102 -0.361492 0.106854 -0.36333 0.161322 -0.366458 
4.281 -0.0542665 -0.163416 0.00353854 -0.163897 0.0569077 -0.1639 0.109773 -0.165267 0.165025 -0.168068 0.221011 -0.170655 0.278121 -0.173862 
4.152 -0.167265 -0.348322 -0.107963 -0.345837 -0.0539791 -0.343487 -0.00138958 -0.343098 0.0527791 -0.344583 0.106836 -0.346394 0.161288 -0.349389 
0.938 -0.287111 0.346103 -0.222823 0.338919 -0.165469 0.334595 -0.1105 0.330666 -0.054598 0.326961 -0.000112112 0.325125 0.0538455 0.324099 
4.129 -0.185755 -0.33531 -0.126114 -0.332506 -0.0719296 -0.32988 -0.0192377 -0.329094 0.0348942 -0.33018 0.0887871 -0.331555 0.143002 -0.334131 
4.16 -0.161786 -0.313395 -0.102525 -0.311336 -0.0485876 -0.309307 0.00396151 -0.309128 0.05813 -0.310699 0.112187 -0.312567 0.166655 -0.315575 
3.373 -0.258348 0.0755924 -0.196072 0.0738803 -0.140282 0.0735696 -0.0869233 0.072653 -0.032493 0.07142 0.0209207 0.0710441 0.0742191 0.0708065 
4.25 -0.113847 -0.388728 -0.0552673 -0.387386 -0.00165199 -0.386101 0.0509603 -0.38694 0.105419 -0.389795 0.160079 -0.393084 0.215424 -0.397687 
4.266 -0.100836 -0.374346 -0.0424243 -0.373253 0.0111537 -0.37216 0.0637455 -0.373188 0.118339 -0.376141 0.173204 -0.379553 0.228896 -0.384226 
4.203 -0.0645391 -0.032612 -0.00679848 -0.0333314 0.0464345 -0.0331469 0.0989823 -0.0337933 0.154141 -0.0354432 0.210004 -0.0364757 0.267099 -0.0378441 
4.258 -0.0994658 -0.303808 -0.0410984 -0.302989 0.012372 -0.302132 0.0649575 -0.303039 0.119593 -0.305804 0.174487 -0.308795 0.230249 -0.312888 
4.102 -0.129599 -0.0360362 -0.0710948 -0.0364347 -0.0177891 -0.0359874 0.0343777 -0.0363646 0.0886129 -0.0376974 0.143009 -0.0384367 0.198248 -0.0394788 
1.668 -0.324093 0.248856 -0.259458 0.243561 -0.201854 0.240652 -0.146806 0.237721 -0.0909648 0.234759 -0.0365953 0.233293 0.0170108 0.232549 
4.18 -0.152198 -0.365443 -0.0931656 -0.363164 -0.0393289 -0.361047 0.013212 -0.360947 0.0674649 -0.362749 0.121653 -0.364954 0.176424 -0.368418 
4.09 -0.172743 -0.143556 -0.11314 -0.142606 -0.0593932 -0.141206 -0.00710662 -0.141154 0.046886 -0.142421 0.100648 -0.14346 0.154899 -0.145224 
4.121 -0.151513 -0.139447 -0.0923464 -0.138841 -0.0387893 -0.13768 0.013391 -0.13785 0.0673119 -0.139299 0.121361 -0.140626 0.176059 -0.142566 
4.133 -0.180962 -0.363389 -0.121357 -0.360498 -0.0671773 -0.35783 -0.0145034 -0.357209 0.0396207 -0.358443 0.0935559 -0.360062 0.147814 -0.362938 
4.105 -0.196713 -0.313395 -0.136764 -0.310604 -0.0824263 -0.307915 -0.0296839 -0.307049 0.0244413 -0.308001 0.0782433 -0.309187 0.132268 -0.311545 
1.874 0.118997 0.15024 0.178602 0.150426 0.234806 0.15216 0.291362 0.15356 0.351732 0.154562 0.413721 0.156979 0.478095 0.159677 
4.215 -0.130968 -0.391467 -0.0721922 -0.38956 -0.0184559 -0.387893 0.0340961 -0.388318 0.0884734 -0.390749 0.142856 -0.393605 0.197949 -0.397838 
1.381 0.000520477 0.239269 0.0589882 0.23814 0.113115 0.239002 0.166951 0.239871 0.223652 0.240713 0.281085 0.243017 0.339837 0.245848 
1.832 -0.263827 0.194754 -0.201209 0.190972 -0.14516 0.189214 -0.091431 0.187225 -0.0365756 0.185378 0.0171901 0.184673 0.0707367 0.18452 
1.393 0.00873853 0.222832 0.067119 0.221785 0.121308 0.222753 0.175304 0.223667 0.232145 0.224415 0.289848 0.226659 0.348893 0.22935 
4.168 -0.164525 -0.395576 -0.105222 -0.392857 -0.0511977 -0.390369 0.00143592 -0.390018 0.0556172 -0.391674 0.109704 -0.393776 0.164184 -0.397246 
3.908 0.147076 0.0105328 0.207309 0.00941484 0.264427 0.00939896 0.322126 0.00873556 0.383814 0.00714143 0.447566 0.00630862 0.513922 0.00541897 
4.105 -0.200137 -0.299699 -0.140161 -0.297011 -0.0857909 -0.294348 -0.0330582 -0.293503 0.0210605 -0.294354 0.0748314 -0.295471 0.128857 -0.297678 
4.207 -0.130968 -0.290796 -0.072294 -0.289488 -0.018638 -0.288087 0.0338447 -0.288456 0.0881922 -0.290606 0.142605 -0.292937 0.197719 -0.296326 
4.125 -0.159047 -0.167525 -0.0998697 -0.166518 -0.0462287 -0.165166 0.00611316 -0.165223 0.060185 -0.166635 0.114111 -0.167957 0.168667 -0.17005 
4.109 -0.198082 -0.348322 -0.138088 -0.345178 -0.0837524 -0.342223 -0.0309087 -0.341261 0.0231834 -0.342133 0.0770406 -0.343375 0.131028 -0.345871 
4.242 -0.0830297 -0.16958 -0.0249097 -0.169587 0.0283005 -0.169238 0.0807945 -0.17026 0.135569 -0.172725 0.190821 -0.175038 0.247081 -0.178057 
1.178 -0.323408 0.278989 -0.258579 0.272933 -0.200971 0.269457 -0.145768 0.266002 -0.0898327 0.262673 -0.0354099 0.260913 0.018298 0.259827 
3.412 0.0820162 0.0680592 0.140672 0.0673595 0.195886 0.0679754 0.251372 0.0681578 0.310374 0.0675572 0.370581 0.0678981 0.43284 0.0684546 
4.133 -0.180962 -0.38051 -0.121341 -0.377449 -0.0671518 -0.374667 -0.0144184 -0.373982 0.0396986 -0.375233 0.0936347 -0.376856 0.147892 -0.379911 
4.156 -0.165895 -0.38051 -0.106594 -0.377835 -0.0526017 -0.375391 2.16453e-05 -0.375015 0.0541889 -0.376591 0.10826 -0.378569 0.16273 -0.381918 
3.979 0.131324 0.0105328 0.19113 0.00940979 0.247761 0.00944703 0.304937 0.00874284 0.366006 0.00719213 0.428948 0.00641788 0.494432 0.00552911 
0.97 -0.366553 0.333776 -0.299197 0.325549 -0.239536 0.320286 -0.183024 0.315284 -0.125852 0.31058 -0.0705758 0.307673 -0.0162723 0.305544 
4.105 -0.151513 -0.109999 -0.0925786 -0.109673 -0.0389573 -0.108695 0.0131644 -0.108885 0.0672458 -0.110236 0.121228 -0.111393 0.175875 -0.113032 
1.886 -0.315875 0.219408 -0.251426 0.214789 -0.194065 0.212258 -0.139197 0.209683 -0.0835356 0.207045 -0.0294393 0.205888 0.0240296 0.205268 
4.137 -0.183701 -0.40037 -0.124072 -0.397132 -0.0698292 -0.394151 -0.017126 -0.393342 0.0370082 -0.394523 0.0909387 -0.396145 0.145153 -0.39912 
4.32 -0.0309821 -0.162731 0.0266669 -0.16363 0.0801897 -0.163854 0.133252 -0.165521 0.189161 -0.168621 0.245586 -0.171443 0.303507 -0.174937 
4.109 -0.200137 -0.367498 -0.140161 -0.364156 -0.0857577 -0.361066 -0.0329008 -0.360048 0.0211495 -0.360853 0.0750184 -0.362145 0.129028 -0.364638 
4.27 -0.100151 -0.389412 -0.0417054 -0.388288 0.0118809 -0.387208 0.0645012 -0.388237 0.119075 -0.391319 0.173933 -0.39479 0.229602 -0.399648 
4.152 -0.133023 -0.144925 -0.0743199 -0.144469 -0.0208412 -0.143539 0.0313365 -0.143923 0.0854814 -0.145587 0.139796 -0.147151 0.194801 -0.149311 
1.379 -0.0344062 0.0803862 0.0233411 0.0792507 0.0767407 0.0795152 0.129686 0.0793775 0.185311 0.0786668 0.241845 0.0790228 0.299418 0.0793299 
4.191 -0.149459 -0.395576 -0.0904479 -0.393216 -0.0365712 -0.391065 0.0159957 -0.390996 0.0702195 -0.393021 0.124449 -0.395434 0.179186 -0.399238 
1.657 0.0854404 0.12764 0.144226 0.127236 0.199548 0.128391 0.255166 0.129266 0.314212 0.129481 0.374614 0.131056 0.437036 0.132862 
4.211 -0.0665936 -0.0586358 -0.00888413 -0.0593076 0.0443353 -0.0591008 0.0968566 -0.0598653 0.151999 -0.0616895 0.207765 -0.0630261 0.264766 -0.0646589 
1.654 0.133379 0.169415 0.19325 0.169739 0.24989 0.171685 0.30682 0.173261 0.367649 0.174555 0.430199 0.177254 0.495128 0.180401 
4.066 -0.187125 -0.142186 -0.127208 -0.141072 -0.0731066 -0.139539 -0.0207361 -0.13931 0.0331576 -0.14039 0.0868053 -0.141319 0.140737 -0.142877 
4.113 -0.199452 -0.387358 -0.139462 -0.38383 -0.0850434 -0.380644 -0.032179 -0.379527 0.0219451 -0.380343 0.075771 -0.381659 0.129828 -0.384288 
1.404 -0.0576907 0.0797014 0.000348306 0.0784979 0.0536863 0.0787081 0.106425 0.0784619 0.161752 0.0776531 0.217736 0.0778369 0.274657 0.078078 
3.928 -0.279578 -0.16958 -0.2172 -0.167167 -0.161226 -0.164412 -0.107524 -0.163082 -0.0530769 -0.163016 0.000397002 -0.162952 0.0536149 -0.163639 
1.374 -0.00495822 0.215299 0.053279 0.214103 0.107381 0.21496 0.161066 0.215605 0.21768 0.216265 0.274819 0.218084 0.333416 0.220531 
0.852 -0.452157 0.355006 -0.380805 0.344819 -0.318211 0.33778 -0.259108 0.331313 -0.19999 0.325056 -0.143147 0.320743 -0.0880154 0.317147 
1.391 0.00873853 0.254335 0.0672723 0.253238 0.121574 0.254255 0.175566 0.25534 0.2325 0.256284 0.290221 0.258861 0.349344 0.262066 
4.109 -0.157677 -0.12712 -0.0986313 -0.126461 -0.0449345 -0.125326 0.00725679 -0.125419 0.0612595 -0.12678 0.115207 -0.127951 0.169767 -0.129696 
4.105 -0.201507 -0.402424 -0.141513 -0.398706 -0.0870452 -0.395358 -0.0342318 -0.39417 0.0198979 -0.394947 0.0737389 -0.396227 0.127752 -0.398832 
0.963 -0.324777 0.337885 -0.259285 0.330289 -0.201076 0.32549 -0.14555 0.321171 -0.0892769 0.31706 -0.0345264 0.314718 0.0193641 0.313197 
0.799 -0.149459 0.531694 -0.0885475 0.524378 -0.0333059 0.520562 0.0203882 0.517553 0.0759009 0.515154 0.13083 0.51526 0.185908 0.516578 
1.182 -0.302178 0.267347 -0.238149 0.261881 -0.180912 0.258601 -0.126206 0.255565 -0.0704829 0.252478 -0.0162342 0.251025 0.0374244 0.250339 
1.015 -0.435036 0.322819 -0.365379 0.314311 -0.3039 0.308579 -0.24585 0.303318 -0.187447 0.298156 -0.131276 0.294723 -0.0764924 0.291964 
4.223 -0.103575 -0.183961 -0.045262 -0.18372 0.00807773 -0.183032 0.0604235 -0.183788 0.11495 -0.18611 0.169795 -0.188252 0.225472 -0.191085 
4.246 -0.0672785 -0.136022 -0.00940837 -0.136372 0.0438154 -0.136202 0.0963687 -0.137239 0.151387 -0.139676 0.207056 -0.141837 0.263783 -0.144563 
1.665 0.0813313 0.105725 0.140084 0.105308 0.195287 0.106143 0.250867 0.106852 0.309872 0.106801 0.370166 0.107896 0.43252 0.109105 
0.825 -0.429558 0.362539 -0.359259 0.352399 -0.297523 0.345427 -0.239115 0.338985 -0.180572 0.332893 -0.124285 0.328692 -0.0694175 0.325294 
4.137 -0.129599 -0.107259 -0.0710684 -0.10705 -0.0177253 -0.106297 0.0344508 -0.106617 0.0886638 -0.108165 0.143106 -0.10947 0.198364 -0.111327 
4.223 -0.12549 -0.371607 -0.066825 -0.369942 -0.0131052 -0.368439 0.0394409 -0.368976 0.0938418 -0.371488 0.148322 -0.37439 0.203518 -0.378593 
4.258 -0.0255034 -0.0339816 0.032107 -0.0349247 0.0855321 -0.0348853 0.138605 -0.0356903 0.194654 -0.0375217 0.25159 -0.0387102 0.309874 -0.0402038 
0.849 -0.409697 0.353636 -0.340441 0.34412 -0.279429 0.337659 -0.2217 0.331761 -0.163606 0.32618 -0.107704 0.322372 -0.0530137 0.319426 
0.814 -0.452842 0.369388 -0.381574 0.358796 -0.318872 0.351343 -0.259767 0.34452 -0.200558 0.338055 -0.143737 0.33342 -0.0885669 0.329665 
1.629 -0.264512 0.17147 -0.201622 0.168027 -0.145292 0.166462 -0.0914615 0.164661 -0.036359 0.162876 0.01739 0.162266 0.0709576 0.162009 
0.907 -0.406273 0.339255 -0.337134 0.330258 -0.276259 0.324348 -0.218644 0.31886 -0.160723 0.313586 -0.104751 0.310033 -0.0502473 0.30728 
1.362 -0.00838241 0.261183 0.0500841 0.259901 0.104343 0.260673 0.158003 0.261563 0.214523 0.262393 0.271648 0.264859 0.330098 0.267873 
4.102 -0.201507 -0.332571 -0.141549 -0.329508 -0.087167 -0.326671 -0.0343715 -0.325684 0.0197344 -0.326557 0.0735526 -0.327712 0.127577 -0.330087 
4.277 -0.0398849 -0.118902 0.0179721 -0.119684 0.0712377 -0.119816 0.124116 -0.121114 0.179724 -0.123703 0.236207 -0.12597 0.293714 -0.128723 
1.776 0.0642104 0.072853 0.122633 0.0720883 0.177326 0.0726848 0.232284 0.0728331 0.290572 0.0721807 0.350047 0.0726052 0.411334 0.073177 
1.143 -0.335735 0.288577 -0.270318 0.282133 -0.212164 0.278237 -0.156613 0.274538 -0.100341 0.270939 -0.0457287 0.268948 0.00810991 0.267683 
3.086 -0.322038 0.23516 -0.257383 0.230063 -0.199816 0.227162 -0.144909 0.2243 -0.0891715 0.221355 -0.0350057 0.219966 0.0185066 0.219144 
4.133 -0.117272 -0.0593206 -0.0588035 -0.0596369 -0.00550258 -0.0591213 0.0466295 -0.0596855 0.100859 -0.0611686 0.155362 -0.0622187 0.210725 -0.063706 
2.863 0.00257499 0.043405 0.060356 0.0424096 0.114096 0.042824 0.167779 0.0425099 0.224659 0.041735 0.282414 0.0415265 0.341635 0.0413809 
3.9 0.10941 0.00847829 0.168701 0.00736681 0.224711 0.00738311 0.281222 0.0067053 0.341445 0.00513862 0.40331 0.0043818 0.46747 0.00344003 
1.478 -0.259718 0.268717 -0.197 0.26346 -0.140749 0.260624 -0.086643 0.258054 -0.0314122 0.25555 0.0225708 0.254529 0.0763968 0.254341 
4.375 0.0833858 -0.0285029 0.142089 -0.0298983 0.197323 -0.0302074 0.253052 -0.0314588 0.312307 -0.0337212 0.372899 -0.035186 0.435673 -0.0369822 
1.425 -0.0131763 0.0797014 0.0446522 0.0786608 0.0982021 0.0790083 0.151447 0.0789434 0.20751 0.0783186 0.264333 0.0786501 0.322452 0.0790768 
4.223 -0.122065 -0.260663 -0.0634377 -0.259712 -0.00983406 -0.258566 0.0426455 -0.259158 0.0970598 -0.261522 0.151629 -0.263897 0.206892 -0.267341 
4.203 -0.0898781 -0.116847 -0.0318606 -0.117014 0.0213686 -0.116637 0.0736991 -0.117368 0.128272 -0.119395 0.183413 -0.121159 0.239413 -0.123406 
1.549 0.0244898 0.089974 0.0824806 0.0889946 0.136523 0.0896401 0.190575 0.0896782 0.247759 0.0892901 0.305916 0.0897647 0.365564 0.0904451 
4.242 -0.10152 -0.259293 -0.0430971 -0.258809 0.0103869 -0.258025 0.0629199 -0.258945 0.117469 -0.261614 0.172336 -0.264349 0.227999 -0.268094 
3.938 -0.279578 -0.183276 -0.217198 -0.180593 -0.161204 -0.177686 -0.107529 -0.176208 -0.0530151 -0.176066 0.000494227 -0.175981 0.0537254 -0.176717 
1.336 -0.0316669 0.115998 0.0262039 0.114779 0.0797319 0.115109 0.132822 0.115157 0.188623 0.114858 0.245103 0.115551 0.302781 0.116323 
0.88 -0.389152 0.342679 -0.32066 0.333721 -0.260325 0.327769 -0.203031 0.322331 -0.145325 0.31705 -0.0896673 0.313599 -0.0351895 0.310957 
3.699 -0.378195 -0.0305575 -0.311947 -0.0300874 -0.253094 -0.0288346 -0.197148 -0.0283676 -0.140893 -0.028706 -0.0865832 -0.0285486 -0.0332174 -0.0287233 
4.074 -0.158362 -0.0682235 -0.0993106 -0.068243 -0.0457168 -0.067453 0.006509 -0.0676628 0.0605385 -0.0688672 0.11452 -0.0696695 0.169199 -0.070829 
4.203 -0.094672 -0.142871 -0.0365336 -0.142944 0.0166879 -0.142462 0.0690363 -0.143286 0.123577 -0.145433 0.178604 -0.147391 0.234514 -0.149921 
4.289 -0.022764 -0.091508 0.0347681 -0.0924443 0.0882911 -0.0926092 0.141501 -0.0938755 0.197512 -0.0963103 0.254236 -0.0983157 0.312585 -0.100725 
1.666 0.0888645 0.141337 0.147795 0.141159 0.203253 0.142496 0.259011 0.143509 0.318161 0.143996 0.378743 0.14572 0.44137 0.147843 
1.744 0.103931 0.0927133 0.162995 0.092228 0.218693 0.0931676 0.27482 0.0937688 0.334501 0.0936235 0.395718 0.0945083 0.458955 0.0956972 
4.297 -0.0248185 -0.116847 0.0328683 -0.117718 0.0863321 -0.117971 0.139418 -0.11936 0.195367 -0.122056 0.252233 -0.124378 0.310334 -0.127228 
0.803 -0.182331 0.533064 -0.120755 0.524924 -0.0650719 0.520248 -0.011181 0.516415 0.0443548 0.513238 0.0991262 0.512521 0.153873 0.51302 
1.124 -0.310396 0.287892 -0.245999 0.281779 -0.188606 0.278198 -0.133641 0.274805 -0.0778164 0.271425 -0.0233683 0.269772 0.0303387 0.26886 
1.476 0.0368169 0.244062 0.0954433 0.243545 0.149981 0.244847 0.204446 0.246207 0.261937 0.247328 0.320513 0.250265 0.380531 0.253665 
4.383 0.0354472 -0.123695 0.093458 -0.125196 0.147654 -0.126203 0.202014 -0.128215 0.259494 -0.131648 0.318045 -0.134597 0.378355 -0.138105 
4.012 -0.217258 -0.120271 -0.156995 -0.119145 -0.10247 -0.117474 -0.0496227 -0.117078 0.00413397 -0.117801 0.0577063 -0.118312 0.111207 -0.119432 
1.649 0.08681 0.240638 0.146033 0.24086 0.201566 0.242964 0.257257 0.245 0.316432 0.24689 0.376971 0.250633 0.439437 0.254682 
0.803 -0.469963 0.372812 -0.397686 0.36182 -0.334242 0.354067 -0.274559 0.346938 -0.214979 0.340168 -0.157791 0.335249 -0.102316 0.331245 
4.27 -0.0378304 -0.0921929 0.0198658 -0.0930175 0.0732055 -0.0931167 0.125885 -0.0942755 0.181714 -0.0966151 0.238112 -0.0985523 0.295704 -0.10089 
3.926 0.027914 0.0153267 0.0859577 0.0143168 0.140209 0.014423 0.194393 0.0139348 0.252002 0.0125402 0.310762 0.0119997 0.370877 0.0113116 
1.474 0.0224353 0.109834 0.0804874 0.109024 0.134524 0.109689 0.188499 0.110077 0.24552 0.109927 0.303531 0.110954 0.362921 0.112082 
1.688 0.101192 0.159143 0.160476 0.159179 0.21629 0.160723 0.272404 0.161994 0.332101 0.162819 0.39326 0.165063 0.456557 0.167647 
3.729 -0.371346 -0.070278 -0.305465 -0.0688801 -0.246823 -0.0668949 -0.19104 -0.0659089 -0.134953 -0.0656625 -0.0806653 -0.0653279 -0.0273337 -0.0652924 
1.61 0.0737981 0.179688 0.132591 0.179436 0.187784 0.180894 0.243049 0.182128 0.301734 0.183001 0.361703 0.185301 0.423523 0.187953 
4.25 0.116943 -0.00658814 0.176307 -0.00791735 0.232404 -0.00818261 0.289054 -0.00912167 0.349416 -0.0110895 0.411416 -0.0123132 0.47576 -0.0137141 
1.631 0.078592 0.162567 0.137364 0.16236 0.192583 0.163797 0.24793 0.164973 0.30669 0.165776 0.366733 0.167931 0.428736 0.170393 
0.785 -0.31245 0.441981 -0.247083 0.432231 -0.188894 0.425825 -0.133453 0.420194 -0.077018 0.414995 -0.0222937 0.411997 0.0317861 0.409999 
1.065 -0.351486 0.309122 -0.285157 0.301662 -0.226364 0.29696 -0.170164 0.292582 -0.113569 0.288351 -0.0586051 0.285812 -0.0045088 0.284065 
0.908 -0.337105 0.360485 -0.27084 0.351994 -0.212076 0.34655 -0.156063 0.341611 -0.0994308 0.336869 -0.0444044 0.334127 0.00979797 0.332212 
4.387 0.0347624 -0.146295 0.0928012 -0.147887 0.147019 -0.148959 0.201339 -0.151287 0.258764 -0.154875 0.317282 -0.158103 0.37756 -0.162094 
3.723 -0.363813 -0.0353513 -0.298206 -0.0349206 -0.239734 -0.0336179 -0.184075 -0.0332659 -0.128112 -0.0335308 -0.0740155 -0.0334284 -0.0207467 -0.0335847 
4.027 -0.215888 -0.14698 -0.155341 -0.145523 -0.100655 -0.143662 -0.0479477 -0.143124 0.00594655 -0.143826 0.0594361 -0.14443 0.113059 -0.145735 
1.507 -0.244651 0.263238 -0.182537 0.258671 -0.126858 0.256316 -0.0731666 0.254076 -0.0182375 0.251924 0.0357848 0.251418 0.0896684 0.251542 
3.926 -0.205616 0.013957 -0.145216 0.0131978 -0.090778 0.0135415 -0.0382436 0.0132618 0.0157191 0.0121938 0.0691184 0.01188 0.12285 0.0114296 
0.785 -0.381619 0.400205 -0.313402 0.389742 -0.25307 0.382635 -0.195856 0.37623 -0.138167 0.370135 -0.08242 0.366162 -0.027802 0.363147 
1.287 -0.277524 0.270086 -0.214381 0.264772 -0.157821 0.261874 -0.1036 0.259038 -0.0482467 0.256353 0.00588072 0.255241 0.0596518 0.254871 
3.834 -0.374771 -0.27162 -0.309185 -0.266014 -0.250784 -0.260807 -0.195268 -0.257376 -0.139272 -0.255269 -0.0847906 -0.25354 -0.0312242 -0.252752 
3.98 -0.189864 0.00916313 -0.129885 0.00846299 -0.07595 0.00872123 -0.0235763 0.00845994 0.0304126 0.00735097 0.0839916 0.00703242 0.137893 0.00640526 
1.416 0.00805369 0.107095 0.0659869 0.106125 0.11987 0.106718 0.17359 0.106901 0.230448 0.106778 0.288178 0.107634 0.347214 0.108626 
4.199 -0.122065 -0.190809 -0.0634964 -0.19025 -0.010054 -0.189361 0.0422675 -0.18996 0.0965673 -0.192019 0.151104 -0.194117 0.206351 -0.196845 
0.99 -0.343953 0.328982 -0.277799 0.321234 -0.219103 0.316333 -0.163245 0.311854 -0.106645 0.307515 -0.0517659 0.305012 0.0022829 0.303209 
4.262 -0.10289 -0.329147 -0.044483 -0.328189 0.00904404 -0.32723 0.0616519 -0.328117 0.116234 -0.330883 0.171113 -0.333961 0.226822 -0.338191 
1.675 0.0943432 0.19133 0.153511 0.19148 0.209061 0.193114 0.265005 0.194803 0.324193 0.196098 0.385074 0.198951 0.447859 0.202152 
1.367 -0.022764 0.0968224 0.0350055 0.0956998 0.0885882 0.0960989 0.141746 0.0960862 0.197712 0.0956045 0.254428 0.0960986 0.31237 0.0966708 
1.701 0.08681 0.0913437 0.145628 0.0909005 0.200935 0.0916592 0.256661 0.0921909 0.31576 0.091962 0.376242 0.0928311 0.438761 0.0938675 
1.112 -0.410382 0.306383 -0.341824 0.298642 -0.281363 0.293647 -0.22397 0.288897 -0.166239 0.284308 -0.110645 0.281367 -0.0562257 0.279095 
1.645 0.0265443 0.0762772 0.0845481 0.0754371 0.138511 0.0759292 0.19254 0.075953 0.249604 0.0753988 0.307809 0.0758003 0.367436 0.0761762 
1.282 -0.301493 0.248171 -0.237635 0.243029 -0.180569 0.240205 -0.125858 0.237435 -0.0704253 0.23461 -0.0161714 0.23332 0.037375 0.232602 
4.246 -0.0494727 -0.0771264 0.00835084 -0.0778399 0.0615126 -0.0777912 0.114231 -0.0788076 0.169601 -0.0809514 0.225651 -0.0826592 0.282898 -0.0847539 
3.824 -0.367237 -0.233954 -0.301837 -0.229315 -0.243561 -0.224708 -0.188041 -0.221795 -0.132102 -0.220155 -0.0777489 -0.218568 -0.0242473 -0.217981 
1.014 -0.37888 0.319395 -0.311349 0.311399 -0.251661 0.306127 -0.194918 0.301224 -0.137721 0.29637 -0.0824801 0.293535 -0.0283274 0.291087 
1.403 -0.200137 0.272826 -0.13903 0.268515 -0.0840719 0.266513 -0.0307412 0.264699 0.0240127 0.262979 0.0782565 0.262932 0.132364 0.263514 
3.721 -0.35491 -0.00795781 -0.289548 -0.00811126 -0.231241 -0.00715406 -0.175779 -0.00716162 -0.120017 -0.00776579 -0.0659005 -0.00778385 -0.0127567 -0.00823624 
1.236 -0.123435 0.313231 -0.0637583 0.309495 -0.00963221 0.308109 0.0434421 0.307288 0.0984929 0.306475 0.153415 0.307477 0.208941 0.309051 
3.861 -0.350116 -0.253815 -0.285499 -0.249044 -0.227886 -0.244505 -0.172839 -0.241543 -0.117377 -0.240023 -0.0632166 -0.238668 -0.00975355 -0.238393 
1.578 0.0696891 0.230366 0.128562 0.23034 0.183891 0.232148 0.239049 0.23394 0.297688 0.235405 0.357423 0.238701 0.419156 0.242398 
3.85 -0.348062 -0.222997 -0.283462 -0.21885 -0.225837 -0.214689 -0.170789 -0.212077 -0.115324 -0.210736 -0.061208 -0.209576 -0.00786072 -0.209311 
4.426 0.0409259 -0.185331 0.09911 -0.18736 0.153559 -0.188762 0.208066 -0.191478 0.265714 -0.195838 0.324511 -0.19993 0.385148 -0.204832 
1.411 -0.200822 0.249541 -0.139824 0.245514 -0.0848857 0.243679 -0.0316526 0.241984 0.0227537 0.240311 0.0771817 0.240272 0.131193 0.240777 
1.44 0.000520477 0.0927133 0.0583478 0.0916732 0.112098 0.0921849 0.165712 0.0923403 0.222305 0.0919603 0.279736 0.0927053 0.338508 0.0935203 
3.736 -0.354225 -0.0243939 -0.288859 -0.024093 -0.230528 -0.0230002 -0.175159 -0.0226531 -0.119393 -0.0230608 -0.0652683 -0.0229959 -0.0121361 -0.0232244 
1.233 -0.0905629 0.311861 -0.0314387 0.308837 0.0226697 0.308066 0.0757387 0.30764 0.131071 0.307415 0.186484 0.308891 0.242596 0.311061 
4.215 -0.0686481 -0.0853445 -0.0108679 -0.0857905 0.0423693 -0.0855186 0.0948563 -0.0864093 0.149961 -0.088344 0.20571 -0.0897932 0.262607 -0.0919436 
1.436 -0.222737 0.236529 -0.161213 0.23244 -0.105817 0.23049 -0.0525116 0.228604 0.0022485 0.226683 0.0562486 0.226523 0.110093 0.226722 
3.938 -0.219312 0.00573894 -0.158541 0.00515237 -0.10395 0.00553316 -0.0513191 0.00527208 0.00263234 0.00424976 0.0560234 0.0039924 0.109549 0.003483 
4.406 0.027914 -0.21067 0.0860367 -0.212349 0.140187 -0.213697 0.194407 -0.21646 0.25147 -0.221007 0.309681 -0.225293 0.369584 -0.230496 
3.6 0.0813313 0.013957 0.140019 0.0129002 0.195355 0.0129611 0.250982 0.0123139 0.310318 0.010804 0.371043 0.010122 0.43377 0.00926809 
1.228 -0.0665936 0.311177 -0.00765674 0.308556 0.0463804 0.308201 0.0996156 0.308187 0.155276 0.308291 0.211043 0.310224 0.267766 0.312815 
1.421 0.201178 0.155034 0.262656 0.155549 0.321158 0.157885 0.380303 0.159502 0.443972 0.160929 0.509831 0.163783 0.578344 0.166963 
4.273 -0.0124914 -0.0401452 0.0451709 -0.0411169 0.0987543 -0.0411579 0.15217 -0.0420437 0.208615 -0.0439699 0.265987 -0.0452711 0.324755 -0.0468514 
3.805 0.0669497 0.0125873 0.125462 0.0115526 0.180318 0.0116329 0.235726 0.0110407 0.29433 0.00957092 0.354185 0.00890962 0.416258 0.00810632 
4.262 -0.0515272 -0.107259 0.00623079 -0.107927 0.0594117 -0.107931 0.112114 -0.109086 0.167595 -0.111555 0.223616 -0.113593 0.2809 -0.116112 
3.959 -0.223421 -0.0278181 -0.162539 -0.0279097 -0.107925 -0.0270789 -0.0552143 -0.0271831 -0.00124876 -0.0280689 0.0521778 -0.0284275 0.105625 -0.0291296 
3.791 -0.364498 -0.158622 -0.299139 -0.15541 -0.240872 -0.152194 -0.185358 -0.150004 -0.129515 -0.148891 -0.0753064 -0.147993 -0.0219646 -0.147683 
3.865 -0.343268 -0.240118 -0.278853 -0.235703 -0.221308 -0.231337 -0.166351 -0.22863 -0.110826 -0.227188 -0.0567769 -0.225947 -0.00341115 -0.225674 
3.803 0.0525681 0.0187509 0.110773 0.0177195 0.165382 0.017848 0.220166 0.0173393 0.278514 0.015941 0.338077 0.01535 0.399567 0.014665 
4.012 -0.168634 0.0119025 -0.109243 0.0110716 -0.0555391 0.0114065 -0.00334047 0.0109935 0.0506662 0.00992162 0.104526 0.00953247 0.15874 0.00908517 
3.826 -0.374086 -0.256554 -0.308557 -0.251234 -0.25015 -0.246366 -0.19466 -0.242941 -0.138667 -0.241077 -0.0842463 -0.239374 -0.0306594 -0.23865 
3.445 -0.211094 0.035187 -0.150743 0.0341452 -0.0963118 0.034342 -0.0437599 0.0337377 0.0102112 0.0327417 0.0636839 0.032379 0.117344 0.0321506 
4.441 0.0450349 -0.2093 0.103323 -0.211412 0.157728 -0.213047 0.212255 -0.215979 0.269833 -0.220686 0.328624 -0.225263 0.389225 -0.230723 
4.277 -0.0241337 -0.0689084 0.0333077 -0.0698373 0.0868395 -0.069937 0.139868 -0.0710142 0.19599 -0.0732615 0.252789 -0.0749355 0.31108 -0.0770363 
1.74 0.114888 0.21393 0.174599 0.214221 0.230813 0.216601 0.287263 0.218389 0.347558 0.220544 0.409441 0.223764 0.473472 0.227761 
3.822 -0.35628 -0.201082 -0.291207 -0.197308 -0.233276 -0.193344 -0.177997 -0.190924 -0.122283 -0.189612 -0.0680996 -0.188449 -0.0147473 -0.188293 
4.117 -0.130968 -0.0791809 -0.0724466 -0.0792244 -0.0190773 -0.0785477 0.0330526 -0.0789358 0.0872208 -0.080402 0.141608 -0.0814462 0.19681 -0.0829744 
4.27 -0.0761813 -0.18944 -0.0181495 -0.189453 0.0351465 -0.189133 0.0876674 -0.190271 0.142581 -0.192964 0.19797 -0.195526 0.254479 -0.198761 
4.41 0.0299685 -0.196288 0.0882 -0.197974 0.142309 -0.199285 0.196611 -0.202019 0.253929 -0.206343 0.312362 -0.210403 0.372491 -0.215285 
1.412 -0.258348 0.237899 -0.195808 0.233425 -0.139813 0.231166 -0.0858021 0.22887 -0.030831 0.226643 0.022988 0.226053 0.0766369 0.225952 
1.402 0.010793 0.272141 0.0694283 0.271116 0.123662 0.272024 0.177825 0.273146 0.234736 0.274257 0.292592 0.277083 0.351676 0.280586 
4.191 -0.0652239 -0.0141214 -0.0075229 -0.014906 0.0457156 -0.0146694 0.0982852 -0.0152712 0.153437 -0.0167382 0.209276 -0.017526 0.266359 -0.0185748 
4.305 -0.0179701 -0.129174 0.0396416 -0.130163 0.0932341 -0.130457 0.146548 -0.132028 0.202345 -0.134907 0.259432 -0.137463 0.317746 -0.140549 
0.741 -0.487769 0.438556 -0.41559 0.425502 -0.351981 0.41599 -0.291576 0.407112 -0.231522 0.398796 -0.173842 0.392531 -0.117857 0.387322 
1.746 0.116258 0.181742 0.175765 0.181991 0.231863 0.18386 0.288378 0.185482 0.348444 0.186812 0.410257 0.189624 0.474298 0.192892 
3.986 -0.209725 -0.0312423 -0.14941 -0.0313202 -0.0948313 -0.0304964 -0.0423759 -0.030629 0.011469 -0.0315694 0.0649451 -0.0319959 0.118463 -0.032757 
4.184 -0.0843994 -0.0675387 -0.0265002 -0.0680324 0.0267424 -0.0677418 0.0790195 -0.068465 0.133757 -0.0701656 0.189029 -0.0715267 0.245368 -0.0731814 
3.863 -0.33368 -0.212724 -0.269502 -0.208878 -0.212122 -0.205053 -0.157349 -0.202699 -0.102027 -0.201504 -0.0480344 -0.200602 0.00526034 -0.200492 
1.409 0.166251 0.165306 0.226944 0.165905 0.284273 0.167999 0.342127 0.169785 0.404188 0.17125 0.468078 0.17412 0.534454 0.177375 
0.803 -0.325462 0.389933 -0.259551 0.3808 -0.201021 0.374991 -0.145137 0.369678 -0.0885647 0.364716 -0.033605 0.361673 0.0205429 0.359587 
1.477 -0.226846 0.254335 -0.165243 0.24994 -0.109724 0.247834 -0.0562708 0.245751 -0.00141019 0.243787 0.05248 0.243456 0.106429 0.243641 
1.424 -0.201507 0.235844 -0.14054 0.231952 -0.0856113 0.230204 -0.032393 0.228572 0.0222398 0.226988 0.0763998 0.226889 0.130354 0.227347 
4.137 0.00599918 0.0153267 0.0637814 0.014343 0.117726 0.0144493 0.171405 0.0139763 0.228362 0.0125645 0.28633 0.0120157 0.345713 0.0113388 
4.305 -0.0138611 -0.10315 0.0436156 -0.104166 0.0972433 -0.104424 0.150641 -0.105872 0.206676 -0.108607 0.263915 -0.110931 0.322344 -0.11369 
3.377 0.0957129 0.0680592 0.154667 0.0674339 0.210061 0.068128 0.266002 0.068278 0.325387 0.0677493 0.386458 0.0681588 0.44956 0.0686815 
4.359 -0.00153404 -0.192179 0.056305 -0.193516 0.110078 -0.194411 0.163644 -0.196539 0.219936 -0.200274 0.277235 -0.203862 0.335913 -0.208143 
4.363 0.0327078 -0.10589 0.0906622 -0.107469 0.144888 -0.108243 0.199232 -0.110131 0.256753 -0.113322 0.315311 -0.11608 0.375619 -0.119328 
4.203 0.0950281 0.00984797 0.154161 0.00869402 0.209764 0.00871579 0.265912 0.00803961 0.325618 0.006456 0.386833 0.00571411 0.450435 0.00469893 
0.81 -0.409012 0.372812 -0.339623 0.362776 -0.278597 0.355924 -0.220669 0.349628 -0.162591 0.343728 -0.106514 0.339689 -0.0517312 0.336458 
0.759 -0.432297 0.418011 -0.361858 0.406181 -0.29959 0.397734 -0.240856 0.390068 -0.181926 0.3829 -0.125256 0.377798 -0.0701674 0.373688 
4.355 0.0190111 -0.141501 0.076959 -0.143017 0.130956 -0.143741 0.185063 -0.145933 0.242131 -0.149346 0.300311 -0.152519 0.360093 -0.156374 
4.375 0.0587317 -0.06206 0.116964 -0.0635047 0.171676 -0.0640213 0.226648 -0.0656767 0.285033 -0.0683611 0.344693 -0.070411 0.406213 -0.0728423 
1.646 0.0874949 0.219408 0.146499 0.219554 0.202081 0.221581 0.257635 0.223344 0.316878 0.225051 0.377336 0.228149 0.439784 0.232014 
0.793 -0.394631 0.389933 -0.325843 0.379569 -0.265193 0.372489 -0.207666 0.366104 -0.149627 0.360021 -0.0939625 0.355947 -0.0391662 0.352655 
3.869 -0.348747 -0.27162 -0.284152 -0.266371 -0.226443 -0.261659 -0.171363 -0.258352 -0.115852 -0.256642 -0.0616449 -0.255286 -0.00817154 -0.254751 
1.553 0.155979 0.154349 0.216382 0.154724 0.273585 0.156717 0.331216 0.158203 0.392973 0.15942 0.456512 0.161932 0.522664 0.164698 
4.539 0.0922887 -0.183961 0.151291 -0.186662 0.206694 -0.188818 0.262438 -0.192273 0.321682 -0.197385 0.382578 -0.20198 0.445735 -0.207486 
4.094 -0.152883 -0.0819203 -0.0938713 -0.0817498 -0.0403014 -0.080943 0.0118885 -0.0811872 0.0658724 -0.0825038 0.119839 -0.0834903 0.174429 -0.0849294 
1.464 0.0402411 0.309807 0.0990487 0.309212 0.153786 0.31083 0.208352 0.31262 0.265914 0.314414 0.324423 0.318125 0.384411 0.322599 
4.152 -0.105629 -0.0675387 -0.0474476 -0.0679341 0.00578266 -0.0674306 0.0579732 -0.0680371 0.112451 -0.069542 0.167278 -0.0707574 0.223072 -0.0722492 
0.95 -0.309711 0.341309 -0.244777 0.333904 -0.18695 0.329346 -0.131723 0.325176 -0.075654 0.321195 -0.0211282 0.31908 0.032761 0.317742 
4.27 -0.0220792 -0.0545268 0.0355672 -0.0554735 0.0891066 -0.0555252 0.142332 -0.0565916 0.198552 -0.0586932 0.255628 -0.0602554 0.31409 -0.0621703 
1.731 0.118997 0.233105 0.178712 0.233669 0.235021 0.236149 0.291516 0.238415 0.351796 0.240702 0.413822 0.244649 0.478038 0.249117 
4.352 0.0217504 -0.114108 0.07962 -0.115552 0.133604 -0.116189 0.187703 -0.118012 0.244858 -0.121084 0.303022 -0.123739 0.362877 -0.126884 
4.395 0.0772223 -0.0483632 0.135823 -0.0498897 0.190936 -0.0504673 0.246456 -0.0518604 0.305563 -0.0542894 0.365949 -0.056088 0.428369 -0.0581871 
0.799 -0.339844 0.389933 -0.273482 0.380604 -0.214608 0.374384 -0.158465 0.368927 -0.10176 0.363686 -0.0465696 0.360517 0.00756067 0.3581 
4.25 -0.00495822 0.0255992 0.0527825 0.024656 0.10644 0.0251111 0.160095 0.0246506 0.216754 0.0235533 0.274465 0.0231964 0.333623 0.0227579 
4.363 -0.00290371 -0.215464 0.0549138 -0.216849 0.108679 -0.217806 0.16224 -0.220283 0.218537 -0.224066 0.275732 -0.227934 0.334429 -0.232536 
0.77 -0.302178 0.454992 -0.237076 0.44505 -0.179006 0.438561 -0.123569 0.432831 -0.0672194 0.427592 -0.0124458 0.424551 0.0417013 0.422537 
1.582 0.0690042 0.21256 0.12782 0.212393 0.182984 0.214017 0.238164 0.215474 0.296767 0.216705 0.356445 0.219712 0.418159 0.22304 
4.363 0.0594165 -0.0476784 0.11777 -0.0490164 0.172484 -0.0494351 0.227449 -0.0507722 0.285804 -0.053156 0.345403 -0.0548889 0.406935 -0.0568552 
1.621 0.0765375 0.199548 0.135433 0.199293 0.190662 0.200878 0.245945 0.202306 0.304682 0.20325 0.364627 0.205909 0.426536 0.208802 
4.246 -0.0398849 -0.0415149 0.0178031 -0.0424379 0.071098 -0.0423643 0.123904 -0.0431886 0.179556 -0.044921 0.235958 -0.0461251 0.293687 -0.0475604 
4.258 -0.0193398 -0.0209697 0.038276 -0.021921 0.0917402 -0.0218503 0.14494 -0.0226109 0.201122 -0.0243086 0.258224 -0.0253612 0.316788 -0.0266614 
4.164 -0.104945 -0.0853445 -0.0467407 -0.0855578 0.00642887 -0.0850971 0.0586471 -0.0856478 0.113146 -0.0874183 0.16795 -0.0887441 0.223765 -0.0905273 
0.758 -0.505575 0.407739 -0.432217 0.395122 -0.367481 0.385849 -0.30645 0.37739 -0.245685 0.369154 -0.187553 0.363149 -0.13127 0.358028 
3.645 -0.369292 0.013957 -0.303381 0.0134646 -0.244761 0.0138593 -0.188909 0.0136721 -0.132815 0.0128179 -0.0787605 0.0125642 -0.0253938 0.012262 
2.949 0.0464046 0.0673743 0.104638 0.0663879 0.159117 0.0671443 0.21396 0.0672053 0.271982 0.0665225 0.331376 0.0670349 0.392346 0.0674701 
4.512 0.0881797 -0.162046 0.147092 -0.164575 0.202452 -0.166531 0.258131 -0.169554 0.317372 -0.174155 0.377933 -0.178517 0.440703 -0.183604 
4.184 -0.0912478 -0.0853445 -0.0332272 -0.0856346 0.0199632 -0.0852656 0.0722582 -0.085916 0.126888 -0.0878169 0.182073 -0.0892089 0.238229 -0.0911541 
1.303 0.193645 0.182427 0.254899 0.183308 0.313023 0.18566 0.371743 0.187808 0.434883 0.189681 0.500078 0.193031 0.567958 0.19671 
3.205 0.0464046 0.0386111 0.104549 0.0376549 0.159042 0.0381597 0.213842 0.0377717 0.271713 0.036937 0.331354 0.0367272 0.392149 0.0366763 
1.522 0.0484591 0.196809 0.107044 0.196542 0.161798 0.197748 0.216359 0.198971 0.27421 0.199607 0.333104 0.202151 0.393724 0.204689 
1.71 0.102561 0.178318 0.161903 0.17841 0.217823 0.180151 0.273982 0.181653 0.333797 0.182887 0.395154 0.185583 0.458577 0.188694 
3.451 0.0840707 0.035187 0.14281 0.034213 0.198334 0.0344072 0.254147 0.034203 0.313566 0.0330628 0.37445 0.0328936 0.437271 0.0328389 
2.936 0.0101082 0.0557321 0.0678821 0.054727 0.121672 0.0550631 0.175422 0.0548429 0.232405 0.0539812 0.290385 0.0540737 0.349922 0.0543618 
1.431 0.0224353 0.234475 0.0809098 0.233419 0.135286 0.234797 0.189688 0.235925 0.247096 0.237106 0.305308 0.239707 0.365141 0.243286 
1.442 -0.237118 0.208451 -0.175264 0.20463 -0.119824 0.202845 -0.0664818 0.201111 -0.011763 0.199267 0.0419924 0.19886 0.0956261 0.198986 
3.361 0.0607862 0.0365566 0.119158 0.0355387 0.173969 0.0359787 0.229018 0.035613 0.287502 0.0345955 0.347228 0.034498 0.408834 0.0344067 
4.242 -0.0672785 -0.121641 -0.00944967 -0.121998 0.0437736 -0.121788 0.0963331 -0.122787 0.15139 -0.125063 0.207105 -0.127026 0.263912 -0.129571 
4.41 0.0916039 -0.0394603 0.150469 -0.0410252 0.205911 -0.0416457 0.261836 -0.0429771 0.321303 -0.0452577 0.382271 -0.0470403 0.445406 -0.0488575 
4.059 -0.160416 -0.0504178 -0.10154 -0.0506058 -0.0480704 -0.0500745 0.00424708 -0.0502073 0.058041 -0.0514579 0.112117 -0.0521539 0.166544 -0.0532298 
4.539 0.0909191 -0.202452 0.149893 -0.205447 0.205257 -0.207642 0.260984 -0.210978 0.320177 -0.21615 0.380972 -0.22117 0.444 -0.227289 
1.696 0.105301 0.134488 0.164596 0.134244 0.220484 0.135782 0.276719 0.136819 0.336545 0.137509 0.398019 0.139538 0.461581 0.141871 
3.689 -0.350116 0.0160115 -0.285013 0.0154059 -0.226847 0.0157618 -0.17159 0.0155587 -0.116139 0.0146752 -0.0619463 0.0144061 -0.00896451 0.014112 
4.238 -0.100836 -0.240118 -0.0424084 -0.239569 0.0109761 -0.238812 0.0633548 -0.239687 0.117949 -0.242229 0.17272 -0.244753 0.228392 -0.248186 
3.924 -0.297384 -0.223682 -0.23474 -0.220273 -0.178487 -0.216719 -0.124583 -0.214754 -0.0698965 -0.214202 -0.0162489 -0.213634 0.0370383 -0.214162 
0.831 -0.0843994 0.395412 -0.0248591 0.391425 0.0297568 0.390136 0.08332 0.389355 0.138727 0.388871 0.194505 0.390451 0.250586 0.39299 
3.914 -0.309711 -0.260663 -0.246514 -0.256389 -0.189911 -0.252318 -0.135555 -0.249827 -0.0806792 -0.248794 -0.0269245 -0.24805 0.0263982 -0.248304 
4.223 -0.106314 -0.219573 -0.0479866 -0.219151 0.00534101 -0.218431 0.0579501 -0.219206 0.112385 -0.221615 0.16734 -0.224032 0.222958 -0.227275 
1.633 0.0724284 0.120107 0.13106 0.119667 0.186021 0.120591 0.241259 0.12131 0.299878 0.121485 0.359769 0.12293 0.421404 0.124045 
