3.23 0.0984523 0.438556 0.0945587 0.372331 0.0915322 0.314706 0.0888013 0.259572 0.0862982 0.203431 0.0842626 0.150012 0.0829274 0.0956313 
4.207 -0.355595 0.194069 -0.354917 0.134852 -0.355637 0.0817658 -0.357155 0.0298015 -0.359817 -0.0245498 -0.363425 -0.0780154 -0.367751 -0.13387 
4.137 -0.353541 0.242693 -0.351944 0.182722 -0.351796 0.129165 -0.352402 0.0770533 -0.354118 0.0228111 -0.356796 -0.0301464 -0.360155 -0.0853181 
4.16 -0.387098 0.226942 -0.385597 0.167228 -0.38561 0.113832 -0.386526 0.0617706 -0.388593 0.00750236 -0.391716 -0.0456748 -0.395563 -0.101066 
4.191 -0.363813 0.205027 -0.362924 0.145668 -0.363475 0.0924647 -0.364812 0.0404727 -0.36733 -0.0138176 -0.370833 -0.0671294 -0.375053 -0.122804 
4.234 -0.348062 0.174209 -0.347852 0.1153 -0.34895 0.062303 -0.350779 0.0102866 -0.353819 -0.0441433 -0.357791 -0.0978886 -0.362437 -0.154122 
4.191 -0.37888 0.203657 -0.377977 0.144311 -0.378551 0.091085 -0.37995 0.0390834 -0.382549 -0.0152158 -0.386194 -0.0685619 -0.390579 -0.124223 
4.242 -0.382304 0.176264 -0.381932 0.117316 -0.382989 0.064273 -0.38483 0.0122749 -0.387971 -0.0422097 -0.392088 -0.0959513 -0.397022 -0.152169 
1.725 0.0943432 0.00642378 0.093437 -0.0519997 0.0932205 -0.106048 0.0932721 -0.160195 0.0937553 -0.218342 0.0946084 -0.276952 0.0961059 -0.339572 
4.188 -0.415861 0.207766 -0.414678 0.148369 -0.415062 0.0950925 -0.416389 0.0430361 -0.419023 -0.0113158 -0.422822 -0.064662 -0.427355 -0.120355 
4.121 -0.380934 0.249541 -0.378986 0.189386 -0.378607 0.135708 -0.379086 0.0835422 -0.380672 0.0292584 -0.383371 -0.0236945 -0.386744 -0.0787784 
4.168 -0.367237 0.222148 -0.366001 0.162507 -0.366194 0.109159 -0.367208 0.0571221 -0.369404 0.00286938 -0.372538 -0.0502647 -0.376426 -0.105694 
3.01 0.200493 0.433078 0.194328 0.366934 0.18957 0.309198 0.185477 0.254004 0.18182 0.197841 0.179027 0.144184 0.177197 0.0894868 
4.168 -0.351486 0.220778 -0.350356 0.161147 -0.350603 0.10779 -0.351648 0.0557954 -0.35383 0.00154481 -0.356918 -0.0515932 -0.360757 -0.107007 
4.219 -0.394631 0.187906 -0.393989 0.128741 -0.394869 0.0756588 -0.396579 0.0236412 -0.399616 -0.0307786 -0.403707 -0.0843206 -0.408586 -0.140275 
4.156 -0.404903 0.228311 -0.40325 0.168563 -0.403207 0.115144 -0.404061 0.0630413 -0.40611 0.0087489 -0.40934 -0.0444423 -0.413285 -0.0998233 
4.211 -0.412437 0.1927 -0.411585 0.13351 -0.412296 0.0803674 -0.413914 0.0283111 -0.416878 -0.0260946 -0.420932 -0.0796268 -0.425829 -0.135604 
4.164 -0.437091 0.227626 -0.435303 0.167885 -0.435197 0.114418 -0.436086 0.0623058 -0.438269 0.00797812 -0.441656 -0.0452267 -0.445868 -0.100673 
4.223 -0.08166 0.113258 -0.0830729 0.055415 -0.0846787 0.00292485 -0.0863918 -0.0488783 -0.0884594 -0.103699 -0.0907216 -0.158417 -0.0928952 -0.216302 
4.145 -0.369292 0.237899 -0.367741 0.177943 -0.367666 0.124404 -0.368371 0.0723079 -0.370279 0.0180438 -0.373163 -0.0349587 -0.376715 -0.0901149 
4.191 -0.396001 0.204342 -0.394987 0.144982 -0.395524 0.0917244 -0.396925 0.0397205 -0.399601 -0.0146093 -0.403332 -0.0679832 -0.407883 -0.123682 
4.199 -0.448048 0.207081 -0.446748 0.14764 -0.447103 0.0943547 -0.448422 0.0422483 -0.451186 -0.0121694 -0.455178 -0.0655753 -0.460019 -0.121259 
4.223 -0.367922 0.182427 -0.367503 0.123387 -0.368477 0.0703515 -0.370259 0.0183218 -0.373249 -0.0360861 -0.377225 -0.0897055 -0.381965 -0.145765 
4.105 -0.390522 0.262553 -0.388219 0.202119 -0.387557 0.148329 -0.387721 0.0960086 -0.389056 0.0417551 -0.391491 -0.0111961 -0.394609 -0.0661557 
4.035 -0.200822 0.269401 -0.200182 0.208645 -0.200249 0.154744 -0.200785 0.102617 -0.201998 0.0486893 -0.20379 -0.00375833 -0.205866 -0.0582963 
4.02 -0.0919326 0.250911 -0.0925883 0.190539 -0.093592 0.136983 -0.0946756 0.085141 -0.0961068 0.0314598 -0.0977122 -0.0209376 -0.0992352 -0.0754688 
4.129 -0.406273 0.245432 -0.404237 0.185393 -0.403826 0.131779 -0.404334 0.0795723 -0.406044 0.0252878 -0.408874 -0.027733 -0.412467 -0.0829367 
3.166 0.162827 0.407054 0.157744 0.34211 0.153864 0.285223 0.150458 0.230663 0.147507 0.175034 0.145164 0.121606 0.143863 0.067227 
4.164 -0.41997 0.226942 -0.418287 0.167211 -0.418249 0.113795 -0.419131 0.0616817 -0.421297 0.00734436 -0.424636 -0.0458097 -0.428748 -0.101256 
4.121 -0.363813 0.252281 -0.361994 0.192016 -0.361612 0.138314 -0.362123 0.0861251 -0.363709 0.031921 -0.366335 -0.0209863 -0.369571 -0.0760117 
4.133 -0.42134 0.244062 -0.419213 0.184009 -0.418813 0.130375 -0.419304 0.0781785 -0.421109 0.0238879 -0.424068 -0.0291492 -0.427778 -0.0843621 
4.191 -0.432982 0.208451 -0.431693 0.149024 -0.432025 0.0957437 -0.433358 0.0436523 -0.43602 -0.0107513 -0.43988 -0.0641 -0.444584 -0.11978 
4.223 -0.430927 0.19133 -0.430045 0.132123 -0.430769 0.0789553 -0.432475 0.0268882 -0.43551 -0.0275433 -0.439747 -0.0811023 -0.444868 -0.137069 
4.109 -0.423394 0.261868 -0.420884 0.201436 -0.420075 0.14762 -0.420246 0.0952957 -0.42166 0.0409813 -0.424264 -0.0119749 -0.427591 -0.0669776 
4.191 -0.348747 0.206396 -0.347922 0.147047 -0.348435 0.0938281 -0.349721 0.0418486 -0.35214 -0.0124036 -0.355502 -0.0657205 -0.359564 -0.121391 
4.238 -0.431612 0.176948 -0.431032 0.117918 -0.432023 0.0648238 -0.433966 0.0127779 -0.437308 -0.0417622 -0.44178 -0.095536 -0.447152 -0.151744 
4.137 -0.221367 0.21256 -0.221124 0.153072 -0.22177 0.0999231 -0.222955 0.0481882 -0.22488 -0.00572231 -0.227449 -0.05877 -0.230438 -0.114108 
4.34 -0.213149 0.0769621 -0.214729 0.0189491 -0.217131 -0.0338901 -0.219936 -0.0864172 -0.2237 -0.142141 -0.227891 -0.197854 -0.232475 -0.256814 
4.102 -0.0864539 0.196809 -0.0875406 0.137807 -0.0887011 0.0850949 -0.0900573 0.0336279 -0.0916822 -0.0201728 -0.0935029 -0.0731749 -0.0952447 -0.128769 
4.246 -0.414491 0.176264 -0.413976 0.117268 -0.41502 0.064208 -0.416903 0.0121843 -0.420197 -0.0423666 -0.424563 -0.0960838 -0.429796 -0.152303 
4.141 -0.435036 0.241323 -0.432925 0.181267 -0.432571 0.127646 -0.43318 0.0754465 -0.435128 0.0211335 -0.438216 -0.0319405 -0.442156 -0.0871281 
1.5 0.0847555 0.370757 0.0813775 0.307037 0.0787318 0.251215 0.0764084 0.197569 0.0743076 0.142745 0.0727266 0.0901515 0.0717342 0.0359997 
4.055 -0.14672 0.247487 -0.146794 0.187229 -0.147353 0.133661 -0.148316 0.081872 -0.149759 0.028087 -0.151624 -0.0243811 -0.153602 -0.0790402 
3.504 0.023805 0.282413 0.0215569 0.221095 0.0199197 0.167038 0.0183408 0.114828 0.0168519 0.0609885 0.0156993 0.00866212 0.0149798 -0.0455266 
4.047 -0.162471 0.255705 -0.162307 0.195183 -0.162785 0.141545 -0.163649 0.0896063 -0.165067 0.0358214 -0.16681 -0.0166757 -0.168959 -0.0712018 
4.238 -0.190549 0.138597 -0.19142 0.0803024 -0.192946 0.0277271 -0.19493 -0.0240005 -0.197636 -0.0785745 -0.200919 -0.132753 -0.204442 -0.189827 
4.082 -0.14535 0.224202 -0.14568 0.164475 -0.146488 0.111382 -0.147611 0.0597576 -0.149239 0.00598334 -0.151208 -0.0466806 -0.153332 -0.101722 
4.184 -0.191919 0.172154 -0.192388 0.113475 -0.193577 0.0607593 -0.195186 0.00912601 -0.197576 -0.0450528 -0.200482 -0.0985907 -0.203643 -0.154822 
4.117 -0.444624 0.25502 -0.442093 0.19472 -0.441409 0.140942 -0.441683 0.0886074 -0.443286 0.0343 -0.446091 -0.0187073 -0.449747 -0.0737888 
4.129 -0.192604 0.211875 -0.192585 0.15244 -0.193291 0.0993837 -0.194434 0.0476881 -0.196334 -0.00615527 -0.198744 -0.0591472 -0.201474 -0.114471 
4.168 -0.452157 0.226257 -0.450312 0.166521 -0.45023 0.113062 -0.451158 0.0609142 -0.45345 0.00656911 -0.456932 -0.0466441 -0.461319 -0.102086 
4.109 -0.407643 0.259129 -0.405335 0.198724 -0.404686 0.14493 -0.404967 0.0926452 -0.40646 0.038332 -0.409061 -0.014582 -0.412399 -0.0695787 
3.117 0.132694 0.367333 0.128664 0.303879 0.125635 0.248091 0.122999 0.194519 0.120707 0.139608 0.119161 0.0868661 0.118269 0.0326533 
4.199 -0.0912478 0.135173 -0.0925572 0.0771172 -0.0940261 0.0246691 -0.0956564 -0.0269837 -0.0976306 -0.0814788 -0.0997719 -0.135654 -0.101914 -0.192901 
3.951 0.0176414 -0.0504178 0.0163744 -0.109396 0.015431 -0.164362 0.0145086 -0.219883 0.0137604 -0.279526 0.0130648 -0.33984 0.0128713 -0.404532 
4.016 -0.220682 0.292001 -0.219509 0.230667 -0.219259 0.176426 -0.219443 0.12398 -0.220365 0.0699451 -0.221894 0.0174325 -0.223787 -0.0369237 
4.137 -0.456951 0.246117 -0.454558 0.186054 -0.454007 0.132365 -0.454453 0.0801532 -0.456253 0.0258232 -0.459265 -0.0272731 -0.463126 -0.08246 
4.242 -0.448048 0.176948 -0.447433 0.1179 -0.448461 0.0648095 -0.450402 0.0127548 -0.453851 -0.041824 -0.458424 -0.0955696 -0.46396 -0.151792 
3.982 -0.200137 0.302274 -0.199157 0.240577 -0.198937 0.186119 -0.199117 0.133572 -0.199941 0.0795317 -0.201342 0.0270702 -0.203024 -0.0271096 
4.082 -0.369977 0.27488 -0.367662 0.21412 -0.366885 0.160123 -0.366943 0.107716 -0.368134 0.053471 -0.370384 0.000595426 -0.373231 -0.0541979 
4.082 -0.221367 0.252281 -0.220614 0.19203 -0.220771 0.138449 -0.221453 0.086452 -0.222855 0.0326343 -0.224896 -0.0200148 -0.227312 -0.0747613 
4.219 -0.448048 0.192015 -0.447091 0.132788 -0.447799 0.0796128 -0.449523 0.0275448 -0.452619 -0.0269185 -0.456928 -0.0805006 -0.462114 -0.136466 
4.082 -0.35491 0.27625 -0.352697 0.215498 -0.352012 0.161483 -0.352077 0.109107 -0.353224 0.054835 -0.355322 0.00199545 -0.358089 -0.0527881 
4.066 -0.200137 0.252965 -0.19963 0.192783 -0.199858 0.139175 -0.200615 0.0871187 -0.201987 0.0333334 -0.203918 -0.0192661 -0.206234 -0.0739804 
3.998 0.00873853 0.043405 0.0072519 -0.0144919 0.00606079 -0.0677734 0.00493171 -0.120976 0.00386044 -0.177893 0.00301279 -0.235255 0.00247007 -0.296321 
1.457 0.0196959 0.204342 0.0177949 0.145391 0.0163133 0.0926966 0.0149608 0.0411117 0.0137075 -0.0127422 0.0126612 -0.0659466 0.0121081 -0.121751 
4.113 -0.350801 0.258444 -0.348943 0.198068 -0.348503 0.144333 -0.348873 0.0921078 -0.350323 0.0378885 -0.352699 -0.0149909 -0.355743 -0.0699162 
1.43 0.0217504 0.185166 0.0198768 0.126537 0.0184254 0.0739318 0.0170935 0.0223793 0.0158507 -0.0316263 0.0148613 -0.0850813 0.0143151 -0.141256 
4.105 -0.459006 0.263923 -0.456125 0.203431 -0.455184 0.14956 -0.455188 0.0971807 -0.456567 0.0428331 -0.459166 -0.0101691 -0.462643 -0.0651585 
4.242 -0.39737 0.172839 -0.39699 0.113828 -0.398036 0.0608087 -0.399975 0.00880299 -0.403213 -0.045735 -0.407491 -0.0994689 -0.412628 -0.15567 
2.195 0.0683194 0.00710862 0.0671851 -0.0512417 0.0665167 -0.105125 0.0662211 -0.159134 0.0661425 -0.217204 0.0664323 -0.275688 0.0673409 -0.338161 
4.086 -0.46106 0.281729 -0.457811 0.220878 -0.456501 0.166808 -0.456222 0.114268 -0.457269 0.0599109 -0.459541 0.00690154 -0.462695 -0.0479152 
4.27 -0.218628 0.12627 -0.219603 0.0681041 -0.221419 0.0155329 -0.223662 -0.0364152 -0.226785 -0.0912286 -0.230476 -0.145774 -0.234526 -0.203133 
3 0.224462 0.454308 0.217919 0.387471 0.212958 0.32919 0.208652 0.273651 0.204912 0.21709 0.202016 0.1631 0.200172 0.108292 
4.203 -0.113163 0.137228 -0.114372 0.0791352 -0.115789 0.0266713 -0.117514 -0.0249626 -0.119647 -0.0794889 -0.122085 -0.133602 -0.124537 -0.190827 
3.193 0.182002 0.431023 0.176396 0.364864 0.172075 0.307248 0.168471 0.252155 0.165048 0.19603 0.162579 0.142405 0.160938 0.0878163 
4.309 -0.217943 0.100247 -0.219253 0.0423179 -0.221468 -0.010392 -0.224061 -0.0625518 -0.227492 -0.117923 -0.231495 -0.172853 -0.235851 -0.23107 
4.09 -0.407643 0.278989 -0.404943 0.218182 -0.403958 0.164147 -0.403876 0.111698 -0.405033 0.0573575 -0.407255 0.00447573 -0.41024 -0.0503627 
4.227 -0.215888 0.153664 -0.216459 0.0951336 -0.217873 0.0425215 -0.219744 -0.0092938 -0.222459 -0.0637692 -0.225804 -0.117595 -0.229512 -0.174172 
4.09 -0.435721 0.274195 -0.432798 0.213431 -0.431695 0.159413 -0.431599 0.106957 -0.43278 0.0525813 -0.435159 -0.000347522 -0.438312 -0.0552568 
3.965 -0.226161 0.322134 -0.224609 0.2599 -0.223984 0.204969 -0.223811 0.152014 -0.224357 0.0976381 -0.225507 0.0449997 -0.227025 -0.00924159 
3.936 -0.235749 0.341309 -0.233921 0.278512 -0.232942 0.2233 -0.232535 0.170086 -0.232805 0.115525 -0.233705 0.0629052 -0.234971 0.00879517 
4.195 -0.237803 0.176264 -0.237856 0.117378 -0.239044 0.0646105 -0.240711 0.0128685 -0.243169 -0.0413208 -0.246378 -0.0948598 -0.250051 -0.150971 
4.09 -0.199452 0.23379 -0.199225 0.173848 -0.199622 0.120483 -0.200607 0.0686708 -0.202217 0.0148482 -0.204455 -0.037799 -0.20696 -0.0927171 
4.199 -0.316559 0.196809 -0.316194 0.137613 -0.316946 0.08449 -0.318361 0.0325406 -0.320982 -0.021712 -0.324394 -0.075112 -0.32838 -0.130942 
1.664 0.0676346 0.0420353 0.066371 -0.0159886 0.0656447 -0.0693731 0.0652539 -0.122756 0.0651468 -0.179856 0.0653283 -0.23733 0.0660864 -0.29859 
4.25 -0.0460485 -0.0613752 -0.0479721 -0.120581 -0.0497748 -0.175821 -0.0516748 -0.231622 -0.0537346 -0.291652 -0.0558771 -0.352636 -0.0578116 -0.417988 
4.105 -0.220682 0.234475 -0.220161 0.174618 -0.220507 0.121232 -0.221426 0.0694301 -0.22304 0.0155301 -0.22533 -0.0372073 -0.228003 -0.0923262 
4.09 -0.42134 0.27625 -0.418539 0.215479 -0.417488 0.161452 -0.417412 0.10897 -0.41859 0.0546518 -0.420954 0.00173103 -0.424009 -0.0531264 
3.205 0.116943 0.479647 0.11204 0.41091 0.108252 0.351352 0.104897 0.294765 0.101724 0.237376 0.0992021 0.182822 0.0973376 0.127801 
4.234 -0.0460485 -0.0771264 -0.0479858 -0.136571 -0.0498611 -0.192522 -0.0517639 -0.248768 -0.053901 -0.309521 -0.0560395 -0.370994 -0.0580395 -0.437126 
3.896 -0.221367 0.356376 -0.219536 0.293097 -0.21863 0.237425 -0.218179 0.18394 -0.218366 0.129127 -0.219181 0.0764058 -0.220352 0.0222386 
4.219 -0.196713 0.152294 -0.197388 0.0938308 -0.198821 0.0411311 -0.200697 -0.0104409 -0.203316 -0.0649001 -0.206486 -0.118705 -0.209945 -0.175529 
4.27 -0.173428 0.110519 -0.174717 0.0525488 -0.17654 -0.000163187 -0.178829 -0.0520629 -0.18177 -0.107004 -0.185191 -0.161866 -0.188826 -0.219647 
3.955 -0.139186 0.303643 -0.138994 0.24173 -0.139255 0.187171 -0.139793 0.134644 -0.140829 0.080651 -0.142195 0.0282443 -0.143629 -0.0257622 
4.094 -0.164525 0.225572 -0.164603 0.165872 -0.165322 0.112835 -0.166396 0.061146 -0.168006 0.00734829 -0.170133 -0.0453308 -0.172455 -0.100396 
3.973 0.0128476 -0.0312423 0.0114355 -0.0898643 0.0104079 -0.144403 0.00947988 -0.199277 0.0085088 -0.258193 0.00767466 -0.317728 0.00734402 -0.381407 
4.086 -0.389837 0.278304 -0.387298 0.217482 -0.386416 0.163481 -0.386374 0.11104 -0.387495 0.0567312 -0.389703 0.00389844 -0.392612 -0.0509319 
4.125 -0.161786 0.202287 -0.161992 0.143151 -0.162926 0.0903159 -0.164163 0.0387258 -0.166051 -0.0150967 -0.168329 -0.068197 -0.170868 -0.123743 
2.906 0.163512 0.425544 0.158324 0.359615 0.154334 0.301993 0.15086 0.247077 0.147727 0.191019 0.145309 0.137481 0.143797 0.0829115 
4.211 -0.315875 0.182427 -0.31567 0.123476 -0.31659 0.0705684 -0.318145 0.0186513 -0.320939 -0.0357018 -0.324415 -0.089301 -0.328543 -0.1454 
4.094 -0.180277 0.23242 -0.180152 0.172562 -0.180689 0.119367 -0.181671 0.0675581 -0.183256 0.0137874 -0.185392 -0.0389104 -0.187742 -0.0939128 
4.266 -0.314505 0.154349 -0.314821 0.0956424 -0.316212 0.0428087 -0.318255 -0.0091269 -0.321512 -0.0637943 -0.325585 -0.117787 -0.330251 -0.174486 
4.121 -0.113163 0.189275 -0.114055 0.130244 -0.115178 0.077528 -0.11666 0.0260363 -0.118415 -0.0277423 -0.120587 -0.0808031 -0.122677 -0.136418 
1.59 0.0149021 0.0721682 0.0133324 0.0143558 0.0120904 -0.0385931 0.010954 -0.0911849 0.00993967 -0.147334 0.00909202 -0.203789 0.00854312 -0.263747 
4.219 -0.159732 0.141337 -0.160729 0.0831133 -0.162092 0.0306035 -0.16391 -0.0210922 -0.16625 -0.0756179 -0.169155 -0.129749 -0.17223 -0.186867 
4.293 -0.172059 0.0954527 -0.173507 0.0376409 -0.175414 -0.0149527 -0.177844 -0.0671223 -0.180875 -0.122531 -0.184415 -0.177598 -0.188163 -0.236061 
1.982 0.192275 0.416642 0.18677 0.351387 0.18269 0.294422 0.179123 0.239778 0.175962 0.184108 0.173569 0.130657 0.172212 0.0761822 
4.367 -0.048103 -0.0394603 -0.049993 -0.0981899 -0.0517521 -0.152915 -0.0535769 -0.207959 -0.0556826 -0.267281 -0.057724 -0.327102 -0.0596635 -0.39116 
4.402 -0.0624846 -0.0469936 -0.0645918 -0.105768 -0.0666854 -0.160596 -0.0688452 -0.215877 -0.0713005 -0.27531 -0.0737653 -0.335337 -0.07617 -0.3996 
4.191 -0.171374 0.161882 -0.172148 0.103319 -0.173399 0.0507429 -0.175088 -0.000839791 -0.177447 -0.0549398 -0.180208 -0.108572 -0.183209 -0.164918 
3.908 -0.236433 0.356376 -0.234401 0.293072 -0.233336 0.237399 -0.23275 0.1839 -0.232872 0.129084 -0.233594 0.076279 -0.234659 0.0220971 
1.684 0.21556 0.370073 0.210088 0.306264 0.205909 0.250273 0.202596 0.196468 0.199818 0.141404 0.197755 0.0882163 0.196846 0.0338412 
1.466 0.0183263 0.12764 0.0166053 0.0696827 0.0153222 0.017102 0.0139557 -0.034716 0.0128769 -0.0895795 0.0119154 -0.144261 0.01134 -0.202278 
4.391 -0.0843994 -0.015491 -0.0865528 -0.0738311 -0.0888126 -0.127867 -0.091133 -0.18221 -0.0938952 -0.24058 -0.0967187 -0.299385 -0.0994252 -0.36221 
4.094 -0.0994658 0.202972 -0.100403 0.143916 -0.101469 0.0911391 -0.10282 0.0396303 -0.104462 -0.014148 -0.106337 -0.0671016 -0.108151 -0.122598 
4.258 -0.0864539 0.0886043 -0.0880203 0.030901 -0.0896814 -0.0217066 -0.0915984 -0.0738652 -0.0938346 -0.129336 -0.0962574 -0.184854 -0.0985913 -0.243648 
3.996 -0.2289 0.305698 -0.227485 0.244008 -0.226914 0.189471 -0.226881 0.136789 -0.227607 0.0826499 -0.228946 0.0300888 -0.230633 -0.0242037 
3.963 -0.173428 0.306383 -0.172738 0.2444 -0.172662 0.189823 -0.173006 0.137214 -0.173871 0.0831532 -0.175215 0.0305955 -0.176772 -0.0234445 
4.215 -0.140556 0.139282 -0.141598 0.0811383 -0.143138 0.0286515 -0.144772 -0.0230459 -0.147223 -0.0775393 -0.149863 -0.131705 -0.152595 -0.188869 
4.363 -0.179592 0.0345021 -0.181867 -0.0234467 -0.184587 -0.0767293 -0.187658 -0.129862 -0.1915 -0.186626 -0.195698 -0.243558 -0.200169 -0.304059 
1.458 0.0505136 0.117367 0.0487954 0.0593919 0.0475986 0.00675838 0.0466885 -0.0452793 0.0460211 -0.100339 0.045695 -0.15536 0.0458933 -0.213808 
3.762 -0.202191 0.441981 -0.19979 0.3754 -0.198292 0.317432 -0.197325 0.262062 -0.196883 0.205762 -0.196789 0.152064 -0.196928 0.0975436 
4.184 -0.245336 0.195439 -0.245123 0.136307 -0.246039 0.083384 -0.24752 0.0315866 -0.249782 -0.022435 -0.252933 -0.0757819 -0.256469 -0.131531 
3.75 -0.152883 0.433078 -0.151645 0.366726 -0.151283 0.308976 -0.15086 0.253703 -0.150908 0.197537 -0.151124 0.143964 -0.15153 0.089602 
4.258 -0.0398849 0.043405 -0.0415853 -0.014354 -0.0431656 -0.0674116 -0.0448343 -0.120281 -0.046569 -0.176846 -0.0484083 -0.233706 -0.0499721 -0.294249 
4.266 -0.147404 0.108465 -0.148794 0.0506731 -0.150558 -0.0019733 -0.152683 -0.0537589 -0.155417 -0.108758 -0.158546 -0.163621 -0.161719 -0.221512 
4.379 -0.202191 0.0358718 -0.204504 -0.0221373 -0.207167 -0.0754553 -0.210727 -0.128542 -0.214803 -0.185271 -0.219197 -0.24222 -0.224288 -0.302636 
4.289 -0.14672 0.0933982 -0.148204 0.0353867 -0.150069 -0.0170798 -0.152349 -0.0693297 -0.155162 -0.124571 -0.158344 -0.179833 -0.161674 -0.238454 
3.99 -0.174113 0.292001 -0.173523 0.23054 -0.173529 0.176236 -0.173939 0.123908 -0.174928 0.0699267 -0.17638 0.0176347 -0.178017 -0.0365451 
4.113 0.0142172 0.146131 0.0124714 0.0880177 0.011151 0.0355028 0.00980136 -0.0160802 0.00871721 -0.0705635 0.00777757 -0.12472 0.00719263 -0.181788 
1.65 0.0464046 0.0461444 0.0449906 -0.0118528 0.0440398 -0.0651416 0.0433651 -0.118439 0.0428548 -0.175406 0.0426532 -0.232807 0.0429239 -0.293958 
4.164 -0.0364608 0.0208054 -0.0381865 -0.0370703 -0.0397983 -0.0905715 -0.0414347 -0.143883 -0.0432612 -0.201242 -0.0451118 -0.258674 -0.0467023 -0.320041 
4.062 -0.122065 0.231051 -0.122573 0.171322 -0.123464 0.118168 -0.124601 0.0665261 -0.126108 0.0127521 -0.127864 -0.0399617 -0.129664 -0.0951072 
2.221 0.166251 0.385139 0.161326 0.320783 0.157636 0.264432 0.15439 0.210464 0.151631 0.155119 0.149513 0.102143 0.148428 0.0478988 
3.723 -0.105629 0.433078 -0.105323 0.366618 -0.105186 0.308814 -0.105358 0.253449 -0.105807 0.197302 -0.106407 0.14374 -0.106972 0.0894426 
3.855 -0.0392001 0.313231 -0.0405765 0.251027 -0.0418024 0.196318 -0.0430783 0.143704 -0.0444291 0.0896654 -0.0457059 0.0373677 -0.0468509 -0.0165496 
4.094 -0.0672785 0.197493 -0.0684232 0.138487 -0.0697151 0.0858661 -0.0710272 0.0343797 -0.0726135 -0.0193506 -0.0742762 -0.0723583 -0.0758681 -0.12788 
2.734 0.0340775 -0.0750719 0.0330265 -0.134718 0.0322811 -0.190455 0.0316268 -0.246722 0.0310704 -0.30737 0.0306801 -0.369011 0.0307301 -0.43533 
4.309 -0.0433091 -0.0134365 -0.045134 -0.0717735 -0.0468323 -0.125832 -0.0486144 -0.180193 -0.0506176 -0.238776 -0.0525992 -0.297529 -0.0544195 -0.360307 
3.893 -0.0309821 0.283783 -0.0323575 0.222518 -0.0336155 0.168496 -0.034962 0.116338 -0.036319 0.0625644 -0.0376065 0.0102511 -0.0387464 -0.0439497 
3.824 -0.266566 0.419381 -0.263212 0.353782 -0.261145 0.296547 -0.259625 0.241722 -0.258952 0.185916 -0.258801 0.132438 -0.259003 0.0780134 
3.816 -0.252185 0.418696 -0.249203 0.353132 -0.247505 0.295938 -0.246082 0.241132 -0.2454 0.185324 -0.245236 0.13188 -0.245564 0.0774527 
1.378 0.10941 -0.0846596 0.109652 -0.145204 0.110344 -0.201787 0.111445 -0.259118 0.096464 -0.249391 0.0974513 -0.309102 0.0991262 -0.373099 
2.887 0.0142172 0.111889 0.0125501 0.053986 0.0112541 0.00143898 0.0100198 -0.0505648 0.00894573 -0.105682 0.00801536 -0.160707 0.00750838 -0.219221 
4.418 -0.243282 0.0249144 -0.245855 -0.0332733 -0.249364 -0.0868632 -0.253222 -0.14028 -0.258015 -0.197343 -0.26345 -0.254588 -0.26939 -0.315484 
3.193 0.129955 0.486495 0.124795 0.417718 0.12078 0.358099 0.117168 0.301405 0.113873 0.244005 0.111131 0.189428 0.109125 0.134264 
4.25 -0.162471 0.122846 -0.16364 0.0648 -0.165377 0.0122306 -0.167473 -0.0395462 -0.17022 -0.0943047 -0.173408 -0.148828 -0.176764 -0.206319 
3.973 -0.0994658 0.279674 -0.0999475 0.21843 -0.100626 0.164618 -0.101571 0.112373 -0.102784 0.0587701 -0.104211 0.00647523 -0.105603 -0.0478395 
3.799 -0.214519 0.419381 -0.212074 0.35367 -0.210551 0.296382 -0.209494 0.24147 -0.209021 0.1856 -0.209088 0.132179 -0.209321 0.0778661 
1.624 0.0340775 0.0550473 0.0325924 -0.00279236 0.0315482 -0.0559286 0.0308457 -0.10887 0.0300375 -0.165334 0.0296992 -0.222251 0.0298339 -0.282786 
4.074 -0.0974113 0.216669 -0.0982666 0.157127 -0.0993394 0.104088 -0.10061 0.0525271 -0.102191 -0.00117431 -0.103956 -0.0538759 -0.105741 -0.108921 
3.842 -0.286427 0.415272 -0.282595 0.349814 -0.280001 0.292683 -0.278363 0.237921 -0.277337 0.182082 -0.277249 0.128627 -0.277405 0.0741828 
3.789 -0.185755 0.416642 -0.183873 0.351043 -0.182768 0.293778 -0.182015 0.238949 -0.181796 0.183157 -0.181957 0.129821 -0.182276 0.0755254 
4.102 -0.128914 0.205027 -0.129403 0.145912 -0.130446 0.0930447 -0.13168 0.0415311 -0.133447 -0.0122674 -0.135515 -0.0652295 -0.137753 -0.120703 
4.348 -0.197398 0.0509382 -0.199505 -0.00698109 -0.202039 -0.0601246 -0.2054 -0.113031 -0.209375 -0.169427 -0.213624 -0.225986 -0.218509 -0.285932 
4.387 -0.267251 0.043405 -0.269598 -0.0147441 -0.272779 -0.0680786 -0.276596 -0.121181 -0.281437 -0.177719 -0.286883 -0.234289 -0.29303 -0.294384 
3.932 -0.100836 0.309807 -0.101171 0.247839 -0.10177 0.193056 -0.102524 0.140496 -0.103624 0.0864009 -0.104931 0.0340435 -0.106175 -0.0198281 
1.682 0.0970826 0.0242296 0.0961558 -0.0340277 0.0958595 -0.0877415 0.0958103 -0.141483 0.0963902 -0.199179 0.0972112 -0.257174 0.0986802 -0.319046 
3.23 0.1279 0.38103 0.123834 0.317069 0.120704 0.260984 0.117915 0.207238 0.115539 0.152137 0.113957 0.0990702 0.112995 0.0448736 
3.959 -0.12275 0.298849 -0.122798 0.237177 -0.12317 0.182788 -0.123838 0.130372 -0.124942 0.0763957 -0.126298 0.0239744 -0.127686 -0.0300076 
4.188 -0.0713875 0.132434 -0.0727398 0.0744466 -0.074209 0.0220154 -0.0757702 -0.0296507 -0.0776326 -0.0841588 -0.0795996 -0.138293 -0.0814838 -0.195546 
1.767 0.21556 0.385139 0.209776 0.320797 0.205585 0.264463 0.201933 0.210372 0.198958 0.154968 0.196756 0.101865 0.195467 0.0473539 
1.469 0.0306533 0.116683 0.0289883 0.0586933 0.0276777 0.00613478 0.0266019 -0.0458875 0.0256231 -0.100881 0.0249098 -0.155795 0.0248438 -0.214256 
3.914 0.0648952 -0.0531571 0.0640789 -0.112315 0.0637145 -0.167428 0.0636619 -0.223042 0.0637653 -0.282971 0.0642017 -0.343402 0.0653343 -0.408621 
4.141 -0.0118066 0.0680592 -0.0134574 0.0102367 -0.0149347 -0.0424925 -0.0162201 -0.0947828 -0.0176296 -0.150675 -0.0187758 -0.206745 -0.0196676 -0.266102 
4.25 -0.243282 0.1475 -0.243706 0.0889035 -0.245184 0.0362742 -0.247311 -0.0155659 -0.250151 -0.0701837 -0.253919 -0.124048 -0.257995 -0.180904 
4.234 -0.0960416 0.10641 -0.0975314 0.0485433 -0.0991136 -0.00397331 -0.100921 -0.0557481 -0.103134 -0.110616 -0.105467 -0.165345 -0.107855 -0.223258 
4.227 -0.0323517 0.0584714 -0.0339762 0.000696204 -0.0355344 -0.0520202 -0.0370972 -0.104436 -0.0387535 -0.160234 -0.0404126 -0.21657 -0.0418237 -0.276259 
4.047 -0.176852 0.259814 -0.176573 0.199224 -0.176902 0.145532 -0.177692 0.093551 -0.179016 0.0397208 -0.180866 -0.0127887 -0.182958 -0.0673694 
4.355 -0.248076 0.0735379 -0.249795 0.0154493 -0.252477 -0.0374874 -0.2557 -0.0900396 -0.259987 -0.145866 -0.264443 -0.20162 -0.269703 -0.260641 
3.805 -0.198082 0.409108 -0.196117 0.343692 -0.194704 0.286628 -0.19395 0.231938 -0.193634 0.176248 -0.193877 0.122915 -0.194244 0.0687208 
1.692 0.182687 0.371442 0.177642 0.307769 0.173912 0.251844 0.170855 0.198063 0.168023 0.14313 0.166382 0.0899146 0.165209 0.0359327 
4.305 -0.185071 0.0892891 -0.186531 0.0313377 -0.188632 -0.0212242 -0.191125 -0.0737169 -0.19438 -0.12906 -0.198119 -0.184379 -0.202122 -0.243123 
4.027 -0.168634 0.272826 -0.168215 0.2118 -0.168383 0.158031 -0.168997 0.105728 -0.170152 0.0519515 -0.17173 -0.000453399 -0.173515 -0.0548684 
4.352 -0.165895 0.0379263 -0.16797 -0.0200111 -0.170583 -0.0732999 -0.173516 -0.126463 -0.177163 -0.183186 -0.181127 -0.240176 -0.185314 -0.300692 
4.008 -0.199452 0.286522 -0.198596 0.22519 -0.198504 0.171012 -0.198862 0.118604 -0.199893 0.0647931 -0.201441 0.0123378 -0.203323 -0.0420032 
1.489 0.0477743 0.102986 0.0461063 0.0451215 0.0450087 -0.00760821 0.0440587 -0.0597209 0.0433629 -0.115154 0.0430115 -0.170542 0.0432131 -0.229311 
4.371 -0.121381 0.00916313 -0.123567 -0.0489488 -0.125923 -0.102597 -0.128615 -0.156263 -0.131823 -0.213844 -0.13525 -0.2717 -0.138689 -0.333359 
4.039 0.00394467 0.0625805 0.00227153 0.00481735 0.00105643 -0.048031 -5.7606e-05 -0.100453 -0.00117444 -0.156416 -0.00210974 -0.212557 -0.00269513 -0.272045 
4.168 -0.12549 0.163936 -0.126406 0.105395 -0.127762 0.0528914 -0.129282 0.00135408 -0.131416 -0.0526772 -0.133756 -0.106256 -0.136287 -0.16259 
1.43 0.027914 0.144761 0.0260191 0.0867417 0.0247486 0.0342062 0.023529 -0.0176156 0.0224922 -0.0722419 0.0218641 -0.126739 0.0216845 -0.184373 
4.008 -0.0665936 0.250226 -0.0675982 0.189866 -0.0687195 0.13637 -0.0698964 0.0845773 -0.0713495 0.0308863 -0.0728365 -0.0215091 -0.0742218 -0.076022 
4.008 -0.150144 0.278304 -0.149877 0.217257 -0.150195 0.163405 -0.150816 0.111206 -0.151976 0.0574404 -0.153537 0.00501285 -0.155205 -0.0492129 
3.984 0.00668402 0.0262841 0.00523329 -0.0316499 0.00404624 -0.0851254 0.0029687 -0.138497 0.00195645 -0.195824 0.00107172 -0.253406 0.000596217 -0.31488 
4.398 -0.0624846 -0.0606903 -0.0646076 -0.119849 -0.0667231 -0.175106 -0.068865 -0.230822 -0.0712889 -0.290816 -0.0737748 -0.351431 -0.0761894 -0.416675 
4.391 -0.252869 0.0399808 -0.255222 -0.0181309 -0.258423 -0.0715261 -0.262145 -0.124684 -0.266786 -0.18138 -0.272124 -0.238175 -0.277884 -0.298421 
4.02 -0.0426243 0.241323 -0.0439965 0.181289 -0.0452613 0.12794 -0.0465963 0.0761721 -0.0479769 0.0225242 -0.0493542 -0.0298947 -0.0506012 -0.0845006 
4.219 -0.0275579 0.0721682 -0.0292693 0.0143427 -0.0307696 -0.0383573 -0.0321696 -0.090637 -0.0339921 -0.146498 -0.0354685 -0.202386 -0.0365841 -0.26162 
4.242 -0.131653 0.119422 -0.132912 0.0614388 -0.134637 0.00886635 -0.136565 -0.0427674 -0.139042 -0.0974263 -0.14188 -0.151936 -0.144817 -0.209381 
4.273 -0.12412 0.094083 -0.12562 0.0362455 -0.127417 -0.0162578 -0.129506 -0.0683953 -0.132175 -0.123582 -0.135113 -0.178793 -0.13808 -0.237352 
3.982 -0.0419395 0.268717 -0.0433085 0.207771 -0.0445932 0.154003 -0.0459169 0.102016 -0.0472941 0.0483411 -0.0486429 -0.00390442 -0.0497674 -0.0583483 
3.992 -0.0837146 0.264608 -0.084405 0.203781 -0.085274 0.150219 -0.0862899 0.0982477 -0.0876433 0.0446015 -0.0890844 -0.00769582 -0.0905199 -0.0622304 
3.932 0.0464046 0.00916313 0.0452225 -0.0491007 0.0444718 -0.102948 0.0439391 -0.156811 0.0437611 -0.214813 0.0437219 -0.273216 0.0442382 -0.335451 
1.392 0.0313382 0.173524 0.0294932 0.115013 0.0281374 0.0622994 0.0268028 0.0108281 0.0257657 -0.0435009 0.0248597 -0.0971592 0.0243825 -0.15349 
4.359 -0.10289 0.00916313 -0.105064 -0.0488555 -0.107195 -0.102491 -0.109621 -0.156144 -0.112498 -0.213642 -0.115504 -0.271496 -0.118399 -0.333153 
3.865 -0.0419395 0.299534 -0.0432538 0.237668 -0.044391 0.183211 -0.0456543 0.130695 -0.0469761 0.0767765 -0.0482472 0.0244975 -0.0493132 -0.029478 
1.833 0.197069 0.40226 0.191404 0.337119 0.187128 0.280254 0.183544 0.225718 0.18034 0.170008 0.178027 0.116603 0.176638 0.0621934 
1.638 0.0922887 0.0440899 0.0911474 -0.0139904 0.0906998 -0.0673975 0.0904111 -0.120626 0.0907821 -0.17759 0.0914253 -0.2349 0.092664 -0.29582 
3.912 0.00668402 -0.0586358 0.00536283 -0.117812 0.00423237 -0.172995 0.00326309 -0.228751 0.00227027 -0.288699 0.00138008 -0.349512 0.000949545 -0.414881 
4.266 -0.109054 0.0927133 -0.110559 0.0348236 -0.112363 -0.0177653 -0.114373 -0.0699538 -0.116895 -0.125309 -0.119667 -0.180693 -0.122457 -0.239266 
4.363 -0.27136 0.0742227 -0.273089 0.0161362 -0.275763 -0.0368561 -0.279053 -0.0895002 -0.283347 -0.145343 -0.288336 -0.201087 -0.293991 -0.260042 
3.938 -0.0796055 0.296795 -0.0802459 0.235013 -0.0810741 0.180699 -0.0819717 0.128252 -0.0832263 0.0744205 -0.0845895 0.0221152 -0.0857807 -0.0318697 
4.199 -0.12549 0.144076 -0.126465 0.0858721 -0.127999 0.0334406 -0.129684 -0.0181303 -0.131923 -0.0725607 -0.134562 -0.12664 -0.13716 -0.183692 
4.148 -0.139186 0.176948 -0.13988 0.118213 -0.141141 0.0656084 -0.142626 0.0140616 -0.144766 -0.0398636 -0.14714 -0.0932244 -0.14969 -0.149233 
4.055 -0.0748117 0.222832 -0.0758768 0.163222 -0.0771111 0.110186 -0.0783095 0.0586141 -0.0798194 0.0049152 -0.081503 -0.0476897 -0.0830212 -0.102672 
4.191 -0.139186 0.155034 -0.140138 0.0966343 -0.141593 0.0441682 -0.143195 -0.0074156 -0.145546 -0.0615786 -0.148117 -0.11527 -0.150799 -0.171922 
4.051 -0.0919326 0.229681 -0.0927276 0.169951 -0.09379 0.116884 -0.0950089 0.0652159 -0.0964972 0.0116075 -0.0981159 -0.0408592 -0.099758 -0.0956872 
4.309 -0.0426243 0.00368443 -0.0444293 -0.0544898 -0.0460528 -0.108191 -0.0478087 -0.161843 -0.0497213 -0.219411 -0.051666 -0.277843 -0.0533941 -0.339851 
4.152 -0.0782359 0.161197 -0.07926 0.102824 -0.0805732 0.0503522 -0.0823767 -0.00115872 -0.0840159 -0.055196 -0.0859403 -0.108734 -0.0878453 -0.165123 
3.471 -0.0172853 0.289947 -0.0189747 0.228562 -0.0204564 0.174432 -0.0217876 0.122136 -0.0232755 0.068413 -0.0246308 0.0161144 -0.0255847 -0.0380014 
1.419 0.0210656 0.161882 0.0192532 0.103545 0.017915 0.0509165 0.0165662 -0.000566549 0.0154559 -0.0548012 0.0145319 -0.108598 0.0139926 -0.165341 
4.148 -0.113847 0.17147 -0.114855 0.112843 -0.116094 0.0603432 -0.117652 0.0087165 -0.119495 -0.0452467 -0.121724 -0.0985995 -0.123951 -0.154773 
4.062 -0.2289 0.263923 -0.227975 0.203394 -0.227951 0.149659 -0.22847 0.0975652 -0.22974 0.0436561 -0.231695 -0.00889366 -0.234003 -0.063595 
4.27 -0.100151 0.0790166 -0.101855 0.0212499 -0.10362 -0.0313901 -0.105632 -0.0836488 -0.108006 -0.139218 -0.110515 -0.194928 -0.113114 -0.253877 
4.188 -0.252869 0.178318 -0.252886 0.119467 -0.253933 0.0666886 -0.255597 0.0149454 -0.258099 -0.0392802 -0.261429 -0.0927852 -0.265136 -0.148898 
3.898 -0.276154 0.375551 -0.273274 0.311778 -0.271574 0.255788 -0.270539 0.202033 -0.27038 0.14711 -0.270808 0.0941621 -0.271636 0.0398515 
4.137 -0.0891933 0.176264 -0.0903309 0.117476 -0.0916204 0.0651245 -0.0930587 0.0138617 -0.0948272 -0.0395302 -0.0967676 -0.092933 -0.0986105 -0.148472 
4.023 -0.188495 0.275565 -0.187804 0.2145 -0.187884 0.16065 -0.188372 0.108468 -0.189532 0.0543976 -0.191255 0.00194546 -0.193111 -0.0526122 
4.234 -0.176168 0.139282 -0.177127 0.081025 -0.178589 0.0285096 -0.180525 -0.0232235 -0.183125 -0.0777896 -0.186223 -0.131879 -0.189489 -0.18905 
4.246 -0.111108 0.107095 -0.112578 0.0492375 -0.114249 -0.00330669 -0.116204 -0.0551733 -0.118562 -0.110128 -0.121144 -0.164936 -0.123825 -0.222998 
4.203 -0.295329 0.174209 -0.29536 0.115177 -0.296468 0.06227 -0.298138 0.0105364 -0.300957 -0.0438394 -0.30454 -0.0973651 -0.308708 -0.153377 
4.113 -0.0672785 0.183112 -0.0684905 0.124281 -0.0698592 0.07162 -0.0712453 0.0201902 -0.0729078 -0.0336055 -0.0746094 -0.0866816 -0.0762837 -0.142367 
4.176 -0.113163 0.152979 -0.114301 0.0947385 -0.115631 0.0422682 -0.117286 -0.00932996 -0.119312 -0.0635408 -0.121639 -0.117198 -0.124012 -0.173802 
3.654 -0.0371456 0.448829 -0.0383732 0.381785 -0.0394211 0.323521 -0.0405509 0.267853 -0.0417259 0.211372 -0.0428783 0.157664 -0.04372 0.103197 
1.949 0.177893 0.411848 0.172424 0.346615 0.168257 0.289641 0.164699 0.234996 0.161559 0.179272 0.159258 0.125838 0.157793 0.0713657 
