1.141 0.249801 0.463211 0.242887 0.396379 0.23775 0.338064 0.233381 0.282512 0.229605 0.225927 0.226853 0.171847 0.225081 0.116894 
1.727 0.0943432 0.00642378 0.0934359 -0.0520256 0.0932209 -0.106092 0.093285 -0.160228 0.0937642 -0.218376 0.0946243 -0.276971 0.0961457 -0.339585 
1.154 0.242953 0.44609 0.236416 0.379956 0.231522 0.322179 0.227438 0.266989 0.223888 0.21072 0.221347 0.156866 0.219825 0.102065 
1.063 0.255965 0.431708 0.249468 0.36624 0.244677 0.308908 0.240668 0.254099 0.237286 0.198211 0.234931 0.144453 0.233635 0.0897814 
4.16 -0.387098 0.226942 -0.385588 0.167231 -0.385612 0.113825 -0.386507 0.0617572 -0.388571 0.00750608 -0.391708 -0.045674 -0.395544 -0.101063 
4.223 -0.372031 0.182427 -0.371664 0.123374 -0.372616 0.0703359 -0.37436 0.0182991 -0.377414 -0.0360951 -0.381434 -0.089731 -0.386203 -0.145807 
4.191 -0.37888 0.203657 -0.377991 0.144304 -0.37855 0.0910849 -0.379954 0.0390704 -0.382571 -0.0152203 -0.386203 -0.0685645 -0.39058 -0.124226 
4.238 -0.348062 0.174209 -0.347871 0.115284 -0.348956 0.0623001 -0.350782 0.0102988 -0.353828 -0.0441429 -0.357792 -0.0978889 -0.362426 -0.154121 
4.199 -0.359019 0.200233 -0.358276 0.140939 -0.358923 0.0877307 -0.360371 0.035766 -0.362991 -0.0185252 -0.366597 -0.0718714 -0.370871 -0.127619 
1.012 0.271031 0.3824 0.265082 0.318733 0.260846 0.262707 0.257409 0.20892 0.254694 0.153651 0.252995 0.100478 0.252532 0.0458753 
4.137 -0.353541 0.242693 -0.35194 0.1827 -0.351778 0.129139 -0.352389 0.0770304 -0.354117 0.0227994 -0.356792 -0.030174 -0.360145 -0.0853535 
4.168 -0.363128 0.220093 -0.36197 0.160444 -0.362203 0.107083 -0.363306 0.0550648 -0.365523 0.000835395 -0.368741 -0.0523025 -0.372654 -0.107745 
1.618 0.250486 0.384454 0.244668 0.320333 0.24057 0.264036 0.237208 0.209963 0.234489 0.154594 0.232831 0.101243 0.232079 0.0466982 
4.219 -0.413806 0.190645 -0.413034 0.13147 -0.413801 0.078338 -0.415448 0.0262768 -0.418465 -0.0281236 -0.422599 -0.0816717 -0.427563 -0.137674 
4.188 -0.415861 0.207766 -0.414689 0.148354 -0.415067 0.0950626 -0.416386 0.0430174 -0.419029 -0.0113306 -0.422814 -0.0646837 -0.427355 -0.120377 
4.215 -0.40011 0.189275 -0.399434 0.130096 -0.400245 0.0769827 -0.401921 0.0249748 -0.404932 -0.0294255 -0.408968 -0.0829796 -0.413844 -0.138974 
4.156 -0.404903 0.228311 -0.403255 0.168572 -0.403193 0.115139 -0.404051 0.0630383 -0.406107 0.00876135 -0.40935 -0.0444308 -0.413287 -0.0998237 
4.164 -0.348062 0.220778 -0.346967 0.161141 -0.347191 0.107799 -0.348237 0.0558058 -0.350397 0.00157942 -0.353482 -0.0515615 -0.357276 -0.10697 
4.133 -0.406273 0.245432 -0.404246 0.185384 -0.403843 0.131764 -0.404332 0.0795787 -0.406048 0.0252878 -0.408872 -0.0277339 -0.412463 -0.0829383 
4.168 -0.437091 0.227626 -0.435321 0.167884 -0.435218 0.1144 -0.436082 0.0623008 -0.438271 0.00798364 -0.441657 -0.0452438 -0.445872 -0.100691 
4.121 -0.363813 0.252281 -0.362004 0.191997 -0.361624 0.138306 -0.362125 0.0861168 -0.363719 0.031918 -0.366332 -0.0210003 -0.369572 -0.0760274 
4.02 -0.0919326 0.250911 -0.0926106 0.190535 -0.0936009 0.136983 -0.0946822 0.0851476 -0.0961219 0.0314488 -0.0977343 -0.0209491 -0.099247 -0.0754579 
4.035 -0.200822 0.269401 -0.200171 0.208652 -0.200231 0.154741 -0.200764 0.1026 -0.201984 0.0486813 -0.203777 -0.00375085 -0.205844 -0.0583007 
4.195 -0.396685 0.205027 -0.395678 0.145662 -0.396189 0.0924048 -0.397561 0.0404031 -0.40022 -0.0139336 -0.403947 -0.0673075 -0.40848 -0.123004 
4.242 -0.433667 0.179003 -0.433094 0.119985 -0.434034 0.0668763 -0.435946 0.0148132 -0.439263 -0.0397165 -0.443698 -0.0934702 -0.44906 -0.149667 
4.203 -0.448048 0.207081 -0.446742 0.147636 -0.447077 0.0943377 -0.448409 0.0422506 -0.451172 -0.0121762 -0.455173 -0.0655647 -0.460009 -0.12127 
4.133 -0.42134 0.244062 -0.419236 0.184015 -0.418827 0.13038 -0.419317 0.0781841 -0.421129 0.0238987 -0.424074 -0.0291395 -0.427785 -0.084376 
4.215 -0.347377 0.189275 -0.346922 0.130136 -0.347738 0.0771176 -0.349321 0.0251343 -0.352077 -0.0292045 -0.355776 -0.082755 -0.360135 -0.13869 
4.113 -0.383673 0.255705 -0.381639 0.195334 -0.381158 0.141604 -0.381514 0.0893589 -0.383048 0.035088 -0.385666 -0.0178243 -0.388965 -0.072791 
4.145 -0.369292 0.237899 -0.367735 0.177927 -0.367658 0.124376 -0.368372 0.0722832 -0.370273 0.0180381 -0.373146 -0.0349671 -0.376712 -0.0901579 
1.113 0.250486 0.411163 0.244267 0.34631 0.239841 0.289632 0.236081 0.235258 0.232998 0.179613 0.23089 0.126193 0.229738 0.0716567 
0.735 0.474428 0.385139 0.467025 0.322057 0.461893 0.266288 0.458108 0.212514 0.455458 0.157269 0.454397 0.103787 0.455055 0.0488214 
4.223 -0.08166 0.113258 -0.0830732 0.0554089 -0.0846581 0.0029096 -0.0863693 -0.0488691 -0.0884647 -0.103714 -0.0907067 -0.158418 -0.0928737 -0.216301 
4.199 -0.430927 0.206396 -0.429709 0.146988 -0.430102 0.093686 -0.431493 0.0416234 -0.4342 -0.0127783 -0.438123 -0.0661497 -0.442888 -0.121832 
4.047 -0.162471 0.255705 -0.162316 0.195193 -0.162781 0.141542 -0.163656 0.0896001 -0.16507 0.0358133 -0.166807 -0.0166728 -0.16895 -0.0712087 
4.055 -0.14672 0.247487 -0.146804 0.187217 -0.147353 0.133664 -0.148306 0.0818562 -0.149772 0.0280826 -0.151618 -0.0244075 -0.153577 -0.0790385 
4.164 -0.41997 0.226942 -0.418305 0.167195 -0.418268 0.113771 -0.419136 0.061665 -0.42132 0.00736129 -0.424644 -0.0458354 -0.428753 -0.101273 
4.113 -0.423394 0.261868 -0.42088 0.201419 -0.420065 0.1476 -0.420239 0.0952953 -0.421634 0.0409993 -0.424239 -0.0119885 -0.427565 -0.0669911 
4.199 -0.0912478 0.135173 -0.0925412 0.0771183 -0.0940082 0.0246598 -0.0956273 -0.0269943 -0.097599 -0.0814622 -0.0997511 -0.135622 -0.101902 -0.192902 
4.125 -0.192604 0.211875 -0.192596 0.152419 -0.193288 0.0993897 -0.194446 0.0476572 -0.196323 -0.00617788 -0.19874 -0.0591847 -0.201475 -0.114501 
4.105 -0.0864539 0.196809 -0.0875159 0.137812 -0.088687 0.0850851 -0.0900246 0.0336217 -0.0916601 -0.0201649 -0.0934442 -0.0731857 -0.0952076 -0.128771 
4.184 -0.191919 0.172154 -0.192398 0.11347 -0.193577 0.0607531 -0.195195 0.00914294 -0.197577 -0.045046 -0.200492 -0.0985847 -0.20364 -0.154831 
4.113 -0.43846 0.260499 -0.435854 0.200045 -0.435063 0.146229 -0.435222 0.0938896 -0.436708 0.0395733 -0.439412 -0.0134351 -0.442886 -0.0684365 
4.34 -0.213149 0.0769621 -0.214748 0.0189611 -0.217147 -0.0338929 -0.219937 -0.0863998 -0.223679 -0.142129 -0.227886 -0.197841 -0.232473 -0.256775 
4.141 -0.435036 0.241323 -0.432951 0.18128 -0.432587 0.127652 -0.433193 0.0754484 -0.435135 0.0211425 -0.438231 -0.0319416 -0.44217 -0.0871362 
0.897 0.327873 0.225572 0.324373 0.165823 0.322709 0.11223 0.321836 0.0599114 0.322079 0.00517331 0.323564 -0.0486555 0.326528 -0.104809 
4.082 -0.14535 0.224202 -0.145699 0.164458 -0.146491 0.11136 -0.147619 0.0597482 -0.14925 0.00596231 -0.151219 -0.0466926 -0.153332 -0.101733 
4.219 -0.448048 0.192015 -0.447128 0.132794 -0.4478 0.0795964 -0.449526 0.0275478 -0.452601 -0.0269167 -0.456934 -0.0804936 -0.462101 -0.136462 
4.168 -0.452157 0.226257 -0.450335 0.166525 -0.450229 0.113054 -0.451131 0.0609091 -0.453446 0.00656782 -0.456956 -0.0466498 -0.461329 -0.102102 
4.012 -0.220682 0.292001 -0.219529 0.230689 -0.219272 0.176423 -0.219456 0.123977 -0.220365 0.0699163 -0.22191 0.01742 -0.223781 -0.0369264 
4.109 -0.406273 0.261183 -0.403917 0.200774 -0.40322 0.146959 -0.403418 0.094688 -0.404842 0.0403956 -0.407387 -0.0125397 -0.41066 -0.0675292 
4.137 -0.221367 0.21256 -0.221135 0.153064 -0.221782 0.0999272 -0.22296 0.0481748 -0.224879 -0.00573677 -0.227465 -0.0587378 -0.230444 -0.114115 
4.094 -0.367922 0.272826 -0.365637 0.21211 -0.364883 0.158107 -0.364962 0.105725 -0.366197 0.0514872 -0.368466 -0.00137708 -0.371332 -0.0561868 
1.614 0.0916039 -0.0264484 0.0910132 -0.085268 0.090996 -0.139736 0.0912656 -0.194727 0.091913 -0.253702 0.0929271 -0.313312 0.0946665 -0.377284 
4.113 -0.350801 0.258444 -0.34894 0.198045 -0.348489 0.144301 -0.348864 0.0920846 -0.350306 0.0378726 -0.352686 -0.0150045 -0.355718 -0.0699363 
1.521 0.132009 0.366648 0.128009 0.303209 0.124956 0.247401 0.122322 0.193807 0.120029 0.138917 0.118486 0.0861756 0.117619 0.0319663 
1.347 0.176524 0.143391 0.174334 0.0848619 0.173289 0.0319612 0.172839 -0.0201269 0.173103 -0.0750912 0.174173 -0.129698 0.176216 -0.187304 
4.109 -0.459006 0.263923 -0.456132 0.203425 -0.455178 0.149545 -0.45515 0.0971856 -0.456545 0.0428474 -0.45918 -0.0101568 -0.46263 -0.0651489 
3.174 0.162827 0.407054 0.15774 0.342069 0.153836 0.285179 0.150432 0.230647 0.147485 0.175035 0.145152 0.121594 0.143845 0.067208 
4.234 -0.190549 0.138597 -0.191419 0.0802915 -0.19294 0.0277068 -0.19493 -0.0240268 -0.197632 -0.0785838 -0.200915 -0.132784 -0.204437 -0.189833 
0.909 0.308697 0.296795 0.304032 0.235617 0.301073 0.18142 0.298997 0.128649 0.297842 0.0741288 0.297886 0.020931 0.299253 -0.034199 
4.082 -0.352171 0.274195 -0.349996 0.213425 -0.349312 0.159415 -0.349422 0.107018 -0.350585 0.0527779 -0.352708 -6.16153e-05 -0.355481 -0.0548399 
0.875 0.323764 0.307752 0.318817 0.246403 0.315755 0.191916 0.313566 0.139071 0.312332 0.0844514 0.312368 0.0311853 0.313764 -0.0239493 
4.082 -0.221367 0.252281 -0.220629 0.192041 -0.220779 0.138489 -0.221458 0.0864993 -0.222856 0.0326884 -0.224907 -0.0199941 -0.227307 -0.0747534 
3.982 -0.195343 0.303643 -0.194368 0.241935 -0.194157 0.187445 -0.194335 0.134893 -0.195161 0.0808461 -0.196545 0.0283803 -0.19815 -0.0257966 
4.086 -0.385728 0.274195 -0.383264 0.21343 -0.382416 0.159391 -0.382453 0.106983 -0.383608 0.0527157 -0.385901 -0.000147178 -0.388862 -0.0549856 
0.739 0.460047 0.398151 0.452448 0.334697 0.447297 0.278715 0.443258 0.224761 0.440443 0.169282 0.439165 0.115756 0.43954 0.0608672 
1.041 0.258019 0.397466 0.252048 0.333269 0.247681 0.276973 0.244096 0.222795 0.241148 0.167452 0.239269 0.1142 0.238375 0.0597966 
4.238 -0.362444 0.17147 -0.362211 0.112571 -0.363331 0.0595411 -0.365224 0.0075669 -0.368308 -0.046896 -0.372387 -0.100636 -0.377195 -0.15687 
1.432 0.0217504 0.185166 0.0198734 0.126576 0.0184326 0.0739136 0.0171198 0.0223519 0.0158652 -0.031653 0.0148757 -0.0851185 0.0143303 -0.141265 
4.066 -0.200137 0.252965 -0.199664 0.192726 -0.199876 0.13913 -0.200615 0.0870837 -0.201997 0.0333183 -0.203927 -0.0193339 -0.20622 -0.0740138 
4.086 -0.46106 0.281729 -0.457824 0.220852 -0.456503 0.166787 -0.456212 0.114244 -0.457254 0.0598771 -0.459535 0.00688775 -0.462649 -0.0479632 
3.193 0.182002 0.430338 0.176328 0.364207 0.17203 0.306563 0.168403 0.251468 0.164972 0.195325 0.162546 0.141727 0.160924 0.0871567 
2.992 0.224462 0.454308 0.217919 0.387491 0.212945 0.329189 0.208644 0.273652 0.2049 0.21708 0.20201 0.163087 0.200169 0.108278 
4.195 -0.238488 0.176264 -0.238542 0.117371 -0.239693 0.0645996 -0.241355 0.0128587 -0.243787 -0.0413419 -0.2471 -0.0948689 -0.250693 -0.150993 
2.512 0.0683194 0.00710862 0.0671831 -0.0512346 0.0664977 -0.10513 0.0662187 -0.159144 0.0661493 -0.217188 0.0664053 -0.2757 0.0673332 -0.338169 
3.965 -0.226161 0.322134 -0.224617 0.25991 -0.223984 0.204992 -0.223811 0.152051 -0.22434 0.09767 -0.225508 0.0450547 -0.227014 -0.00920581 
4.094 -0.439145 0.276935 -0.436165 0.216126 -0.434957 0.162057 -0.434828 0.109565 -0.436003 0.0552099 -0.438341 0.0022727 -0.441489 -0.0526349 
4.227 -0.386413 0.184482 -0.385908 0.125398 -0.386838 0.0723125 -0.388621 0.020293 -0.391643 -0.0341297 -0.395706 -0.0877217 -0.400607 -0.143768 
4.086 -0.403534 0.27488 -0.4009 0.214127 -0.39995 0.160114 -0.399931 0.107686 -0.401128 0.0533614 -0.403408 0.000451553 -0.406437 -0.0543936 
4.039 0.00873853 0.0125873 0.00728597 -0.0456472 0.00610873 -0.0993988 0.00510635 -0.153163 0.00411345 -0.21108 0.00317255 -0.26939 0.00272304 -0.331644 
4.266 -0.218628 0.12627 -0.219601 0.0680513 -0.221418 0.0154767 -0.223655 -0.0364837 -0.226772 -0.0913298 -0.230478 -0.145846 -0.234516 -0.20323 
0.729 0.516888 0.394042 0.509009 0.33103 0.503568 0.275258 0.499445 0.221345 0.496661 0.165886 0.495521 0.112364 0.496159 0.0574574 
4.227 -0.215888 0.153664 -0.216478 0.0951521 -0.217882 0.0425045 -0.219732 -0.00926554 -0.222458 -0.063757 -0.225818 -0.117562 -0.229506 -0.174161 
4.09 -0.199452 0.23379 -0.199207 0.173828 -0.199612 0.120452 -0.200585 0.0686462 -0.202193 0.0148278 -0.204437 -0.0378228 -0.206929 -0.0927443 
4.203 -0.113163 0.137228 -0.114338 0.0791543 -0.115751 0.0266599 -0.117498 -0.024973 -0.119619 -0.0794799 -0.122053 -0.133606 -0.124519 -0.190825 
0.825 0.366909 0.251596 0.3631 0.191506 0.361215 0.137728 0.360111 0.085225 0.360307 0.0305477 0.361764 -0.0231363 0.365075 -0.0789452 
4.293 -0.223421 0.109834 -0.224689 0.0517975 -0.226666 -0.000786873 -0.229222 -0.0529341 -0.232616 -0.108001 -0.236583 -0.16288 -0.240916 -0.220644 
4.281 -0.0460485 -0.0613752 -0.0479855 -0.120561 -0.0497552 -0.175794 -0.0516757 -0.231606 -0.0537586 -0.291642 -0.0559024 -0.352599 -0.0578112 -0.417992 
4.094 -0.163841 0.224887 -0.163909 0.165268 -0.164635 0.112164 -0.165727 0.0605186 -0.167332 0.00670759 -0.169472 -0.0459783 -0.171803 -0.101029 
1.345 0.190905 0.1475 0.188641 0.0889037 0.187602 0.035991 0.187173 -0.0161367 0.187534 -0.0710745 0.188641 -0.1256 0.190889 -0.183139 
4.09 -0.425449 0.27625 -0.422611 0.215456 -0.421564 0.161413 -0.421441 0.108906 -0.42263 0.0545982 -0.424993 0.0016486 -0.428049 -0.0532035 
4.219 -0.196713 0.152294 -0.19739 0.0938193 -0.19878 0.0411722 -0.200659 -0.0104442 -0.203297 -0.0648835 -0.20647 -0.118687 -0.209929 -0.175494 
1.664 0.0683194 0.0420353 0.0670577 -0.0159856 0.0663304 -0.069374 0.0659354 -0.122762 0.0658119 -0.17984 0.0660116 -0.237336 0.0667804 -0.298566 
4 -0.200822 0.290631 -0.199936 0.229239 -0.199775 0.174939 -0.200055 0.122544 -0.201029 0.0686206 -0.202533 0.0162041 -0.204345 -0.0381055 
1.238 0.240214 0.429653 0.233869 0.364114 0.229191 0.306785 0.225291 0.252029 0.221955 0.196112 0.219544 0.142509 0.218172 0.0878647 
4.223 -0.324093 0.179688 -0.324009 0.120732 -0.324986 0.067775 -0.326733 0.0158298 -0.329633 -0.0385427 -0.333368 -0.0921997 -0.337708 -0.148341 
4.266 -0.173428 0.110519 -0.174744 0.0525277 -0.176556 -0.000157126 -0.178847 -0.0520792 -0.181779 -0.107021 -0.185201 -0.161862 -0.188817 -0.219649 
1.234 0.236105 0.463211 0.229335 0.396148 0.224175 0.337614 0.219875 0.281827 0.216067 0.225166 0.213286 0.170977 0.211417 0.11596 
4.105 -0.221367 0.233105 -0.220858 0.173162 -0.221226 0.1198 -0.222148 0.0679664 -0.223795 0.0141296 -0.226111 -0.0386846 -0.228785 -0.0937551 
4.121 -0.161101 0.202287 -0.161309 0.143154 -0.162256 0.0903185 -0.163481 0.0387228 -0.165368 -0.0150916 -0.167642 -0.0681833 -0.170178 -0.123743 
3.996 0.010793 -0.0264484 0.00942872 -0.0850661 0.00836121 -0.139594 0.00739698 -0.194422 0.00640618 -0.253292 0.00552192 -0.312748 0.00514443 -0.376411 
1.783 0.212135 0.40226 0.206674 0.337188 0.202604 0.280328 0.199193 0.225801 0.196213 0.170154 0.194082 0.116746 0.192796 0.062335 
4.215 -0.159732 0.143391 -0.160708 0.085153 -0.162094 0.0326378 -0.16386 -0.0190711 -0.166241 -0.073589 -0.169131 -0.127706 -0.172238 -0.184785 
2.793 0.216244 0.434447 0.210034 0.368266 0.205429 0.310596 0.201462 0.255401 0.198014 0.199269 0.195374 0.145515 0.193831 0.090881 
4.258 -0.0460485 -0.0764416 -0.0479876 -0.135923 -0.0498525 -0.191823 -0.0517527 -0.248086 -0.0539103 -0.308831 -0.0560381 -0.370278 -0.0580352 -0.436431 
2.697 0.163512 0.425544 0.158335 0.359633 0.15433 0.302032 0.150832 0.247088 0.147718 0.191018 0.1453 0.137518 0.143794 0.082924 
4.094 -0.180277 0.23242 -0.180168 0.172582 -0.180701 0.119338 -0.181685 0.0675663 -0.183271 0.0137853 -0.185405 -0.0389537 -0.187741 -0.0939196 
1.617 0.0149021 0.064635 0.013319 0.00677548 0.0120901 -0.0461763 0.0110099 -0.0987613 0.009939 -0.154925 0.00910327 -0.211444 0.00861915 -0.271429 
1.553 0.120367 0.0584714 0.119252 0.000396211 0.118881 -0.0528392 0.118983 -0.105919 0.119529 -0.162407 0.120636 -0.219238 0.122548 -0.279738 
1.473 0.0183263 0.12764 0.0166147 0.0696737 0.0153255 0.0171006 0.0139414 -0.0347399 0.012865 -0.0895808 0.0118942 -0.144272 0.0113131 -0.202273 
3.959 -0.139186 0.303643 -0.138994 0.24175 -0.139261 0.187193 -0.139798 0.13465 -0.140835 0.080651 -0.142186 0.0282845 -0.143618 -0.0257739 
1.633 0.103931 -0.0059033 0.103233 -0.064531 0.103323 -0.118942 0.103669 -0.173455 0.104534 -0.232061 0.105784 -0.291207 0.107774 -0.354474 
0.782 0.387454 0.251596 0.383556 0.191495 0.381626 0.137735 0.380811 0.0853182 0.381076 0.0306119 0.382677 -0.0231051 0.386329 -0.0789658 
4.09 -0.0994658 0.202972 -0.100403 0.14391 -0.10149 0.0911243 -0.102815 0.0396159 -0.10446 -0.0141684 -0.106356 -0.0671106 -0.10813 -0.122613 
1.611 0.103246 0.0529927 0.102081 -0.00508763 0.101611 -0.0583983 0.101516 -0.111421 0.101853 -0.16815 0.102749 -0.225137 0.104213 -0.285629 
4.262 -0.314505 0.153664 -0.314846 0.0949725 -0.316218 0.0421424 -0.318278 -0.00981249 -0.321534 -0.0644828 -0.325614 -0.118435 -0.330295 -0.175172 
0.733 0.490864 0.383769 0.48323 0.320797 0.478182 0.265257 0.474238 0.211554 0.471629 0.156083 0.47069 0.102575 0.471474 0.0477065 
4.293 -0.172059 0.0954527 -0.173521 0.0376139 -0.175421 -0.0150327 -0.177845 -0.0670857 -0.180874 -0.122509 -0.184422 -0.177566 -0.188173 -0.236064 
2.025 0.192275 0.416642 0.186754 0.351416 0.182645 0.294409 0.17908 0.239785 0.175963 0.184097 0.173642 0.130655 0.172177 0.0761893 
3.994 -0.2289 0.305698 -0.227509 0.243993 -0.22691 0.189443 -0.226897 0.136802 -0.227604 0.0826232 -0.228946 0.030065 -0.230623 -0.0242164 
1.535 0.17036 0.0632653 0.169245 0.00503997 0.169233 -0.0482667 0.169645 -0.10144 0.170987 -0.157801 0.172821 -0.214499 0.175561 -0.274784 
4.43 -0.0638543 -0.057951 -0.0660596 -0.117098 -0.0681414 -0.172277 -0.0702991 -0.227962 -0.0727755 -0.287848 -0.0753271 -0.348493 -0.0778483 -0.41364 
1.443 0.184742 0.104356 0.183083 0.0459752 0.182631 -0.00716467 0.182454 -0.0596168 0.183589 -0.115296 0.185063 -0.170783 0.187426 -0.229465 
4.359 -0.168634 0.0331324 -0.170698 -0.0248197 -0.173337 -0.0780883 -0.17626 -0.13126 -0.179958 -0.188016 -0.183984 -0.245028 -0.188151 -0.305548 
4.188 -0.170689 0.161882 -0.171481 0.10334 -0.172718 0.0507613 -0.174394 -0.000849572 -0.176751 -0.0549576 -0.179512 -0.108567 -0.1825 -0.164912 
3.965 -0.174798 0.306383 -0.174108 0.244462 -0.174017 0.189785 -0.174355 0.137258 -0.175228 0.0831582 -0.176584 0.030637 -0.178114 -0.0234431 
1.466 0.0511985 0.117367 0.0494745 0.0593894 0.048329 0.00672874 0.0473728 -0.0452779 0.0467369 -0.100343 0.0463809 -0.155357 0.046594 -0.213795 
4.402 -0.0563211 -0.0435694 -0.0582933 -0.102335 -0.0602994 -0.157163 -0.0624828 -0.212438 -0.0648088 -0.271847 -0.0671699 -0.331826 -0.0694207 -0.396048 
4.184 -0.245336 0.195439 -0.245131 0.136341 -0.246023 0.0834064 -0.247515 0.0315928 -0.249805 -0.0224573 -0.252964 -0.0757333 -0.256484 -0.131528 
4.398 -0.0843994 -0.015491 -0.0865398 -0.0738573 -0.0888041 -0.127903 -0.0911019 -0.182243 -0.0938752 -0.240606 -0.0966684 -0.299434 -0.0993604 -0.362246 
4.215 -0.140556 0.139282 -0.141551 0.0811406 -0.143137 0.0286597 -0.144723 -0.0230403 -0.147233 -0.0775386 -0.149853 -0.131701 -0.152596 -0.188857 
4.121 -0.113163 0.189275 -0.11408 0.130251 -0.115201 0.0775057 -0.116675 0.026026 -0.118449 -0.0277587 -0.120574 -0.080817 -0.122662 -0.136438 
4.234 -0.0371456 0.0208054 -0.0388791 -0.0370252 -0.0405163 -0.0904289 -0.0421498 -0.143735 -0.0439823 -0.201191 -0.0458346 -0.258617 -0.0474088 -0.319875 
4.285 -0.14672 0.0933982 -0.148224 0.0354346 -0.15008 -0.0170307 -0.152355 -0.069292 -0.155169 -0.124515 -0.15835 -0.179762 -0.161673 -0.238345 
4.262 -0.0398849 0.043405 -0.0415991 -0.0143308 -0.0431504 -0.0673704 -0.0448206 -0.120304 -0.0465592 -0.176862 -0.0484012 -0.233756 -0.0499702 -0.294266 
1.622 0.233365 0.371442 0.228228 0.307667 0.224502 0.251687 0.221349 0.197965 0.218805 0.142944 0.217289 0.0897385 0.216748 0.0353641 
4.379 -0.202191 0.0358718 -0.204567 -0.0221338 -0.207216 -0.0754604 -0.210741 -0.128567 -0.214795 -0.185281 -0.219223 -0.242254 -0.224302 -0.302653 
4.258 -0.0864539 0.0886043 -0.0880201 0.0308684 -0.0896765 -0.0216648 -0.0915962 -0.0738755 -0.0938202 -0.12932 -0.0962503 -0.184836 -0.0985801 -0.24366 
1.632 0.21556 0.370073 0.210052 0.306272 0.206093 0.250286 0.202575 0.196506 0.199861 0.141413 0.197776 0.0882237 0.1969 0.0338641 
4.098 0.0142172 0.146131 0.0124761 0.0879888 0.0111689 0.0354388 0.00980738 -0.0161377 0.00871813 -0.0706093 0.00777673 -0.124772 0.00719631 -0.181821 
3.992 -0.173428 0.292001 -0.172849 0.230468 -0.172866 0.176217 -0.173282 0.12386 -0.174259 0.0698825 -0.175721 0.0175938 -0.177341 -0.0365925 
4.262 -0.147404 0.108465 -0.148788 0.050664 -0.150569 -0.00198902 -0.152715 -0.053735 -0.155433 -0.108739 -0.158564 -0.163563 -0.161731 -0.221492 
4.422 -0.243282 0.0249144 -0.245853 -0.0332746 -0.249345 -0.0868502 -0.253214 -0.140286 -0.258005 -0.197325 -0.263445 -0.254591 -0.269417 -0.315451 
4.062 -0.122065 0.231051 -0.122585 0.171349 -0.123488 0.118185 -0.124614 0.0665648 -0.126113 0.0127721 -0.127875 -0.0399635 -0.129674 -0.0950853 
0.74 0.455253 0.378975 0.448248 0.316212 0.443304 0.260812 0.439542 0.207232 0.43704 0.152052 0.436122 0.0986738 0.436936 0.0437914 
1.373 0.212135 0.134488 0.210052 0.0759529 0.209247 0.0227972 0.208933 -0.0293553 0.209609 -0.084585 0.211142 -0.139477 0.21358 -0.197316 
0.885 0.327873 0.252965 0.32392 0.192779 0.321819 0.139085 0.320456 0.0867527 0.320342 0.0321576 0.321366 -0.0212951 0.323664 -0.0770684 
4.352 -0.197398 0.0509382 -0.199601 -0.00696115 -0.202102 -0.060132 -0.205419 -0.113049 -0.209336 -0.169421 -0.213627 -0.225993 -0.218501 -0.285927 
1.681 0.0977674 0.0242296 0.0968146 -0.0340423 0.0965221 -0.0877704 0.0964716 -0.141551 0.0970566 -0.199198 0.0978965 -0.257198 0.0992978 -0.319083 
1.646 0.132009 0.0338173 0.131164 -0.0245209 0.131002 -0.0781819 0.131431 -0.131736 0.132268 -0.189219 0.133674 -0.246881 0.135985 -0.308202 
4.102 -0.128914 0.205027 -0.129434 0.14591 -0.130464 0.0930354 -0.131678 0.0415224 -0.13346 -0.0122788 -0.135538 -0.0652338 -0.13777 -0.120702 
4.148 -0.0118066 0.0680592 -0.0134867 0.0102862 -0.0149391 -0.0424751 -0.0162591 -0.0947938 -0.0176215 -0.150665 -0.0188109 -0.20671 -0.019811 -0.266053 
1.717 0.21556 0.385139 0.209788 0.320861 0.205594 0.264496 0.201957 0.210392 0.198905 0.155016 0.196742 0.101886 0.195503 0.0473605 
2.098 0.166251 0.385139 0.161362 0.320732 0.157646 0.264432 0.154413 0.210381 0.151644 0.155048 0.149524 0.102091 0.148421 0.047825 
1.678 0.0806465 0.0338173 0.0794377 -0.0242472 0.0788704 -0.0777598 0.0787474 -0.131286 0.0787811 -0.188497 0.0792855 -0.246106 0.0804446 -0.307547 
4.246 -0.162471 0.122846 -0.163653 0.0648666 -0.16537 0.0121914 -0.167471 -0.0395097 -0.170201 -0.0942896 -0.173409 -0.148824 -0.17676 -0.206299 
4.25 -0.243282 0.1475 -0.243707 0.0889669 -0.245213 0.0363144 -0.247292 -0.0155123 -0.250166 -0.0700968 -0.253922 -0.124026 -0.25797 -0.180858 
1.496 0.0484591 0.102986 0.0467947 0.0450999 0.0456816 -0.00765682 0.044741 -0.0597583 0.0440286 -0.115143 0.0436878 -0.170572 0.0439043 -0.229328 
3.934 -0.100836 0.309807 -0.101195 0.24779 -0.101778 0.193023 -0.102557 0.140464 -0.103645 0.0863559 -0.104947 0.0340473 -0.106199 -0.0199319 
3.961 -0.12275 0.298849 -0.122773 0.237302 -0.123173 0.182852 -0.123831 0.130429 -0.124935 0.0765006 -0.12631 0.0241018 -0.127669 -0.0298666 
4.047 -0.176168 0.259814 -0.175897 0.199241 -0.176214 0.145536 -0.176993 0.0935474 -0.17834 0.0397211 -0.180167 -0.012753 -0.182216 -0.067347 
4.391 -0.267251 0.043405 -0.269605 -0.0147418 -0.272768 -0.0681154 -0.27659 -0.12118 -0.281432 -0.177726 -0.28689 -0.234292 -0.293043 -0.294372 
4.324 -0.0433091 -0.0134365 -0.0451306 -0.0716938 -0.046845 -0.125903 -0.0486188 -0.180123 -0.0506053 -0.238754 -0.0525989 -0.297464 -0.054414 -0.360299 
1.672 0.153239 0.00984797 0.152823 -0.0487885 0.153068 -0.102943 0.153942 -0.157238 0.155497 -0.215486 0.157372 -0.274082 0.16047 -0.336663 
4.332 -0.222052 0.0886043 -0.223583 0.0304686 -0.225868 -0.0222076 -0.228659 -0.0746047 -0.232335 -0.130344 -0.236555 -0.185686 -0.241113 -0.244348 
1.359 0.253226 0.270086 0.249113 0.209272 0.246442 0.155291 0.244486 0.102773 0.243299 0.0485 0.243347 -0.00468485 0.244347 -0.0596738 
4.07 -0.0933023 0.217354 -0.0941435 0.15785 -0.0952126 0.104768 -0.0964475 0.0532274 -0.0980627 -0.000498041 -0.0998187 -0.0531858 -0.101568 -0.108237 
4.355 -0.248076 0.0721682 -0.249771 0.0141303 -0.252449 -0.0388336 -0.255707 -0.0914191 -0.259852 -0.147288 -0.264453 -0.203076 -0.269688 -0.262169 
1.626 0.182687 0.371442 0.177798 0.307771 0.174064 0.251787 0.170966 0.198039 0.16813 0.143118 0.166447 0.0899152 0.165256 0.0358471 
4.238 -0.0960416 0.10641 -0.0975553 0.0485502 -0.099111 -0.00396436 -0.100912 -0.0557445 -0.103126 -0.110603 -0.105467 -0.165337 -0.10786 -0.223257 
4.426 -0.266566 0.0255992 -0.269235 -0.032622 -0.272786 -0.0862129 -0.276825 -0.139654 -0.281922 -0.196637 -0.287664 -0.253806 -0.294159 -0.314621 
4.387 -0.139186 0.0105328 -0.141493 -0.0475195 -0.144081 -0.101153 -0.147037 -0.15484 -0.150573 -0.21233 -0.154379 -0.270153 -0.158297 -0.331752 
4.188 -0.0713875 0.131749 -0.0727632 0.0737252 -0.0742303 0.0213016 -0.0757975 -0.0303722 -0.0776592 -0.0848607 -0.0796252 -0.139023 -0.0815069 -0.196261 
0.868 0.342254 0.252965 0.338267 0.192828 0.336 0.139036 0.33474 0.0867444 0.334399 0.0321582 0.335444 -0.0212879 0.338008 -0.0770961 
3.199 0.129955 0.486495 0.124779 0.417682 0.120756 0.358075 0.117168 0.30137 0.113891 0.243967 0.111125 0.189382 0.109135 0.134224 
4.301 -0.184386 0.0892891 -0.185891 0.0314335 -0.187994 -0.0211334 -0.190458 -0.0736328 -0.193721 -0.128949 -0.197444 -0.184304 -0.201406 -0.243025 
0.784 0.388823 0.268032 0.384354 0.20749 0.382022 0.153568 0.380846 0.101044 0.380708 0.0463547 0.382017 -0.00714561 0.38519 -0.0628302 
1.615 0.156663 0.0427202 0.155762 -0.0156294 0.155783 -0.0691628 0.156335 -0.122644 0.157657 -0.179706 0.159298 -0.236959 0.161913 -0.297993 
4.012 -0.150144 0.278989 -0.14989 0.217857 -0.15018 0.163853 -0.150831 0.111668 -0.151957 0.0578864 -0.153515 0.00555298 -0.155191 -0.0486894 
4.223 -0.0275579 0.0721682 -0.0292263 0.0143489 -0.0306664 -0.0383535 -0.0321475 -0.0906353 -0.0339364 -0.146508 -0.0354789 -0.202414 -0.0365435 -0.261615 
4.012 -0.0672785 0.250226 -0.0682987 0.189903 -0.0694002 0.136361 -0.0705813 0.0845849 -0.0720143 0.0308803 -0.073538 -0.0215025 -0.0748999 -0.076019 
4.016 -0.126174 0.268032 -0.126309 0.207179 -0.126868 0.153381 -0.127647 0.101344 -0.128896 0.0476503 -0.130469 -0.00473326 -0.132089 -0.0591428 
4.023 -0.168634 0.272826 -0.168235 0.211843 -0.168396 0.158024 -0.169021 0.105849 -0.170157 0.0519936 -0.171742 -0.00040487 -0.173534 -0.0548992 
4.266 -0.109054 0.0927133 -0.110571 0.0348169 -0.112369 -0.0177634 -0.114378 -0.0699589 -0.116886 -0.125328 -0.119679 -0.18069 -0.122445 -0.239283 
4.18 -0.12549 0.153664 -0.126424 0.0953336 -0.127878 0.0428479 -0.129426 -0.00873064 -0.131579 -0.0629703 -0.134127 -0.116701 -0.136699 -0.173306 
4.375 -0.121381 0.00916313 -0.123589 -0.0489322 -0.12591 -0.102589 -0.128606 -0.156246 -0.131812 -0.213813 -0.13525 -0.271656 -0.138657 -0.333335 
4.055 -0.0748117 0.222832 -0.0758641 0.163149 -0.077059 0.110191 -0.0783204 0.0585622 -0.0798476 0.00483466 -0.0815249 -0.0477444 -0.0829624 -0.102703 
4.285 -0.0433091 -0.0374058 -0.0451932 -0.096124 -0.0469648 -0.150848 -0.0487897 -0.205872 -0.050861 -0.2651 -0.0528982 -0.324866 -0.0547653 -0.388865 
4.266 -0.043994 0.0584714 -0.0456318 0.000772195 -0.0471701 -0.0520628 -0.0488263 -0.104565 -0.0505605 -0.160507 -0.0523951 -0.216805 -0.0539596 -0.276351 
4.336 -0.170004 0.0481989 -0.171986 -0.00971459 -0.174447 -0.062789 -0.177274 -0.115648 -0.180854 -0.172086 -0.184737 -0.228668 -0.18877 -0.28863 
4.398 -0.252869 0.0399808 -0.255239 -0.0181788 -0.258433 -0.0715587 -0.262155 -0.124733 -0.266792 -0.1814 -0.272132 -0.238226 -0.277862 -0.298472 
4.242 -0.131653 0.119422 -0.132921 0.0615259 -0.134625 0.00888086 -0.136562 -0.0427711 -0.139032 -0.0974329 -0.141881 -0.15193 -0.144806 -0.209334 
1.531 0.147761 0.0673743 0.146528 0.00917864 0.146194 -0.0439945 0.146366 -0.0970797 0.147273 -0.15336 0.148698 -0.209954 0.150901 -0.270194 
4.27 -0.12412 0.094083 -0.12563 0.036273 -0.127401 -0.0162022 -0.129529 -0.068429 -0.132164 -0.123578 -0.135108 -0.178814 -0.138077 -0.237271 
4.363 -0.270675 0.0742227 -0.272365 0.0161149 -0.275169 -0.0368614 -0.278388 -0.0895217 -0.282713 -0.145341 -0.287752 -0.201077 -0.293262 -0.260048 
1.675 0.123106 0.0228599 0.122369 -0.0355178 0.122463 -0.0893918 0.122935 -0.143289 0.123992 -0.201105 0.125472 -0.259172 0.127795 -0.321187 
4.352 -0.183701 0.0454595 -0.185733 -0.0124735 -0.18834 -0.0656382 -0.191421 -0.11859 -0.195218 -0.175101 -0.199451 -0.231693 -0.203904 -0.291766 
1.8 0.197069 0.40226 0.191423 0.337167 0.187195 0.280196 0.183565 0.225682 0.180341 0.16998 0.178134 0.116589 0.17667 0.062185 
4.363 -0.103575 0.00916313 -0.105748 -0.0488572 -0.107876 -0.10249 -0.110282 -0.156159 -0.113148 -0.213671 -0.116166 -0.271517 -0.119059 -0.33318 
1.529 0.10941 0.0701137 0.108125 0.0120158 0.107579 -0.0410602 0.107462 -0.0937979 0.107843 -0.150012 0.108724 -0.206455 0.110345 -0.266253 
4.141 -0.121381 0.176948 -0.122249 0.118231 -0.123508 0.0656179 -0.124905 0.0141226 -0.126862 -0.0397822 -0.12914 -0.0931475 -0.131501 -0.149181 
1.636 0.0922887 0.0440899 0.0911235 -0.0140124 0.0906943 -0.067416 0.0904249 -0.120664 0.0907997 -0.177648 0.0914221 -0.234935 0.0926578 -0.295846 
4.148 -0.139186 0.176948 -0.139885 0.118222 -0.141126 0.0655902 -0.142629 0.014047 -0.144739 -0.039871 -0.14715 -0.0932102 -0.149669 -0.149263 
1.524 0.124476 -0.0223394 0.124257 -0.0815503 0.124692 -0.136387 0.125435 -0.191701 0.126886 -0.251145 0.128502 -0.311263 0.131303 -0.376175 
4.07 -0.108369 0.221463 -0.109063 0.16181 -0.11004 0.108827 -0.111281 0.057247 -0.112865 0.00354937 -0.114638 -0.0491784 -0.116419 -0.104193 
4.316 -0.0433091 0.00231475 -0.045113 -0.0557695 -0.0467646 -0.109671 -0.048508 -0.163329 -0.0504431 -0.220845 -0.0523697 -0.279149 -0.0540909 -0.341044 
1.718 0.0751678 0.0194357 0.0739848 -0.0388054 0.073236 -0.0925337 0.0731197 -0.146352 0.0730852 -0.204013 0.0737029 -0.262199 0.0749852 -0.324258 
4.188 -0.139186 0.155034 -0.14011 0.096597 -0.141577 0.0441153 -0.143172 -0.00743858 -0.145503 -0.0616194 -0.148097 -0.115321 -0.150752 -0.171977 
4.16 -0.113847 0.163936 -0.114925 0.105404 -0.11621 0.0530371 -0.117785 0.00133715 -0.119713 -0.0526188 -0.121969 -0.106085 -0.124272 -0.162361 
3.99 0.00873853 0.0269689 0.00729545 -0.0309388 0.00611137 -0.0844053 0.00502814 -0.137857 0.00400866 -0.195171 0.0031287 -0.252769 0.00265742 -0.314371 
1.766 0.236789 0.412533 0.230674 0.347612 0.226154 0.290823 0.222465 0.236329 0.219227 0.180738 0.217175 0.127269 0.215907 0.0726652 
4.164 -0.0754965 0.155034 -0.0768395 0.0966539 -0.0782175 0.0441032 -0.0795907 -0.00737225 -0.0820957 -0.0615105 -0.0839384 -0.11515 -0.0858829 -0.1716 
4.273 -0.0974113 0.0776469 -0.0990619 0.0198688 -0.100913 -0.032765 -0.102783 -0.0850505 -0.105214 -0.140606 -0.107717 -0.19631 -0.110292 -0.255277 
1.903 0.208711 0.421435 0.202749 0.355811 0.198452 0.298534 0.194649 0.243702 0.191348 0.18781 0.188804 0.13425 0.187448 0.0797462 
4.184 -0.252869 0.178318 -0.252869 0.11945 -0.253937 0.0666879 -0.255564 0.0149435 -0.258064 -0.0392755 -0.261419 -0.0928098 -0.265105 -0.1489 
4.227 -0.173428 0.137913 -0.174412 0.0796581 -0.175866 0.0271462 -0.177832 -0.0245941 -0.180428 -0.0791643 -0.183552 -0.133205 -0.186764 -0.190411 
4.199 -0.295329 0.174209 -0.295293 0.115334 -0.296374 0.0624183 -0.29808 0.0106082 -0.300857 -0.0437249 -0.304495 -0.0972641 -0.308613 -0.153299 
4.023 -0.188495 0.275565 -0.187839 0.214664 -0.187892 0.160722 -0.188373 0.108555 -0.18952 0.054535 -0.19125 0.00211014 -0.193103 -0.0525296 
2.756 0.0128476 0.113943 0.0111776 0.0560232 0.00985916 0.00346824 0.00862011 -0.0485699 0.00755469 -0.10356 0.00661233 -0.15857 0.00611471 -0.217052 
4.391 -0.283687 0.0529927 -0.285885 -0.00516212 -0.289178 -0.0584566 -0.292954 -0.111389 -0.297786 -0.167727 -0.303343 -0.224009 -0.309512 -0.283651 
1.526 0.10667 -0.0285029 0.106312 -0.0875357 0.106509 -0.142368 0.107188 -0.197606 0.108258 -0.257069 0.109675 -0.317171 0.112079 -0.38178 
4.246 -0.111108 0.107095 -0.11258 0.0492225 -0.114261 -0.00333729 -0.116196 -0.0552037 -0.118588 -0.110187 -0.121163 -0.164963 -0.12384 -0.223037 
4.09 -0.0166005 0.0269689 -0.0183151 -0.0308428 -0.0198679 -0.0844221 -0.0211803 -0.137666 -0.0228856 -0.194829 -0.0242311 -0.252491 -0.0253114 -0.313568 
4.047 -0.0213943 -0.0148062 -0.0230088 -0.0731412 -0.0247239 -0.127304 -0.0262712 -0.181591 -0.0282774 -0.240048 -0.0297922 -0.298866 -0.0309177 -0.361672 
4.184 -0.274099 0.179688 -0.274188 0.12105 -0.275244 0.0681615 -0.276959 0.0160751 -0.279641 -0.038126 -0.283108 -0.0918135 -0.286999 -0.14811 
