1.72 0.0943432 0.00642378 0.0934462 -0.0520303 0.0932079 -0.106059 0.0932775 -0.1602 0.0938259 -0.218403 0.0946082 -0.276986 0.0961335 -0.339627 
4.211 -0.362444 0.187906 -0.361929 0.12879 -0.362831 0.0757317 -0.364471 0.0237438 -0.36732 -0.0306226 -0.371201 -0.0841566 -0.375791 -0.140134 
4.188 -0.37888 0.203657 -0.377993 0.144299 -0.378556 0.0910931 -0.379956 0.0390857 -0.382535 -0.0152047 -0.386205 -0.0685504 -0.390618 -0.124237 
4.234 -0.348062 0.174209 -0.347864 0.115276 -0.348945 0.0622953 -0.350763 0.010292 -0.353794 -0.0441554 -0.357805 -0.0978889 -0.362449 -0.154147 
4.188 -0.363813 0.205027 -0.362963 0.145661 -0.363477 0.0924596 -0.364804 0.0404813 -0.367308 -0.0138265 -0.370842 -0.0671264 -0.375084 -0.12283 
4.133 -0.353541 0.242693 -0.351934 0.182687 -0.351759 0.129138 -0.352376 0.077031 -0.354082 0.022806 -0.356794 -0.0301655 -0.360165 -0.085376 
4.16 -0.387098 0.226942 -0.385603 0.167206 -0.38562 0.113821 -0.386518 0.0617682 -0.388556 0.00749016 -0.391717 -0.045663 -0.39558 -0.101094 
1.483 0.356636 -0.00384879 0.357209 -0.063086 0.359489 -0.117769 0.362627 -0.172409 0.36732 -0.230923 0.373042 -0.289781 0.380686 -0.352637 
4.234 -0.402164 0.179688 -0.401631 0.12062 -0.402595 0.0675926 -0.404462 0.0155722 -0.407609 -0.0389435 -0.41188 -0.0926485 -0.416985 -0.148864 
4.195 -0.428188 0.203657 -0.427036 0.144291 -0.427483 0.0910037 -0.428949 0.0389582 -0.431734 -0.0154302 -0.435699 -0.068845 -0.440543 -0.124608 
4.156 -0.369977 0.226257 -0.368614 0.166577 -0.368692 0.113186 -0.369572 0.0611381 -0.371623 0.00686246 -0.374694 -0.0462399 -0.378483 -0.101696 
4.164 -0.348062 0.220778 -0.346963 0.161129 -0.347187 0.1078 -0.348238 0.0557912 -0.350365 0.00156621 -0.353469 -0.0515771 -0.357307 -0.106998 
4.133 -0.368607 0.241323 -0.366952 0.181329 -0.366773 0.127789 -0.367407 0.0756701 -0.369128 0.0214385 -0.371951 -0.0315597 -0.375438 -0.0867641 
4.215 -0.413806 0.190645 -0.413024 0.131473 -0.413783 0.0783337 -0.415441 0.0262916 -0.418453 -0.0281128 -0.422599 -0.081659 -0.427603 -0.137687 
4.199 -0.448048 0.207081 -0.446776 0.147625 -0.447091 0.0943501 -0.44843 0.0422482 -0.451185 -0.0121785 -0.455214 -0.0655673 -0.460073 -0.121285 
4.121 -0.380934 0.249541 -0.378996 0.189372 -0.378598 0.135685 -0.379064 0.0835258 -0.380637 0.0292728 -0.383355 -0.0236845 -0.386758 -0.0788037 
4.238 -0.382304 0.176264 -0.381933 0.117284 -0.382985 0.0642436 -0.384819 0.012258 -0.387928 -0.0422323 -0.392099 -0.0959585 -0.397036 -0.152204 
4.188 -0.350116 0.203657 -0.349339 0.144288 -0.34991 0.091093 -0.351255 0.0391096 -0.353718 -0.0151429 -0.357205 -0.0684661 -0.361384 -0.124182 
4.191 -0.413806 0.205712 -0.412691 0.146301 -0.413128 0.0930541 -0.414517 0.041004 -0.41717 -0.013333 -0.421041 -0.0666674 -0.425682 -0.122406 
4.16 -0.41997 0.226942 -0.418306 0.167186 -0.418252 0.113762 -0.419136 0.0616562 -0.421285 0.00733976 -0.424639 -0.0458351 -0.428786 -0.101301 
4.016 -0.0919326 0.250911 -0.0926137 0.190515 -0.0936019 0.136975 -0.0946879 0.0851292 -0.0960591 0.0314343 -0.0977182 -0.0209529 -0.0992514 -0.0754897 
4.199 -0.393261 0.200918 -0.39234 0.141606 -0.392931 0.0883748 -0.394375 0.0363531 -0.397093 -0.0179753 -0.40094 -0.0713877 -0.405519 -0.127191 
4.164 -0.437091 0.227626 -0.435321 0.167877 -0.435196 0.114407 -0.436059 0.0623 -0.438241 0.0079902 -0.441657 -0.045213 -0.445898 -0.100698 
4.129 -0.406273 0.245432 -0.404239 0.185384 -0.403818 0.131764 -0.404319 0.0795774 -0.406003 0.0253015 -0.408868 -0.0277256 -0.412491 -0.0829626 
4.105 -0.372716 0.261183 -0.370617 0.200758 -0.370065 0.147023 -0.370289 0.0947363 -0.371619 0.0405039 -0.37409 -0.0123888 -0.37712 -0.0673522 
4.23 -0.0837146 0.113943 -0.0851399 0.0560821 -0.0867303 0.00360973 -0.0884433 -0.0481817 -0.0904836 -0.103009 -0.0928014 -0.157696 -0.094988 -0.215594 
4.16 -0.404219 0.227626 -0.40259 0.167878 -0.402542 0.114457 -0.403419 0.0623606 -0.405464 0.00807083 -0.408737 -0.0451039 -0.412744 -0.100526 
4.051 -0.143295 0.247487 -0.143367 0.187218 -0.143897 0.133651 -0.144884 0.0818449 -0.146281 0.0280722 -0.148228 -0.024374 -0.150204 -0.0790484 
4.344 -0.213149 0.0769621 -0.214726 0.0189302 -0.217128 -0.0339025 -0.219933 -0.0864095 -0.22363 -0.142184 -0.22788 -0.197877 -0.232495 -0.256836 
4.168 -0.452157 0.226257 -0.450316 0.166518 -0.450231 0.113061 -0.451126 0.0609135 -0.453406 0.0065893 -0.456949 -0.0466427 -0.461352 -0.1021 
4.211 -0.347377 0.189275 -0.346925 0.130135 -0.347726 0.0771224 -0.3493 0.0251294 -0.352037 -0.0292202 -0.355785 -0.0827566 -0.360157 -0.138745 
4.137 -0.221367 0.21256 -0.221131 0.153091 -0.221769 0.0999201 -0.22295 0.048175 -0.224828 -0.00573853 -0.227456 -0.0587538 -0.230448 -0.114134 
4.215 -0.448048 0.192015 -0.447112 0.132772 -0.447787 0.0795887 -0.449496 0.0275464 -0.452573 -0.0269145 -0.456929 -0.0804994 -0.462146 -0.136492 
4.117 -0.444624 0.25502 -0.442103 0.1947 -0.441389 0.140922 -0.441655 0.0885928 -0.443219 0.0343024 -0.44607 -0.0187162 -0.449747 -0.0738163 
4.199 -0.0912478 0.135173 -0.0925577 0.0771039 -0.0940128 0.0246603 -0.0956443 -0.0269986 -0.0975691 -0.0814772 -0.0997782 -0.135656 -0.101932 -0.19295 
4.109 -0.423394 0.261868 -0.420872 0.201412 -0.420069 0.147603 -0.420224 0.0952882 -0.421619 0.0409924 -0.424256 -0.0119847 -0.427596 -0.0670038 
4.102 -0.35491 0.260499 -0.352978 0.200092 -0.352463 0.146349 -0.352759 0.0941166 -0.354143 0.0398998 -0.3565 -0.0129835 -0.359546 -0.0679566 
4.129 -0.424079 0.246802 -0.421894 0.186717 -0.421402 0.133068 -0.421825 0.0808843 -0.423555 0.0265953 -0.426451 -0.0264776 -0.430103 -0.0816949 
4.238 -0.190549 0.138597 -0.191429 0.0802966 -0.192958 0.0277172 -0.194919 -0.0240047 -0.197596 -0.078594 -0.200926 -0.132774 -0.204469 -0.189853 
4.125 -0.192604 0.211875 -0.192573 0.152387 -0.193271 0.0993532 -0.194413 0.0476448 -0.196277 -0.0062053 -0.198738 -0.0592086 -0.201493 -0.11456 
4.246 -0.429558 0.174894 -0.429023 0.115842 -0.430029 0.0627926 -0.431994 0.0107403 -0.435344 -0.0437889 -0.439855 -0.0975561 -0.445276 -0.153807 
4.137 -0.456951 0.246117 -0.454545 0.186039 -0.453982 0.132346 -0.454433 0.0801401 -0.45619 0.0258042 -0.459258 -0.027295 -0.46315 -0.082502 
4.105 -0.405588 0.261183 -0.403235 0.20076 -0.402531 0.146971 -0.402737 0.0947064 -0.40413 0.0404141 -0.40669 -0.0125279 -0.409993 -0.0675261 
4.238 -0.363128 0.173524 -0.362874 0.114586 -0.363967 0.0615779 -0.365822 0.00959554 -0.368878 -0.0448535 -0.372959 -0.0985909 -0.37779 -0.154838 
4.184 -0.191919 0.172154 -0.192388 0.113473 -0.19357 0.0607539 -0.195197 0.00912609 -0.197528 -0.0450658 -0.200496 -0.0985867 -0.203671 -0.154838 
1.345 0.176524 0.143391 0.174344 0.0848455 0.173317 0.0319644 0.172877 -0.0201381 0.173219 -0.0751015 0.174182 -0.129723 0.176264 -0.187367 
4.105 -0.390522 0.262553 -0.388256 0.202117 -0.387556 0.148333 -0.387737 0.0960184 -0.389043 0.0417649 -0.391502 -0.0111865 -0.394654 -0.0661671 
4.141 -0.439145 0.241323 -0.437039 0.181256 -0.436681 0.127653 -0.437268 0.0754545 -0.439204 0.0211602 -0.442323 -0.0319151 -0.446285 -0.0871479 
4.219 -0.428873 0.189275 -0.428058 0.130078 -0.42886 0.0769067 -0.430617 0.0248542 -0.433765 -0.029571 -0.438051 -0.0831344 -0.443249 -0.139124 
3.98 -0.194658 0.304328 -0.19369 0.242588 -0.19348 0.188121 -0.193645 0.135537 -0.194439 0.0815019 -0.195835 0.0290283 -0.197451 -0.0251753 
4.242 -0.448048 0.176948 -0.447436 0.117884 -0.448454 0.0647794 -0.450374 0.0127226 -0.453829 -0.041821 -0.458422 -0.0955892 -0.464002 -0.151822 
4.012 -0.220682 0.292001 -0.219519 0.230676 -0.219255 0.176436 -0.219431 0.123983 -0.220313 0.0699371 -0.221903 0.0174236 -0.223797 -0.0369295 
4.176 -0.394631 0.215299 -0.393373 0.155772 -0.393626 0.102447 -0.394744 0.0503986 -0.397127 -0.00390166 -0.400617 -0.0571766 -0.404844 -0.112764 
4.105 -0.459006 0.263923 -0.456141 0.203411 -0.455182 0.149548 -0.455186 0.0971744 -0.456535 0.0428422 -0.459198 -0.0101836 -0.462651 -0.0651661 
1.601 0.0916039 -0.0264484 0.0910188 -0.0853209 0.091012 -0.139778 0.0912615 -0.194767 0.0919758 -0.253752 0.09293 -0.31338 0.0946871 -0.37738 
4.082 -0.369977 0.27488 -0.367658 0.21411 -0.366876 0.160097 -0.366931 0.107711 -0.368096 0.0534471 -0.370388 0.00059668 -0.373228 -0.0542096 
4.047 0.00873853 0.043405 0.00725353 -0.0145254 0.00605239 -0.0678035 0.00493744 -0.120998 0.00394036 -0.177945 0.00299566 -0.235305 0.00249382 -0.296426 
4.066 -0.200137 0.252965 -0.199651 0.192743 -0.199866 0.139141 -0.200606 0.0871015 -0.201951 0.0333272 -0.203945 -0.0193429 -0.20625 -0.0740443 
1.442 0.0196959 0.204342 0.0178042 0.14537 0.0163382 0.092694 0.0149652 0.0411164 0.0137682 -0.0127793 0.0126776 -0.0659408 0.0121167 -0.121795 
4.27 -0.218628 0.12627 -0.219606 0.0680477 -0.221424 0.0154634 -0.223664 -0.0364477 -0.226737 -0.0912837 -0.230488 -0.145767 -0.234533 -0.203217 
4.078 -0.221367 0.252281 -0.220618 0.191962 -0.220772 0.138434 -0.221446 0.0864077 -0.222816 0.0326217 -0.224904 -0.0200137 -0.227325 -0.0748472 
2.35 0.0683194 0.00710862 0.0671916 -0.0512681 0.0664992 -0.105137 0.0662393 -0.159157 0.0662108 -0.217241 0.0664094 -0.275724 0.0673302 -0.33823 
4.309 -0.217943 0.100247 -0.219278 0.042278 -0.22148 -0.0104062 -0.224053 -0.0625382 -0.22745 -0.11791 -0.231498 -0.172857 -0.235888 -0.231162 
4.086 -0.46106 0.281729 -0.457816 0.220843 -0.456489 0.16676 -0.456207 0.114238 -0.457222 0.0598815 -0.459538 0.00690794 -0.462678 -0.0479606 
4.195 -0.238488 0.176264 -0.238541 0.117365 -0.239693 0.0645932 -0.241371 0.0128806 -0.243762 -0.0413284 -0.247091 -0.0948673 -0.250741 -0.151013 
4.078 -0.35628 0.274195 -0.35412 0.213471 -0.353397 0.159457 -0.353477 0.107092 -0.354668 0.052849 -0.356849 -8.57217e-06 -0.359666 -0.0548114 
3.963 -0.226161 0.322134 -0.224621 0.259893 -0.223988 0.204984 -0.223814 0.152036 -0.224314 0.0976657 -0.225515 0.0450519 -0.227036 -0.0092548 
4.086 -0.403534 0.27488 -0.400888 0.214124 -0.399932 0.160112 -0.399899 0.107674 -0.401076 0.0533643 -0.403386 0.000462421 -0.406448 -0.0543965 
1.343 0.190221 0.1475 0.18796 0.088868 0.186892 0.0359402 0.186509 -0.0161882 0.186964 -0.0711207 0.187968 -0.12567 0.190197 -0.183202 
4.199 -0.113163 0.137228 -0.114367 0.0791258 -0.115791 0.0266629 -0.117503 -0.0249665 -0.119592 -0.0794984 -0.122084 -0.133601 -0.12452 -0.190859 
4.09 -0.439145 0.276935 -0.43616 0.216117 -0.434971 0.162071 -0.434831 0.109588 -0.435967 0.0552177 -0.438336 0.00227032 -0.441517 -0.0526465 
4.199 -0.316559 0.196809 -0.316201 0.137647 -0.316934 0.0845015 -0.318339 0.0325598 -0.320937 -0.021701 -0.32441 -0.0750954 -0.328409 -0.13093 
4.09 -0.0994658 0.202972 -0.100388 0.143918 -0.101466 0.0911449 -0.10282 0.039635 -0.104405 -0.0141648 -0.106354 -0.0670904 -0.108141 -0.122621 
3.934 -0.235749 0.341309 -0.233914 0.278521 -0.232941 0.223304 -0.232547 0.170106 -0.232775 0.115525 -0.23372 0.0629038 -0.234998 0.00876002 
1.178 0.518943 -0.0497329 0.522708 -0.110181 0.528133 -0.166114 0.534814 -0.222174 0.543678 -0.282458 0.553872 -0.343154 0.566426 -0.407815 
4.215 -0.159732 0.143391 -0.160729 0.0851361 -0.162076 0.0326219 -0.163876 -0.0190802 -0.166208 -0.0735922 -0.169179 -0.127734 -0.172255 -0.184824 
4.09 -0.199452 0.234475 -0.199203 0.174512 -0.199628 0.121129 -0.200591 0.0693194 -0.202138 0.015496 -0.204439 -0.0371554 -0.206927 -0.0920932 
4.035 0.00873853 0.0125873 0.00726749 -0.0456546 0.00608566 -0.0994148 0.0050928 -0.153152 0.00417456 -0.211085 0.00316967 -0.269393 0.00267865 -0.331636 
4.086 -0.42134 0.27625 -0.418543 0.215462 -0.41746 0.161427 -0.417381 0.108957 -0.418543 0.0546586 -0.420944 0.00171485 -0.424012 -0.0531528 
4.227 -0.215888 0.153664 -0.216471 0.0951469 -0.217879 0.0424899 -0.219736 -0.00925192 -0.22242 -0.0637751 -0.225809 -0.117522 -0.229548 -0.174185 
3.896 -0.221367 0.356376 -0.219536 0.293095 -0.218626 0.237427 -0.218174 0.183932 -0.218318 0.129134 -0.219185 0.0764061 -0.220359 0.0222217 
4.105 -0.221367 0.233105 -0.220852 0.17321 -0.221211 0.119852 -0.222135 0.0680328 -0.223754 0.0141975 -0.226104 -0.0386858 -0.228796 -0.0937301 
4.215 -0.196713 0.152294 -0.197393 0.0938053 -0.198792 0.0411689 -0.200653 -0.0104256 -0.203243 -0.0648872 -0.206473 -0.118703 -0.20995 -0.175532 
4.09 -0.164525 0.225572 -0.164603 0.165901 -0.16529 0.112846 -0.166377 0.0611378 -0.167944 0.00735678 -0.170121 -0.0453344 -0.172454 -0.100389 
4.27 -0.173428 0.110519 -0.174734 0.0525179 -0.17654 -0.000199803 -0.178839 -0.0520881 -0.181738 -0.107059 -0.185204 -0.161891 -0.18885 -0.219699 
4.09 -0.180277 0.23242 -0.180164 0.172548 -0.180692 0.119349 -0.181664 0.0675888 -0.18322 0.0138185 -0.185404 -0.0389423 -0.187765 -0.0939351 
4.223 -0.315875 0.174894 -0.315892 0.1159 -0.317001 0.0629615 -0.318787 0.0110303 -0.32177 -0.0433768 -0.325551 -0.0969855 -0.329906 -0.153179 
1.646 0.104616 -0.00658814 0.103929 -0.065234 0.104039 -0.119687 0.104394 -0.174225 0.105372 -0.232883 0.106533 -0.291997 0.108541 -0.355375 
4.121 -0.161101 0.202287 -0.161316 0.143151 -0.162241 0.0903129 -0.163479 0.0387292 -0.165329 -0.0151026 -0.167659 -0.0681839 -0.170202 -0.123772 
1.542 0.180633 -0.0237091 0.180851 -0.0829104 0.181874 -0.13775 0.183562 -0.192759 0.185901 -0.251938 0.188955 -0.311739 0.19327 -0.375976 
1.616 0.0149021 0.064635 0.013327 0.00673878 0.0120955 -0.0461987 0.011023 -0.0987875 0.0100162 -0.154973 0.00910507 -0.211475 0.00862258 -0.271501 
1.55 0.120367 0.0584714 0.119239 0.000429943 0.118871 -0.0528047 0.118997 -0.10587 0.119612 -0.162374 0.120635 -0.219197 0.122559 -0.279747 
1.585 0.102561 0.0536776 0.101373 -0.00438683 0.10092 -0.0576874 0.10082 -0.110732 0.10125 -0.167449 0.102025 -0.224398 0.103507 -0.284954 
3.955 -0.139186 0.303643 -0.13899 0.2417 -0.139249 0.187178 -0.139772 0.13462 -0.140772 0.0806265 -0.142185 0.0282034 -0.143628 -0.0258193 
4.262 -0.314505 0.154349 -0.314832 0.0956479 -0.316221 0.0428031 -0.318261 -0.00912029 -0.321464 -0.0638094 -0.325586 -0.117796 -0.330279 -0.174543 
3.904 -0.236433 0.356376 -0.234394 0.293096 -0.233315 0.237398 -0.23274 0.183898 -0.232817 0.129089 -0.233586 0.0762835 -0.234661 0.0221047 
4.191 -0.171374 0.161882 -0.172127 0.103326 -0.173362 0.0507289 -0.175016 -0.0008795 -0.177321 -0.055 -0.180126 -0.108601 -0.183149 -0.164967 
3.99 -0.223421 0.305698 -0.222082 0.244004 -0.22162 0.18944 -0.221634 0.136811 -0.222342 0.0826501 -0.223749 0.0300828 -0.225441 -0.0242125 
1.468 0.0916039 -0.0682235 0.091268 -0.128114 0.0915965 -0.18413 0.0920777 -0.240582 0.0930329 -0.301645 0.094132 -0.363694 0.0962082 -0.430648 
1.504 0.3402 -0.00247911 0.341015 -0.0617181 0.342807 -0.11634 0.345561 -0.1709 0.34987 -0.229438 0.354947 -0.288203 0.362449 -0.351035 
4.082 -0.387782 0.278304 -0.385268 0.217505 -0.384367 0.163488 -0.384322 0.111051 -0.38544 0.0567595 -0.387675 0.00390889 -0.390614 -0.0509371 
1.474 0.0183263 0.12764 0.0166028 0.0696758 0.0152995 0.0171069 0.0139317 -0.0347192 0.0129434 -0.0896032 0.0118973 -0.144273 0.0113113 -0.202289 
4.293 -0.172059 0.0954527 -0.173499 0.0375844 -0.175406 -0.0150167 -0.177835 -0.0671103 -0.180816 -0.122535 -0.184405 -0.177608 -0.188179 -0.2361 
1.67 0.123791 0.00710862 0.123118 -0.0514129 0.123297 -0.105515 0.124098 -0.159785 0.12531 -0.217965 0.126847 -0.276568 0.129346 -0.339188 
3.961 -0.174798 0.306383 -0.174095 0.244402 -0.174019 0.189793 -0.174343 0.137188 -0.17518 0.0831397 -0.176579 0.0305355 -0.178135 -0.0234555 
1.465 0.0505136 0.117367 0.0488173 0.0593818 0.0476546 0.0067417 0.0466959 -0.045285 0.0461035 -0.100379 0.0457244 -0.155375 0.0459371 -0.213858 
4.215 -0.139871 0.139282 -0.140953 0.0811259 -0.142517 0.0286548 -0.144184 -0.0230202 -0.146566 -0.0775231 -0.149186 -0.131711 -0.151959 -0.188909 
4.266 -0.147404 0.108465 -0.148764 0.0506448 -0.150546 -0.00197209 -0.152679 -0.0537856 -0.155359 -0.108817 -0.158529 -0.163576 -0.161728 -0.221542 
4.266 -0.0398849 0.043405 -0.0415823 -0.0142999 -0.0431807 -0.0673626 -0.044815 -0.120286 -0.0464998 -0.176927 -0.0484215 -0.233778 -0.0499691 -0.294304 
1.24 0.48744 -0.0476784 0.490642 -0.107927 0.495542 -0.163759 0.50167 -0.219796 0.509748 -0.279909 0.519219 -0.340452 0.531011 -0.405182 
4.363 -0.168634 0.0331324 -0.170702 -0.0248144 -0.173313 -0.0780698 -0.176311 -0.131239 -0.17989 -0.188027 -0.183929 -0.245014 -0.188237 -0.305575 
4.117 -0.113163 0.189275 -0.114074 0.130235 -0.115185 0.0775146 -0.116685 0.0260269 -0.11839 -0.0277698 -0.120598 -0.0808204 -0.122692 -0.136461 
4.262 -0.0864539 0.0886043 -0.0880126 0.0308512 -0.0896729 -0.0217059 -0.0915908 -0.073874 -0.0937731 -0.129335 -0.0962451 -0.184849 -0.0985918 -0.24369 
4.289 -0.14672 0.0933982 -0.148214 0.0353498 -0.150074 -0.0170713 -0.152352 -0.069324 -0.155117 -0.124604 -0.158349 -0.179864 -0.161702 -0.238478 
4.09 0.0142172 0.146131 0.0124586 0.0879634 0.0111553 0.0354859 0.00980692 -0.0161673 0.00877861 -0.0706482 0.00775558 -0.124754 0.00716466 -0.182012 
4.379 -0.202191 0.0358718 -0.204523 -0.0221367 -0.207284 -0.0754479 -0.210775 -0.128553 -0.214795 -0.185309 -0.219318 -0.242229 -0.224323 -0.302664 
4.07 -0.133708 0.226942 -0.134143 0.167242 -0.134983 0.11407 -0.136099 0.0624253 -0.137664 0.0086974 -0.139624 -0.043944 -0.141679 -0.0989705 
4.188 -0.245336 0.195439 -0.245128 0.136325 -0.246039 0.0833985 -0.247513 0.0316155 -0.249758 -0.0224568 -0.252968 -0.0757382 -0.256502 -0.131555 
3.988 -0.173428 0.292001 -0.17285 0.230521 -0.172843 0.176211 -0.173266 0.123894 -0.174193 0.0699374 -0.175711 0.0175455 -0.177343 -0.0365808 
4.25 -0.162471 0.122846 -0.163632 0.0647849 -0.165353 0.0121821 -0.167463 -0.0395912 -0.170164 -0.0943611 -0.173392 -0.148869 -0.176763 -0.206397 
1.646 0.131324 0.0338173 0.130434 -0.0245576 0.130331 -0.0782111 0.130733 -0.131763 0.131682 -0.189255 0.132959 -0.246906 0.135271 -0.308296 
1.372 0.212135 0.134488 0.210064 0.075948 0.209241 0.0227937 0.208952 -0.0293753 0.209725 -0.0846023 0.211196 -0.139465 0.213656 -0.197333 
1.558 0.139543 0.0557321 0.13852 -0.0024631 0.138275 -0.055819 0.138261 -0.108871 0.139388 -0.16567 0.140609 -0.222563 0.142535 -0.282855 
2.723 0.0340775 -0.0750719 0.0329083 -0.13477 0.0321823 -0.190477 0.0315169 -0.246727 0.031081 -0.307429 0.0305883 -0.369012 0.0306307 -0.435375 
4.164 -0.0364608 0.0208054 -0.0381767 -0.0371622 -0.0397979 -0.0906165 -0.0414231 -0.143858 -0.043172 -0.20123 -0.0450973 -0.258734 -0.0466888 -0.320142 
4.355 -0.197398 0.0509382 -0.19946 -0.0069716 -0.202079 -0.0601263 -0.205332 -0.113049 -0.209298 -0.169434 -0.213596 -0.225988 -0.218537 -0.285948 
2.611 0.0142172 0.111889 0.0125771 0.053987 0.0112567 0.00142827 0.0100224 -0.0506027 0.00900295 -0.105691 0.00802589 -0.160769 0.00752953 -0.21927 
1.681 0.0977674 0.0242296 0.0968173 -0.0340767 0.096538 -0.0878098 0.0965134 -0.141563 0.0971478 -0.199271 0.0978825 -0.257221 0.0993543 -0.319158 
4.043 -0.176852 0.259814 -0.176577 0.19923 -0.176906 0.145522 -0.177681 0.0935583 -0.178956 0.0397267 -0.180869 -0.0127599 -0.18293 -0.067366 
0.998 0.581948 -0.000424599 0.584636 -0.0602286 0.589237 -0.115226 0.595379 -0.170146 0.60363 -0.228781 0.613215 -0.2875 0.625546 -0.350003 
1.101 0.579208 -0.0415149 0.583272 -0.101843 0.589283 -0.157671 0.59662 -0.213585 0.606132 -0.273231 0.617034 -0.333517 0.631432 -0.398011 
3.973 -0.0994658 0.279674 -0.0999484 0.218385 -0.100607 0.16455 -0.101561 0.11234 -0.102729 0.0587015 -0.104229 0.00636321 -0.105618 -0.0478797 
1.477 0.0306533 0.116683 0.0290166 0.0586794 0.0276665 0.00613879 0.0266996 -0.0459109 0.0257088 -0.100896 0.0249097 -0.155782 0.024849 -0.214302 
4.324 -0.0433091 -0.0134365 -0.045131 -0.0716742 -0.0468467 -0.125807 -0.0486213 -0.180096 -0.0505499 -0.238672 -0.052611 -0.2975 -0.0544221 -0.360291 
4.398 -0.267251 0.0427202 -0.269629 -0.0154407 -0.272809 -0.0688102 -0.276623 -0.121911 -0.281421 -0.178541 -0.286922 -0.235134 -0.293104 -0.295328 
4.301 -0.158362 0.0844953 -0.159902 0.026449 -0.161978 -0.0260011 -0.164326 -0.0785917 -0.167402 -0.133965 -0.17096 -0.189439 -0.17461 -0.248451 
1.497 0.0484591 0.102986 0.0467811 0.0450964 0.0456594 -0.00764591 0.0447369 -0.0597568 0.0441045 -0.11515 0.0437009 -0.170574 0.0438731 -0.229359 
4.25 -0.243282 0.1475 -0.243728 0.0889455 -0.245202 0.0363273 -0.247303 -0.0155253 -0.250138 -0.0701209 -0.25394 -0.124009 -0.258028 -0.180894 
3.961 -0.123435 0.298849 -0.123464 0.237169 -0.123857 0.182774 -0.124509 0.130456 -0.125554 0.0763867 -0.126978 0.0240915 -0.12837 -0.0299699 
1.145 0.540857 -0.0497329 0.544713 -0.110056 0.550405 -0.166046 0.557299 -0.222124 0.566435 -0.282251 0.576883 -0.342652 0.589979 -0.407283 
1.112 0.553869 -0.0189152 0.557057 -0.0786622 0.562016 -0.133877 0.568453 -0.189451 0.577203 -0.248195 0.587406 -0.308004 0.60015 -0.371326 
4.07 -0.0933023 0.217354 -0.0941269 0.157822 -0.0951942 0.104781 -0.0964339 0.0532266 -0.0980048 -0.000520278 -0.0998186 -0.0531952 -0.101551 -0.108249 
4.426 -0.266566 0.0255992 -0.269258 -0.0326289 -0.272794 -0.08621 -0.276845 -0.13963 -0.281907 -0.196669 -0.287684 -0.253779 -0.294196 -0.314658 
4.305 -0.184386 0.0892891 -0.185875 0.0313347 -0.18798 -0.0211725 -0.190475 -0.07358 -0.193661 -0.129027 -0.197446 -0.18425 -0.201448 -0.242928 
4.012 -0.126174 0.268032 -0.126296 0.207187 -0.126817 0.153413 -0.127646 0.101434 -0.128834 0.0476513 -0.130463 -0.00469275 -0.132096 -0.0591182 
4.227 -0.0323517 0.0577866 -0.0339715 0.000185 -0.0355191 -0.0524924 -0.037105 -0.105013 -0.0386972 -0.160902 -0.0404048 -0.217107 -0.0418292 -0.277016 
1.354 0.253226 0.270086 0.249084 0.20925 0.246405 0.155281 0.244523 0.10277 0.243392 0.0484707 0.243376 -0.00469689 0.244339 -0.0597003 
4.379 -0.121381 0.00916313 -0.12358 -0.0489797 -0.125911 -0.10261 -0.128598 -0.156247 -0.131786 -0.213866 -0.135248 -0.271713 -0.138704 -0.333404 
4.355 -0.248076 0.0735379 -0.249773 0.0154562 -0.252478 -0.0374157 -0.25566 -0.0900271 -0.259833 -0.145871 -0.26444 -0.201602 -0.269803 -0.260667 
4.23 -0.128229 0.124901 -0.129474 0.0669855 -0.131143 0.0143305 -0.133071 -0.0372871 -0.135471 -0.0919989 -0.13832 -0.146575 -0.141179 -0.20394 
4.34 -0.170004 0.0481989 -0.172008 -0.00967618 -0.174466 -0.0627543 -0.177333 -0.115642 -0.180799 -0.172087 -0.184741 -0.228661 -0.18875 -0.288651 
3.994 -0.0843994 0.264608 -0.085072 0.203796 -0.0859504 0.150228 -0.0869759 0.0981984 -0.088277 0.0446081 -0.089786 -0.00769264 -0.0912018 -0.0621695 
4.266 -0.109054 0.0927133 -0.110577 0.0348136 -0.112368 -0.0177374 -0.114387 -0.0699558 -0.116851 -0.125313 -0.119684 -0.180677 -0.122466 -0.23931 
4.395 -0.252869 0.0399808 -0.255248 -0.018172 -0.258422 -0.0715607 -0.262143 -0.124725 -0.266754 -0.181417 -0.272132 -0.238196 -0.277905 -0.298525 
1.529 0.147761 0.0673743 0.146526 0.00917178 0.146241 -0.0440098 0.146316 -0.0970812 0.147426 -0.153403 0.148712 -0.209973 0.151052 -0.270246 
4.156 -0.139186 0.176264 -0.139896 0.117532 -0.141147 0.0649186 -0.142669 0.0134203 -0.14473 -0.0405158 -0.14719 -0.0938843 -0.149755 -0.149924 
1.434 0.027914 0.144761 0.0260451 0.0867272 0.0248154 0.0341851 0.0235297 -0.0176311 0.0226436 -0.0722844 0.0218811 -0.126751 0.0216499 -0.184402 
1.401 0.435392 -0.04083 0.437761 -0.100823 0.441709 -0.156417 0.447151 -0.212302 0.454111 -0.272178 0.462202 -0.332472 0.472825 -0.39712 
1.128 0.548391 -0.0374058 0.551935 -0.0976193 0.557434 -0.153413 0.564113 -0.209152 0.572955 -0.268894 0.583208 -0.328907 0.596077 -0.392972 
4.363 -0.27136 0.0742227 -0.273031 0.0161172 -0.275865 -0.0368617 -0.279199 -0.0895164 -0.283449 -0.145341 -0.288313 -0.201092 -0.294149 -0.260059 
3.908 -0.337105 0.3824 -0.333081 0.318527 -0.3306 0.262394 -0.328969 0.20853 -0.328141 0.153301 -0.328389 0.100164 -0.329047 0.0458023 
1.693 0.0799616 0.0297083 0.0787989 -0.0283997 0.0782971 -0.081962 0.0781494 -0.135443 0.0782555 -0.192785 0.078687 -0.25044 0.0799103 -0.311923 
4.066 -0.108369 0.221463 -0.109073 0.161802 -0.110086 0.108855 -0.1113 0.0572387 -0.112845 0.00355602 -0.114662 -0.0491695 -0.116436 -0.104218 
1.168 0.52853 -0.0600055 0.532525 -0.120565 0.5383 -0.176723 0.545464 -0.233039 0.554741 -0.29369 0.565224 -0.354569 0.578244 -0.419617 
1.112 0.564142 -0.0312423 0.567751 -0.0913514 0.57306 -0.146834 0.579752 -0.202499 0.588841 -0.26188 0.599073 -0.321834 0.612163 -0.385641 
1.473 0.107355 -0.0332968 0.107066 -0.0925552 0.107368 -0.147575 0.108122 -0.203131 0.109298 -0.262891 0.110748 -0.323349 0.113206 -0.38847 
1.335 0.453198 -0.0394603 0.455781 -0.099451 0.460096 -0.155256 0.465481 -0.211065 0.472707 -0.271091 0.481203 -0.331604 0.492071 -0.396317 
4.352 -0.183701 0.0454595 -0.185837 -0.0124644 -0.188449 -0.0656206 -0.191492 -0.118554 -0.195256 -0.175104 -0.199583 -0.23168 -0.204086 -0.291776 
4.328 -0.0426243 0.00368443 -0.0444488 -0.0543705 -0.0460755 -0.108077 -0.047806 -0.161741 -0.0496653 -0.219346 -0.0516751 -0.277631 -0.0533885 -0.33977 
4.18 -0.139186 0.156403 -0.140101 0.09797 -0.141517 0.0454589 -0.143126 -0.00606164 -0.145412 -0.0602584 -0.148016 -0.113919 -0.150726 -0.170548 
4.203 -0.295329 0.174209 -0.29535 0.115178 -0.296409 0.062344 -0.298146 0.0105104 -0.30089 -0.0438685 -0.30453 -0.0974081 -0.308715 -0.153429 
4.16 -0.113847 0.163252 -0.114939 0.104664 -0.116225 0.0522683 -0.117798 0.000749874 -0.119678 -0.0533376 -0.121989 -0.106793 -0.12428 -0.163093 
4.258 -0.185071 0.124216 -0.18612 0.065679 -0.18786 0.013342 -0.189994 -0.0387386 -0.192829 -0.093368 -0.19623 -0.14784 -0.199882 -0.205553 
4.008 0.00873853 0.0269689 0.00727673 -0.0309881 0.00610238 -0.0844006 0.0050151 -0.137874 0.00406367 -0.195222 0.00311742 -0.2529 0.00261712 -0.314495 
3.906 -0.270675 0.369388 -0.267915 0.305641 -0.266279 0.249664 -0.265305 0.195925 -0.264963 0.140948 -0.265428 0.0880249 -0.26638 0.0337077 
1.48 0.380605 -0.0141214 0.3817 -0.0735364 0.384084 -0.128318 0.387704 -0.18327 0.392604 -0.241982 0.398962 -0.301319 0.407597 -0.364776 
4.188 -0.253554 0.178318 -0.25359 0.119459 -0.254641 0.0666932 -0.256281 0.0149438 -0.258748 -0.0392839 -0.262127 -0.0928261 -0.265846 -0.148934 
3.953 -0.154253 0.306383 -0.15377 0.244417 -0.153837 0.189749 -0.154242 0.137276 -0.155142 0.0832171 -0.156524 0.0308281 -0.15798 -0.0231423 
1.723 0.0662649 0.0208054 0.0651833 -0.0374238 0.0645878 -0.0911293 0.0640708 -0.1449 0.06399 -0.202599 0.0642824 -0.260701 0.0652779 -0.322777 
1.229 0.499767 -0.0600055 0.503534 -0.120529 0.508978 -0.176727 0.515715 -0.232979 0.524261 -0.2936 0.534373 -0.354581 0.546668 -0.419686 
1.486 0.384714 -0.0353513 0.386653 -0.0951923 0.389449 -0.150463 0.393653 -0.206035 0.399174 -0.265616 0.405953 -0.325819 0.415765 -0.390504 
4.273 -0.100151 0.0790166 -0.101832 0.0212307 -0.103634 -0.0314013 -0.105556 -0.0836794 -0.107897 -0.139244 -0.110488 -0.19495 -0.113063 -0.253936 
4.023 -0.188495 0.275565 -0.187831 0.214614 -0.187894 0.160722 -0.18837 0.108457 -0.189475 0.0545154 -0.191258 0.00201931 -0.193132 -0.0525292 
4.234 -0.176168 0.139282 -0.177132 0.0810286 -0.178575 0.0285093 -0.180515 -0.0232281 -0.183084 -0.0777945 -0.186239 -0.131885 -0.189496 -0.189077 
1.367 0.0375017 0.19133 0.0355525 0.13273 0.0339883 0.0801879 0.0327769 0.02844 0.0316405 -0.0255061 0.0308495 -0.0789087 0.0307999 -0.135442 
