4.168 0.231311 0.0906588 0.230229 0.0781832 0.228673 0.0672527 0.226804 0.0566232 0.223866 0.0451847 0.220705 0.0346155 0.216914 0.0245161 
0.79 -0.246706 0.324188 -0.237293 0.344367 -0.228077 0.362114 -0.218056 0.37896 -0.206266 0.396649 -0.19419 0.412623 -0.181568 0.427892 
0.809 -0.0727572 0.402945 -0.0586955 0.412184 -0.0458064 0.419863 -0.0327706 0.42674 -0.0183181 0.433332 -0.00441851 0.438742 0.0094925 0.443541 
1.604 -0.487769 -0.0880838 -0.482156 -0.0822312 -0.493119 -0.0542942 -0.502446 -0.0262736 -0.510993 0.00455092 -0.517426 0.0343097 -0.522275 0.0636881 
3.561 0.293631 0.156403 0.296086 0.140192 0.297553 0.12571 0.298461 0.111522 0.298278 0.0959658 0.297325 0.0814683 0.295758 0.0673184 
0.926 -0.0933023 0.350897 -0.0817729 0.360974 -0.0710621 0.369548 -0.0601224 0.377384 -0.0478763 0.385194 -0.0359204 0.391818 -0.0238615 0.398004 
0.991 -0.176852 0.285838 -0.16855 0.300441 -0.160527 0.313174 -0.151912 0.32527 -0.142041 0.337751 -0.13192 0.349114 -0.12153 0.359795 
3.973 -0.0713875 -0.0572661 -0.08034 -0.0515569 -0.0880898 -0.0460569 -0.0953048 -0.0403368 -0.102994 -0.0336919 -0.109711 -0.0270696 -0.116139 -0.0200901 
0.857 -0.0789207 0.37966 -0.0658679 0.389119 -0.053844 0.397139 -0.0415029 0.404374 -0.02791 0.41137 -0.0146203 0.417195 -0.00138155 0.422428 
0.958 -0.199452 0.287207 -0.191184 0.30338 -0.183066 0.317517 -0.174447 0.330955 -0.164471 0.344897 -0.154202 0.357429 -0.143614 0.369495 
3.053 -0.422024 0.0523079 -0.426353 0.0808123 -0.42901 0.106393 -0.430208 0.131571 -0.430083 0.15907 -0.428423 0.184849 -0.425588 0.210252 
0.748 -0.0220792 0.450883 -0.0057244 0.45743 0.00907388 0.462677 0.023903 0.467001 0.0401695 0.470751 0.0556264 0.473348 0.0708759 0.475272 
0.982 -0.215203 0.272826 -0.207475 0.289909 -0.199934 0.304845 -0.191682 0.319093 -0.182079 0.333939 -0.172221 0.347404 -0.161926 0.360322 
3.588 -0.339844 -0.205191 -0.357543 -0.182963 -0.372384 -0.162338 -0.385752 -0.141463 -0.399165 -0.117963 -0.410548 -0.0953196 -0.420598 -0.0721636 
0.761 -0.069333 0.433078 -0.053834 0.442479 -0.0396745 0.450319 -0.0252799 0.457288 -0.00941243 0.463839 0.00586726 0.469128 0.0211816 0.473815 
1.582 -0.469278 0.0831256 -0.471925 0.114445 -0.472962 0.142554 -0.472516 0.170063 -0.470432 0.199867 -0.466862 0.227985 -0.462063 0.25546 
0.766 -0.0316669 0.439241 -0.0157362 0.446322 -0.00130916 0.452036 0.0132871 0.456922 0.0293227 0.461227 0.0445258 0.464356 0.0597005 0.466902 
4.102 0.027914 -0.302438 0.00400389 -0.30187 -0.0173137 -0.30024 -0.0379341 -0.297734 -0.060331 -0.293667 -0.081027 -0.28878 -0.101257 -0.28275 
4.191 0.0895494 0.0112176 0.0842483 0.00751315 0.0793437 0.00455276 0.0744849 0.00189011 0.0688253 -0.000787583 0.0635795 -0.00300783 0.0581553 -0.0047761 
0.746 -0.052212 0.44609 -0.0361677 0.454578 -0.0215947 0.46157 -0.00686456 0.467701 0.00929889 0.473356 0.0249132 0.477768 0.0404445 0.481515 
4.164 0.0662649 -0.299014 0.0425587 -0.300714 0.0213047 -0.301129 0.000662009 -0.300601 -0.0218871 -0.298723 -0.0428702 -0.295873 -0.0633721 -0.291804 
3.941 -0.094672 -0.182591 -0.111068 -0.175081 -0.125386 -0.167627 -0.138927 -0.159704 -0.153339 -0.150269 -0.166255 -0.140632 -0.178582 -0.130399 
4.266 0.236789 0.00984797 0.230871 -0.00286471 0.225111 -0.0137855 0.219057 -0.0242207 0.211555 -0.0351386 0.204053 -0.0450789 0.196115 -0.0542525 
1.628 -0.477496 -0.156568 -0.493723 -0.125044 -0.506815 -0.096215 -0.518192 -0.0674136 -0.528858 -0.0353295 -0.537213 -0.00475015 -0.54402 0.0259325 
0.802 -0.0330366 0.422805 -0.0178139 0.429776 -0.00391525 0.435443 0.00993093 0.440261 0.0252164 0.444546 0.039811 0.44772 0.0541999 0.450302 
1.784 -0.393261 -0.152459 -0.408117 -0.126945 -0.420206 -0.103557 -0.43078 -0.0801436 -0.440915 -0.0541598 -0.448962 -0.0294075 -0.455753 -0.00459077 
1.632 -0.463115 -0.113423 -0.476786 -0.0827091 -0.487682 -0.054771 -0.496952 -0.0269202 -0.505508 0.00390659 -0.511852 0.0332947 -0.516692 0.0626584 
4.105 0.0381865 -0.327092 0.0129179 -0.327003 -0.00958192 -0.325753 -0.0313794 -0.323581 -0.0551291 -0.319822 -0.0770712 -0.315134 -0.0984647 -0.309238 
4.207 0.0963978 -0.283947 0.0735082 -0.287243 0.05298 -0.289129 0.0329741 -0.290107 0.0109976 -0.289862 -0.00945377 -0.288557 -0.0295984 -0.286098 
3.959 -0.0871387 -0.206561 -0.105114 -0.199393 -0.120785 -0.192191 -0.135519 -0.184451 -0.151555 -0.175192 -0.165903 -0.165688 -0.179555 -0.155446 
1.403 -0.122065 0.174894 -0.119619 0.185502 -0.116981 0.194934 -0.11398 0.204023 -0.110295 0.213709 -0.106177 0.22258 -0.101818 0.231236 
4.203 0.0909191 -0.268196 0.0688655 -0.271305 0.0490532 -0.273084 0.0297524 -0.273925 0.00857426 -0.273641 -0.0111557 -0.27232 -0.0305671 -0.269881 
0.782 -0.048103 0.425544 -0.0329351 0.433451 -0.0191542 0.439908 -0.00525797 0.445626 0.00992859 0.450769 0.0247317 0.45482 0.0392378 0.458201 
0.859 -0.220682 0.314601 -0.211046 0.332524 -0.201856 0.347976 -0.191972 0.362753 -0.180404 0.378076 -0.168723 0.391928 -0.156569 0.405105 
4.145 0.0505136 0.000260238 0.0445533 -0.00142189 0.039156 -0.00261864 0.0339232 -0.00355281 0.0280387 -0.00423234 0.0225756 -0.00461179 0.0170743 -0.00453977 
4.109 0.0381865 -0.312711 0.0137306 -0.312813 -0.00806223 -0.31175 -0.0292013 -0.309801 -0.0522594 -0.306322 -0.0735928 -0.30192 -0.0944349 -0.296388 
0.847 -0.141926 0.357061 -0.130328 0.370327 -0.119521 0.381681 -0.108267 0.39231 -0.095536 0.403025 -0.0828624 0.412421 -0.0700343 0.421308 
4.32 0.268292 0.0153267 0.26283 0.000763459 0.257289 -0.011881 0.251372 -0.0239793 0.243959 -0.03681 0.236364 -0.0484799 0.228399 -0.0593645 
4.184 0.0840707 -0.305177 0.0599669 -0.307823 0.038413 -0.309089 0.0174034 -0.309362 -0.00556005 -0.308297 -0.0269164 -0.306211 -0.0478814 -0.302876 
0.875 -0.18644 0.321449 -0.17636 0.337158 -0.166844 0.350761 -0.156655 0.363697 -0.144977 0.376924 -0.133301 0.388726 -0.121302 0.399969 
4.191 0.082701 -0.290796 0.0594228 -0.293507 0.0385467 -0.294842 0.0181996 -0.295258 -0.00405841 -0.294404 -0.024806 -0.29255 -0.045169 -0.28951 
4.215 0.214875 0.0707985 0.212788 0.0592651 0.210344 0.0491984 0.207594 0.0394965 0.203761 0.029122 0.199821 0.019526 0.195351 0.0104887 
4.199 0.101192 -0.330516 0.0756057 -0.334227 0.052673 -0.336339 0.0303018 -0.337439 0.00574257 -0.337156 -0.0170898 -0.335738 -0.0396259 -0.333037 
1.678 -0.404903 -0.130544 -0.419466 -0.103448 -0.431307 -0.0785804 -0.441626 -0.0537232 -0.451428 -0.026088 -0.45914 0.000444782 -0.465529 0.0268545 
4.02 -0.0371456 -0.10452 -0.0491077 -0.100564 -0.0596857 -0.0964855 -0.0697353 -0.0920323 -0.0805148 -0.0865561 -0.0902244 -0.0808996 -0.0995296 -0.0746922 
4.254 0.247747 0.035187 0.243544 0.0218841 0.239159 0.0103197 0.234482 -0.000781355 0.228548 -0.0125663 0.222547 -0.0233392 0.216014 -0.0334996 
4.137 0.0525681 -0.303123 0.0287042 -0.304058 0.00735121 -0.303775 -0.0133448 -0.302612 -0.0359525 -0.300015 -0.0569168 -0.296465 -0.0774475 -0.291775 
3.33 -0.188495 0.109834 -0.189337 0.124126 -0.189544 0.137063 -0.189044 0.149641 -0.18797 0.163222 -0.186039 0.175993 -0.183659 0.188565 
4.082 0.0176414 -0.318189 -0.00706127 -0.316906 -0.0290097 -0.314598 -0.0502769 -0.311376 -0.0732702 -0.306566 -0.0945109 -0.300894 -0.115147 -0.294099 
4.02 -0.0446788 -0.163416 -0.0599946 -0.158891 -0.0733898 -0.154117 -0.0862458 -0.148845 -0.0999727 -0.142398 -0.112474 -0.135605 -0.124427 -0.128194 
3.35 -0.375455 -0.167525 -0.391043 -0.143051 -0.403986 -0.120593 -0.415497 -0.0980486 -0.426707 -0.0727724 -0.435793 -0.0485226 -0.44355 -0.0239554 
0.722 -0.0433091 0.459101 -0.0264652 0.46709 -0.0111667 0.473611 0.00420261 0.479191 0.0210919 0.484239 0.0372685 0.48806 0.0532174 0.491106 
4.191 0.0998219 -0.354486 0.0727663 -0.357993 0.0485115 -0.359811 0.0248616 -0.360568 -0.00100653 -0.359848 -0.0251166 -0.357916 -0.0487716 -0.354655 
2.293 -0.417231 0.0276537 -0.422806 0.0556294 -0.426589 0.0810727 -0.428868 0.106045 -0.430025 0.133252 -0.429642 0.158782 -0.428044 0.184281 
0.793 -0.144665 0.385824 -0.131684 0.399723 -0.119629 0.411507 -0.107255 0.422363 -0.093178 0.433388 -0.0792359 0.443035 -0.0652164 0.451913 
1.968 -0.21041 0.172154 -0.206736 0.187252 -0.202849 0.20056 -0.198258 0.213354 -0.192707 0.226889 -0.186521 0.239317 -0.179987 0.25137 
0.949 -0.2289 0.278989 -0.22123 0.296888 -0.213761 0.312534 -0.205387 0.327578 -0.195664 0.343242 -0.185636 0.357503 -0.175083 0.371157 
3.982 -0.0645391 -0.0791809 -0.0749057 -0.0738958 -0.0839431 -0.0686648 -0.0924386 -0.0631839 -0.101517 -0.0566508 -0.109584 -0.0500755 -0.117328 -0.0430204 
4.109 0.0340775 -0.0168607 0.0271996 -0.0171446 0.0210203 -0.0170646 0.0151087 -0.0167132 0.00856327 -0.0159239 0.00264776 -0.0148608 -0.00324396 -0.0134326 
1.049 0.429914 0.433078 0.445209 0.41102 0.457506 0.390743 0.468674 0.370314 0.479467 0.347431 0.488437 0.325384 0.496052 0.303486 
3.559 -0.352171 -0.186016 -0.368792 -0.163329 -0.382649 -0.142387 -0.395065 -0.121281 -0.407438 -0.0974979 -0.417801 -0.0745969 -0.426959 -0.0513704 
3.598 -0.329571 -0.233954 -0.349102 -0.212376 -0.365614 -0.192139 -0.380679 -0.171722 -0.395956 -0.148476 -0.409002 -0.125917 -0.420811 -0.102931 
1.235 0.33883 0.314601 0.348921 0.296974 0.357007 0.280833 0.364218 0.264768 0.370854 0.246696 0.376196 0.229534 0.380554 0.212517 
4.082 -0.000164361 -0.138077 -0.0142926 -0.13625 -0.026874 -0.133886 -0.0388945 -0.131093 -0.0519761 -0.127273 -0.0639493 -0.123016 -0.0755753 -0.118048 
2.219 0.566881 0.126955 0.565974 0.094924 0.563579 0.0665855 0.56005 0.039076 0.554325 0.00934232 0.547549 -0.0181191 0.539414 -0.0446899 
0.753 0.0402411 0.476907 0.0580077 0.479751 0.0737713 0.48154 0.0894806 0.482566 0.106337 0.482553 0.122343 0.481722 0.137934 0.480247 
0.826 -0.174798 0.354321 -0.163305 0.369703 -0.152603 0.382901 -0.141281 0.395269 -0.128371 0.408011 -0.115554 0.419293 -0.102485 0.429909 
4.172 0.0655801 -0.112053 0.0528211 -0.114062 0.041287 -0.115276 0.0301053 -0.115914 0.0178403 -0.115957 0.00632032 -0.115389 -0.00509123 -0.114052 
0.758 0.0231201 0.463895 0.0405368 0.467565 0.0561701 0.47013 0.0716748 0.471846 0.0884267 0.472618 0.104204 0.472466 0.119668 0.471685 
4.203 0.277195 0.0851801 0.275618 0.0699788 0.273457 0.0567021 0.270921 0.0437785 0.267127 0.0299662 0.263036 0.0170873 0.258269 0.00496678 
4.215 0.228571 0.0612108 0.225968 0.048984 0.223015 0.0382963 0.219779 0.0279524 0.215435 0.0169417 0.210874 0.00677602 0.205774 -0.00282145 
0.8 -0.0104369 0.433078 0.00533039 0.438548 0.0195691 0.442852 0.0338062 0.44633 0.0493922 0.44913 0.0641553 0.450942 0.0787326 0.45214 
0.714 -0.0837146 0.458417 -0.0670119 0.46889 -0.0518221 0.477594 -0.0363483 0.48534 -0.0192936 0.492722 -0.00278575 0.498771 0.013801 0.504069 
0.896 -0.296699 0.263923 -0.289188 0.285992 -0.282188 0.305144 -0.274391 0.323523 -0.264911 0.343058 -0.254748 0.361002 -0.244132 0.37814 
1.979 0.206657 0.161882 0.208552 0.152415 0.209669 0.143848 0.210517 0.135476 0.210663 0.12621 0.210447 0.117504 0.209659 0.109212 
0.841 -0.197398 0.331037 -0.187138 0.347543 -0.177311 0.361883 -0.166871 0.375455 -0.154916 0.389455 -0.142805 0.402029 -0.13039 0.413902 
4.172 0.0833858 -0.345583 0.056918 -0.348191 0.0332219 -0.349311 0.0101456 -0.34936 -0.0150912 -0.347939 -0.038631 -0.345413 -0.0616693 -0.341584 
4.008 -0.0501575 -0.114108 -0.0624718 -0.109603 -0.0733456 -0.104967 -0.0836624 -0.0999733 -0.0947218 -0.0939029 -0.104737 -0.0876722 -0.11429 -0.0808524 
1.181 0.328558 0.337885 0.339292 0.321271 0.348193 0.30626 0.356198 0.291063 0.363797 0.273987 0.370172 0.257615 0.375507 0.241331 
0.789 -0.0713875 0.416642 -0.0566339 0.426158 -0.0432205 0.434105 -0.0294507 0.441108 -0.0143126 0.447823 0.000314825 0.453361 0.0149443 0.458206 
0.814 -0.10426 0.388563 -0.0908985 0.399801 -0.0785243 0.409296 -0.0658378 0.418063 -0.0517586 0.426601 -0.0379759 0.43389 -0.0240292 0.440535 
4.363 0.286098 0.0228599 0.280724 0.00731222 0.275192 -0.00619063 0.269294 -0.0191378 0.261941 -0.0327866 0.254437 -0.0452673 0.24636 -0.0569544 
0.811 -0.121381 0.385824 -0.108388 0.398023 -0.0963716 0.408399 -0.0840346 0.417956 -0.0700949 0.427464 -0.0564444 0.435708 -0.0427088 0.443318 
0.884 -0.218628 0.300904 -0.209613 0.31873 -0.2011 0.334063 -0.191723 0.34883 -0.180833 0.364132 -0.16965 0.377968 -0.158147 0.391128 
4.039 -0.0309821 -0.153828 -0.0458909 -0.150127 -0.0590144 -0.146115 -0.0715304 -0.141691 -0.0851081 -0.136022 -0.0972094 -0.130067 -0.109079 -0.123433 
4.098 0.0101082 -0.162731 -0.00539482 -0.16151 -0.0191752 -0.159666 -0.032463 -0.157307 -0.0469066 -0.153836 -0.0602358 -0.149895 -0.0731527 -0.145204 
0.998 -0.252869 0.260499 -0.245844 0.279625 -0.238922 0.296419 -0.23121 0.312474 -0.22194 0.329458 -0.212079 0.344894 -0.201676 0.359723 
0.886 -0.148089 0.336516 -0.137228 0.350036 -0.127024 0.361735 -0.116442 0.372606 -0.104323 0.383739 -0.0923098 0.393496 -0.0801735 0.402641 
0.735 -0.014546 0.463211 0.00275347 0.469345 0.0182984 0.474082 0.0338595 0.477986 0.0507806 0.481128 0.0669247 0.483147 0.0828219 0.484472 
1.194 0.366909 0.322134 0.377197 0.30269 0.385562 0.285158 0.393069 0.267638 0.399759 0.248 0.405086 0.229193 0.409234 0.210624 
0.85 -0.10152 0.372812 -0.0888552 0.383651 -0.0770849 0.39288 -0.0650203 0.40133 -0.0514993 0.409654 -0.0383869 0.416715 -0.0251032 0.423149 
1.951 -0.169319 0.188591 -0.164888 0.201286 -0.160509 0.21242 -0.155607 0.223099 -0.149814 0.234352 -0.14372 0.244534 -0.137409 0.254482 
0.911 -0.196713 0.302274 -0.187603 0.318511 -0.178827 0.332676 -0.169494 0.346018 -0.158616 0.359987 -0.147679 0.372424 -0.136346 0.384314 
4.16 0.0806465 -0.361334 0.0532241 -0.36368 0.0287233 -0.364447 0.00489831 -0.364178 -0.021126 -0.362363 -0.0453285 -0.359406 -0.069013 -0.355083 
0.923 -0.105629 0.341994 -0.0943732 0.352808 -0.0839494 0.362058 -0.0731403 0.370572 -0.0610503 0.379046 -0.0492065 0.386331 -0.0371788 0.393128 
4.273 0.132009 -0.111368 0.11904 -0.117233 0.107243 -0.121852 0.09562 -0.125861 0.0825921 -0.129448 0.0702587 -0.132187 0.0579567 -0.134101 
0.894 -0.171374 0.323504 -0.161368 0.33828 -0.15186 0.351163 -0.141741 0.36326 -0.1302 0.375669 -0.118672 0.386701 -0.106956 0.397137 
4.133 0.0354472 -0.123695 0.0221171 -0.124068 0.0102025 -0.123718 -0.00130535 -0.122849 -0.0139366 -0.121201 -0.0255971 -0.119053 -0.0370516 -0.116157 
4.281 0.290892 0.0543624 0.287316 0.0384041 0.283375 0.0245072 0.279087 0.0110885 0.273331 -0.00322351 0.267379 -0.0162827 0.260824 -0.0286324 
0.97 -0.14398 0.310492 -0.134152 0.323373 -0.124912 0.334526 -0.115276 0.344935 -0.104253 0.35553 -0.0933232 0.364945 -0.0820728 0.373816 
0.831 -0.0570059 0.400205 -0.0428328 0.408544 -0.0299148 0.415389 -0.0169098 0.42141 -0.00245023 0.427093 0.011462 0.431597 0.0252634 0.435513 
1.327 0.0929736 0.313231 0.103046 0.310932 0.111826 0.308579 0.120475 0.305906 0.12947 0.302317 0.137847 0.298506 0.145904 0.294513 
3.967 -0.0830297 -0.172319 -0.0991105 -0.165523 -0.113182 -0.158668 -0.126491 -0.151419 -0.140698 -0.142587 -0.153389 -0.133634 -0.165632 -0.124031 
0.942 -0.167265 0.307068 -0.157744 0.32139 -0.148698 0.333792 -0.139291 0.3455 -0.12853 0.357529 -0.117844 0.368298 -0.106985 0.378509 
0.865 -0.111108 0.362539 -0.0987906 0.373951 -0.0874712 0.383577 -0.0757119 0.392465 -0.0625778 0.401337 -0.0496628 0.408894 -0.0367987 0.415818 
0.774 0.0149021 0.451568 0.0314119 0.455579 0.0462322 0.458519 0.0610499 0.460779 0.0770058 0.462109 0.0921382 0.462499 0.106943 0.462333 
4.043 -0.026873 -0.178482 -0.0433794 -0.175032 -0.0578348 -0.171183 -0.071815 -0.166792 -0.0868794 -0.161129 -0.100444 -0.155018 -0.113634 -0.148216 
3.996 -0.0617998 -0.190809 -0.0790414 -0.185259 -0.0942031 -0.17955 -0.108588 -0.173289 -0.123966 -0.165546 -0.137908 -0.157512 -0.1514 -0.14876 
1.332 -0.094672 0.189275 -0.0916495 0.19837 -0.0883467 0.206474 -0.0847067 0.214245 -0.0805116 0.222333 -0.0759181 0.229915 -0.0713833 0.237172 
3.99 -0.0631694 -0.168895 -0.0788155 -0.16323 -0.0927104 -0.157491 -0.105727 -0.151253 -0.119576 -0.14366 -0.132295 -0.135809 -0.144237 -0.127406 
4.094 0.0450349 -0.401739 0.0153657 -0.401883 -0.0110231 -0.400637 -0.0366794 -0.398268 -0.0645684 -0.394125 -0.0903824 -0.388871 -0.115547 -0.382203 
4.117 0.0477743 -0.343528 0.0215076 -0.344038 -0.00188072 -0.343306 -0.0245775 -0.341574 -0.0493662 -0.338279 -0.0722918 -0.333987 -0.0947205 -0.328421 
0.912 -0.126174 0.33857 -0.1152 0.350535 -0.104912 0.360847 -0.0943354 0.370367 -0.082367 0.379968 -0.0703617 0.388378 -0.058304 0.396272 
4.055 -0.0166005 -0.152459 -0.0311999 -0.149676 -0.0441783 -0.146492 -0.056538 -0.142794 -0.0698336 -0.137971 -0.0820122 -0.132849 -0.0938293 -0.126974 
0.754 -0.311081 0.311861 -0.302562 0.336 -0.293976 0.35717 -0.284364 0.377569 -0.272959 0.398945 -0.260959 0.418434 -0.248236 0.437105 
3.197 -0.31382 -0.0168607 -0.320554 0.00376907 -0.325717 0.0224976 -0.329789 0.040973 -0.333113 0.0614198 -0.335207 0.0806907 -0.336332 0.0999243 
0.711 -0.0344062 0.473483 -0.0171335 0.480986 -0.00151443 0.48705 0.0142633 0.492277 0.0315958 0.496893 0.0480699 0.500252 0.0643799 0.502945 
0.799 -0.0871387 0.404314 -0.0729721 0.414729 -0.0600324 0.423477 -0.0468177 0.431351 -0.0320805 0.439023 -0.0178054 0.445455 -0.00350269 0.451126 
0.77 -0.139186 0.400205 -0.125366 0.413706 -0.112593 0.425198 -0.0993788 0.435846 -0.0845124 0.446438 -0.0699348 0.4556 -0.0551884 0.464056 
1.345 0.239529 0.375551 0.253289 0.363763 0.264918 0.352717 0.275958 0.341407 0.286926 0.328335 0.296678 0.315482 0.305613 0.302579 
3.383 -0.177537 -0.0387755 -0.185596 -0.0263887 -0.192343 -0.0150056 -0.198249 -0.00349103 -0.204152 0.00933145 -0.208938 0.0216859 -0.213048 0.0342712 
0.806 -0.154253 0.374866 -0.141746 0.389173 -0.130197 0.40145 -0.118092 0.412999 -0.104354 0.424592 -0.0908085 0.43478 -0.0770192 0.444294 
4.383 0.25528 0.00710862 0.249024 -0.00650567 0.242832 -0.01829 0.2364 -0.0295503 0.228513 -0.0413363 0.220653 -0.0519959 0.212383 -0.0618497 
0.783 0.00189015 0.441296 0.0178062 0.44614 0.0320973 0.449865 0.0464329 0.452821 0.0620476 0.455064 0.0768774 0.456355 0.0914274 0.45698 
1.376 -0.243967 0.222148 -0.237874 0.23975 -0.231815 0.255241 -0.224978 0.270034 -0.216731 0.285588 -0.208106 0.299766 -0.199021 0.313459 
0.891 -0.0857691 0.362539 -0.0736264 0.37224 -0.0624339 0.380404 -0.0508726 0.387939 -0.038069 0.395254 -0.0256191 0.401432 -0.0130694 0.407048 
0.765 -0.422709 0.275565 -0.416383 0.306376 -0.409479 0.333659 -0.401206 0.359996 -0.390713 0.388104 -0.379323 0.414017 -0.366972 0.43892 
0.719 -0.00358855 0.475538 0.0139953 0.481202 0.0297066 0.485467 0.0455098 0.48891 0.0626917 0.491588 0.0791255 0.493186 0.0952717 0.494159 
1.016 -0.197398 0.27351 -0.189741 0.289416 -0.182263 0.303307 -0.174305 0.316503 -0.164791 0.330254 -0.15514 0.342656 -0.144961 0.354587 
4.145 0.0436653 -0.151089 0.0288292 -0.151859 0.0154633 -0.151851 0.00261804 -0.151235 -0.0115661 -0.149766 -0.0247065 -0.147696 -0.037628 -0.144826 
3.936 -0.102205 -0.214094 -0.120566 -0.206092 -0.136643 -0.198077 -0.151922 -0.189578 -0.168058 -0.179316 -0.182624 -0.168911 -0.196569 -0.157858 
3.588 -0.337105 -0.221627 -0.355796 -0.199682 -0.371553 -0.179321 -0.385913 -0.158706 -0.400386 -0.135319 -0.41271 -0.112717 -0.423785 -0.0897212 
4.25 0.108725 -0.123011 0.0952668 -0.127711 0.0829932 -0.131294 0.0710624 -0.134171 0.0576335 -0.13658 0.0451809 -0.138155 0.0325833 -0.138949 
4.094 0.0135324 -0.134653 -0.000396848 -0.13366 -0.0127246 -0.132118 -0.0245114 -0.130046 -0.0375034 -0.127061 -0.0493391 -0.12361 -0.0609499 -0.119484 
1.472 0.225832 0.285153 0.234411 0.274155 0.241504 0.264078 0.248213 0.253939 0.254553 0.24241 0.259996 0.23125 0.264746 0.220225 
1.42 -0.103575 0.120107 -0.104101 0.129489 -0.104167 0.137878 -0.10376 0.146326 -0.102936 0.155303 -0.101613 0.16364 -0.100045 0.172041 
1.292 0.0772223 0.309122 0.087226 0.307697 0.0959618 0.306099 0.104558 0.30409 0.113589 0.301293 0.122029 0.29817 0.130174 0.294908 
0.759 -0.40011 0.287892 -0.392954 0.317443 -0.385386 0.343505 -0.376605 0.368571 -0.365621 0.395253 -0.353797 0.419721 -0.341106 0.443312 
3.9 -0.120696 -0.213409 -0.138892 -0.204382 -0.154766 -0.195588 -0.169771 -0.186306 -0.185634 -0.175247 -0.19995 -0.164069 -0.213458 -0.152316 
1.474 0.166251 0.156403 0.167576 0.14968 0.168497 0.143711 0.169098 0.137668 0.169248 0.131118 0.169179 0.124874 0.168694 0.118875 
4.281 0.282674 0.0721682 0.280163 0.056725 0.277245 0.0431646 0.273916 0.0301073 0.269265 0.0160527 0.264313 0.00318359 0.258742 -0.00903703 
4.066 -0.00975209 -0.172319 -0.025743 -0.169856 -0.039965 -0.166951 -0.0533853 -0.163422 -0.0680252 -0.158755 -0.0814766 -0.153634 -0.0945148 -0.147858 
0.728 0.0128476 0.476222 0.0307642 0.480886 0.0468432 0.484307 0.0628299 0.486826 0.0801485 0.48836 0.0965201 0.488932 0.1127 0.488866 
0.75 -0.106999 0.42486 -0.0921784 0.436612 -0.0785407 0.446508 -0.0646 0.455533 -0.0490885 0.464361 -0.0339163 0.471914 -0.0188008 0.478643 
0.85 -0.12549 0.363224 -0.113297 0.375676 -0.102 0.386185 -0.0903483 0.396014 -0.0772144 0.405849 -0.0642199 0.414439 -0.0511545 0.42234 
3.307 -0.211094 0.0173812 -0.21564 0.0316251 -0.219206 0.0445644 -0.221949 0.057431 -0.224265 0.0715558 -0.225628 0.0848353 -0.226287 0.0981314 
1.216 0.0696891 0.257759 0.0762575 0.257104 0.0820873 0.25627 0.0877992 0.255209 0.0938233 0.253683 0.0994537 0.251853 0.104774 0.250038 
1.359 -0.263827 0.223517 -0.257648 0.242322 -0.251447 0.25893 -0.244426 0.27488 -0.235986 0.291634 -0.22703 0.306897 -0.217536 0.321637 
1.244 0.301849 0.311177 0.311297 0.296158 0.319115 0.282229 0.326244 0.268533 0.332838 0.253055 0.338345 0.238199 0.342981 0.223388 
3.951 -0.0919326 -0.153828 -0.106486 -0.14662 -0.119293 -0.139551 -0.131349 -0.132077 -0.144071 -0.123154 -0.155537 -0.114189 -0.16649 -0.104679 
0.818 -0.289851 0.292686 -0.281981 0.31517 -0.273934 0.335116 -0.265123 0.354127 -0.254402 0.374213 -0.243119 0.392528 -0.231339 0.410105 
2.115 -0.391892 -0.173689 -0.407874 -0.14874 -0.421059 -0.125771 -0.432628 -0.102698 -0.44396 -0.0768073 -0.45332 -0.0520194 -0.461454 -0.0269855 
2.322 -0.365868 -0.140816 -0.379978 -0.117277 -0.391537 -0.0956505 -0.401641 -0.0739129 -0.411441 -0.0497652 -0.419282 -0.0265626 -0.425914 -0.00321177 
0.712 -0.0679633 0.462526 -0.0515251 0.472149 -0.036364 0.480237 -0.0210555 0.487425 -0.00414481 0.494104 0.0121722 0.499509 0.028406 0.504312 
4.539 0.275825 -0.129174 0.261644 -0.143799 0.248292 -0.156186 0.234871 -0.167639 0.219381 -0.179343 0.204372 -0.189542 0.189053 -0.198653 
1.247 0.108725 0.146131 0.109017 0.143206 0.109067 0.140662 0.10915 0.138154 0.108856 0.135391 0.108573 0.132818 0.108063 0.130403 
4.543 0.275825 -0.111368 0.262709 -0.125955 0.250359 -0.138248 0.237884 -0.149712 0.223428 -0.161412 0.209363 -0.171666 0.195012 -0.180811 
1.269 0.0998219 0.23516 0.105066 0.232728 0.10959 0.230413 0.114017 0.227965 0.118433 0.224968 0.122561 0.221909 0.12637 0.218868 
4.117 0.0395562 -0.0380907 0.0313957 -0.0387737 0.0239717 -0.038921 0.0169022 -0.0387098 0.0090542 -0.0380689 0.00188484 -0.0370664 -0.00519907 -0.0355843 
3.299 -0.239173 0.100247 -0.238897 0.11609 -0.238051 0.130272 -0.236398 0.14399 -0.233891 0.158935 -0.230704 0.172672 -0.2269 0.186328 
3.58 -0.325462 -0.157252 -0.340297 -0.136189 -0.352728 -0.116661 -0.36392 -0.0970636 -0.374834 -0.0749942 -0.383958 -0.0537983 -0.391952 -0.0322384 
1.291 -0.0700178 0.246802 -0.0632241 0.254251 -0.056895 0.260659 -0.0503383 0.266597 -0.0428815 0.272624 -0.0355845 0.277882 -0.028173 0.28281 
4.211 0.0874949 -0.133283 0.0737653 -0.13671 0.0611022 -0.139185 0.04907 -0.140974 0.0355165 -0.142166 0.0229648 -0.142589 0.0103511 -0.14231 
3.936 -0.102205 -0.119586 -0.114905 -0.111898 -0.125844 -0.104412 -0.136137 -0.0966588 -0.147061 -0.0875885 -0.156718 -0.0784865 -0.165904 -0.0689797 
0.798 -0.351486 0.283783 -0.344388 0.310065 -0.336871 0.333334 -0.328425 0.355718 -0.317866 0.379389 -0.306602 0.401135 -0.294574 0.422063 
0.747 0.0539378 0.486495 0.0724659 0.488391 0.0889549 0.489491 0.105349 0.489677 0.122784 0.488767 0.139275 0.486999 0.155275 0.484625 
0.709 -0.217258 0.396781 -0.20466 0.415943 -0.192525 0.432598 -0.179904 0.448228 -0.165295 0.464355 -0.150648 0.478755 -0.135624 0.492342 
4.156 0.0553075 -0.121641 0.0423143 -0.123161 0.0305848 -0.123888 0.0192506 -0.124068 0.00689815 -0.123582 -0.00468549 -0.122483 -0.0161812 -0.120706 
2.191 -0.426133 -0.196973 -0.443958 -0.169344 -0.458742 -0.143862 -0.471854 -0.118328 -0.484737 -0.089677 -0.495318 -0.0621785 -0.504442 -0.0344169 
4.043 -0.022764 -0.116162 -0.035619 -0.113045 -0.046972 -0.109634 -0.057676 -0.105822 -0.0693099 -0.100964 -0.0799283 -0.0958456 -0.0902581 -0.0901701 
0.824 -0.219312 0.328982 -0.209122 0.346777 -0.199306 0.362279 -0.188867 0.376923 -0.17677 0.392056 -0.164507 0.405658 -0.151878 0.418558 
1.562 -0.0905629 0.072853 -0.0938373 0.0815334 -0.0964752 0.0895176 -0.0985001 0.0974409 -0.100492 0.106159 -0.101736 0.114449 -0.102637 0.122791 
3.975 -0.073442 -0.198343 -0.0911391 -0.192058 -0.10663 -0.18569 -0.121353 -0.17877 -0.137023 -0.170289 -0.151277 -0.161491 -0.164898 -0.152046 
0.734 -0.0905629 0.439926 -0.0750896 0.450807 -0.0608414 0.460038 -0.0464466 0.468417 -0.030298 0.476432 -0.0147555 0.483077 0.000832048 0.489137 
4.199 0.0854404 -0.0860293 0.0744534 -0.0895305 0.0644643 -0.0920952 0.0549323 -0.0941221 0.0440407 -0.0957994 0.0339462 -0.0967754 0.0239502 -0.0970987 
4.211 0.0922887 -0.0545268 0.0830081 -0.0583324 0.074757 -0.0611917 0.0664292 -0.0637075 0.0571282 -0.0658603 0.0486019 -0.0674357 0.0399257 -0.0684439 
1.265 -0.0344062 0.243378 -0.0279445 0.248985 -0.0221261 0.253774 -0.0160451 0.25811 -0.00937389 0.262368 -0.00271231 0.266103 0.00376213 0.269502 
4.227 0.244323 0.0612108 0.241519 0.047839 0.238336 0.0361417 0.234834 0.024843 0.230078 0.012833 0.225094 0.00174323 0.219631 -0.008686 
0.852 -0.159732 0.346103 -0.148555 0.360399 -0.138035 0.372726 -0.127073 0.384302 -0.11452 0.396118 -0.102084 0.406555 -0.0894434 0.41626 
1.269 -0.0460485 0.261868 -0.038486 0.268209 -0.0315809 0.273571 -0.0243951 0.278544 -0.0164872 0.283371 -0.00872212 0.287446 -0.000999801 0.29123 
0.832 -0.187125 0.341309 -0.176484 0.357304 -0.166302 0.371256 -0.155552 0.384342 -0.143285 0.397751 -0.130952 0.4098 -0.118341 0.421181 
1.348 0.101876 0.300904 0.111332 0.298295 0.119595 0.295678 0.127661 0.292681 0.136129 0.288853 0.143943 0.284804 0.151393 0.280643 
4.375 0.199123 -0.0339816 0.190923 -0.0444589 0.183072 -0.053361 0.175158 -0.0616053 0.165848 -0.0701559 0.156786 -0.0776477 0.147456 -0.0844206 
3.945 -0.094672 -0.0737022 -0.104455 -0.066212 -0.113083 -0.0591288 -0.120952 -0.0518152 -0.12954 -0.0433764 -0.136783 -0.035043 -0.1437 -0.0263679 
4.223 0.0991371 -0.0798658 0.0885316 -0.083892 0.0788124 -0.0870395 0.069299 -0.0896613 0.0584908 -0.091923 0.0485731 -0.0934948 0.0384729 -0.0944601 
4.07 -0.00221887 -0.10589 -0.0142284 -0.103738 -0.0248646 -0.101283 -0.0350375 -0.0984152 -0.0461062 -0.0946641 -0.0561424 -0.0905868 -0.0658697 -0.0858854 
1.316 0.0984523 0.280359 0.10685 0.277555 0.114025 0.274788 0.121147 0.271699 0.128329 0.267861 0.135037 0.263883 0.141304 0.259812 
4.531 0.268292 -0.091508 0.256388 -0.105837 0.245072 -0.117889 0.233656 -0.129327 0.220341 -0.140986 0.207365 -0.15126 0.194047 -0.16044 
3.645 -0.29259 -0.249706 -0.313067 -0.230353 -0.330458 -0.212267 -0.346532 -0.193747 -0.362982 -0.172582 -0.377301 -0.151954 -0.390364 -0.130752 
0.709 -0.23027 0.384454 -0.218149 0.404287 -0.206479 0.42154 -0.194113 0.437866 -0.179716 0.454704 -0.165358 0.469808 -0.150408 0.484096 
0.696 -0.283687 0.361855 -0.273107 0.385066 -0.262484 0.405504 -0.251029 0.424852 -0.237492 0.444922 -0.223651 0.463193 -0.209226 0.480632 
0.757 -0.350116 0.301589 -0.3421 0.32799 -0.333864 0.35127 -0.324564 0.37367 -0.313216 0.397292 -0.301172 0.418986 -0.288358 0.439765 
2.189 0.619614 0.124901 0.618064 0.0899931 0.615025 0.0590499 0.61075 0.0289894 0.604022 -0.00341395 0.596161 -0.0333007 0.586882 -0.0622671 
4.172 0.248432 0.0920285 0.247372 0.0784845 0.24588 0.0665404 0.243829 0.0549243 0.240767 0.0424028 0.237193 0.030772 0.233165 0.0196719 
3.375 -0.147404 -0.0278181 -0.154859 -0.0173803 -0.161106 -0.00771864 -0.166671 0.00199783 -0.172242 0.0129598 -0.176814 0.0234742 -0.180864 0.0343641 
1.165 0.355266 0.341309 0.366139 0.323121 0.374899 0.306493 0.382729 0.289898 0.390161 0.271314 0.396191 0.253461 0.401276 0.23597 
3.523 -0.367237 -0.2093 -0.385263 -0.18537 -0.40035 -0.163217 -0.413929 -0.140879 -0.427461 -0.115847 -0.438791 -0.0915567 -0.448816 -0.0669684 
0.82 -0.304232 0.288577 -0.296574 0.311884 -0.288862 0.332331 -0.280223 0.351976 -0.269692 0.372708 -0.258629 0.391621 -0.246916 0.409849 
0.699 -0.24876 0.391303 -0.236344 0.412426 -0.224551 0.430801 -0.211915 0.448185 -0.197265 0.466276 -0.182513 0.482445 -0.167182 0.497813 
4.215 0.186796 0.0879195 0.185537 0.0780876 0.183867 0.0694747 0.182041 0.061131 0.179296 0.052178 0.176378 0.043928 0.173055 0.0361838 
4.172 0.061471 -0.140131 0.0470598 -0.141948 0.0340689 -0.142946 0.0215489 -0.143273 0.0076171 -0.142883 -0.00514557 -0.14177 -0.0177583 -0.139888 
4.215 0.238844 0.0749075 0.23696 0.061992 0.234626 0.0505911 0.231978 0.0396361 0.228246 0.0278522 0.224227 0.0169537 0.219698 0.0065827 
3.654 -0.285057 -0.329147 -0.310299 -0.310113 -0.332022 -0.291955 -0.352307 -0.273238 -0.373331 -0.251566 -0.391898 -0.23035 -0.409205 -0.208282 
1.601 0.19159 0.220093 0.196634 0.211525 0.200697 0.203798 0.204422 0.195992 0.207768 0.187045 0.21055 0.178755 0.212823 0.170413 
2.637 0.152554 0.145446 0.153411 0.13932 0.153792 0.133835 0.153992 0.128464 0.153673 0.122459 0.153192 0.116877 0.152232 0.111524 
4.273 0.123106 -0.123011 0.109874 -0.128437 0.0978541 -0.132639 0.0857442 -0.136305 0.0723089 -0.139461 0.0594 -0.141797 0.0468176 -0.14325 
1.296 0.0717436 0.336516 0.0835076 0.335418 0.093815 0.334003 0.103985 0.332159 0.114707 0.329383 0.124756 0.326179 0.134303 0.322731 
4.234 0.21145 0.0571018 0.208713 0.0458412 0.20573 0.0359782 0.202482 0.026455 0.198152 0.0162916 0.193591 0.0069601 0.188615 -0.00180932 
3.689 -0.261772 -0.327092 -0.286896 -0.309422 -0.308635 -0.292449 -0.328894 -0.27496 -0.350022 -0.25464 -0.368761 -0.234412 -0.386206 -0.213483 
3.598 -0.319299 -0.175058 -0.335215 -0.154226 -0.348601 -0.134979 -0.360701 -0.115577 -0.372803 -0.0936734 -0.382949 -0.0726114 -0.391936 -0.0513494 
4.168 0.0683194 0.000260238 0.0626425 -0.00223906 0.0573842 -0.00417252 0.052328 -0.00580503 0.0464801 -0.00732514 0.0410284 -0.0084658 0.0353701 -0.00918525 
1.254 -0.0193398 0.250226 -0.012712 0.255099 -0.00667993 0.259185 -0.000470122 0.262933 0.00629549 0.266515 0.0128917 0.269483 0.0195163 0.272276 
3.637 -0.296014 -0.228476 -0.315285 -0.208869 -0.331648 -0.190477 -0.346643 -0.171809 -0.361979 -0.150457 -0.375173 -0.129692 -0.387207 -0.10855 
1.277 -0.0570059 0.238584 -0.0509098 0.24533 -0.0451227 0.251248 -0.0392409 0.2567 -0.032609 0.262159 -0.0259795 0.266964 -0.0194088 0.271451 
4.59 0.29774 -0.155883 0.282171 -0.171921 0.267566 -0.185377 0.252851 -0.197871 0.235831 -0.210544 0.219454 -0.221507 0.202688 -0.231333 
3.66 -0.283002 -0.268196 -0.304324 -0.249308 -0.322577 -0.231459 -0.339458 -0.213165 -0.356785 -0.192264 -0.371987 -0.171773 -0.386033 -0.150694 
3.969 -0.0796055 -0.147665 -0.0940661 -0.140991 -0.106639 -0.134343 -0.118572 -0.127379 -0.131358 -0.119001 -0.142849 -0.110511 -0.153552 -0.101456 
0.735 -0.450788 0.315286 -0.442379 0.348132 -0.433521 0.377302 -0.423283 0.405431 -0.410555 0.435157 -0.396916 0.462448 -0.382222 0.488914 
3.605 -0.300808 -0.14698 -0.315081 -0.127361 -0.327047 -0.109143 -0.337723 -0.0908341 -0.348399 -0.0701616 -0.357245 -0.0503496 -0.36503 -0.0301267 
0.785 -0.10426 0.40363 -0.0903733 0.414897 -0.0776233 0.424353 -0.0644499 0.43307 -0.0498581 0.441567 -0.0355608 0.448829 -0.0212259 0.455393 
3.562 -0.331626 -0.12712 -0.34492 -0.10559 -0.355812 -0.0857554 -0.365529 -0.0658291 -0.374878 -0.0435809 -0.382535 -0.0222527 -0.388947 -0.000721499 
1.603 -0.278208 0.222148 -0.272238 0.241885 -0.266133 0.259339 -0.259227 0.276064 -0.250775 0.293613 -0.241814 0.30976 -0.232315 0.325277 
0.696 -0.267936 0.381715 -0.25605 0.403934 -0.244608 0.423346 -0.232142 0.441673 -0.217765 0.460817 -0.203241 0.478037 -0.188088 0.494398 
4.262 0.199123 0.0769621 0.197398 0.0662515 0.195305 0.0567909 0.1929 0.0477242 0.189597 0.0379348 0.186118 0.0288324 0.182204 0.020339 
0.684 -0.077551 0.483071 -0.059854 0.493617 -0.043691 0.502372 -0.0273115 0.510188 -0.00923194 0.517521 0.0082593 0.523518 0.0257452 0.528751 
3.924 -0.113163 -0.0812354 -0.123573 -0.072736 -0.132606 -0.0647282 -0.140821 -0.0564797 -0.149641 -0.0470267 -0.157317 -0.0377019 -0.16412 -0.0280133 
4.133 0.0381865 -0.101096 0.0263691 -0.101498 0.0157108 -0.101332 0.00550536 -0.100574 -0.00577904 -0.0991718 -0.0162007 -0.0973545 -0.026457 -0.0948441 
1.313 -0.0926174 0.231735 -0.0867515 0.240854 -0.0812489 0.248724 -0.0752553 0.256276 -0.0685367 0.263957 -0.0616789 0.270747 -0.0545836 0.277336 
1.214 0.314861 0.324873 0.32506 0.309092 0.333328 0.29468 0.340906 0.280204 0.347973 0.263939 0.353899 0.24832 0.358788 0.232782 
4.41 0.210766 -0.0743871 0.200249 -0.0853436 0.190303 -0.0945842 0.180367 -0.103111 0.168759 -0.111781 0.15758 -0.119307 0.146179 -0.125981 
3.521 -0.361074 -0.155198 -0.375863 -0.131927 -0.388092 -0.110586 -0.398981 -0.0891256 -0.409559 -0.0651217 -0.418262 -0.0421097 -0.425769 -0.0188019 
3.188 0.571675 -0.232585 0.549734 -0.263857 0.52887 -0.290532 0.507265 -0.315856 0.482187 -0.341794 0.457459 -0.364878 0.432005 -0.386252 
4.09 0.260759 0.100247 0.26005 0.0860358 0.258823 0.0734429 0.25718 0.0612801 0.254407 0.0481179 0.251354 0.0359491 0.247577 0.0242276 
3.654 -0.258348 -0.116162 -0.270795 -0.0991357 -0.281179 -0.0833716 -0.2905 -0.0675012 -0.299839 -0.0495735 -0.307592 -0.0323704 -0.314429 -0.0148671 
1.375 0.112834 0.285153 0.12129 0.281904 0.128711 0.278672 0.135903 0.275199 0.143349 0.270882 0.150215 0.266435 0.156703 0.26196 
1.33 0.0909191 0.333091 0.102209 0.331066 0.112008 0.328939 0.121654 0.326422 0.131852 0.322899 0.141344 0.319115 0.150389 0.31511 
1.049 -0.152883 0.29748 -0.14395 0.310899 -0.13552 0.322582 -0.126692 0.333656 -0.116596 0.344932 -0.106484 0.354976 -0.0961721 0.364604 
1.204 -0.252869 0.236529 -0.246345 0.254697 -0.239831 0.270615 -0.232562 0.286039 -0.223845 0.302122 -0.214741 0.316919 -0.20513 0.331084 
0.888 -0.246021 0.285153 -0.237882 0.304261 -0.229862 0.320992 -0.2211 0.336924 -0.210706 0.353703 -0.199963 0.36891 -0.188742 0.383422 
4.051 -0.00701274 -0.0558965 -0.0160141 -0.0540251 -0.0239821 -0.0519689 -0.0315888 -0.0495679 -0.0399124 -0.046558 -0.0474629 -0.0432587 -0.0548238 -0.0395209 
1.284 -0.0631694 0.259814 -0.0558349 0.267042 -0.0491277 0.273306 -0.0420771 0.279047 -0.0342437 0.284807 -0.0264879 0.289741 -0.0187136 0.294407 
1.487 0.155979 0.259814 0.16322 0.253324 0.169263 0.247315 0.175138 0.24115 0.180811 0.234063 0.18596 0.227109 0.190571 0.220168 
3.623 -0.293275 -0.162731 -0.308412 -0.143401 -0.321108 -0.125505 -0.332623 -0.107472 -0.344074 -0.0871125 -0.353761 -0.0674971 -0.362366 -0.0475828 
4.008 -0.0426243 -0.0784961 -0.0532009 -0.0743521 -0.0624064 -0.0701085 -0.0711255 -0.0655489 -0.0804934 -0.0599999 -0.08875 -0.054306 -0.0966527 -0.048149 
3.625 -0.280263 -0.129859 -0.293621 -0.111331 -0.304733 -0.0941391 -0.314688 -0.0768258 -0.324564 -0.0574476 -0.332745 -0.0386786 -0.339887 -0.0198013 
1.609 0.189536 0.239269 0.195648 0.23071 0.200615 0.222933 0.205267 0.215112 0.209611 0.20624 0.213309 0.197707 0.21645 0.189199 
4.59 0.294316 -0.116162 0.280722 -0.131834 0.26792 -0.145089 0.254941 -0.157441 0.239899 -0.170077 0.225306 -0.181143 0.210305 -0.191176 
1.239 0.325134 0.312546 0.334715 0.295813 0.342541 0.280609 0.349728 0.265351 0.356357 0.248352 0.36175 0.231848 0.366086 0.215965 
3.738 -0.211779 -0.199712 -0.229139 -0.185344 -0.244041 -0.171659 -0.257899 -0.157571 -0.272198 -0.141496 -0.284754 -0.125773 -0.296356 -0.109402 
3.746 -0.205616 -0.173689 -0.221599 -0.159621 -0.235378 -0.146315 -0.248086 -0.132782 -0.261237 -0.117182 -0.272647 -0.101913 -0.283214 -0.0861606 
3.691 -0.244651 -0.18807 -0.261613 -0.171536 -0.276043 -0.156113 -0.289361 -0.140356 -0.303014 -0.12233 -0.314767 -0.10481 -0.325539 -0.086814 
0.76 -0.364498 0.29474 -0.356855 0.32205 -0.349038 0.346086 -0.340032 0.369343 -0.328925 0.393911 -0.317087 0.416485 -0.304479 0.438149 
3.117 0.596329 -0.247651 0.573212 -0.280334 0.551152 -0.308235 0.528697 -0.334598 0.502408 -0.361687 0.476533 -0.385839 0.449892 -0.40808 
3.684 -0.235064 -0.121641 -0.247839 -0.105765 -0.25861 -0.0910769 -0.268328 -0.0762374 -0.278148 -0.059453 -0.286366 -0.0432359 -0.293761 -0.0266677 
4.598 0.299795 -0.139447 0.284893 -0.155375 0.27089 -0.168735 0.25681 -0.181256 0.240489 -0.193978 0.224728 -0.205063 0.208586 -0.215018 
3.99 -0.0659088 -0.12575 -0.0789681 -0.119792 -0.0904586 -0.113878 -0.101191 -0.107629 -0.112787 -0.100148 -0.123068 -0.0925158 -0.132961 -0.08441 
1.269 0.101876 0.209821 0.105843 0.207342 0.109149 0.204873 0.112535 0.202353 0.115739 0.199502 0.118678 0.196532 0.121391 0.193651 
3.764 -0.192604 -0.184646 -0.209169 -0.171244 -0.22339 -0.158405 -0.236609 -0.145313 -0.250259 -0.130288 -0.262247 -0.115497 -0.27333 -0.100199 
3.848 -0.120696 -0.0196001 -0.127724 -0.0106812 -0.133639 -0.0023813 -0.138957 0.00599563 -0.14437 0.0154463 -0.148834 0.0245574 -0.152834 0.0339116 
3.711 -0.245336 -0.349007 -0.271684 -0.332221 -0.294424 -0.31609 -0.315844 -0.299256 -0.33817 -0.279596 -0.358067 -0.26008 -0.376738 -0.239811 
0.957 -0.133708 0.324873 -0.123252 0.337299 -0.11365 0.347901 -0.103584 0.35791 -0.0922107 0.368 -0.0807653 0.376968 -0.0693177 0.385238 
4.293 0.156663 -0.0545268 0.147207 -0.0621316 0.138366 -0.0683534 0.129563 -0.0739884 0.119445 -0.0796087 0.109848 -0.0844615 0.100092 -0.0885003 
3.711 -0.239173 -0.247651 -0.259367 -0.23145 -0.27669 -0.216066 -0.292858 -0.200205 -0.309544 -0.182051 -0.32426 -0.164105 -0.337862 -0.145636 
4.316 0.168991 0.039296 0.165188 0.0305199 0.161354 0.022843 0.157416 0.0155975 0.152526 0.00790719 0.147592 0.000978056 0.14238 -0.00548669 
3.689 -0.233694 -0.144925 -0.247896 -0.129167 -0.259946 -0.114447 -0.270933 -0.099496 -0.28205 -0.0825632 -0.291543 -0.0661123 -0.300147 -0.0493018 
4.309 0.166251 -0.087399 0.155149 -0.0954685 0.144879 -0.102199 0.134599 -0.10832 0.122923 -0.114225 0.111783 -0.119232 0.100555 -0.123349 
4.516 0.262813 -0.140816 0.248185 -0.154582 0.234512 -0.166054 0.220801 -0.176688 0.205034 -0.187286 0.189809 -0.196465 0.17433 -0.204406 
4.086 0.00668402 -0.118217 -0.00606611 -0.116991 -0.0174097 -0.115292 -0.0283078 -0.113036 -0.040194 -0.109959 -0.0510501 -0.106466 -0.0616234 -0.102458 
4.562 0.284043 -0.140816 0.269387 -0.155712 0.255556 -0.168262 0.241649 -0.179883 0.225633 -0.191622 0.210135 -0.20181 0.194365 -0.210862 
3.676 -0.266566 -0.225736 -0.285524 -0.207819 -0.301719 -0.191025 -0.316704 -0.173885 -0.331977 -0.154214 -0.34524 -0.134993 -0.357387 -0.115279 
3.76 -0.191919 -0.167525 -0.207718 -0.154154 -0.221186 -0.141588 -0.23376 -0.128667 -0.246689 -0.113802 -0.257995 -0.0993098 -0.268464 -0.0842477 
1.271 -0.0830297 0.312546 -0.0724743 0.320835 -0.0628184 0.32774 -0.0527779 0.333942 -0.0417281 0.339952 -0.0308914 0.345066 -0.019747 0.350093 
4.211 0.108725 0.0653198 0.106604 0.0601663 0.104353 0.0558308 0.102216 0.0516453 0.0994143 0.0472591 0.0966297 0.0432517 0.0935082 0.039659 
0.919 -0.181646 0.308437 -0.172226 0.323824 -0.163308 0.33718 -0.153748 0.349971 -0.142757 0.363103 -0.131665 0.374844 -0.120291 0.386002 
3.666 -0.278208 -0.25176 -0.298821 -0.233202 -0.316375 -0.215801 -0.332616 -0.197905 -0.349301 -0.177384 -0.363895 -0.157412 -0.377266 -0.136748 
3.75 -0.212464 -0.347637 -0.238738 -0.332897 -0.261525 -0.318561 -0.282987 -0.303512 -0.305579 -0.285776 -0.325817 -0.26799 -0.344858 -0.24935 
3.656 -0.280948 -0.222997 -0.299803 -0.204309 -0.315788 -0.186785 -0.330523 -0.168978 -0.345552 -0.148695 -0.358553 -0.129003 -0.370428 -0.108832 
3.664 -0.256294 -0.153143 -0.270894 -0.136044 -0.283257 -0.120059 -0.294487 -0.103955 -0.30586 -0.0855966 -0.31548 -0.0679548 -0.324106 -0.0498836 
3.678 -0.265197 -0.270251 -0.286803 -0.252403 -0.305353 -0.235461 -0.322588 -0.217989 -0.340358 -0.198013 -0.355947 -0.178354 -0.370384 -0.158088 
0.755 0.0806465 0.519367 0.10089 0.519561 0.118781 0.518955 0.136379 0.517423 0.155175 0.514659 0.172777 0.511037 0.189841 0.506805 
3.688 -0.261772 -0.306547 -0.285551 -0.289074 -0.306107 -0.272376 -0.325306 -0.255087 -0.345229 -0.23513 -0.362908 -0.215414 -0.379342 -0.194943 
1.12 0.374442 0.365964 0.386084 0.346851 0.395858 0.329563 0.404724 0.312244 0.412812 0.29276 0.41965 0.274013 0.425308 0.255525 
3.711 -0.228215 -0.181907 -0.244787 -0.166487 -0.259009 -0.151812 -0.272058 -0.136988 -0.28542 -0.119998 -0.297062 -0.103342 -0.307747 -0.0862696 
3.633 -0.302178 -0.282578 -0.32471 -0.262592 -0.343964 -0.243829 -0.36176 -0.224575 -0.380146 -0.202464 -0.396134 -0.180949 -0.410843 -0.158729 
3.77 -0.191234 -0.212724 -0.209466 -0.199428 -0.225209 -0.186622 -0.239851 -0.17355 -0.255134 -0.158457 -0.268609 -0.143388 -0.281192 -0.127861 
3.639 -0.289166 -0.205876 -0.307212 -0.186567 -0.322493 -0.16864 -0.336493 -0.150406 -0.35067 -0.129654 -0.362893 -0.109495 -0.373958 -0.0889044 
3.715 -0.237803 -0.323668 -0.262634 -0.307221 -0.284095 -0.291437 -0.304274 -0.275036 -0.32525 -0.255994 -0.343869 -0.237143 -0.361335 -0.21747 
3.643 -0.26999 -0.157252 -0.28484 -0.139227 -0.297341 -0.12251 -0.308697 -0.105631 -0.320052 -0.0865403 -0.329691 -0.0681182 -0.338264 -0.0493008 
0.899 -0.0707026 0.368018 -0.0579538 0.377049 -0.0462543 0.384697 -0.034488 0.391435 -0.0213651 0.397998 -0.00863304 0.403449 0.00397685 0.40835 
3.727 -0.188495 -0.0545268 -0.197435 -0.0413929 -0.204863 -0.0292723 -0.211487 -0.017128 -0.218097 -0.00346173 -0.223489 0.00961489 -0.22811 0.0229342 
4.008 -0.0392001 -0.0415149 -0.047554 -0.0377907 -0.0549797 -0.0340223 -0.0618366 -0.0299974 -0.0692113 -0.0251283 -0.0758107 -0.0201848 -0.082135 -0.0148973 
3.58 -0.317244 -0.126435 -0.330332 -0.105781 -0.341107 -0.0867692 -0.350741 -0.0676102 -0.360091 -0.0461779 -0.367725 -0.0256624 -0.374296 -0.00486313 
3.771 -0.200137 -0.288741 -0.222714 -0.274769 -0.242306 -0.261094 -0.260749 -0.24695 -0.280063 -0.230448 -0.297226 -0.213992 -0.313416 -0.1969 
4.391 0.217614 0.00162991 0.211664 -0.0101128 0.205792 -0.020279 0.199774 -0.0299011 0.192352 -0.0399895 0.18504 -0.0491014 0.177336 -0.057553 
3.398 0.434023 -0.032612 0.42473 -0.0564965 0.415311 -0.0773344 0.405343 -0.0972124 0.393075 -0.118184 0.38053 -0.137025 0.367253 -0.154978 
3.668 -0.248076 -0.138762 -0.261886 -0.122219 -0.273529 -0.106883 -0.284068 -0.0913775 -0.294709 -0.0738128 -0.303749 -0.0568709 -0.311836 -0.0395641 
0.914 -0.156307 0.324873 -0.14593 0.338765 -0.136133 0.350737 -0.125819 0.362065 -0.114138 0.373548 -0.102481 0.383732 -0.0906594 0.393306 
4.422 0.219669 -0.0264484 0.211804 -0.0378556 0.2042 -0.0476735 0.19653 -0.0568682 0.187356 -0.0663804 0.178388 -0.0749287 0.169122 -0.0826193 
3.787 -0.18781 -0.273675 -0.209841 -0.260429 -0.228946 -0.247575 -0.246882 -0.234344 -0.265742 -0.218677 -0.282595 -0.203024 -0.298417 -0.186542 
3.912 -0.115902 -0.227791 -0.134795 -0.219136 -0.151294 -0.210574 -0.166908 -0.201451 -0.18346 -0.190509 -0.198352 -0.179466 -0.212498 -0.167745 
3.727 -0.230955 -0.292165 -0.254056 -0.276445 -0.273947 -0.261445 -0.292662 -0.245904 -0.312156 -0.22783 -0.329435 -0.209864 -0.345642 -0.191102 
0.718 -0.300808 0.334461 -0.291326 0.358265 -0.281706 0.379155 -0.271251 0.39909 -0.258967 0.41996 -0.246098 0.439035 -0.232603 0.457238 
3.717 -0.2289 -0.203821 -0.24666 -0.188166 -0.261813 -0.173476 -0.275866 -0.158373 -0.290326 -0.141222 -0.302944 -0.124412 -0.31458 -0.107087 
3.764 -0.204246 -0.322298 -0.229007 -0.308056 -0.250473 -0.294246 -0.270675 -0.279791 -0.291931 -0.262769 -0.310975 -0.245748 -0.328904 -0.228005 
4.188 0.078592 -0.0600055 0.0691489 -0.0631921 0.0605285 -0.0655595 0.0519529 -0.0675119 0.0426181 -0.0690486 0.0337884 -0.0700613 0.024965 -0.0704518 
3.693 -0.253554 -0.262033 -0.274741 -0.244981 -0.292933 -0.228823 -0.309907 -0.212132 -0.327402 -0.192846 -0.342763 -0.17389 -0.356984 -0.154328 
4.445 0.228571 -0.0606903 0.218632 -0.0725559 0.209207 -0.0827156 0.19969 -0.0920634 0.188563 -0.101652 0.177696 -0.110237 0.166638 -0.117835 
3.162 0.57236 -0.202452 0.552071 -0.233748 0.532756 -0.260839 0.5128 -0.286138 0.489342 -0.3124 0.466057 -0.335929 0.442112 -0.357628 
4.562 0.27788 -0.0600055 0.267814 -0.0748838 0.258159 -0.0877591 0.248259 -0.0997802 0.236523 -0.112264 0.225026 -0.123315 0.21313 -0.133397 
3.795 -0.179592 -0.222312 -0.198392 -0.20951 -0.214624 -0.197265 -0.22979 -0.184522 -0.245648 -0.169792 -0.259699 -0.155175 -0.272877 -0.139857 
3.568 -0.330256 -0.143556 -0.344355 -0.122256 -0.356081 -0.102606 -0.366517 -0.0828113 -0.376781 -0.0605927 -0.385192 -0.0395125 -0.392405 -0.0176134 
1.597 0.193645 0.261183 0.201131 0.252041 0.207281 0.243667 0.213073 0.235173 0.218522 0.225585 0.22329 0.216365 0.227475 0.207306 
3.441 0.403205 0.0297083 0.397795 0.00734516 0.391848 -0.0121447 0.385236 -0.0309102 0.376808 -0.0509555 0.367875 -0.0692551 0.358082 -0.0866292 
4.363 0.192275 -0.126435 0.178746 -0.135962 0.166198 -0.14381 0.15375 -0.150958 0.13962 -0.157847 0.126063 -0.163789 0.112421 -0.16868 
4.074 0.000520477 -0.0819203 -0.0100179 -0.0803613 -0.0193537 -0.0786191 -0.0283177 -0.0762311 -0.0380974 -0.0733296 -0.0470044 -0.0701181 -0.0556748 -0.066319 
3.701 -0.247391 -0.221627 -0.266157 -0.205049 -0.282108 -0.189412 -0.296923 -0.173491 -0.312218 -0.155224 -0.325547 -0.13727 -0.337812 -0.118882 
3.67 -0.259033 -0.190809 -0.276109 -0.173535 -0.29072 -0.157332 -0.30413 -0.140953 -0.317728 -0.122165 -0.329515 -0.10388 -0.340345 -0.0851296 
3.547 -0.306972 -0.108629 -0.31926 -0.0883986 -0.329368 -0.0699324 -0.338288 -0.0513145 -0.347006 -0.0305101 -0.353952 -0.010606 -0.35995 0.00949409 
0.688 -0.283687 0.380345 -0.272043 0.403757 -0.260562 0.424052 -0.248284 0.443458 -0.233898 0.463722 -0.219192 0.481901 -0.204072 0.499215 
3.615 -0.31382 -0.246281 -0.334003 -0.225674 -0.351196 -0.206229 -0.36698 -0.186683 -0.383057 -0.164497 -0.396926 -0.14249 -0.409594 -0.120228 
3.695 -0.253554 -0.360649 -0.280333 -0.343416 -0.303543 -0.326822 -0.325338 -0.309522 -0.348029 -0.289286 -0.368292 -0.269402 -0.387277 -0.24854 
3.629 -0.245336 -0.0867141 -0.256294 -0.0702779 -0.265436 -0.0551025 -0.273472 -0.0398737 -0.281418 -0.0227427 -0.28797 -0.00639565 -0.293598 0.0102449 
3.684 -0.255609 -0.204506 -0.273388 -0.187343 -0.288509 -0.171312 -0.302498 -0.154859 -0.316817 -0.136111 -0.32915 -0.117839 -0.340466 -0.0991175 
4.191 0.0758526 -0.166155 0.0598318 -0.168613 0.045417 -0.169993 0.0314246 -0.170783 0.0159203 -0.170764 0.00162151 -0.169926 -0.0125271 -0.168224 
3.91 -0.115902 -0.140816 -0.129817 -0.13232 -0.14188 -0.124081 -0.153168 -0.115557 -0.165006 -0.10553 -0.17563 -0.0955807 -0.185577 -0.0850595 
3.938 -0.103575 -0.102465 -0.115207 -0.0945762 -0.125313 -0.0869936 -0.134585 -0.0790876 -0.144501 -0.069958 -0.153232 -0.0609363 -0.161347 -0.051441 
3.619 -0.279578 -0.109314 -0.291615 -0.0908355 -0.301673 -0.0737924 -0.310574 -0.0567506 -0.319356 -0.0374415 -0.326462 -0.0191013 -0.332599 -0.00055401 
4.508 0.25665 -0.116847 0.24318 -0.130236 0.230511 -0.141618 0.217859 -0.152026 0.203215 -0.162699 0.189065 -0.171891 0.174611 -0.180036 
3.678 -0.263142 -0.25039 -0.283609 -0.232753 -0.301119 -0.216099 -0.317388 -0.199074 -0.334096 -0.17949 -0.348665 -0.160347 -0.362217 -0.140573 
1.318 -0.0960416 0.247487 -0.089402 0.256562 -0.0830143 0.264457 -0.0763836 0.271845 -0.0688289 0.279457 -0.0612488 0.286187 -0.0534387 0.292589 
4.207 0.295686 0.089974 0.294539 0.0735544 0.292643 0.0591783 0.290323 0.0451047 0.286641 0.0300428 0.282514 0.0161326 0.277588 0.00282884 
3.98 -0.0720723 -0.10315 -0.0837017 -0.0968566 -0.0938993 -0.0907338 -0.103435 -0.0843369 -0.113671 -0.0767868 -0.122664 -0.0692043 -0.131183 -0.0611232 
1.261 0.102561 0.194069 0.105556 0.191523 0.108077 0.18897 0.110606 0.186448 0.113005 0.183689 0.115173 0.180864 0.117028 0.178082 
3.711 -0.237803 -0.232585 -0.257145 -0.216382 -0.273723 -0.200992 -0.289092 -0.185257 -0.304982 -0.167228 -0.318875 -0.149503 -0.331705 -0.131228 
1.631 0.202548 0.187221 0.205506 0.177944 0.207762 0.169699 0.209675 0.161489 0.21108 0.152438 0.212029 0.143933 0.212467 0.135527 
3.967 -0.0789207 -0.0853445 -0.0897827 -0.0787585 -0.0992748 -0.072399 -0.108096 -0.0657498 -0.117519 -0.0579788 -0.125862 -0.0502331 -0.133665 -0.042017 
3.918 -0.111793 -0.156568 -0.12654 -0.148266 -0.139393 -0.140231 -0.151365 -0.131793 -0.164157 -0.121856 -0.175313 -0.111834 -0.186061 -0.101402 
3.918 -0.117272 -0.0613752 -0.126632 -0.0527832 -0.13471 -0.0447116 -0.142104 -0.0364509 -0.149806 -0.0269809 -0.156457 -0.0178025 -0.162375 -0.00822228 
3.898 -0.126174 -0.114792 -0.138654 -0.105701 -0.149382 -0.0970369 -0.159308 -0.0880162 -0.169724 -0.0776562 -0.178976 -0.0674547 -0.187588 -0.0568089 
3.541 -0.362444 -0.231215 -0.381691 -0.207719 -0.397805 -0.185824 -0.412463 -0.163793 -0.427068 -0.138852 -0.439503 -0.11491 -0.450565 -0.0903183 
3.666 -0.276154 -0.236694 -0.295775 -0.218387 -0.312539 -0.201116 -0.328048 -0.183378 -0.343889 -0.163318 -0.3577 -0.143635 -0.370378 -0.123429 
3.637 -0.275469 -0.142871 -0.289499 -0.124652 -0.301303 -0.107646 -0.311941 -0.0905631 -0.322547 -0.0712992 -0.331426 -0.0527604 -0.339308 -0.033754 
2.184 -0.434351 -0.215464 -0.453568 -0.186927 -0.469557 -0.160778 -0.483846 -0.134471 -0.497897 -0.104905 -0.509455 -0.0763694 -0.519512 -0.0475311 
3.793 -0.183016 -0.311341 -0.207158 -0.298415 -0.228018 -0.285862 -0.247758 -0.272654 -0.268605 -0.257053 -0.287245 -0.241413 -0.304889 -0.224982 
3.67 -0.239858 -0.10589 -0.25167 -0.0897767 -0.261581 -0.0748016 -0.270452 -0.0598035 -0.279289 -0.0429278 -0.286619 -0.0266552 -0.293075 -0.0100145 
1.198 -0.0213943 0.3598 -0.00856855 0.364797 0.00298458 0.368721 0.0146187 0.372102 0.0273244 0.374929 0.0394299 0.376893 0.0514284 0.378427 
3.834 -0.156992 -0.27162 -0.178689 -0.259887 -0.197585 -0.248544 -0.21539 -0.236678 -0.234153 -0.222555 -0.250937 -0.208418 -0.266829 -0.193658 
3.723 -0.237118 -0.305862 -0.260765 -0.289506 -0.281188 -0.273907 -0.300316 -0.257611 -0.320259 -0.23885 -0.337855 -0.220249 -0.354365 -0.200925 
3.678 -0.25013 -0.16821 -0.265514 -0.151447 -0.278564 -0.135722 -0.29046 -0.11976 -0.302595 -0.101749 -0.312999 -0.0841249 -0.322338 -0.0661442 
3.611 -0.304232 -0.182591 -0.320382 -0.162785 -0.334046 -0.144345 -0.346411 -0.12561 -0.358842 -0.104705 -0.369393 -0.0843537 -0.378784 -0.0637891 
3.42 -0.111793 -0.00658814 -0.117795 0.0017663 -0.122857 0.00956958 -0.127227 0.0174706 -0.131655 0.0262608 -0.135299 0.034767 -0.138423 0.0433785 
0.937 0.127215 0.44609 0.144138 0.442476 0.158888 0.438442 0.17331 0.433934 0.188534 0.428149 0.202443 0.421665 0.21584 0.415106 
1.604 0.19433 0.199548 0.198076 0.190726 0.201048 0.182856 0.203708 0.175029 0.205964 0.166434 0.207671 0.15799 0.208928 0.149975 
1.229 0.0162717 0.339255 0.0282638 0.341561 0.0389558 0.343411 0.0495311 0.344843 0.0610484 0.345233 0.0719524 0.345205 0.0825618 0.344973 
1.132 0.362115 0.35843 0.373813 0.340069 0.383279 0.323303 0.391884 0.30652 0.40017 0.287696 0.406811 0.269589 0.412313 0.251587 
4.305 0.160772 -0.000424599 0.154458 -0.00852612 0.148426 -0.0154211 0.142354 -0.0219009 0.135141 -0.0285582 0.128143 -0.0344621 0.120975 -0.0397511 
3.746 -0.215203 -0.242172 -0.235205 -0.227449 -0.252414 -0.213305 -0.268524 -0.198807 -0.285261 -0.181979 -0.300028 -0.165284 -0.313825 -0.148111 
1.342 0.08681 0.352267 0.099007 0.350278 0.1097 0.348132 0.120164 0.345539 0.131305 0.341914 0.141656 0.338038 0.151591 0.333917 
4 -0.0535817 -0.0976716 -0.0650458 -0.0929264 -0.0751332 -0.0881492 -0.0846346 -0.0831011 -0.0948422 -0.0769227 -0.10401 -0.0706392 -0.112804 -0.0639061 
3.832 -0.159732 -0.306547 -0.183412 -0.295011 -0.204124 -0.283671 -0.223663 -0.27179 -0.244322 -0.257534 -0.262922 -0.243141 -0.280553 -0.227941 
4.137 0.0470894 -0.0641145 0.0374333 -0.0651057 0.028692 -0.0654056 0.020302 -0.0654428 0.0110434 -0.0649363 0.00252416 -0.0639229 -0.00586961 -0.0624775 
4.258 0.23405 0.035187 0.230134 0.0223379 0.2259 0.0112126 0.221451 0.00049632 0.215623 -0.0108535 0.209747 -0.0212477 0.203379 -0.0310173 
3.799 -0.176852 -0.328462 -0.201929 -0.315848 -0.223751 -0.303491 -0.244373 -0.290453 -0.26616 -0.275152 -0.285733 -0.259546 -0.304318 -0.243112 
4.223 0.103931 -0.0312423 0.0959921 -0.035655 0.0886127 -0.0391154 0.0815353 -0.0422014 0.0733641 -0.0451381 0.0656951 -0.0474462 0.057947 -0.0492375 
3.812 -0.173428 -0.292165 -0.19635 -0.279457 -0.216172 -0.267278 -0.234874 -0.254456 -0.254594 -0.239449 -0.272265 -0.224194 -0.28887 -0.208313 
4.176 0.0737981 -0.0127517 0.067141 -0.015612 0.0609816 -0.0178697 0.0549355 -0.0197932 0.0481247 -0.0214704 0.0417213 -0.0227787 0.0352791 -0.0235492 
0.71 -0.335735 0.328297 -0.326636 0.354158 -0.317542 0.376952 -0.307315 0.398745 -0.29495 0.421783 -0.28209 0.442725 -0.268509 0.462944 
4.105 0.163512 0.0844953 0.162127 0.0760189 0.160465 0.0686234 0.158594 0.0615029 0.156086 0.053874 0.153358 0.0468607 0.150286 0.0402613 
3.869 0.266922 0.131064 0.268138 0.116536 0.268545 0.103674 0.268493 0.0910177 0.267386 0.0773035 0.265891 0.0643587 0.263612 0.0519953 
3.941 -0.0802904 -0.0059033 -0.086232 0.0004717 -0.0912957 0.00649822 -0.0958778 0.0125883 -0.100934 0.0194008 -0.105095 0.0260289 -0.108863 0.0329374 
4.32 0.167621 -0.196288 0.149593 -0.204129 0.133203 -0.210242 0.117078 -0.215508 0.0990058 -0.220233 0.0819847 -0.223735 0.0649675 -0.226174 
4.023 -0.0234488 -0.0168607 -0.0301731 -0.0138956 -0.0360787 -0.0109894 -0.0415764 -0.0079013 -0.0475444 -0.00415166 -0.0528208 -0.000349862 -0.0579178 0.00381283 
1.332 -0.119326 0.246117 -0.11271 0.256405 -0.106307 0.265429 -0.0995726 0.273813 -0.0918212 0.282577 -0.0838814 0.290333 -0.0760014 0.297722 
1.655 0.192275 0.161882 0.194032 0.153195 0.195148 0.145428 0.196029 0.137744 0.19628 0.129311 0.196251 0.121267 0.195706 0.113581 
0.796 -0.33505 0.285153 -0.327637 0.310667 -0.320069 0.332995 -0.311466 0.354512 -0.300842 0.377315 -0.289668 0.398175 -0.277791 0.418228 
3.916 -0.098781 -0.0148062 -0.105264 -0.00719983 -0.110775 -0.000129706 -0.115768 0.00711463 -0.120863 0.0152319 -0.125168 0.0230938 -0.129 0.031201 
1.232 0.0758526 0.285838 0.0846112 0.284682 0.0922737 0.2833 0.0998339 0.281546 0.107702 0.279117 0.115032 0.276402 0.122148 0.273442 
3.758 -0.204246 -0.225051 -0.223266 -0.210836 -0.239663 -0.197287 -0.254932 -0.183492 -0.270879 -0.167329 -0.284867 -0.151499 -0.297908 -0.135164 
3.807 -0.172743 -0.342843 -0.19849 -0.330528 -0.220913 -0.318426 -0.242151 -0.30556 -0.264642 -0.290089 -0.284845 -0.274628 -0.303981 -0.258212 
3.305 0.438817 0.0297083 0.433207 0.00546453 0.427214 -0.0158431 0.42041 -0.0363852 0.411548 -0.0582618 0.402176 -0.0783959 0.391877 -0.0974606 
4.016 -0.0453636 -0.142871 -0.0591104 -0.138516 -0.0711942 -0.133986 -0.0826715 -0.129005 -0.0950234 -0.122859 -0.106157 -0.116483 -0.116862 -0.109567 
1.357 0.112149 0.261183 0.119114 0.258078 0.125265 0.254926 0.131031 0.251734 0.137184 0.247613 0.142779 0.243523 0.147883 0.239487 
3.787 -0.187125 -0.29559 -0.210239 -0.282419 -0.2303 -0.269767 -0.249212 -0.256387 -0.269072 -0.240784 -0.286881 -0.225165 -0.303762 -0.208739 
3.893 -0.133708 -0.0791809 -0.143982 -0.0696682 -0.152653 -0.0606525 -0.160647 -0.0514741 -0.16909 -0.0410264 -0.176077 -0.0307997 -0.18284 -0.0202431 
4.336 0.182002 -0.151089 0.166901 -0.159944 0.15308 -0.167136 0.139426 -0.173506 0.123962 -0.179635 0.109269 -0.184557 0.0945721 -0.188475 
3.607 -0.296699 -0.129174 -0.309913 -0.109543 -0.320915 -0.0913948 -0.330706 -0.0732423 -0.340327 -0.0528375 -0.34824 -0.0332617 -0.355175 -0.0134701 
4.168 0.131324 0.0803862 0.129956 0.0739785 0.128603 0.0684273 0.12688 0.0630039 0.12465 0.057257 0.122439 0.0519486 0.119726 0.0470289 
3.77 -0.200137 -0.33668 -0.225757 -0.322431 -0.247899 -0.308805 -0.268872 -0.294379 -0.290861 -0.277463 -0.310578 -0.260468 -0.329176 -0.242527 
4.312 0.165566 -0.0189152 0.15854 -0.0271736 0.151841 -0.034231 0.145135 -0.0407379 0.137175 -0.0474541 0.129525 -0.0533816 0.121658 -0.0585788 
3.75 -0.214519 -0.288741 -0.237343 -0.274055 -0.257069 -0.259951 -0.275606 -0.245338 -0.294946 -0.228347 -0.312172 -0.211367 -0.328384 -0.193483 
3.574 -0.259033 -0.091508 -0.270231 -0.0743864 -0.279534 -0.0585389 -0.287805 -0.0426391 -0.295907 -0.024762 -0.302567 -0.00759751 -0.308263 0.00978117 
4.188 0.0840707 -0.00179427 0.0779265 -0.00533525 0.0723048 -0.00810244 0.0668065 -0.0105827 0.0604816 -0.0129455 0.0545901 -0.0148462 0.0486247 -0.0162138 
3.756 -0.20904 -0.306547 -0.232707 -0.292276 -0.253281 -0.278377 -0.272652 -0.263882 -0.292976 -0.246971 -0.311102 -0.230078 -0.328163 -0.21239 
3.777 -0.195343 -0.247651 -0.215504 -0.234058 -0.232793 -0.221019 -0.249119 -0.207324 -0.266104 -0.191414 -0.281158 -0.175859 -0.295203 -0.159575 
1.265 0.282674 0.306383 0.292002 0.292189 0.29959 0.279201 0.306478 0.266187 0.313084 0.251592 0.318484 0.237436 0.32308 0.223484 
4.051 -0.0152308 -0.0757567 -0.025574 -0.0728626 -0.0347115 -0.0697874 -0.0433682 -0.0664006 -0.0526903 -0.0621874 -0.0610849 -0.0577563 -0.0691761 -0.0528667 
0.841 -0.235749 0.310492 -0.226599 0.329099 -0.217703 0.345404 -0.208104 0.3609 -0.196885 0.37707 -0.185346 0.391655 -0.173383 0.405623 
3.551 -0.348747 -0.146295 -0.363001 -0.123479 -0.374718 -0.102644 -0.385067 -0.0817237 -0.395127 -0.0582682 -0.403267 -0.0360042 -0.410252 -0.013407 
4.363 0.19159 -0.108629 0.178691 -0.118123 0.166762 -0.126 0.154944 -0.133127 0.141372 -0.14016 0.128371 -0.146124 0.115331 -0.15114 
3.459 -0.372031 -0.190125 -0.388968 -0.165889 -0.403077 -0.143568 -0.415728 -0.121194 -0.428179 -0.0961373 -0.438501 -0.0716578 -0.4475 -0.0470236 
4.473 0.242268 -0.015491 0.235174 -0.0285322 0.228161 -0.0397092 0.220947 -0.0502399 0.212187 -0.0613793 0.203624 -0.0712974 0.194557 -0.0804028 
4.574 0.283358 -0.0798658 0.272092 -0.0949824 0.261359 -0.107888 0.250452 -0.120145 0.237582 -0.132304 0.225005 -0.143541 0.212088 -0.153522 
3.662 -0.27273 -0.199712 -0.290307 -0.181662 -0.305238 -0.164849 -0.318961 -0.147699 -0.332959 -0.12815 -0.34499 -0.109172 -0.355925 -0.0896163 
3.729 -0.223421 -0.219573 -0.242109 -0.204234 -0.258098 -0.189834 -0.272987 -0.174998 -0.288346 -0.15796 -0.301844 -0.141204 -0.31435 -0.123851 
1.3 -0.0789207 0.27762 -0.0704478 0.285762 -0.0626929 0.29274 -0.0546725 0.299176 -0.0457207 0.305531 -0.0367627 0.311066 -0.0277227 0.316247 
3.811 -0.174113 -0.262717 -0.195601 -0.250261 -0.214232 -0.238317 -0.231774 -0.225751 -0.250133 -0.211019 -0.266627 -0.196329 -0.28218 -0.180772 
1.82 -0.202876 0.198178 -0.197772 0.212526 -0.192639 0.225232 -0.186884 0.237376 -0.179949 0.25023 -0.172718 0.261969 -0.165083 0.273218 
4.184 0.0710588 -0.087399 0.0602688 -0.0900053 0.050541 -0.0918079 0.0410463 -0.0931435 0.0302834 -0.0940463 0.0205075 -0.0943161 0.0106653 -0.093982 
3.936 -0.0994658 -0.134653 -0.113151 -0.126997 -0.124976 -0.119499 -0.136146 -0.111687 -0.148065 -0.102477 -0.15881 -0.0932749 -0.169087 -0.0835203 
3.496 -0.328202 -0.112738 -0.340686 -0.0914413 -0.350954 -0.071911 -0.36002 -0.0523513 -0.368829 -0.0304166 -0.37582 -0.00957828 -0.381753 0.0115161 
3.639 -0.296014 -0.297644 -0.319218 -0.277997 -0.339037 -0.259381 -0.357485 -0.240151 -0.37647 -0.218224 -0.393129 -0.196736 -0.408506 -0.174616 
3.742 -0.219312 -0.331886 -0.244519 -0.31687 -0.26648 -0.302108 -0.287084 -0.286873 -0.308712 -0.268838 -0.327999 -0.250924 -0.346181 -0.232334 
3.777 -0.183016 -0.0791809 -0.193234 -0.0663761 -0.201855 -0.0545286 -0.209577 -0.0425625 -0.217386 -0.0290949 -0.223905 -0.0160639 -0.229783 -0.00277384 
0.869 -0.202876 0.31597 -0.193143 0.332844 -0.183671 0.347514 -0.173747 0.361515 -0.16218 0.375942 -0.150427 0.388891 -0.138322 0.401158 
1.332 -0.115217 0.276935 -0.106602 0.287198 -0.0985491 0.296089 -0.0904145 0.304238 -0.0810704 0.312522 -0.0715721 0.319898 -0.0622 0.326815 
0.706 -0.018655 0.481016 -0.00117544 0.487553 0.0147875 0.492761 0.0305735 0.497129 0.0480466 0.500787 0.0646901 0.503338 0.0811519 0.505156 
4.277 0.142967 -0.0606903 0.133172 -0.0676882 0.124082 -0.0732703 0.115138 -0.0783908 0.104875 -0.083439 0.0951282 -0.08769 0.0852111 -0.0911653 
4.422 0.223093 -0.011382 0.216075 -0.0231451 0.209202 -0.033234 0.202289 -0.0428223 0.193794 -0.0528255 0.185634 -0.0617565 0.176841 -0.0699135 
4.391 0.206657 -0.0120668 0.199541 -0.0229661 0.192635 -0.0322612 0.18565 -0.0411103 0.177229 -0.0501753 0.169 -0.0583351 0.16047 -0.0657411 
4.023 -0.0337214 -0.0894535 -0.0445895 -0.0859569 -0.0541672 -0.0823202 -0.0632269 -0.0783372 -0.0730047 -0.0734098 -0.0818496 -0.0682687 -0.0903623 -0.0625867 
1.215 0.0464046 0.263238 0.0535988 0.264061 0.0599584 0.264546 0.0664585 0.264718 0.07323 0.264434 0.0796525 0.263847 0.0858982 0.263081 
1.296 0.315546 0.301589 0.324757 0.285251 0.332423 0.270426 0.339135 0.255559 0.345225 0.238851 0.350289 0.223031 0.354368 0.207375 
1.33 -0.12412 0.261183 -0.116566 0.271723 -0.109302 0.280934 -0.101802 0.289537 -0.0930491 0.298366 -0.0843515 0.306185 -0.0755259 0.313603 
3.598 -0.311766 -0.160677 -0.326957 -0.140034 -0.339637 -0.121161 -0.351056 -0.102032 -0.36243 -0.0805531 -0.371869 -0.0598073 -0.38022 -0.038884 
3.48 -0.359019 -0.123695 -0.372363 -0.100575 -0.383177 -0.0792832 -0.392623 -0.057794 -0.401733 -0.0336461 -0.409003 -0.0106762 -0.414999 0.0124097 
4.406 0.21419 -0.137392 0.199873 -0.148131 0.186611 -0.157103 0.173357 -0.165214 0.158366 -0.173173 0.14399 -0.179908 0.129458 -0.185622 
3.182 0.460731 0.0673743 0.457022 0.0415347 0.45246 0.0189262 0.447156 -0.0030857 0.439799 -0.026674 0.431873 -0.0484829 0.422797 -0.0692544 
4.289 0.147761 -0.143556 0.132996 -0.150487 0.11952 -0.155785 0.106284 -0.160644 0.0914104 -0.164876 0.0772966 -0.168293 0.063216 -0.170622 
1.332 -0.109738 0.218039 -0.104565 0.227847 -0.0995475 0.236377 -0.0941681 0.244531 -0.0879724 0.25294 -0.0814558 0.260594 -0.0747388 0.267948 
4.281 0.1505 -0.087399 0.13946 -0.0949644 0.129181 -0.100951 0.119067 -0.106351 0.107537 -0.111471 0.09657 -0.115875 0.0855081 -0.11932 
4.164 0.0676346 0.0639501 0.0656183 0.0611282 0.0636048 0.0588297 0.0617327 0.0565978 0.0593083 0.0542617 0.0570845 0.052183 0.054824 0.0503845 
3.844 -0.147404 -0.324353 -0.17225 -0.313467 -0.19399 -0.302448 -0.214617 -0.290838 -0.236511 -0.276805 -0.256211 -0.262653 -0.27489 -0.247608 
4.234 0.10941 -0.0894535 0.0980312 -0.0941085 0.087795 -0.0976085 0.0774759 -0.100671 0.0660995 -0.103275 0.0552983 -0.105195 0.0446082 -0.106324 
4.109 0.0299685 0.00368443 0.0240045 0.00369007 0.0186501 0.00400657 0.0135652 0.00449236 0.00788227 0.00541504 0.00271882 0.00654717 -0.00243945 0.00803994 
3.945 -0.0974113 -0.0880838 -0.108346 -0.0805147 -0.117977 -0.0733195 -0.12676 -0.0658516 -0.136024 -0.0571531 -0.144294 -0.0485715 -0.151993 -0.0395528 
1.257 -0.0289275 0.281729 -0.0206468 0.286846 -0.01306 0.291187 -0.00535126 0.295062 0.00307691 0.298741 0.01131 0.301792 0.0195066 0.304463 
1.312 -0.0912478 0.271456 -0.0831241 0.280235 -0.0753788 0.28787 -0.0675306 0.294918 -0.0585678 0.302034 -0.0496559 0.308222 -0.0408745 0.313986 
1.402 0.136118 0.235844 0.1418 0.230812 0.146609 0.226331 0.151117 0.221533 0.155636 0.216048 0.159623 0.21066 0.163265 0.205384 
2.178 -0.440515 -0.199712 -0.458654 -0.171149 -0.473774 -0.144587 -0.487217 -0.118063 -0.500312 -0.0882058 -0.510959 -0.0595772 -0.5201 -0.0306696 
3.832 -0.159047 -0.286687 -0.181695 -0.274926 -0.20146 -0.26338 -0.220069 -0.251421 -0.239703 -0.237069 -0.257306 -0.222739 -0.274001 -0.207608 
4.074 0.00668402 -0.0593206 -0.00273096 -0.0579915 -0.0111033 -0.056344 -0.0190606 -0.0544907 -0.0278284 -0.0518678 -0.0358121 -0.0490495 -0.0435494 -0.045616 
3.625 -0.316559 -0.3764 -0.344362 -0.35568 -0.368339 -0.335954 -0.390706 -0.315677 -0.413979 -0.292134 -0.434529 -0.268898 -0.453668 -0.244837 
3.73 -0.230955 -0.346268 -0.257147 -0.330359 -0.2798 -0.31501 -0.301152 -0.298959 -0.323471 -0.280188 -0.343396 -0.261495 -0.362059 -0.241996 
4.422 0.214875 -0.0428845 0.205957 -0.053936 0.197465 -0.0632738 0.188937 -0.0721522 0.178889 -0.0812971 0.169065 -0.0893393 0.159008 -0.0969149 
4.473 0.242268 -0.150404 0.227157 -0.163032 0.213155 -0.173598 0.199167 -0.183322 0.183124 -0.192922 0.167754 -0.201203 0.152167 -0.208288 
4.371 0.197754 -0.144241 0.183098 -0.154118 0.16955 -0.162184 0.15613 -0.169416 0.140891 -0.176379 0.126365 -0.182275 0.111747 -0.187109 
1.332 -0.114532 0.231735 -0.108643 0.241817 -0.103046 0.250614 -0.0970917 0.258856 -0.0901258 0.267479 -0.0829726 0.275169 -0.0756693 0.282571 
1.271 -0.0289275 0.218039 -0.0241102 0.223174 -0.0196667 0.227665 -0.0150931 0.231766 -0.0101232 0.235924 -0.00520045 0.239501 -0.000265557 0.242993 
3.578 -0.339159 -0.176428 -0.355375 -0.154114 -0.368847 -0.133582 -0.380953 -0.113036 -0.392943 -0.0898842 -0.402965 -0.0676001 -0.411806 -0.044893 
4.102 0.0265443 -0.0524723 0.0175151 -0.0524265 0.0094609 -0.0519301 0.00169056 -0.0510421 -0.00680516 -0.0496638 -0.0146505 -0.047983 -0.0223008 -0.0456842 
3.393 0.385399 0.094083 0.383879 0.0725273 0.381372 0.0536936 0.378326 0.0353187 0.373468 0.015437 0.368097 -0.0028706 0.361879 -0.0203041 
3.082 0.478537 0.117367 0.477818 0.0902713 0.475844 0.0661667 0.472889 0.0429472 0.46801 0.0177785 0.46245 -0.00561338 0.45561 -0.028033 
4.066 0.00668402 -0.0106972 0.000311146 -0.00954025 -0.00526771 -0.00819331 -0.0106423 -0.00668319 -0.0164493 -0.00464214 -0.0217832 -0.00251882 -0.0269818 6.49526e-05 
0.989 -0.0597452 0.346103 -0.0477066 0.353366 -0.0366686 0.359564 -0.0254083 0.364942 -0.0131124 0.370133 -0.00112629 0.374391 0.0108357 0.378087 
4.348 0.183372 -0.0483632 0.174481 -0.0579054 0.166163 -0.06601 0.157902 -0.0735037 0.148119 -0.0811012 0.138661 -0.0877728 0.12905 -0.0936715 
4.293 0.154609 -0.0682235 0.14441 -0.0758336 0.134934 -0.082238 0.125505 -0.0880088 0.114723 -0.0935746 0.10444 -0.0984808 0.0940592 -0.102401 
1.024 0.10941 0.407739 0.124669 0.405004 0.138118 0.401882 0.151218 0.398243 0.164937 0.393244 0.17777 0.387895 0.19004 0.382175 
3.791 -0.176852 -0.095617 -0.187962 -0.0834038 -0.197477 -0.0717931 -0.20608 -0.0601621 -0.214871 -0.0468714 -0.222283 -0.0339204 -0.22907 -0.0207876 
3.123 0.529215 -0.0565813 0.517726 -0.0860622 0.506161 -0.111759 0.49389 -0.136208 0.478775 -0.161969 0.463476 -0.185427 0.44723 -0.207509 
1.601 -0.160416 0.254335 -0.152458 0.26714 -0.144654 0.277476 -0.136542 0.287775 -0.127123 0.297844 -0.117703 0.307211 -0.108039 0.316007 
3.109 0.444295 0.1701 0.446991 0.144944 0.448083 0.122519 0.448194 0.100644 0.446839 0.076777 0.44434 0.0545353 0.440665 0.0331085 
3.809 -0.167265 -0.119586 -0.179832 -0.107771 -0.1905 -0.0968493 -0.200386 -0.0854332 -0.210532 -0.0725388 -0.219355 -0.059907 -0.227473 -0.0469807 
3.588 -0.33368 -0.190809 -0.35078 -0.168621 -0.365063 -0.148153 -0.378009 -0.127442 -0.390902 -0.104052 -0.401692 -0.0814398 -0.411234 -0.0585211 
1.075 -0.000849199 0.366648 0.0121312 0.370296 0.0239017 0.373106 0.0355631 0.37529 0.048226 0.376862 0.0603249 0.377694 0.0721436 0.378111 
4.293 0.155979 0.0166963 0.150724 0.00876583 0.145576 0.00201355 0.140376 -0.00437341 0.13412 -0.0110161 0.12804 -0.016978 0.121605 -0.0223333 
4.461 0.238159 -0.102465 0.225577 -0.114836 0.213765 -0.125088 0.201914 -0.13457 0.188248 -0.144105 0.175022 -0.152588 0.161611 -0.160097 
1.329 -0.110423 0.257074 -0.102894 0.267108 -0.0961097 0.275734 -0.0887716 0.28386 -0.0804956 0.292188 -0.0722521 0.299512 -0.0637629 0.306522 
4.316 0.172415 0.022175 0.167391 0.0132782 0.162474 0.00554767 0.157453 -0.00163665 0.151354 -0.00930483 0.14522 -0.0161996 0.138902 -0.0223936 
2.174 -0.395316 -0.327092 -0.42115 -0.300917 -0.443064 -0.276466 -0.463334 -0.251392 -0.483931 -0.223044 -0.501658 -0.195466 -0.517797 -0.167051 
0.898 -0.118641 0.350212 -0.107144 0.36186 -0.0964261 0.371838 -0.0854547 0.381011 -0.0729903 0.390276 -0.0607942 0.398292 -0.0484834 0.405795 
1.424 0.236789 0.294056 0.245742 0.282657 0.253084 0.272132 0.260004 0.261496 0.266675 0.249587 0.272227 0.237937 0.277053 0.226446 
1.52 0.250486 0.25639 0.258307 0.243093 0.264552 0.231134 0.270313 0.21925 0.275556 0.205827 0.27992 0.192882 0.283617 0.180461 
1.355 -0.115217 0.187906 -0.111831 0.197989 -0.108486 0.207154 -0.104585 0.215761 -0.100032 0.224855 -0.0951727 0.233232 -0.0900603 0.241221 
1.398 0.139543 0.210505 0.143681 0.205534 0.147209 0.200849 0.150408 0.196265 0.153519 0.190878 0.156252 0.185686 0.158613 0.180637 
1.526 0.179263 0.176264 0.181646 0.168515 0.183304 0.161704 0.184848 0.154861 0.185786 0.147351 0.186429 0.140258 0.186571 0.133105 
2.189 -0.402164 -0.270935 -0.42422 -0.245274 -0.442846 -0.221191 -0.459851 -0.196662 -0.477053 -0.168666 -0.491687 -0.141607 -0.504826 -0.114313 
3.959 -0.0857691 -0.10315 -0.0975719 -0.0963242 -0.10786 -0.0896914 -0.117439 -0.0827269 -0.127782 -0.0745876 -0.136758 -0.0664314 -0.145275 -0.0577652 
3.084 0.497713 0.0639501 0.493673 0.0358781 0.488661 0.0114154 0.482865 -0.012393 0.474838 -0.0377456 0.466152 -0.0610588 0.456408 -0.0835086 
4.426 0.223778 -0.117532 0.210248 -0.128564 0.19764 -0.137621 0.18515 -0.146097 0.170804 -0.154422 0.157056 -0.161504 0.143179 -0.167626 
3.234 0.42238 0.121477 0.42229 0.0978721 0.421254 0.0767617 0.41916 0.0561554 0.415483 0.0341583 0.410789 0.013565 0.405269 -0.00619736 
4.008 -0.0385153 -0.0572661 -0.0475523 -0.0532032 -0.0555147 -0.0491359 -0.062987 -0.0447804 -0.0710282 -0.0395821 -0.0781835 -0.0342911 -0.0850268 -0.028612 
4.266 0.318285 0.0906588 0.317108 0.0729929 0.315308 0.0574355 0.312906 0.0422908 0.309051 0.0259792 0.304722 0.0107486 0.299539 -0.00368481 
3.621 -0.309026 -0.261348 -0.330046 -0.240923 -0.347891 -0.221914 -0.364461 -0.202384 -0.381398 -0.180186 -0.396037 -0.158467 -0.40946 -0.13623 
3.598 -0.324777 -0.215464 -0.343164 -0.194275 -0.35868 -0.174574 -0.372902 -0.154485 -0.387107 -0.132006 -0.399244 -0.110094 -0.410136 -0.087929 
3.357 0.437447 -0.00932749 0.429429 -0.0336593 0.421004 -0.0547338 0.411909 -0.0749899 0.400941 -0.096373 0.389433 -0.115872 0.377335 -0.134281 
3.287 0.329243 0.181057 0.333246 0.162404 0.335908 0.145721 0.337867 0.129305 0.338662 0.11138 0.338644 0.0945425 0.337493 0.0781591 
0.983 -0.073442 0.341309 -0.0613042 0.349532 -0.0504179 0.356278 -0.0389889 0.362384 -0.026639 0.368187 -0.0145366 0.373014 -0.00240722 0.377273 
4.367 0.19296 -0.0846596 0.181894 -0.0944312 0.171587 -0.102842 0.161325 -0.110608 0.14944 -0.118307 0.138094 -0.124987 0.12652 -0.130861 
1.424 0.123791 0.305013 0.133736 0.300404 0.142139 0.296269 0.150444 0.291326 0.158838 0.285834 0.166582 0.280067 0.173871 0.274185 
3.99 -0.0515272 -0.032612 -0.0589914 -0.0281642 -0.065434 -0.0237323 -0.0715195 -0.019209 -0.0779006 -0.0138487 -0.0834059 -0.00867989 -0.0887564 -0.00321173 
4.496 0.25391 -0.0613752 0.243925 -0.0746516 0.234445 -0.0863568 0.224825 -0.097116 0.213417 -0.108209 0.202303 -0.118137 0.190806 -0.127081 
2.162 -0.417915 -0.312026 -0.442925 -0.284459 -0.464056 -0.258834 -0.483489 -0.232769 -0.503087 -0.203325 -0.519845 -0.17468 -0.534967 -0.145292 
3.145 0.546336 -0.101096 0.532163 -0.131516 0.518083 -0.157672 0.503425 -0.182592 0.485773 -0.208777 0.468026 -0.232353 0.449318 -0.254592 
1.297 -0.0768662 0.23242 -0.0709982 0.240478 -0.0656784 0.24741 -0.0598515 0.253951 -0.0532851 0.260681 -0.0466492 0.266549 -0.0400147 0.272224 
1.31 -0.0850842 0.257759 -0.0779933 0.266167 -0.0715093 0.273347 -0.0645221 0.280144 -0.0567154 0.287064 -0.0488972 0.293111 -0.0410547 0.29884 
1.268 -0.0446788 0.276935 -0.0364515 0.282882 -0.0288273 0.288041 -0.0211527 0.292631 -0.0126519 0.297106 -0.00453806 0.300853 0.00360145 0.304274 
3.566 -0.343953 -0.161361 -0.359162 -0.138887 -0.37175 -0.118401 -0.382993 -0.0978143 -0.39401 -0.0745064 -0.403125 -0.0521599 -0.411092 -0.029454 
3.791 -0.179592 -0.199028 -0.197072 -0.186163 -0.212103 -0.173842 -0.226147 -0.161161 -0.240726 -0.146525 -0.253582 -0.132011 -0.265545 -0.116876 
4.582 0.287467 -0.103835 0.274853 -0.119277 0.262912 -0.132375 0.250768 -0.144641 0.236605 -0.157262 0.222833 -0.16835 0.208651 -0.178252 
1.939 -0.181646 0.172839 -0.178383 0.186119 -0.174808 0.197836 -0.170784 0.209182 -0.165496 0.221066 -0.159941 0.232012 -0.153843 0.242607 
1.285 -0.043994 0.208451 -0.0397779 0.214457 -0.0358345 0.219677 -0.03113 0.224617 -0.0263855 0.22961 -0.0213684 0.234127 -0.0163105 0.238397 
3.961 -0.0837146 -0.128489 -0.0971318 -0.121823 -0.108832 -0.115179 -0.119916 -0.108213 -0.131518 -0.0999089 -0.142104 -0.0915603 -0.152034 -0.0826259 
1.349 0.116258 0.243378 0.122175 0.239576 0.127288 0.235999 0.132243 0.232129 0.137131 0.227767 0.14165 0.22329 0.145685 0.218967 
1.589 0.163512 0.31871 0.174241 0.311799 0.183517 0.305341 0.192316 0.298663 0.201307 0.290709 0.209438 0.282565 0.21694 0.274405 
4.215 0.0963978 -0.0942474 0.0849621 -0.0982214 0.0743325 -0.101212 0.0639969 -0.103634 0.0520855 -0.105688 0.0411137 -0.107023 0.0302417 -0.107591 
1.247 0.0833858 0.267347 0.0909942 0.265806 0.0973733 0.264266 0.103839 0.262405 0.11021 0.259994 0.116322 0.257257 0.122058 0.254506 
4.18 0.0703739 -0.221627 0.0512965 -0.223707 0.0341672 -0.22464 0.0175216 -0.224761 -0.000622355 -0.223806 -0.0176323 -0.222161 -0.0342881 -0.219499 
4.332 0.182687 0.035187 0.178432 0.0259462 0.174206 0.0179423 0.169833 0.0103957 0.164442 0.00242502 0.159095 -0.00486706 0.153497 -0.0114771 
3.379 0.405944 0.0488837 0.401586 0.026355 0.396596 0.00656778 0.391066 -0.0124167 0.383619 -0.0328466 0.375672 -0.0514856 0.366915 -0.0693593 
3.689 -0.259033 -0.342159 -0.284916 -0.324627 -0.307265 -0.307762 -0.328198 -0.290435 -0.349983 -0.270254 -0.369406 -0.250156 -0.387537 -0.229385 
1.927 -0.14535 0.196809 -0.14061 0.208043 -0.136015 0.217849 -0.13096 0.227239 -0.125037 0.237096 -0.118899 0.246023 -0.112484 0.254763 
3.736 -0.224791 -0.313395 -0.248903 -0.29803 -0.269797 -0.283171 -0.289382 -0.267852 -0.309902 -0.249754 -0.328138 -0.231907 -0.345284 -0.21329 
3.898 -0.118641 -0.27162 -0.140164 -0.262592 -0.159127 -0.25359 -0.177179 -0.244061 -0.196347 -0.232576 -0.213684 -0.22084 -0.230206 -0.208269 
2.18 -0.409012 -0.283947 -0.432203 -0.257202 -0.451778 -0.232297 -0.46971 -0.207002 -0.487802 -0.178385 -0.503176 -0.150811 -0.517079 -0.12261 
1.332 -0.106314 0.202287 -0.102258 0.212236 -0.0983588 0.220718 -0.0939175 0.228922 -0.088688 0.237598 -0.0832619 0.245311 -0.0775682 0.252807 
1.646 0.208026 0.204342 0.212234 0.194886 0.21543 0.186391 0.218414 0.177736 0.220737 0.168031 0.222515 0.158755 0.223664 0.149562 
3.652 -0.261088 -0.133283 -0.274578 -0.115826 -0.2859 -0.0997358 -0.296108 -0.0834582 -0.306361 -0.0650559 -0.314923 -0.0473427 -0.322566 -0.0293026 
1.193 -0.236433 0.244062 -0.229273 0.261302 -0.222144 0.276468 -0.214202 0.290899 -0.204759 0.305797 -0.19513 0.319487 -0.184929 0.332552 
3.41 0.442241 -0.0784961 0.430325 -0.102936 0.418608 -0.12388 0.406181 -0.143833 0.391303 -0.164703 0.376585 -0.183502 0.360815 -0.201072 
3.205 0.571675 -0.248336 0.548805 -0.279311 0.527136 -0.305867 0.504889 -0.33087 0.478878 -0.356636 0.453475 -0.37967 0.427258 -0.400675 
4.43 0.223093 -0.0839748 0.212026 -0.095664 0.201579 -0.105471 0.191084 -0.114604 0.178977 -0.123869 0.167218 -0.131905 0.15519 -0.138909 
3.668 -0.293275 -0.399 -0.322407 -0.379676 -0.347585 -0.36105 -0.37128 -0.341723 -0.395986 -0.31915 -0.417983 -0.296712 -0.438551 -0.27333 
1.781 -0.221367 0.207081 -0.215796 0.22291 -0.210359 0.236918 -0.204195 0.250147 -0.19691 0.264309 -0.189245 0.27726 -0.181019 0.28964 
3.211 0.54976 -0.190809 0.53079 -0.221473 0.512504 -0.247513 0.493443 -0.272206 0.470913 -0.297556 0.448677 -0.32031 0.425513 -0.341294 
0.864 -0.0604301 0.383769 -0.0473051 0.391965 -0.0352503 0.398838 -0.0228809 0.405092 -0.00907411 0.411006 0.00436303 0.415889 0.0174797 0.420069 
3.285 0.455938 0.00231475 0.44852 -0.0230793 0.440677 -0.0451505 0.432493 -0.066624 0.421933 -0.0891458 0.410388 -0.10947 0.398362 -0.129089 
3.885 0.160772 0.108465 0.160713 0.100426 0.160352 0.0932585 0.159611 0.0864185 0.158328 0.0788778 0.156884 0.0717591 0.154945 0.0650502 
1.406 -0.111108 0.155718 -0.109745 0.165636 -0.108115 0.174533 -0.105952 0.183134 -0.103226 0.192256 -0.100127 0.200701 -0.0967626 0.209014 
