4.035 -0.178222 -0.0387755 -0.118502 -0.0389444 -0.0646349 -0.0382856 -0.0122925 -0.0384922 0.0415684 -0.0396209 0.0952016 -0.0402135 0.149276 -0.041154 
4.23 -0.118641 -0.299699 -0.0600995 -0.298538 -0.0065499 -0.297315 0.0459894 -0.297927 0.100438 -0.30029 0.155076 -0.302852 0.210452 -0.306492 
1.011 -0.272045 0.31597 -0.309514 0.395802 -0.249237 0.388572 -0.19217 0.382074 -0.134565 0.375992 -0.078884 0.371968 -0.0243774 0.368976 
4.152 -0.169319 -0.306547 -0.110006 -0.304299 -0.0560384 -0.302087 -0.00344606 -0.301672 0.050698 -0.303071 0.104686 -0.304691 0.1591 -0.307469 
4.066 -0.177537 -0.0990412 -0.117836 -0.0985117 -0.063958 -0.0974165 -0.0115967 -0.0974508 0.0422541 -0.098645 0.0958906 -0.0995315 0.149992 -0.10095 
1.468 -0.224106 0.187906 -0.162512 0.18441 -0.107282 0.182893 -0.0540125 0.181286 0.00054309 0.179552 0.0542669 0.179233 0.108057 0.179241 
4.25 -0.107684 -0.31545 -0.0492264 -0.314498 0.00433958 -0.313516 0.0569188 -0.314355 0.111434 -0.317069 0.166206 -0.320017 0.221719 -0.324111 
4.184 -0.146035 -0.309286 -0.0870493 -0.307526 -0.0332929 -0.305776 0.0192292 -0.305915 0.0734803 -0.307782 0.127698 -0.309947 0.182452 -0.313187 
4.051 -0.200137 -0.14698 -0.140031 -0.145686 -0.0857287 -0.144006 -0.0332439 -0.143654 0.0206291 -0.144503 0.0741757 -0.145284 0.128084 -0.146763 
4.145 -0.172743 -0.325723 -0.113331 -0.323271 -0.0592969 -0.320912 -0.00665063 -0.320441 0.0474941 -0.321812 0.101465 -0.323479 0.155856 -0.326305 
4.344 -0.0063279 -0.157937 0.0514134 -0.159022 0.105075 -0.159601 0.158565 -0.161506 0.21494 -0.164813 0.27218 -0.167836 0.33094 -0.171498 
4.184 -0.148089 -0.294905 -0.0891381 -0.293191 -0.035362 -0.291471 0.0171494 -0.29154 0.0713809 -0.293309 0.125586 -0.295328 0.180369 -0.298416 
4.129 -0.115902 -0.036721 -0.0574585 -0.0372538 -0.00421658 -0.0368453 0.047964 -0.0373581 0.102215 -0.0387362 0.156758 -0.0395858 0.2122 -0.0407485 
4.207 -0.130968 -0.342159 -0.0722187 -0.340558 -0.0185239 -0.33904 0.0339872 -0.339424 0.0883487 -0.341744 0.142763 -0.344353 0.197834 -0.348163 
4.211 -0.131653 -0.306547 -0.0729419 -0.305104 -0.0192825 -0.30363 0.033206 -0.303978 0.0875851 -0.306154 0.14196 -0.308526 0.197063 -0.312014 
1.354 0.188851 0.166676 0.250145 0.167484 0.308075 0.169738 0.366909 0.171805 0.429918 0.17335 0.495205 0.176193 0.562908 0.179885 
4.199 -0.136447 -0.321613 -0.0776606 -0.319937 -0.023943 -0.318336 0.0285686 -0.318569 0.0829018 -0.320687 0.137267 -0.32305 0.192286 -0.326552 
4.246 -0.111108 -0.362704 -0.0525569 -0.361514 0.0010025 -0.36035 0.0536553 -0.361205 0.108123 -0.363986 0.162824 -0.367219 0.218261 -0.371605 
4.262 -0.0974113 -0.289426 -0.0390397 -0.288722 0.0144562 -0.287938 0.0670274 -0.288905 0.121671 -0.291642 0.176594 -0.294555 0.232364 -0.298523 
4.125 -0.184386 -0.300384 -0.124783 -0.297895 -0.0706346 -0.295435 -0.0179831 -0.294827 0.0361343 -0.295913 0.0900012 -0.297241 0.14423 -0.29969 
4.25 -0.104945 -0.334625 -0.0464898 -0.333609 0.00700763 -0.332621 0.0596325 -0.333525 0.114211 -0.336311 0.169035 -0.339414 0.224699 -0.343753 
4.211 -0.133708 -0.361334 -0.074934 -0.359511 -0.0212296 -0.357862 0.0313385 -0.35816 0.0856584 -0.360402 0.140075 -0.363029 0.195127 -0.36693 
4.176 -0.151513 -0.348322 -0.0924808 -0.346205 -0.0386669 -0.344174 0.0138876 -0.344095 0.0681189 -0.345876 0.122318 -0.34804 0.17707 -0.351344 
0.91 -0.352171 0.350212 -0.285473 0.34172 -0.226424 0.336154 -0.170195 0.331064 -0.113329 0.326278 -0.0583326 0.323285 -0.00424672 0.321102 
4.156 -0.139186 -0.16684 -0.0803854 -0.166082 -0.0268426 -0.165005 0.025422 -0.165304 0.079525 -0.167016 0.133768 -0.168583 0.188701 -0.170903 
4 -0.2289 -0.141501 -0.168043 -0.139965 -0.113265 -0.138039 -0.0603446 -0.137416 -0.00641125 -0.137977 0.0469896 -0.138383 0.100509 -0.139512 
0.863 -0.0843994 0.378291 -0.0248639 0.374556 0.0293594 0.373392 0.0827092 0.372705 0.138112 0.372328 0.193518 0.373916 0.249621 0.376431 
4.184 -0.111793 -0.143556 -0.0532997 -0.143357 4.3966e-05 -0.142651 0.052246 -0.14333 0.106494 -0.145241 0.161227 -0.147 0.21698 -0.14939 
4.234 -0.117956 -0.327777 -0.0594098 -0.326524 -0.00582372 -0.32526 0.0467431 -0.325898 0.101218 -0.328356 0.155864 -0.331108 0.211248 -0.335006 
4.129 -0.183016 -0.31545 -0.123419 -0.3129 -0.0692899 -0.310409 -0.0166157 -0.30979 0.0375073 -0.310905 0.0914087 -0.312305 0.145618 -0.314842 
3.309 -0.299438 0.152979 -0.235494 0.14952 -0.178485 0.147868 -0.123961 0.146064 -0.0688211 0.143921 -0.015008 0.143051 0.0383133 0.142486 
4.129 -0.185755 -0.33531 -0.126102 -0.332504 -0.0719385 -0.329871 -0.019238 -0.329092 0.0348995 -0.330172 0.0887864 -0.331545 0.143 -0.334126 
4.168 -0.156992 -0.323668 -0.0978232 -0.321591 -0.0439227 -0.319607 0.00859871 -0.319485 0.0628009 -0.321135 0.116907 -0.323137 0.171538 -0.326255 
4.18 -0.150829 -0.38051 -0.0917902 -0.378181 -0.03796 -0.376045 0.0146215 -0.375981 0.0688646 -0.377881 0.123035 -0.380214 0.177818 -0.383855 
4.094 -0.159732 -0.0969867 -0.100594 -0.096667 -0.04699 -0.0957025 0.00520687 -0.0958423 0.0591711 -0.0971067 0.113005 -0.0980777 0.167499 -0.0995315 
4.152 -0.167265 -0.348322 -0.107961 -0.34583 -0.0539958 -0.343491 -0.0013928 -0.3431 0.0527877 -0.344573 0.106837 -0.346397 0.161292 -0.349385 
4.152 -0.167265 -0.365443 -0.107986 -0.362833 -0.053984 -0.360377 -0.00137202 -0.359981 0.0528117 -0.361494 0.106859 -0.363327 0.161322 -0.366458 
4.266 -0.100836 -0.374346 -0.0423896 -0.373227 0.0111476 -0.372151 0.0637643 -0.373176 0.118358 -0.376133 0.173215 -0.379546 0.228905 -0.384224 
4.281 -0.0542665 -0.163416 0.00354879 -0.163885 0.056847 -0.163886 0.109719 -0.165259 0.164981 -0.168063 0.220948 -0.170638 0.278049 -0.173851 
4.203 -0.0645391 -0.032612 -0.00678234 -0.0333174 0.0464127 -0.0331471 0.0989938 -0.03379 0.154155 -0.03544 0.210035 -0.0364747 0.26711 -0.0378422 
1.074 -0.332311 0.303643 -0.266637 0.296782 -0.208324 0.29254 -0.152703 0.288587 -0.0963852 0.284746 -0.0417322 0.282547 0.0121389 0.28114 
4.227 -0.0802904 -0.142186 -0.0222223 -0.142375 0.0310477 -0.142061 0.0835086 -0.143098 0.138314 -0.145417 0.193565 -0.14749 0.249925 -0.150175 
0.86 -0.0255034 0.391303 0.0334772 0.388837 0.0878299 0.388889 0.141468 0.389486 0.197681 0.390286 0.254225 0.393233 0.311848 0.397124 
4.102 -0.129599 -0.0360362 -0.0710783 -0.0364121 -0.0177998 -0.035992 0.0343921 -0.0363675 0.0886278 -0.0376825 0.143024 -0.038432 0.198272 -0.0394741 
4.215 -0.132338 -0.3764 -0.0735689 -0.374592 -0.01983 -0.372894 0.0327089 -0.373259 0.0870734 -0.375624 0.141464 -0.378356 0.196513 -0.382423 
0.936 -0.287111 0.346103 -0.222822 0.338947 -0.165484 0.334597 -0.110504 0.330669 -0.0546249 0.326967 -0.000117797 0.325133 0.0538755 0.324106 
4.129 -0.14672 -0.138762 -0.087807 -0.138158 -0.03428 -0.137065 0.0179199 -0.137275 0.0719661 -0.138766 0.126034 -0.140123 0.180868 -0.142114 
4.25 -0.113847 -0.388728 -0.0552607 -0.387357 -0.00166867 -0.3861 0.0509623 -0.386921 0.10542 -0.389789 0.160076 -0.393075 0.215428 -0.397681 
0.818 -0.504205 0.370073 -0.43046 0.358803 -0.365662 0.350736 -0.304822 0.343192 -0.244062 0.336173 -0.186142 0.330919 -0.130029 0.326516 
4.09 -0.178222 -0.16684 -0.118587 -0.165595 -0.0647983 -0.164014 -0.0124127 -0.163857 0.0415024 -0.165036 0.0952457 -0.166108 0.149547 -0.167965 
4.09 -0.172743 -0.143556 -0.113107 -0.142577 -0.0593869 -0.1412 -0.00706536 -0.141148 0.0469083 -0.142405 0.100686 -0.14345 0.154918 -0.145212 
4.254 -0.0994658 -0.303808 -0.0410826 -0.302977 0.0123641 -0.302123 0.0649838 -0.303034 0.119609 -0.305791 0.174505 -0.308784 0.230276 -0.31287 
3.992 -0.243282 -0.173004 -0.181939 -0.170879 -0.126832 -0.168496 -0.0736749 -0.167532 -0.0195273 -0.167812 0.0338651 -0.168064 0.0873076 -0.169179 
1.379 0.000520477 0.239269 0.0589896 0.238151 0.113088 0.238985 0.166952 0.239867 0.223656 0.240727 0.281077 0.243022 0.339861 0.245857 
4.18 -0.152198 -0.365443 -0.0931591 -0.363145 -0.0393387 -0.361046 0.0132167 -0.360948 0.0674644 -0.362746 0.121655 -0.364958 0.176423 -0.368417 
4.16 -0.162471 -0.29422 -0.103211 -0.292264 -0.0493278 -0.290291 0.00323065 -0.290079 0.0573826 -0.291612 0.111429 -0.293346 0.165897 -0.29617 
1.892 0.118997 0.15024 0.178641 0.150441 0.234799 0.152161 0.2914 0.153564 0.351784 0.154566 0.413764 0.156971 0.478122 0.159671 
3.449 0.0820162 0.0680592 0.140695 0.0673895 0.195855 0.0679936 0.251373 0.0681611 0.310359 0.0675351 0.37055 0.0679018 0.432854 0.0684605 
4.105 -0.200137 -0.299699 -0.140148 -0.296987 -0.0858038 -0.294329 -0.0330376 -0.293494 0.02106 -0.294343 0.0748332 -0.295457 0.128862 -0.297662 
4.129 -0.180962 -0.363389 -0.121352 -0.360488 -0.0671911 -0.357828 -0.0144947 -0.357207 0.039634 -0.358447 0.0935672 -0.360066 0.147817 -0.362936 
4.422 0.13064 -0.0805506 -0.000263258 0.016416 0.0530192 0.0166474 0.105422 0.0162037 0.160842 0.0149267 0.216865 0.0145087 0.273926 0.0138781 
4.215 -0.130968 -0.391467 -0.0721829 -0.389549 -0.0184622 -0.387884 0.034094 -0.388316 0.0884747 -0.390751 0.142863 -0.393596 0.197943 -0.397836 
4.105 -0.198082 -0.314765 -0.138116 -0.311924 -0.0837837 -0.309227 -0.0310165 -0.308334 0.0230933 -0.309258 0.0769155 -0.310437 0.130923 -0.312774 
4.156 -0.165895 -0.384619 -0.106588 -0.381916 -0.0525889 -0.379494 3.31401e-05 -0.379093 0.05421 -0.38069 0.10828 -0.382667 0.162763 -0.386056 
4.262 -0.098781 -0.355171 -0.0403569 -0.354151 0.0131722 -0.353188 0.0658245 -0.354185 0.120403 -0.357126 0.175285 -0.36043 0.230989 -0.364973 
4.207 -0.130968 -0.290796 -0.0722982 -0.289482 -0.0186575 -0.288084 0.0338399 -0.288458 0.0881765 -0.29061 0.142598 -0.292937 0.1977 -0.296327 
4.125 -0.159047 -0.167525 -0.0998528 -0.166507 -0.0462605 -0.165162 0.00610915 -0.16522 0.0601846 -0.166633 0.114108 -0.167952 0.168665 -0.170044 
3.48 0.10941 0.0680592 0.168687 0.0676996 0.224433 0.0681752 0.28074 0.0683899 0.340688 0.0679044 0.402072 0.0682777 0.465755 0.0690048 
4.109 -0.198082 -0.348322 -0.138082 -0.345165 -0.0837633 -0.342225 -0.0309075 -0.34127 0.0231977 -0.342136 0.0770391 -0.343371 0.13103 -0.34587 
4.16 -0.168634 -0.40037 -0.109294 -0.397477 -0.0552908 -0.394859 -0.00264472 -0.394395 0.0515073 -0.395888 0.105572 -0.397832 0.159993 -0.401149 
4.32 -0.0309821 -0.162731 0.0267071 -0.163607 0.0801698 -0.163842 0.133223 -0.165514 0.189165 -0.168615 0.24562 -0.171435 0.30351 -0.174928 
4.184 -0.151513 -0.398315 -0.0924796 -0.395858 -0.0386452 -0.393667 0.0139305 -0.393535 0.0681548 -0.395463 0.122351 -0.397816 0.177089 -0.401544 
0.802 -0.31519 0.396781 -0.249615 0.387683 -0.191162 0.381802 -0.135454 0.376547 -0.079027 0.371727 -0.0243342 0.368914 0.0301006 0.366889 
4.266 -0.100151 -0.389412 -0.0417164 -0.38826 0.0118562 -0.387209 0.0644941 -0.38823 0.11906 -0.3913 0.173905 -0.394773 0.229599 -0.399627 
4.133 -0.180962 -0.38051 -0.121329 -0.377442 -0.0671621 -0.374665 -0.0144223 -0.37398 0.0396996 -0.375235 0.0936357 -0.376855 0.147879 -0.379909 
1.175 -0.322723 0.278989 -0.25789 0.272999 -0.200319 0.269499 -0.145094 0.266041 -0.0891508 0.262703 -0.0347402 0.260964 0.0189735 0.259895 
1.452 -0.2515 0.285153 -0.188986 0.279953 -0.13297 0.277073 -0.0791007 0.274358 -0.0239937 0.271724 0.0299783 0.27079 0.0837949 0.270499 
0.853 -0.069333 0.383085 -0.00991908 0.379566 0.0443789 0.378608 0.0977571 0.378184 0.153453 0.378071 0.209122 0.379989 0.26561 0.382788 
1.713 0.0135324 0.0701137 0.0714319 0.0694853 0.125148 0.0698604 0.179005 0.0698094 0.235817 0.0691803 0.293606 0.0695686 0.352849 0.0698203 
4.148 -0.133023 -0.144925 -0.0743127 -0.144443 -0.0208844 -0.143528 0.0313514 -0.143919 0.0854974 -0.145576 0.139794 -0.147144 0.194785 -0.149297 
1.393 0.00736885 0.226942 0.0658086 0.225877 0.11997 0.226806 0.173901 0.22771 0.230717 0.22845 0.288308 0.23071 0.347272 0.233404 
4.234 -0.116587 -0.342843 -0.0580222 -0.341547 -0.00445371 -0.340299 0.0481279 -0.340954 0.102614 -0.343511 0.157237 -0.346394 0.212611 -0.350483 
1.646 0.132694 0.169415 0.192583 0.169742 0.249161 0.17167 0.306083 0.173231 0.366913 0.174546 0.429435 0.17722 0.494358 0.180346 
1.729 -0.316559 0.224202 -0.251944 0.219509 -0.194503 0.216905 -0.139605 0.214301 -0.0839531 0.211619 -0.0298446 0.210445 0.0236507 0.209761 
4.113 -0.199452 -0.40037 -0.139457 -0.396674 -0.0850614 -0.393376 -0.0321861 -0.39222 0.0219325 -0.393043 0.0757796 -0.394354 0.129818 -0.396999 
4.227 -0.0720723 -0.105205 -0.0142899 -0.105504 0.0389292 -0.105372 0.0914803 -0.106271 0.146554 -0.108322 0.202178 -0.110231 0.259062 -0.112455 
4.109 -0.200137 -0.367498 -0.140158 -0.364154 -0.0857977 -0.361073 -0.0329089 -0.360061 0.0211508 -0.360879 0.075018 -0.362149 0.129023 -0.364654 
4.133 -0.183701 -0.40037 -0.124063 -0.39711 -0.0698488 -0.394142 -0.0171285 -0.393331 0.0369998 -0.394518 0.0909326 -0.396138 0.145158 -0.399114 
4.203 -0.0980962 -0.142186 -0.0398944 -0.142203 0.0132628 -0.141663 0.0656512 -0.14248 0.120189 -0.144573 0.175173 -0.146495 0.231072 -0.148998 
0.831 -0.300808 0.394042 -0.235933 0.385463 -0.178168 0.379793 -0.123012 0.374825 -0.0669361 0.370245 -0.0123477 0.367607 0.041761 0.366005 
4.211 -0.0665936 -0.0586358 -0.00887092 -0.0592954 0.0443016 -0.0590912 0.0968621 -0.0598777 0.152004 -0.0616674 0.207773 -0.0630005 0.264773 -0.0646724 
4.242 -0.0830297 -0.170264 -0.0248721 -0.170245 0.0282999 -0.169913 0.0808233 -0.170929 0.135605 -0.1734 0.190897 -0.17571 0.247084 -0.178729 
1.296 0.206657 0.180373 0.268344 0.181448 0.326781 0.183998 0.386154 0.186341 0.449995 0.188425 0.516038 0.191899 0.58449 0.195833 
3.967 -0.262457 -0.174373 -0.200677 -0.172082 -0.145128 -0.169476 -0.0917838 -0.168304 -0.0374467 -0.168361 0.0159633 -0.168432 0.0692453 -0.169292 
0.844 -0.491878 0.35843 -0.418668 0.347613 -0.354371 0.339866 -0.293968 0.332736 -0.23355 0.325996 -0.175981 0.321003 -0.120127 0.3169 
1.378 0.00325983 0.255705 0.0617649 0.254615 0.115983 0.255584 0.169907 0.256627 0.226742 0.257545 0.284232 0.260103 0.343133 0.263283 
1.659 0.0847555 0.123531 0.143562 0.123155 0.19884 0.124296 0.254423 0.125092 0.313485 0.12532 0.373878 0.126773 0.436305 0.128594 
4.105 -0.151513 -0.109999 -0.0925803 -0.109647 -0.0390006 -0.108684 0.0131633 -0.108883 0.0671844 -0.110232 0.121205 -0.111375 0.17586 -0.113024 
0.964 -0.366553 0.333776 -0.299197 0.325565 -0.239598 0.320267 -0.183039 0.315269 -0.125882 0.310559 -0.0706022 0.307656 -0.0163347 0.305499 
1.182 -0.302178 0.267347 -0.238115 0.261918 -0.180928 0.258619 -0.126209 0.255564 -0.070474 0.252493 -0.0162256 0.251046 0.0374392 0.250336 
3.979 -0.2289 -0.0867141 -0.167885 -0.0859257 -0.113039 -0.0845467 -0.0602274 -0.0843109 -0.00629835 -0.0850557 0.0469701 -0.0854857 0.100468 -0.0863916 
4.109 -0.199452 -0.383249 -0.139464 -0.3797 -0.0850552 -0.376515 -0.0321825 -0.375422 0.0219369 -0.376233 0.0757658 -0.377539 0.129805 -0.380159 
4.066 -0.187125 -0.142186 -0.127194 -0.141053 -0.073143 -0.139529 -0.0207589 -0.139304 0.0331516 -0.14038 0.086799 -0.141288 0.140709 -0.142861 
4.246 -0.0665936 -0.135338 -0.00870197 -0.135685 0.0444949 -0.135536 0.0970808 -0.136575 0.152097 -0.139029 0.20777 -0.141179 0.264496 -0.143919 
2.828 0.114888 0.123531 0.174322 0.123541 0.23031 0.125039 0.28666 0.126071 0.346695 0.126655 0.40834 0.128371 0.472176 0.130466 
4.109 -0.157677 -0.12712 -0.0986344 -0.126455 -0.0449646 -0.125335 0.00728024 -0.125423 0.0612434 -0.126781 0.115204 -0.127949 0.169765 -0.129689 
1.666 0.0813313 0.105725 0.140082 0.105318 0.195276 0.106117 0.250881 0.106814 0.309874 0.106796 0.370172 0.107888 0.432501 0.109076 
0.83 -0.428873 0.362539 -0.35858 0.352428 -0.296969 0.345456 -0.238555 0.339031 -0.179995 0.332956 -0.123732 0.328783 -0.0688891 0.325372 
0.912 -0.406273 0.339255 -0.337111 0.330291 -0.276295 0.32435 -0.218664 0.318863 -0.160734 0.313576 -0.104772 0.310025 -0.0502778 0.307289 
0.854 -0.409697 0.353636 -0.340414 0.344137 -0.279418 0.337682 -0.221673 0.331774 -0.163599 0.326188 -0.107712 0.322394 -0.0530297 0.319424 
4.137 -0.129599 -0.107259 -0.0710527 -0.107018 -0.0177465 -0.106289 0.0344651 -0.10662 0.0886701 -0.108168 0.14311 -0.109472 0.198369 -0.11133 
3.928 -0.279578 -0.16958 -0.217187 -0.167145 -0.161229 -0.164408 -0.107513 -0.163086 -0.0530667 -0.163011 0.000413513 -0.162949 0.0536277 -0.163647 
0.959 -0.324777 0.337885 -0.259256 0.330345 -0.201042 0.325505 -0.145498 0.321205 -0.0892028 0.317109 -0.0345027 0.314748 0.0193946 0.313232 
1.298 0.223778 0.174894 0.285895 0.176001 0.345018 0.178602 0.405233 0.18104 0.469996 0.183239 0.537092 0.186816 0.606575 0.190784 
0.818 -0.452842 0.369388 -0.381542 0.358812 -0.318873 0.351351 -0.259745 0.34452 -0.20057 0.338064 -0.143707 0.33344 -0.088519 0.329674 
0.806 -0.480236 0.374866 -0.407518 0.363719 -0.343737 0.355801 -0.283668 0.348426 -0.223752 0.341465 -0.166362 0.336358 -0.110725 0.332204 
4.223 -0.103575 -0.183961 -0.0452521 -0.183681 0.00807898 -0.183005 0.0604345 -0.183797 0.114968 -0.186093 0.16981 -0.188211 0.225491 -0.19102 
1.628 -0.264512 0.17147 -0.201585 0.168051 -0.145248 0.166478 -0.091438 0.16467 -0.0363485 0.162885 0.0174316 0.16228 0.0710094 0.162024 
4.219 -0.122065 -0.260663 -0.06341 -0.259658 -0.00984146 -0.258543 0.0426614 -0.259129 0.0970727 -0.261482 0.151664 -0.263858 0.2069 -0.2673 
2.475 -0.285057 0.163252 -0.221737 0.159689 -0.165239 0.157981 -0.111037 0.156184 -0.0560186 0.154119 -0.00223936 0.153373 0.0511086 0.152888 
3.971 -0.226161 -0.0476784 -0.164984 -0.0474687 -0.11026 -0.0465403 -0.0576541 -0.0464886 -0.00374454 -0.0473192 0.0494695 -0.0476764 0.103066 -0.0484635 
1.464 -0.259718 0.268717 -0.196978 0.263509 -0.140781 0.260607 -0.0866253 0.258068 -0.0314233 0.255526 0.0225863 0.254537 0.0763923 0.254345 
4.277 -0.0398849 -0.118902 0.0179902 -0.119679 0.0712297 -0.119814 0.124122 -0.12112 0.179737 -0.123713 0.236222 -0.125969 0.293707 -0.128725 
4.137 -0.117272 -0.0593206 -0.058787 -0.0596201 -0.00552389 -0.0591091 0.046632 -0.0596677 0.100866 -0.0611487 0.155372 -0.0621943 0.210742 -0.0637043 
1.773 0.0655801 0.0735379 0.124023 0.0728332 0.178684 0.0733921 0.233654 0.0735595 0.291954 0.0729417 0.351439 0.0733449 0.412716 0.0739312 
4.102 -0.201507 -0.332571 -0.141539 -0.329489 -0.0872017 -0.326657 -0.0343826 -0.325667 0.0197291 -0.326552 0.0735568 -0.327704 0.127557 -0.330081 
1.361 -0.0111218 0.261868 0.0473548 0.260582 0.101598 0.261259 0.155322 0.262105 0.211834 0.262904 0.26892 0.26535 0.327374 0.268339 
3.938 -0.279578 -0.183276 -0.217173 -0.180583 -0.16121 -0.177682 -0.107519 -0.176204 -0.053009 -0.176077 0.000525994 -0.175976 0.0537322 -0.176707 
0.874 -0.435721 0.347473 -0.36522 0.337713 -0.303206 0.331067 -0.244499 0.324829 -0.185725 0.319054 -0.129293 0.314954 -0.0743555 0.311645 
1.743 0.103931 0.0927133 0.163006 0.0922635 0.218659 0.0931789 0.274793 0.0937487 0.334502 0.0936378 0.395698 0.0945149 0.458937 0.0956978 
4.074 -0.157677 -0.0689084 -0.0986217 -0.0688889 -0.0450557 -0.0680943 0.00718527 -0.0682959 0.0612337 -0.0695166 0.115172 -0.0703349 0.169885 -0.071515 
1.143 -0.344638 0.284468 -0.278962 0.278033 -0.220586 0.274182 -0.165117 0.270362 -0.108572 0.266843 -0.0540422 0.26475 -0.000204488 0.263433 
4.203 -0.0898781 -0.116847 -0.0318368 -0.117041 0.0213327 -0.11666 0.0737274 -0.117392 0.12827 -0.119446 0.183422 -0.12113 0.239421 -0.123403 
4.242 -0.10152 -0.259293 -0.0430888 -0.258803 0.0103818 -0.258038 0.0629267 -0.258948 0.117471 -0.261613 0.172334 -0.264345 0.228021 -0.268118 
0.887 -0.389837 0.342679 -0.321302 0.333765 -0.261009 0.327792 -0.203647 0.322343 -0.145909 0.317077 -0.0902689 0.313579 -0.0358197 0.31095 
1.473 0.0368169 0.244062 0.0954321 0.243585 0.149974 0.244877 0.20447 0.246246 0.26194 0.247354 0.320532 0.250268 0.380543 0.253716 
1.665 0.0888645 0.141337 0.147787 0.141186 0.20323 0.142486 0.258998 0.143516 0.318155 0.143979 0.378724 0.145722 0.441329 0.147838 
4.289 -0.022764 -0.091508 0.0347782 -0.0924334 0.0882866 -0.0926053 0.14147 -0.0938675 0.197458 -0.0963051 0.254225 -0.098321 0.312535 -0.100716 
0.851 -0.043994 0.389933 0.0151518 0.386955 0.0694076 0.386479 0.122871 0.386503 0.17889 0.386895 0.235045 0.389348 0.292227 0.392694 
1.386 -0.151513 0.223517 -0.0916171 0.220365 -0.0374668 0.219237 0.0154343 0.21825 0.0700483 0.217155 0.124204 0.217599 0.179069 0.218557 
3.312 0.140227 0.0660047 0.200355 0.0654875 0.257305 0.0662484 0.314722 0.0664388 0.376077 0.0659686 0.439428 0.066445 0.505413 0.0670735 
4.27 -0.0378304 -0.0921929 0.0198465 -0.093021 0.0731701 -0.0931255 0.125935 -0.0942821 0.1817 -0.096619 0.238089 -0.0985582 0.295764 -0.100907 
4.383 0.0354472 -0.123695 0.0934728 -0.125216 0.147648 -0.12624 0.202017 -0.128255 0.259499 -0.131648 0.318041 -0.134625 0.378349 -0.138151 
0.985 -0.343953 0.328982 -0.277791 0.321277 -0.219142 0.316339 -0.163213 0.311866 -0.106624 0.307536 -0.0517661 0.305005 0.00228507 0.30323 
1.058 -0.351486 0.309122 -0.28503 0.301739 -0.226297 0.296995 -0.170114 0.29263 -0.113474 0.288399 -0.0585065 0.285881 -0.00446984 0.284096 
1.281 -0.277524 0.270086 -0.214367 0.264803 -0.157837 0.261912 -0.103575 0.259033 -0.0482111 0.256384 0.00588716 0.255228 0.0596518 0.254891 
1.629 0.078592 0.162567 0.137379 0.162385 0.192575 0.16381 0.247963 0.164984 0.306714 0.165817 0.366753 0.167959 0.428751 0.170415 
4.383 0.0347624 -0.146295 0.0927873 -0.147888 0.146993 -0.148947 0.201323 -0.151297 0.258762 -0.154806 0.317267 -0.158128 0.377553 -0.162095 
4.297 -0.0248185 -0.117532 0.0328585 -0.118408 0.0863211 -0.118663 0.139412 -0.120044 0.195361 -0.122743 0.252218 -0.125076 0.310314 -0.127916 
1.608 0.0737981 0.179688 0.132606 0.17946 0.187783 0.180897 0.24306 0.182126 0.301784 0.183 0.361703 0.185328 0.423554 0.187976 
4.027 -0.215888 -0.147665 -0.155316 -0.146199 -0.100666 -0.144352 -0.0479129 -0.14382 0.00598162 -0.144519 0.0594563 -0.145129 0.113084 -0.146422 
1.221 -0.298754 0.251596 -0.234884 0.246501 -0.177892 0.243635 -0.123212 0.240859 -0.0677865 0.238086 -0.0135572 0.236818 0.0400197 0.236138 
1.687 0.101192 0.159143 0.160512 0.159214 0.216281 0.160749 0.272413 0.161991 0.332106 0.16285 0.393302 0.16509 0.456628 0.167644 
1.121 -0.310396 0.287892 -0.245999 0.281792 -0.188628 0.278225 -0.133648 0.274833 -0.0778072 0.271437 -0.0233794 0.269787 0.0303353 0.268875 
4.203 -0.122065 -0.190809 -0.0635117 -0.190267 -0.0101164 -0.189363 0.0422509 -0.189965 0.0965394 -0.19203 0.15109 -0.194114 0.206336 -0.196854 
3.988 -0.189864 0.00916313 -0.129883 0.00849572 -0.0759606 0.00871717 -0.0235863 0.00847428 0.0303923 0.00736204 0.0839599 0.00704638 0.137842 0.00642645 
1.673 0.0943432 0.19133 0.153493 0.19145 0.209048 0.193128 0.264969 0.194827 0.324189 0.196105 0.38508 0.198975 0.447859 0.202142 
4.219 -0.0679633 -0.0853445 -0.0101893 -0.0857762 0.0430009 -0.0855223 0.0955399 -0.0863819 0.150638 -0.0883307 0.206375 -0.0898145 0.263285 -0.0919358 
4.02 0.0306533 0.0132722 0.0887219 0.0122693 0.142925 0.0123773 0.197182 0.0118641 0.254835 0.0104564 0.313658 0.00990674 0.373858 0.00919143 
1.702 0.08681 0.0913437 0.145662 0.0908956 0.200932 0.0916387 0.256658 0.0921749 0.315788 0.0919598 0.376239 0.0928253 0.438744 0.0938557 
3.992 -0.219312 -0.070278 -0.158502 -0.0697986 -0.103875 -0.0685968 -0.0511138 -0.0684615 0.0027454 -0.0692719 0.056085 -0.0697372 0.109656 -0.0706157 
1.25 -0.123435 0.313231 -0.0637634 0.309497 -0.00964692 0.308137 0.0434409 0.307278 0.0984768 0.306476 0.153431 0.307481 0.20893 0.30908 
4.25 -0.0494727 -0.0771264 0.00838762 -0.0778311 0.0615247 -0.0777864 0.114185 -0.0788024 0.169624 -0.0809579 0.225658 -0.0826606 0.282904 -0.0847632 
1.436 0.201178 0.155034 0.262719 0.155596 0.321198 0.157925 0.380336 0.159533 0.444036 0.160948 0.509851 0.163794 0.578379 0.166992 
1.038 -0.37888 0.310492 -0.311302 0.302834 -0.251602 0.297806 -0.194762 0.293255 -0.137486 0.288866 -0.0822464 0.286061 -0.0280072 0.283959 
3.723 -0.35491 -0.00795781 -0.289557 -0.00812748 -0.231239 -0.00714992 -0.175775 -0.00715932 -0.120024 -0.0078055 -0.0659169 -0.00782385 -0.0127573 -0.00826391 
1.243 -0.0878236 0.311861 -0.0286857 0.308897 0.0254155 0.308133 0.0785098 0.307744 0.133837 0.30755 0.189225 0.309072 0.24539 0.311347 
4.027 -0.195343 -0.0627448 -0.135328 -0.0624695 -0.0812011 -0.0614931 -0.0288034 -0.0614516 0.0249266 -0.062443 0.0784152 -0.0629557 0.132453 -0.0639842 
1.434 -0.222737 0.236529 -0.161199 0.232437 -0.105827 0.230497 -0.0524604 0.228578 0.00227717 0.226661 0.0562634 0.226519 0.1101 0.2267 
1.417 -0.220682 0.287207 -0.159016 0.282156 -0.103582 0.279504 -0.0501063 0.277076 0.00478027 0.274773 0.0589939 0.274267 0.113018 0.274364 
4.086 -0.14398 -0.0380907 -0.0850876 -0.038397 -0.0315768 -0.037913 0.020589 -0.038259 0.0746328 -0.0395166 0.128669 -0.0402354 0.18342 -0.0412478 
4.273 -0.0124914 -0.0401452 0.0451872 -0.0410975 0.0987357 -0.0411657 0.152178 -0.0420562 0.208624 -0.0439736 0.265993 -0.045273 0.324757 -0.0468523 
4.066 -0.150144 -0.0216546 -0.091256 -0.0221572 -0.0377441 -0.0216627 0.0144187 -0.0219775 0.0683808 -0.0231649 0.122436 -0.0238297 0.17718 -0.0246856 
1.24 -0.0665936 0.311177 -0.00761962 0.308597 0.0463945 0.308197 0.099654 0.308221 0.155321 0.308306 0.211084 0.310233 0.267823 0.31284 
4.355 -0.00153404 -0.192179 0.0562972 -0.193495 0.110039 -0.194392 0.163616 -0.196537 0.219921 -0.200321 0.277195 -0.203897 0.335901 -0.2082 
1.406 -0.258348 0.237899 -0.19578 0.233444 -0.13983 0.231132 -0.0857882 0.228845 -0.0308128 0.226608 0.0229981 0.226043 0.0766534 0.225949 
1.43 -0.204246 0.189275 -0.143174 0.185767 -0.088264 0.18434 -0.0351166 0.182952 0.019327 0.181513 0.0732002 0.18149 0.12707 0.181547 
4.117 -0.130968 -0.0764416 -0.0724279 -0.0764723 -0.0190914 -0.075812 0.0330697 -0.0762089 0.08723 -0.0776323 0.141619 -0.0787404 0.196829 -0.0802842 
4.438 0.0450349 -0.2093 0.103325 -0.211383 0.157713 -0.213048 0.212241 -0.215982 0.269823 -0.220682 0.328635 -0.225264 0.389215 -0.230723 
4.277 -0.0241337 -0.0689084 0.0334179 -0.0698158 0.0868592 -0.0699212 0.139919 -0.0710115 0.196026 -0.0732586 0.252856 -0.0749286 0.311124 -0.0770365 
1.4 0.0114779 0.272141 0.0701329 0.271151 0.12433 0.272018 0.178534 0.273145 0.235425 0.274287 0.293266 0.27713 0.352386 0.280613 
1.47 -0.226846 0.254335 -0.165195 0.249971 -0.109704 0.247861 -0.0562186 0.245809 -0.00139347 0.243823 0.0524952 0.243513 0.106473 0.243686 
4.27 -0.0761813 -0.18944 -0.0181462 -0.189467 0.0351502 -0.189129 0.087677 -0.190299 0.142594 -0.192979 0.197981 -0.195543 0.254494 -0.198743 
4.312 -0.0104369 -0.113423 0.0470361 -0.114454 0.100803 -0.114796 0.154248 -0.116332 0.210325 -0.119089 0.267729 -0.121468 0.326358 -0.124332 
1.388 -0.272045 0.237899 -0.208974 0.23318 -0.152602 0.230722 -0.0984986 0.228235 -0.0433281 0.225691 0.0105671 0.224804 0.0641945 0.224539 
3.684 -0.378195 -0.00384879 -0.311927 -0.00399672 -0.253051 -0.00314652 -0.197021 -0.0031308 -0.140776 -0.00366675 -0.0863963 -0.00363411 -0.0330639 -0.00403187 
1.411 0.166251 0.165306 0.226964 0.165959 0.284185 0.16798 0.342129 0.169769 0.404164 0.171261 0.468055 0.174139 0.534457 0.177415 
0.796 -0.33368 0.396096 -0.267614 0.386667 -0.208884 0.380424 -0.152947 0.374835 -0.0963029 0.369656 -0.0413554 0.36647 0.0128299 0.364214 
1.424 -0.201507 0.235844 -0.14053 0.231972 -0.0856359 0.23018 -0.0323236 0.228593 0.0222707 0.226991 0.0764111 0.226915 0.130429 0.227359 
1.747 0.116258 0.181742 0.175763 0.182003 0.2318 0.183843 0.288323 0.185474 0.3484 0.186805 0.410245 0.189631 0.474223 0.192877 
4.188 -0.0843994 -0.0675387 -0.0264869 -0.068006 0.0266455 -0.0677195 0.0790269 -0.0684379 0.133755 -0.0701899 0.189005 -0.0714993 0.245326 -0.0731389 
0.794 -0.352856 0.394042 -0.28586 0.384415 -0.226572 0.377941 -0.170053 0.372035 -0.112893 0.36666 -0.0576162 0.363188 -0.00333449 0.36062 
0.778 -0.404219 0.405684 -0.335048 0.394568 -0.273903 0.386992 -0.216059 0.380109 -0.157815 0.373665 -0.101828 0.369189 -0.0469911 0.365661 
1.438 -0.27273 0.251596 -0.209607 0.246701 -0.153193 0.24397 -0.0990639 0.241294 -0.0438179 0.238718 0.0101097 0.237552 0.0637596 0.237046 
0.813 -0.409012 0.372812 -0.339609 0.362786 -0.278606 0.355881 -0.220719 0.349654 -0.162609 0.34373 -0.10654 0.339692 -0.0517572 0.336454 
4.016 -0.191919 -0.0346665 -0.132046 -0.0347839 -0.0778963 -0.0340874 -0.0254884 -0.0342285 0.0281738 -0.0351963 0.0817226 -0.0356956 0.135639 -0.0365033 
1.559 0.155979 0.154349 0.21644 0.154737 0.273568 0.156726 0.331198 0.158203 0.393025 0.159431 0.456577 0.161945 0.522707 0.164731 
4.09 -0.152883 -0.0819203 -0.0938366 -0.0817254 -0.0403125 -0.0809275 0.0119021 -0.081177 0.0658992 -0.082497 0.11986 -0.0834676 0.174457 -0.084904 
4.078 -0.148089 -0.0524723 -0.0892812 -0.0526436 -0.0358239 -0.0520712 0.0163214 -0.0523836 0.0703481 -0.0536566 0.124358 -0.0543786 0.179122 -0.055498 
0.818 -0.466539 0.370757 -0.394533 0.359905 -0.331389 0.3522 -0.271864 0.345104 -0.212331 0.33839 -0.155282 0.333515 -0.099806 0.329564 
0.796 -0.394631 0.389933 -0.325899 0.379547 -0.265269 0.372496 -0.207807 0.366117 -0.149769 0.360027 -0.0940864 0.355968 -0.0392464 0.352658 
4.07 -0.183701 -0.12712 -0.12391 -0.126206 -0.0699111 -0.124892 -0.0174639 -0.12479 0.0364733 -0.125935 0.0901098 -0.126848 0.144143 -0.128396 
4.352 0.0217504 -0.114108 0.0796253 -0.115561 0.133576 -0.1162 0.187699 -0.118054 0.244856 -0.121129 0.303014 -0.123761 0.362846 -0.126874 
0.771 -0.302863 0.454308 -0.237761 0.444344 -0.179808 0.437757 -0.124251 0.432064 -0.0679795 0.426828 -0.0131162 0.423769 0.0410058 0.421781 
1.6 0.0758526 0.200233 0.134778 0.200096 0.189911 0.201651 0.245204 0.202984 0.303869 0.203983 0.363763 0.206744 0.425609 0.209502 
4.164 -0.104945 -0.0853445 -0.0467689 -0.0855506 0.00643385 -0.0850806 0.0586283 -0.0856248 0.113136 -0.0873977 0.167926 -0.0887264 0.223723 -0.0905007 
1.113 -0.331626 0.289947 -0.266303 0.283503 -0.208361 0.279639 -0.152846 0.275971 -0.0966426 0.272384 -0.0421085 0.27045 0.0117232 0.269205 
1.352 0.213505 0.164621 0.275434 0.165739 0.334246 0.168155 0.393976 0.170188 0.458218 0.172052 0.524656 0.175178 0.593757 0.178898 
0.826 -0.0419395 0.407054 0.0172143 0.403901 0.07153 0.403505 0.125079 0.403512 0.181063 0.403945 0.237268 0.40648 0.294515 0.409924 
4.262 -0.0337214 -0.0586358 0.0240449 -0.0595491 0.0773737 -0.0595953 0.130296 -0.0605637 0.18607 -0.062609 0.242626 -0.0641008 0.3005 -0.0659288 
4.156 -0.105629 -0.0675387 -0.0474164 -0.0679293 0.0057725 -0.0674075 0.0579618 -0.0680352 0.112469 -0.0695149 0.167288 -0.0707251 0.223103 -0.0722407 
1.578 0.0690042 0.21256 0.127814 0.212463 0.182977 0.214107 0.238182 0.215597 0.296744 0.216791 0.356446 0.219741 0.4181 0.222976 
4.363 -0.00290371 -0.215464 0.0549351 -0.216849 0.108707 -0.217785 0.162266 -0.220252 0.218567 -0.224086 0.275732 -0.228047 0.33443 -0.232731 
1.316 0.192275 0.181057 0.253493 0.181951 0.311558 0.184303 0.37027 0.186421 0.433373 0.18831 0.498551 0.191618 0.566263 0.195296 
1.37 -0.150829 0.252281 -0.0908326 0.248783 -0.0364416 0.247497 0.0163531 0.24638 0.0712201 0.245289 0.125521 0.24579 0.180464 0.246899 
0.788 -0.365868 0.401575 -0.298285 0.39142 -0.238728 0.384552 -0.18179 0.378264 -0.12453 0.372505 -0.0690432 0.368743 -0.0147118 0.36595 
4.273 -0.018655 -0.0524723 0.0390089 -0.0534192 0.0925458 -0.0534623 0.145875 -0.0544945 0.202203 -0.0565354 0.259436 -0.0580534 0.317981 -0.0598917 
1.509 0.171045 0.150925 0.231858 0.15145 0.289381 0.153356 0.347604 0.154947 0.410116 0.156156 0.474534 0.158764 0.541358 0.161617 
0.789 -0.463799 0.385824 -0.392249 0.374816 -0.329303 0.366996 -0.2697 0.359739 -0.210052 0.352935 -0.153166 0.348098 -0.0978766 0.344117 
1.449 0.0258595 0.215299 0.0842894 0.214649 0.138693 0.21555 0.193005 0.216685 0.250336 0.217625 0.308455 0.219967 0.368226 0.222708 
0.962 -0.379564 0.326928 -0.312028 0.318707 -0.252433 0.313321 -0.195765 0.308238 -0.138593 0.303415 -0.0834558 0.300293 -0.0293452 0.297871 
0.949 -0.309026 0.341309 -0.244116 0.33393 -0.186343 0.329377 -0.131111 0.325231 -0.0750532 0.321281 -0.0205094 0.319132 0.0333399 0.317849 
3.994 -0.224106 -0.105205 -0.163167 -0.104143 -0.108455 -0.102622 -0.0554644 -0.102215 -0.00168439 -0.102901 0.051809 -0.103389 0.105367 -0.104397 
1.548 0.144336 0.161882 0.204429 0.162296 0.261216 0.164208 0.318516 0.165798 0.379677 0.167032 0.442633 0.169683 0.507978 0.172755 
4.188 -0.0912478 -0.0853445 -0.0332146 -0.0856252 0.0199417 -0.0852653 0.072226 -0.0859131 0.12689 -0.0878064 0.182068 -0.089212 0.23823 -0.0911335 
4.238 -0.0672785 -0.119586 -0.0094113 -0.119919 0.0437751 -0.119739 0.0963351 -0.120748 0.151402 -0.123012 0.207105 -0.124957 0.263928 -0.127511 
0.76 -0.505575 0.407739 -0.432199 0.395014 -0.367507 0.385687 -0.30646 0.377164 -0.245769 0.368932 -0.187611 0.362909 -0.131392 0.357768 
4.27 -0.052212 -0.129859 0.00496866 -0.130365 0.0584296 -0.130338 0.111204 -0.131584 0.166543 -0.13414 0.222638 -0.136406 0.279791 -0.139204 
1.708 0.102561 0.178318 0.161875 0.178444 0.217755 0.180153 0.273933 0.181674 0.333728 0.18288 0.395086 0.185589 0.458501 0.188674 
1.447 -0.237803 0.208451 -0.175583 0.204543 -0.120156 0.202747 -0.0667635 0.200997 -0.0120499 0.199122 0.0413864 0.198881 0.0950037 0.198989 
4.051 -0.161101 -0.0380907 -0.102153 -0.0382942 -0.0484693 -0.0377694 0.0034809 -0.0380207 0.0574401 -0.0391607 0.111082 -0.039744 0.165502 -0.0407307 
3.418 0.0607862 0.0365566 0.11918 0.035591 0.173996 0.0359264 0.229043 0.0356265 0.28747 0.0345013 0.347177 0.0344831 0.408851 0.0343931 
1.319 -0.0631694 0.194069 -0.00462964 0.192306 0.0490242 0.19227 0.101972 0.192299 0.157547 0.192087 0.21321 0.193415 0.269943 0.195062 
4.016 -0.229585 -0.173689 -0.1686 -0.171739 -0.113821 -0.169441 -0.0609241 -0.168618 -0.00686205 -0.169111 0.0465947 -0.169487 0.100137 -0.170724 
3.924 -0.297384 -0.223682 -0.23472 -0.220248 -0.178421 -0.216644 -0.124546 -0.214711 -0.0698426 -0.214141 -0.016232 -0.213644 0.0370435 -0.21413 
1.43 0.0224353 0.234475 0.0809351 0.233592 0.135281 0.234771 0.189697 0.235976 0.247077 0.237142 0.305285 0.239569 0.365083 0.243002 
4.414 0.0916039 -0.0394603 0.150454 -0.0409593 0.205869 -0.0415573 0.261836 -0.0428739 0.321309 -0.0451862 0.382227 -0.0469523 0.44543 -0.0488641 
1.749 0.114888 0.164621 0.174432 0.164808 0.230393 0.166464 0.286845 0.167802 0.346909 0.168726 0.408858 0.17121 0.472709 0.173852 
4.23 -0.106314 -0.240118 -0.0478693 -0.239524 0.00556208 -0.238725 0.0577907 -0.239593 0.112421 -0.242092 0.167116 -0.244584 0.222799 -0.247966 
4.223 -0.106314 -0.219573 -0.0478706 -0.219109 0.00539217 -0.218412 0.0580181 -0.219203 0.1124 -0.221607 0.167482 -0.224043 0.223037 -0.227275 
