4.172 0.231311 0.0906588 0.230261 0.0781928 0.228705 0.0672546 0.226827 0.0566361 0.223918 0.0451943 0.220735 0.0345866 0.216948 0.0245101 
1.491 -0.569264 0.117367 -0.569688 0.15459 -0.568509 0.187755 -0.565653 0.220256 -0.560603 0.255283 -0.55398 0.287878 -0.54592 0.319907 
1.468 -0.541871 0.224202 -0.535961 0.259758 -0.529177 0.291179 -0.520904 0.321586 -0.510096 0.354047 -0.498189 0.383946 -0.485082 0.413021 
0.79 -0.246706 0.324188 -0.237309 0.344374 -0.228092 0.362102 -0.218059 0.378964 -0.206274 0.396657 -0.194213 0.412571 -0.18157 0.427886 
1.486 -0.621997 0.022175 -0.628103 0.0625725 -0.631796 0.0989339 -0.63354 0.134584 -0.633345 0.173524 -0.631092 0.210056 -0.627086 0.245934 
1.489 -0.537077 0.206396 -0.53221 0.241635 -0.526429 0.272926 -0.51909 0.303137 -0.50933 0.335477 -0.498422 0.365397 -0.486299 0.39455 
3.496 0.293631 0.156403 0.296082 0.140205 0.297545 0.125705 0.298423 0.111528 0.298267 0.0959715 0.297309 0.0814538 0.295691 0.0673315 
1.518 -0.495302 0.224202 -0.488982 0.256389 -0.481983 0.284799 -0.47364 0.312194 -0.462827 0.34122 -0.451196 0.368234 -0.438457 0.394231 
3.137 -0.372716 0.0618956 -0.374831 0.0860377 -0.375735 0.107727 -0.375476 0.128814 -0.373912 0.151955 -0.371213 0.17334 -0.367564 0.194506 
0.82 -0.445309 0.261868 -0.439515 0.293652 -0.432931 0.321956 -0.425122 0.349271 -0.415068 0.378297 -0.403879 0.405179 -0.391633 0.431204 
0.964 -0.199452 0.287207 -0.191136 0.303398 -0.183025 0.317533 -0.17444 0.33097 -0.164433 0.344904 -0.154168 0.357442 -0.143561 0.36951 
0.932 -0.0933023 0.350897 -0.0817363 0.36101 -0.0710343 0.369585 -0.0600839 0.377433 -0.0478535 0.385257 -0.0359008 0.391836 -0.0238053 0.398044 
3.973 -0.0713875 -0.0572661 -0.0803349 -0.0515541 -0.0880819 -0.0460521 -0.0952945 -0.0403689 -0.102977 -0.0336969 -0.10971 -0.0271234 -0.116128 -0.0200957 
0.968 -0.184386 0.289947 -0.17593 0.305163 -0.167928 0.318382 -0.15921 0.33095 -0.149169 0.343993 -0.13898 0.355742 -0.128418 0.366983 
3.203 -0.206301 0.148185 -0.203619 0.162512 -0.200616 0.175288 -0.197167 0.187404 -0.192708 0.200407 -0.187767 0.212401 -0.182446 0.224163 
3.166 -0.341898 -0.0257636 -0.349272 -0.00349767 -0.354781 0.0169761 -0.359246 0.036962 -0.362929 0.0590936 -0.365263 0.0800485 -0.366519 0.10091 
4.098 0.027914 -0.302438 0.00400887 -0.301854 -0.0173214 -0.300229 -0.0379384 -0.297696 -0.0603298 -0.293659 -0.081031 -0.288768 -0.101261 -0.28275 
4.191 0.0895494 0.0112176 0.0842358 0.00751319 0.0793426 0.00457178 0.074468 0.00190742 0.0688346 -0.000771992 0.0635755 -0.00302998 0.0581707 -0.00475796 
3.59 -0.339844 -0.205191 -0.357529 -0.18296 -0.37236 -0.162345 -0.385749 -0.141471 -0.399154 -0.117969 -0.410527 -0.0953469 -0.42059 -0.0721626 
0.989 -0.214519 0.272826 -0.206785 0.289869 -0.199262 0.30477 -0.191084 0.318972 -0.181502 0.333777 -0.171609 0.347191 -0.161313 0.360109 
0.998 -0.169319 0.292686 -0.160561 0.307043 -0.152232 0.319503 -0.14319 0.331302 -0.132989 0.343463 -0.122611 0.354334 -0.112017 0.364686 
4.129 0.0539378 -0.328462 0.0283898 -0.32937 0.0055954 -0.328961 -0.0165353 -0.327571 -0.040663 -0.324662 -0.0630004 -0.320736 -0.0848891 -0.315607 
0.758 -0.069333 0.433078 -0.0538371 0.442465 -0.0396525 0.450308 -0.0252789 0.457275 -0.00938455 0.463834 0.00589886 0.469128 0.0211503 0.473832 
1.414 -0.122065 0.174894 -0.119583 0.185506 -0.116985 0.194928 -0.113966 0.204023 -0.110303 0.213706 -0.106209 0.222544 -0.101861 0.231265 
1.583 -0.469278 0.0831256 -0.471908 0.114446 -0.47295 0.142528 -0.472509 0.17002 -0.470424 0.199842 -0.466872 0.227969 -0.462048 0.255448 
1.676 -0.404903 -0.130544 -0.419489 -0.103468 -0.431316 -0.0785913 -0.44161 -0.0537442 -0.451424 -0.0260955 -0.459122 0.000408458 -0.465528 0.0268547 
4.168 0.0792768 -0.331201 0.0535978 -0.333687 0.0305897 -0.334731 0.0082231 -0.334725 -0.0162736 -0.333291 -0.0390893 -0.330765 -0.0614761 -0.32694 
4.191 0.0874949 -0.305177 0.0634178 -0.308086 0.0418759 -0.309618 0.0208365 -0.31013 -0.00217072 -0.309377 -0.0236151 -0.307585 -0.0446901 -0.304548 
4.168 0.0676346 -0.283263 0.0447706 -0.285175 0.0242996 -0.285826 0.0044124 -0.285581 -0.0173262 -0.284044 -0.037576 -0.281534 -0.0573816 -0.277858 
1.733 -0.393261 -0.151089 -0.408052 -0.125538 -0.420109 -0.102124 -0.430675 -0.0786687 -0.440764 -0.0526786 -0.44876 -0.0278187 -0.455421 -0.00298593 
4.207 0.101192 -0.301068 0.0773324 -0.304609 0.0558429 -0.306701 0.0349675 -0.307779 0.0119726 -0.307658 -0.00941226 -0.3064 -0.0304401 -0.30392 
4.203 0.0936584 -0.281893 0.0709337 -0.285034 0.0505849 -0.286796 0.0307235 -0.287645 0.00893574 -0.287284 -0.0113473 -0.285894 -0.0312687 -0.283346 
4.145 0.0505136 0.000260238 0.0445619 -0.00141808 0.0391713 -0.00261826 0.0339327 -0.00355268 0.0280508 -0.00422502 0.0225799 -0.0046553 0.0170827 -0.00454554 
4.25 0.247747 0.035187 0.243534 0.0219049 0.23917 0.0103457 0.234493 -0.000775253 0.228557 -0.0125601 0.222545 -0.0233525 0.216022 -0.0334849 
0.847 -0.141926 0.357061 -0.130349 0.370331 -0.119545 0.381672 -0.108275 0.392293 -0.0955625 0.403046 -0.0829131 0.412413 -0.0700532 0.421322 
0.876 -0.18644 0.321449 -0.176379 0.337145 -0.166841 0.350754 -0.156637 0.363695 -0.145001 0.376912 -0.133306 0.388727 -0.121294 0.399969 
4.109 0.036132 -0.313395 0.011599 -0.313283 -0.0102603 -0.312069 -0.031434 -0.309914 -0.0545162 -0.306242 -0.075844 -0.301675 -0.0966733 -0.295915 
0.891 -0.234379 0.294056 -0.226241 0.312431 -0.218191 0.328567 -0.209406 0.343966 -0.198998 0.360179 -0.188314 0.374773 -0.177113 0.388843 
0.859 -0.220682 0.314601 -0.211093 0.332529 -0.201834 0.347984 -0.19202 0.362776 -0.180424 0.378108 -0.16869 0.391912 -0.156552 0.405124 
4.199 0.101192 -0.330516 0.0756113 -0.334227 0.0526849 -0.336335 0.0303202 -0.337431 0.0057498 -0.337151 -0.0170686 -0.33575 -0.0396209 -0.333028 
4.16 0.0662649 -0.299014 0.0425536 -0.300715 0.0213097 -0.301119 0.000662719 -0.3006 -0.0218881 -0.298726 -0.0428677 -0.295888 -0.0633714 -0.291816 
4.219 0.214875 0.0707985 0.212759 0.0592756 0.210331 0.049205 0.207586 0.0395023 0.203779 0.0291267 0.199835 0.0195025 0.195329 0.0104833 
3.943 -0.094672 -0.182591 -0.111055 -0.175075 -0.125375 -0.167629 -0.138919 -0.159695 -0.153321 -0.150263 -0.166251 -0.14066 -0.178573 -0.130393 
0.783 -0.0885084 0.409793 -0.0742353 0.420294 -0.061156 0.429093 -0.0478207 0.43703 -0.0329822 0.444804 -0.0185825 0.451273 -0.00410485 0.457075 
4.137 0.0525681 -0.303123 0.0286988 -0.304057 0.00735452 -0.303785 -0.0133607 -0.302594 -0.0359625 -0.300006 -0.0569246 -0.296469 -0.0774625 -0.291766 
3.961 -0.0871387 -0.206561 -0.105116 -0.199405 -0.120774 -0.192189 -0.135517 -0.184452 -0.151539 -0.175204 -0.165889 -0.165725 -0.179581 -0.155459 
3.402 -0.375455 -0.167525 -0.391055 -0.143044 -0.403976 -0.120594 -0.415502 -0.0980565 -0.42671 -0.0727719 -0.435806 -0.0485217 -0.443555 -0.0239438 
4.117 0.0518833 -0.363389 0.0243234 -0.364095 -0.000266267 -0.363444 -0.024127 -0.361738 -0.0501597 -0.358356 -0.0742434 -0.353932 -0.0978115 -0.348173 
4.191 0.0998219 -0.354486 0.0727678 -0.35799 0.0485161 -0.35981 0.0248534 -0.360562 -0.0010146 -0.359848 -0.0251138 -0.357946 -0.0487666 -0.354666 
4.105 0.0381865 -0.327092 0.01291 -0.327001 -0.00958648 -0.325749 -0.0313937 -0.323567 -0.0551462 -0.319823 -0.0770806 -0.315138 -0.0984729 -0.309227 
4.266 0.236789 0.00984797 0.230854 -0.00284653 0.225165 -0.0137725 0.21911 -0.0242034 0.21158 -0.0351388 0.204075 -0.0450978 0.196186 -0.0542529 
4.188 0.082701 -0.290796 0.0594121 -0.293489 0.038541 -0.294828 0.0181954 -0.295235 -0.0040608 -0.29441 -0.0247929 -0.292562 -0.0451707 -0.289506 
4.098 0.0381865 -0.355855 0.0110963 -0.355915 -0.0130239 -0.354719 -0.0364528 -0.352479 -0.0619318 -0.348587 -0.0855262 -0.34369 -0.108522 -0.337539 
4.008 -0.0508424 -0.111368 -0.0629788 -0.106795 -0.0737253 -0.102131 -0.0838999 -0.0971298 -0.094776 -0.0910181 -0.104638 -0.0847699 -0.114058 -0.0779379 
4.129 0.0642104 -0.381194 0.0355766 -0.382684 0.00993474 -0.382675 -0.0149297 -0.381563 -0.0421139 -0.378783 -0.0673471 -0.37482 -0.0920173 -0.369492 
4.211 0.10667 -0.31682 0.0817887 -0.320658 0.059482 -0.32291 0.0377257 -0.324139 0.0138094 -0.324125 -0.0084309 -0.322929 -0.0303148 -0.32046 
4.043 -0.0138611 -0.0339816 -0.0215217 -0.031743 -0.0282685 -0.0293903 -0.0346882 -0.026831 -0.041638 -0.0236045 -0.0479293 -0.0203087 -0.0540978 -0.0166079 
4.078 0.0190111 -0.323668 -0.00614854 -0.322514 -0.0285534 -0.320321 -0.0502669 -0.317161 -0.0737704 -0.312395 -0.0955094 -0.306752 -0.116574 -0.299918 
4.133 0.0470894 -0.286687 0.0239407 -0.287335 0.00327195 -0.286851 -0.0167356 -0.285493 -0.0385936 -0.282733 -0.0588213 -0.279028 -0.0786221 -0.274225 
4.152 0.0799616 -0.375716 0.051646 -0.378162 0.0263103 -0.379003 0.00165612 -0.378773 -0.0252703 -0.376942 -0.050398 -0.373943 -0.0749862 -0.369561 
4.199 0.0909191 -0.268196 0.0688595 -0.271307 0.0490587 -0.273085 0.0297544 -0.273936 0.00856072 -0.273644 -0.0111652 -0.272349 -0.0305707 -0.269879 
4.156 0.0690042 -0.312711 0.0445278 -0.314427 0.0225897 -0.314876 0.00130425 -0.314296 -0.0219266 -0.312347 -0.0435267 -0.309378 -0.0646069 -0.305224 
4.074 0.0183263 -0.345583 -0.00812677 -0.344433 -0.0316554 -0.342195 -0.054465 -0.338996 -0.0792291 -0.334069 -0.102038 -0.328219 -0.124307 -0.321127 
0.953 -0.2289 0.278989 -0.221211 0.296889 -0.213738 0.312529 -0.205402 0.327581 -0.195641 0.343239 -0.185567 0.357463 -0.175041 0.371156 
4.078 0.0114779 -0.312026 -0.0129832 -0.310481 -0.0347406 -0.30797 -0.0558166 -0.304579 -0.0785978 -0.299553 -0.0996502 -0.293743 -0.120104 -0.286749 
3.592 -0.331626 -0.234639 -0.351158 -0.213045 -0.367682 -0.192847 -0.382787 -0.172431 -0.398106 -0.149221 -0.41123 -0.126702 -0.423065 -0.103688 
4.082 -0.000164361 -0.138077 -0.0142865 -0.136252 -0.0268429 -0.133889 -0.0388787 -0.131089 -0.0519491 -0.127277 -0.0639234 -0.123061 -0.0755521 -0.11805 
4.168 0.0833858 -0.345583 0.0568985 -0.348177 0.0332135 -0.349291 0.0101233 -0.349351 -0.015099 -0.347939 -0.0386427 -0.345416 -0.0616842 -0.34156 
4.031 -0.0282427 -0.095617 -0.0394764 -0.0921279 -0.0493836 -0.0884588 -0.0588079 -0.0844534 -0.0689566 -0.0795035 -0.0781316 -0.0744029 -0.086961 -0.068734 
4.012 -0.0501575 -0.125065 -0.0631143 -0.1204 -0.0745225 -0.115621 -0.0853347 -0.110471 -0.0969438 -0.104273 -0.107422 -0.0978581 -0.11749 -0.0909757 
4.105 0.0340775 -0.0168607 0.0272084 -0.0171491 0.021043 -0.0170612 0.0151144 -0.0167052 0.00857326 -0.015917 0.00266231 -0.0148965 -0.00323422 -0.0134273 
4.094 0.0388714 -0.370237 0.0109668 -0.370204 -0.0139106 -0.36893 -0.0380088 -0.366587 -0.0642269 -0.362493 -0.0885177 -0.35742 -0.112223 -0.350993 
4.184 0.078592 -0.275045 0.0561329 -0.277618 0.0359889 -0.278829 0.0163821 -0.279131 -0.00511673 -0.278224 -0.0250937 -0.276321 -0.0447286 -0.273273 
3.326 -0.188495 0.110519 -0.189308 0.124826 -0.189534 0.137726 -0.189023 0.150299 -0.187931 0.163871 -0.18602 0.176607 -0.183591 0.189196 
3.562 -0.352171 -0.186016 -0.368782 -0.163334 -0.382628 -0.142368 -0.395067 -0.121275 -0.407448 -0.0975014 -0.417786 -0.0746094 -0.42692 -0.0513616 
2.115 0.205972 0.161882 0.207851 0.152451 0.208954 0.14392 0.2098 0.135582 0.209941 0.126366 0.209755 0.117718 0.209012 0.109481 
0.823 -0.174798 0.354321 -0.163319 0.369692 -0.152607 0.382869 -0.141312 0.395254 -0.1284 0.408019 -0.115577 0.419291 -0.102504 0.429902 
3.982 -0.0645391 -0.0784961 -0.0748596 -0.0731936 -0.0838643 -0.067961 -0.0923339 -0.0624739 -0.101367 -0.0559464 -0.109411 -0.0494184 -0.117109 -0.0423618 
4.223 0.228571 0.0612108 0.225948 0.048964 0.223018 0.0382867 0.219788 0.0279346 0.215443 0.0169455 0.210885 0.00675236 0.205789 -0.00281346 
4.156 0.0806465 -0.360649 0.053252 -0.362968 0.0287945 -0.363745 0.0049761 -0.363455 -0.0210064 -0.361639 -0.0451935 -0.358679 -0.0688849 -0.354354 
4.219 0.114204 -0.346952 0.0876314 -0.351197 0.063702 -0.353773 0.0403616 -0.355213 0.0147155 -0.355303 -0.00915097 -0.354144 -0.0326035 -0.351613 
0.795 -0.100151 0.398836 -0.086489 0.409898 -0.0739134 0.419176 -0.060986 0.427724 -0.0466436 0.436079 -0.0326506 0.443172 -0.0185176 0.449663 
0.896 -0.296699 0.263923 -0.289194 0.285997 -0.282174 0.305152 -0.274392 0.323497 -0.264923 0.343071 -0.254747 0.360962 -0.244135 0.37814 
4.168 0.0655801 -0.112053 0.0528245 -0.114072 0.0412822 -0.115284 0.0300859 -0.115935 0.0178391 -0.115977 0.00630832 -0.11545 -0.00509311 -0.114109 
4.145 0.0436653 -0.151089 0.0287781 -0.151865 0.0154309 -0.151848 0.00261984 -0.151237 -0.0116032 -0.149762 -0.0247424 -0.14772 -0.037656 -0.144812 
4.098 0.00942337 -0.163416 -0.0061031 -0.162158 -0.0198825 -0.160261 -0.0331808 -0.157852 -0.0476298 -0.154344 -0.0609485 -0.150405 -0.0738395 -0.145636 
1 -0.252869 0.260499 -0.245836 0.279613 -0.238956 0.296363 -0.231231 0.312448 -0.221961 0.329419 -0.212179 0.344833 -0.201683 0.359719 
1.937 -0.168634 0.188591 -0.164207 0.201246 -0.159812 0.212335 -0.154914 0.222985 -0.149101 0.2342 -0.142954 0.244329 -0.136592 0.254201 
3.611 0.332667 0.155718 0.335195 0.137257 0.336596 0.120717 0.337244 0.104593 0.336704 0.086999 0.335333 0.0704489 0.333079 0.0544549 
4.141 0.0683194 -0.353116 0.0414387 -0.354816 0.0173754 -0.355102 -0.00593729 -0.35435 -0.0314379 -0.352095 -0.0551535 -0.348717 -0.0783372 -0.344027 
0.84 -0.197398 0.331037 -0.187126 0.347551 -0.177332 0.361879 -0.166903 0.375447 -0.154925 0.389463 -0.14283 0.402015 -0.130428 0.413904 
3.545 -0.356965 -0.16547 -0.372379 -0.142457 -0.385085 -0.121277 -0.396498 -0.100027 -0.407669 -0.0761548 -0.416855 -0.0532055 -0.424816 -0.0299693 
4.141 0.0498288 -0.0846596 0.0391189 -0.0858329 0.0294721 -0.0861637 0.020097 -0.0862336 0.00976821 -0.0856615 0.000222323 -0.0846595 -0.00928615 -0.0829726 
4.012 -0.0487878 -0.16547 -0.064183 -0.160695 -0.0777205 -0.155693 -0.0906194 -0.150235 -0.104389 -0.143555 -0.116903 -0.136585 -0.128875 -0.128964 
2.461 -0.27273 0.177633 -0.268469 0.195718 -0.26403 0.211628 -0.258821 0.226981 -0.252332 0.243489 -0.245335 0.258499 -0.23788 0.273255 
4.141 0.0642104 -0.338734 0.0381158 -0.340263 0.0147704 -0.340441 -0.00785315 -0.339591 -0.0326006 -0.337228 -0.0556197 -0.333842 -0.0781181 -0.329137 
0.866 -0.111108 0.362539 -0.0987914 0.373966 -0.0874927 0.383576 -0.0756884 0.392464 -0.0626182 0.401331 -0.0496929 0.408889 -0.0367727 0.415823 
4.047 -0.0241337 -0.149719 -0.0388962 -0.146408 -0.0519725 -0.142736 -0.0644094 -0.138637 -0.0779055 -0.133394 -0.0901406 -0.127838 -0.101933 -0.121495 
3.338 -0.179592 0.0262841 -0.183686 0.0389461 -0.186747 0.050395 -0.189272 0.061732 -0.19139 0.0741577 -0.192597 0.0859138 -0.193344 0.0976822 
1.144 -0.266566 0.247487 -0.259238 0.266548 -0.251996 0.283383 -0.244042 0.299555 -0.234569 0.316429 -0.224572 0.331878 -0.214171 0.346542 
0.939 -0.111108 0.33994 -0.0999275 0.351051 -0.0895994 0.360488 -0.078795 0.369285 -0.0667437 0.37804 -0.0549786 0.38559 -0.0430721 0.392621 
1.486 -0.52475 0.228311 -0.518868 0.263033 -0.512141 0.293742 -0.503946 0.323327 -0.493425 0.355232 -0.481679 0.384398 -0.468709 0.412873 
0.888 -0.147404 0.3372 -0.136523 0.350706 -0.126287 0.362371 -0.115692 0.373215 -0.103594 0.384306 -0.0916201 0.394013 -0.0794588 0.403182 
1.327 0.0929736 0.313231 0.103089 0.31096 0.111849 0.308595 0.12051 0.305891 0.129492 0.302327 0.137868 0.298487 0.145894 0.294533 
4.188 0.0977674 -0.371607 0.0698183 -0.374984 0.0447684 -0.376717 0.0203523 -0.377263 -0.00637806 -0.376329 -0.0313009 -0.374191 -0.0557722 -0.370667 
4.137 0.0354472 -0.123695 0.0221215 -0.124075 0.0102078 -0.123731 -0.00129825 -0.122857 -0.0139215 -0.121202 -0.025573 -0.119078 -0.0370327 -0.116158 
4.117 0.0477743 -0.344213 0.0214665 -0.344723 -0.00197401 -0.343991 -0.0247425 -0.34226 -0.0495878 -0.338938 -0.0725464 -0.33464 -0.0950347 -0.329051 
4.105 0.0498288 -0.388043 0.0207948 -0.388683 -0.00511731 -0.387903 -0.0302655 -0.386025 -0.0576968 -0.38239 -0.0831514 -0.377651 -0.107992 -0.371481 
0.915 -0.196713 0.302274 -0.187571 0.318536 -0.178828 0.332683 -0.169506 0.346033 -0.158641 0.360008 -0.147662 0.372431 -0.136325 0.384328 
0.917 -0.21041 0.29748 -0.201736 0.314454 -0.193291 0.32931 -0.184208 0.343428 -0.173621 0.358085 -0.162779 0.37131 -0.151555 0.384035 
0.85 -0.10152 0.372812 -0.0888579 0.383647 -0.0771125 0.392875 -0.065045 0.401321 -0.0515671 0.409636 -0.0384267 0.416649 -0.0251451 0.423135 
0.869 -0.161101 0.337885 -0.150299 0.35221 -0.140167 0.36459 -0.129557 0.376167 -0.117508 0.388024 -0.105553 0.39851 -0.0932917 0.40841 
0.974 -0.143295 0.310492 -0.133435 0.323354 -0.124147 0.334491 -0.114553 0.344882 -0.103511 0.355458 -0.092556 0.364835 -0.0812761 0.373705 
0.947 -0.167265 0.307068 -0.15773 0.321393 -0.14866 0.333791 -0.139257 0.345502 -0.12853 0.35752 -0.117845 0.368276 -0.106953 0.378501 
3.996 -0.0617998 -0.190809 -0.0790449 -0.185265 -0.0941957 -0.179545 -0.108566 -0.173286 -0.12395 -0.165542 -0.137905 -0.157559 -0.151404 -0.148749 
4.223 0.121052 -0.362704 0.0935096 -0.367279 0.0687555 -0.370086 0.0445693 -0.371779 0.0180135 -0.372037 -0.00673799 -0.371022 -0.0311121 -0.368578 
0.754 -0.311081 0.311861 -0.302593 0.335994 -0.293995 0.357169 -0.284398 0.377584 -0.273009 0.398945 -0.260998 0.418423 -0.248299 0.437133 
0.765 -0.139186 0.400205 -0.12543 0.413707 -0.112616 0.425194 -0.0994 0.435844 -0.0845693 0.446459 -0.0699188 0.455593 -0.0552026 0.464065 
4.043 -0.026873 -0.178482 -0.043342 -0.175021 -0.0578138 -0.171177 -0.0718014 -0.166787 -0.0868663 -0.161119 -0.100451 -0.155042 -0.113662 -0.148216 
3.707 -0.252185 -0.386673 -0.280926 -0.369434 -0.305799 -0.352748 -0.329218 -0.335357 -0.353759 -0.314962 -0.375723 -0.294577 -0.396315 -0.273265 
3.967 -0.0789207 -0.176428 -0.0949419 -0.169854 -0.108948 -0.163239 -0.122237 -0.156202 -0.136394 -0.147632 -0.149134 -0.139008 -0.16133 -0.129629 
3.195 -0.31382 -0.0168607 -0.320619 0.00374913 -0.32573 0.0224301 -0.329779 0.0409458 -0.333162 0.0613583 -0.33523 0.0806135 -0.336363 0.0998844 
4.082 0.0333927 -0.396946 0.00384928 -0.396598 -0.0224189 -0.394936 -0.0479447 -0.392189 -0.0756639 -0.387593 -0.101322 -0.381879 -0.126293 -0.374816 
3.672 -0.280948 -0.385988 -0.309428 -0.366945 -0.334 -0.348718 -0.357065 -0.329817 -0.381114 -0.307767 -0.402512 -0.285917 -0.422495 -0.263165 
0.759 -0.40011 0.287892 -0.392936 0.317442 -0.385383 0.343458 -0.3766 0.368557 -0.365623 0.395224 -0.353804 0.419675 -0.341094 0.443278 
0.917 -0.126174 0.33857 -0.115171 0.350558 -0.104857 0.360879 -0.0942308 0.370418 -0.0822428 0.380025 -0.0703241 0.388391 -0.0583114 0.396275 
1.217 0.0696891 0.257759 0.0762605 0.257083 0.0821164 0.256216 0.0877836 0.255246 0.0938177 0.253717 0.099442 0.251839 0.104783 0.250036 
3.99 -0.0631694 -0.168895 -0.078808 -0.163225 -0.09268 -0.157487 -0.105687 -0.151253 -0.119574 -0.143661 -0.132311 -0.135829 -0.144239 -0.12741 
4.215 0.0874949 -0.133968 0.0736624 -0.137408 0.0610219 -0.139848 0.0490089 -0.141623 0.035466 -0.142812 0.0228955 -0.14327 0.0102538 -0.14294 
3.373 -0.177537 -0.0387755 -0.185598 -0.0263979 -0.192338 -0.0150164 -0.198256 -0.00350616 -0.204162 0.00933099 -0.208957 0.0216827 -0.213066 0.0342667 
0.888 -0.48092 0.259129 -0.472355 0.290562 -0.463361 0.318228 -0.453272 0.344896 -0.440693 0.373266 -0.427284 0.399155 -0.412905 0.424121 
0.765 -0.422709 0.275565 -0.416386 0.306356 -0.409498 0.333612 -0.401215 0.359975 -0.390733 0.388073 -0.379369 0.413974 -0.366992 0.438931 
3.305 -0.211094 0.0173812 -0.215631 0.0316332 -0.219171 0.0445567 -0.221917 0.057423 -0.224263 0.0715366 -0.225623 0.0848269 -0.226278 0.0981096 
4.062 0.0046295 -0.328462 -0.0206901 -0.326745 -0.0432209 -0.324067 -0.0649851 -0.320422 -0.0885964 -0.315107 -0.110356 -0.308935 -0.131474 -0.301583 
1.785 -0.278893 0.196124 -0.274036 0.215104 -0.269008 0.231986 -0.263143 0.248261 -0.255908 0.265562 -0.248104 0.281393 -0.239666 0.296685 
1.326 -0.094672 0.189275 -0.0916668 0.198391 -0.088307 0.206471 -0.0847053 0.214243 -0.080419 0.222345 -0.0758742 0.229916 -0.0712768 0.237215 
4.328 0.29911 0.0297083 0.294334 0.0136576 0.289257 -0.000340541 0.283905 -0.0137907 0.27698 -0.0280779 0.269964 -0.0411649 0.262329 -0.0535639 
0.893 -0.0857691 0.362539 -0.0735744 0.372265 -0.062345 0.380445 -0.0507645 0.387998 -0.037971 0.395298 -0.0255236 0.401435 -0.0130047 0.407076 
0.775 -0.296699 0.305013 -0.2885 0.327931 -0.28002 0.348226 -0.270868 0.367608 -0.259675 0.387988 -0.248078 0.406525 -0.235817 0.424472 
1.42 -0.103575 0.120107 -0.104111 0.129485 -0.104171 0.137884 -0.103769 0.146319 -0.102935 0.155293 -0.101637 0.163628 -0.100048 0.172023 
4.102 0.0484591 -0.401739 0.0188663 -0.402158 -0.00747245 -0.401164 -0.0330956 -0.399084 -0.0609674 -0.395193 -0.0868098 -0.390212 -0.111995 -0.383804 
1.267 0.0998219 0.23516 0.105069 0.232721 0.10961 0.230426 0.114041 0.227981 0.118445 0.224946 0.122556 0.221878 0.126371 0.218893 
4.098 0.0135324 -0.135338 -0.000425773 -0.134346 -0.012746 -0.132792 -0.0245357 -0.130702 -0.0375296 -0.127699 -0.049391 -0.124251 -0.0609939 -0.120104 
3.176 -0.343953 0.0694288 -0.345576 0.0917653 -0.346023 0.111792 -0.345535 0.131378 -0.343763 0.15262 -0.340979 0.172337 -0.337351 0.191913 
0.896 -0.171374 0.322819 -0.16137 0.33758 -0.151831 0.350436 -0.141781 0.362491 -0.130372 0.374852 -0.118915 0.385855 -0.107208 0.39634 
3.898 -0.120696 -0.213409 -0.138898 -0.204401 -0.154777 -0.195593 -0.169768 -0.186306 -0.185647 -0.175281 -0.199953 -0.164147 -0.213469 -0.152308 
4.121 0.0292837 -0.156568 0.0139326 -0.156528 0.000335975 -0.155735 -0.0128407 -0.154403 -0.0272033 -0.152095 -0.0404752 -0.149258 -0.0535127 -0.145539 
3.652 -0.303547 -0.388728 -0.332201 -0.368383 -0.356851 -0.348926 -0.380022 -0.328886 -0.404016 -0.305552 -0.425314 -0.282514 -0.445213 -0.258556 
3.939 -0.102205 -0.214094 -0.120552 -0.206096 -0.136655 -0.198084 -0.151931 -0.189582 -0.168063 -0.179323 -0.182621 -0.168939 -0.19658 -0.157858 
3.592 -0.337789 -0.218888 -0.356363 -0.19689 -0.371979 -0.1765 -0.386247 -0.155866 -0.400583 -0.13247 -0.412805 -0.109816 -0.423762 -0.0868761 
4.07 -0.00975209 -0.170264 -0.025751 -0.167834 -0.0398858 -0.164921 -0.0533538 -0.161426 -0.0679198 -0.156748 -0.0813442 -0.151657 -0.0943806 -0.145843 
1.289 0.0772223 0.309122 0.0871996 0.307699 0.0960175 0.30608 0.104582 0.304093 0.113641 0.301289 0.122056 0.298144 0.130186 0.294902 
2.416 -0.365868 -0.140816 -0.380001 -0.117282 -0.391557 -0.0956681 -0.401695 -0.0739137 -0.41148 -0.0497709 -0.419342 -0.0265797 -0.425963 -0.00319597 
3.982 -0.0727572 -0.204506 -0.0905002 -0.198098 -0.10606 -0.191605 -0.120841 -0.184535 -0.136518 -0.175935 -0.150796 -0.167144 -0.164357 -0.157567 
0.802 -0.154253 0.374866 -0.141775 0.389189 -0.130229 0.401451 -0.118079 0.412999 -0.104376 0.424587 -0.0908694 0.43477 -0.0770408 0.444313 
4.117 0.0395562 -0.0380907 0.0313813 -0.0387481 0.0239751 -0.0388792 0.0169098 -0.0387213 0.00904926 -0.038041 0.00189366 -0.0370632 -0.00519456 -0.0355497 
4.074 0.032023 -0.412012 0.00180463 -0.411658 -0.0250727 -0.409869 -0.0511608 -0.407016 -0.079465 -0.402194 -0.105705 -0.396375 -0.131176 -0.389073 
4.035 -0.0357759 -0.158622 -0.050878 -0.154686 -0.0640671 -0.150494 -0.0767156 -0.145775 -0.0904052 -0.139826 -0.102581 -0.133661 -0.114565 -0.126756 
4.125 0.0628407 -0.396261 0.033612 -0.397469 0.00751599 -0.397254 -0.0178855 -0.395887 -0.0455628 -0.39282 -0.0712437 -0.38859 -0.0963614 -0.382964 
4.031 0.0724284 0.0844953 0.0717353 0.0815014 0.0708542 0.0789135 0.0699987 0.0763546 0.068709 0.0736137 0.0674218 0.070945 0.0659418 0.068582 
0.792 -0.343953 0.285838 -0.336547 0.311717 -0.32888 0.334563 -0.320169 0.356582 -0.309413 0.379828 -0.298096 0.401007 -0.285979 0.42151 
4.094 0.0333927 -0.341474 0.00723171 -0.341264 -0.0160702 -0.339887 -0.0386828 -0.337546 -0.0632938 -0.333552 -0.0860277 -0.328639 -0.108231 -0.322442 
1.252 0.108725 0.146131 0.108979 0.143206 0.109068 0.140682 0.109136 0.138168 0.108868 0.135416 0.108568 0.132807 0.108042 0.13043 
1.323 0.132694 0.163936 0.13388 0.159661 0.134694 0.155867 0.135453 0.152121 0.135756 0.1479 0.136017 0.143915 0.136007 0.140227 
4.047 -0.0220792 -0.133968 -0.0354948 -0.130699 -0.0472773 -0.127128 -0.0586572 -0.123169 -0.0708537 -0.118114 -0.081998 -0.112885 -0.0927517 -0.106988 
0.853 -0.248076 0.29611 -0.239564 0.315451 -0.231288 0.332331 -0.222192 0.348453 -0.211461 0.365352 -0.200456 0.380659 -0.18886 0.39529 
1.288 -0.0700178 0.246802 -0.0632333 0.254271 -0.0569049 0.26067 -0.0503609 0.266614 -0.0428878 0.27266 -0.0355867 0.277845 -0.0281689 0.282818 
2.102 -0.391892 -0.173689 -0.407891 -0.148754 -0.42102 -0.125766 -0.432607 -0.102691 -0.443938 -0.0767995 -0.453299 -0.0520337 -0.461427 -0.0269783 
0.927 -0.478866 0.244062 -0.471105 0.275183 -0.462903 0.302605 -0.453381 0.328931 -0.441355 0.356838 -0.428792 0.382616 -0.414986 0.407355 
0.85 -0.12549 0.363224 -0.113346 0.375662 -0.10203 0.386189 -0.0904092 0.39603 -0.0772932 0.405875 -0.0642964 0.414424 -0.0512018 0.422351 
1.39 0.166251 0.156403 0.16758 0.149664 0.168506 0.143698 0.16911 0.137667 0.169247 0.131117 0.169184 0.124868 0.168699 0.118876 
3.299 -0.239173 0.100247 -0.238918 0.116068 -0.237992 0.130254 -0.236362 0.143996 -0.233874 0.15893 -0.230681 0.172597 -0.226895 0.186357 
4.219 0.0991371 -0.0798658 0.0885182 -0.0839187 0.0788181 -0.0870269 0.0693065 -0.0896644 0.0585338 -0.0919265 0.0486156 -0.093513 0.0384944 -0.0944545 
2.869 -0.256294 0.163252 -0.253054 0.180919 -0.249495 0.196521 -0.245258 0.21165 -0.239775 0.227616 -0.233797 0.242354 -0.227205 0.256764 
2.191 -0.424764 -0.201082 -0.4429 -0.173549 -0.457914 -0.148093 -0.471265 -0.122644 -0.484424 -0.0940283 -0.495239 -0.0665665 -0.504586 -0.0388467 
0.823 -0.218628 0.328982 -0.208433 0.346759 -0.198616 0.362226 -0.188123 0.3768 -0.176012 0.391935 -0.163717 0.405478 -0.151053 0.418392 
3.586 -0.325462 -0.157937 -0.340326 -0.136868 -0.352765 -0.117337 -0.363961 -0.0977612 -0.374945 -0.0756801 -0.384087 -0.0544711 -0.392079 -0.0329364 
1.258 -0.0255034 0.263923 -0.0179185 0.26916 -0.0111358 0.273488 -0.00410561 0.277442 0.00371456 0.281271 0.0113053 0.284294 0.0188843 0.287167 
1.349 0.101876 0.300904 0.111332 0.298243 0.119597 0.295655 0.127659 0.292649 0.136118 0.288809 0.143931 0.284743 0.151381 0.280608 
1.59 -0.0905629 0.072853 -0.0938273 0.0815672 -0.0964537 0.0895089 -0.0985019 0.0974393 -0.100479 0.106191 -0.101734 0.114408 -0.102632 0.1228 
4.156 0.0553075 -0.121641 0.0423365 -0.123155 0.0305807 -0.123869 0.0192462 -0.124051 0.00689573 -0.123555 -0.00468344 -0.122501 -0.0161872 -0.120685 
4.043 -0.0220792 -0.116162 -0.0349344 -0.113099 -0.0462657 -0.10972 -0.0569722 -0.105953 -0.0686473 -0.101141 -0.0792232 -0.096055 -0.0895397 -0.0903841 
3.936 -0.102205 -0.119586 -0.11486 -0.11189 -0.12582 -0.104412 -0.136094 -0.0966498 -0.147022 -0.0875878 -0.156723 -0.0785272 -0.165873 -0.0689773 
1.308 0.0929736 0.289262 0.101773 0.28704 0.109436 0.284669 0.117006 0.282059 0.124764 0.278686 0.132041 0.275084 0.138914 0.271399 
2.52 0.152554 0.145446 0.153411 0.139323 0.153764 0.133836 0.154016 0.128456 0.153692 0.122473 0.153157 0.116866 0.152233 0.111528 
1.002 -0.152883 0.29748 -0.143954 0.310906 -0.135516 0.322584 -0.1267 0.333631 -0.116612 0.344935 -0.106473 0.354947 -0.09618 0.364612 
3.654 -0.288481 -0.249021 -0.308871 -0.229694 -0.326177 -0.211636 -0.342203 -0.19314 -0.358591 -0.17202 -0.372837 -0.151431 -0.385869 -0.130279 
1.27 -0.0453636 0.261868 -0.0378084 0.268213 -0.0309188 0.273529 -0.0237566 0.278458 -0.0158474 0.283271 -0.00808535 0.287315 -0.000358393 0.291084 
3.953 -0.0919326 -0.153143 -0.106528 -0.145941 -0.119284 -0.138864 -0.131381 -0.131408 -0.144115 -0.1225 -0.15553 -0.113548 -0.166529 -0.104004 
4.199 0.0854404 -0.0860293 0.0744845 -0.0895355 0.0644794 -0.092096 0.0549403 -0.0941193 0.044022 -0.0958028 0.0339465 -0.0967971 0.0239347 -0.097111 
1.273 -0.0570059 0.238584 -0.0508652 0.245333 -0.0451242 0.251249 -0.0392723 0.256687 -0.0325871 0.262181 -0.0259833 0.266956 -0.0193815 0.271472 
0.818 -0.289851 0.292686 -0.281999 0.315197 -0.273937 0.335125 -0.265128 0.354144 -0.254404 0.374245 -0.243141 0.39253 -0.231315 0.41013 
0.779 -0.328202 0.295425 -0.320371 0.320411 -0.312337 0.342426 -0.303363 0.363536 -0.292359 0.385886 -0.280748 0.406317 -0.268484 0.42595 
0.829 -0.187125 0.341309 -0.17648 0.357303 -0.166273 0.371248 -0.155518 0.38435 -0.143249 0.397779 -0.131008 0.40977 -0.118311 0.421164 
0.696 -0.267936 0.381715 -0.256048 0.403881 -0.24459 0.423266 -0.232179 0.441603 -0.217808 0.460761 -0.203325 0.477992 -0.188142 0.494356 
3.602 -0.314505 -0.176428 -0.330479 -0.155706 -0.343933 -0.136499 -0.356064 -0.117141 -0.368206 -0.0953014 -0.378417 -0.0742649 -0.387439 -0.0530384 
4.207 0.0922887 -0.0545268 0.0830829 -0.0583084 0.0748316 -0.0611653 0.0664811 -0.063695 0.0571946 -0.0658588 0.0487234 -0.067448 0.0399663 -0.0684304 
3.461 -0.371346 -0.207246 -0.389354 -0.183289 -0.404411 -0.161137 -0.417949 -0.138835 -0.431456 -0.113749 -0.442715 -0.0895058 -0.452735 -0.0648434 
0.819 -0.304232 0.288577 -0.29656 0.311907 -0.288833 0.332361 -0.280159 0.352013 -0.269651 0.372753 -0.258607 0.391618 -0.246874 0.409883 
1.56 0.19159 0.220093 0.196638 0.211523 0.20072 0.203789 0.204437 0.195981 0.207774 0.187019 0.210574 0.178767 0.212829 0.170412 
2.314 0.471689 0.237214 0.477777 0.210953 0.481971 0.187424 0.485102 0.164155 0.486842 0.13877 0.487239 0.114759 0.486324 0.0913721 
1.265 -0.0344062 0.243378 -0.0279339 0.248976 -0.0220907 0.253749 -0.0160116 0.258103 -0.00933468 0.262365 -0.00266416 0.26607 0.00382867 0.269489 
0.696 -0.283687 0.361855 -0.273061 0.385072 -0.262436 0.405471 -0.251032 0.424828 -0.237541 0.4449 -0.223651 0.463128 -0.209083 0.480573 
3.689 -0.261772 -0.327092 -0.286877 -0.309417 -0.308619 -0.292444 -0.328888 -0.274964 -0.350014 -0.25464 -0.368754 -0.234434 -0.386192 -0.213512 
4.07 -0.00221887 -0.10589 -0.0142307 -0.103776 -0.0248741 -0.101324 -0.0350592 -0.0984752 -0.0461168 -0.0947102 -0.0561489 -0.0906291 -0.0658876 -0.0859347 
0.725 -0.346007 0.31871 -0.337406 0.345031 -0.328602 0.368244 -0.318658 0.390506 -0.306648 0.414048 -0.294061 0.435454 -0.280695 0.456068 
4.191 0.0765375 -0.240803 0.056192 -0.243436 0.0379321 -0.244766 0.0201239 -0.245306 0.000588275 -0.2447 -0.0176049 -0.243273 -0.0354839 -0.240752 
0.758 -0.349432 0.301589 -0.341416 0.327968 -0.333222 0.351217 -0.323954 0.373547 -0.312618 0.397149 -0.300588 0.418783 -0.28784 0.439563 
4.031 -0.0241337 -0.0476784 -0.0326729 -0.0444302 -0.0402201 -0.0410634 -0.0472898 -0.0374009 -0.0548723 -0.0329869 -0.0616522 -0.0285659 -0.068142 -0.0235997 
3.66 -0.283002 -0.268196 -0.304352 -0.249304 -0.322572 -0.231436 -0.339476 -0.213149 -0.356812 -0.192246 -0.371992 -0.171767 -0.386028 -0.150655 
4.238 0.21145 0.0571018 0.208712 0.0458543 0.205719 0.0360135 0.202497 0.0264548 0.19815 0.0163005 0.193622 0.00696106 0.188599 -0.00178286 
3.363 -0.147404 -0.0278181 -0.154856 -0.0173734 -0.161103 -0.00773494 -0.166674 0.0020199 -0.172242 0.0129561 -0.176788 0.0234602 -0.180853 0.034384 
4.164 0.0683194 0.000260238 0.062552 -0.0022572 0.0573532 -0.00417762 0.0522881 -0.00580704 0.0464088 -0.00734575 0.0410181 -0.00849067 0.0353503 -0.00919114 
3.654 -0.285057 -0.329147 -0.310335 -0.310135 -0.332032 -0.291966 -0.352306 -0.273268 -0.373323 -0.251592 -0.391887 -0.230389 -0.409202 -0.208302 
0.711 -0.225476 0.385139 -0.213333 0.404772 -0.201628 0.421826 -0.189318 0.437934 -0.174878 0.45459 -0.160468 0.46943 -0.145565 0.483498 
3.639 -0.296699 -0.22916 -0.316034 -0.209567 -0.332444 -0.191186 -0.347483 -0.172575 -0.362851 -0.151249 -0.376157 -0.130505 -0.388239 -0.109386 
1.315 0.0854404 0.333776 0.0967087 0.331929 0.106485 0.329935 0.116166 0.327515 0.126316 0.324201 0.13571 0.320551 0.144753 0.316717 
4.18 0.248432 0.0920285 0.247394 0.0785024 0.245942 0.0665644 0.243871 0.0549451 0.240794 0.0424124 0.237204 0.0307706 0.2332 0.0196807 
3.564 -0.331626 -0.127804 -0.344941 -0.106263 -0.355863 -0.0864728 -0.365593 -0.0665408 -0.374987 -0.0443182 -0.382615 -0.022995 -0.389123 -0.00147322 
1.293 -0.0700178 0.262553 -0.0626629 0.269933 -0.0559243 0.276349 -0.0488963 0.282203 -0.0410307 0.288167 -0.0332719 0.293282 -0.0254686 0.298178 
0.697 -0.253554 0.383085 -0.241539 0.404455 -0.229936 0.423038 -0.217539 0.440643 -0.20317 0.458937 -0.188539 0.475331 -0.17347 0.490938 
1.479 0.155979 0.259814 0.163179 0.253321 0.16925 0.247335 0.175083 0.241156 0.180769 0.23403 0.185879 0.227078 0.190533 0.22016 
4.008 -0.0426243 -0.0784961 -0.0531967 -0.0743457 -0.0623955 -0.0700888 -0.0711336 -0.0655508 -0.0804859 -0.0600073 -0.0887954 -0.0543526 -0.096667 -0.0481527 
4.098 0.261444 0.100247 0.260774 0.086022 0.259514 0.0734071 0.257854 0.061223 0.255077 0.0480614 0.251936 0.035789 0.248133 0.0241153 
3.748 -0.204931 -0.173689 -0.220917 -0.159622 -0.23462 -0.146442 -0.247318 -0.13293 -0.260458 -0.117338 -0.271853 -0.102139 -0.282437 -0.0863632 
3.693 -0.261772 -0.372291 -0.289723 -0.354469 -0.313893 -0.337313 -0.336602 -0.319452 -0.360342 -0.298594 -0.381456 -0.277869 -0.401265 -0.256194 
1.254 -0.0193398 0.250226 -0.012669 0.255152 -0.00663145 0.259226 -0.000407005 0.262983 0.00634686 0.266551 0.0130042 0.269541 0.0196117 0.272312 
3.924 -0.113163 -0.0812354 -0.123561 -0.0727388 -0.132628 -0.064752 -0.140779 -0.0564984 -0.149669 -0.0470544 -0.157249 -0.0377499 -0.164062 -0.0280411 
3.158 -0.356965 0.0776469 -0.358531 0.100721 -0.358937 0.121412 -0.35844 0.141649 -0.356658 0.163613 -0.353682 0.18411 -0.350157 0.204424 
4.41 0.213505 -0.0737022 0.202976 -0.0846554 0.193029 -0.0938787 0.183076 -0.102462 0.1715 -0.111162 0.16035 -0.118716 0.148944 -0.125357 
1.654 -0.215203 0.231051 -0.208261 0.24629 -0.201548 0.259564 -0.194202 0.272359 -0.185474 0.285601 -0.176583 0.297572 -0.167338 0.309153 
0.732 -0.37614 0.306383 -0.368256 0.334598 -0.360099 0.359518 -0.350696 0.383501 -0.339172 0.408992 -0.326943 0.432297 -0.313736 0.454744 
4.223 0.238844 0.0749075 0.236954 0.0620058 0.234623 0.0506208 0.231974 0.0396601 0.228248 0.0278771 0.224233 0.0169593 0.219721 0.00662082 
3.738 -0.211779 -0.199712 -0.229145 -0.185308 -0.244052 -0.17164 -0.257919 -0.15758 -0.272197 -0.141525 -0.284764 -0.125769 -0.296348 -0.10945 
3.607 -0.300808 -0.14698 -0.31506 -0.127365 -0.327043 -0.109144 -0.337721 -0.0908248 -0.348391 -0.0701575 -0.357247 -0.0503674 -0.365032 -0.0301343 
4.293 0.156663 -0.0545268 0.147203 -0.0621192 0.138343 -0.0683246 0.129549 -0.0739786 0.119454 -0.0795792 0.109843 -0.0844378 0.100078 -0.0885206 
0.76 -0.364498 0.29474 -0.356871 0.322027 -0.349057 0.346062 -0.340059 0.369295 -0.328971 0.393852 -0.317154 0.416409 -0.304548 0.43808 
4.051 -0.00701274 -0.0558965 -0.0160098 -0.0540205 -0.0239804 -0.051978 -0.031595 -0.0495551 -0.0399213 -0.0465555 -0.0474627 -0.0432897 -0.0548186 -0.0395324 
1.287 -0.165895 0.269401 -0.15688 0.281847 -0.148363 0.292521 -0.139398 0.302591 -0.129216 0.312859 -0.11899 0.321912 -0.108615 0.330657 
0.958 -0.133708 0.324873 -0.123222 0.337316 -0.113622 0.34792 -0.103487 0.357932 -0.0921713 0.368046 -0.0807099 0.376979 -0.0692903 0.385282 
3.623 -0.293275 -0.162731 -0.308401 -0.143403 -0.3211 -0.125507 -0.332603 -0.107471 -0.344067 -0.0871373 -0.35378 -0.0675473 -0.362395 -0.0476233 
3.709 -0.245336 -0.349007 -0.271688 -0.332192 -0.294441 -0.316046 -0.315856 -0.299248 -0.33818 -0.279588 -0.358064 -0.260068 -0.37675 -0.239803 
3.627 -0.280263 -0.129859 -0.293633 -0.111291 -0.304718 -0.0940766 -0.314678 -0.0768493 -0.324531 -0.0574168 -0.33273 -0.0386741 -0.33985 -0.0197858 
0.757 -0.324777 0.309807 -0.31638 0.334724 -0.307832 0.356769 -0.298274 0.377872 -0.286775 0.400079 -0.27478 0.420327 -0.262028 0.439743 
2.824 0.298425 0.1927 0.302732 0.17662 0.305691 0.162152 0.308031 0.147882 0.30952 0.132189 0.31024 0.117428 0.310046 0.103045 
4.203 0.10941 0.0660047 0.107337 0.060839 0.10524 0.0564587 0.103045 0.0522201 0.100292 0.0477915 0.0975515 0.0437088 0.0945157 0.0400797 
3.691 -0.243967 -0.18807 -0.260839 -0.171588 -0.275268 -0.15621 -0.288581 -0.14044 -0.302216 -0.122461 -0.313981 -0.104963 -0.324726 -0.0869652 
3.65 -0.300123 -0.427763 -0.330876 -0.407891 -0.357411 -0.388766 -0.382351 -0.368771 -0.408384 -0.34553 -0.431603 -0.322507 -0.453346 -0.298463 
1.215 0.0505136 0.248856 0.0570747 0.249403 0.0628923 0.249713 0.068468 0.249711 0.0748184 0.249273 0.0804041 0.248514 0.085947 0.247642 
0.722 -0.331626 0.324873 -0.322505 0.350524 -0.313383 0.373044 -0.303171 0.394555 -0.290838 0.417198 -0.277989 0.437828 -0.264454 0.457824 
1.329 0.102561 0.271456 0.110608 0.268545 0.117565 0.265727 0.124374 0.262673 0.13132 0.258775 0.137725 0.254686 0.143751 0.250534 
1.297 -0.0926174 0.231735 -0.0868227 0.240819 -0.081225 0.248746 -0.0751866 0.256292 -0.0684853 0.263994 -0.0616718 0.270774 -0.0545988 0.277359 
4.086 0.00668402 -0.118217 -0.00607029 -0.116989 -0.0174208 -0.115282 -0.0283174 -0.113042 -0.0401987 -0.109955 -0.0510717 -0.106517 -0.0616407 -0.102444 
3.711 -0.239173 -0.247651 -0.259359 -0.231452 -0.276689 -0.216023 -0.292838 -0.200196 -0.309547 -0.18203 -0.324257 -0.164111 -0.337847 -0.145631 
4.309 0.166251 -0.087399 0.155134 -0.0954981 0.144849 -0.102219 0.134579 -0.108309 0.122901 -0.114252 0.111769 -0.119203 0.100527 -0.123317 
0.867 -0.465169 0.259814 -0.456994 0.290714 -0.448516 0.317964 -0.438622 0.344031 -0.426345 0.371782 -0.413345 0.397247 -0.399218 0.421701 
4.512 0.262128 -0.140816 0.247514 -0.154607 0.233823 -0.165991 0.220142 -0.176656 0.204378 -0.187233 0.189167 -0.196437 0.173676 -0.204383 
3.732 -0.188495 -0.0545268 -0.197448 -0.0413884 -0.204864 -0.0292698 -0.211477 -0.0171204 -0.218093 -0.00346754 -0.223496 0.00960474 -0.228131 0.0229421 
3.656 -0.259033 -0.116162 -0.271475 -0.0990997 -0.281855 -0.0832576 -0.291175 -0.0673748 -0.300484 -0.0494257 -0.308208 -0.0321917 -0.315029 -0.014575 
1.268 0.101876 0.209821 0.105836 0.207291 0.109141 0.204843 0.112528 0.202312 0.115737 0.199443 0.118693 0.196464 0.121393 0.193621 
3.766 -0.192604 -0.185331 -0.209235 -0.171909 -0.223492 -0.159075 -0.236735 -0.145964 -0.250452 -0.130903 -0.262498 -0.11608 -0.273598 -0.100751 
1.206 -0.252869 0.236529 -0.246326 0.254702 -0.239817 0.270608 -0.232565 0.286013 -0.223827 0.302106 -0.214709 0.316884 -0.205121 0.331076 
4.133 0.0381865 -0.101096 0.0263573 -0.101479 0.0157299 -0.101289 0.00553533 -0.100559 -0.00576583 -0.0991538 -0.0161982 -0.0973601 -0.0264551 -0.0948105 
4.559 0.284043 -0.140816 0.269368 -0.155757 0.255518 -0.168251 0.241645 -0.179873 0.225641 -0.19163 0.21014 -0.201837 0.194379 -0.210869 
3.678 -0.239858 -0.126435 -0.252899 -0.1104 -0.263883 -0.095529 -0.273794 -0.0805097 -0.283845 -0.0635419 -0.292271 -0.0471087 -0.299853 -0.0302636 
3.635 -0.302178 -0.282578 -0.324691 -0.262637 -0.343946 -0.243813 -0.361747 -0.224604 -0.380111 -0.202526 -0.396141 -0.180983 -0.410851 -0.158785 
3.652 -0.263142 -0.152459 -0.277676 -0.134902 -0.289914 -0.118523 -0.301059 -0.102079 -0.312257 -0.0834422 -0.321762 -0.0655548 -0.330198 -0.0472472 
3.711 -0.228215 -0.181907 -0.244785 -0.166457 -0.258997 -0.151808 -0.272062 -0.136962 -0.285423 -0.119997 -0.29706 -0.103362 -0.307754 -0.086187 
3.508 -0.128229 -0.0223394 -0.135376 -0.0130215 -0.141395 -0.00430941 -0.146761 0.0044552 -0.152273 0.0142812 -0.156731 0.0238025 -0.160741 0.033482 
3.678 -0.265197 -0.270251 -0.28677 -0.252473 -0.305308 -0.235497 -0.322562 -0.218 -0.340338 -0.198031 -0.355904 -0.178421 -0.370361 -0.158175 
3.676 -0.266566 -0.225736 -0.285524 -0.207801 -0.301715 -0.191 -0.316718 -0.173867 -0.331977 -0.1542 -0.345227 -0.134982 -0.357394 -0.115305 
3.654 -0.280948 -0.222997 -0.299779 -0.204326 -0.315771 -0.186829 -0.330511 -0.169006 -0.34554 -0.148716 -0.358522 -0.129046 -0.370415 -0.108872 
3.76 -0.191919 -0.167525 -0.207728 -0.154166 -0.221167 -0.14161 -0.233752 -0.128659 -0.246686 -0.113829 -0.257988 -0.099339 -0.268469 -0.0842389 
1.117 -0.200137 0.268717 -0.192606 0.284735 -0.185161 0.298736 -0.17732 0.312013 -0.167918 0.325862 -0.158394 0.338315 -0.14839 0.350347 
3.688 -0.262457 -0.306547 -0.286305 -0.289016 -0.306898 -0.272275 -0.326104 -0.25498 -0.346074 -0.235006 -0.363736 -0.215311 -0.380178 -0.194794 
3.771 -0.200137 -0.288741 -0.2227 -0.274741 -0.242289 -0.261091 -0.260733 -0.246949 -0.280029 -0.230463 -0.297218 -0.214022 -0.313397 -0.196909 
0.917 -0.156307 0.324873 -0.14594 0.338771 -0.13613 0.35074 -0.12579 0.362059 -0.114149 0.373555 -0.102505 0.38371 -0.0906464 0.393332 
3.779 -0.188495 -0.215464 -0.206841 -0.202301 -0.222659 -0.18972 -0.237433 -0.176719 -0.252811 -0.161794 -0.266474 -0.14683 -0.279185 -0.131377 
3.691 -0.233694 -0.144925 -0.247916 -0.129181 -0.259955 -0.114461 -0.270942 -0.0995051 -0.282047 -0.0825682 -0.291551 -0.0661122 -0.30014 -0.0493142 
3.582 -0.317244 -0.126435 -0.330348 -0.105752 -0.341126 -0.0867431 -0.35075 -0.0676099 -0.360088 -0.0461881 -0.367729 -0.0256383 -0.37429 -0.00484821 
0.711 -0.318614 0.332407 -0.309408 0.357145 -0.300006 0.378906 -0.289709 0.399823 -0.27741 0.421764 -0.264648 0.441668 -0.251114 0.460894 
3.75 -0.216573 -0.33805 -0.242214 -0.323184 -0.26441 -0.308547 -0.285368 -0.293428 -0.307326 -0.275478 -0.326994 -0.257697 -0.345512 -0.239073 
3.666 -0.276154 -0.236694 -0.295764 -0.218406 -0.312531 -0.201155 -0.328037 -0.183441 -0.343873 -0.163364 -0.357685 -0.143688 -0.370382 -0.123478 
3.705 -0.237803 -0.207246 -0.255688 -0.191107 -0.270974 -0.175809 -0.285113 -0.160249 -0.299642 -0.142635 -0.312266 -0.125194 -0.323887 -0.107345 
1.505 -0.363128 0.215984 -0.357385 0.240595 -0.351222 0.262375 -0.344097 0.283386 -0.335138 0.305778 -0.325602 0.326281 -0.315121 0.345989 
1.59 0.189536 0.239269 0.19565 0.230725 0.200638 0.22294 0.205296 0.215098 0.209641 0.206233 0.21334 0.197722 0.216478 0.189172 
0.717 -0.300808 0.333776 -0.291303 0.357571 -0.281708 0.378502 -0.271231 0.398443 -0.258942 0.419332 -0.246066 0.438425 -0.232587 0.456647 
3.668 -0.248076 -0.138762 -0.261882 -0.122233 -0.273552 -0.106884 -0.284076 -0.0913605 -0.294719 -0.0738203 -0.303762 -0.0568632 -0.311852 -0.0395349 
1.151 -0.0830297 0.312546 -0.0724996 0.320802 -0.0628266 0.327603 -0.0527709 0.333927 -0.0417316 0.339995 -0.0308066 0.345183 -0.0197743 0.350054 
1.376 0.112834 0.285153 0.12131 0.281944 0.128711 0.278692 0.135915 0.27523 0.143367 0.270901 0.150238 0.266443 0.15674 0.261976 
3.785 -0.18781 -0.273675 -0.209857 -0.26045 -0.228934 -0.247559 -0.246875 -0.234355 -0.265746 -0.218718 -0.282575 -0.203103 -0.29841 -0.186545 
4.418 0.219669 -0.0264484 0.211823 -0.0379181 0.204225 -0.0477045 0.196559 -0.0569152 0.187386 -0.0664306 0.178412 -0.0749269 0.169131 -0.0826351 
3.727 -0.230955 -0.292165 -0.25405 -0.276451 -0.273931 -0.261475 -0.292648 -0.245901 -0.312163 -0.227853 -0.329424 -0.209897 -0.345634 -0.191121 
3.678 -0.265881 -0.247651 -0.286126 -0.229849 -0.303419 -0.21314 -0.319496 -0.195929 -0.335993 -0.176296 -0.350377 -0.157077 -0.363701 -0.137159 
3.684 -0.255609 -0.204506 -0.273358 -0.187368 -0.288502 -0.171302 -0.302486 -0.15486 -0.316793 -0.136121 -0.329147 -0.117859 -0.340446 -0.0991016 
3.758 -0.21041 -0.355171 -0.236913 -0.340596 -0.25993 -0.326301 -0.281609 -0.31146 -0.304459 -0.293658 -0.324895 -0.2761 -0.344167 -0.257536 
1.449 0.260759 0.27625 0.269425 0.263119 0.27634 0.251218 0.282839 0.23902 0.2889 0.225282 0.293964 0.212075 0.298143 0.199026 
3.697 -0.253554 -0.360649 -0.280341 -0.34341 -0.303548 -0.326809 -0.325344 -0.309523 -0.348026 -0.289263 -0.368305 -0.269381 -0.387289 -0.248506 
3.77 -0.199452 -0.313395 -0.223655 -0.29934 -0.244693 -0.285679 -0.264499 -0.271439 -0.285301 -0.254733 -0.303898 -0.237964 -0.321345 -0.220417 
1.882 -0.197398 0.185166 -0.193438 0.199364 -0.189359 0.2119 -0.184598 0.22395 -0.178574 0.236829 -0.172205 0.248529 -0.165658 0.259753 
4.164 0.0580468 -0.249021 0.0377496 -0.25049 0.0195368 -0.250848 0.00187619 -0.250404 -0.0175064 -0.248783 -0.0355027 -0.246384 -0.0531203 -0.242903 
4.188 0.078592 -0.0600055 0.0691359 -0.0631897 0.0605094 -0.0655549 0.0518786 -0.0675217 0.0425709 -0.0690619 0.0336673 -0.0700914 0.0249223 -0.070452 
3.715 -0.238488 -0.323668 -0.263328 -0.307174 -0.284769 -0.291367 -0.304932 -0.274975 -0.325893 -0.255872 -0.344509 -0.236998 -0.361945 -0.217299 
3.99 -0.0659088 -0.12575 -0.0789717 -0.119825 -0.0904596 -0.113916 -0.101179 -0.10763 -0.112798 -0.100153 -0.123093 -0.0925587 -0.133017 -0.0844315 
3.549 -0.306972 -0.108629 -0.319259 -0.0884093 -0.329378 -0.0699304 -0.33828 -0.0513175 -0.347009 -0.0304847 -0.353968 -0.0106109 -0.359953 0.0095287 
3.674 -0.237803 -0.109999 -0.249949 -0.0940061 -0.260206 -0.0790753 -0.269437 -0.0641817 -0.27861 -0.0473298 -0.286296 -0.0310203 -0.293073 -0.0144048 
0.688 -0.283687 0.38103 -0.271971 0.404507 -0.260541 0.424847 -0.248211 0.444218 -0.233808 0.464447 -0.219099 0.482628 -0.203966 0.499931 
3.391 -0.141241 0.100247 -0.140927 0.109975 -0.140305 0.118604 -0.139218 0.127056 -0.137623 0.136164 -0.135631 0.144668 -0.133329 0.15303 
3.613 -0.291905 -0.112053 -0.304147 -0.09291 -0.314314 -0.0751498 -0.323285 -0.0573879 -0.332119 -0.0374029 -0.339231 -0.0184635 -0.345421 0.000929527 
3.709 -0.237803 -0.232585 -0.257145 -0.21641 -0.273705 -0.201021 -0.28912 -0.185278 -0.304989 -0.167259 -0.31888 -0.149529 -0.331716 -0.13125 
3.838 -0.108369 -0.0127517 -0.114781 -0.00471232 -0.120076 0.00286449 -0.124888 0.0105357 -0.12967 0.0191775 -0.133887 0.0274465 -0.13765 0.03594 
2.59 0.21556 0.1927 0.219003 0.182756 0.221694 0.173859 0.224003 0.165039 0.225772 0.155236 0.227093 0.14593 0.227912 0.136885 
4.074 0.000520477 -0.0819203 -0.0100134 -0.0803772 -0.0193307 -0.0786612 -0.0283006 -0.0762944 -0.0380857 -0.073365 -0.046996 -0.0701151 -0.0556668 -0.0663336 
0.922 -0.181646 0.308437 -0.172249 0.323836 -0.163328 0.337184 -0.153809 0.349978 -0.142834 0.363112 -0.131716 0.374847 -0.120325 0.386005 
3.832 -0.156992 -0.27162 -0.178718 -0.259904 -0.197597 -0.24855 -0.215385 -0.236742 -0.234159 -0.222581 -0.250939 -0.208454 -0.266831 -0.193687 
4.375 0.19433 -0.127804 0.180667 -0.13743 0.168014 -0.145351 0.155378 -0.152612 0.141086 -0.159575 0.127314 -0.165573 0.113442 -0.170504 
1.626 0.202548 0.187221 0.205505 0.177969 0.207747 0.169706 0.209668 0.161495 0.211061 0.15246 0.212011 0.143943 0.212426 0.135551 
3.91 -0.115902 -0.140816 -0.129803 -0.132317 -0.141933 -0.124094 -0.15324 -0.115562 -0.165069 -0.105522 -0.175671 -0.0955645 -0.185589 -0.0850382 
3.916 -0.117272 -0.0613752 -0.126645 -0.052795 -0.134672 -0.0446883 -0.142088 -0.036457 -0.149815 -0.0269843 -0.156333 -0.0177995 -0.16238 -0.00821576 
3.912 -0.115902 -0.227791 -0.134791 -0.219129 -0.151313 -0.210585 -0.166897 -0.201452 -0.183459 -0.190516 -0.198354 -0.179488 -0.212488 -0.167746 
4.219 0.295686 0.089974 0.294543 0.0735405 0.292717 0.059095 0.29034 0.0450968 0.286654 0.0300414 0.282537 0.0160295 0.277599 0.0028405 
1.165 -0.0213943 0.3598 -0.00859204 0.364757 0.00297405 0.368733 0.0146028 0.372086 0.0273071 0.374918 0.0394076 0.376905 0.0513978 0.378403 
3.643 -0.29259 -0.214779 -0.310958 -0.195351 -0.326518 -0.177249 -0.340703 -0.158889 -0.355196 -0.137937 -0.367652 -0.11776 -0.378995 -0.0969371 
3.693 -0.253554 -0.262033 -0.274766 -0.244956 -0.292939 -0.228811 -0.309922 -0.212118 -0.327399 -0.192873 -0.342768 -0.173898 -0.356983 -0.154317 
3.475 -0.359019 -0.123695 -0.372365 -0.100578 -0.383177 -0.0791833 -0.39265 -0.0576819 -0.401737 -0.0335264 -0.409004 -0.0105875 -0.415011 0.0125172 
1.339 0.08681 0.352267 0.0990517 0.350266 0.109758 0.348102 0.120232 0.345503 0.131394 0.341909 0.141709 0.337985 0.15163 0.333893 
3.979 -0.0720723 -0.10315 -0.083761 -0.0968872 -0.0938819 -0.0907458 -0.103446 -0.084329 -0.113663 -0.0767761 -0.122664 -0.0692119 -0.131188 -0.0611071 
3.918 -0.111793 -0.156568 -0.126581 -0.148272 -0.139416 -0.140234 -0.151344 -0.13179 -0.164195 -0.121852 -0.175383 -0.111869 -0.186123 -0.101391 
3.699 -0.247391 -0.221627 -0.266117 -0.205076 -0.2821 -0.189441 -0.29692 -0.173525 -0.312226 -0.155226 -0.325531 -0.137282 -0.337817 -0.118851 
1.261 0.102561 0.194069 0.105557 0.19152 0.108083 0.18897 0.110596 0.186434 0.113004 0.183658 0.115151 0.180868 0.117034 0.178115 
3.967 -0.0789207 -0.0853445 -0.0897945 -0.0787649 -0.0992197 -0.0723662 -0.10807 -0.0657355 -0.117482 -0.0579783 -0.125876 -0.0502321 -0.13365 -0.0420072 
2.184 -0.434351 -0.215464 -0.453583 -0.186966 -0.469568 -0.160831 -0.483874 -0.134528 -0.497961 -0.104901 -0.509497 -0.0764127 -0.519545 -0.0475336 
1.236 -0.00769758 0.309122 0.00246389 0.313216 0.0116478 0.316415 0.0208678 0.319166 0.0309421 0.321486 0.0406547 0.323072 0.0501346 0.32437 
3.576 -0.329571 -0.143556 -0.343687 -0.122188 -0.355431 -0.102585 -0.365876 -0.0828242 -0.37611 -0.0605968 -0.384533 -0.0394748 -0.391726 -0.017581 
3.83 -0.159732 -0.306547 -0.183437 -0.295004 -0.204149 -0.283636 -0.223678 -0.271769 -0.244326 -0.257507 -0.262937 -0.243134 -0.280571 -0.227909 
3.488 -0.252869 -0.0894535 -0.263982 -0.0725762 -0.273207 -0.0570463 -0.281393 -0.0413897 -0.289438 -0.0239008 -0.296064 -0.00709512 -0.301776 0.00987769 
3.738 -0.217258 -0.234639 -0.236667 -0.219749 -0.253407 -0.2055 -0.268995 -0.190984 -0.2852 -0.174108 -0.299449 -0.157494 -0.312716 -0.140289 
3.725 -0.235749 -0.378455 -0.263595 -0.362166 -0.287812 -0.346367 -0.310614 -0.329824 -0.334468 -0.310373 -0.355764 -0.291113 -0.375922 -0.270737 
3.896 -0.126174 -0.114792 -0.138662 -0.105727 -0.14941 -0.097027 -0.159304 -0.0880298 -0.169702 -0.0776742 -0.178996 -0.0674925 -0.187603 -0.0568263 
4.133 0.0470894 -0.0641145 0.0374511 -0.0651649 0.0287164 -0.0654005 0.0203075 -0.0654217 0.0110519 -0.0649256 0.00252826 -0.0639638 -0.00587258 -0.0624795 
3.188 -0.323408 -0.0928777 -0.334832 -0.0718137 -0.34389 -0.0524196 -0.35177 -0.03304 -0.35923 -0.0114683 -0.365065 0.00913241 -0.370071 0.029921 
4.172 0.0737981 -0.0127517 0.0671367 -0.0156033 0.0609813 -0.0178728 0.0549748 -0.0197946 0.0481595 -0.0214659 0.0417497 -0.0227956 0.0353427 -0.0235257 
3.637 -0.275469 -0.142871 -0.289513 -0.124655 -0.301321 -0.107648 -0.311966 -0.0905472 -0.322553 -0.0713324 -0.331443 -0.0527985 -0.339338 -0.033836 
1.521 0.193645 0.199548 0.197395 0.190787 0.200333 0.182886 0.202966 0.175065 0.205186 0.166477 0.206914 0.158039 0.208173 0.149976 
4.301 0.160088 -0.00179427 0.153723 -0.00985658 0.14769 -0.016733 0.141537 -0.0231989 0.134261 -0.0297779 0.127136 -0.0356753 0.11987 -0.0409184 
3.68 -0.25013 -0.16821 -0.265515 -0.151442 -0.278554 -0.135738 -0.290455 -0.119784 -0.302612 -0.101718 -0.312991 -0.084153 -0.322344 -0.0661282 
3.936 -0.098781 -0.101096 -0.110347 -0.0934199 -0.120413 -0.0860544 -0.129763 -0.0783927 -0.139583 -0.0694969 -0.148284 -0.060707 -0.156312 -0.0514219 
1.646 0.192275 0.161882 0.194011 0.15321 0.195104 0.145434 0.196 0.137757 0.196258 0.129313 0.196199 0.121249 0.195662 0.113593 
1.237 0.0758526 0.285838 0.0845899 0.284665 0.0922628 0.283242 0.0998408 0.281536 0.107683 0.27909 0.115025 0.276355 0.122112 0.273401 
3.535 -0.362444 -0.231215 -0.381741 -0.207707 -0.397813 -0.185829 -0.412493 -0.163764 -0.427081 -0.138863 -0.43952 -0.114918 -0.450563 -0.0903491 
4.219 0.103931 -0.0312423 0.0959674 -0.0356244 0.0885969 -0.0391131 0.0815045 -0.0422142 0.0733221 -0.0451436 0.0656741 -0.0474476 0.0579096 -0.0492181 
4.262 0.23405 0.035187 0.230156 0.0223519 0.225866 0.011228 0.221437 0.000501503 0.215653 -0.0108744 0.209707 -0.0212501 0.203358 -0.0309804 
3.619 -0.31382 -0.246281 -0.334004 -0.225643 -0.351186 -0.206239 -0.36698 -0.186646 -0.383045 -0.164484 -0.396907 -0.142497 -0.40959 -0.120209 
1.296 -0.0960416 0.247487 -0.0893412 0.25661 -0.0830166 0.264478 -0.0764153 0.271869 -0.0688355 0.279476 -0.0612395 0.286202 -0.0534868 0.292592 
3.607 -0.296699 -0.129174 -0.30994 -0.10956 -0.320938 -0.0913495 -0.330718 -0.0732239 -0.34034 -0.0528113 -0.348267 -0.0332153 -0.355182 -0.0134286 
4.336 0.182002 -0.151089 0.166895 -0.159937 0.153082 -0.167113 0.139421 -0.173479 0.123948 -0.179609 0.109266 -0.184533 0.0945669 -0.188444 
3.748 -0.215203 -0.320929 -0.239846 -0.306022 -0.261261 -0.291621 -0.281361 -0.27663 -0.302505 -0.258864 -0.321332 -0.241199 -0.339005 -0.222765 
3.895 -0.133708 -0.0839748 -0.144078 -0.0744745 -0.152834 -0.0654826 -0.160827 -0.0563222 -0.169364 -0.0459098 -0.176561 -0.0357396 -0.183499 -0.0252401 
0.84 -0.235749 0.310492 -0.226571 0.329116 -0.217729 0.345421 -0.208146 0.360896 -0.196864 0.377105 -0.185335 0.391665 -0.173379 0.405643 
3.799 -0.176852 -0.328462 -0.20194 -0.315853 -0.223746 -0.303476 -0.24439 -0.29045 -0.266175 -0.275073 -0.285754 -0.259531 -0.304341 -0.243094 
0.916 -0.250815 0.27762 -0.243143 0.297102 -0.235596 0.314109 -0.227384 0.330263 -0.217481 0.347365 -0.207151 0.362934 -0.196295 0.3779 
4.32 0.167621 -0.196288 0.149603 -0.204149 0.133206 -0.21025 0.117089 -0.215529 0.099026 -0.220248 0.0819598 -0.223782 0.0649606 -0.226201 
1.588 0.177893 0.292001 0.187053 0.284375 0.194884 0.277225 0.202302 0.26983 0.209773 0.261497 0.216432 0.253122 0.222518 0.244665 
3.795 -0.183016 -0.310656 -0.207125 -0.297761 -0.227947 -0.285264 -0.247696 -0.272055 -0.268475 -0.2565 -0.287102 -0.240931 -0.304709 -0.224477 
2.105 0.441556 0.226942 0.446939 0.202907 0.45051 0.181273 0.453329 0.16004 0.454817 0.13679 0.455306 0.11478 0.45452 0.0935004 
4.133 0.131324 0.0803862 0.129917 0.0739653 0.128575 0.068421 0.12683 0.0629945 0.124551 0.0572487 0.122212 0.0518984 0.119617 0.0470198 
4.172 0.0703739 -0.0798658 0.0597311 -0.0825386 0.0500813 -0.0843951 0.0406398 -0.0857834 0.030069 -0.0867741 0.0204135 -0.0870867 0.010582 -0.0868228 
4.188 0.0874949 -0.319559 0.0625163 -0.322326 0.0401815 -0.323629 0.0184109 -0.323938 -0.00539795 -0.322893 -0.0275462 -0.32078 -0.0493201 -0.31737 
3.801 -0.180277 -0.29559 -0.203419 -0.282687 -0.223493 -0.270191 -0.242419 -0.257069 -0.262316 -0.241678 -0.280145 -0.226123 -0.296983 -0.209813 
3.758 -0.204246 -0.225051 -0.223279 -0.210776 -0.239656 -0.197272 -0.254946 -0.18346 -0.270884 -0.167286 -0.284869 -0.151429 -0.29791 -0.135082 
3.645 -0.276839 -0.112053 -0.289058 -0.0937512 -0.299257 -0.0768872 -0.30832 -0.0599986 -0.317271 -0.0409405 -0.324566 -0.0226851 -0.330872 -0.00424208 
3.805 -0.172743 -0.342843 -0.198464 -0.330537 -0.220908 -0.318425 -0.242131 -0.305591 -0.264631 -0.290138 -0.284803 -0.2746 -0.303968 -0.258208 
3.553 -0.348747 -0.146295 -0.362983 -0.123464 -0.374706 -0.102648 -0.385028 -0.0817431 -0.395102 -0.0583057 -0.40323 -0.0360219 -0.410213 -0.0134157 
3.871 0.266922 0.131064 0.268154 0.116551 0.268535 0.10373 0.268521 0.0910681 0.267412 0.0773464 0.265897 0.0643778 0.26362 0.0520313 
4.051 -0.0152308 -0.0757567 -0.0255682 -0.0728635 -0.0347122 -0.0697686 -0.0433654 -0.0663915 -0.0526864 -0.0622019 -0.061076 -0.0577968 -0.0691755 -0.0528589 
3.729 -0.223421 -0.218888 -0.24204 -0.203582 -0.258005 -0.1892 -0.272844 -0.174382 -0.288152 -0.157357 -0.301636 -0.140644 -0.314087 -0.12328 
4.266 0.140227 0.00984797 0.134672 0.00293635 0.129368 -0.00290789 0.123999 -0.00842078 0.117597 -0.0140008 0.111472 -0.0190025 0.105038 -0.0236006 
3.77 -0.200137 -0.33668 -0.225726 -0.322463 -0.247865 -0.308826 -0.268854 -0.29436 -0.290847 -0.277476 -0.310564 -0.260461 -0.329168 -0.242525 
4.023 -0.0234488 -0.0168607 -0.0301719 -0.0138974 -0.0360775 -0.010994 -0.0415681 -0.00788462 -0.0475378 -0.0041497 -0.0528151 -0.000378286 -0.0579159 0.00382228 
1.038 -0.135077 0.284468 -0.126714 0.296915 -0.118817 0.307642 -0.110493 0.317838 -0.100929 0.328278 -0.0913509 0.337516 -0.0815219 0.346378 
3.523 -0.266566 -0.0942474 -0.277879 -0.0767137 -0.287238 -0.0605331 -0.295574 -0.0442747 -0.303753 -0.02606 -0.310428 -0.00867647 -0.316198 0.00905244 
1.797 -0.202876 0.198178 -0.197765 0.212504 -0.192609 0.225217 -0.186829 0.237362 -0.179923 0.250236 -0.172665 0.261956 -0.165085 0.2732 
0.87 -0.205616 0.318025 -0.19585 0.33503 -0.186364 0.349837 -0.176392 0.363966 -0.164778 0.378495 -0.153049 0.391517 -0.140899 0.40389 
3.941 -0.0802904 -0.0059033 -0.0862019 0.000491262 -0.0912469 0.00651574 -0.0959017 0.0126012 -0.100896 0.0194096 -0.105024 0.0260176 -0.108797 0.0329469 
1.181 -0.119326 0.246117 -0.112668 0.256423 -0.106254 0.265374 -0.0995204 0.273781 -0.0917836 0.282562 -0.0839129 0.290288 -0.0759325 0.297723 
3.781 -0.183016 -0.0791809 -0.193248 -0.0664141 -0.201861 -0.0545464 -0.209582 -0.0425938 -0.217399 -0.0290952 -0.2239 -0.0160714 -0.229788 -0.00276581 
4.281 0.1505 -0.087399 0.139497 -0.0949437 0.129196 -0.100883 0.119083 -0.106271 0.107556 -0.111473 0.0965734 -0.115834 0.0855214 -0.119325 
3.775 -0.187125 -0.201767 -0.204682 -0.188531 -0.219806 -0.175901 -0.233928 -0.162968 -0.248561 -0.148031 -0.261464 -0.133278 -0.273455 -0.117941 
4.469 0.242268 -0.015491 0.235184 -0.0285717 0.228158 -0.0396935 0.220955 -0.0502347 0.212201 -0.0613775 0.203657 -0.0713385 0.194562 -0.0803305 
4.32 0.168991 -0.0141214 0.162039 -0.0224377 0.155515 -0.0295225 0.148849 -0.0360929 0.141036 -0.0429433 0.133434 -0.0490801 0.125634 -0.0544209 
3.5 -0.328202 -0.112738 -0.340739 -0.0915393 -0.350969 -0.0718901 -0.360026 -0.0523965 -0.368836 -0.0303899 -0.375776 -0.00954167 -0.381759 0.0115204 
4.109 0.0217504 -0.123695 0.00849442 -0.12329 -0.0027491 -0.122113 -0.0137233 -0.120587 -0.025873 -0.118202 -0.0372986 -0.115441 -0.0484853 -0.111988 
3.936 -0.0994658 -0.134653 -0.113147 -0.12698 -0.125021 -0.1195 -0.136285 -0.111706 -0.148166 -0.102485 -0.158882 -0.093282 -0.169148 -0.0835071 
1.244 -0.0672785 0.305013 -0.0571831 0.312347 -0.0478713 0.318639 -0.0384148 0.324314 -0.02792 0.329789 -0.0177576 0.334323 -0.00745731 0.338565 
4.188 0.0840707 -0.00179427 0.0779367 -0.00532589 0.072311 -0.00809675 0.0668124 -0.0105714 0.0604985 -0.0129222 0.0545966 -0.0148501 0.0486424 -0.016166 
4.418 0.217614 -0.0538419 0.208207 -0.065172 0.199232 -0.0746334 0.190152 -0.0835997 0.179579 -0.0929453 0.169263 -0.100874 0.158722 -0.108127 
3.775 -0.195343 -0.247651 -0.215481 -0.233972 -0.232789 -0.220924 -0.249097 -0.207254 -0.2661 -0.191334 -0.28114 -0.1758 -0.295194 -0.159527 
1.536 0.164197 0.270771 0.172076 0.263982 0.178731 0.25772 0.18509 0.251245 0.191325 0.244047 0.196825 0.237006 0.201852 0.230131 
3.824 -0.163841 -0.291481 -0.186751 -0.279657 -0.206697 -0.268133 -0.225497 -0.256056 -0.245302 -0.241577 -0.263143 -0.227179 -0.279986 -0.211824 
3.967 -0.0796055 -0.135338 -0.0933139 -0.128786 -0.105288 -0.12225 -0.116699 -0.115449 -0.128693 -0.107294 -0.139438 -0.0990064 -0.14963 -0.090138 
3.668 -0.274099 -0.361334 -0.301079 -0.342781 -0.324273 -0.325047 -0.345933 -0.306701 -0.368628 -0.285201 -0.388669 -0.264157 -0.407529 -0.242081 
3.641 -0.296014 -0.297644 -0.31921 -0.277997 -0.33902 -0.259267 -0.35749 -0.240177 -0.37646 -0.218207 -0.393118 -0.196816 -0.408493 -0.174662 
1.351 0.112149 0.261183 0.119016 0.258088 0.125284 0.254934 0.130972 0.251743 0.137166 0.247641 0.142697 0.243523 0.147824 0.239482 
3.6 -0.311766 -0.160677 -0.32697 -0.140066 -0.339642 -0.121149 -0.351068 -0.101986 -0.362427 -0.0805694 -0.371871 -0.0598173 -0.380219 -0.0388889 
0.982 -0.0597452 0.346103 -0.0477101 0.353357 -0.0366711 0.359534 -0.0253966 0.364953 -0.0131007 0.370102 -0.00112503 0.374332 0.0108727 0.378083 
4.234 0.10941 -0.0894535 0.0980315 -0.0940862 0.0877113 -0.0976197 0.0774706 -0.100677 0.0661289 -0.103281 0.0553107 -0.105222 0.0445972 -0.106327 
3.809 -0.174113 -0.262033 -0.195562 -0.249675 -0.214192 -0.237684 -0.231695 -0.225135 -0.250039 -0.210378 -0.266484 -0.195745 -0.282008 -0.180142 
4.191 0.0758526 -0.166155 0.0598127 -0.168596 0.0454268 -0.169968 0.0314162 -0.170782 0.0159116 -0.170767 0.00160989 -0.169912 -0.0125399 -0.168205 
4.406 0.21419 -0.137392 0.199844 -0.148141 0.186586 -0.157095 0.173337 -0.165215 0.158349 -0.173187 0.143965 -0.179899 0.129437 -0.185618 
4.215 0.145706 0.0776469 0.144177 0.0702224 0.142497 0.0637359 0.14065 0.0574948 0.138414 0.0508413 0.135657 0.0446479 0.133268 0.0389596 
1.298 -0.0912478 0.271456 -0.0831525 0.280272 -0.0755408 0.287841 -0.0676292 0.294889 -0.0587493 0.30198 -0.0497581 0.308159 -0.0410259 0.313943 
4.102 0.027914 0.0050541 0.0219504 0.0050865 0.0166094 0.0053933 0.0114907 0.00594045 0.00578387 0.0068778 0.000590908 0.00802544 -0.00456803 0.0095848 
1.267 -0.12412 0.261183 -0.11647 0.271784 -0.109273 0.280963 -0.101777 0.289556 -0.0929795 0.29838 -0.0843003 0.30618 -0.0755307 0.313607 
1.216 0.0464046 0.263238 0.0535371 0.264105 0.0598688 0.264543 0.0664063 0.264775 0.0732016 0.264471 0.0796876 0.263757 0.0858566 0.263045 
4.164 0.0676346 0.0632653 0.0655566 0.0604323 0.0635471 0.0581294 0.061665 0.0559463 0.0591824 0.0535753 0.0568628 0.0515279 0.054618 0.0497315 
1.27 -0.113163 0.226942 -0.107553 0.236894 -0.102201 0.245617 -0.0964247 0.253896 -0.0897742 0.262388 -0.0828622 0.27003 -0.0757843 0.277437 
4.102 0.0265443 -0.0524723 0.0174613 -0.0523975 0.0094645 -0.0518579 0.0016863 -0.0509915 -0.00683844 -0.0496383 -0.0146881 -0.0479694 -0.0222977 -0.0456531 
4.375 0.198439 -0.144241 0.183761 -0.154142 0.170209 -0.162192 0.156812 -0.169434 0.141533 -0.176392 0.127018 -0.182296 0.112404 -0.187133 
1.362 0.154609 0.167361 0.15633 0.161403 0.15758 0.155991 0.158664 0.15059 0.159255 0.144586 0.159694 0.139099 0.159775 0.133851 
1.321 0.133379 0.14887 0.133945 0.144477 0.134181 0.140529 0.134391 0.136668 0.134205 0.132421 0.133876 0.12838 0.13328 0.124598 
1.257 -0.0289275 0.281729 -0.020601 0.286887 -0.0130768 0.291167 -0.00538015 0.295041 0.00304657 0.298731 0.0112836 0.301728 0.0194711 0.304444 
3.73 -0.23027 -0.346268 -0.256447 -0.33043 -0.279129 -0.315098 -0.300491 -0.299118 -0.322833 -0.280313 -0.342796 -0.261594 -0.361463 -0.242103 
4.293 0.147761 -0.143556 0.133012 -0.150528 0.119525 -0.155828 0.106303 -0.160671 0.091424 -0.164946 0.0772904 -0.168355 0.0631957 -0.170647 
1.282 -0.115217 0.276935 -0.106643 0.287197 -0.0985969 0.296096 -0.0903496 0.304229 -0.0809944 0.312555 -0.0715688 0.319922 -0.0622791 0.326814 
3.842 -0.147404 -0.324353 -0.172291 -0.31345 -0.194019 -0.302518 -0.214661 -0.290843 -0.236539 -0.276781 -0.256234 -0.262654 -0.274875 -0.24762 
4.027 -0.0412546 -0.181907 -0.0578468 -0.177559 -0.072508 -0.172934 -0.086515 -0.167808 -0.101681 -0.161339 -0.115362 -0.154539 -0.128474 -0.146909 
2.172 -0.395316 -0.327092 -0.421153 -0.300921 -0.443053 -0.2764 -0.463319 -0.251395 -0.483949 -0.222958 -0.501649 -0.195363 -0.51776 -0.167091 
4.477 0.245692 -0.149034 0.23071 -0.161818 0.216725 -0.172357 0.202775 -0.182122 0.186804 -0.191811 0.171428 -0.200097 0.155873 -0.207249 
3.795 -0.176852 -0.095617 -0.187964 -0.0834262 -0.197482 -0.0718397 -0.206111 -0.060208 -0.2149 -0.0468761 -0.22232 -0.0340117 -0.229081 -0.020819 
2.178 -0.440515 -0.199712 -0.458664 -0.17111 -0.473808 -0.144694 -0.487242 -0.118096 -0.500355 -0.0882365 -0.51098 -0.059672 -0.520122 -0.030722 
1.377 0.139543 0.210505 0.143683 0.205644 0.147205 0.200825 0.150411 0.196296 0.153523 0.190902 0.15627 0.185697 0.158663 0.180791 
1.163 0.0642104 0.389248 0.0786101 0.389194 0.0912962 0.388444 0.103912 0.387269 0.117222 0.385144 0.129711 0.382441 0.141818 0.379294 
1.391 0.136118 0.235844 0.141803 0.230778 0.146623 0.226302 0.151121 0.221489 0.155649 0.216077 0.159649 0.210701 0.163281 0.205383 
1.27 -0.0289275 0.218039 -0.0242125 0.223147 -0.0196399 0.227641 -0.0150388 0.23179 -0.0101599 0.235961 -0.0052183 0.239535 -0.00020336 0.242994 
3.584 -0.339159 -0.176428 -0.355362 -0.154144 -0.368825 -0.133602 -0.380932 -0.113052 -0.392944 -0.089933 -0.402919 -0.0675698 -0.41179 -0.0448958 
4.27 0.318285 0.0906588 0.317088 0.0730464 0.315333 0.0574769 0.312871 0.0423196 0.309048 0.0260324 0.304764 0.0108072 0.299566 -0.00364301 
4.352 0.184057 -0.0483632 0.175218 -0.0579782 0.166852 -0.0660486 0.158582 -0.0735695 0.148808 -0.0811683 0.139338 -0.087893 0.129754 -0.0937865 
3.838 -0.150144 -0.294905 -0.173199 -0.283739 -0.193337 -0.272773 -0.212368 -0.261117 -0.232477 -0.247332 -0.250483 -0.233403 -0.267658 -0.21866 
3.402 -0.123435 -0.00384879 -0.129372 0.00523748 -0.134322 0.013576 -0.138688 0.0219831 -0.143029 0.0314361 -0.146554 0.0404518 -0.149499 0.0497434 
3.809 -0.167265 -0.120271 -0.179842 -0.10847 -0.190528 -0.0974591 -0.200423 -0.0861402 -0.210603 -0.0731865 -0.219456 -0.0605708 -0.227615 -0.047614 
2.188 -0.402164 -0.270935 -0.424289 -0.245076 -0.442873 -0.221139 -0.459901 -0.196423 -0.477077 -0.168386 -0.491693 -0.141619 -0.504843 -0.114246 
1.29 -0.0754965 0.23242 -0.0697611 0.240285 -0.0642449 0.247188 -0.05833 0.253695 -0.0518204 0.260275 -0.0451274 0.266062 -0.03842 0.271665 
3.93 -0.0926174 -0.0120668 -0.0989746 -0.00495199 -0.104334 0.00172099 -0.109132 0.00849919 -0.114067 0.0161382 -0.118303 0.0235113 -0.122127 0.0311891 
1.525 0.250486 0.25639 0.258307 0.243174 0.264558 0.231213 0.270316 0.219321 0.27557 0.205899 0.279935 0.192874 0.283662 0.180604 
1.284 -0.0707026 0.27625 -0.062401 0.283946 -0.054703 0.290451 -0.0467047 0.296553 -0.0379784 0.302518 -0.0292329 0.30768 -0.0205341 0.312466 
4.066 0.00805369 -0.0106972 0.00175376 -0.00962247 -0.00389118 -0.0082994 -0.00920548 -0.00677966 -0.0150696 -0.00474893 -0.0203758 -0.00256346 -0.0255058 -1.09129e-05 
1.356 -0.118641 0.18996 -0.115146 0.200171 -0.111649 0.209295 -0.107784 0.21818 -0.103138 0.227433 -0.0982024 0.235903 -0.0929967 0.244083 
3.641 -0.278208 -0.159992 -0.293155 -0.141543 -0.30575 -0.124519 -0.317127 -0.107302 -0.328585 -0.0878986 -0.33826 -0.0692593 -0.346978 -0.0500889 
1.544 0.196384 0.31734 0.207148 0.307965 0.216213 0.299503 0.224712 0.290437 0.2333 0.280331 0.240907 0.27023 0.247925 0.260271 
1.299 -0.109738 0.257074 -0.102385 0.267046 -0.0955769 0.275666 -0.0881288 0.283754 -0.0799522 0.291983 -0.0717237 0.299257 -0.0634609 0.306242 
1.561 -0.254239 0.211875 -0.248473 0.229595 -0.242561 0.245109 -0.235976 0.259976 -0.228 0.275738 -0.219654 0.290141 -0.210773 0.304056 
1.44 0.183372 0.176948 0.185817 0.169028 0.187516 0.162077 0.189051 0.155199 0.190025 0.147508 0.190641 0.140249 0.190795 0.133072 
3.625 -0.309026 -0.261348 -0.330055 -0.240888 -0.347905 -0.221938 -0.36447 -0.202409 -0.381406 -0.180169 -0.396022 -0.158485 -0.409443 -0.136281 
4.297 0.154609 -0.16547 0.138613 -0.173012 0.123886 -0.17863 0.109492 -0.183657 0.0933447 -0.188227 0.0780722 -0.191747 0.0628016 -0.194273 
4.43 0.223778 -0.117532 0.210276 -0.12863 0.197647 -0.137684 0.185153 -0.146133 0.170818 -0.154474 0.15708 -0.161585 0.143171 -0.167645 
4.148 0.0587317 -0.0127517 0.052127 -0.0149653 0.0460435 -0.016481 0.0401864 -0.0178335 0.0335631 -0.0190086 0.0273873 -0.019909 0.0212285 -0.0202666 
1.071 0.00189015 0.368018 0.0150793 0.37148 0.0269026 0.374057 0.0386846 0.376103 0.0514631 0.377495 0.0635992 0.378101 0.0755248 0.378297 
1.27 -0.043994 0.276935 -0.0356894 0.282889 -0.0279852 0.288039 -0.0201347 0.292657 -0.011641 0.297072 -0.00350228 0.300717 0.00454026 0.304081 
3.922 -0.113847 -0.102465 -0.125499 -0.093969 -0.135597 -0.0858321 -0.144869 -0.0774362 -0.154728 -0.067749 -0.163186 -0.0581897 -0.171026 -0.0481311 
4.168 0.0758526 0.0125873 0.0703635 0.00963705 0.0653049 0.00731891 0.060291 0.0053008 0.0546635 0.00338289 0.0493105 0.00190366 0.0438953 0.000894165 
1.279 -0.406273 0.246802 -0.398384 0.273698 -0.390562 0.297358 -0.381564 0.320261 -0.370543 0.344357 -0.358872 0.366428 -0.346361 0.38787 
2.17 -0.411067 -0.309971 -0.436012 -0.282648 -0.457065 -0.257103 -0.47637 -0.231153 -0.495926 -0.201854 -0.512694 -0.173347 -0.527847 -0.144285 
1.274 -0.0570059 0.25365 -0.0497675 0.260652 -0.0431118 0.266613 -0.0362343 0.272086 -0.0286248 0.277521 -0.0210823 0.282146 -0.0135365 0.286549 
2.184 -0.427503 -0.232585 -0.447658 -0.204625 -0.464545 -0.178802 -0.479836 -0.152738 -0.494906 -0.123395 -0.507398 -0.0950025 -0.51834 -0.0663913 
1.303 -0.0850842 0.257759 -0.0779813 0.266171 -0.0714981 0.273386 -0.0645424 0.280148 -0.0568057 0.287065 -0.0490108 0.293138 -0.0411113 0.298896 
2.168 -0.400794 -0.342159 -0.427745 -0.315433 -0.450466 -0.290502 -0.471556 -0.265013 -0.493058 -0.235975 -0.511554 -0.207906 -0.528551 -0.178936 
4.008 -0.0385153 -0.0572661 -0.0475573 -0.0532118 -0.0554988 -0.0491486 -0.0629805 -0.0447888 -0.0710144 -0.0396048 -0.0781753 -0.0343242 -0.0850283 -0.028618 
1.525 0.17173 0.247487 0.17778 0.240547 0.182913 0.234495 0.187875 0.228745 0.192537 0.221457 0.196568 0.214116 0.200074 0.207062 
4.078 0.010793 -0.057951 0.00149937 -0.0569044 -0.00680002 -0.0554674 -0.0147547 -0.0538228 -0.0233941 -0.0514556 -0.0313684 -0.0488158 -0.0391025 -0.0457175 
2.18 -0.41997 -0.257239 -0.441554 -0.229557 -0.459723 -0.204081 -0.476214 -0.178014 -0.492698 -0.148683 -0.506462 -0.12041 -0.518698 -0.0916898 
1.283 -0.0535817 0.218039 -0.0486374 0.224548 -0.044381 0.230224 -0.0396456 0.235779 -0.0342841 0.241428 -0.0289038 0.246272 -0.0235519 0.251053 
4.086 0.00325983 -0.175743 -0.0127965 -0.173976 -0.0270344 -0.171616 -0.0408093 -0.168756 -0.0556433 -0.164739 -0.0694941 -0.160338 -0.0827127 -0.155034 
1.91 -0.14535 0.196809 -0.140594 0.208059 -0.13602 0.217841 -0.130932 0.227222 -0.125033 0.2371 -0.11887 0.246009 -0.112446 0.25474 
3.697 -0.250815 -0.240118 -0.270619 -0.223231 -0.287592 -0.207103 -0.30332 -0.190726 -0.319555 -0.171851 -0.333721 -0.153314 -0.346807 -0.134338 
3.756 -0.21041 -0.303123 -0.233882 -0.288727 -0.254243 -0.274815 -0.273449 -0.260229 -0.293563 -0.243264 -0.311487 -0.226291 -0.32835 -0.208561 
1.254 0.0833858 0.267347 0.0909137 0.265815 0.0972449 0.264264 0.103638 0.2625 0.110058 0.260001 0.116151 0.257273 0.121965 0.254494 
1.401 -0.112478 0.157773 -0.110954 0.167729 -0.109253 0.176615 -0.106989 0.185264 -0.104123 0.19438 -0.100937 0.202748 -0.0974692 0.211007 
3.248 0.437447 0.0680592 0.434374 0.0437278 0.430621 0.0222922 0.425998 0.00159171 0.41945 -0.0205997 0.41223 -0.0409451 0.404019 -0.0604154 
1.297 -0.106314 0.202287 -0.102331 0.212091 -0.0984082 0.220683 -0.0939321 0.228885 -0.0887046 0.237558 -0.083281 0.245266 -0.0775661 0.252715 
1.356 -0.413121 0.224202 -0.407213 0.251728 -0.400511 0.275949 -0.392772 0.299379 -0.382817 0.324173 -0.37209 0.34687 -0.360619 0.368852 
3.898 -0.12549 -0.0730174 -0.135479 -0.0638842 -0.144165 -0.0553135 -0.152002 -0.0464891 -0.160115 -0.0363788 -0.167185 -0.0265584 -0.17378 -0.0163429 
1.263 -0.0535817 0.290631 -0.0443623 0.297511 -0.0361017 0.303296 -0.0274738 0.308579 -0.0179528 0.313677 -0.0087306 0.317891 0.000182489 0.321839 
3.689 -0.259033 -0.342159 -0.284914 -0.324638 -0.307261 -0.307774 -0.3282 -0.29045 -0.349994 -0.270294 -0.369408 -0.250176 -0.387522 -0.229366 
0.798 -0.23164 0.334461 -0.221919 0.3536 -0.212338 0.370475 -0.202081 0.386493 -0.189981 0.403177 -0.177715 0.418231 -0.164833 0.432699 
4.234 0.25391 0.0721682 0.251752 0.0584057 0.249398 0.0464419 0.246627 0.0347938 0.242602 0.022282 0.238153 0.0106929 0.233179 -0.000116372 
3.914 -0.113163 -0.270251 -0.134814 -0.261375 -0.153756 -0.252384 -0.171824 -0.242881 -0.190965 -0.231382 -0.208303 -0.219707 -0.22467 -0.207029 
4.18 0.0703739 -0.221627 0.0513419 -0.223696 0.0342825 -0.224627 0.0175497 -0.224799 -0.000668083 -0.223843 -0.0175812 -0.222226 -0.0342614 -0.219521 
1.768 -0.221367 0.207081 -0.215818 0.222944 -0.210334 0.236824 -0.204171 0.250181 -0.196929 0.264409 -0.189204 0.277271 -0.181028 0.289733 
3.979 0.279249 0.124901 0.28031 0.109403 0.280471 0.0957396 0.280088 0.0822518 0.278566 0.0676716 0.276522 0.0539632 0.273601 0.0408388 
2.189 -0.362444 -0.388728 -0.391924 -0.364285 -0.417031 -0.341408 -0.440388 -0.317992 -0.464503 -0.290716 -0.485713 -0.264466 -0.505375 -0.23693 
1.346 0.117628 0.237214 0.123174 0.233833 0.128062 0.230616 0.132765 0.227047 0.137408 0.223086 0.141713 0.218756 0.145665 0.214567 
1.589 0.163512 0.319395 0.174226 0.312626 0.183465 0.306243 0.192309 0.299381 0.20135 0.291297 0.209448 0.283194 0.216983 0.275037 
3.898 0.117628 0.0968224 0.117221 0.0913798 0.116539 0.0866171 0.115746 0.0820407 0.11442 0.0770687 0.113049 0.0723767 0.111392 0.0680594 
4.34 0.184057 0.035187 0.179776 0.0259843 0.175531 0.0179643 0.171145 0.0105446 0.165692 0.00255756 0.16034 -0.00471696 0.154662 -0.0112431 
3.68 -0.245336 -0.155198 -0.260019 -0.138986 -0.272442 -0.12379 -0.283811 -0.108397 -0.295386 -0.0909628 -0.30522 -0.0739614 -0.314117 -0.0567154 
4.008 -0.0508424 -0.0963019 -0.0625103 -0.0917482 -0.0727717 -0.0869643 -0.0824517 -0.0820481 -0.0927719 -0.0758967 -0.102011 -0.0697203 -0.110715 -0.0629925 
2.178 -0.409012 -0.283947 -0.432179 -0.257266 -0.451766 -0.232321 -0.469721 -0.206968 -0.487807 -0.178209 -0.503186 -0.150556 -0.51709 -0.122318 
3.877 0.160772 0.10778 0.160704 0.0996801 0.160348 0.092527 0.159519 0.0857326 0.158194 0.0782574 0.156747 0.0712126 0.154719 0.0645465 
2.158 -0.434351 -0.299014 -0.458511 -0.270401 -0.478995 -0.243716 -0.49758 -0.216741 -0.516209 -0.186162 -0.532165 -0.156713 -0.546346 -0.126703 
3.654 -0.261088 -0.133283 -0.274587 -0.115801 -0.285907 -0.0996862 -0.296111 -0.0834021 -0.306364 -0.0649753 -0.314938 -0.0473277 -0.32256 -0.0292389 
1.646 0.208026 0.204342 0.212247 0.194814 0.215431 0.186328 0.218429 0.177733 0.220736 0.168014 0.222527 0.158675 0.223661 0.149466 
