4.234 -0.118641 -0.299699 -0.0601106 -0.298558 -0.00652039 -0.297314 0.0459901 -0.297934 0.100431 -0.300289 0.155067 -0.302858 0.210455 -0.306496 
4.066 -0.177537 -0.0990412 -0.117857 -0.0985395 -0.0639237 -0.0974313 -0.0116139 -0.0974693 0.0422353 -0.098667 0.0958789 -0.099541 0.149976 -0.100951 
4.254 -0.107684 -0.31545 -0.0492206 -0.314508 0.00437181 -0.313525 0.0569194 -0.31436 0.111438 -0.317075 0.166213 -0.320027 0.221723 -0.32412 
4.156 -0.16658 -0.298329 -0.107297 -0.296224 -0.0533187 -0.294122 -0.00077952 -0.293812 0.053356 -0.295254 0.107395 -0.296921 0.161846 -0.299691 
4.34 -0.0063279 -0.157937 0.0514153 -0.159032 0.105138 -0.159589 0.158569 -0.161503 0.214943 -0.164818 0.27219 -0.167856 0.330955 -0.1715 
3.357 0.122422 0.0755924 0.182151 0.0750887 0.238637 0.075947 0.295517 0.0763015 0.356287 0.0759192 0.418793 0.0766097 0.483673 0.0774238 
4.051 -0.200137 -0.14698 -0.140062 -0.145727 -0.0856774 -0.144015 -0.0332444 -0.143656 0.0206368 -0.144522 0.0741755 -0.145301 0.128091 -0.146774 
4.035 -0.178222 -0.0387755 -0.118516 -0.0389499 -0.0645956 -0.0382938 -0.0122788 -0.0384916 0.0415596 -0.0396222 0.095205 -0.0402096 0.149271 -0.041154 
4.184 -0.146035 -0.309286 -0.0870634 -0.307532 -0.0332594 -0.305776 0.0192329 -0.305908 0.0734761 -0.307778 0.127699 -0.309944 0.182456 -0.313178 
4.125 -0.115902 -0.036721 -0.0574594 -0.037266 -0.00414916 -0.0368491 0.0479643 -0.0373564 0.102211 -0.0387645 0.156757 -0.0395842 0.212188 -0.040749 
4.148 -0.172743 -0.325723 -0.113339 -0.323278 -0.0592682 -0.320934 -0.00665653 -0.320451 0.0474859 -0.321811 0.101463 -0.323477 0.155853 -0.326298 
4.211 -0.131653 -0.306547 -0.0729406 -0.305128 -0.019257 -0.303637 0.033206 -0.303989 0.0875887 -0.306159 0.141966 -0.308534 0.197062 -0.312016 
4.23 -0.043994 -0.0264484 0.0137214 -0.027363 0.0670284 -0.0272392 0.119801 -0.0279788 0.175413 -0.0296472 0.231794 -0.0307344 0.289484 -0.0320178 
4.219 -0.128914 -0.340104 -0.0701733 -0.338574 -0.016457 -0.337116 0.0360318 -0.337586 0.0903921 -0.33994 0.144808 -0.342606 0.1999 -0.346508 
4.184 -0.14535 -0.292165 -0.0864139 -0.290535 -0.0325917 -0.288897 0.0198508 -0.289027 0.0740708 -0.290903 0.128289 -0.29297 0.183081 -0.296089 
4.129 -0.184386 -0.300384 -0.124773 -0.297913 -0.070606 -0.29545 -0.0179819 -0.294849 0.0361207 -0.295928 0.0899938 -0.297271 0.144227 -0.299706 
4.203 -0.135762 -0.321613 -0.0770051 -0.319965 -0.0232587 -0.318364 0.0292189 -0.318599 0.0835711 -0.320719 0.137952 -0.323099 0.192986 -0.3266 
4.266 -0.0960416 -0.288056 -0.0377072 -0.287405 0.0158536 -0.286622 0.0683683 -0.287604 0.123022 -0.290357 0.177933 -0.29327 0.233726 -0.297231 
4.156 -0.138502 -0.16684 -0.0797145 -0.166118 -0.0261433 -0.165024 0.0260845 -0.165341 0.0801729 -0.167072 0.134441 -0.168642 0.189337 -0.17098 
0.876 -0.352171 0.350212 -0.285505 0.341673 -0.226407 0.336128 -0.170201 0.331051 -0.113346 0.326238 -0.0583379 0.323262 -0.00427309 0.321061 
4.176 -0.153568 -0.333941 -0.0945525 -0.33188 -0.0407092 -0.329853 0.0118134 -0.329752 0.0660295 -0.331448 0.120213 -0.333523 0.174939 -0.33669 
4.203 -0.139186 -0.372976 -0.0803898 -0.371025 -0.0265953 -0.369161 0.0259056 -0.36931 0.0802547 -0.371526 0.134574 -0.374069 0.189576 -0.377956 
3.977 -0.243967 -0.146295 -0.182549 -0.144523 -0.127293 -0.142387 -0.0742264 -0.141526 -0.0201242 -0.141911 0.0332089 -0.142167 0.0865761 -0.143205 
4 -0.2289 -0.141501 -0.168049 -0.139977 -0.113213 -0.138037 -0.0603636 -0.137413 -0.00642901 -0.137974 0.046972 -0.138388 0.100513 -0.139504 
1.247 0.21556 0.195439 0.277471 0.196546 0.336205 0.199308 0.395856 0.201891 0.460276 0.204252 0.526644 0.208137 0.595462 0.212488 
4.211 -0.129599 -0.357225 -0.0708496 -0.355576 -0.0171299 -0.354067 0.035383 -0.354526 0.0897248 -0.356875 0.144135 -0.359637 0.199201 -0.363645 
3.377 -0.258348 0.0755924 -0.196082 0.0738634 -0.140273 0.0735558 -0.0869349 0.0726836 -0.0324567 0.0714136 0.0209232 0.0710516 0.0742113 0.0708131 
4.18 -0.151513 -0.348322 -0.0924916 -0.346226 -0.0386355 -0.344185 0.0138844 -0.344111 0.0681207 -0.345883 0.122329 -0.348045 0.177065 -0.35135 
4.086 -0.161786 -0.0942474 -0.102587 -0.0939191 -0.0489205 -0.0929731 0.00326727 -0.0931014 0.0572091 -0.0943593 0.111053 -0.0953171 0.165472 -0.0967551 
4.238 -0.117956 -0.327777 -0.059421 -0.326541 -0.00579086 -0.325268 0.0467545 -0.325908 0.101208 -0.328365 0.15586 -0.331117 0.211242 -0.33502 
4.281 -0.0542665 -0.163416 0.00352333 -0.163905 0.0568779 -0.16389 0.109746 -0.165268 0.164969 -0.168073 0.220932 -0.170657 0.278051 -0.173861 
4.094 -0.178222 -0.16684 -0.11858 -0.165612 -0.0647828 -0.164024 -0.0123669 -0.163853 0.0415281 -0.16504 0.0952521 -0.166116 0.14955 -0.167967 
4.027 -0.217258 -0.167525 -0.156716 -0.165841 -0.102082 -0.163779 -0.0494696 -0.163107 0.0044802 -0.16382 0.0579668 -0.164372 0.111685 -0.165749 
4.129 -0.183016 -0.31545 -0.123423 -0.312908 -0.0692655 -0.310411 -0.0166222 -0.30979 0.0374949 -0.31092 0.0913963 -0.312317 0.14561 -0.31485 
4.18 -0.111793 -0.142871 -0.0533051 -0.14272 5.65894e-05 -0.141981 0.0522347 -0.142658 0.106492 -0.144565 0.161212 -0.146335 0.216984 -0.148717 
4.258 -0.098781 -0.304493 -0.0404282 -0.303694 0.0130725 -0.302832 0.0656416 -0.303759 0.120271 -0.306528 0.175171 -0.309519 0.230927 -0.313619 
4.227 -0.0802904 -0.142186 -0.0222462 -0.142393 0.0310561 -0.142058 0.0834983 -0.14309 0.138319 -0.145418 0.193546 -0.147491 0.24991 -0.150173 
4.156 -0.167265 -0.365443 -0.10799 -0.362835 -0.0539609 -0.360372 -0.00135902 -0.359985 0.0528128 -0.361498 0.106858 -0.363335 0.161328 -0.366467 
4.129 -0.185755 -0.33531 -0.126112 -0.332522 -0.0719027 -0.329875 -0.0192346 -0.329098 0.0348996 -0.330182 0.0887934 -0.331554 0.143008 -0.334133 
0.859 -0.0255034 0.391303 0.0334714 0.38882 0.0878809 0.388901 0.141482 0.389506 0.197683 0.39028 0.254278 0.393244 0.311849 0.397123 
0.864 -0.0843994 0.378291 -0.02485 0.374532 0.0294432 0.373395 0.082665 0.372682 0.138105 0.37231 0.193555 0.373911 0.249621 0.376423 
4.16 -0.161786 -0.313395 -0.102529 -0.31134 -0.0485793 -0.309304 0.00395955 -0.309126 0.0581309 -0.3107 0.112186 -0.312566 0.166655 -0.315576 
4.156 -0.167265 -0.348322 -0.107965 -0.345846 -0.0539633 -0.343485 -0.00138966 -0.343102 0.0527772 -0.344588 0.106834 -0.346403 0.161288 -0.349396 
4.199 -0.0645391 -0.032612 -0.00680746 -0.0333378 0.0464621 -0.033149 0.0989839 -0.0338006 0.154146 -0.0354527 0.21002 -0.0364852 0.267101 -0.0378556 
0.925 -0.287111 0.346103 -0.222806 0.338912 -0.165436 0.334592 -0.110526 0.330664 -0.0546031 0.326953 -0.000100158 0.325127 0.053857 0.324104 
3.994 -0.243282 -0.173004 -0.181964 -0.170909 -0.126861 -0.168501 -0.0736886 -0.167539 -0.0195592 -0.167818 0.0338413 -0.168071 0.0872702 -0.169186 
2.049 -0.324093 0.248856 -0.259466 0.24357 -0.201844 0.240657 -0.146804 0.23773 -0.0909646 0.234766 -0.0366069 0.233299 0.0169937 0.232539 
4.102 -0.129599 -0.0360362 -0.0710949 -0.0364384 -0.0177599 -0.0359952 0.0343784 -0.036372 0.0886137 -0.0377059 0.143006 -0.0384435 0.198245 -0.0394868 
1.055 -0.332311 0.303643 -0.266687 0.296744 -0.208314 0.292522 -0.152722 0.288574 -0.0964392 0.284712 -0.0417587 0.282523 0.0120987 0.281112 
1.378 0.000520477 0.239269 0.0589866 0.238118 0.113156 0.238984 0.166992 0.239871 0.22368 0.240707 0.281095 0.243006 0.339856 0.245838 
4.18 -0.152198 -0.365443 -0.0931735 -0.36317 -0.039308 -0.361044 0.0132204 -0.360952 0.0674679 -0.362751 0.121667 -0.364962 0.176429 -0.368418 
4.133 -0.141926 -0.140131 -0.0831865 -0.139584 -0.0296434 -0.138506 0.022533 -0.138756 0.0766473 -0.140311 0.130807 -0.141745 0.185731 -0.143759 
1.888 0.118997 0.15024 0.178599 0.150423 0.234809 0.152161 0.291358 0.153568 0.351745 0.154576 0.413717 0.156971 0.478098 0.159672 
0.805 -0.311081 0.396781 -0.245663 0.387759 -0.18759 0.381975 -0.132118 0.376827 -0.0758253 0.372047 -0.0211303 0.369302 0.0330261 0.367383 
4.105 -0.200137 -0.299699 -0.14016 -0.297018 -0.0857544 -0.294354 -0.0330515 -0.293507 0.0210611 -0.294365 0.0748373 -0.295481 0.128856 -0.297682 
1.181 0.25391 0.214614 0.316809 0.216382 0.376786 0.219768 0.437858 0.223105 0.503535 0.22618 0.571548 0.230929 0.642065 0.236061 
4.09 -0.172743 -0.143556 -0.113132 -0.142602 -0.0593796 -0.141199 -0.00707861 -0.141159 0.0468697 -0.142424 0.100639 -0.143457 0.15488 -0.14522 
4.125 -0.159047 -0.167525 -0.0998667 -0.166518 -0.0462084 -0.165167 0.00615873 -0.165223 0.0601987 -0.166637 0.114122 -0.167959 0.168671 -0.170053 
3.428 0.0820162 0.0680592 0.140664 0.067363 0.19592 0.0679994 0.251364 0.0681665 0.310356 0.0675519 0.370572 0.0679055 0.432836 0.0684527 
3.457 0.10941 0.0680592 0.16871 0.0676838 0.224501 0.0681833 0.280703 0.0683722 0.340652 0.0678891 0.402108 0.0682652 0.46578 0.0689886 
3.969 0.131324 0.0105328 0.191147 0.00939699 0.247796 0.00942015 0.304975 0.00873318 0.366041 0.00717044 0.428971 0.00640137 0.494457 0.00551903 
1.392 0.00873853 0.222832 0.0671285 0.221805 0.121339 0.222779 0.17531 0.223688 0.232161 0.224444 0.289857 0.226689 0.348903 0.229371 
4.211 -0.130968 -0.290796 -0.0722958 -0.289495 -0.0186063 -0.288089 0.0338435 -0.288461 0.0881918 -0.290606 0.142604 -0.292942 0.197717 -0.296327 
1.377 -0.0344062 0.0803862 0.0233146 0.0792563 0.0767783 0.0795253 0.129699 0.0793876 0.185332 0.0786761 0.241867 0.0790344 0.299426 0.0793285 
4.242 -0.0830297 -0.16958 -0.0249343 -0.169585 0.0282957 -0.169231 0.0807818 -0.170262 0.135558 -0.172734 0.190811 -0.175046 0.24705 -0.178052 
1.158 -0.322723 0.278989 -0.257896 0.272938 -0.200259 0.269469 -0.145096 0.266032 -0.0891732 0.262691 -0.03475 0.260942 0.0189479 0.259875 
1.443 -0.2515 0.285153 -0.189016 0.279915 -0.132943 0.277071 -0.0790998 0.274349 -0.0240085 0.271731 0.0299804 0.270777 0.0837757 0.270491 
1.986 -0.315875 0.219408 -0.25145 0.214788 -0.194018 0.212262 -0.139183 0.209693 -0.0835214 0.207049 -0.0294281 0.205877 0.0240385 0.205266 
4.105 -0.151513 -0.109999 -0.0926318 -0.109676 -0.0389861 -0.108699 0.0131444 -0.108888 0.0671831 -0.110243 0.121196 -0.111398 0.175832 -0.113037 
4.066 -0.187125 -0.142186 -0.127237 -0.141082 -0.0731038 -0.139537 -0.0207572 -0.139323 0.0331365 -0.140408 0.0867678 -0.141323 0.140727 -0.142892 
4.32 -0.0309821 -0.162731 0.0266863 -0.163639 0.0802171 -0.163856 0.133267 -0.165528 0.189182 -0.168627 0.245638 -0.171451 0.303522 -0.174942 
0.853 -0.069333 0.3824 -0.00993208 0.378887 0.044406 0.377947 0.0977278 0.377511 0.153431 0.37738 0.209072 0.379306 0.265551 0.382087 
4.211 -0.0665936 -0.0586358 -0.00888647 -0.059323 0.0443464 -0.0591099 0.0968518 -0.0598671 0.151998 -0.0616923 0.207765 -0.0630333 0.264759 -0.0646757 
3.969 -0.262457 -0.174373 -0.200683 -0.172096 -0.145083 -0.169476 -0.0917782 -0.168304 -0.037474 -0.168379 0.0159476 -0.168435 0.0692475 -0.1693 
1.71 0.0135324 0.0701137 0.0714288 0.0694553 0.125218 0.0698397 0.178986 0.0698137 0.235836 0.0691643 0.293585 0.0695605 0.352875 0.0698039 
1.658 0.0854404 0.12764 0.144238 0.127239 0.199575 0.128413 0.255174 0.129281 0.314224 0.129498 0.374613 0.131064 0.43704 0.13287 
1.404 -0.0576907 0.0797014 0.000349643 0.0784781 0.0537277 0.0786918 0.106464 0.0784344 0.161762 0.0776247 0.217661 0.0778499 0.274596 0.0780837 
0.853 -0.452157 0.355006 -0.380802 0.344814 -0.318194 0.337775 -0.259109 0.331312 -0.199991 0.32505 -0.143161 0.320748 -0.0880168 0.317151 
1.307 0.210081 0.174209 0.271788 0.175225 0.330403 0.17778 0.38988 0.180099 0.453811 0.182139 0.520077 0.185567 0.588737 0.18945 
4.246 -0.0672785 -0.136022 -0.00939646 -0.136375 0.0438651 -0.1362 0.0963844 -0.137233 0.151394 -0.139687 0.207057 -0.141836 0.263789 -0.144571 
1.653 0.136803 0.168045 0.196769 0.168404 0.253447 0.170367 0.310462 0.171963 0.371438 0.173271 0.434146 0.176005 0.499236 0.179187 
1.378 0.00325983 0.255705 0.0617554 0.254576 0.116051 0.255572 0.169931 0.256619 0.226747 0.257534 0.28426 0.260088 0.343133 0.263268 
4.219 -0.103575 -0.183961 -0.0452662 -0.183725 0.00809695 -0.183008 0.060435 -0.183787 0.114956 -0.186095 0.169791 -0.188253 0.22547 -0.191068 
0.853 -0.466539 0.352267 -0.394491 0.341985 -0.331228 0.334864 -0.271689 0.32827 -0.212029 0.322026 -0.155015 0.317596 -0.0995726 0.313814 
1.372 -0.00495822 0.215299 0.0532791 0.214083 0.107404 0.214956 0.161067 0.215591 0.217672 0.216258 0.274833 0.218087 0.333413 0.220515 
0.788 -0.299438 0.435132 -0.234507 0.425647 -0.176466 0.419369 -0.121187 0.413995 -0.0648295 0.40889 -0.0100354 0.406074 0.0441162 0.404283 
0.931 -0.366553 0.333776 -0.299182 0.325553 -0.239526 0.320292 -0.183032 0.315282 -0.125876 0.310552 -0.0705658 0.307686 -0.0163075 0.305513 
4.184 -0.119326 -0.172319 -0.0608536 -0.171844 -0.00741501 -0.170994 0.0448419 -0.171501 0.0991639 -0.173508 0.153653 -0.17536 0.209076 -0.177978 
1.666 0.0813313 0.105725 0.140082 0.105307 0.195302 0.106133 0.250863 0.106843 0.309876 0.10679 0.370174 0.107891 0.432508 0.109093 
0.825 -0.428873 0.362539 -0.3586 0.352403 -0.296898 0.345453 -0.238544 0.339017 -0.179976 0.332937 -0.123725 0.32875 -0.068873 0.325368 
1.182 -0.302178 0.267347 -0.23815 0.261891 -0.180873 0.258598 -0.126195 0.255576 -0.0704593 0.252446 -0.0162167 0.251029 0.0374409 0.250328 
4.141 -0.129599 -0.107259 -0.0710762 -0.107032 -0.0177017 -0.106301 0.0344563 -0.106621 0.088664 -0.108169 0.143106 -0.109481 0.198353 -0.111356 
3.98 -0.2289 -0.0867141 -0.167933 -0.0859455 -0.112961 -0.0845427 -0.0602527 -0.0843076 -0.006319 -0.0850609 0.0469921 -0.0854845 0.100424 -0.086393 
1.475 0.161457 0.242693 0.221996 0.243906 0.279143 0.246935 0.336856 0.249825 0.398605 0.252651 0.462242 0.257256 0.528084 0.262392 
4.109 -0.157677 -0.12712 -0.098654 -0.126466 -0.0449104 -0.12533 0.00725169 -0.125418 0.0612363 -0.126783 0.115215 -0.127953 0.169756 -0.1297 
4.262 -0.0255034 -0.0339816 0.03212 -0.0349205 0.0855555 -0.0348807 0.13865 -0.0356905 0.194698 -0.0375272 0.251627 -0.0387097 0.309872 -0.0402056 
0.865 -0.401479 0.350897 -0.332566 0.341623 -0.2719 0.335395 -0.214306 0.329707 -0.156443 0.324315 -0.100639 0.320601 -0.0460276 0.317835 
3.928 -0.279578 -0.16958 -0.217211 -0.167195 -0.16119 -0.164416 -0.107528 -0.163115 -0.053079 -0.163037 0.000407159 -0.162977 0.053615 -0.163672 
0.814 -0.452842 0.369388 -0.381571 0.358791 -0.318871 0.351349 -0.25974 0.344523 -0.200561 0.338053 -0.143736 0.33343 -0.0885371 0.329658 
1.107 -0.335735 0.288577 -0.270316 0.282126 -0.212154 0.27823 -0.156608 0.274531 -0.100328 0.270926 -0.0457258 0.268943 0.00811162 0.267674 
0.868 -0.420655 0.349527 -0.350796 0.340013 -0.289319 0.333523 -0.231171 0.327539 -0.172786 0.321918 -0.116653 0.318042 -0.0618105 0.314995 
2.844 0.00257499 0.043405 0.0603544 0.0423605 0.114112 0.0427611 0.16776 0.0424523 0.224644 0.0416603 0.282394 0.0415197 0.341631 0.0413581 
2.82 0.114204 0.123531 0.173611 0.123505 0.229668 0.125037 0.285979 0.126063 0.346009 0.126637 0.407655 0.128342 0.471461 0.130442 
1.771 0.0655801 0.0735379 0.124006 0.0728128 0.178714 0.0733911 0.233662 0.0735502 0.29195 0.0729309 0.351425 0.0733317 0.412711 0.073931 
1.296 0.223778 0.174894 0.28586 0.175978 0.345025 0.178609 0.405142 0.181035 0.469957 0.183221 0.537061 0.18681 0.606564 0.19078 
1.335 -0.0316669 0.115998 0.0261912 0.114781 0.0797509 0.115111 0.132793 0.115149 0.188611 0.114853 0.245096 0.115554 0.302764 0.116317 
4.137 -0.117272 -0.0593206 -0.0588021 -0.0596389 -0.00548343 -0.0591125 0.0466293 -0.0596774 0.100863 -0.0611436 0.155362 -0.0622226 0.210724 -0.0636971 
3.939 -0.279578 -0.183276 -0.217199 -0.180603 -0.161168 -0.17769 -0.10752 -0.176217 -0.0530143 -0.176093 0.000524406 -0.175984 0.0537251 -0.176711 
0.966 -0.343953 0.328982 -0.277789 0.321189 -0.219055 0.316303 -0.163195 0.31181 -0.106633 0.307484 -0.0517644 0.30497 0.00228164 0.303182 
3.955 -0.235749 -0.0483632 -0.174445 -0.0481654 -0.119562 -0.04717 -0.0666658 -0.0471073 -0.0126196 -0.0479278 0.0406467 -0.0482217 0.0940301 -0.0489465 
1.419 -0.0131763 0.0797014 0.044686 0.0786547 0.098252 0.0790195 0.151469 0.0789552 0.20758 0.0783394 0.26437 0.0786603 0.32249 0.0790785 
4.246 -0.10152 -0.259293 -0.0430864 -0.258835 0.0104237 -0.258043 0.0629405 -0.258962 0.117491 -0.261634 0.17235 -0.264354 0.228017 -0.268108 
0.879 -0.389152 0.342679 -0.320666 0.333737 -0.260292 0.327776 -0.203044 0.322321 -0.145351 0.317035 -0.0897029 0.313559 -0.0352135 0.310947 
1.536 0.0244898 0.089974 0.0824689 0.0889675 0.136546 0.089613 0.190566 0.0896738 0.247732 0.0892757 0.305887 0.0897427 0.365537 0.0904085 
4.223 -0.122065 -0.260663 -0.0634197 -0.259713 -0.00979021 -0.25853 0.0426459 -0.259137 0.0970573 -0.261489 0.151644 -0.263887 0.206896 -0.267331 
0.869 -0.436406 0.347473 -0.365907 0.337698 -0.303731 0.331036 -0.245111 0.324829 -0.186243 0.319041 -0.129814 0.314959 -0.0748567 0.311623 
4.074 -0.157677 -0.0689084 -0.0986364 -0.0689183 -0.0449926 -0.0680961 0.00720437 -0.068302 0.0612564 -0.069511 0.115187 -0.070342 0.169894 -0.071521 
3.992 -0.23164 -0.120956 -0.170434 -0.119706 -0.115558 -0.117932 -0.062678 -0.117402 -0.00867693 -0.118039 0.0447102 -0.118495 0.0981224 -0.119517 
1.475 0.0368169 0.244062 0.0954234 0.243533 0.150021 0.244832 0.204429 0.246199 0.261929 0.247315 0.320496 0.250242 0.380511 0.253652 
1.667 0.0888645 0.141337 0.147807 0.141174 0.203282 0.14251 0.259014 0.143539 0.318169 0.144012 0.378748 0.145734 0.441382 0.147854 
1.647 0.08681 0.240638 0.14601 0.240845 0.201592 0.24295 0.257243 0.244969 0.316404 0.246886 0.37695 0.25064 0.439391 0.254684 
3.873 -0.241227 0.013957 -0.179852 0.0130541 -0.124748 0.0133696 -0.0718848 0.0130704 -0.0177437 0.0119969 0.0355615 0.0117804 0.0888879 0.0115332 
0.857 -0.182331 0.533064 -0.120735 0.52492 -0.0650514 0.520248 -0.0111719 0.516412 0.0443854 0.513217 0.0991527 0.512516 0.1539 0.513027 
4.203 -0.0898781 -0.116847 -0.0318728 -0.117017 0.0213873 -0.11664 0.0737086 -0.11737 0.128269 -0.119392 0.183373 -0.121156 0.239389 -0.123441 
3.023 -0.322038 0.23516 -0.257389 0.230032 -0.199801 0.227163 -0.144917 0.224278 -0.0891809 0.221343 -0.0350118 0.219964 0.0185034 0.219131 
4.289 -0.022764 -0.091508 0.0347649 -0.0924531 0.0882941 -0.0926108 0.141464 -0.0938765 0.197498 -0.0963142 0.254285 -0.0983169 0.312573 -0.100725 
0.851 -0.043994 0.389933 0.0151057 0.386969 0.0694314 0.386441 0.122851 0.386556 0.178886 0.386848 0.23507 0.389368 0.292221 0.392742 
1.469 0.0224353 0.109834 0.0804925 0.109025 0.134562 0.109699 0.188511 0.110062 0.245536 0.109917 0.303522 0.110935 0.36292 0.112064 
1.746 0.103931 0.0927133 0.16301 0.0922286 0.21871 0.0931766 0.274795 0.0937552 0.3345 0.0936113 0.39572 0.0945179 0.458939 0.095693 
4.012 -0.217258 -0.120271 -0.157055 -0.119147 -0.102455 -0.117477 -0.0496765 -0.117078 0.00407612 -0.117803 0.0576398 -0.118317 0.111132 -0.119434 
3.771 -0.361759 -0.12438 -0.296376 -0.121951 -0.238094 -0.119197 -0.182678 -0.117562 -0.126889 -0.116898 -0.0727161 -0.116174 -0.0194732 -0.116026 
0.88 -0.337105 0.360485 -0.270809 0.352035 -0.212004 0.346591 -0.156062 0.341607 -0.0993885 0.336904 -0.0443129 0.334198 0.00980261 0.332216 
4.109 -0.157677 -0.140816 -0.0984639 -0.140054 -0.0447546 -0.138844 0.00749329 -0.138969 0.0613918 -0.140382 0.115281 -0.141635 0.169804 -0.143512 
4.297 -0.0248185 -0.116847 0.0329163 -0.117719 0.0864757 -0.117965 0.139443 -0.119355 0.195426 -0.122061 0.252305 -0.124381 0.310387 -0.127226 
3.27 0.140227 0.0660047 0.200368 0.0654782 0.257382 0.0662437 0.314798 0.0664498 0.376139 0.0659817 0.439433 0.0664396 0.505454 0.0670669 
1.608 0.0737981 0.179688 0.132556 0.179412 0.18779 0.180877 0.243032 0.182105 0.301738 0.182971 0.361688 0.185287 0.423518 0.187947 
0.788 -0.31245 0.441981 -0.247078 0.432224 -0.188881 0.425843 -0.133451 0.420214 -0.0770181 0.415003 -0.0223275 0.412006 0.0317463 0.410012 
1.36 -0.0111218 0.261868 0.0473703 0.260552 0.101654 0.261269 0.155313 0.262111 0.211835 0.262893 0.268948 0.265333 0.327398 0.268327 
3.729 -0.371346 -0.070278 -0.305484 -0.0689089 -0.246815 -0.0669199 -0.19105 -0.0659153 -0.13496 -0.0657006 -0.0806788 -0.0653691 -0.0273461 -0.0653208 
1.631 0.078592 0.162567 0.13735 0.162354 0.192598 0.163798 0.247925 0.164973 0.306691 0.165787 0.366715 0.167927 0.428706 0.17041 
3.824 -0.332995 -0.146295 -0.268712 -0.14361 -0.211193 -0.140643 -0.156369 -0.138955 -0.101113 -0.138175 -0.0472037 -0.137589 0.00590354 -0.137604 
4.004 -0.205616 -0.0469936 -0.145385 -0.046909 -0.0910688 -0.0460322 -0.0385815 -0.0460916 0.0151318 -0.0469983 0.0685633 -0.0474828 0.122245 -0.0482859 
3.969 0.0306533 0.0132722 0.0887217 0.0122673 0.142997 0.0123723 0.197207 0.0118689 0.254817 0.010459 0.313642 0.00991255 0.373829 0.00920271 
1.107 -0.310396 0.287892 -0.246027 0.28178 -0.188608 0.278218 -0.133649 0.274822 -0.0778378 0.271442 -0.0233884 0.269794 0.0303236 0.26887 
4.203 -0.094672 -0.142871 -0.0365299 -0.142946 0.0167152 -0.142459 0.0690428 -0.14329 0.123584 -0.14543 0.178607 -0.147379 0.234513 -0.149919 
3.934 -0.205616 0.013957 -0.145195 0.0132122 -0.0907573 0.0135394 -0.0382519 0.0132609 0.0157245 0.0121972 0.0691335 0.011889 0.122839 0.0114258 
1.415 0.00805369 0.107095 0.0659713 0.106131 0.119882 0.106729 0.173603 0.106942 0.230435 0.106773 0.288143 0.107616 0.347213 0.108634 
0.783 -0.381619 0.400205 -0.313393 0.389752 -0.253022 0.382678 -0.195892 0.376265 -0.138171 0.37014 -0.0824276 0.366152 -0.0278145 0.363149 
1.676 0.0943432 0.19133 0.153518 0.191442 0.209117 0.193101 0.26502 0.19483 0.324224 0.196087 0.385111 0.19894 0.447894 0.202152 
4.027 -0.215888 -0.14698 -0.155332 -0.145524 -0.100636 -0.143661 -0.0479487 -0.143132 0.00593548 -0.143831 0.0594129 -0.144435 0.113062 -0.145733 
1.367 -0.022764 0.0968224 0.0350152 0.095704 0.0886091 0.0961144 0.141709 0.0960475 0.197663 0.0955611 0.254415 0.0960775 0.312365 0.0966751 
1.688 0.0977674 0.153664 0.156955 0.153587 0.212651 0.155102 0.268611 0.156338 0.328135 0.157044 0.389112 0.159249 0.452133 0.161688 
1.287 -0.277524 0.270086 -0.214368 0.264774 -0.157776 0.26186 -0.103579 0.259058 -0.0482024 0.256358 0.00587959 0.255239 0.0596602 0.254884 
1.702 0.08681 0.0913437 0.145626 0.0908818 0.200949 0.0916508 0.256657 0.0922118 0.31576 0.0919449 0.37624 0.0928464 0.438772 0.0938811 
3.717 -0.371346 -0.0497329 -0.305466 -0.0488253 -0.246767 -0.0472006 -0.191032 -0.0464852 -0.134909 -0.0465197 -0.0806663 -0.0462324 -0.0273432 -0.0463501 
4.262 -0.10289 -0.329147 -0.0444808 -0.328178 0.00906862 -0.327223 0.061658 -0.328118 0.116237 -0.330878 0.171119 -0.333963 0.226814 -0.338184 
4.215 -0.0686481 -0.0853445 -0.0108833 -0.0857958 0.0423771 -0.0855169 0.0948543 -0.0863845 0.149961 -0.0883626 0.205709 -0.0897721 0.2626 -0.0919355 
1.035 -0.351486 0.309122 -0.285117 0.301685 -0.226343 0.296981 -0.170165 0.292609 -0.113544 0.288357 -0.0585808 0.28584 -0.00450073 0.284072 
1.637 0.0265443 0.0762772 0.0845708 0.0754182 0.13855 0.0759152 0.192552 0.0759432 0.249623 0.0753822 0.307839 0.0757764 0.36745 0.0761605 
1.575 0.0696891 0.230366 0.128569 0.230291 0.183913 0.232131 0.239028 0.233925 0.297675 0.235409 0.357427 0.238675 0.419124 0.242381 
0.987 -0.37888 0.319395 -0.311357 0.311396 -0.251614 0.306135 -0.194911 0.301237 -0.137703 0.296376 -0.082479 0.293532 -0.0283197 0.291089 
3.994 -0.219312 -0.070278 -0.158549 -0.0698031 -0.103846 -0.0685978 -0.0511719 -0.0684661 0.00275397 -0.0692764 0.0561349 -0.0697431 0.109607 -0.0706204 
1.432 0.000520477 0.0927133 0.0583268 0.091657 0.112106 0.0921903 0.165686 0.0922976 0.2223 0.091964 0.279727 0.0927064 0.338487 0.0935118 
1.272 -0.301493 0.248171 -0.237627 0.243016 -0.180571 0.240202 -0.125861 0.237438 -0.0704293 0.234618 -0.0161864 0.233306 0.0373642 0.232602 
1.41 -0.200822 0.249541 -0.139815 0.245495 -0.0848313 0.243671 -0.031678 0.241991 0.0228403 0.240318 0.0771528 0.240274 0.131184 0.240779 
3.736 -0.354225 -0.0243939 -0.288863 -0.0240958 -0.230517 -0.0229918 -0.17516 -0.0226406 -0.119388 -0.0230751 -0.0652817 -0.0229932 -0.0121463 -0.0232014 
1.245 -0.0905629 0.311861 -0.031446 0.308848 0.0226704 0.308062 0.0757493 0.307636 0.13107 0.307414 0.186484 0.308886 0.242605 0.311039 
1.403 -0.200137 0.272826 -0.138996 0.268509 -0.0840276 0.26652 -0.0306489 0.264723 0.0240035 0.26298 0.0782999 0.262943 0.132351 0.263507 
3.973 -0.222052 -0.0476784 -0.160883 -0.0474933 -0.106141 -0.046568 -0.0535864 -0.0465483 0.000386636 -0.0473787 0.0535908 -0.0478 0.107248 -0.0485752 
2.938 0.13064 0.122161 0.190692 0.122193 0.247462 0.123711 0.304672 0.124801 0.365967 0.125383 0.428868 0.127213 0.494354 0.129338 
1.394 -0.272045 0.237899 -0.208988 0.233137 -0.152581 0.230742 -0.0985027 0.228239 -0.0433198 0.225688 0.0105568 0.224829 0.0641755 0.224551 
0.797 -0.429558 0.378291 -0.359282 0.367825 -0.297442 0.360692 -0.238935 0.354027 -0.180202 0.34776 -0.123882 0.343391 -0.0689755 0.339882 
3.941 -0.219312 0.00573894 -0.158559 0.00513461 -0.10395 0.00551774 -0.0513345 0.00526761 0.00260985 0.00423567 0.0560026 0.00397267 0.109542 0.00344605 
1.236 -0.0665936 0.311177 -0.00764972 0.308559 0.0464131 0.308229 0.0996172 0.308208 0.155286 0.308308 0.211069 0.310221 0.267784 0.312798 
3.963 -0.223421 -0.0278181 -0.162517 -0.027924 -0.107921 -0.0270892 -0.0552293 -0.027197 -0.00123275 -0.0280822 0.0521876 -0.0284337 0.105633 -0.0291386 
3.789 -0.364498 -0.158622 -0.299139 -0.155429 -0.240848 -0.152161 -0.185356 -0.15 -0.129515 -0.14891 -0.0753022 -0.14798 -0.0219656 -0.147677 
0.791 -0.352856 0.394042 -0.28588 0.384422 -0.226529 0.377943 -0.17005 0.372018 -0.112908 0.366651 -0.0576762 0.363144 -0.00337751 0.360621 
4.121 -0.130968 -0.0791809 -0.0724464 -0.0792362 -0.0190646 -0.0785395 0.0330568 -0.0789421 0.0872226 -0.0804167 0.141607 -0.0814549 0.196809 -0.0829764 
4.414 0.0299685 -0.196288 0.0881927 -0.197971 0.142307 -0.199294 0.196616 -0.202021 0.253923 -0.206337 0.31236 -0.210408 0.372497 -0.215288 
4.016 -0.168634 0.0119025 -0.109212 0.0110733 -0.0554573 0.0114082 -0.00329023 0.0109911 0.0506782 0.00991326 0.104512 0.00953351 0.158751 0.00909771 
4.309 -0.0179701 -0.129174 0.0396425 -0.130168 0.0932377 -0.130452 0.146535 -0.132036 0.202434 -0.134912 0.2594 -0.137431 0.317723 -0.14055 
1.403 0.0114779 0.271456 0.0700979 0.270475 0.124381 0.271372 0.178516 0.272502 0.235413 0.273618 0.293264 0.276461 0.35236 0.279961 
3.451 -0.211094 0.0358718 -0.150762 0.0348198 -0.0962885 0.0350642 -0.043767 0.0344633 0.0101819 0.0334509 0.0636575 0.0331075 0.117316 0.0328387 
4.078 -0.14535 -0.0421997 -0.0864952 -0.0424841 -0.0329246 -0.0419384 0.0191988 -0.0422971 0.0732272 -0.0435648 0.127248 -0.0443017 0.18201 -0.0453921 
3.99 -0.209725 -0.0312423 -0.149372 -0.0313206 -0.0948048 -0.030499 -0.0423119 -0.0306256 0.0114933 -0.0315755 0.0649779 -0.0320008 0.118503 -0.0327666 
4.27 -0.0761813 -0.18944 -0.0181656 -0.189492 0.0351556 -0.18915 0.0876763 -0.190292 0.142569 -0.192985 0.197975 -0.195563 0.254487 -0.198774 
4.184 -0.0843994 -0.0675387 -0.0265118 -0.0680245 0.0267413 -0.0677285 0.0790467 -0.0684456 0.133791 -0.0701544 0.18905 -0.0715223 0.245365 -0.0731552 
1.401 0.166251 0.165306 0.226924 0.165888 0.284329 0.168007 0.342151 0.169777 0.404176 0.171249 0.468054 0.1741 0.534373 0.177354 
1.646 0.0874949 0.219408 0.146511 0.219677 0.202166 0.221685 0.257771 0.223528 0.316913 0.225173 0.377355 0.228375 0.43983 0.232166 
1.452 -0.226846 0.254335 -0.165236 0.24994 -0.109667 0.247852 -0.0562472 0.2458 -0.00138218 0.243839 0.052474 0.243468 0.106491 0.243682 
4.191 -0.0652239 -0.0141214 -0.00752875 -0.0149027 0.0457173 -0.0146576 0.0982778 -0.0152727 0.153421 -0.0167334 0.209278 -0.0175443 0.266351 -0.0185782 
4.016 -0.191919 -0.0346665 -0.132071 -0.0348079 -0.0778872 -0.0340894 -0.0255373 -0.0342335 0.0281379 -0.0352059 0.0817418 -0.0357006 0.13555 -0.0365053 
4.312 -0.0104369 -0.113423 0.0469839 -0.114471 0.100754 -0.114794 0.154193 -0.116331 0.21028 -0.119097 0.267684 -0.121465 0.326316 -0.124327 
1.751 0.116258 0.181742 0.175775 0.181999 0.231896 0.18382 0.288344 0.185437 0.348519 0.186799 0.410276 0.189618 0.474264 0.192833 
3.963 -0.233009 -0.0668539 -0.171758 -0.0663733 -0.116902 -0.0651252 -0.0643175 -0.0649502 -0.0101152 -0.0657091 0.0431541 -0.0660316 0.0963727 -0.0668268 
0.807 -0.409012 0.372812 -0.339651 0.362793 -0.278574 0.355936 -0.220727 0.349678 -0.16263 0.343742 -0.106538 0.339689 -0.0517311 0.336475 
0.801 -0.325462 0.389933 -0.259599 0.380803 -0.201041 0.374972 -0.145148 0.36967 -0.0885754 0.364694 -0.0336651 0.361671 0.0205117 0.359593 
4.094 -0.152883 -0.0819203 -0.0938754 -0.0817339 -0.0402765 -0.080929 0.0118927 -0.0811764 0.0658681 -0.0825054 0.119829 -0.0834771 0.174417 -0.0849166 
1.253 0.23542 0.185851 0.297952 0.18713 0.357341 0.189941 0.417825 0.192564 0.483156 0.195064 0.550612 0.198994 0.620564 0.203289 
0.775 -0.404219 0.405684 -0.334993 0.394526 -0.273811 0.386974 -0.216007 0.380096 -0.157791 0.373621 -0.101782 0.369152 -0.0469536 0.365657 
0.792 -0.394631 0.389933 -0.325817 0.379556 -0.265274 0.372524 -0.20773 0.366138 -0.149722 0.360037 -0.0940352 0.355985 -0.0392351 0.352645 
4.234 -0.00495822 0.0255992 0.0527856 0.0246378 0.106471 0.0250454 0.160106 0.0246211 0.216757 0.0235048 0.27446 0.0231859 0.333602 0.022755 
4.156 -0.105629 -0.0675387 -0.0474338 -0.0679981 0.0058026 -0.0674484 0.0579968 -0.0680756 0.112463 -0.0695892 0.16727 -0.0707951 0.223069 -0.0722939 
3.398 0.0957129 0.0680592 0.154585 0.0674316 0.210067 0.0681348 0.265952 0.0682824 0.325253 0.0677705 0.386213 0.0682107 0.449302 0.0687228 
1.551 0.155979 0.154349 0.216401 0.154716 0.273597 0.156721 0.331184 0.158183 0.393011 0.15942 0.456554 0.161937 0.522679 0.164709 
1.486 0.0402411 0.309807 0.0990644 0.309252 0.15381 0.310854 0.208362 0.312616 0.265942 0.314428 0.324455 0.318169 0.384409 0.322593 
4.164 -0.0843994 -0.0209697 -0.0263902 -0.0215734 0.0267767 -0.0213452 0.079108 -0.022184 0.133779 -0.0235298 0.189098 -0.0242062 0.245368 -0.0250741 
1.417 -0.27136 0.257759 -0.208363 0.25273 -0.151875 0.249996 -0.0977752 0.247396 -0.0425637 0.244772 0.0113943 0.243684 0.0651081 0.243278 
0.757 -0.432297 0.418696 -0.36185 0.406831 -0.299582 0.398418 -0.240849 0.39074 -0.181848 0.383512 -0.12524 0.378384 -0.0701513 0.374314 
4.07 -0.185755 -0.123011 -0.125968 -0.122127 -0.0718957 -0.120816 -0.0195353 -0.120697 0.0343914 -0.121826 0.0880104 -0.122712 0.141998 -0.124203 
3.766 0.0498288 0.0214902 0.107961 0.0205358 0.162552 0.0207014 0.217394 0.0201853 0.275548 0.0188803 0.335209 0.0183432 0.39638 0.0177213 
4.352 0.0217504 -0.114108 0.0796124 -0.115568 0.133663 -0.116199 0.187708 -0.118016 0.244871 -0.121091 0.303034 -0.123746 0.362875 -0.126874 
4.395 0.0772223 -0.0483632 0.135822 -0.0498981 0.190956 -0.0504634 0.246464 -0.0518563 0.305584 -0.0542917 0.365964 -0.0560774 0.428396 -0.0581802 
4.246 -0.0398849 -0.0415149 0.0177903 -0.0424347 0.0710992 -0.0423639 0.123901 -0.0431878 0.179553 -0.0449157 0.235947 -0.0461205 0.293677 -0.0475365 
1.33 -0.0433091 0.10641 0.0146295 0.105089 0.0680167 0.105292 0.120836 0.105354 0.176308 0.104863 0.232431 0.105288 0.289693 0.105997 
0.947 -0.328886 0.3372 -0.26334 0.329524 -0.205078 0.324735 -0.149527 0.320381 -0.0931779 0.31619 -0.0384078 0.313792 0.0155076 0.312237 
0.825 -0.0419395 0.404314 0.0171823 0.401145 0.0715491 0.400748 0.125079 0.40078 0.1811 0.40123 0.237286 0.403797 0.294544 0.40721 
4.363 0.0594165 -0.0476784 0.117771 -0.0490051 0.172484 -0.0494277 0.227455 -0.0507601 0.285799 -0.0531386 0.345405 -0.054898 0.406939 -0.0568458 
1.62 0.0765375 0.199548 0.135399 0.199283 0.190672 0.200825 0.245932 0.20219 0.304672 0.203125 0.36459 0.2058 0.426479 0.208661 
1.499 0.171045 0.150925 0.23186 0.151421 0.289416 0.15335 0.347622 0.154945 0.410029 0.156138 0.474472 0.158754 0.541259 0.161602 
4.164 -0.104945 -0.0853445 -0.0467461 -0.0855617 0.00650729 -0.0850857 0.0586589 -0.0856461 0.113163 -0.0874167 0.167955 -0.0887424 0.223765 -0.0905153 
0.926 -0.407643 0.332407 -0.338231 0.323404 -0.277424 0.317532 -0.220162 0.312125 -0.162288 0.306872 -0.106308 0.303363 -0.0519857 0.300644 
1.307 0.19296 0.182427 0.254159 0.183302 0.312273 0.185663 0.370969 0.18781 0.434027 0.189682 0.499198 0.193032 0.566879 0.196711 
4.258 -0.0200247 -0.0209697 0.0375614 -0.0219277 0.0910465 -0.0218351 0.144239 -0.0226096 0.200354 -0.0242831 0.25743 -0.0253247 0.315973 -0.0266232 
0.771 -0.302863 0.454992 -0.237703 0.445051 -0.179706 0.438527 -0.124259 0.432796 -0.0678863 0.427557 -0.0131155 0.424471 0.0409384 0.422486 
2.924 0.0464046 0.0673743 0.104549 0.0663905 0.159071 0.0671404 0.213901 0.0672052 0.271964 0.0665187 0.331292 0.067025 0.392316 0.0674657 
3.996 -0.224106 -0.105205 -0.163178 -0.104151 -0.108473 -0.102623 -0.0553901 -0.102213 -0.00161571 -0.102903 0.0518466 -0.103391 0.10537 -0.1044 
4.082 -0.149459 -0.0558965 -0.0906352 -0.0560311 -0.0370876 -0.0553792 0.0150186 -0.0556656 0.0690605 -0.0568993 0.123066 -0.0576539 0.177838 -0.0587831 
1.45 0.0251746 0.215299 0.0835977 0.21464 0.138067 0.215563 0.19233 0.216701 0.249655 0.217673 0.307775 0.219976 0.367533 0.222703 
3.227 0.0464046 0.0386111 0.104512 0.0376832 0.159034 0.0381061 0.213848 0.0377794 0.271735 0.0368838 0.331368 0.0367364 0.392191 0.0366387 
4.188 -0.0912478 -0.0853445 -0.0332144 -0.0856422 0.019947 -0.0852721 0.07227 -0.0859193 0.126908 -0.0878319 0.182092 -0.0892275 0.23824 -0.0911402 
0.785 -0.366553 0.398836 -0.298909 0.388694 -0.239061 0.381906 -0.182261 0.375669 -0.12503 0.369923 -0.0694934 0.366165 -0.0151346 0.363375 
1.579 0.0690042 0.21256 0.127811 0.212412 0.183012 0.214096 0.238172 0.21551 0.296768 0.216732 0.356458 0.219748 0.418152 0.223058 
1.521 0.0484591 0.196809 0.107051 0.196552 0.161798 0.197768 0.216361 0.199 0.274194 0.199671 0.333102 0.202047 0.393869 0.204795 
2.934 0.0101082 0.0557321 0.0678437 0.0545953 0.121668 0.0549465 0.175404 0.0547821 0.232429 0.0540221 0.290285 0.0539329 0.349919 0.0543147 
1.713 0.102561 0.178318 0.161883 0.178415 0.217834 0.180144 0.273975 0.181657 0.333777 0.182888 0.395147 0.185587 0.458568 0.188706 
1.38 0.199808 0.157773 0.261259 0.158317 0.319757 0.160688 0.378859 0.1624 0.442501 0.163912 0.508355 0.16693 0.576791 0.170162 
1.447 -0.237118 0.208451 -0.175304 0.204642 -0.119888 0.202948 -0.0664915 0.201156 -0.0118905 0.199344 0.041966 0.198895 0.0955815 0.199011 
4.238 -0.0659088 -0.119586 -0.0080876 -0.119966 0.0451841 -0.119734 0.0976943 -0.120745 0.152742 -0.123056 0.208441 -0.125005 0.265279 -0.127514 
1.319 -0.0631694 0.194069 -0.0046933 0.192228 0.0491142 0.192243 0.101992 0.192278 0.157429 0.192117 0.213211 0.1934 0.270064 0.195018 
4.41 0.0916039 -0.0394603 0.150428 -0.0409569 0.205896 -0.0416734 0.261803 -0.0430426 0.321276 -0.0452602 0.38224 -0.047027 0.445364 -0.0488987 
1.633 0.0724284 0.120792 0.131082 0.120371 0.186078 0.121306 0.241243 0.121972 0.299875 0.122137 0.359766 0.123595 0.421476 0.125012 
4.238 -0.100836 -0.240118 -0.042434 -0.23957 0.0110016 -0.238822 0.0633112 -0.239727 0.117979 -0.242253 0.172729 -0.244775 0.228401 -0.248226 
4.055 -0.160416 -0.0380907 -0.101593 -0.0383214 -0.0477569 -0.0377888 0.00420077 -0.0380352 0.0581348 -0.0391885 0.11177 -0.0397732 0.166299 -0.0407616 
1.699 0.105301 0.134488 0.164601 0.134307 0.220502 0.135731 0.276726 0.136858 0.336581 0.137624 0.39806 0.139618 0.461631 0.142008 
4.219 -0.105629 -0.198343 -0.0473412 -0.197938 0.00605908 -0.197196 0.0583206 -0.197951 0.112873 -0.200268 0.167721 -0.202485 0.22342 -0.205389 
1.316 -0.0652239 0.222148 -0.00659909 0.220116 0.0468514 0.22034 0.0998841 0.220353 0.155135 0.220334 0.211104 0.221577 0.267719 0.223473 
3.922 -0.297384 -0.223682 -0.234714 -0.220292 -0.178441 -0.216703 -0.12455 -0.214748 -0.0698797 -0.214188 -0.0162251 -0.213628 0.0370208 -0.214204 
4.02 -0.229585 -0.173689 -0.168604 -0.171774 -0.113737 -0.169449 -0.060949 -0.168626 -0.00685411 -0.169118 0.0466159 -0.169493 0.100115 -0.170729 
4.25 -0.0371456 -0.0552116 0.0205747 -0.0561203 0.0739202 -0.0561098 0.126759 -0.0570303 0.182439 -0.0589929 0.238959 -0.0604172 0.296715 -0.0621507 
