1.728 0.0943432 0.00642378 0.0934392 -0.0520024 0.0932303 -0.106036 0.0932816 -0.160195 0.0938156 -0.218347 0.0946395 -0.276953 0.0961572 -0.339591 
4.211 -0.362444 0.187906 -0.361927 0.128791 -0.36283 0.0757318 -0.36447 0.0237459 -0.367319 -0.0306226 -0.3712 -0.084159 -0.375791 -0.14014 
4.191 -0.37888 0.203657 -0.377992 0.144291 -0.378553 0.0910961 -0.379945 0.0390831 -0.382534 -0.0152069 -0.386205 -0.0685587 -0.390617 -0.124237 
4.188 -0.363813 0.205027 -0.362962 0.145662 -0.363473 0.0924589 -0.364799 0.0404789 -0.367302 -0.0138303 -0.370839 -0.0671338 -0.375078 -0.122831 
4.234 -0.348062 0.174209 -0.347863 0.115284 -0.348951 0.0623027 -0.35077 0.0102845 -0.353801 -0.0441486 -0.357807 -0.097892 -0.362454 -0.154148 
4.133 -0.353541 0.242693 -0.351937 0.182687 -0.351759 0.129138 -0.352378 0.0770284 -0.354086 0.0228056 -0.356795 -0.0301686 -0.360171 -0.0853786 
4.16 -0.387098 0.226942 -0.38561 0.167215 -0.385619 0.113821 -0.386517 0.0617691 -0.388557 0.00749191 -0.391716 -0.0456657 -0.395584 -0.101094 
4.195 -0.428188 0.203657 -0.427035 0.144284 -0.427484 0.0909991 -0.428953 0.0389506 -0.431737 -0.0154337 -0.435697 -0.0688555 -0.440541 -0.12461 
4.234 -0.402164 0.179688 -0.401633 0.120626 -0.402592 0.0675876 -0.404459 0.0155664 -0.407601 -0.0389437 -0.411878 -0.0926567 -0.416981 -0.148856 
4.164 -0.348062 0.220778 -0.346957 0.161137 -0.347187 0.107788 -0.348237 0.0557986 -0.350364 0.00157394 -0.353474 -0.0515737 -0.357301 -0.106998 
4.164 -0.363128 0.220093 -0.361973 0.16044 -0.36218 0.107093 -0.363287 0.0550824 -0.365494 0.000836691 -0.368745 -0.0522808 -0.372683 -0.107745 
4.164 -0.41997 0.226942 -0.418301 0.167185 -0.418245 0.113768 -0.41913 0.061656 -0.421274 0.0073424 -0.424633 -0.0458343 -0.428782 -0.1013 
4.133 -0.368607 0.241323 -0.366951 0.181335 -0.366771 0.12779 -0.367401 0.0756686 -0.369123 0.0214403 -0.371945 -0.0315609 -0.375435 -0.0867661 
4.242 -0.382304 0.176264 -0.381939 0.11729 -0.382977 0.0642518 -0.384821 0.0122533 -0.387927 -0.0422314 -0.392105 -0.0959545 -0.397039 -0.152209 
4.219 -0.413806 0.190645 -0.413025 0.131472 -0.413785 0.0783299 -0.415443 0.0262865 -0.418452 -0.0281134 -0.422597 -0.0816613 -0.427599 -0.137686 
4.199 -0.448048 0.207081 -0.446763 0.147631 -0.447079 0.0943391 -0.448416 0.0422491 -0.451169 -0.0121787 -0.455198 -0.0655692 -0.460061 -0.121287 
4.02 -0.0919326 0.250911 -0.0926047 0.190517 -0.0935964 0.136977 -0.0946753 0.0851413 -0.0960644 0.0314529 -0.0977213 -0.0209498 -0.0992524 -0.0754875 
4.121 -0.380934 0.249541 -0.378997 0.189373 -0.378591 0.135686 -0.379066 0.0835265 -0.38064 0.0292738 -0.383361 -0.0236935 -0.386761 -0.0788021 
4.188 -0.350116 0.203657 -0.349335 0.144292 -0.349902 0.0910986 -0.351249 0.0391125 -0.353714 -0.0151418 -0.357194 -0.0684655 -0.361385 -0.124178 
4.16 -0.404219 0.227626 -0.402592 0.167885 -0.402544 0.114462 -0.403421 0.0623677 -0.405468 0.00807915 -0.408743 -0.0451004 -0.412749 -0.100516 
4.195 -0.413806 0.205712 -0.41269 0.1463 -0.413127 0.0930445 -0.414518 0.0409983 -0.417168 -0.0133348 -0.421042 -0.0666776 -0.425684 -0.122405 
4.199 -0.393261 0.200918 -0.392345 0.14161 -0.392931 0.0883762 -0.394374 0.0363554 -0.397094 -0.0179703 -0.400939 -0.0713866 -0.40552 -0.127189 
4.164 -0.437091 0.227626 -0.435323 0.167878 -0.435196 0.114411 -0.436059 0.0623004 -0.438241 0.00798285 -0.441657 -0.0452338 -0.445899 -0.100697 
4.129 -0.406273 0.245432 -0.404239 0.185383 -0.403823 0.131764 -0.404322 0.0795781 -0.406012 0.0253028 -0.408874 -0.0277305 -0.4125 -0.082964 
4.105 -0.372716 0.261183 -0.370619 0.200759 -0.370066 0.147022 -0.370288 0.094732 -0.371615 0.0405029 -0.374086 -0.0123899 -0.377119 -0.0673527 
4.035 -0.200822 0.269401 -0.200191 0.208656 -0.200245 0.154745 -0.200765 0.102606 -0.201957 0.0486913 -0.203788 -0.00374851 -0.205872 -0.0583047 
4.211 -0.347377 0.189275 -0.346926 0.130138 -0.347723 0.0771119 -0.349297 0.0251284 -0.35204 -0.0292174 -0.355785 -0.0827588 -0.360167 -0.138729 
4.133 -0.221367 0.21256 -0.22113 0.153085 -0.221771 0.0999159 -0.22295 0.0481759 -0.224828 -0.00574162 -0.227462 -0.0587539 -0.23045 -0.114152 
4.34 -0.213149 0.0769621 -0.214741 0.0189245 -0.217138 -0.033916 -0.219945 -0.0864166 -0.223646 -0.142191 -0.22789 -0.197884 -0.232501 -0.256859 
1.423 0.0217504 0.185166 0.0198496 0.126563 0.0184009 0.0739221 0.0171075 0.0223244 0.0159218 -0.031702 0.0148769 -0.085136 0.0143131 -0.141261 
4.227 -0.0837146 0.113943 -0.0851504 0.0560913 -0.08674 0.00359878 -0.0884417 -0.0481939 -0.090504 -0.103021 -0.0928127 -0.157714 -0.0949873 -0.215596 
4.047 -0.162471 0.255705 -0.162312 0.195173 -0.162801 0.141539 -0.163662 0.0895927 -0.165019 0.0358047 -0.166826 -0.0166667 -0.168957 -0.0712367 
4.133 -0.42134 0.244062 -0.419227 0.184 -0.418821 0.130375 -0.419302 0.0781888 -0.421096 0.0239047 -0.424073 -0.0291518 -0.427824 -0.084391 
4.117 -0.444624 0.25502 -0.442107 0.194703 -0.441391 0.140927 -0.441667 0.0885956 -0.443226 0.0342994 -0.446072 -0.0187159 -0.44975 -0.0738131 
4.168 -0.452157 0.226257 -0.450316 0.166518 -0.450234 0.113052 -0.451129 0.0609141 -0.453401 0.00658838 -0.456943 -0.0466489 -0.461351 -0.102099 
4.109 -0.423394 0.261868 -0.420876 0.201418 -0.42007 0.147611 -0.420229 0.0952934 -0.421623 0.0409964 -0.42426 -0.01199 -0.427598 -0.0669961 
4.102 -0.0864539 0.196809 -0.0875219 0.137806 -0.0886857 0.0850834 -0.0900463 0.0336342 -0.0916227 -0.0201702 -0.0934898 -0.0731886 -0.095245 -0.128793 
4.109 -0.352856 0.25639 -0.351033 0.19602 -0.350602 0.142288 -0.351006 0.090087 -0.352493 0.0358747 -0.354958 -0.0170152 -0.358083 -0.071999 
4.215 -0.448048 0.192015 -0.447097 0.132781 -0.447786 0.0795918 -0.449497 0.0275398 -0.452567 -0.0269049 -0.456929 -0.0804994 -0.462139 -0.136484 
4.082 -0.14535 0.224202 -0.145712 0.164478 -0.146489 0.11138 -0.147628 0.0597588 -0.149203 0.00598936 -0.151229 -0.0466655 -0.153361 -0.101735 
4.234 -0.363128 0.173524 -0.362879 0.114598 -0.36398 0.0615851 -0.365819 0.00959964 -0.368877 -0.0448435 -0.372964 -0.0985848 -0.377802 -0.15484 
4.043 -0.149459 0.250911 -0.149541 0.190476 -0.150068 0.136931 -0.151027 0.0850332 -0.152419 0.0313187 -0.154312 -0.0211513 -0.156292 -0.0757515 
3.959 0.0176414 -0.0504178 0.0162818 -0.109428 0.0153892 -0.164382 0.0144699 -0.219886 0.0137884 -0.279551 0.0130209 -0.339857 0.0128114 -0.404594 
4.125 -0.192604 0.211875 -0.192578 0.152386 -0.193294 0.0993628 -0.19442 0.047645 -0.196273 -0.00619757 -0.19874 -0.0592141 -0.201495 -0.114537 
4.199 -0.0912478 0.135173 -0.0925489 0.0771112 -0.0940148 0.0246618 -0.095647 -0.0270002 -0.0975661 -0.0814745 -0.0997662 -0.13564 -0.101921 -0.192942 
4.141 -0.435036 0.241323 -0.432923 0.18127 -0.432557 0.127644 -0.433145 0.0754412 -0.435085 0.0211561 -0.438201 -0.031926 -0.442157 -0.087145 
4.234 -0.190549 0.138597 -0.191418 0.0802985 -0.192943 0.0277188 -0.194919 -0.024017 -0.19758 -0.0785871 -0.200905 -0.13277 -0.204448 -0.189863 
4.109 -0.405588 0.261183 -0.403245 0.200764 -0.402538 0.146972 -0.402742 0.094709 -0.404141 0.0404149 -0.406698 -0.0125264 -0.409999 -0.067524 
4.184 -0.191919 0.172154 -0.192389 0.113467 -0.193571 0.0607509 -0.195191 0.00912016 -0.19753 -0.0450661 -0.200481 -0.0985951 -0.203672 -0.154859 
4.105 -0.390522 0.262553 -0.388256 0.202112 -0.387555 0.14833 -0.387727 0.0960084 -0.389034 0.0417638 -0.391494 -0.0111964 -0.39465 -0.0661684 
4.078 -0.352171 0.274195 -0.350018 0.213443 -0.349318 0.159426 -0.349423 0.107042 -0.350569 0.0527896 -0.352739 -5.18761e-05 -0.355524 -0.0548485 
4.137 -0.456951 0.246117 -0.454563 0.186041 -0.454001 0.132326 -0.454435 0.0801366 -0.45621 0.0257936 -0.459284 -0.0273001 -0.463165 -0.0825087 
4.105 -0.459006 0.263923 -0.456136 0.203416 -0.455182 0.149543 -0.455186 0.0971682 -0.456541 0.0428473 -0.459193 -0.0101816 -0.46265 -0.065167 
4.309 -0.217943 0.100247 -0.219275 0.042276 -0.221481 -0.0104156 -0.224063 -0.0625623 -0.22745 -0.117917 -0.231501 -0.172863 -0.235887 -0.23123 
4.176 -0.395316 0.215299 -0.394036 0.155778 -0.394258 0.102442 -0.395399 0.0503906 -0.397774 -0.00390229 -0.401278 -0.057186 -0.405551 -0.112775 
1.61 0.0916039 -0.0264484 0.0910256 -0.0852497 0.0910202 -0.139766 0.0912705 -0.194738 0.0919862 -0.253711 0.0929389 -0.313343 0.0946951 -0.377356 
3.98 -0.195343 0.304328 -0.194359 0.242573 -0.194147 0.188101 -0.194304 0.135534 -0.195105 0.0814888 -0.196511 0.0290118 -0.198118 -0.0251959 
4.012 -0.220682 0.292001 -0.219522 0.230676 -0.219262 0.176445 -0.219439 0.123982 -0.220314 0.0699472 -0.221906 0.0174295 -0.223801 -0.03693 
4.082 -0.369977 0.27488 -0.367668 0.214128 -0.366881 0.160113 -0.366937 0.107717 -0.368101 0.0534633 -0.370392 0.000611895 -0.373245 -0.0542063 
4.066 -0.200137 0.252965 -0.199659 0.192758 -0.19987 0.13916 -0.20061 0.0870907 -0.201966 0.0333302 -0.203936 -0.019279 -0.206255 -0.0739931 
1.45 0.0196959 0.204342 0.017804 0.145378 0.016325 0.0926446 0.0149786 0.0410867 0.0137778 -0.0128237 0.01267 -0.0659712 0.0121139 -0.121825 
4.066 -0.222737 0.261183 -0.221915 0.200659 -0.221982 0.146952 -0.222543 0.0948428 -0.223834 0.0409871 -0.22581 -0.0116472 -0.228148 -0.0662937 
2.303 0.0683194 0.00710862 0.0671809 -0.0512603 0.0664886 -0.105132 0.0662249 -0.159148 0.0661958 -0.217228 0.0663932 -0.275714 0.0673074 -0.338218 
4.223 -0.434351 0.19133 -0.433478 0.132115 -0.434188 0.0789467 -0.43591 0.026894 -0.438961 -0.0275495 -0.443221 -0.0811163 -0.448372 -0.13711 
4.191 -0.238488 0.176264 -0.238493 0.117393 -0.23967 0.064621 -0.24131 0.0128705 -0.243721 -0.0413184 -0.247043 -0.0948552 -0.250695 -0.151003 
4.27 -0.218628 0.12627 -0.219601 0.0680278 -0.221418 0.0154471 -0.223659 -0.0365264 -0.226737 -0.0913341 -0.230483 -0.145807 -0.234534 -0.203263 
4.035 0.00873853 0.043405 0.00726064 -0.0145304 0.0060429 -0.0678059 0.00494538 -0.120999 0.00396293 -0.177964 0.00301555 -0.23529 0.00248834 -0.296424 
4.086 -0.46106 0.281729 -0.457812 0.220852 -0.456484 0.166787 -0.456196 0.114241 -0.457223 0.0598946 -0.459519 0.00691128 -0.462683 -0.0479661 
3.965 -0.226161 0.322134 -0.224625 0.259914 -0.223988 0.205002 -0.223816 0.152038 -0.224317 0.0976769 -0.225526 0.0450585 -0.227049 -0.0092558 
4.086 -0.403534 0.27488 -0.400888 0.214112 -0.399934 0.16011 -0.399908 0.107671 -0.401076 0.0533615 -0.403393 0.000457489 -0.406449 -0.0543987 
4.09 -0.439145 0.276935 -0.436165 0.216128 -0.434974 0.162072 -0.43484 0.109597 -0.435972 0.0552244 -0.438341 0.00227931 -0.441521 -0.0526392 
4.199 -0.113163 0.137228 -0.114368 0.0791456 -0.115773 0.0266675 -0.11751 -0.0249596 -0.119592 -0.0794866 -0.122094 -0.133594 -0.124552 -0.190846 
4.031 0.00873853 0.0125873 0.00727827 -0.0456425 0.00609966 -0.0993733 0.0051392 -0.153142 0.00417644 -0.211022 0.00316649 -0.269387 0.00270595 -0.331634 
4.199 -0.316559 0.196809 -0.316201 0.137637 -0.316943 0.0845025 -0.318351 0.0325425 -0.320945 -0.0217189 -0.324403 -0.0751101 -0.32842 -0.13096 
4.223 -0.215888 0.153664 -0.216467 0.0951831 -0.21787 0.0424889 -0.21973 -0.00922801 -0.222416 -0.063769 -0.225807 -0.117515 -0.229544 -0.174185 
4.09 -0.199452 0.234475 -0.199204 0.174518 -0.199626 0.121131 -0.20059 0.0693289 -0.202131 0.0154926 -0.204426 -0.0371621 -0.206921 -0.0921067 
4.086 -0.42134 0.27625 -0.418548 0.215465 -0.41747 0.161431 -0.417394 0.10896 -0.41855 0.0546656 -0.420947 0.00170921 -0.42402 -0.0531502 
4.324 -0.0460485 -0.0613752 -0.0479902 -0.120587 -0.0497578 -0.175824 -0.0516785 -0.231603 -0.0536964 -0.291667 -0.0558947 -0.352617 -0.0577963 -0.418043 
3.934 -0.235749 0.341309 -0.233919 0.278516 -0.232943 0.223305 -0.232547 0.170117 -0.232776 0.115526 -0.233728 0.0629153 -0.235 0.00877051 
3.896 -0.221367 0.356376 -0.219545 0.293096 -0.218638 0.237409 -0.218183 0.183923 -0.218318 0.129116 -0.219186 0.0764093 -0.220381 0.0222244 
4.09 -0.164525 0.225572 -0.164604 0.165917 -0.165295 0.112817 -0.166376 0.0611684 -0.167949 0.00738528 -0.170121 -0.0453148 -0.172453 -0.100408 
4.102 -0.221367 0.233105 -0.220851 0.173209 -0.221211 0.119853 -0.222133 0.0680083 -0.223753 0.0142135 -0.226101 -0.0386906 -0.228794 -0.0937301 
1.665 0.0683194 0.0420353 0.0670503 -0.0159976 0.0663157 -0.069388 0.0659265 -0.122751 0.0658822 -0.179869 0.0660193 -0.237322 0.0667769 -0.298601 
4.215 -0.196713 0.152294 -0.197397 0.0938287 -0.198795 0.0411749 -0.20067 -0.0104404 -0.203248 -0.0649077 -0.206478 -0.118685 -0.209955 -0.17556 
4.082 -0.389837 0.278304 -0.387325 0.217492 -0.38642 0.163472 -0.386369 0.111026 -0.387481 0.0567553 -0.389721 0.00388373 -0.392667 -0.0509644 
4 -0.200822 0.290631 -0.199933 0.229232 -0.199768 0.174987 -0.200057 0.122556 -0.20101 0.0686637 -0.202538 0.0162363 -0.204372 -0.0380996 
3.98 0.0128476 -0.0312423 0.0114816 -0.0898959 0.0104151 -0.144431 0.00949706 -0.199303 0.00857029 -0.258234 0.00767641 -0.317739 0.00728647 -0.381449 
4.09 -0.0994658 0.202972 -0.100375 0.143916 -0.101489 0.0911462 -0.102806 0.0396324 -0.104407 -0.0141513 -0.106358 -0.0670933 -0.108138 -0.122626 
4.09 -0.180277 0.23242 -0.180162 0.172601 -0.180689 0.119389 -0.181656 0.0675934 -0.183215 0.0138558 -0.185401 -0.0388807 -0.187762 -0.0939061 
4.27 -0.173428 0.110519 -0.174737 0.0525256 -0.176547 -0.00021506 -0.178837 -0.0520992 -0.181714 -0.107015 -0.185206 -0.161869 -0.188845 -0.219726 
4.121 -0.161786 0.202287 -0.162012 0.143158 -0.162934 0.0903143 -0.164164 0.0387204 -0.16601 -0.0151039 -0.16831 -0.0681775 -0.170885 -0.123776 
4.219 -0.31519 0.175579 -0.315221 0.116584 -0.316315 0.0636412 -0.318105 0.011698 -0.321066 -0.042698 -0.324822 -0.0963119 -0.329193 -0.152498 
3.99 -0.223421 0.305698 -0.222085 0.244004 -0.221619 0.189449 -0.221641 0.136819 -0.222346 0.0826713 -0.223748 0.0300981 -0.225451 -0.0242096 
1.468 0.0916039 -0.0682235 0.0912758 -0.128126 0.0916165 -0.184135 0.0920934 -0.240576 0.0930481 -0.301617 0.0941544 -0.363684 0.0962225 -0.430632 
1.618 0.0149021 0.064635 0.013343 0.00674492 0.0121165 -0.0461876 0.011014 -0.0987731 0.0100234 -0.154974 0.00911083 -0.211471 0.00861309 -0.271487 
1.651 0.103931 -0.0059033 0.103236 -0.0645806 0.103312 -0.118972 0.103676 -0.173501 0.104616 -0.232144 0.105774 -0.291246 0.107779 -0.354588 
1.476 0.0183263 0.12764 0.016589 0.0696745 0.0152914 0.0171071 0.013927 -0.0347058 0.0129183 -0.0895861 0.0118986 -0.144264 0.0113076 -0.202294 
4.215 -0.159732 0.143391 -0.160742 0.0851261 -0.162101 0.0326221 -0.16392 -0.0190899 -0.166216 -0.0736137 -0.169195 -0.127736 -0.172304 -0.184829 
4.07 -0.152198 0.237214 -0.152331 0.177256 -0.152951 0.123951 -0.153941 0.0723162 -0.155395 0.0184964 -0.157397 -0.0340112 -0.159459 -0.0888972 
4.434 -0.0563211 -0.0435694 -0.0582877 -0.102343 -0.0602973 -0.157178 -0.0624598 -0.212411 -0.064741 -0.27187 -0.0671666 -0.331855 -0.0694322 -0.396118 
3.955 -0.139186 0.303643 -0.138993 0.241742 -0.139248 0.187207 -0.13977 0.134608 -0.140769 0.0806621 -0.142183 0.028244 -0.143627 -0.0257893 
4.262 -0.314505 0.154349 -0.314825 0.095659 -0.316195 0.0428317 -0.318245 -0.0090981 -0.321463 -0.063782 -0.325575 -0.117764 -0.33026 -0.174508 
4.188 -0.171374 0.161882 -0.1722 0.103368 -0.173433 0.0507676 -0.175081 -0.000837951 -0.177371 -0.0549383 -0.180179 -0.108555 -0.183207 -0.164948 
4.406 -0.0843994 -0.015491 -0.0865717 -0.0738528 -0.0887904 -0.127907 -0.0910845 -0.182262 -0.0938112 -0.240625 -0.0967021 -0.29942 -0.099429 -0.362285 
3.906 -0.235749 0.356376 -0.233737 0.293089 -0.232663 0.237378 -0.232073 0.183889 -0.23217 0.129074 -0.232929 0.0762761 -0.233992 0.022091 
4.289 -0.172059 0.0954527 -0.173508 0.037598 -0.175413 -0.0150268 -0.177839 -0.0671407 -0.180819 -0.122561 -0.184408 -0.177611 -0.18818 -0.236122 
3.965 -0.174798 0.306383 -0.174092 0.244398 -0.174017 0.189759 -0.174338 0.137169 -0.175177 0.083135 -0.176578 0.0305961 -0.178132 -0.0234483 
1.371 0.110095 -0.0846596 0.110328 -0.145208 0.111053 -0.201819 0.112173 -0.259142 0.101335 -0.24906 0.102474 -0.308916 0.104611 -0.373266 
1.467 0.0511985 0.117367 0.0494781 0.0593541 0.048319 0.0067254 0.0473809 -0.0453143 0.0467907 -0.100399 0.0463957 -0.155402 0.0466144 -0.213875 
4.215 -0.139871 0.139282 -0.140951 0.081138 -0.142494 0.0286599 -0.144107 -0.0230219 -0.146525 -0.0775233 -0.149132 -0.131688 -0.151914 -0.188896 
4.121 -0.113163 0.189275 -0.114076 0.130231 -0.115196 0.0775146 -0.116681 0.0260242 -0.118391 -0.0277657 -0.120601 -0.0808195 -0.122682 -0.136473 
4.258 -0.0398849 0.0427202 -0.0415778 -0.0150192 -0.0431679 -0.0681753 -0.0448095 -0.120916 -0.0465064 -0.177562 -0.0484035 -0.234502 -0.0499812 -0.295 
4.266 -0.147404 0.108465 -0.148755 0.0506263 -0.15055 -0.00193104 -0.152679 -0.0537458 -0.155364 -0.108785 -0.158536 -0.163546 -0.161743 -0.221523 
4.086 0.0142172 0.146131 0.0124726 0.0880021 0.0111654 0.0354982 0.0097899 -0.016142 0.00878514 -0.0706246 0.00776214 -0.124727 0.00717378 -0.181964 
4.141 -0.0118066 0.0680592 -0.0133649 0.0102342 -0.0149401 -0.0424788 -0.0162374 -0.0947761 -0.0176148 -0.150736 -0.0187864 -0.20675 -0.0197567 -0.266089 
4.285 -0.14672 0.0933982 -0.148213 0.0353216 -0.150067 -0.0170236 -0.152355 -0.0693438 -0.155114 -0.12459 -0.15835 -0.179892 -0.161713 -0.238474 
3.764 -0.202191 0.441981 -0.199824 0.375419 -0.198353 0.317433 -0.19731 0.262066 -0.196883 0.205784 -0.196833 0.152072 -0.196961 0.0975283 
4.184 -0.245336 0.195439 -0.245135 0.136314 -0.246055 0.0833856 -0.247531 0.0315897 -0.249761 -0.0224811 -0.252984 -0.0757668 -0.256505 -0.131556 
3.848 -0.31519 0.422805 -0.310896 0.357163 -0.30813 0.299816 -0.306154 0.244919 -0.304883 0.189001 -0.304596 0.135423 -0.30467 0.0807935 
4.336 -0.0433091 -0.0134365 -0.0451338 -0.0716412 -0.0468384 -0.125762 -0.0486205 -0.18009 -0.0505478 -0.238602 -0.052617 -0.297426 -0.0544297 -0.360146 
1.652 0.0464046 0.0461444 0.0450192 -0.0118725 0.0440241 -0.0651676 0.0433782 -0.11843 0.0429665 -0.17544 0.042698 -0.232832 0.0429388 -0.293982 
3.99 -0.174113 0.292001 -0.173532 0.230466 -0.173545 0.176249 -0.173941 0.123896 -0.174866 0.0699622 -0.176391 0.017589 -0.178026 -0.0365801 
3.824 -0.278208 0.426914 -0.274478 0.361101 -0.272119 0.30367 -0.270417 0.248729 -0.269388 0.192829 -0.269205 0.139266 -0.26925 0.0847308 
4.258 -0.0864539 0.0886043 -0.0880289 0.0308803 -0.0896767 -0.0217069 -0.0916029 -0.073887 -0.0937868 -0.12933 -0.096244 -0.184856 -0.098601 -0.243699 
3.824 -0.266566 0.419381 -0.263245 0.353793 -0.261154 0.296532 -0.259681 0.24172 -0.258904 0.185932 -0.258823 0.132452 -0.259008 0.0780015 
4.059 -0.122065 0.231051 -0.122586 0.171341 -0.123478 0.118198 -0.12463 0.0665621 -0.126072 0.0127527 -0.127885 -0.0399557 -0.129711 -0.0950844 
4.25 -0.162471 0.122846 -0.163628 0.0648291 -0.165355 0.0121673 -0.167462 -0.0396383 -0.170159 -0.0943501 -0.173385 -0.148859 -0.176765 -0.206437 
4.09 -0.0672785 0.197493 -0.0684384 0.138484 -0.0697122 0.0858869 -0.0710343 0.0343753 -0.0725545 -0.0193345 -0.0742791 -0.0723635 -0.0758942 -0.127897 
1.479 0.0265443 0.115998 0.0249021 0.0580179 0.0235325 0.0054476 0.022544 -0.0465892 0.0215438 -0.101636 0.0207375 -0.156645 0.0206249 -0.215156 
2.785 0.0340775 -0.0750719 0.0329859 -0.134698 0.0322562 -0.190477 0.0316176 -0.246726 0.0311271 -0.307394 0.0306789 -0.369005 0.0306535 -0.435383 
3.773 -0.226846 0.44335 -0.223893 0.376775 -0.221965 0.318762 -0.220657 0.263378 -0.219687 0.207041 -0.219541 0.153295 -0.219581 0.098718 
4.352 -0.197398 0.0509382 -0.199466 -0.00698038 -0.202053 -0.0601392 -0.205337 -0.113059 -0.20929 -0.169452 -0.213626 -0.225998 -0.218557 -0.285966 
3.801 -0.214519 0.419381 -0.212088 0.353717 -0.210554 0.296379 -0.209504 0.241462 -0.208967 0.185629 -0.209108 0.132178 -0.209332 0.0778589 
3.975 -0.0994658 0.279674 -0.099942 0.218478 -0.100605 0.164638 -0.101569 0.112392 -0.102723 0.0587744 -0.10422 0.00637362 -0.10562 -0.0478922 
4.219 -0.0371456 0.0208054 -0.0388744 -0.0370418 -0.0405102 -0.0904115 -0.0421442 -0.143681 -0.0438947 -0.201036 -0.045823 -0.258528 -0.0474096 -0.319872 
4.297 -0.158362 0.0844953 -0.159901 0.0264359 -0.161979 -0.0259983 -0.16433 -0.0786617 -0.167413 -0.134079 -0.170961 -0.18946 -0.174613 -0.248492 
3.877 -0.0309821 0.283783 -0.032399 0.222547 -0.033639 0.168522 -0.0349615 0.116326 -0.0362599 0.0626097 -0.0376348 0.0102669 -0.0387524 -0.0438708 
4.102 -0.128914 0.205027 -0.129432 0.145895 -0.130463 0.0930494 -0.131687 0.0415239 -0.133385 -0.0122778 -0.135531 -0.0652252 -0.137791 -0.120735 
3.793 -0.185755 0.416642 -0.183901 0.351031 -0.182755 0.293761 -0.182037 0.238938 -0.181728 0.183192 -0.181945 0.129831 -0.182246 0.0755041 
3.941 -0.100151 0.300219 -0.100526 0.238663 -0.101143 0.184047 -0.101932 0.131663 -0.103024 0.07778 -0.104422 0.0254574 -0.105723 -0.0285719 
4.188 -0.0713875 0.132434 -0.0727508 0.0744194 -0.07424 0.0219968 -0.0757917 -0.0296714 -0.077606 -0.0841708 -0.0796123 -0.138318 -0.0815208 -0.195602 
4.246 -0.243282 0.1475 -0.243699 0.088929 -0.245185 0.0362974 -0.247305 -0.0155339 -0.250124 -0.0701259 -0.253919 -0.124043 -0.25801 -0.180923 
4.043 -0.176852 0.259814 -0.176598 0.199238 -0.176919 0.145534 -0.177687 0.093548 -0.17897 0.0397235 -0.180876 -0.0127665 -0.182952 -0.0673735 
4.074 -0.0933023 0.217354 -0.0941275 0.15783 -0.0952025 0.104781 -0.0964449 0.0532223 -0.0979947 -0.000494404 -0.0998194 -0.053177 -0.101557 -0.108241 
1.498 0.0477743 0.102986 0.0461144 0.045108 0.0449913 -0.00763128 0.0440851 -0.0597259 0.0434133 -0.115132 0.0430474 -0.170516 0.0432054 -0.229341 
3.957 -0.123435 0.298849 -0.123467 0.237221 -0.123854 0.182786 -0.124503 0.130465 -0.125537 0.0764395 -0.126971 0.0240627 -0.12836 -0.0299269 
3.842 -0.286427 0.415272 -0.282566 0.349825 -0.280062 0.292665 -0.278434 0.237911 -0.277347 0.182102 -0.277306 0.128633 -0.277496 0.0741557 
4.352 -0.165895 0.0379263 -0.168002 -0.0199918 -0.170638 -0.0732544 -0.173506 -0.126422 -0.177118 -0.183185 -0.181189 -0.240138 -0.185342 -0.300693 
3.904 0.0642104 -0.0552116 0.0634067 -0.114317 0.063053 -0.16942 0.0630018 -0.22503 0.0631539 -0.284953 0.0635373 -0.345383 0.0646699 -0.410658 
4.238 -0.0960416 0.10641 -0.0975645 0.0485375 -0.099127 -0.00398392 -0.100928 -0.0557596 -0.103102 -0.110627 -0.105484 -0.165354 -0.107884 -0.223312 
4.305 -0.184386 0.0892891 -0.185884 0.0313844 -0.18799 -0.0211265 -0.190463 -0.0736349 -0.193676 -0.129059 -0.197443 -0.184301 -0.201437 -0.242933 
4.012 -0.126174 0.268032 -0.1263 0.207169 -0.126817 0.153396 -0.127647 0.101378 -0.128846 0.0476411 -0.130467 -0.00477915 -0.132097 -0.0591183 
3.885 -0.306972 0.387878 -0.303309 0.323566 -0.301081 0.267164 -0.299661 0.213065 -0.299047 0.157792 -0.299214 0.104626 -0.29993 0.0502292 
4.223 -0.0323517 0.0577866 -0.0339974 0.000101861 -0.0355548 -0.0526182 -0.037122 -0.105005 -0.0386864 -0.160944 -0.0404019 -0.217097 -0.0418332 -0.277 
4.008 -0.0672785 0.250226 -0.0682826 0.189897 -0.0694069 0.136399 -0.0705768 0.0845839 -0.0719739 0.0308834 -0.0735277 -0.021489 -0.0749229 -0.076026 
4.012 -0.0426243 0.241323 -0.043989 0.181106 -0.045261 0.127861 -0.0466105 0.0760793 -0.0479219 0.0225294 -0.0493466 -0.0299722 -0.0505982 -0.0846055 
4.379 -0.121381 0.00916313 -0.123582 -0.0489707 -0.125905 -0.102616 -0.128594 -0.156252 -0.131783 -0.213869 -0.135247 -0.271706 -0.138696 -0.3334 
3.945 0.0464046 0.00984797 0.0452523 -0.0484237 0.0445557 -0.102276 0.0440313 -0.156109 0.0437686 -0.214082 0.0438731 -0.272496 0.0442918 -0.334681 
3.994 -0.0843994 0.264608 -0.085065 0.203853 -0.0859397 0.150219 -0.0869626 0.0982406 -0.0882637 0.0445883 -0.0897614 -0.00769561 -0.0911742 -0.0621759 
3.982 -0.0426243 0.263238 -0.0439468 0.202489 -0.0451744 0.148699 -0.0464629 0.09681 -0.0477824 0.0430995 -0.0492166 -0.00923821 -0.0504206 -0.0636353 
1.437 0.027914 0.144761 0.0260989 0.0867041 0.0248051 0.0341964 0.0234768 -0.0176377 0.0225429 -0.0723158 0.0218425 -0.126766 0.0216488 -0.18442 
4.23 -0.128229 0.124901 -0.129492 0.0669811 -0.131156 0.0142392 -0.133085 -0.0372141 -0.135483 -0.0919698 -0.138312 -0.146632 -0.141171 -0.204 
4.258 -0.12412 0.104356 -0.125557 0.0468137 -0.127307 -0.0062211 -0.129326 -0.0577279 -0.131874 -0.112864 -0.134825 -0.167928 -0.137728 -0.225622 
4.156 -0.139186 0.176264 -0.139909 0.117546 -0.141141 0.0649205 -0.142673 0.0133886 -0.144741 -0.0405323 -0.147187 -0.0938771 -0.149755 -0.149949 
4.316 -0.0433091 -0.036721 -0.0451801 -0.0954551 -0.0469692 -0.15015 -0.0487705 -0.205177 -0.0507975 -0.264426 -0.052886 -0.32418 -0.0547843 -0.388246 
4.066 -0.108369 0.221463 -0.109089 0.161823 -0.110045 0.108846 -0.111304 0.0572489 -0.112844 0.00356116 -0.114668 -0.0491628 -0.116464 -0.104208 
4.258 -0.102205 0.0906588 -0.103785 0.0328609 -0.105481 -0.0197474 -0.107482 -0.0719073 -0.109849 -0.127309 -0.1125 -0.182798 -0.115139 -0.241465 
4.031 0.000520477 0.060526 -0.00116428 0.00277559 -0.00235639 -0.0500964 -0.00373673 -0.102444 -0.00498289 -0.158416 -0.0062578 -0.214476 -0.00711347 -0.273929 
3.947 -0.0796055 0.289947 -0.0802956 0.228406 -0.0810938 0.174253 -0.0820044 0.121882 -0.0832486 0.0680506 -0.0846762 0.0158026 -0.0859296 -0.0383382 
4.16 -0.0727572 0.155718 -0.0740635 0.097266 -0.0755026 0.04472 -0.0769463 -0.00676925 -0.0786335 -0.0607931 -0.0805481 -0.114445 -0.0823124 -0.170922 
1.389 0.036132 0.16873 0.0342673 0.110334 0.0328064 0.0578419 0.0316048 0.00621457 0.0305523 -0.0480765 0.0296578 -0.101829 0.0295508 -0.158778 
4.199 -0.12549 0.144076 -0.126563 0.0858835 -0.128062 0.0334578 -0.129738 -0.0181149 -0.131995 -0.0725705 -0.134657 -0.126618 -0.137286 -0.183721 
3.91 -0.33642 0.3824 -0.332405 0.318517 -0.329926 0.262418 -0.328289 0.208553 -0.327473 0.153322 -0.327718 0.100191 -0.328315 0.0458207 
3.918 0.00668402 -0.0586358 0.00538038 -0.117849 0.00424236 -0.173048 0.00324591 -0.228793 0.00232403 -0.28875 0.0014281 -0.349534 0.000922585 -0.415017 
1.476 0.107355 -0.0332968 0.107107 -0.0925548 0.107415 -0.147691 0.108147 -0.203119 0.109303 -0.262877 0.110782 -0.323302 0.113254 -0.388462 
1.422 0.0217504 0.158458 0.0199455 0.100176 0.0186032 0.047598 0.0172831 -0.00377376 0.0162379 -0.0582925 0.0152455 -0.112211 0.0147184 -0.168987 
4.113 -0.0665936 0.182427 -0.067805 0.123576 -0.0691678 0.0709259 -0.0705579 0.0194987 -0.0721883 -0.0342943 -0.073935 -0.087363 -0.0756114 -0.143098 
4.324 -0.0426243 0.00368443 -0.0444449 -0.0541481 -0.0460756 -0.107986 -0.0478022 -0.161614 -0.0496719 -0.219311 -0.0516744 -0.277562 -0.0534013 -0.339637 
4.141 -0.121381 0.178318 -0.122213 0.119584 -0.123544 0.0669956 -0.124853 0.0154806 -0.126789 -0.038432 -0.129043 -0.0917838 -0.131413 -0.147809 
4.129 -0.0885084 0.177633 -0.0896462 0.118683 -0.0909321 0.0664337 -0.092359 0.0149999 -0.0940646 -0.0385375 -0.0960686 -0.0919423 -0.0979144 -0.147494 
4.18 -0.139186 0.156403 -0.140106 0.09797 -0.141516 0.0454756 -0.14313 -0.00605244 -0.145407 -0.060249 -0.148029 -0.113917 -0.150729 -0.170538 
4.23 -0.176852 0.138597 -0.177817 0.0803235 -0.179279 0.0278191 -0.181231 -0.0239124 -0.183804 -0.0784835 -0.186938 -0.132591 -0.190206 -0.189785 
2.621 0.0128476 0.113943 0.0111873 0.0560449 0.00987258 0.00346703 0.00863474 -0.0485529 0.00761409 -0.103612 0.00660226 -0.158603 0.00611329 -0.217081 
4.258 -0.185071 0.124216 -0.186119 0.0656829 -0.187853 0.0131656 -0.189982 -0.0389997 -0.192823 -0.093495 -0.196238 -0.148029 -0.199875 -0.205394 
3.855 0.0101082 0.0283386 0.00867867 -0.0297035 0.0074917 -0.0831661 0.00639297 -0.136517 0.00546745 -0.193846 0.00453604 -0.251381 0.00405669 -0.312686 
3.906 -0.270675 0.369388 -0.267935 0.305675 -0.26628 0.249673 -0.265302 0.195955 -0.264926 0.140986 -0.2654 0.0880704 -0.26629 0.0337157 
4.199 -0.295329 0.174209 -0.295346 0.115146 -0.296423 0.0622602 -0.298146 0.0105076 -0.300925 -0.0438984 -0.304551 -0.0974428 -0.308737 -0.153482 
3.953 -0.154253 0.308437 -0.153764 0.24645 -0.15381 0.191759 -0.154185 0.139279 -0.155076 0.085127 -0.156432 0.0327914 -0.157874 -0.0210686 
4.184 -0.253554 0.178318 -0.253602 0.11946 -0.254654 0.066674 -0.2563 0.0148981 -0.258773 -0.0393456 -0.262157 -0.092839 -0.265863 -0.148971 
4.09 -0.225476 0.247487 -0.224794 0.187188 -0.224957 0.133666 -0.225691 0.0816314 -0.227136 0.0278187 -0.229302 -0.0248263 -0.231837 -0.0797074 
4.176 -0.113163 0.152294 -0.114331 0.093898 -0.115661 0.0414519 -0.117331 -0.010091 -0.119284 -0.0642937 -0.121677 -0.118037 -0.124061 -0.174696 
1.366 0.0375017 0.19133 0.0355689 0.132545 0.0339557 0.0800766 0.0327629 0.0283827 0.0316398 -0.0255733 0.0308069 -0.0788617 0.0308283 -0.135465 
4.273 -0.0974113 0.0776469 -0.0990928 0.0198698 -0.100885 -0.0327697 -0.102805 -0.0850472 -0.105198 -0.140605 -0.107701 -0.196326 -0.110337 -0.255302 
4.023 -0.188495 0.275565 -0.187827 0.214593 -0.187893 0.160704 -0.188368 0.108432 -0.189479 0.0544356 -0.191255 0.00201534 -0.193131 -0.0525356 
4.27 -0.115902 0.0933982 -0.117395 0.0354172 -0.119152 -0.0171972 -0.121186 -0.0693998 -0.12367 -0.124708 -0.126499 -0.18013 -0.129304 -0.238756 
4.082 -0.0166005 0.0269689 -0.0183006 -0.0309632 -0.019863 -0.0844426 -0.0211962 -0.137693 -0.0228081 -0.195098 -0.0242679 -0.252404 -0.0252325 -0.313739 
2.59 0.0916039 -0.0120668 0.0907626 -0.0708444 0.0906316 -0.12572 0.0908387 -0.180459 0.0915218 -0.2397 0.0924216 -0.299356 0.0940835 -0.363033 
