4.234 -0.118641 -0.299699 -0.0601207 -0.298588 -0.00650429 -0.297322 0.0459935 -0.297937 0.100436 -0.300298 0.155066 -0.302863 0.21047 -0.306517 
4.07 -0.174113 -0.0901383 -0.114516 -0.0897427 -0.0606135 -0.0886423 -0.00834622 -0.0887649 0.0455417 -0.0899323 0.0992002 -0.0908651 0.153373 -0.092251 
4.25 -0.107684 -0.31545 -0.0492228 -0.314524 0.00439075 -0.313528 0.0569255 -0.314365 0.111438 -0.317075 0.166201 -0.320029 0.22175 -0.324131 
4.051 -0.200137 -0.14698 -0.140069 -0.145724 -0.0856805 -0.14401 -0.0332617 -0.14367 0.0206243 -0.144501 0.0741524 -0.14529 0.128069 -0.146769 
4.191 -0.144665 -0.307917 -0.0857082 -0.306229 -0.0318809 -0.304526 0.0205971 -0.304692 0.0748453 -0.306626 0.129058 -0.308824 0.183844 -0.312119 
4.145 -0.172743 -0.325723 -0.113352 -0.323305 -0.0592523 -0.320932 -0.00665318 -0.320463 0.0474845 -0.321818 0.101463 -0.323485 0.155857 -0.326327 
4.152 -0.169319 -0.306547 -0.110022 -0.304311 -0.0560047 -0.30209 -0.00345642 -0.301697 0.0506835 -0.303075 0.104671 -0.304707 0.159099 -0.307475 
4.242 -0.0405698 -0.0264484 0.0171165 -0.0273488 0.0704548 -0.0272237 0.123279 -0.0279903 0.178906 -0.0296602 0.235341 -0.0307702 0.293105 -0.0321037 
4.211 -0.130968 -0.344213 -0.072227 -0.342639 -0.0184585 -0.341086 0.0340137 -0.341483 0.0883779 -0.343792 0.142787 -0.346403 0.197861 -0.350237 
4.035 -0.178222 -0.0387755 -0.118551 -0.0389554 -0.0645999 -0.0382883 -0.0122977 -0.0384949 0.0415514 -0.0396287 0.0951822 -0.0402122 0.149266 -0.0411499 
4.34 -0.0063279 -0.157937 0.0513938 -0.159069 0.105138 -0.159615 0.15858 -0.16153 0.214933 -0.16484 0.27218 -0.167881 0.330958 -0.171534 
4.207 -0.129599 -0.307917 -0.0708964 -0.306576 -0.0171671 -0.305136 0.0352823 -0.305558 0.0896739 -0.30778 0.144076 -0.310242 0.1992 -0.313794 
4.125 -0.184386 -0.300384 -0.124817 -0.297941 -0.0705946 -0.295457 -0.0179968 -0.294864 0.0361217 -0.295942 0.0899742 -0.297277 0.144221 -0.299728 
4.129 -0.115902 -0.036721 -0.0574576 -0.0372877 -0.00414519 -0.0368541 0.0479656 -0.037364 0.102217 -0.0387628 0.156755 -0.0396033 0.212214 -0.0407604 
4.219 -0.128229 -0.322983 -0.0695161 -0.321612 -0.0157778 -0.320165 0.0367017 -0.320688 0.0910396 -0.322989 0.145472 -0.325559 0.200566 -0.329306 
4.258 -0.100151 -0.292165 -0.0417908 -0.291455 0.0117776 -0.290614 0.0643018 -0.291547 0.118927 -0.294262 0.17382 -0.297161 0.229578 -0.301141 
4.094 -0.159732 -0.0969867 -0.100604 -0.0966935 -0.0469102 -0.0957031 0.00523684 -0.0958632 0.0591679 -0.0971138 0.113005 -0.0980749 0.16749 -0.099539 
1.249 0.21556 0.195439 0.27744 0.196543 0.336227 0.199311 0.395916 0.20189 0.460333 0.204266 0.526701 0.208155 0.595539 0.21251 
4.281 -0.0542665 -0.163416 0.00349825 -0.163938 0.0569023 -0.163909 0.109701 -0.165303 0.16498 -0.168087 0.220959 -0.170661 0.278096 -0.173892 
4.184 -0.14535 -0.292165 -0.0864132 -0.290562 -0.0325846 -0.288906 0.0198485 -0.28904 0.0740871 -0.29091 0.128287 -0.292987 0.183108 -0.296115 
0.919 -0.352171 0.350212 -0.285524 0.341644 -0.226377 0.336113 -0.170203 0.331037 -0.113346 0.32624 -0.0583628 0.323243 -0.00427661 0.321071 
4.18 -0.153568 -0.333941 -0.0945548 -0.331909 -0.0406642 -0.329855 0.0118227 -0.329772 0.0660451 -0.331454 0.120221 -0.333521 0.174942 -0.336719 
4.16 -0.164525 -0.348322 -0.105249 -0.34595 -0.0512106 -0.343665 0.00133786 -0.343371 0.0555221 -0.344919 0.109582 -0.346858 0.16406 -0.349966 
4.242 -0.109738 -0.332571 -0.0512054 -0.331548 0.00240583 -0.330486 0.0549708 -0.33134 0.109458 -0.33406 0.164162 -0.3371 0.219681 -0.341341 
4.18 -0.150829 -0.38051 -0.0918199 -0.37821 -0.037916 -0.376057 0.0146218 -0.375998 0.0688534 -0.377894 0.123031 -0.380212 0.177809 -0.383876 
3.975 -0.243967 -0.146295 -0.182558 -0.144539 -0.12728 -0.142396 -0.07423 -0.141549 -0.0201094 -0.141917 0.0332063 -0.142171 0.0865726 -0.14322 
4.027 -0.217258 -0.167525 -0.156718 -0.165865 -0.102065 -0.163786 -0.0494608 -0.163127 0.0044858 -0.163819 0.0579691 -0.164375 0.111693 -0.165761 
3.998 -0.2289 -0.141501 -0.168092 -0.140008 -0.113229 -0.138037 -0.0603879 -0.13741 -0.00645284 -0.137962 0.0469482 -0.138376 0.100487 -0.139522 
3.373 -0.258348 0.0755924 -0.196085 0.0737972 -0.14026 0.0735217 -0.0869391 0.0726416 -0.0324707 0.0713932 0.0209375 0.0710301 0.074225 0.0707721 
1.688 -0.324093 0.248856 -0.259485 0.243598 -0.201849 0.240679 -0.146815 0.237773 -0.0909723 0.234801 -0.0366136 0.233335 0.0169847 0.232597 
4.191 -0.139871 -0.332571 -0.0810436 -0.330851 -0.0272274 -0.329117 0.0252592 -0.329352 0.079546 -0.331382 0.133844 -0.333729 0.188769 -0.337247 
4.18 -0.152198 -0.359964 -0.0931775 -0.357703 -0.0392566 -0.355575 0.0132337 -0.355494 0.0674782 -0.357305 0.121657 -0.359475 0.176416 -0.362952 
4.18 -0.111793 -0.143556 -0.053323 -0.14342 6.13545e-05 -0.142671 0.0522435 -0.143364 0.106517 -0.145253 0.161228 -0.147025 0.217026 -0.149416 
4.129 -0.184386 -0.317504 -0.124806 -0.314926 -0.0706049 -0.312393 -0.0179844 -0.311734 0.0361374 -0.312818 0.0900278 -0.314196 0.144244 -0.316689 
4.148 -0.172059 -0.377085 -0.112748 -0.374265 -0.0586657 -0.371666 -0.00604768 -0.371132 0.0481001 -0.372479 0.102164 -0.374209 0.156575 -0.377347 
4.168 -0.159732 -0.31682 -0.100471 -0.314798 -0.0465004 -0.312791 0.00600311 -0.312661 0.0601961 -0.31426 0.114252 -0.316216 0.168765 -0.319238 
4.203 -0.0645391 -0.032612 -0.00680441 -0.0333529 0.0464594 -0.0331525 0.0989721 -0.0338065 0.15413 -0.0354399 0.210001 -0.0364729 0.26711 -0.0378552 
4.227 -0.0802904 -0.142186 -0.0222586 -0.142413 0.0310811 -0.14207 0.0834892 -0.143117 0.138318 -0.145421 0.193504 -0.147493 0.249905 -0.150183 
4.094 -0.178222 -0.16684 -0.118624 -0.165629 -0.0647686 -0.164021 -0.0123915 -0.16387 0.0415026 -0.165053 0.0952484 -0.166116 0.149469 -0.167974 
4.16 -0.162471 -0.293535 -0.103225 -0.291595 -0.049285 -0.289604 0.00321197 -0.289404 0.0573579 -0.29092 0.111412 -0.292658 0.165905 -0.2955 
4.129 -0.185755 -0.33531 -0.126124 -0.332526 -0.0718791 -0.329871 -0.0192384 -0.32911 0.0348912 -0.33018 0.0887858 -0.331557 0.142994 -0.334144 
4.141 -0.178222 -0.353801 -0.118689 -0.351105 -0.064477 -0.348541 -0.0118572 -0.347999 0.0422977 -0.349296 0.0962093 -0.350904 0.150542 -0.353768 
3.992 -0.243282 -0.173004 -0.181993 -0.170921 -0.126856 -0.168505 -0.0737371 -0.167545 -0.0195945 -0.167822 0.0338409 -0.168067 0.0872453 -0.169187 
4.211 -0.133708 -0.35791 -0.0749609 -0.356142 -0.021188 -0.354465 0.031311 -0.354777 0.0856414 -0.356997 0.140042 -0.35961 0.195107 -0.363489 
4.105 -0.129599 -0.0360362 -0.0711093 -0.0364548 -0.0177532 -0.0360081 0.0343817 -0.0363809 0.0886022 -0.0376958 0.142995 -0.0384458 0.19825 -0.0394997 
4.207 -0.130968 -0.29285 -0.0722926 -0.29156 -0.0185647 -0.290129 0.0338685 -0.2905 0.0882329 -0.292642 0.142637 -0.294989 0.197753 -0.298382 
4.062 -0.181646 -0.108629 -0.121915 -0.107911 -0.0679091 -0.106691 -0.0155813 -0.106702 0.0383223 -0.107854 0.0919341 -0.108793 0.145945 -0.110233 
4.125 -0.14672 -0.138762 -0.0878614 -0.13818 -0.0342634 -0.137064 0.0179052 -0.137286 0.0719243 -0.138763 0.125998 -0.140121 0.180824 -0.142119 
1.077 -0.332311 0.303643 -0.266647 0.29674 -0.208267 0.292515 -0.152752 0.288583 -0.0964538 0.284713 -0.0417616 0.282522 0.0120982 0.281126 
4.168 -0.164525 -0.395576 -0.105235 -0.392881 -0.0511659 -0.390359 0.00143475 -0.390034 0.0556291 -0.391675 0.109704 -0.393774 0.164199 -0.397262 
4.121 -0.159047 -0.167525 -0.0998579 -0.16654 -0.0461877 -0.165167 0.00613411 -0.165247 0.0602067 -0.166648 0.114121 -0.167965 0.168668 -0.170075 
4.105 -0.200137 -0.299699 -0.140169 -0.297033 -0.0857387 -0.29435 -0.0330352 -0.293504 0.0210632 -0.29435 0.0748481 -0.295461 0.128845 -0.297705 
4.215 -0.130968 -0.391467 -0.0722181 -0.389602 -0.0184146 -0.387922 0.0340839 -0.38835 0.0884628 -0.390767 0.142852 -0.393614 0.197958 -0.397875 
3.447 0.0820162 0.0680592 0.140658 0.0673431 0.195927 0.0680038 0.251396 0.0681744 0.310388 0.0675623 0.370596 0.0679229 0.432866 0.0684557 
1.179 0.25391 0.215299 0.316761 0.217023 0.376752 0.220437 0.437811 0.22377 0.503447 0.226838 0.571437 0.231606 0.641943 0.236774 
0.804 -0.50215 0.372127 -0.428502 0.360708 -0.363692 0.352611 -0.302968 0.345061 -0.242227 0.33808 -0.184389 0.332841 -0.128307 0.328473 
4.125 -0.187125 -0.370237 -0.12748 -0.367126 -0.073245 -0.364211 -0.0205602 -0.363367 0.0335621 -0.36437 0.0874878 -0.365792 0.141696 -0.368485 
3.973 0.131324 0.0105328 0.191128 0.00939052 0.247791 0.0094092 0.304955 0.00875174 0.366023 0.00717545 0.42895 0.00640618 0.494468 0.00552347 
4.188 -0.146035 -0.346268 -0.0870787 -0.344373 -0.033193 -0.342477 0.0193077 -0.342578 0.0735361 -0.344565 0.127747 -0.34689 0.182525 -0.350408 
4.102 -0.201507 -0.33531 -0.141566 -0.332267 -0.0871007 -0.329388 -0.0343827 -0.32842 0.0197533 -0.329285 0.0735522 -0.330444 0.127576 -0.332825 
1.71 0.0135324 0.0701137 0.0714032 0.0693975 0.12527 0.0698307 0.179045 0.0697912 0.235847 0.0691509 0.293626 0.069534 0.352902 0.0697903 
4.09 -0.172743 -0.143556 -0.113185 -0.142624 -0.059369 -0.141211 -0.00712213 -0.14117 0.0468535 -0.142408 0.100604 -0.143462 0.15488 -0.145221 
1.176 -0.322723 0.278989 -0.257922 0.272948 -0.200262 0.269474 -0.145085 0.266022 -0.0891688 0.26269 -0.0347554 0.260956 0.018964 0.259889 
4.191 -0.149459 -0.395576 -0.0904688 -0.393246 -0.0365235 -0.391088 0.0159924 -0.391013 0.0702318 -0.393037 0.124429 -0.395428 0.179205 -0.39926 
4.32 -0.0309821 -0.162731 0.0266144 -0.163647 0.0801979 -0.163868 0.133209 -0.165537 0.18914 -0.168637 0.245586 -0.171455 0.303492 -0.17495 
4.109 -0.198082 -0.352431 -0.138132 -0.349296 -0.0837416 -0.346341 -0.030921 -0.34539 0.0231397 -0.346264 0.0770002 -0.347498 0.131034 -0.350013 
4.105 -0.198082 -0.318874 -0.138133 -0.316044 -0.0837332 -0.313326 -0.0309809 -0.31243 0.0231128 -0.313355 0.0769282 -0.31454 0.130927 -0.316889 
4.152 -0.133023 -0.144925 -0.0743596 -0.144499 -0.0208299 -0.143549 0.0313288 -0.143945 0.0854816 -0.145609 0.139772 -0.147149 0.19478 -0.149339 
3.92 0.147076 0.0105328 0.207321 0.00937927 0.264483 0.00938654 0.322184 0.00871751 0.38387 0.00711735 0.447573 0.00630097 0.513982 0.005417 
4.109 -0.151513 -0.109999 -0.0926131 -0.109698 -0.0389211 -0.108706 0.0131421 -0.108896 0.0671813 -0.110252 0.121182 -0.111402 0.175814 -0.113063 
1.656 0.133379 0.169415 0.19323 0.169737 0.249901 0.171686 0.306824 0.173266 0.367689 0.174555 0.430202 0.177249 0.495167 0.180424 
4.113 -0.199452 -0.387358 -0.139481 -0.383854 -0.0849937 -0.380647 -0.0321933 -0.379554 0.021935 -0.380354 0.0757687 -0.381666 0.129832 -0.384328 
4.137 -0.183016 -0.385303 -0.123423 -0.382216 -0.0691501 -0.379347 -0.0164756 -0.37861 0.0376579 -0.379786 0.0915853 -0.381383 0.145849 -0.384362 
0.852 -0.452157 0.355006 -0.380824 0.344815 -0.318181 0.337783 -0.259145 0.331312 -0.200006 0.325057 -0.143169 0.320785 -0.0880297 0.317167 
4.242 -0.0823449 -0.170264 -0.024256 -0.17031 0.0289956 -0.16994 0.0814716 -0.170997 0.13626 -0.17345 0.191526 -0.175776 0.247775 -0.178812 
4.215 -0.0665936 -0.0586358 -0.00890457 -0.0593516 0.044349 -0.0591087 0.0968397 -0.0598785 0.151984 -0.0616889 0.207755 -0.0630312 0.264769 -0.0646602 
1.375 -0.0344062 0.0803862 0.0233588 0.0792157 0.0768052 0.079503 0.129691 0.0793485 0.185335 0.0786574 0.241834 0.0789871 0.299492 0.0793176 
4.133 -0.185755 -0.402424 -0.126098 -0.399098 -0.0717927 -0.396012 -0.0191288 -0.395129 0.0350079 -0.396249 0.088934 -0.397781 0.143161 -0.40073 
1.392 -0.0570059 0.0797014 0.000985827 0.0784866 0.0544448 0.0786938 0.107094 0.0784582 0.162416 0.0776696 0.218362 0.0778707 0.275376 0.0781078 
4.18 -0.119326 -0.172319 -0.0608256 -0.171872 -0.00738897 -0.170994 0.0448663 -0.171516 0.0991953 -0.173511 0.153654 -0.175353 0.20911 -0.177975 
1.658 0.0847555 0.123531 0.143551 0.123115 0.198904 0.124282 0.25448 0.1251 0.313537 0.125308 0.373911 0.126778 0.436359 0.128572 
3.977 -0.257663 -0.173689 -0.196037 -0.171448 -0.140499 -0.168894 -0.0873131 -0.167761 -0.0329641 -0.167869 0.0204225 -0.167973 0.0737437 -0.168929 
4.066 -0.187125 -0.142186 -0.127231 -0.141105 -0.0730898 -0.139548 -0.0207414 -0.139341 0.0331573 -0.140408 0.086778 -0.141329 0.140745 -0.142904 
4.102 -0.202876 -0.370237 -0.142895 -0.366885 -0.0884212 -0.363729 -0.0356074 -0.362659 0.0184745 -0.363416 0.0723264 -0.364617 0.126356 -0.367134 
1.377 0.00325983 0.255705 0.0617571 0.254574 0.116085 0.255575 0.169952 0.256616 0.226758 0.25754 0.28427 0.260107 0.343157 0.263309 
1.183 -0.302178 0.267347 -0.238165 0.26187 -0.180888 0.258615 -0.126206 0.255577 -0.0704825 0.25248 -0.0162341 0.251039 0.037422 0.250349 
1.666 0.0813313 0.105725 0.140061 0.105288 0.195343 0.106141 0.250886 0.10684 0.309873 0.106802 0.370142 0.107883 0.432519 0.10911 
1.305 0.223778 0.174894 0.285852 0.175987 0.345095 0.178606 0.405193 0.18104 0.470003 0.183239 0.537051 0.186811 0.606573 0.190787 
4.219 -0.103575 -0.183961 -0.0452826 -0.183752 0.00811919 -0.183033 0.0604296 -0.183811 0.114949 -0.186092 0.169785 -0.188269 0.225484 -0.191088 
0.84 -0.482975 0.3598 -0.410269 0.349073 -0.34629 0.34149 -0.286254 0.334543 -0.226202 0.327883 -0.168834 0.323047 -0.113138 0.319054 
4.137 -0.129599 -0.107259 -0.0710869 -0.107067 -0.0177014 -0.106303 0.0344508 -0.106629 0.0886625 -0.108173 0.14309 -0.109485 0.198375 -0.111333 
3.98 -0.2289 -0.0867141 -0.16797 -0.0859556 -0.112974 -0.0845504 -0.0602661 -0.0843161 -0.0062978 -0.0850556 0.0469605 -0.0854825 0.100432 -0.0864027 
1.468 0.161457 0.242693 0.221972 0.243878 0.279153 0.246884 0.336843 0.249809 0.398597 0.252641 0.462231 0.25724 0.528131 0.262368 
0.849 -0.409697 0.353636 -0.340431 0.344103 -0.279351 0.337664 -0.221674 0.331775 -0.163577 0.326183 -0.107667 0.322381 -0.0530278 0.319457 
0.852 -0.466539 0.352267 -0.394531 0.34197 -0.331194 0.334842 -0.271694 0.328256 -0.212058 0.322017 -0.154987 0.317588 -0.0995349 0.313819 
1.361 0.233365 0.157773 0.295937 0.15872 0.355405 0.161131 0.415886 0.1634 0.481211 0.165146 0.548811 0.168437 0.619121 0.172034 
4.227 -0.0727572 -0.105205 -0.0151065 -0.105511 0.0382167 -0.105383 0.0906191 -0.106294 0.145599 -0.108355 0.201288 -0.110255 0.258124 -0.112466 
0.825 -0.429558 0.362539 -0.359286 0.352345 -0.297548 0.345395 -0.239156 0.338973 -0.180583 0.332881 -0.124312 0.328679 -0.0694494 0.325295 
4.246 -0.0672785 -0.136022 -0.00941272 -0.136393 0.0438731 -0.136204 0.0963767 -0.137249 0.151385 -0.139681 0.207052 -0.141825 0.263797 -0.144575 
4.105 -0.201507 -0.402424 -0.141536 -0.398725 -0.0870286 -0.39536 -0.0342379 -0.394208 0.0198947 -0.394986 0.0737357 -0.396242 0.127758 -0.39889 
3.973 -0.226161 -0.0476784 -0.16498 -0.0475106 -0.110251 -0.0465413 -0.0576674 -0.0465093 -0.00376415 -0.0473173 0.0494307 -0.0476788 0.10297 -0.0484596 
4.105 -0.157677 -0.12712 -0.0986172 -0.126483 -0.0449194 -0.125343 0.00725921 -0.12543 0.0612233 -0.126793 0.115205 -0.127965 0.169797 -0.12972 
3.99 -0.23164 -0.120956 -0.170481 -0.119729 -0.115564 -0.117943 -0.0628076 -0.117425 -0.00874853 -0.118044 0.0446041 -0.118497 0.098061 -0.119534 
1.688 0.0587317 0.0749075 0.117098 0.0740562 0.171833 0.0747556 0.226744 0.0748595 0.285013 0.0741919 0.34446 0.0746884 0.40573 0.0751189 
0.813 -0.452842 0.369388 -0.381592 0.358778 -0.318851 0.351341 -0.259761 0.344513 -0.200565 0.338049 -0.143742 0.333426 -0.0885559 0.329663 
4.258 -0.0255034 -0.0339816 0.0321365 -0.0349241 0.0855972 -0.0348851 0.138637 -0.0356989 0.194687 -0.0375251 0.251579 -0.038707 0.309856 -0.040207 
4.137 -0.117272 -0.0593206 -0.0588111 -0.0596708 -0.00548464 -0.0591471 0.046628 -0.0596923 0.100858 -0.0611672 0.155361 -0.0622121 0.21074 -0.0637166 
0.907 -0.406273 0.339255 -0.337172 0.330257 -0.276302 0.324343 -0.218686 0.318862 -0.160746 0.313593 -0.10478 0.310032 -0.0502817 0.307306 
0.88 -0.389152 0.342679 -0.320702 0.333704 -0.260303 0.327768 -0.20308 0.322318 -0.145357 0.317041 -0.0896877 0.313568 -0.0352358 0.310942 
0.988 -0.343953 0.328982 -0.277813 0.321213 -0.219036 0.316299 -0.163234 0.311816 -0.106625 0.307514 -0.0517793 0.304995 0.00229903 0.303202 
0.869 -0.436406 0.347473 -0.365873 0.337691 -0.303663 0.331016 -0.245079 0.324821 -0.186214 0.319046 -0.129791 0.314962 -0.0748261 0.31164 
4.277 -0.0398849 -0.118902 0.0179076 -0.119706 0.0712229 -0.119821 0.124108 -0.121126 0.179702 -0.123708 0.236161 -0.125979 0.293725 -0.128725 
3.91 0.10941 0.00847829 0.168669 0.00732313 0.224737 0.00736246 0.281217 0.00671457 0.341464 0.00511889 0.403331 0.00437549 0.467509 0.00343242 
4.195 -0.0974113 -0.125065 -0.0392753 -0.125143 0.0140028 -0.124634 0.0662877 -0.125353 0.120839 -0.127373 0.175886 -0.129154 0.231817 -0.131532 
4.223 -0.122065 -0.260663 -0.063469 -0.259717 -0.00979869 -0.258558 0.0426469 -0.259148 0.0970576 -0.261501 0.151633 -0.263883 0.206906 -0.267344 
4.242 -0.105629 -0.268881 -0.0472479 -0.268163 0.00630628 -0.267232 0.0587891 -0.268071 0.113335 -0.270686 0.168186 -0.273337 0.223862 -0.277221 
4.297 -0.0248185 -0.116847 0.0328603 -0.117751 0.0863792 -0.117984 0.139377 -0.11938 0.195375 -0.122068 0.252243 -0.124379 0.310337 -0.127237 
1.146 -0.344638 0.284468 -0.278964 0.278008 -0.220528 0.27416 -0.165099 0.270364 -0.108561 0.266845 -0.0540486 0.264732 -0.000197382 0.263445 
1.203 0.231996 0.215299 0.294186 0.216747 0.353567 0.21992 0.413798 0.222976 0.478425 0.225752 0.545157 0.230118 0.614771 0.235025 
1.664 0.0888645 0.141337 0.147786 0.141175 0.20331 0.142511 0.259028 0.143552 0.318185 0.144004 0.37875 0.14574 0.441386 0.147869 
4.289 -0.022764 -0.091508 0.0347215 -0.0924615 0.0883357 -0.0926173 0.141452 -0.09388 0.197514 -0.0963079 0.254311 -0.0983276 0.312589 -0.10073 
1.42 -0.0131763 0.0797014 0.0446271 0.0786432 0.0982054 0.0790037 0.151407 0.0789352 0.207516 0.0783206 0.264281 0.0786484 0.322441 0.0790626 
4.375 0.0833858 -0.0285029 0.142051 -0.0299022 0.197343 -0.0301924 0.253054 -0.0314314 0.312283 -0.0337431 0.372864 -0.0351577 0.435675 -0.0369834 
1.748 0.103931 0.0927133 0.162964 0.0921859 0.218701 0.0931404 0.27482 0.0937647 0.334485 0.093611 0.395698 0.0945078 0.458978 0.0957059 
1.122 -0.310396 0.287892 -0.246053 0.281744 -0.188594 0.278196 -0.133653 0.274807 -0.0778411 0.271433 -0.0233789 0.269788 0.0303271 0.268857 
1.474 0.0368169 0.244062 0.0953975 0.243531 0.14996 0.24484 0.204415 0.246197 0.261893 0.24731 0.32047 0.250193 0.38049 0.253644 
4.012 -0.217258 -0.120271 -0.157023 -0.119173 -0.102392 -0.117492 -0.0496612 -0.117095 0.00415257 -0.117804 0.0576412 -0.118325 0.111249 -0.11946 
4.27 -0.0378304 -0.0921929 0.0199095 -0.0930713 0.0732123 -0.0931378 0.125968 -0.0942988 0.181691 -0.0966242 0.23804 -0.0985789 0.295784 -0.100919 
1.606 0.0737981 0.179688 0.132525 0.179409 0.187776 0.180889 0.243035 0.182119 0.301719 0.183014 0.361663 0.185322 0.423531 0.187986 
4.074 -0.157677 -0.0689084 -0.0986607 -0.0689306 -0.0450094 -0.0681037 0.0072139 -0.068294 0.0612415 -0.0695267 0.115168 -0.0703407 0.169882 -0.0715353 
4.215 -0.0686481 -0.0853445 -0.0109061 -0.0857658 0.0423803 -0.085516 0.0948498 -0.0863969 0.149939 -0.0883763 0.205694 -0.0898303 0.262612 -0.0919166 
4.203 -0.094672 -0.142871 -0.0365265 -0.142972 0.016736 -0.142462 0.0690616 -0.14331 0.123599 -0.145432 0.178609 -0.147387 0.234543 -0.149944 
1.285 -0.277524 0.270086 -0.214399 0.264826 -0.15775 0.26192 -0.103596 0.259059 -0.0482337 0.256384 0.00583829 0.255237 0.0596278 0.254894 
3.932 0.0306533 0.0132722 0.0887069 0.0122494 0.14296 0.0123682 0.197166 0.0118493 0.254858 0.0104581 0.313586 0.00991037 0.373795 0.00918089 
0.841 -0.498726 0.357746 -0.425189 0.346819 -0.360564 0.339047 -0.300041 0.331857 -0.239428 0.325054 -0.181779 0.31998 -0.125754 0.315815 
1.687 0.101192 0.159143 0.160474 0.15919 0.216305 0.160714 0.27242 0.161991 0.332082 0.162839 0.393234 0.165063 0.456609 0.167654 
4.383 0.0354472 -0.123695 0.0934555 -0.125151 0.14773 -0.126181 0.20203 -0.128178 0.259515 -0.131585 0.318056 -0.134523 0.378384 -0.138055 
4.199 -0.122065 -0.190809 -0.0635211 -0.190301 -0.0100182 -0.18937 0.0422673 -0.189975 0.0965701 -0.192054 0.151094 -0.194128 0.206362 -0.196862 
1.062 -0.351486 0.309122 -0.285101 0.30166 -0.226311 0.296961 -0.170157 0.292616 -0.113513 0.28839 -0.0585379 0.285872 -0.00447561 0.284104 
3.992 -0.189864 0.00916313 -0.129931 0.00844874 -0.0759057 0.00874397 -0.0235906 0.00846801 0.0303799 0.00737019 0.0839439 0.00705093 0.137877 0.00643753 
4.383 0.0347624 -0.146295 0.0927904 -0.147947 0.147063 -0.148993 0.201363 -0.151328 0.258788 -0.154889 0.317291 -0.158188 0.377593 -0.162165 
4.008 -0.205616 -0.0469936 -0.145435 -0.0469188 -0.0910351 -0.046052 -0.0385646 -0.0460985 0.0151027 -0.0470008 0.0685374 -0.047488 0.122183 -0.0483018 
3.939 -0.205616 0.013957 -0.145233 0.0131952 -0.0907383 0.0135317 -0.0382427 0.0132533 0.0157072 0.0121908 0.0691281 0.0118888 0.122825 0.0114257 
1.224 -0.298754 0.251596 -0.234916 0.246444 -0.17785 0.243641 -0.123221 0.240867 -0.0678009 0.238055 -0.0136001 0.236794 0.039996 0.236158 
4.027 -0.215888 -0.14698 -0.155353 -0.145547 -0.100619 -0.143652 -0.047962 -0.143128 0.00594668 -0.143813 0.0594114 -0.144427 0.113064 -0.145733 
1.575 0.0696891 0.230366 0.128539 0.230372 0.183931 0.232121 0.23902 0.233917 0.297688 0.23542 0.357387 0.238701 0.41916 0.242423 
1.638 0.0265443 0.0762772 0.0845191 0.0754239 0.138535 0.0759323 0.192546 0.0759462 0.249651 0.0753744 0.307813 0.0757718 0.367478 0.0761338 
1.014 -0.37888 0.319395 -0.31133 0.311397 -0.251592 0.306131 -0.194907 0.301229 -0.137743 0.29637 -0.0824926 0.293525 -0.028346 0.291105 
3.992 -0.219312 -0.070278 -0.158538 -0.0698204 -0.10381 -0.0686106 -0.0511581 -0.0684745 0.00275765 -0.0692772 0.0560894 -0.0697358 0.109676 -0.0706319 
4.25 -0.0494727 -0.0771264 0.00836229 -0.0778814 0.0615175 -0.077784 0.114178 -0.0788099 0.169607 -0.0809613 0.225631 -0.082662 0.282922 -0.0847628 
1.702 0.08681 0.0913437 0.145614 0.090863 0.200932 0.0916608 0.256629 0.0921695 0.315764 0.0919408 0.376229 0.0928293 0.438798 0.0938839 
1.405 -0.272045 0.237899 -0.209012 0.233099 -0.152573 0.230739 -0.098501 0.228224 -0.0433435 0.225733 0.0105421 0.224865 0.0641672 0.224577 
4.027 -0.195343 -0.0627448 -0.135395 -0.0624947 -0.0811794 -0.0614942 -0.0287855 -0.0614845 0.0249078 -0.0624536 0.0784126 -0.0629818 0.132349 -0.0639991 
4.426 0.0409259 -0.185331 0.0990938 -0.18739 0.153587 -0.188769 0.208077 -0.191526 0.265715 -0.195845 0.324502 -0.199941 0.385148 -0.204829 
3.943 -0.219312 0.00573894 -0.15857 0.00508796 -0.103963 0.00547071 -0.0513417 0.00522159 0.00259973 0.00421005 0.0559881 0.00394559 0.109535 0.00342753 
1.442 0.201178 0.155034 0.262679 0.155528 0.321249 0.157889 0.380339 0.159514 0.444008 0.160923 0.509881 0.163769 0.578442 0.166967 
3.443 -0.211094 0.035187 -0.150764 0.034119 -0.0962752 0.0343799 -0.0437646 0.0337989 0.0101943 0.0328104 0.063633 0.0324005 0.117315 0.0321446 
4.406 0.027914 -0.21067 0.0860053 -0.212372 0.140235 -0.213672 0.19439 -0.216489 0.251467 -0.221009 0.309678 -0.225297 0.369615 -0.2305 
4.273 -0.0124914 -0.0401452 0.0451466 -0.0411409 0.0987835 -0.0411709 0.152178 -0.0420641 0.208594 -0.0439831 0.265962 -0.0452832 0.324754 -0.0468645 
4.277 -0.0241337 -0.0689084 0.0333556 -0.0698559 0.0869466 -0.0699431 0.139914 -0.071028 0.196024 -0.0732818 0.252906 -0.0749549 0.311143 -0.0770692 
4.199 -0.0891933 -0.107944 -0.0312067 -0.108232 0.0220799 -0.107917 0.0743672 -0.108698 0.128937 -0.110752 0.184117 -0.112451 0.240152 -0.114753 
0.799 -0.429558 0.378291 -0.359281 0.367783 -0.29738 0.360638 -0.238922 0.353989 -0.180264 0.34778 -0.123878 0.343368 -0.0689539 0.339897 
3.932 0.0635255 0.0125873 0.122124 0.0115091 0.177069 0.0116057 0.232312 0.0110363 0.290946 0.00957535 0.350855 0.00890318 0.4127 0.00812509 
4.254 -0.0542665 -0.114792 0.00346331 -0.115419 0.0567428 -0.115402 0.109329 -0.11657 0.164839 -0.119017 0.220786 -0.121115 0.27804 -0.123673 
4.395 0.0566772 -0.08329 0.114928 -0.0849207 0.169631 -0.0857449 0.224537 -0.0875575 0.28289 -0.0905287 0.342396 -0.0930058 0.40381 -0.0959462 
1.401 0.010793 0.272141 0.0694298 0.271155 0.123712 0.272034 0.177852 0.273177 0.234776 0.274295 0.292599 0.277155 0.351714 0.280653 
4.309 -0.018655 -0.129174 0.0389089 -0.130167 0.0925466 -0.130459 0.145794 -0.132031 0.201746 -0.134898 0.258744 -0.137428 0.317071 -0.140532 
1.419 -0.258348 0.237899 -0.195829 0.233416 -0.139735 0.231161 -0.0858524 0.228864 -0.0308135 0.226618 0.0229841 0.226061 0.076643 0.22596 
4.227 0.00873853 0.0119025 0.0665327 0.010882 0.120436 0.0110025 0.174194 0.0105354 0.231187 0.00910963 0.289224 0.00855491 0.348761 0.00785151 
4.121 -0.130968 -0.0764416 -0.0724446 -0.0765371 -0.0190509 -0.0758413 0.0330701 -0.0762312 0.0872347 -0.0776485 0.141621 -0.0787634 0.196824 -0.0803059 
3.979 -0.215888 -0.0271333 -0.155425 -0.027273 -0.100759 -0.0264453 -0.0482221 -0.0265506 0.00569325 -0.0274635 0.0590574 -0.0278615 0.112634 -0.0285849 
4.312 -0.0104369 -0.113423 0.0470737 -0.114482 0.100857 -0.114811 0.154238 -0.116345 0.210307 -0.119101 0.26772 -0.121473 0.326359 -0.124338 
4.023 -0.168634 0.0119025 -0.109165 0.0110351 -0.055372 0.0113873 -0.00325587 0.0109685 0.0507572 0.00991046 0.104562 0.00953585 0.158805 0.00908521 
4.066 -0.152198 -0.0237091 -0.0934113 -0.0240296 -0.0398104 -0.0233701 0.0123214 -0.0238331 0.0662774 -0.0249778 0.120276 -0.0255137 0.175046 -0.026655 
4.27 -0.0754965 -0.188755 -0.0174757 -0.188863 0.0358672 -0.188503 0.088366 -0.189689 0.143263 -0.192342 0.198675 -0.194934 0.2552 -0.198148 
4.016 -0.191919 -0.0346665 -0.132061 -0.0348276 -0.0778532 -0.0340989 -0.025445 -0.0342366 0.0282167 -0.0352066 0.0817675 -0.0356987 0.135537 -0.0365126 
0.809 -0.409012 0.374866 -0.339669 0.364744 -0.278501 0.357862 -0.220667 0.351523 -0.162513 0.345693 -0.10644 0.341644 -0.0516343 0.338368 
4.188 -0.0843994 -0.0675387 -0.0265105 -0.0680484 0.0267268 -0.0677145 0.0790168 -0.0685106 0.133744 -0.0701483 0.189022 -0.0715791 0.245353 -0.0731583 
4.195 -0.0652239 -0.0141214 -0.00754961 -0.0149175 0.0457308 -0.0146678 0.0982955 -0.0152876 0.153454 -0.016754 0.209274 -0.017547 0.266389 -0.0185829 
4.363 0.0327078 -0.10589 0.0906574 -0.107482 0.144971 -0.108202 0.199267 -0.110118 0.256765 -0.113297 0.315311 -0.116033 0.375689 -0.11932 
4.078 -0.14535 -0.0421997 -0.0865148 -0.0425134 -0.0329207 -0.0419509 0.0191863 -0.0423188 0.0732391 -0.043575 0.127243 -0.0443012 0.182028 -0.0454019 
4.355 -0.00153404 -0.192179 0.0563204 -0.193596 0.110168 -0.194456 0.163657 -0.196624 0.219963 -0.200381 0.277261 -0.203913 0.335979 -0.208212 
1.744 0.116258 0.181742 0.175767 0.181948 0.231859 0.183794 0.288315 0.185418 0.348457 0.186777 0.410246 0.189585 0.474302 0.19285 
1.436 0.166251 0.165991 0.226894 0.16659 0.2842 0.168664 0.342102 0.170478 0.404109 0.17197 0.467965 0.174834 0.534287 0.178103 
4.41 0.0299685 -0.196288 0.0881581 -0.19798 0.142337 -0.199296 0.196592 -0.202022 0.25389 -0.206346 0.312333 -0.210404 0.372462 -0.215292 
1.454 -0.27273 0.251596 -0.209636 0.246675 -0.153142 0.243966 -0.0990715 0.241278 -0.0438321 0.23868 0.0100872 0.237548 0.0637419 0.237049 
4.156 -0.104945 -0.0675387 -0.046737 -0.0679925 0.00649918 -0.0674633 0.0586687 -0.0680538 0.113179 -0.0695513 0.16796 -0.0707732 0.223817 -0.0723443 
4.383 0.0580468 -0.0654842 0.116301 -0.0669428 0.171035 -0.0674634 0.225981 -0.069119 0.284348 -0.071803 0.343979 -0.0738724 0.405537 -0.0763156 
0.813 -0.466539 0.370073 -0.394567 0.359159 -0.331358 0.351504 -0.271896 0.344431 -0.212317 0.337712 -0.155286 0.332839 -0.0998215 0.328902 
0.793 -0.394631 0.389933 -0.325865 0.379505 -0.265155 0.372433 -0.207754 0.366063 -0.149631 0.359977 -0.0940088 0.3559 -0.0392311 0.352652 
4.07 -0.185755 -0.123011 -0.125983 -0.122135 -0.0719057 -0.120819 -0.019536 -0.120718 0.034397 -0.121824 0.0880086 -0.122727 0.142016 -0.124213 
4.363 0.0196959 -0.141501 0.0776556 -0.143021 0.131709 -0.143829 0.18576 -0.145961 0.242839 -0.149404 0.301007 -0.152571 0.360815 -0.156403 
1.257 0.23542 0.185851 0.297974 0.187114 0.357388 0.189924 0.417883 0.192563 0.48324 0.19506 0.550617 0.198989 0.62062 0.203289 
4.543 0.0922887 -0.183961 0.151274 -0.186694 0.206718 -0.188891 0.262434 -0.192348 0.321689 -0.197367 0.38256 -0.202026 0.445781 -0.207578 
4.027 -0.177537 -0.0148062 -0.117825 -0.0152509 -0.0639003 -0.0147238 -0.011566 -0.0150337 0.0423181 -0.0161303 0.0959374 -0.0165821 0.150033 -0.0173582 
1.485 0.0402411 0.309807 0.0990327 0.309251 0.153841 0.310819 0.208354 0.312657 0.265955 0.314436 0.324422 0.318156 0.384414 0.322591 
4.168 -0.0843994 -0.0209697 -0.0263298 -0.0216207 0.026909 -0.0213498 0.079179 -0.0222327 0.133875 -0.0235532 0.189108 -0.0242077 0.245446 -0.0251606 
4.27 -0.022764 -0.0545268 0.0348958 -0.05548 0.0884767 -0.0555162 0.141655 -0.0566046 0.197833 -0.0587082 0.25489 -0.0602757 0.313294 -0.0622186 
4.395 0.0772223 -0.0483632 0.135782 -0.0499177 0.190957 -0.0504616 0.246449 -0.0518686 0.305532 -0.0542891 0.365899 -0.0560713 0.428349 -0.0582041 
1.58 0.155979 0.154349 0.21639 0.154703 0.273622 0.156716 0.331221 0.158201 0.393039 0.159432 0.456583 0.16195 0.522742 0.164723 
0.759 -0.432297 0.418011 -0.361772 0.406118 -0.299511 0.397733 -0.240877 0.390065 -0.181923 0.3829 -0.125324 0.377787 -0.0701793 0.373709 
3.789 0.0498288 0.0208054 0.108079 0.0197601 0.162678 0.0199031 0.217436 0.0194283 0.275672 0.0180792 0.335273 0.0175043 0.396579 0.0168705 
4.352 0.0217504 -0.114108 0.0795857 -0.115602 0.13365 -0.11626 0.187707 -0.118111 0.244867 -0.121146 0.303011 -0.123789 0.362868 -0.126978 
4.238 -0.00495822 0.0255992 0.0527274 0.0246349 0.106438 0.0251398 0.160053 0.0246936 0.216711 0.0236194 0.274381 0.0233147 0.33361 0.022793 
4.363 0.0594165 -0.0476784 0.117737 -0.049025 0.172506 -0.0494328 0.227453 -0.0507692 0.285798 -0.0531413 0.34537 -0.0549039 0.406953 -0.0568595 
4.094 -0.150829 -0.08329 -0.0918524 -0.0831583 -0.0382332 -0.0823097 0.0139358 -0.0825674 0.0679361 -0.0839009 0.121905 -0.0848966 0.176536 -0.0863625 
4.5 0.0943432 -0.121641 0.153259 -0.124106 0.208833 -0.125601 0.264678 -0.128054 0.324079 -0.132082 0.385098 -0.13527 0.413749 -0.114264 
1.116 -0.331626 0.289947 -0.266351 0.283487 -0.208313 0.279627 -0.152861 0.275959 -0.0966572 0.272376 -0.0421062 0.270441 0.0117145 0.269209 
4.25 -0.0398849 -0.04083 0.017783 -0.0417588 0.071109 -0.0416854 0.123905 -0.0425022 0.179551 -0.0442471 0.235936 -0.0454408 0.293712 -0.0468868 
4.164 -0.104945 -0.0853445 -0.046762 -0.0855676 0.00647285 -0.085106 0.0586683 -0.0856735 0.113151 -0.0874264 0.167935 -0.0887426 0.223778 -0.0905221 
3.393 0.0957129 0.0680592 0.154657 0.0674103 0.210132 0.0681437 0.266002 0.0682953 0.325376 0.0677528 0.386232 0.0682098 0.449352 0.0687404 
4.262 -0.0193398 -0.0209697 0.0382415 -0.021931 0.0917869 -0.0218539 0.144944 -0.0226137 0.201089 -0.024298 0.25824 -0.0253711 0.316775 -0.0266535 
0.785 -0.463799 0.385824 -0.392248 0.374755 -0.329159 0.366961 -0.269685 0.359749 -0.210163 0.352965 -0.153168 0.34811 -0.0978051 0.344156 
1.601 0.0758526 0.199548 0.134653 0.199461 0.18991 0.200943 0.245127 0.202251 0.303798 0.203284 0.363682 0.205941 0.425539 0.208755 
1.378 0.218984 0.160512 0.281006 0.161594 0.340135 0.164004 0.400139 0.166135 0.464792 0.167941 0.531587 0.171114 0.601087 0.174868 
0.991 -0.405588 0.324188 -0.337214 0.315557 -0.276928 0.30983 -0.219827 0.304488 -0.162132 0.299393 -0.106591 0.296119 -0.0522398 0.293524 
3.947 -0.233009 -0.0353513 -0.171823 -0.0353106 -0.116863 -0.0343722 -0.0640035 -0.0343704 -0.010024 -0.03523 0.0432404 -0.0355766 0.0966193 -0.0362668 
4.359 -0.00290371 -0.215464 0.0549316 -0.216724 0.108759 -0.217726 0.162254 -0.220093 0.218557 -0.223952 0.275752 -0.227799 0.334493 -0.232478 
1.329 0.19296 0.181057 0.254189 0.181943 0.312293 0.184312 0.371064 0.186421 0.434212 0.188325 0.499468 0.191623 0.567331 0.195324 
1.579 0.0690042 0.21256 0.12779 0.212407 0.18304 0.214084 0.238165 0.215495 0.29676 0.216711 0.356432 0.219686 0.418152 0.223053 
0.752 -0.509684 0.42212 -0.435506 0.408937 -0.370208 0.39926 -0.308976 0.390239 -0.247804 0.381584 -0.189452 0.375213 -0.132994 0.369868 
4.27 -0.052212 -0.129859 0.00506635 -0.130398 0.0585947 -0.130363 0.111219 -0.131588 0.166691 -0.134141 0.222715 -0.136429 0.280042 -0.139222 
2.945 0.0464046 0.0673743 0.104568 0.0663917 0.159145 0.0671327 0.213876 0.0672095 0.271924 0.0665528 0.331271 0.0670272 0.392346 0.0674738 
4.41 0.0916039 -0.0394603 0.150432 -0.0410275 0.205981 -0.041638 0.261819 -0.0430064 0.321331 -0.0452497 0.382275 -0.0470305 0.445451 -0.0488422 
4.195 -0.0850842 -0.0853445 -0.0270804 -0.0856776 0.0260697 -0.0853566 0.0784174 -0.0861006 0.133091 -0.0880186 0.188397 -0.0894363 0.244658 -0.0914428 
4.242 -0.0672785 -0.121641 -0.00945059 -0.122042 0.043811 -0.121829 0.0963285 -0.122834 0.151405 -0.125103 0.207097 -0.12707 0.263939 -0.129608 
1.709 0.102561 0.178318 0.161917 0.178422 0.217812 0.180138 0.273957 0.181665 0.333724 0.182882 0.395124 0.185568 0.458558 0.188714 
3.479 0.0840707 0.035187 0.142863 0.0341839 0.198375 0.0344285 0.254182 0.0342351 0.313624 0.0330542 0.374425 0.0329275 0.43735 0.0328116 
1.521 0.0484591 0.196809 0.107002 0.19655 0.161793 0.197616 0.216426 0.19899 0.274177 0.199597 0.333002 0.201952 0.393827 0.204461 
4.227 -0.106314 -0.240118 -0.0479026 -0.239447 0.0055791 -0.238647 0.0578342 -0.23952 0.112483 -0.242015 0.167151 -0.244523 0.222775 -0.247969 
4.539 0.0909191 -0.202452 0.149851 -0.205396 0.205289 -0.207472 0.260981 -0.210987 0.320157 -0.216216 0.380953 -0.221341 0.444005 -0.227485 
1.318 -0.0631694 0.194069 -0.00471934 0.192227 0.048989 0.19226 0.101907 0.192283 0.157413 0.192063 0.213027 0.193346 0.269959 0.194978 
4.062 -0.160416 -0.0511026 -0.101625 -0.0513225 -0.0480276 -0.0508071 0.00422597 -0.05088 0.0580315 -0.0521319 0.112 -0.0527669 0.166564 -0.0539148 
3.365 0.0607862 0.0365566 0.119089 0.035489 0.173959 0.0359381 0.228915 0.0356322 0.287443 0.0346142 0.347181 0.0344477 0.408793 0.0343944 
4.254 -0.0371456 -0.0552116 0.0205729 -0.0561545 0.0739168 -0.0560964 0.126772 -0.0570458 0.182442 -0.0589925 0.238939 -0.0604215 0.296739 -0.0621793 
1.43 0.0224353 0.234475 0.0809599 0.23377 0.13536 0.234808 0.189776 0.236167 0.24715 0.237199 0.305322 0.239718 0.365119 0.243144 
4.215 -0.105629 -0.199028 -0.0474125 -0.198659 0.00600699 -0.197887 0.05827 -0.198682 0.11279 -0.200989 0.167651 -0.203197 0.223386 -0.206164 
