4.176 0.231311 0.0906588 0.230235 0.0781826 0.228694 0.0672574 0.226811 0.0566281 0.223878 0.0451867 0.220687 0.0346237 0.216907 0.0245028 
1.464 0.242953 0.274195 0.251423 0.262175 0.258236 0.251072 0.264764 0.240117 0.270588 0.227434 0.27566 0.215537 0.280034 0.203659 
3.457 0.293631 0.156403 0.296037 0.140209 0.297533 0.125708 0.298415 0.111513 0.298253 0.0959696 0.297286 0.0814697 0.295718 0.067312 
0.808 -0.0727572 0.402945 -0.0586732 0.412161 -0.0458439 0.419849 -0.0327532 0.426746 -0.0183291 0.433305 -0.00449287 0.438761 0.00947833 0.443488 
1.446 0.651801 0.0694288 0.647178 0.032732 0.641193 0.000323355 0.634048 -0.030994 0.624037 -0.0645532 0.613022 -0.0955206 0.600642 -0.125156 
2.271 0.610026 0.0735379 0.605422 0.0394432 0.599761 0.00947345 0.59299 -0.0195303 0.583574 -0.0506318 0.573268 -0.0792107 0.561628 -0.106693 
0.963 -0.199452 0.287207 -0.191102 0.303376 -0.183063 0.317538 -0.174481 0.330948 -0.164439 0.344874 -0.154226 0.357484 -0.143605 0.369461 
0.857 -0.0796055 0.37966 -0.0666278 0.389127 -0.0545998 0.397174 -0.0422898 0.404442 -0.028746 0.411412 -0.0155277 0.417334 -0.00227451 0.422537 
3.975 -0.0713875 -0.0572661 -0.0803401 -0.0515517 -0.0880904 -0.0460578 -0.0952982 -0.0403562 -0.102972 -0.0336869 -0.10976 -0.0270828 -0.116121 -0.0201285 
0.93 -0.0933023 0.350897 -0.0817493 0.360974 -0.0710793 0.369551 -0.060117 0.377395 -0.04789 0.385206 -0.0359435 0.391849 -0.0238665 0.397975 
0.968 -0.184386 0.289947 -0.175999 0.305133 -0.168039 0.318363 -0.159322 0.330937 -0.149211 0.343966 -0.139112 0.355773 -0.128506 0.366934 
2.209 0.592905 0.122846 0.591039 0.0897284 0.587883 0.0603638 0.583604 0.0319446 0.576874 0.00129452 0.569173 -0.0269762 0.560092 -0.0542075 
0.987 -0.214519 0.272826 -0.206791 0.289835 -0.199301 0.304752 -0.191121 0.318963 -0.181451 0.33375 -0.171696 0.347237 -0.161304 0.360074 
2.209 0.626462 0.0824408 0.621927 0.0474965 0.616312 0.0167226 0.609657 -0.0129504 0.600371 -0.0447482 0.590092 -0.073991 0.578526 -0.102145 
0.762 -0.0686481 0.433078 -0.0531859 0.442399 -0.0390238 0.450216 -0.0247202 0.457156 -0.00880734 0.463676 0.00640338 0.469012 0.021726 0.473604 
0.749 -0.0220792 0.450883 -0.00570689 0.457423 0.00906026 0.462644 0.0238659 0.466983 0.0401326 0.4707 0.0555712 0.473351 0.0708522 0.475215 
4.191 0.0895494 0.0112176 0.0842344 0.00751875 0.0793138 0.00456451 0.0744612 0.00189329 0.0688307 -0.000764009 0.0635187 -0.00298848 0.0581676 -0.00474772 
4.145 0.0505136 0.000260238 0.0445763 -0.00140943 0.0391886 -0.00261801 0.0339482 -0.00355377 0.0280714 -0.00421992 0.0225251 -0.00460448 0.0170991 -0.00456038 
3.332 -0.188495 0.109834 -0.189332 0.12415 -0.189549 0.137075 -0.189083 0.149651 -0.187973 0.163217 -0.186153 0.176008 -0.183671 0.188545 
4.215 0.10667 -0.31682 0.0818176 -0.320657 0.0595185 -0.322921 0.0377573 -0.324144 0.0138267 -0.324105 -0.00847023 -0.322899 -0.0302876 -0.32044 
3.982 -0.0645391 -0.0784961 -0.0748485 -0.0731871 -0.0838812 -0.0679365 -0.092347 -0.062469 -0.101364 -0.0559346 -0.109458 -0.049394 -0.117106 -0.0423451 
1.408 -0.122065 0.174894 -0.119601 0.18551 -0.117014 0.194944 -0.113975 0.204036 -0.110284 0.213703 -0.106239 0.222583 -0.101819 0.231225 
0.877 -0.18644 0.321449 -0.176387 0.337124 -0.166858 0.350745 -0.156665 0.3637 -0.145011 0.376892 -0.133355 0.388753 -0.121285 0.399933 
0.848 -0.141926 0.357061 -0.130364 0.370294 -0.119533 0.381681 -0.108274 0.392301 -0.0955482 0.403 -0.0829155 0.412462 -0.0701271 0.421288 
4.121 0.0450349 -0.301753 0.0212816 -0.302065 9.7678e-05 -0.301319 -0.02042 -0.29962 -0.0428104 -0.296454 -0.06358 -0.292429 -0.0837546 -0.287247 
1.677 -0.404903 -0.130544 -0.419475 -0.103449 -0.431349 -0.0785761 -0.441617 -0.0537086 -0.45142 -0.0260825 -0.45922 0.000455691 -0.465504 0.0268599 
4.184 0.0840707 -0.305177 0.0599606 -0.307816 0.0384035 -0.309101 0.0173999 -0.309378 -0.00557593 -0.308301 -0.026998 -0.306193 -0.0478915 -0.30288 
3.971 0.208026 0.0995617 0.207448 0.088281 0.206348 0.0783311 0.204989 0.0687479 0.202627 0.058328 0.199978 0.0487786 0.196875 0.0396402 
4.043 -0.0138611 -0.0339816 -0.0215169 -0.0317445 -0.0282693 -0.0293989 -0.0346826 -0.0268165 -0.0416424 -0.0235956 -0.0479902 -0.0202455 -0.0541024 -0.0166089 
0.996 -0.169319 0.292686 -0.16052 0.307028 -0.152126 0.319532 -0.143145 0.331311 -0.132849 0.34346 -0.122553 0.354385 -0.111937 0.364654 
0.863 -0.221367 0.314601 -0.211818 0.332545 -0.202531 0.348065 -0.192749 0.362887 -0.181152 0.378253 -0.169522 0.392195 -0.157317 0.405329 
0.797 -0.100151 0.398836 -0.0865051 0.40985 -0.0739124 0.419165 -0.060996 0.427705 -0.0466402 0.436015 -0.0327096 0.443199 -0.0185531 0.449597 
4.266 0.272401 0.0824408 0.270806 0.0673642 0.26864 0.0540682 0.266026 0.0411753 0.262156 0.0273749 0.257935 0.0145452 0.253081 0.00246251 
4.207 0.0936584 -0.281893 0.0709095 -0.285028 0.0505918 -0.286825 0.0307161 -0.287632 0.00894564 -0.287264 -0.0113994 -0.285857 -0.0312675 -0.283304 
4.02 -0.0371456 -0.10452 -0.0490964 -0.10056 -0.0596776 -0.0964904 -0.0697499 -0.0920451 -0.0805009 -0.0865496 -0.0902866 -0.0808883 -0.0995383 -0.074693 
0.785 -0.0885084 0.409793 -0.074237 0.420276 -0.0611724 0.429101 -0.04786 0.437036 -0.0329924 0.44478 -0.0186448 0.451298 -0.00413094 0.457008 
3.961 -0.0871387 -0.206561 -0.10509 -0.199387 -0.120768 -0.1922 -0.135514 -0.184453 -0.151524 -0.17519 -0.165943 -0.165707 -0.179483 -0.155457 
4.211 0.101192 -0.301068 0.0773201 -0.304611 0.0558353 -0.306741 0.0349699 -0.3078 0.011963 -0.307649 -0.00946556 -0.306402 -0.0304563 -0.303935 
4.219 0.214875 0.0707985 0.212727 0.0592701 0.210309 0.0491996 0.207578 0.0394962 0.203759 0.0291392 0.199759 0.0195602 0.195319 0.0104922 
2.221 0.566881 0.126955 0.565909 0.0949258 0.563531 0.0665698 0.56003 0.0390718 0.554286 0.0093529 0.547476 -0.0181176 0.539384 -0.0447044 
1.05 0.429914 0.432393 0.445202 0.410325 0.457586 0.390064 0.468663 0.369609 0.479448 0.346741 0.488393 0.324712 0.496014 0.302769 
3.943 -0.0980962 -0.1867 -0.114537 -0.179106 -0.128879 -0.171564 -0.142449 -0.163568 -0.156878 -0.154021 -0.169872 -0.144339 -0.182153 -0.134006 
2.203 0.629201 0.098192 0.626313 0.0628079 0.622062 0.0314812 0.616534 0.00115386 0.608441 -0.0315248 0.599212 -0.0617113 0.588489 -0.0907051 
2.148 0.551815 0.263923 0.558604 0.232739 0.563314 0.204798 0.566642 0.17734 0.568337 0.147267 0.568434 0.119001 0.567076 0.0914799 
0.792 -0.144665 0.385824 -0.131653 0.399707 -0.119595 0.411508 -0.107208 0.422392 -0.0931475 0.433362 -0.0792905 0.443082 -0.0651798 0.451864 
4.27 0.236789 0.00984797 0.230745 -0.00286325 0.225093 -0.0137909 0.218967 -0.0242253 0.211427 -0.0351388 0.203862 -0.0450483 0.196007 -0.0542326 
4.25 0.247747 0.035187 0.24351 0.0219074 0.239149 0.0103371 0.234487 -0.000774835 0.228533 -0.0125552 0.222493 -0.0233122 0.215993 -0.0334951 
3.564 -0.352171 -0.186016 -0.368764 -0.163308 -0.382607 -0.142369 -0.395065 -0.121268 -0.407412 -0.0974841 -0.417829 -0.0745615 -0.426903 -0.0513715 
4.164 0.0676346 -0.29559 0.0442417 -0.297379 0.0233054 -0.297928 0.00294767 -0.297528 -0.0192963 -0.295808 -0.0400703 -0.293119 -0.0602587 -0.289285 
4.008 -0.0501575 -0.114108 -0.0624887 -0.109591 -0.0733523 -0.104934 -0.0836811 -0.0999685 -0.0947295 -0.0938591 -0.104804 -0.0876321 -0.114303 -0.0808412 
0.888 -0.148089 0.336516 -0.137254 0.350003 -0.127012 0.361722 -0.116447 0.372601 -0.104313 0.383707 -0.0923948 0.393517 -0.0801442 0.40262 
0.827 -0.174798 0.354321 -0.163344 0.369709 -0.152622 0.382909 -0.141381 0.395266 -0.128428 0.408022 -0.115629 0.419376 -0.102536 0.429896 
4.172 0.0655801 -0.112053 0.0528063 -0.114066 0.041273 -0.115292 0.030102 -0.115929 0.0178402 -0.115961 0.00627066 -0.115397 -0.00508509 -0.114066 
0.896 -0.203561 0.305013 -0.194449 0.321767 -0.185743 0.336302 -0.17633 0.350193 -0.165419 0.364564 -0.154278 0.377573 -0.14266 0.389835 
4.375 0.271716 0.0194357 0.266357 0.00471808 0.260905 -0.00809416 0.255016 -0.0203302 0.247636 -0.0332902 0.240162 -0.0450722 0.232285 -0.0561304 
4.219 0.228571 0.0612108 0.225964 0.0489707 0.223041 0.0382661 0.219782 0.0279157 0.215397 0.0169141 0.210806 0.00678852 0.205744 -0.00283604 
2.123 0.205972 0.161882 0.207819 0.152448 0.208929 0.143932 0.209795 0.135618 0.209926 0.126404 0.209708 0.117786 0.208963 0.109497 
3.592 -0.337105 -0.228476 -0.356188 -0.206683 -0.372396 -0.18635 -0.387109 -0.165806 -0.401978 -0.142462 -0.414857 -0.119871 -0.426335 -0.0968504 
4.051 -0.0241337 -0.149719 -0.0388825 -0.14641 -0.0519682 -0.142778 -0.0643896 -0.138649 -0.0778899 -0.133404 -0.0901938 -0.1278 -0.101944 -0.121486 
4.359 0.286098 0.0228599 0.280702 0.00731159 0.275165 -0.00618687 0.269326 -0.0191327 0.261941 -0.032786 0.254424 -0.0452364 0.246402 -0.0569448 
4.02 -0.0446788 -0.163416 -0.0599955 -0.158877 -0.0733956 -0.154107 -0.0862298 -0.148857 -0.0999461 -0.142394 -0.112532 -0.135606 -0.124435 -0.128179 
4.145 0.0436653 -0.151089 0.0287613 -0.151845 0.0154246 -0.151851 0.0025586 -0.151248 -0.0116111 -0.14975 -0.0248068 -0.147694 -0.0376399 -0.144816 
2.189 0.526476 0.255705 0.532821 0.226119 0.537098 0.199797 0.540168 0.173829 0.541633 0.145399 0.541683 0.118731 0.54035 0.0927539 
4.105 0.0333927 -0.0127517 0.0267055 -0.0129897 0.02071 -0.0128716 0.014974 -0.012501 0.00860072 -0.0116791 0.00281822 -0.010593 -0.00286346 -0.00916577 
0.811 -0.121381 0.385824 -0.108426 0.397994 -0.096416 0.40838 -0.0840839 0.417929 -0.0701444 0.427441 -0.056556 0.43575 -0.0427308 0.443291 
1.183 0.328558 0.337885 0.339285 0.321278 0.348171 0.30626 0.356178 0.291068 0.363764 0.273978 0.370086 0.257649 0.375436 0.241333 
1.938 -0.169319 0.188591 -0.164891 0.201266 -0.160542 0.212421 -0.155605 0.223102 -0.149823 0.234347 -0.143797 0.244601 -0.137429 0.254472 
1.108 -0.266566 0.247487 -0.259229 0.266545 -0.252001 0.283373 -0.244035 0.299549 -0.234528 0.316408 -0.224648 0.331881 -0.214148 0.346518 
0.996 -0.253554 0.259814 -0.246516 0.278968 -0.239608 0.295773 -0.231906 0.311909 -0.222563 0.328852 -0.212812 0.344351 -0.202319 0.359209 
3.562 0.332667 0.155718 0.335209 0.137268 0.336621 0.120753 0.337249 0.104576 0.33668 0.0869383 0.335304 0.0704841 0.333082 0.0544652 
4.098 0.00942337 -0.163416 -0.0061133 -0.162134 -0.0199006 -0.160266 -0.0331791 -0.157859 -0.0476357 -0.154333 -0.0610026 -0.150363 -0.0738621 -0.145626 
1.197 0.366909 0.322134 0.37725 0.302693 0.385659 0.285193 0.39315 0.267656 0.399812 0.247987 0.405135 0.229247 0.409294 0.21062 
4.082 -0.000164361 -0.138077 -0.0142926 -0.136248 -0.0268571 -0.133878 -0.0388838 -0.13108 -0.0519681 -0.127248 -0.0639999 -0.123005 -0.0755549 -0.118051 
0.948 -0.118641 0.331722 -0.108037 0.343153 -0.0982256 0.352974 -0.0879346 0.3621 -0.0763203 0.371229 -0.0650142 0.379247 -0.0533279 0.38668 
0.932 -0.168634 0.313231 -0.158967 0.327722 -0.149852 0.340304 -0.140257 0.352129 -0.129033 0.364209 -0.118111 0.375067 -0.106723 0.385242 
2.42 -0.27273 0.177633 -0.268447 0.195696 -0.264035 0.21163 -0.258823 0.227008 -0.252315 0.243491 -0.245373 0.258563 -0.23786 0.273251 
3.99 -0.0672785 -0.16821 -0.082965 -0.162325 -0.0968956 -0.156385 -0.10999 -0.149928 -0.123995 -0.142036 -0.136783 -0.133966 -0.14871 -0.125304 
1.379 0.1505 0.189275 0.152943 0.183644 0.15482 0.178608 0.156534 0.173653 0.157961 0.168204 0.159035 0.162992 0.159861 0.157966 
0.842 -0.197398 0.331037 -0.187189 0.34749 -0.177365 0.361866 -0.166951 0.375441 -0.154953 0.389437 -0.142954 0.402048 -0.130467 0.413864 
4.043 -0.026873 -0.178482 -0.0433369 -0.175003 -0.0578415 -0.171194 -0.0718342 -0.166805 -0.0867968 -0.161107 -0.100465 -0.155016 -0.113645 -0.148208 
3.967 -0.0823449 -0.172319 -0.0984179 -0.165569 -0.112513 -0.158773 -0.125819 -0.151534 -0.140026 -0.142748 -0.152828 -0.133844 -0.164966 -0.124311 
4.277 0.290892 0.0543624 0.287295 0.0384394 0.283375 0.0245343 0.279091 0.0111475 0.273342 -0.00313933 0.267363 -0.0162083 0.260842 -0.0285903 
4.137 0.0388714 -0.127804 0.0255461 -0.128392 0.0136543 -0.128259 0.00216649 -0.12766 -0.0104679 -0.126206 -0.0221863 -0.124302 -0.0335711 -0.121666 
0.799 -0.0104369 0.433078 0.00527739 0.438523 0.0195414 0.442828 0.0337881 0.446331 0.0493435 0.449107 0.0640581 0.450977 0.0787178 0.452114 
1.331 0.0929736 0.313231 0.103067 0.310938 0.111837 0.308596 0.120492 0.305912 0.129459 0.302309 0.137811 0.298523 0.145881 0.294485 
0.75 -0.311081 0.311861 -0.302531 0.335994 -0.293952 0.35716 -0.284341 0.377599 -0.272936 0.398928 -0.261007 0.418451 -0.248249 0.437069 
0.915 -0.18781 0.307068 -0.178782 0.322646 -0.170096 0.336262 -0.160795 0.349215 -0.150032 0.362553 -0.13907 0.374587 -0.127692 0.385984 
4.145 0.0498288 -0.0846596 0.0391359 -0.0858305 0.0294579 -0.0862048 0.0201054 -0.0862411 0.00977423 -0.0856685 0.000150805 -0.0846048 -0.0092803 -0.0829784 
0.77 -0.139186 0.400205 -0.125413 0.413682 -0.112643 0.425213 -0.0994072 0.435839 -0.0845363 0.446415 -0.0700069 0.455639 -0.0551985 0.464005 
1.207 -0.272045 0.231735 -0.265605 0.251028 -0.259167 0.267936 -0.252008 0.284279 -0.243281 0.301477 -0.234184 0.317226 -0.224322 0.33222 
0.927 -0.105629 0.341994 -0.094394 0.352767 -0.0839664 0.362034 -0.0731106 0.370548 -0.0610661 0.379003 -0.0492524 0.386341 -0.0371745 0.393075 
0.882 -0.130284 0.348158 -0.118856 0.360593 -0.108256 0.371171 -0.0973106 0.380942 -0.0847532 0.390917 -0.072579 0.399646 -0.0602075 0.407625 
0.806 -0.154253 0.374866 -0.14177 0.38914 -0.130197 0.401447 -0.118083 0.412985 -0.104372 0.424578 -0.0908722 0.434793 -0.0770417 0.444242 
3.898 -0.120696 -0.213409 -0.1389 -0.204404 -0.154777 -0.195625 -0.169783 -0.186318 -0.185636 -0.175272 -0.200013 -0.164103 -0.213456 -0.152315 
4.375 0.25528 0.00710862 0.248991 -0.00651854 0.24284 -0.0183293 0.2364 -0.0295787 0.228471 -0.0413404 0.220577 -0.051998 0.212343 -0.0618662 
1.074 0.473743 0.418696 0.488451 0.393307 0.500281 0.370259 0.510877 0.34708 0.52063 0.321239 0.528733 0.296602 0.535147 0.272013 
0.892 -0.0857691 0.362539 -0.0736213 0.37221 -0.0624715 0.380435 -0.05084 0.387982 -0.0380686 0.395239 -0.0256228 0.401456 -0.0130566 0.407008 
1.22 0.0696891 0.257759 0.0762873 0.257044 0.082118 0.256222 0.0878162 0.255207 0.0938468 0.253697 0.099427 0.251927 0.104807 0.25002 
1.329 -0.094672 0.189275 -0.0916903 0.198373 -0.0884348 0.206452 -0.0848522 0.214232 -0.0805664 0.222332 -0.0761068 0.229943 -0.0715351 0.237158 
2.602 0.252541 0.242008 0.259697 0.228811 0.265389 0.216834 0.270513 0.204642 0.275023 0.191157 0.278649 0.178136 0.281568 0.165192 
1.29 -0.243967 0.222148 -0.237905 0.239753 -0.231814 0.255255 -0.224989 0.270053 -0.216759 0.285601 -0.208172 0.299796 -0.199029 0.31345 
0.98 -0.156992 0.300904 -0.148021 0.314649 -0.139506 0.326584 -0.130521 0.337891 -0.120249 0.349484 -0.110013 0.359869 -0.0994169 0.369621 
1.295 0.0772223 0.309122 0.0871799 0.307667 0.0959862 0.30608 0.104549 0.304067 0.113617 0.30126 0.121984 0.298168 0.130125 0.294834 
2.199 -0.424764 -0.201082 -0.442855 -0.173529 -0.457904 -0.148114 -0.471258 -0.122657 -0.484375 -0.0940538 -0.495272 -0.0665607 -0.504546 -0.0389306 
3.6 -0.329571 -0.240803 -0.349194 -0.21927 -0.365909 -0.199203 -0.381114 -0.178808 -0.396526 -0.155633 -0.409839 -0.133132 -0.421689 -0.110232 
4.25 0.108725 -0.123011 0.0953239 -0.127677 0.0830509 -0.131274 0.0711546 -0.134152 0.0577033 -0.136551 0.045234 -0.138133 0.0325964 -0.13895 
1.778 -0.278893 0.196124 -0.274005 0.215087 -0.268985 0.231987 -0.263132 0.248267 -0.255874 0.265559 -0.248119 0.281404 -0.239617 0.296652 
1.267 0.0998219 0.23516 0.105082 0.232719 0.109598 0.230439 0.114011 0.227979 0.11845 0.224951 0.12252 0.221983 0.126365 0.218936 
4.121 0.0292837 -0.156568 0.0139241 -0.156528 0.000323561 -0.155767 -0.0128238 -0.154414 -0.0271972 -0.152107 -0.0405629 -0.149239 -0.0535295 -0.145556 
0.858 -0.170689 0.336516 -0.160081 0.351328 -0.149993 0.364208 -0.139529 0.376217 -0.127544 0.388479 -0.115515 0.399617 -0.103184 0.409918 
4.281 0.282674 0.0721682 0.280136 0.0567576 0.277251 0.0431836 0.273915 0.0301211 0.269245 0.0160826 0.264271 0.00324182 0.258739 -0.00902139 
3.959 0.224462 0.10504 0.224024 0.0929523 0.223027 0.0822836 0.221686 0.0719169 0.219346 0.0606914 0.2167 0.050356 0.213612 0.0404635 
4.043 -0.022764 -0.116162 -0.0355422 -0.113007 -0.0468989 -0.109629 -0.0576264 -0.105816 -0.0692834 -0.100972 -0.0799616 -0.0958564 -0.0902183 -0.0901708 
0.798 -0.351486 0.283783 -0.344407 0.310024 -0.336884 0.333327 -0.328468 0.355678 -0.317887 0.379336 -0.306673 0.401134 -0.294583 0.42199 
3.938 -0.10289 -0.214094 -0.121254 -0.206025 -0.137367 -0.198014 -0.152634 -0.189455 -0.168786 -0.179156 -0.183394 -0.168745 -0.197249 -0.15765 
3.951 -0.0919326 -0.153828 -0.106492 -0.146602 -0.119302 -0.139531 -0.131342 -0.132059 -0.144098 -0.123138 -0.155538 -0.114163 -0.166504 -0.104655 
1.252 0.107355 0.1475 0.107697 0.144487 0.107834 0.141906 0.108 0.139425 0.107764 0.136676 0.107473 0.134188 0.107021 0.131771 
1.478 0.229941 0.285838 0.238555 0.274743 0.245776 0.264636 0.252401 0.254346 0.25879 0.242681 0.264202 0.231452 0.268985 0.220292 
4.172 0.0607862 -0.140816 0.0462817 -0.142597 0.0332933 -0.143541 0.0206696 -0.143859 0.00673397 -0.143377 -0.00610536 -0.142246 -0.0186676 -0.140305 
3.953 0.0724284 0.0844953 0.0716918 0.0814215 0.0708047 0.0788003 0.0699438 0.0762664 0.0686381 0.0734753 0.0673049 0.0708613 0.0658966 0.0684566 
2.133 -0.391892 -0.173689 -0.407855 -0.148737 -0.420992 -0.125768 -0.432615 -0.1027 -0.443929 -0.0768082 -0.453388 -0.0520126 -0.461431 -0.0269904 
4.07 -0.00975209 -0.172319 -0.0258097 -0.169863 -0.0400131 -0.166972 -0.0534546 -0.163444 -0.0680728 -0.158758 -0.08157 -0.153636 -0.0946175 -0.147863 
1.247 0.301849 0.311177 0.311321 0.296146 0.319107 0.282224 0.326261 0.26853 0.332854 0.253036 0.338342 0.238235 0.34304 0.223345 
1.421 -0.103575 0.120107 -0.104104 0.129494 -0.104185 0.137924 -0.103751 0.14634 -0.102909 0.155309 -0.101665 0.163673 -0.10003 0.172015 
1.116 0.410053 0.366648 0.422308 0.345184 0.432098 0.325667 0.440784 0.306142 0.448699 0.284238 0.455238 0.263451 0.460449 0.242714 
4.098 0.0135324 -0.135338 -0.000435512 -0.134331 -0.0127556 -0.13279 -0.0245412 -0.1307 -0.037541 -0.127693 -0.0494635 -0.124231 -0.0610238 -0.120113 
1.395 0.166251 0.156403 0.167551 0.149647 0.168465 0.143688 0.169089 0.13765 0.169236 0.1311 0.16915 0.124924 0.16869 0.118849 
1.328 0.132694 0.163936 0.133871 0.159633 0.134629 0.155822 0.1354 0.1521 0.135677 0.147846 0.135881 0.143923 0.135907 0.140157 
4.223 0.244323 0.0612108 0.24149 0.047832 0.238319 0.0361274 0.234818 0.0248154 0.230054 0.0128485 0.225043 0.00176564 0.219576 -0.00869812 
4.117 0.0395562 -0.0380907 0.0313811 -0.0387525 0.0239643 -0.038912 0.0168806 -0.0386923 0.00905294 -0.0380484 0.00182415 -0.037036 -0.00521562 -0.0355636 
0.856 -0.248076 0.29611 -0.239586 0.315423 -0.231287 0.332313 -0.222232 0.348447 -0.21151 0.365314 -0.200528 0.380672 -0.188878 0.395234 
1.293 -0.0700178 0.246802 -0.0632091 0.254251 -0.0568845 0.260659 -0.0503285 0.266643 -0.0428483 0.272641 -0.0356657 0.277906 -0.028168 0.282771 
2.201 0.619614 0.124901 0.618027 0.089946 0.615014 0.0590647 0.610762 0.028965 0.603993 -0.00343264 0.596114 -0.0333176 0.586828 -0.0622537 
2.189 0.63742 0.0742227 0.63274 0.0381951 0.626894 0.00658115 0.619834 -0.0240538 0.609981 -0.0568305 0.599224 -0.0869675 0.58704 -0.115928 
3.936 -0.102205 -0.119586 -0.114871 -0.11189 -0.12584 -0.104433 -0.136111 -0.0966701 -0.147002 -0.087586 -0.156783 -0.0784914 -0.16588 -0.0689963 
3.984 -0.0727572 -0.204506 -0.0904908 -0.19808 -0.106033 -0.191597 -0.120814 -0.184536 -0.136503 -0.175923 -0.150772 -0.167102 -0.164324 -0.157556 
4.152 0.0484591 -0.16958 0.0322805 -0.170613 0.0177637 -0.170718 0.00375778 -0.170289 -0.0115987 -0.168891 -0.0258731 -0.166849 -0.0398055 -0.163884 
1.585 -0.0905629 0.072853 -0.0938314 0.0815509 -0.0964651 0.0895263 -0.0984798 0.0974613 -0.100452 0.106164 -0.101785 0.114458 -0.102604 0.122783 
4.215 0.0874949 -0.133283 0.0738096 -0.136665 0.0611396 -0.139146 0.0491505 -0.140933 0.0355999 -0.142116 0.0230286 -0.142558 0.0103484 -0.142268 
3.32 -0.196713 0.0317628 -0.201007 0.0451193 -0.204274 0.0573072 -0.206793 0.0693371 -0.20888 0.0826179 -0.209761 0.095222 -0.209991 0.107672 
4.539 0.272401 -0.112053 0.259213 -0.126614 0.246839 -0.138923 0.234333 -0.150397 0.219802 -0.16208 0.205635 -0.172327 0.191266 -0.181484 
1.271 -0.0460485 0.261868 -0.0384751 0.268204 -0.031571 0.273577 -0.0243934 0.278546 -0.0164935 0.283352 -0.00876638 0.287473 -0.00101222 0.291193 
4.539 0.275825 -0.129174 0.261616 -0.143746 0.248279 -0.156174 0.234855 -0.167636 0.219353 -0.17933 0.204307 -0.18954 0.188994 -0.19862 
1.26 -0.0255034 0.263238 -0.0179848 0.268415 -0.011281 0.272753 -0.00425587 0.276692 0.0035301 0.280484 0.0110396 0.283577 0.0185715 0.286377 
1.207 0.384714 0.331037 0.395157 0.310836 0.403673 0.292587 0.411266 0.274349 0.418062 0.253991 0.423493 0.234569 0.427727 0.215271 
1.167 0.355266 0.341309 0.366113 0.323107 0.374929 0.306502 0.382774 0.289889 0.39023 0.271325 0.396177 0.253505 0.401264 0.23597 
4.223 0.0991371 -0.0798658 0.0885272 -0.0839148 0.0787924 -0.087052 0.0692799 -0.0896861 0.058561 -0.0919374 0.0485136 -0.093507 0.0384635 -0.0944802 
1.634 -0.150829 0.224202 -0.1442 0.235781 -0.137947 0.245948 -0.131186 0.255526 -0.123447 0.265385 -0.115581 0.27435 -0.107352 0.282832 
4.207 0.0922887 -0.0545268 0.0830916 -0.058293 0.0747544 -0.061176 0.0664611 -0.0636863 0.0571648 -0.0658407 0.048596 -0.0673919 0.0399732 -0.0684078 
3.27 -0.250815 0.157773 -0.247069 0.174532 -0.243276 0.189346 -0.238887 0.203629 -0.233528 0.218724 -0.227778 0.232872 -0.221352 0.246393 
0.764 -0.123435 0.409108 -0.10929 0.421722 -0.0963171 0.432388 -0.083018 0.442255 -0.0680094 0.452069 -0.0534943 0.460487 -0.0386907 0.468162 
1.276 -0.0570059 0.238584 -0.0509047 0.245304 -0.0451304 0.251246 -0.0392696 0.256687 -0.0325986 0.26215 -0.0260029 0.266979 -0.0194051 0.271422 
0.755 -0.350116 0.301589 -0.342091 0.327971 -0.333855 0.351281 -0.324572 0.373658 -0.313187 0.397265 -0.301232 0.418994 -0.288355 0.439726 
4.156 0.0553075 -0.121641 0.0423374 -0.12314 0.0305908 -0.123898 0.0192684 -0.124083 0.00690288 -0.123573 -0.00469297 -0.122492 -0.0161739 -0.120713 
3.662 -0.283002 -0.268196 -0.30431 -0.249286 -0.32258 -0.231432 -0.339469 -0.213164 -0.356771 -0.192283 -0.37206 -0.171757 -0.386007 -0.150694 
0.82 -0.304232 0.288577 -0.296564 0.311864 -0.288856 0.33234 -0.280185 0.351999 -0.269639 0.372701 -0.258683 0.391635 -0.246917 0.409801 
0.833 -0.187125 0.341309 -0.176427 0.357302 -0.166233 0.371258 -0.155525 0.384349 -0.143225 0.397753 -0.130986 0.409825 -0.118242 0.421133 
3.381 -0.147404 -0.0278181 -0.154843 -0.0173885 -0.161099 -0.00773502 -0.166662 0.0019799 -0.172204 0.0129364 -0.176849 0.0234637 -0.180825 0.0343036 
1.32 0.0970826 0.283783 0.105645 0.281251 0.113152 0.278649 0.120462 0.275715 0.127955 0.271929 0.134875 0.268006 0.141466 0.263865 
4.527 0.271031 -0.0921929 0.259052 -0.106507 0.247734 -0.118623 0.236287 -0.130086 0.222973 -0.141726 0.209929 -0.152037 0.196646 -0.161236 
4.234 0.21145 0.0571018 0.208701 0.0458217 0.205725 0.0359664 0.202519 0.0264565 0.198153 0.0162765 0.193569 0.00696842 0.188603 -0.00183214 
2.041 0.475113 0.294056 0.484297 0.267748 0.491182 0.243975 0.496879 0.220472 0.501347 0.194571 0.504322 0.170067 0.506004 0.14592 
1.299 0.0717436 0.336516 0.0835244 0.335384 0.0938285 0.333994 0.103983 0.332152 0.114707 0.329358 0.124682 0.326211 0.134302 0.322687 
4.164 0.0683194 0.000260238 0.0626042 -0.0022409 0.0573124 -0.00419635 0.0522722 -0.00583442 0.046373 -0.00736669 0.0409326 -0.00847265 0.0353167 -0.00921384 
3.646 -0.29259 -0.25039 -0.313122 -0.231038 -0.330571 -0.212995 -0.34672 -0.194467 -0.363186 -0.173301 -0.377616 -0.152674 -0.390671 -0.131494 
3.16 0.564142 -0.181222 0.545181 -0.212352 0.526966 -0.238876 0.508237 -0.264139 0.486012 -0.2902 0.463974 -0.313545 0.441112 -0.335149 
1.551 0.19159 0.220093 0.196639 0.211536 0.200725 0.203791 0.20445 0.195997 0.207763 0.187009 0.210526 0.178854 0.212807 0.170408 
0.854 -0.159732 0.346103 -0.148535 0.360409 -0.137999 0.372759 -0.127046 0.384342 -0.114442 0.39614 -0.10209 0.406596 -0.0894357 0.416256 
1.268 -0.0344062 0.241323 -0.0280427 0.246911 -0.0222415 0.251705 -0.0161961 0.256087 -0.00955868 0.260379 -0.00306911 0.26414 0.00353942 0.267545 
4.375 0.199123 -0.0339816 0.190885 -0.0444542 0.183063 -0.0533708 0.175124 -0.0616303 0.165829 -0.0701771 0.156722 -0.0776332 0.147436 -0.0844277 
0.886 -0.114532 0.354321 -0.102806 0.36577 -0.0920237 0.375546 -0.0808479 0.384596 -0.0683334 0.393597 -0.0561068 0.401463 -0.0436553 0.408675 
2.832 0.29774 0.1927 0.302114 0.176692 0.305135 0.162268 0.307542 0.148016 0.30901 0.132343 0.309675 0.117677 0.309585 0.103255 
0.778 -0.328202 0.295425 -0.320364 0.320381 -0.312341 0.34241 -0.30336 0.363536 -0.292319 0.385903 -0.280821 0.406395 -0.268447 0.425928 
4.199 0.0854404 -0.0860293 0.0745421 -0.0895103 0.0644965 -0.0920887 0.0550312 -0.0941133 0.0440716 -0.0957979 0.0339792 -0.0967627 0.023945 -0.0971221 
1.09 -0.291905 0.247487 -0.284011 0.267293 -0.276176 0.284391 -0.267477 0.301044 -0.257144 0.31827 -0.24656 0.334126 -0.235297 0.349475 
4.121 0.29774 0.115998 0.297928 0.0999071 0.297402 0.085631 0.296308 0.071676 0.293992 0.0565794 0.291172 0.0425258 0.287566 0.0288916 
1.353 0.101876 0.300904 0.111336 0.298249 0.119583 0.295688 0.127655 0.292695 0.13611 0.288813 0.143888 0.284779 0.151358 0.280613 
4.223 0.238844 0.0749075 0.236946 0.0619927 0.234627 0.0505935 0.231996 0.0396498 0.228245 0.0278576 0.224197 0.0169856 0.219714 0.00661927 
4.102 0.261444 0.100247 0.260769 0.0860186 0.259496 0.0733882 0.2578 0.0611936 0.255026 0.0480316 0.251875 0.0358314 0.248105 0.0241261 
3.502 -0.371346 -0.206561 -0.389293 -0.182619 -0.404351 -0.160443 -0.417842 -0.138135 -0.431274 -0.113008 -0.442586 -0.0886791 -0.452463 -0.0640713 
1.332 0.0909191 0.335146 0.10226 0.333083 0.112187 0.330959 0.121948 0.328427 0.13223 0.324848 0.141768 0.321049 0.15091 0.31696 
4.426 0.220353 -0.150404 0.204947 -0.161695 0.190764 -0.170934 0.176593 -0.179372 0.160532 -0.187562 0.145034 -0.19456 0.129576 -0.200437 
3.637 -0.296699 -0.22916 -0.316013 -0.209557 -0.332457 -0.191182 -0.347509 -0.172567 -0.362826 -0.151239 -0.376218 -0.130477 -0.388206 -0.109372 
3.453 0.0799616 0.116683 0.0800089 0.114293 0.07997 0.112278 0.0800327 0.110278 0.0795614 0.108166 0.0791263 0.106198 0.078587 0.103977 
3.967 -0.0796055 -0.147665 -0.0941264 -0.141009 -0.106682 -0.134348 -0.118626 -0.127374 -0.131372 -0.118993 -0.142925 -0.1105 -0.153604 -0.101445 
4.578 0.286783 -0.111368 0.273639 -0.126864 0.261248 -0.13997 0.248638 -0.152272 0.233977 -0.164839 0.219685 -0.175873 0.20507 -0.185788 
0.697 -0.267936 0.381715 -0.256027 0.403898 -0.244649 0.423328 -0.232141 0.441641 -0.217776 0.460738 -0.203293 0.478084 -0.188085 0.494333 
4.199 0.186796 0.0879195 0.185517 0.0780927 0.183879 0.069487 0.18203 0.061141 0.179269 0.0521843 0.176334 0.0439334 0.173025 0.0361906 
0.819 -0.0857691 0.396096 -0.0722328 0.406082 -0.0596944 0.414562 -0.0469361 0.422304 -0.0327882 0.429681 -0.019029 0.435956 -0.00523122 0.441466 
3.607 -0.300808 -0.14698 -0.31504 -0.127381 -0.327042 -0.109139 -0.337722 -0.0908252 -0.348373 -0.0701556 -0.357306 -0.0503031 -0.365011 -0.0301498 
3.75 -0.204931 -0.173689 -0.220892 -0.159651 -0.234636 -0.146457 -0.247313 -0.132964 -0.260438 -0.117363 -0.271946 -0.102094 -0.282432 -0.0863652 
4.258 0.199123 0.0769621 0.197363 0.0662211 0.195256 0.056757 0.192896 0.0476647 0.189576 0.0378688 0.186047 0.0287754 0.182175 0.0202484 
2.039 0.462101 0.307752 0.471997 0.281787 0.479589 0.25835 0.48595 0.235138 0.491156 0.209419 0.494827 0.185183 0.497098 0.161221 
1.479 0.155979 0.259814 0.163187 0.253303 0.169282 0.247321 0.175141 0.241164 0.180815 0.234034 0.185873 0.227145 0.190511 0.220129 
3.656 -0.258348 -0.116162 -0.270787 -0.0991067 -0.281177 -0.083367 -0.290522 -0.0674966 -0.299807 -0.0495765 -0.307631 -0.0323429 -0.314383 -0.0149205 
3.666 -0.278208 -0.252445 -0.298822 -0.233862 -0.31644 -0.216508 -0.332687 -0.198665 -0.349392 -0.178142 -0.364102 -0.158174 -0.377421 -0.137533 
1.166 -0.258348 0.23516 -0.25173 0.25349 -0.245172 0.269621 -0.23794 0.2852 -0.22921 0.301423 -0.220163 0.316507 -0.210433 0.330754 
4.59 0.29774 -0.155883 0.282116 -0.17191 0.26753 -0.185379 0.252816 -0.197867 0.235797 -0.210527 0.219368 -0.22146 0.202644 -0.231279 
3.516 -0.361074 -0.155198 -0.37583 -0.131929 -0.388102 -0.110616 -0.398988 -0.0891592 -0.409542 -0.0651453 -0.418333 -0.0420866 -0.425732 -0.0188056 
4.055 -0.00701274 -0.0558965 -0.0159992 -0.0540632 -0.023978 -0.0520041 -0.0315848 -0.0496538 -0.0399006 -0.0466469 -0.0475316 -0.0433228 -0.0548173 -0.0395913 
2.023 0.451829 0.285153 0.460628 0.259762 0.467234 0.237199 0.472743 0.214883 0.476954 0.190203 0.479843 0.166729 0.481522 0.143767 
3.316 -0.232324 0.112574 -0.231325 0.127947 -0.230114 0.141616 -0.228173 0.154819 -0.225273 0.169108 -0.22192 0.182302 -0.217787 0.195302 
1.382 0.125846 0.261868 0.133123 0.257058 0.139301 0.252932 0.14534 0.248455 0.151279 0.243132 0.156615 0.237915 0.161601 0.232606 
3.625 -0.293275 -0.162731 -0.308403 -0.143355 -0.321112 -0.125505 -0.332605 -0.107466 -0.344043 -0.0871063 -0.353831 -0.0674938 -0.362339 -0.0476096 
1.648 -0.215203 0.231051 -0.208292 0.246364 -0.201579 0.259579 -0.194236 0.272415 -0.185509 0.285648 -0.176626 0.297684 -0.167351 0.309197 
1.256 -0.0193398 0.250226 -0.0127176 0.255117 -0.00661761 0.259235 -0.000461344 0.262954 0.00630339 0.266533 0.012876 0.269556 0.0196052 0.272283 
1.217 0.314861 0.324873 0.325024 0.309058 0.333319 0.29465 0.340862 0.280191 0.347938 0.263901 0.353811 0.248317 0.358778 0.232711 
3.189 0.57236 -0.233269 0.550454 -0.264561 0.52959 -0.291219 0.507966 -0.316505 0.482877 -0.34251 0.458143 -0.365604 0.432691 -0.386985 
0.957 -0.133708 0.324873 -0.123294 0.337252 -0.113681 0.347873 -0.103633 0.357864 -0.092224 0.36795 -0.0808933 0.376953 -0.0693306 0.385173 
4.18 0.248432 0.0920285 0.247337 0.0784727 0.245804 0.066522 0.243735 0.0549078 0.240697 0.0423835 0.23714 0.0307822 0.233104 0.0196702 
4.41 0.21145 -0.0627448 0.201227 -0.073624 0.191637 -0.0827464 0.18196 -0.0912236 0.17076 -0.0999476 0.159915 -0.10747 0.148909 -0.114215 
1.268 0.101876 0.209821 0.105822 0.207255 0.109135 0.204801 0.112523 0.202262 0.115709 0.199363 0.11862 0.19647 0.121352 0.193528 
4.559 0.284043 -0.140816 0.269346 -0.155726 0.255518 -0.168266 0.24162 -0.179891 0.225621 -0.191607 0.210103 -0.201772 0.194342 -0.210864 
3.738 -0.211779 -0.199712 -0.229141 -0.185287 -0.244026 -0.171645 -0.257924 -0.157558 -0.272198 -0.141464 -0.284814 -0.125703 -0.29634 -0.109394 
4.008 -0.0426243 -0.0784961 -0.0532031 -0.0743327 -0.0624313 -0.0701139 -0.07114 -0.0655604 -0.080447 -0.0599781 -0.0888256 -0.0543126 -0.0966644 -0.048157 
0.76 -0.364498 0.29474 -0.356802 0.32201 -0.349041 0.34605 -0.34006 0.369295 -0.328941 0.393821 -0.31717 0.416453 -0.304482 0.438057 
1.11 -0.200137 0.268717 -0.192612 0.284695 -0.185146 0.29873 -0.177263 0.312013 -0.167849 0.325841 -0.158364 0.338365 -0.148323 0.350305 
3.686 -0.254924 -0.204506 -0.272684 -0.187365 -0.287822 -0.171383 -0.301816 -0.15491 -0.316088 -0.136262 -0.328515 -0.11798 -0.339725 -0.0993026 
4.309 0.166251 -0.087399 0.155129 -0.0955036 0.14483 -0.10222 0.134583 -0.108329 0.122895 -0.114245 0.111712 -0.119161 0.100514 -0.123356 
3.773 -0.200137 -0.288741 -0.222689 -0.274706 -0.242274 -0.261138 -0.260738 -0.246962 -0.280016 -0.230471 -0.297256 -0.214024 -0.313369 -0.196925 
1.579 0.193645 0.237214 0.199594 0.22856 0.204468 0.220711 0.208997 0.212891 0.213177 0.204 0.216745 0.195502 0.219765 0.186931 
3.158 -0.356965 0.0776469 -0.358479 0.100725 -0.358887 0.121406 -0.358415 0.14166 -0.356532 0.163614 -0.353739 0.184149 -0.349994 0.204403 
3.676 -0.266566 -0.225736 -0.285505 -0.207812 -0.301693 -0.191031 -0.316666 -0.173887 -0.331928 -0.154206 -0.345255 -0.134983 -0.357333 -0.115291 
3.766 -0.191919 -0.184646 -0.208481 -0.171289 -0.222708 -0.158564 -0.235922 -0.145507 -0.249574 -0.130602 -0.261654 -0.115859 -0.272688 -0.100733 
3.693 -0.243967 -0.18807 -0.260874 -0.171571 -0.275323 -0.156185 -0.288606 -0.140439 -0.302222 -0.122459 -0.314069 -0.104902 -0.32472 -0.0868956 
1.383 0.328558 0.302958 0.338133 0.285657 0.345735 0.269968 0.352518 0.254278 0.358831 0.23669 0.363676 0.219966 0.367645 0.203446 
4.562 0.27788 -0.0600055 0.267799 -0.0748862 0.258167 -0.0877511 0.248252 -0.0997845 0.23652 -0.112302 0.224983 -0.123319 0.213121 -0.133415 
3.711 -0.239173 -0.247651 -0.259344 -0.231476 -0.276683 -0.216079 -0.292839 -0.200254 -0.309519 -0.182036 -0.324307 -0.164103 -0.337801 -0.145637 
4.293 0.156663 -0.0545268 0.14719 -0.0621208 0.138361 -0.0683793 0.129566 -0.0739871 0.119454 -0.079593 0.109793 -0.0843874 0.100082 -0.0885164 
3.693 -0.233694 -0.144925 -0.247892 -0.12914 -0.259935 -0.114467 -0.270933 -0.0994893 -0.282019 -0.0825364 -0.291582 -0.0660384 -0.300103 -0.0492507 
4.594 0.298425 -0.139447 0.283554 -0.155346 0.269615 -0.168721 0.255558 -0.18123 0.23924 -0.193914 0.223453 -0.204966 0.207363 -0.214899 
3.639 -0.274099 -0.146295 -0.288327 -0.128176 -0.300334 -0.111307 -0.311173 -0.0943845 -0.321946 -0.0752751 -0.331175 -0.0567836 -0.339167 -0.0379932 
3.68 -0.265881 -0.270251 -0.28747 -0.252305 -0.306027 -0.23529 -0.323249 -0.217825 -0.340964 -0.197793 -0.356618 -0.178077 -0.370964 -0.15778 
3.76 -0.191919 -0.167525 -0.207698 -0.15412 -0.221175 -0.141597 -0.233753 -0.128624 -0.246662 -0.113783 -0.258026 -0.0992818 -0.268457 -0.0842062 
1.258 -0.0282427 0.281044 -0.0199984 0.286205 -0.0124847 0.290503 -0.00478493 0.294391 0.00360676 0.298044 0.0117814 0.301133 0.0199812 0.303787 
3.664 -0.276154 -0.236694 -0.295748 -0.218387 -0.312547 -0.201129 -0.328027 -0.183441 -0.343876 -0.163367 -0.357763 -0.143688 -0.370361 -0.123482 
4.32 0.168991 0.039296 0.165241 0.0305133 0.161364 0.0228111 0.157459 0.0155718 0.152536 0.00790932 0.147564 0.000986541 0.142403 -0.00548418 
3.713 -0.228215 -0.181907 -0.244756 -0.166495 -0.258983 -0.151869 -0.272057 -0.137014 -0.285391 -0.12002 -0.297103 -0.103381 -0.307712 -0.0862479 
3.854 -0.120696 -0.0196001 -0.127715 -0.0106554 -0.133629 -0.00237378 -0.138949 0.00601866 -0.144345 0.0154649 -0.148889 0.0245874 -0.152815 0.0339077 
1.151 -0.0830297 0.312546 -0.0725648 0.320656 -0.06289 0.32744 -0.0529729 0.333603 -0.0418781 0.339673 -0.0310238 0.344939 -0.0200154 0.349709 
4.441 0.229256 -0.0627448 0.21919 -0.0746262 0.209681 -0.084827 0.200067 -0.094231 0.188787 -0.103762 0.177798 -0.112332 0.166609 -0.119952 
3.656 -0.280948 -0.222997 -0.299785 -0.204287 -0.315769 -0.186821 -0.330516 -0.169046 -0.345517 -0.148734 -0.358586 -0.129067 -0.370399 -0.10887 
1.247 -0.0672785 0.305013 -0.05732 0.312317 -0.0480812 0.318599 -0.038547 0.324272 -0.0279321 0.329762 -0.0177494 0.334395 -0.00748866 0.338553 
1.291 -0.165895 0.269401 -0.15685 0.281761 -0.148365 0.292512 -0.139425 0.302571 -0.129223 0.312801 -0.119047 0.32196 -0.10862 0.330571 
4.172 0.108725 0.0653198 0.106598 0.0601901 0.104375 0.0558359 0.102243 0.0516614 0.0993887 0.0472491 0.0965547 0.0432599 0.0934865 0.0396347 
4.09 0.00668402 -0.118217 -0.00606975 -0.117001 -0.0174166 -0.115298 -0.0283075 -0.113058 -0.0401966 -0.10997 -0.0511227 -0.106496 -0.0616521 -0.102465 
3.648 -0.279578 -0.202452 -0.297303 -0.184034 -0.312349 -0.166848 -0.326197 -0.149385 -0.34024 -0.129462 -0.35247 -0.110003 -0.363382 -0.0902204 
3.162 0.57236 -0.202452 0.552035 -0.233829 0.53271 -0.260834 0.512783 -0.286152 0.489275 -0.312457 0.466015 -0.335929 0.442069 -0.357652 
3.91 -0.115902 -0.140816 -0.129792 -0.132292 -0.141872 -0.124093 -0.153162 -0.115553 -0.164972 -0.105515 -0.175604 -0.0955064 -0.185524 -0.0850202 
4.008 -0.0392001 -0.0415149 -0.047586 -0.0377904 -0.0549969 -0.0340344 -0.0618703 -0.0299948 -0.0692497 -0.0251527 -0.0758733 -0.020198 -0.082126 -0.0148984 
4.188 0.078592 -0.0600055 0.0691398 -0.0631812 0.0605359 -0.0655338 0.0520009 -0.0674927 0.0426778 -0.069004 0.0337024 -0.0700297 0.0249952 -0.0704154 
3.643 -0.29259 -0.214779 -0.310933 -0.195378 -0.326539 -0.177269 -0.34074 -0.158898 -0.35519 -0.137943 -0.367731 -0.117738 -0.379011 -0.0969335 
1.378 0.112834 0.284468 0.121237 0.281212 0.128637 0.277983 0.135808 0.27452 0.143183 0.27021 0.15 0.265807 0.156441 0.261319 
1.586 0.19433 0.261183 0.201754 0.251982 0.207925 0.243554 0.213703 0.235022 0.219141 0.225373 0.223848 0.216212 0.228042 0.207018 
2.266 0.583317 0.331722 0.594347 0.29837 0.602608 0.268325 0.609273 0.238764 0.614414 0.206018 0.617693 0.175218 0.619195 0.144932 
3.545 -0.306972 -0.108629 -0.319224 -0.0884218 -0.329352 -0.0699439 -0.338262 -0.0513655 -0.346983 -0.0305093 -0.354007 -0.0105706 -0.35992 0.00949259 
4.391 0.217614 0.00162991 0.211659 -0.0101525 0.205795 -0.0203031 0.199783 -0.0299153 0.192342 -0.0400195 0.184974 -0.0491073 0.177317 -0.0575645 
3.672 -0.248076 -0.138762 -0.261879 -0.122222 -0.27354 -0.106865 -0.284047 -0.0913901 -0.294655 -0.0738334 -0.303801 -0.0568403 -0.311801 -0.0395531 
4.516 0.263498 -0.140816 0.248854 -0.154615 0.235179 -0.166036 0.221459 -0.176678 0.20569 -0.187253 0.190455 -0.196428 0.17499 -0.204381 
2.201 0.629201 0.161882 0.629922 0.126244 0.628983 0.0945689 0.626632 0.0637605 0.621922 0.0304292 0.615888 -0.000676983 0.608325 -0.0306303 
1.451 0.260759 0.27625 0.269367 0.263109 0.276388 0.251194 0.282883 0.239068 0.288832 0.225282 0.293899 0.212127 0.298078 0.199043 
2.182 0.642213 0.120107 0.64033 0.0837381 0.636928 0.0517087 0.632286 0.0205129 0.625009 -0.0131293 0.616587 -0.0441969 0.607058 -0.0741662 
3.451 0.403205 0.0290234 0.397717 0.00665994 0.39183 -0.0128526 0.385181 -0.0315451 0.37676 -0.0516422 0.367796 -0.069924 0.358015 -0.0873024 
1.586 0.202548 0.187221 0.205489 0.177934 0.207724 0.169679 0.209624 0.161482 0.211012 0.152421 0.211964 0.143975 0.212405 0.13548 
3.84 -0.107684 -0.0134365 -0.114091 -0.00543394 -0.119525 0.00202956 -0.12437 0.00962998 -0.129226 0.0181912 -0.13356 0.0264317 -0.137352 0.0348026 
3.68 -0.263142 -0.251075 -0.283649 -0.233383 -0.301192 -0.216765 -0.317487 -0.19977 -0.334203 -0.180146 -0.348906 -0.160967 -0.362379 -0.141213 
3.779 -0.18918 -0.215464 -0.207517 -0.202282 -0.22337 -0.189678 -0.238139 -0.17665 -0.25352 -0.161652 -0.267234 -0.146647 -0.279878 -0.131178 
1.335 0.140912 0.15024 0.141626 0.145159 0.141969 0.140695 0.142213 0.136309 0.142028 0.131445 0.141638 0.126855 0.14107 0.122526 
4.324 0.167621 -0.196288 0.149611 -0.204132 0.133231 -0.21028 0.117094 -0.215559 0.0990181 -0.220269 0.0819217 -0.223789 0.0649634 -0.226206 
3.719 -0.22753 -0.203137 -0.24518 -0.187543 -0.260317 -0.1729 -0.274296 -0.157888 -0.288644 -0.140683 -0.301254 -0.123887 -0.312767 -0.106602 
3.398 0.434023 -0.032612 0.42462 -0.0564152 0.415267 -0.0773048 0.405259 -0.0971348 0.392992 -0.118141 0.380424 -0.136997 0.367168 -0.154896 
3.701 -0.247391 -0.221627 -0.266135 -0.205059 -0.282098 -0.189472 -0.296934 -0.173542 -0.312184 -0.155231 -0.325595 -0.137287 -0.337788 -0.118893 
4.375 0.19433 -0.127804 0.180671 -0.137419 0.168007 -0.145362 0.155344 -0.152638 0.141061 -0.159588 0.127259 -0.165533 0.113427 -0.170495 
3.674 -0.259033 -0.190809 -0.276121 -0.173532 -0.290723 -0.157337 -0.304156 -0.140974 -0.317747 -0.122182 -0.32964 -0.103852 -0.340327 -0.0851474 
4 -0.0535817 -0.0976716 -0.0650461 -0.0929431 -0.0751404 -0.0881733 -0.0846474 -0.0831025 -0.0948349 -0.0768923 -0.104058 -0.0705999 -0.1128 -0.0638902 
1.878 -0.197398 0.185166 -0.193385 0.199381 -0.189273 0.211969 -0.184597 0.223985 -0.178505 0.236859 -0.172352 0.248599 -0.165655 0.259736 
4.375 0.197754 -0.0757567 0.187032 -0.0858716 0.176991 -0.094387 0.166979 -0.102176 0.155389 -0.110031 0.144224 -0.11682 0.132896 -0.122733 
4.301 0.160088 -0.00179427 0.153719 -0.00985378 0.147677 -0.0167297 0.141545 -0.0231925 0.134256 -0.0297704 0.127088 -0.0356348 0.119862 -0.0409046 
1.305 -0.0960416 0.247487 -0.0893317 0.256567 -0.083019 0.264435 -0.0763571 0.271858 -0.0687319 0.279425 -0.0611275 0.28622 -0.0534104 0.292503 
1.368 -0.393261 0.224202 -0.387508 0.250566 -0.381353 0.273935 -0.374098 0.296561 -0.364806 0.3206 -0.35485 0.342748 -0.343937 0.36409 
3.047 0.32034 0.196809 0.325539 0.178751 0.329317 0.162541 0.332283 0.146518 0.334168 0.128865 0.335058 0.112145 0.335039 0.0957415 
1.592 0.177893 0.292001 0.187108 0.284421 0.194898 0.27725 0.20232 0.26988 0.20981 0.261577 0.216413 0.253214 0.222608 0.244702 
3.916 -0.117272 -0.0613752 -0.126605 -0.0527714 -0.134734 -0.0446951 -0.142141 -0.0364371 -0.149771 -0.0269797 -0.156465 -0.0177784 -0.162341 -0.00822115 
4.418 0.219669 -0.0264484 0.211794 -0.0378823 0.204217 -0.0476664 0.196541 -0.0568746 0.187377 -0.0663423 0.178366 -0.0748612 0.169133 -0.0825921 
1.434 0.188851 0.161197 0.190525 0.152731 0.191571 0.145155 0.19243 0.137658 0.192642 0.129404 0.192547 0.121602 0.192047 0.114024 
1.061 0.391563 0.463211 0.408932 0.443064 0.423414 0.424575 0.436861 0.405598 0.449917 0.384225 0.461129 0.363409 0.470999 0.342556 
3.914 -0.115902 -0.227791 -0.134768 -0.219122 -0.151305 -0.210588 -0.166896 -0.201433 -0.183446 -0.190508 -0.198397 -0.179469 -0.212492 -0.167759 
4.137 0.0470894 -0.0641145 0.0374102 -0.0650456 0.0286754 -0.0653263 0.0202977 -0.0653549 0.0110375 -0.0648289 0.00245574 -0.063825 -0.00587258 -0.0623741 
4.258 0.233365 0.0358718 0.229429 0.0230642 0.225254 0.0119262 0.220813 0.00123637 0.215053 -0.0101244 0.209119 -0.020487 0.202798 -0.0302548 
3.918 -0.111793 -0.156568 -0.126538 -0.148241 -0.139358 -0.140216 -0.151371 -0.131795 -0.164162 -0.121853 -0.175497 -0.111851 -0.186056 -0.101403 
3.617 -0.31382 -0.246281 -0.333989 -0.225651 -0.35117 -0.206329 -0.366952 -0.186726 -0.383012 -0.16448 -0.396956 -0.142571 -0.409543 -0.1203 
3.457 -0.252869 -0.0894535 -0.263962 -0.0726032 -0.273181 -0.0570942 -0.28134 -0.0415302 -0.289399 -0.0239332 -0.296091 -0.0071082 -0.301728 0.00983279 
4.051 -0.0152308 -0.0757567 -0.0255773 -0.072841 -0.0347191 -0.0697627 -0.0433654 -0.0663721 -0.0526734 -0.0621809 -0.0611084 -0.0577642 -0.0691674 -0.0528437 
1.261 0.102561 0.194069 0.105539 0.191526 0.108069 0.188987 0.110601 0.186464 0.112989 0.183734 0.115103 0.180935 0.117019 0.178124 
2.186 -0.434351 -0.215464 -0.453522 -0.186945 -0.469543 -0.160773 -0.483861 -0.134481 -0.497885 -0.104927 -0.509503 -0.0763358 -0.519479 -0.0475533 
3.869 0.266922 0.131064 0.268131 0.116563 0.268547 0.103706 0.268507 0.0910453 0.267405 0.0773189 0.265858 0.0644101 0.263611 0.0520152 
4.508 0.255965 -0.117532 0.242444 -0.13087 0.229806 -0.142308 0.217083 -0.15272 0.202352 -0.163332 0.188126 -0.172436 0.173673 -0.180593 
3.363 -0.141241 0.100247 -0.140949 0.109964 -0.140316 0.118595 -0.139244 0.127069 -0.137642 0.136186 -0.135733 0.144719 -0.133329 0.153018 
3.967 -0.0789207 -0.0853445 -0.0897825 -0.0787585 -0.0992087 -0.0723992 -0.108085 -0.0657559 -0.117414 -0.0579759 -0.125866 -0.0502054 -0.133617 -0.0420124 
4.074 0.000520477 -0.0819203 -0.0100268 -0.0803628 -0.0193418 -0.0786539 -0.0283076 -0.0762697 -0.0380853 -0.0733424 -0.047068 -0.0700689 -0.0556571 -0.06634 
1.546 0.19433 0.199548 0.198073 0.19073 0.201059 0.182834 0.20373 0.175028 0.205959 0.166459 0.207627 0.15801 0.208907 0.149957 
3.693 -0.253554 -0.262033 -0.274739 -0.244954 -0.292936 -0.228805 -0.309915 -0.212137 -0.327374 -0.192864 -0.342823 -0.1739 -0.356951 -0.154354 
2.188 0.596329 0.137913 0.595538 0.104514 0.593275 0.0749197 0.589783 0.0461817 0.584031 0.0150801 0.577189 -0.0136816 0.568875 -0.0413393 
4.34 0.182002 -0.151089 0.166882 -0.15992 0.15308 -0.167131 0.139424 -0.173486 0.123949 -0.179591 0.109207 -0.184492 0.0945709 -0.188411 
3.748 -0.215203 -0.242172 -0.23516 -0.227411 -0.252414 -0.213306 -0.268497 -0.198781 -0.285239 -0.181954 -0.300072 -0.165226 -0.313778 -0.148082 
4.312 0.165566 -0.0189152 0.158502 -0.0272269 0.151838 -0.0342583 0.145092 -0.0408136 0.137168 -0.0475074 0.129465 -0.0534277 0.121623 -0.0586724 
4.176 0.0737981 -0.0127517 0.0670891 -0.0156069 0.0608972 -0.0178542 0.0549139 -0.0197596 0.0481115 -0.0214707 0.0416356 -0.02275 0.0352326 -0.0235751 
1.979 0.3628 0.290631 0.371764 0.27107 0.378806 0.25344 0.38504 0.23589 0.390397 0.216315 0.394527 0.197759 0.397765 0.179399 
1.17 -0.0213943 0.3598 -0.00858192 0.36478 0.00297931 0.368759 0.0146017 0.372146 0.0273505 0.374916 0.0393933 0.376936 0.0514198 0.378385 
4.223 0.105301 -0.0415149 0.0968845 -0.0459671 0.0891746 -0.0494653 0.0816032 -0.0525771 0.0730453 -0.0554367 0.064783 -0.0576898 0.0567318 -0.0593917 
3.641 -0.276154 -0.112053 -0.288369 -0.0938075 -0.298546 -0.0769964 -0.307616 -0.0601225 -0.316548 -0.0411576 -0.323931 -0.0229253 -0.33021 -0.00459812 
3.938 -0.103575 -0.102465 -0.115249 -0.0945732 -0.125288 -0.0869804 -0.134644 -0.0790809 -0.144505 -0.0699548 -0.153324 -0.060909 -0.161387 -0.0514419 
3.711 -0.237803 -0.232585 -0.257156 -0.216352 -0.273747 -0.200994 -0.289126 -0.185252 -0.30499 -0.167194 -0.318946 -0.149459 -0.331703 -0.131172 
1.275 -0.0857691 0.286522 -0.0767413 0.29504 -0.0682168 0.302414 -0.0594797 0.309155 -0.0499294 0.315805 -0.0404835 0.321624 -0.0307999 0.32694 
3.303 0.438817 0.0297083 0.433153 0.00534699 0.427149 -0.0159021 0.420389 -0.0364332 0.411493 -0.0583362 0.402104 -0.0783021 0.39186 -0.0974958 
3.896 -0.126174 -0.114792 -0.13866 -0.105704 -0.149467 -0.0970693 -0.159354 -0.0880386 -0.169765 -0.0776745 -0.179096 -0.0674429 -0.187672 -0.0568177 
4.188 0.0758526 -0.166155 0.059821 -0.16858 0.0454472 -0.16997 0.0314282 -0.170824 0.015937 -0.170752 0.00155542 -0.169882 -0.01253 -0.168227 
2.178 0.647692 0.105725 0.644701 0.0692631 0.640432 0.0371507 0.634901 0.00594376 0.626718 -0.0276274 0.617432 -0.0585171 0.606761 -0.0883322 
4.574 0.283358 -0.0798658 0.272067 -0.0949642 0.261363 -0.107943 0.250446 -0.120142 0.237564 -0.132403 0.22495 -0.143568 0.212049 -0.153599 
1.238 -0.00838241 0.309122 0.0017681 0.313182 0.0109054 0.316446 0.0201329 0.319198 0.0302273 0.321584 0.039864 0.323271 0.0493903 0.324514 
3.184 0.447719 0.0927133 0.445668 0.0676422 0.442711 0.0455033 0.43898 0.0239924 0.433249 0.000976007 0.426882 -0.0203537 0.41949 -0.0407891 
2.723 0.599753 0.105725 0.597116 0.072065 0.593242 0.0423203 0.588217 0.0132286 0.580706 -0.0179086 0.572075 -0.0466389 0.562144 -0.0744797 
3.758 -0.203561 -0.225051 -0.222539 -0.210879 -0.238971 -0.197323 -0.25425 -0.183461 -0.270162 -0.167233 -0.284222 -0.151483 -0.297207 -0.135112 
3.729 -0.223421 -0.218888 -0.242029 -0.203562 -0.257984 -0.189171 -0.272864 -0.174322 -0.288125 -0.157313 -0.301669 -0.14057 -0.314046 -0.123246 
1.326 0.0861252 0.351582 0.0983244 0.3496 0.109045 0.347454 0.119505 0.344832 0.130571 0.341287 0.140854 0.337471 0.150841 0.333278 
3.777 -0.18644 -0.201767 -0.204015 -0.18854 -0.219181 -0.176019 -0.233278 -0.163112 -0.247898 -0.148199 -0.2609 -0.133475 -0.272826 -0.118217 
3.768 -0.187125 -0.08329 -0.197581 -0.0705419 -0.206451 -0.0587693 -0.214369 -0.0467961 -0.222501 -0.0333838 -0.229343 -0.0203009 -0.235455 -0.00701926 
3.514 -0.266566 -0.0942474 -0.277893 -0.0766714 -0.287264 -0.0605501 -0.295583 -0.0443119 -0.303732 -0.0260508 -0.310505 -0.00863187 -0.316143 0.00904074 
4.219 0.295686 0.089974 0.294518 0.0734314 0.292692 0.0590278 0.290357 0.044985 0.286652 0.0299735 0.282444 0.0160699 0.277562 0.00276259 
4.16 0.0621559 -0.0497329 0.0533368 -0.0519589 0.0452297 -0.0535154 0.0373357 -0.0546872 0.0285355 -0.0554377 0.0203467 -0.0556493 0.012216 -0.0554279 
4.363 0.19159 -0.108629 0.178677 -0.118121 0.166764 -0.126003 0.154951 -0.13316 0.141373 -0.14019 0.128334 -0.146088 0.115304 -0.151155 
4.059 0.163512 0.0844953 0.162186 0.0760524 0.160588 0.0686619 0.158724 0.0615342 0.156241 0.0539028 0.153511 0.0468949 0.150534 0.0402676 
1.354 0.112149 0.261183 0.119153 0.258036 0.125394 0.254888 0.131153 0.251697 0.137318 0.247556 0.142915 0.243492 0.148073 0.239368 
2.787 0.389508 0.21119 0.393932 0.18983 0.396765 0.170631 0.398987 0.151866 0.399966 0.131266 0.400014 0.112088 0.39901 0.0931814 
1.564 0.183372 0.249541 0.189981 0.241088 0.19549 0.233499 0.200681 0.225856 0.20568 0.217121 0.209829 0.208772 0.213595 0.200465 
4.172 0.0703739 -0.0798658 0.0597134 -0.0825212 0.0500208 -0.0843867 0.0406278 -0.0857683 0.0300396 -0.0867335 0.0202929 -0.087036 0.0105515 -0.0868046 
4.398 0.209396 -0.123695 0.195427 -0.134331 0.182512 -0.14315 0.169644 -0.151185 0.155005 -0.159035 0.140933 -0.165678 0.126829 -0.1713 
1.268 0.282674 0.306383 0.291981 0.292182 0.299606 0.279211 0.306522 0.266182 0.313142 0.251566 0.318555 0.237482 0.323108 0.223471 
4.086 0.131324 0.0803862 0.129834 0.0739281 0.128606 0.0683968 0.126896 0.0629985 0.124705 0.057243 0.12233 0.0519287 0.119781 0.0469933 
3.803 -0.175483 -0.21067 -0.193503 -0.198085 -0.209031 -0.186233 -0.223539 -0.173742 -0.238672 -0.159348 -0.252201 -0.145166 -0.264692 -0.130294 
3.812 -0.16658 -0.33531 -0.192052 -0.323056 -0.214209 -0.31105 -0.235258 -0.298254 -0.257516 -0.282843 -0.27754 -0.267489 -0.296389 -0.251245 
4.469 0.242268 -0.015491 0.23517 -0.028519 0.228178 -0.0397228 0.220953 -0.0502941 0.212208 -0.0614762 0.203605 -0.0713162 0.194574 -0.0803687 
4.27 0.140227 0.00984797 0.134679 0.00288167 0.129346 -0.00292691 0.123999 -0.00844511 0.117613 -0.0140289 0.111409 -0.0189956 0.105045 -0.0236251 
4.027 -0.0234488 -0.0168607 -0.0301583 -0.0139079 -0.03608 -0.0110026 -0.0415724 -0.00790765 -0.0475228 -0.00415593 -0.0528607 -0.000359894 -0.057904 0.00379958 
4.148 0.0854404 0.0673743 0.083724 0.0634979 0.0820004 0.0601369 0.0802761 0.0569853 0.0779426 0.0535616 0.0757161 0.0505237 0.0733262 0.0477105 
4.113 0.0217504 -0.123695 0.00853154 -0.123271 -0.00281715 -0.122145 -0.0137766 -0.120588 -0.0258181 -0.118193 -0.0371667 -0.115394 -0.048338 -0.111988 
4.102 0.0265443 -0.0524723 0.0175174 -0.0524013 0.00949873 -0.051888 0.0017087 -0.0510331 -0.00678577 -0.0496558 -0.0147175 -0.0479772 -0.0223048 -0.0456939 
3.641 -0.296014 -0.297644 -0.31921 -0.277943 -0.339039 -0.259312 -0.357503 -0.240075 -0.37647 -0.218103 -0.393203 -0.196695 -0.408477 -0.174625 
3.947 -0.0974113 -0.0880838 -0.108376 -0.0805475 -0.117986 -0.0733428 -0.126895 -0.0658712 -0.136097 -0.05717 -0.144337 -0.0485584 -0.152026 -0.039569 
1.315 0.0833858 0.323504 0.0941033 0.321567 0.103491 0.319498 0.112672 0.317033 0.122317 0.313833 0.131224 0.310285 0.139918 0.30651 
2.283 -0.261088 0.1701 -0.257639 0.187958 -0.253945 0.20375 -0.249568 0.219158 -0.243864 0.235558 -0.237669 0.250736 -0.230802 0.265408 
1.789 -0.202876 0.198178 -0.197745 0.212477 -0.192579 0.22518 -0.186793 0.23735 -0.179868 0.250239 -0.172691 0.261978 -0.164992 0.273126 
1.401 0.134064 0.248171 0.140543 0.243245 0.146033 0.238964 0.151305 0.234516 0.15652 0.229105 0.161203 0.22391 0.165637 0.218671 
4.305 0.160088 -0.179852 0.143125 -0.187433 0.127659 -0.193475 0.112472 -0.198642 0.0954025 -0.203312 0.0792124 -0.206867 0.0631599 -0.209389 
1.239 0.0751678 0.286522 0.0839241 0.285368 0.0916631 0.283971 0.0992373 0.282252 0.107108 0.279819 0.114427 0.277143 0.121571 0.274164 
3.494 -0.328202 -0.112738 -0.340715 -0.0914925 -0.350953 -0.0719366 -0.360001 -0.0524049 -0.368824 -0.0304148 -0.375858 -0.00955705 -0.381763 0.0114726 
3.936 -0.0796055 -0.00521846 -0.0853765 0.00114889 -0.0903251 0.00712901 -0.0951063 0.0130637 -0.0998301 0.0198542 -0.103877 0.0264707 -0.107588 0.0332942 
4.281 0.149815 -0.0880838 0.138769 -0.095567 0.128464 -0.10163 0.118339 -0.107003 0.106793 -0.112141 0.0957562 -0.116478 0.0847274 -0.119976 
1.203 0.335406 0.325558 0.345614 0.308432 0.353731 0.292793 0.361103 0.277113 0.367968 0.259531 0.373428 0.24266 0.378164 0.225922 
3.602 -0.311766 -0.160677 -0.326967 -0.140014 -0.339646 -0.121123 -0.351069 -0.101933 -0.362402 -0.0804916 -0.371929 -0.0597468 -0.380177 -0.038846 
3.777 -0.195343 -0.248336 -0.215513 -0.234684 -0.232839 -0.221652 -0.249158 -0.207967 -0.266166 -0.1921 -0.281296 -0.176446 -0.295276 -0.160209 
4.188 0.0833858 -0.00110944 0.0772976 -0.00461618 0.0717408 -0.00739449 0.0662751 -0.00985495 0.0600145 -0.0121818 0.0540962 -0.0140424 0.0481908 -0.015415 
1.28 -0.112478 0.226942 -0.106813 0.236875 -0.101409 0.245619 -0.0957105 0.253872 -0.088991 0.262365 -0.0822257 0.270061 -0.0750264 0.277387 
4.406 0.21419 -0.137392 0.19984 -0.148149 0.186592 -0.157136 0.173361 -0.165238 0.15835 -0.173199 0.143927 -0.179891 0.129421 -0.185634 
2.664 0.229256 0.236529 0.236344 0.224363 0.242308 0.213521 0.247479 0.202514 0.252329 0.190165 0.256323 0.178353 0.259455 0.166576 
3.074 0.529215 0.0516231 0.524229 0.0221013 0.518442 -0.00376172 0.511719 -0.0287908 0.502578 -0.0555155 0.492735 -0.0801269 0.481867 -0.10363 
4.102 0.027914 0.00573894 0.0219463 0.0057802 0.0165916 0.0060929 0.0114783 0.00662776 0.00578525 0.00757004 0.000539704 0.00874731 -0.00455821 0.0102644 
4.148 0.0580468 -0.011382 0.051483 -0.0135175 0.045487 -0.0150362 0.0397156 -0.0162704 0.0331144 -0.0172017 0.0269184 -0.0178298 0.0208717 -0.0180022 
3.668 -0.274099 -0.361334 -0.301009 -0.34286 -0.324199 -0.325075 -0.345901 -0.30673 -0.368596 -0.285261 -0.388688 -0.264187 -0.407481 -0.242089 
4.238 0.10941 -0.0894535 0.0980073 -0.0940688 0.0877035 -0.0976309 0.0774264 -0.100702 0.0660434 -0.103286 0.055183 -0.105175 0.0445348 -0.106324 
3.135 0.452513 0.130379 0.452642 0.10488 0.45171 0.0821113 0.44977 0.0601141 0.44604 0.0362594 0.441335 0.0142024 0.435646 -0.00683388 
4.375 0.198439 -0.144241 0.183748 -0.154133 0.170186 -0.16221 0.156794 -0.169439 0.14151 -0.176384 0.126955 -0.182247 0.112365 -0.187116 
1.217 0.0464046 0.263238 0.0536151 0.264039 0.0601117 0.264533 0.0665389 0.264753 0.0734231 0.264432 0.0798052 0.263807 0.086107 0.262987 
4.418 0.214875 -0.0428845 0.205954 -0.0539764 0.197488 -0.0633809 0.188951 -0.0722995 0.17888 -0.0813638 0.169005 -0.0894346 0.158981 -0.0969635 
4.273 0.142967 -0.0606903 0.133147 -0.0676456 0.124045 -0.0732637 0.115106 -0.0783614 0.104802 -0.0833743 0.0950257 -0.0876181 0.0851497 -0.0911032 
0.681 -0.309026 0.378291 -0.297372 0.402986 -0.286047 0.424669 -0.273775 0.445283 -0.259172 0.466802 -0.244442 0.48628 -0.228959 0.504756 
1.306 -0.0912478 0.271456 -0.0831052 0.280229 -0.0754544 0.287835 -0.0676019 0.294903 -0.0586933 0.301972 -0.0497609 0.308248 -0.0410493 0.31391 
3.936 -0.0994658 -0.134653 -0.113128 -0.126971 -0.125017 -0.119496 -0.136199 -0.111695 -0.148179 -0.102472 -0.15887 -0.0932524 -0.1691 -0.0835232 
4.023 -0.0337214 -0.0894535 -0.0446042 -0.0859754 -0.0541711 -0.0823369 -0.0632377 -0.0783455 -0.0729912 -0.0734267 -0.0819054 -0.0682941 -0.0903445 -0.0626235 
1.285 -0.12412 0.261183 -0.116465 0.271783 -0.109314 0.280924 -0.101721 0.289535 -0.0930517 0.298337 -0.0844238 0.3062 -0.0755513 0.313553 
4.48 0.245692 -0.14835 0.230731 -0.16115 0.216766 -0.171785 0.202837 -0.181425 0.186862 -0.191152 0.171463 -0.1994 0.155981 -0.206637 
4.355 0.184057 -0.0483632 0.175247 -0.0579095 0.166921 -0.0660373 0.158652 -0.0735571 0.148876 -0.0811644 0.139375 -0.0878037 0.129834 -0.0938019 
4.387 0.206657 -0.0120668 0.199502 -0.022971 0.192608 -0.0322691 0.185609 -0.0411169 0.177152 -0.0501847 0.168902 -0.0583346 0.1604 -0.0657378 
0.986 -0.0597452 0.346103 -0.0476947 0.353349 -0.0366655 0.359548 -0.0253904 0.364959 -0.0131227 0.370182 -0.00117109 0.37438 0.0108703 0.378102 
3.939 -0.103575 -0.0606903 -0.112759 -0.0528162 -0.120735 -0.0453872 -0.127959 -0.0377525 -0.135599 -0.0290073 -0.14215 -0.0204463 -0.148337 -0.0116054 
0.986 -0.269306 0.263238 -0.262394 0.283513 -0.255408 0.301392 -0.247555 0.318554 -0.237968 0.33674 -0.228078 0.353291 -0.217457 0.369149 
3.436 -0.282317 -0.0997261 -0.294006 -0.0811195 -0.303703 -0.0640571 -0.312294 -0.0468688 -0.320687 -0.0274431 -0.327518 -0.00898373 -0.333257 0.00961456 
1.273 -0.117956 0.241323 -0.111554 0.25155 -0.105407 0.260504 -0.0989121 0.268866 -0.0912398 0.277606 -0.0838326 0.285389 -0.076123 0.292711 
4.078 0.00668402 -0.0600055 -0.00276185 -0.0587048 -0.0111759 -0.057126 -0.0191621 -0.0552517 -0.02793 -0.0526722 -0.0359963 -0.0497592 -0.043707 -0.046357 
1.271 -0.0289275 0.218039 -0.024285 0.223127 -0.0196969 0.227707 -0.0151801 0.231816 -0.0102319 0.23597 -0.00526779 0.23959 -0.000249381 0.243018 
3.117 0.584687 -0.192179 0.564818 -0.224459 0.545821 -0.252043 0.526157 -0.278115 0.50293 -0.305064 0.479968 -0.329349 0.456209 -0.351692 
4.316 0.172415 0.022175 0.167372 0.0132441 0.162503 0.00552418 0.15748 -0.00166984 0.151364 -0.00932402 0.145195 -0.0161841 0.138906 -0.022449 
1.354 -0.118641 0.18996 -0.115056 0.200023 -0.111661 0.209265 -0.10773 0.217973 -0.103104 0.227225 -0.0982126 0.235764 -0.0929487 0.243949 
3.582 -0.339159 -0.173689 -0.355058 -0.151702 -0.368306 -0.131334 -0.380161 -0.110936 -0.391893 -0.0878488 -0.401791 -0.065567 -0.410418 -0.0431137 
3.18 0.460731 0.0673743 0.457071 0.0415663 0.45253 0.0188902 0.447172 -0.00312792 0.439824 -0.0267271 0.431795 -0.0483937 0.422794 -0.0691982 
1.299 0.314861 0.300219 0.324122 0.2839 0.331628 0.269078 0.338342 0.254273 0.344318 0.237574 0.349314 0.221828 0.353369 0.206172 
3.414 -0.123435 -0.00384879 -0.129399 0.00521628 -0.134456 0.013577 -0.138757 0.0219779 -0.143096 0.0314189 -0.146569 0.0405013 -0.149574 0.0497433 
1.288 -0.0707026 0.27625 -0.0624191 0.283923 -0.0547074 0.290443 -0.0466282 0.296542 -0.0379148 0.302497 -0.0293156 0.307714 -0.0206394 0.312428 
3.811 -0.167265 -0.119586 -0.179802 -0.107783 -0.190497 -0.0968437 -0.200387 -0.0853891 -0.210511 -0.0724962 -0.219395 -0.0598872 -0.22747 -0.0469529 
4.297 0.155979 0.0166963 0.150704 0.00876278 0.145548 0.00199566 0.140356 -0.00440024 0.134092 -0.0110054 0.127997 -0.0169156 0.12157 -0.0223258 
4.301 0.159403 -0.0716477 0.148998 -0.079415 0.139367 -0.0858725 0.129788 -0.091826 0.11878 -0.0974455 0.108289 -0.102388 0.0977158 -0.106372 
3.416 0.385399 0.0933982 0.38371 0.0717929 0.381297 0.0528228 0.378204 0.0345276 0.373466 0.0145613 0.36796 -0.00360259 0.36171 -0.0211034 
4.324 0.175154 0.00779345 0.169701 -0.00101464 0.164401 -0.00860687 0.159144 -0.0157368 0.152613 -0.0232334 0.146208 -0.0298472 0.139668 -0.0360101 
1.368 0.154609 0.167361 0.156311 0.161372 0.157577 0.155914 0.158659 0.150583 0.159239 0.144577 0.159627 0.139108 0.159752 0.133864 
1.022 0.10941 0.407739 0.124715 0.404908 0.138131 0.401831 0.151218 0.398243 0.165018 0.393184 0.177792 0.387921 0.190171 0.38208 
4.117 0.0676346 0.0639501 0.0655759 0.0611731 0.0635835 0.0588472 0.0617543 0.0566024 0.0593498 0.0542735 0.0570321 0.052205 0.0548752 0.050395 
1.312 -0.110423 0.257074 -0.102995 0.267072 -0.0961714 0.275733 -0.0889044 0.283864 -0.0806527 0.292168 -0.0724117 0.299584 -0.0641802 0.306512 
3.146 0.547021 -0.101096 0.532788 -0.13149 0.518747 -0.157771 0.504107 -0.182709 0.486447 -0.208896 0.468639 -0.232561 0.449964 -0.254768 
4.461 0.238159 -0.102465 0.225598 -0.114899 0.21379 -0.125127 0.201937 -0.134549 0.18823 -0.144128 0.174984 -0.152578 0.161594 -0.160007 
1.271 -0.043994 0.276935 -0.0357596 0.282855 -0.0281139 0.288001 -0.0203139 0.292597 -0.0119491 0.296963 -0.00380607 0.300707 0.00430004 0.304012 
4.293 0.147761 -0.142871 0.13304 -0.149852 0.119589 -0.155212 0.106394 -0.160136 0.0915439 -0.164325 0.0774146 -0.16773 0.0633838 -0.170055 
3.623 -0.309026 -0.261348 -0.330027 -0.24082 -0.347884 -0.22186 -0.364414 -0.202359 -0.381343 -0.180127 -0.396026 -0.158372 -0.409374 -0.136165 
3.926 -0.0926174 -0.0120668 -0.0989499 -0.00492967 -0.104307 0.00171752 -0.109086 0.0085063 -0.114043 0.0161394 -0.118332 0.023556 -0.122088 0.0311887 
4.168 0.0758526 0.0125873 0.0703832 0.00963646 0.0653121 0.00730967 0.0603215 0.00528605 0.054665 0.00338259 0.0492434 0.00193651 0.0439149 0.000868375 
1.075 0.00189015 0.368018 0.0150844 0.371441 0.0269 0.374104 0.0387332 0.37614 0.051463 0.377492 0.0635615 0.378192 0.0754814 0.378299 
3.236 0.42238 0.121477 0.422262 0.0978284 0.421051 0.076796 0.419105 0.0562427 0.415349 0.0341718 0.410669 0.0136076 0.405125 -0.00618193 
1.591 0.163512 0.31871 0.174168 0.311864 0.183444 0.30544 0.192297 0.298639 0.201332 0.290464 0.209326 0.282452 0.216928 0.274287 
3.838 -0.150144 -0.294905 -0.17317 -0.283752 -0.193328 -0.272801 -0.212342 -0.261156 -0.232435 -0.247343 -0.250519 -0.233437 -0.267629 -0.218706 
4.078 0.00942337 -0.00658814 0.00320883 -0.00550851 -0.00234657 -0.00425809 -0.00758472 -0.00284414 -0.0135169 -0.00101919 -0.0187853 0.000997074 -0.0238803 0.00340128 
1.3 -0.115217 0.27625 -0.106606 0.286563 -0.0986192 0.295486 -0.0904444 0.303633 -0.0809643 0.311968 -0.0715747 0.319374 -0.0621757 0.326227 
1.426 0.123791 0.305013 0.133744 0.300142 0.1422 0.295922 0.150479 0.291123 0.158834 0.285733 0.16653 0.280026 0.173866 0.274082 
3.08 0.481961 0.117367 0.481083 0.0902986 0.479136 0.0662263 0.476239 0.0429429 0.471332 0.0177866 0.465699 -0.00555052 0.458885 -0.0278845 
1.534 0.250486 0.25639 0.258272 0.243175 0.264553 0.231218 0.270313 0.219321 0.275537 0.205848 0.279881 0.192922 0.283597 0.18049 
1.192 0.0642104 0.389248 0.0785641 0.389099 0.0912675 0.388495 0.103848 0.387235 0.117128 0.385058 0.12969 0.382492 0.141758 0.379306 
3.031 0.452513 0.199548 0.456687 0.173778 0.459206 0.15084 0.460749 0.128217 0.460721 0.103564 0.459594 0.0805712 0.457299 0.0580181 
1.382 0.138858 0.209821 0.143001 0.20486 0.146508 0.200239 0.149686 0.195692 0.152763 0.190285 0.155388 0.185207 0.157745 0.180184 
1.548 0.197069 0.316655 0.20778 0.307382 0.216741 0.298558 0.225334 0.289779 0.233879 0.279704 0.241456 0.269591 0.248629 0.259568 
3.953 -0.0891933 -0.109314 -0.101346 -0.10218 -0.112024 -0.0952948 -0.121884 -0.0880599 -0.132706 -0.0796233 -0.142136 -0.071134 -0.15097 -0.0622013 
4.301 0.154609 -0.16547 0.138638 -0.173025 0.123914 -0.178632 0.109511 -0.183589 0.0933535 -0.188088 0.0780488 -0.191679 0.0628101 -0.194216 
3.834 -0.150144 -0.334625 -0.175396 -0.32351 -0.197483 -0.312338 -0.218431 -0.300521 -0.240582 -0.286292 -0.26068 -0.271833 -0.279562 -0.256579 
1.311 -0.0850842 0.257759 -0.0780131 0.266139 -0.0714686 0.273372 -0.0645875 0.280144 -0.0567911 0.287026 -0.0490096 0.293157 -0.0410434 0.298858 
3.328 0.464156 -0.0600055 0.452841 -0.0856742 0.441761 -0.107967 0.430013 -0.129203 0.415646 -0.151535 0.401153 -0.17165 0.385884 -0.190555 
1.239 -0.406273 0.246802 -0.398506 0.273766 -0.390793 0.297408 -0.38176 0.320278 -0.370614 0.344393 -0.359151 0.366512 -0.34643 0.387929 
3.113 0.444295 0.1701 0.446792 0.144935 0.447987 0.122391 0.448083 0.100602 0.446773 0.0766993 0.4442 0.0545344 0.440546 0.0330032 
2.188 0.575784 0.137913 0.575003 0.105687 0.573065 0.0771859 0.569804 0.0494416 0.564339 0.019537 0.557831 -0.0081429 0.549982 -0.0348925 
1.276 0.112834 0.161197 0.113825 0.157799 0.114528 0.154804 0.115139 0.151794 0.115501 0.148576 0.115713 0.14557 0.115757 0.142648 
1.334 0.279934 0.292001 0.288859 0.277876 0.296083 0.264944 0.302704 0.25199 0.308709 0.237496 0.313693 0.223554 0.31781 0.209687 
4.301 0.318285 0.0906588 0.317046 0.073021 0.31528 0.0574663 0.312806 0.0423405 0.309025 0.0260341 0.304632 0.0108375 0.29951 -0.00365037 
3.355 0.437447 -0.00932749 0.429466 -0.0337116 0.420964 -0.054776 0.412 -0.0749775 0.400827 -0.0964804 0.389498 -0.115967 0.377321 -0.134348 
1.286 -0.043994 0.208451 -0.0398586 0.214367 -0.0358504 0.219646 -0.0312367 0.224588 -0.0264596 0.229566 -0.0215362 0.23415 -0.0163502 0.238393 
4.43 0.223778 -0.117532 0.210251 -0.128586 0.197655 -0.137675 0.185139 -0.146115 0.170785 -0.154404 0.157015 -0.161484 0.143131 -0.167597 
3.125 0.529215 -0.0565813 0.517723 -0.0860802 0.506132 -0.111755 0.493871 -0.136222 0.478776 -0.162012 0.463449 -0.185429 0.447199 -0.207425 
4.008 -0.0385153 -0.0572661 -0.0475608 -0.0531993 -0.0555336 -0.0491178 -0.0630043 -0.0447716 -0.0710246 -0.0395622 -0.0782644 -0.0342368 -0.0850388 -0.0286013 
1.619 -0.261088 0.207081 -0.255436 0.224991 -0.249726 0.240755 -0.243255 0.255853 -0.235462 0.271821 -0.227347 0.286619 -0.218524 0.300624 
4.59 0.29637 -0.12438 0.282338 -0.140083 0.269178 -0.153357 0.255852 -0.165944 0.240371 -0.1784 0.225369 -0.189773 0.210013 -0.199703 
1.295 -0.0754965 0.23242 -0.0696334 0.24031 -0.0640337 0.247243 -0.0581028 0.253735 -0.0514158 0.260307 -0.0448455 0.266157 -0.0381113 0.271681 
1.391 0.136803 0.228311 0.142048 0.223119 0.146544 0.218473 0.150719 0.213746 0.15471 0.208144 0.158287 0.20293 0.161457 0.19742 
1.897 -0.181646 0.172839 -0.178525 0.186153 -0.175035 0.197875 -0.170973 0.209234 -0.165746 0.221163 -0.160158 0.232091 -0.154047 0.242702 
1.434 0.179263 0.176264 0.181635 0.16841 0.183305 0.161499 0.184826 0.154779 0.185774 0.147233 0.186343 0.140234 0.186513 0.133008 
1.557 0.161457 0.29611 0.171115 0.288824 0.179158 0.282316 0.187019 0.275392 0.194722 0.267372 0.201652 0.259462 0.208 0.251371 
3.699 -0.2515 -0.240118 -0.271333 -0.22308 -0.288327 -0.206937 -0.304076 -0.190398 -0.320264 -0.171353 -0.334465 -0.15271 -0.347472 -0.13352 
4.023 -0.0282427 -0.0332968 -0.0361883 -0.0299744 -0.0431705 -0.02659 -0.049763 -0.0229452 -0.0569154 -0.0186496 -0.063349 -0.0142485 -0.0693193 -0.00942003 
4.27 0.142282 -0.00384879 0.136335 -0.0108698 0.130511 -0.0168368 0.124955 -0.0223302 0.118244 -0.0279863 0.11174 -0.0330077 0.105112 -0.0374891 
4.332 0.182687 0.035187 0.178393 0.0260326 0.174186 0.0180138 0.169834 0.0104268 0.16444 0.00245311 0.159086 -0.00477263 0.153511 -0.0114468 
1.255 0.0833858 0.267347 0.090841 0.265688 0.0971989 0.264203 0.10356 0.262396 0.109978 0.259963 0.11602 0.257279 0.121759 0.254476 
3.215 0.51004 -0.0860293 0.497324 -0.11436 0.484723 -0.138884 0.47124 -0.162145 0.454929 -0.18645 0.438454 -0.208516 0.421261 -0.229234 
4.438 0.229256 -0.139447 0.214669 -0.15104 0.201137 -0.16044 0.18772 -0.169181 0.172299 -0.177645 0.157558 -0.184949 0.14269 -0.191357 
3.109 0.46621 0.130379 0.466125 0.104148 0.464841 0.0806518 0.462692 0.0581131 0.458631 0.0334556 0.453865 0.0108764 0.447916 -0.0108576 
4.496 0.25391 -0.0613752 0.243917 -0.0747501 0.234444 -0.0864004 0.224823 -0.0971406 0.213433 -0.108339 0.202304 -0.118139 0.190803 -0.127114 
4.219 0.0963978 -0.0942474 0.0847411 -0.0982403 0.0743159 -0.101176 0.0638716 -0.103616 0.0522237 -0.105641 0.0411574 -0.106969 0.0303223 -0.10757 
3.01 0.438817 0.199548 0.443047 0.174543 0.445527 0.152111 0.447243 0.130108 0.447569 0.10624 0.446592 0.083877 0.444646 0.0620507 
3.09 0.497713 0.0639501 0.493627 0.0358863 0.488647 0.0113964 0.482866 -0.0124093 0.474804 -0.0377129 0.466122 -0.0610306 0.45636 -0.083488 
3.959 -0.0837146 -0.128489 -0.0971667 -0.121815 -0.108896 -0.115205 -0.119838 -0.108205 -0.13158 -0.0999156 -0.14198 -0.0915262 -0.151949 -0.0826285 
1.271 -0.0604301 0.286522 -0.0515488 0.293563 -0.0434569 0.299537 -0.0349654 0.305019 -0.0256981 0.310282 -0.0168152 0.314779 -0.00766614 0.318883 
3.133 0.537433 -0.0737022 0.524786 -0.103427 0.512268 -0.129138 0.499075 -0.153791 0.482975 -0.17962 0.466705 -0.202974 0.449555 -0.224904 
1.907 -0.14535 0.196809 -0.140602 0.208014 -0.136015 0.217845 -0.130933 0.22722 -0.125023 0.237057 -0.118916 0.246012 -0.112447 0.254694 
3.385 0.405944 0.0488837 0.401562 0.0263504 0.396661 0.00659603 0.391153 -0.012392 0.383583 -0.0327912 0.375654 -0.0514647 0.366926 -0.0693843 
4.234 0.254595 0.0721682 0.252451 0.058372 0.250078 0.0463778 0.247273 0.0346995 0.243259 0.0220624 0.238778 0.0105068 0.233751 -0.00035956 
3.408 0.442241 -0.0784961 0.430302 -0.102974 0.41863 -0.124011 0.406293 -0.143849 0.391321 -0.164727 0.376509 -0.183509 0.360771 -0.20098 
1.396 -0.112478 0.157773 -0.110937 0.167689 -0.109262 0.176539 -0.106982 0.185204 -0.104093 0.194325 -0.100994 0.2028 -0.0974669 0.210993 
3.787 -0.184386 -0.0695932 -0.194209 -0.056753 -0.202478 -0.0447726 -0.209913 -0.0327454 -0.217347 -0.0191949 -0.223604 -0.00612914 -0.229069 0.00715434 
3.904 -0.119326 -0.100411 -0.13091 -0.0915364 -0.141053 -0.0831035 -0.150389 -0.0744196 -0.160342 -0.0644201 -0.169154 -0.0545592 -0.17724 -0.0442365 
4.18 0.0703739 -0.221627 0.0513224 -0.223715 0.0343293 -0.224636 0.0175683 -0.224747 -0.000577379 -0.223807 -0.0176134 -0.222148 -0.0342266 -0.219465 
4.43 0.227202 -0.0127517 0.220095 -0.0245424 0.213291 -0.0346808 0.20638 -0.0442994 0.197868 -0.0542679 0.189605 -0.0632124 0.180901 -0.0714036 
1.13 -0.241912 0.248856 -0.234312 0.266031 -0.227059 0.281149 -0.218942 0.295659 -0.209428 0.31069 -0.19968 0.324491 -0.189345 0.337594 
3.914 -0.113163 -0.270251 -0.134788 -0.261315 -0.153792 -0.252346 -0.171808 -0.242907 -0.19093 -0.231318 -0.208321 -0.21964 -0.224663 -0.206956 
3.656 -0.261088 -0.133283 -0.274546 -0.115836 -0.285871 -0.0997184 -0.296082 -0.0834644 -0.306326 -0.065063 -0.314953 -0.047339 -0.322526 -0.0293384 
4.43 0.223093 -0.08329 0.212041 -0.0949699 0.201624 -0.104799 0.191157 -0.113932 0.179034 -0.123155 0.16726 -0.131137 0.155319 -0.138214 
0.927 0.0176414 0.402945 0.0317902 0.405759 0.0449451 0.408126 0.0578313 0.409595 0.0718701 0.410224 0.0850147 0.410304 0.0984274 0.409672 
3.281 0.455938 0.00299959 0.448672 -0.0223091 0.441013 -0.0444505 0.432716 -0.0656324 0.421947 -0.0883969 0.410737 -0.108754 0.398662 -0.128241 
4.324 0.263498 0.0372415 0.259574 0.0230118 0.255497 0.0105863 0.251045 -0.00137056 0.245153 -0.0140976 0.239023 -0.0257547 0.232303 -0.0368438 
1.315 -0.106314 0.201603 -0.102319 0.211428 -0.0983676 0.219972 -0.093936 0.228291 -0.0887123 0.236842 -0.0833912 0.244559 -0.0776107 0.251941 
