1.73 0.0943432 0.00642378 0.0934143 -0.0519822 0.0932165 -0.106036 0.093286 -0.160198 0.0937422 -0.21836 0.0946102 -0.276968 0.0961369 -0.33958 
4.16 -0.387098 0.226942 -0.385586 0.167209 -0.385603 0.113823 -0.386503 0.0617615 -0.388566 0.00749442 -0.391685 -0.0456872 -0.395563 -0.10109 
4.207 -0.384358 0.193384 -0.38362 0.134195 -0.384299 0.0811252 -0.385851 0.0291048 -0.388613 -0.0253192 -0.392414 -0.0788491 -0.397004 -0.134827 
4.234 -0.348062 0.174209 -0.347859 0.115286 -0.348954 0.0623102 -0.350766 0.0103015 -0.353814 -0.0441441 -0.357793 -0.0978761 -0.362435 -0.15413 
4.133 -0.353541 0.242693 -0.351961 0.182691 -0.35177 0.129133 -0.352402 0.0770315 -0.354117 0.0227962 -0.356795 -0.0301795 -0.360163 -0.0853526 
4.207 -0.355595 0.194069 -0.354938 0.134848 -0.355641 0.0817567 -0.357153 0.0298114 -0.359818 -0.0245459 -0.363429 -0.0780197 -0.367762 -0.133894 
4.242 -0.382304 0.176264 -0.381959 0.117312 -0.383014 0.0642695 -0.384847 0.0122811 -0.38798 -0.0422119 -0.392116 -0.0959538 -0.39705 -0.152176 
4.188 -0.363813 0.205027 -0.362934 0.145669 -0.363464 0.0924728 -0.364803 0.0404689 -0.367322 -0.0138237 -0.370828 -0.0671387 -0.375054 -0.122827 
4.188 -0.415861 0.207766 -0.414682 0.148344 -0.415042 0.095067 -0.416382 0.0430213 -0.41901 -0.011327 -0.422811 -0.0646735 -0.427356 -0.120397 
4.164 -0.41997 0.226942 -0.418291 0.167202 -0.418239 0.113783 -0.419131 0.0616727 -0.421291 0.00735774 -0.424626 -0.0458376 -0.42875 -0.10128 
4.168 -0.363128 0.220093 -0.361956 0.160455 -0.362172 0.107084 -0.363279 0.0550735 -0.365505 0.000844507 -0.368727 -0.0522949 -0.372643 -0.107733 
4.129 -0.406273 0.245432 -0.404251 0.185381 -0.403822 0.131758 -0.404338 0.0795734 -0.406049 0.0252925 -0.408884 -0.027746 -0.412487 -0.0829537 
4.215 -0.411752 0.188591 -0.411052 0.129408 -0.411889 0.0763052 -0.413613 0.0242677 -0.416704 -0.0301436 -0.420903 -0.0836956 -0.425926 -0.139714 
4.23 -0.367922 0.177633 -0.367582 0.118662 -0.368603 0.0656442 -0.370412 0.0136468 -0.373477 -0.0407889 -0.377506 -0.0945239 -0.382304 -0.150717 
4.191 -0.398055 0.206396 -0.396991 0.147012 -0.397453 0.0937519 -0.398795 0.0417395 -0.401409 -0.0125942 -0.405117 -0.0659675 -0.409615 -0.121663 
4.16 -0.404219 0.227626 -0.402588 0.167881 -0.402543 0.114469 -0.403418 0.0623686 -0.405495 0.00808245 -0.408745 -0.0451139 -0.412719 -0.100505 
4.164 -0.348062 0.220778 -0.346954 0.161141 -0.347183 0.107798 -0.348239 0.0558082 -0.350395 0.0015701 -0.353486 -0.0515726 -0.35729 -0.106991 
4.145 -0.372716 0.235844 -0.371172 0.175906 -0.371116 0.122381 -0.371904 0.0702891 -0.373813 0.0160373 -0.37677 -0.0370057 -0.380438 -0.0922093 
4.121 -0.380934 0.249541 -0.379001 0.189385 -0.378603 0.135711 -0.379081 0.0835406 -0.380676 0.0292748 -0.383375 -0.0237097 -0.386762 -0.0787943 
4.02 -0.0919326 0.250911 -0.0926132 0.190524 -0.0935971 0.136973 -0.0946992 0.0851321 -0.096124 0.0314475 -0.097722 -0.0209656 -0.0992648 -0.0754869 
4.199 -0.448048 0.207081 -0.446776 0.147632 -0.447098 0.0943522 -0.44844 0.0422413 -0.451204 -0.0121694 -0.455194 -0.0655789 -0.46005 -0.121277 
4.105 -0.372716 0.261183 -0.370624 0.200754 -0.370058 0.147024 -0.370288 0.0947291 -0.371635 0.0404912 -0.37409 -0.0124157 -0.377114 -0.0673666 
4.195 -0.430927 0.206396 -0.429712 0.146973 -0.430085 0.0936763 -0.431475 0.041623 -0.434204 -0.012775 -0.438133 -0.0661532 -0.442911 -0.121856 
4.188 -0.348747 0.206396 -0.347921 0.147033 -0.348423 0.0938165 -0.349719 0.0418501 -0.352131 -0.0124096 -0.355502 -0.0657284 -0.359555 -0.121418 
4.23 -0.426133 0.186536 -0.425404 0.127388 -0.426291 0.0742616 -0.428087 0.0221648 -0.431302 -0.0322714 -0.435623 -0.0859046 -0.44083 -0.141942 
4.223 -0.08166 0.113258 -0.0830706 0.0554063 -0.084668 0.00291068 -0.0863616 -0.0488795 -0.0884656 -0.103704 -0.0907024 -0.158422 -0.0928812 -0.216328 
4.184 -0.382989 0.207766 -0.381943 0.148361 -0.382382 0.0951336 -0.383653 0.0431094 -0.386128 -0.0111959 -0.389658 -0.0645569 -0.393944 -0.120209 
4.035 -0.200822 0.269401 -0.200178 0.208651 -0.200231 0.154746 -0.200762 0.102608 -0.201976 0.0486868 -0.203775 -0.00375595 -0.205867 -0.0582972 
4.16 -0.454897 0.228311 -0.45302 0.168556 -0.45286 0.115089 -0.45371 0.062948 -0.455956 0.00862016 -0.459393 -0.0445997 -0.463716 -0.100054 
4.242 -0.39737 0.174894 -0.396952 0.115872 -0.397979 0.0628571 -0.399881 0.0108433 -0.403095 -0.043695 -0.407363 -0.0974279 -0.412498 -0.153649 
4.164 -0.435036 0.225572 -0.433318 0.165837 -0.433279 0.112398 -0.43422 0.0602909 -0.436471 0.00598334 -0.439948 -0.0472457 -0.444228 -0.102697 
4.133 -0.42134 0.244062 -0.419225 0.184007 -0.418819 0.130378 -0.419303 0.0781779 -0.421123 0.0239005 -0.42408 -0.0291575 -0.427802 -0.0843759 
4.105 -0.390522 0.262553 -0.388253 0.202115 -0.387547 0.148335 -0.387712 0.0960012 -0.389047 0.041747 -0.391485 -0.0112081 -0.394637 -0.0661572 
3.961 0.0183263 -0.0504178 0.0170117 -0.109408 0.0160964 -0.164398 0.015187 -0.219902 0.0144622 -0.279536 0.0137571 -0.339861 0.0135877 -0.404577 
4.105 -0.35491 0.260499 -0.352977 0.200096 -0.352499 0.146357 -0.352772 0.0941262 -0.354174 0.0398959 -0.356507 -0.012986 -0.359536 -0.0679385 
4.055 -0.14672 0.247487 -0.146806 0.187223 -0.147343 0.133672 -0.148317 0.0818482 -0.14976 0.0280771 -0.151627 -0.0244207 -0.153601 -0.0790744 
4.34 -0.213149 0.0769621 -0.214722 0.018962 -0.217141 -0.0338875 -0.21994 -0.0863989 -0.223684 -0.14213 -0.227881 -0.197842 -0.232478 -0.256813 
4.109 -0.423394 0.261868 -0.420872 0.201419 -0.420077 0.147601 -0.42024 0.0952806 -0.421645 0.0409896 -0.42423 -0.0119847 -0.427595 -0.0669942 
3.508 0.023805 0.282413 0.0215336 0.221095 0.0199079 0.16705 0.0182962 0.114842 0.0168272 0.0609856 0.0156785 0.00866902 0.0149619 -0.0455499 
0.895 0.327873 0.225572 0.324344 0.165793 0.322692 0.112229 0.321807 0.059894 0.322069 0.00515618 0.323556 -0.0486516 0.326541 -0.10482 
4.047 -0.162471 0.255705 -0.162302 0.195171 -0.162763 0.141535 -0.163637 0.0895846 -0.165055 0.0357979 -0.166787 -0.016668 -0.168942 -0.0712326 
0.91 0.309382 0.305698 0.304488 0.244393 0.301457 0.189946 0.299196 0.137263 0.2979 0.0827104 0.297761 0.0295747 0.298946 -0.0254249 
4.137 -0.221367 0.21256 -0.221128 0.153069 -0.221771 0.0999139 -0.222959 0.048166 -0.224877 -0.00574764 -0.227454 -0.0587829 -0.230458 -0.11415 
4.129 -0.192604 0.211875 -0.192583 0.152423 -0.193289 0.0993731 -0.194443 0.0476716 -0.196319 -0.00620028 -0.198735 -0.0591868 -0.201482 -0.114513 
1.347 0.176524 0.143391 0.174331 0.0848377 0.17331 0.0319436 0.172854 -0.0201533 0.173109 -0.0751135 0.174174 -0.129743 0.176248 -0.187387 
1.605 0.0916039 -0.0264484 0.0910287 -0.0852481 0.0910106 -0.139781 0.0912544 -0.194741 0.0918912 -0.25373 0.092912 -0.313346 0.0946755 -0.37736 
4.215 -0.448048 0.192015 -0.447085 0.132788 -0.447775 0.0795972 -0.449497 0.0275383 -0.452579 -0.0269213 -0.456894 -0.0804949 -0.462093 -0.13647 
0.87 0.330612 0.309122 0.325574 0.247749 0.322491 0.193351 0.320215 0.140521 0.318967 0.0858517 0.318977 0.0326204 0.320383 -0.0224995 
4.141 -0.436406 0.242693 -0.434244 0.182631 -0.433836 0.129012 -0.434412 0.0768153 -0.436307 0.0224976 -0.439359 -0.0305648 -0.443264 -0.085759 
4.082 -0.14535 0.224202 -0.145702 0.164428 -0.146486 0.111371 -0.147619 0.0597251 -0.149249 0.00596407 -0.151217 -0.0467158 -0.153347 -0.101739 
4.203 -0.0912478 0.135173 -0.0925531 0.0771246 -0.0940204 0.0246625 -0.0956515 -0.0269999 -0.097619 -0.0814781 -0.0997627 -0.135643 -0.101912 -0.192926 
4.121 -0.444624 0.25502 -0.442111 0.194691 -0.44139 0.140934 -0.441678 0.088587 -0.443252 0.0342802 -0.446065 -0.0187438 -0.449743 -0.0738342 
4.238 -0.190549 0.138597 -0.191416 0.0803141 -0.192936 0.0277594 -0.194919 -0.0239886 -0.197619 -0.0785469 -0.200896 -0.132746 -0.204429 -0.189838 
4.184 -0.191919 0.172154 -0.192417 0.113462 -0.193577 0.0607527 -0.195188 0.00911652 -0.197589 -0.0450484 -0.200491 -0.0986038 -0.203682 -0.154852 
4.109 -0.408328 0.263238 -0.405908 0.202811 -0.405121 0.148979 -0.405257 0.0966809 -0.406594 0.0423681 -0.409072 -0.0105885 -0.412282 -0.0655938 
2.305 0.0683194 0.00710862 0.0671562 -0.0512359 0.0665059 -0.105134 0.0662219 -0.159152 0.0661523 -0.21719 0.0664127 -0.275723 0.0673303 -0.338206 
4.066 0.00873853 0.043405 0.00724989 -0.0145006 0.00606434 -0.0678037 0.00493664 -0.120998 0.00385434 -0.177905 0.00303089 -0.235273 0.00250506 -0.296389 
4.012 -0.220682 0.292001 -0.219514 0.230668 -0.219268 0.176424 -0.219445 0.123987 -0.22035 0.069923 -0.2219 0.0174188 -0.223795 -0.0369412 
4.082 -0.369977 0.27488 -0.367656 0.214119 -0.366877 0.160113 -0.36694 0.107708 -0.368121 0.0534626 -0.37038 0.000595635 -0.373213 -0.0542189 
4.105 -0.459006 0.263923 -0.456145 0.203434 -0.455176 0.149562 -0.455182 0.0971881 -0.456563 0.0428556 -0.459188 -0.010169 -0.462662 -0.0651573 
4.07 -0.200137 0.252965 -0.199657 0.192749 -0.199867 0.139168 -0.200611 0.0870833 -0.202012 0.0333196 -0.203938 -0.0193092 -0.206251 -0.0739999 
1.415 0.0217504 0.185166 0.0198743 0.126529 0.0184313 0.0739078 0.017116 0.0223598 0.0158637 -0.0316362 0.0148719 -0.0851151 0.0143219 -0.141266 
3.984 -0.200137 0.302274 -0.199157 0.240581 -0.198911 0.186126 -0.199094 0.133563 -0.199906 0.0795249 -0.201338 0.0270592 -0.203011 -0.0271234 
4.07 -0.222737 0.261183 -0.221897 0.200678 -0.221947 0.146942 -0.222536 0.0948837 -0.223855 0.0409673 -0.22579 -0.0116296 -0.228133 -0.0662749 
0.731 0.495658 0.395412 0.487766 0.332049 0.482385 0.276167 0.478213 0.222088 0.475374 0.166817 0.474143 0.113265 0.474735 0.0583134 
3.965 -0.226161 0.322134 -0.224603 0.259863 -0.22398 0.204971 -0.22381 0.15202 -0.224339 0.0976276 -0.225507 0.0450257 -0.227023 -0.0091875 
4.27 -0.217943 0.12627 -0.218911 0.0680369 -0.220734 0.0154862 -0.222976 -0.0364892 -0.226084 -0.0913201 -0.229799 -0.145807 -0.233844 -0.203249 
4.098 -0.0898781 0.201603 -0.0909173 0.142584 -0.0920729 0.0897493 -0.0934152 0.0383172 -0.0950445 -0.0154672 -0.0968391 -0.0684409 -0.0985669 -0.123959 
4.082 -0.35491 0.27625 -0.352734 0.215488 -0.352018 0.161467 -0.352088 0.109087 -0.353248 0.0548358 -0.355342 0.00198742 -0.358107 -0.0528142 
4.309 -0.217943 0.100247 -0.219275 0.0423281 -0.221473 -0.0104038 -0.22406 -0.0625898 -0.227495 -0.117919 -0.231503 -0.172939 -0.235858 -0.231129 
4.035 0.00873853 0.0125873 0.00724981 -0.0456502 0.00609879 -0.0994093 0.00509899 -0.153175 0.00408549 -0.211071 0.00316198 -0.269395 0.00270076 -0.331656 
1.441 0.0196959 0.204342 0.0178012 0.145392 0.0163236 0.0927117 0.0149653 0.0410903 0.0137103 -0.0127501 0.0126844 -0.065898 0.0121104 -0.121824 
4.203 -0.113163 0.137228 -0.114371 0.0791357 -0.11579 0.0266547 -0.117522 -0.0249669 -0.119647 -0.0794859 -0.122067 -0.133622 -0.124532 -0.190857 
1.54 0.0251746 0.367333 0.0227472 0.303271 0.0207868 0.247072 0.018969 0.193264 0.0172489 0.138369 0.0157995 0.0857523 0.0148753 0.0317247 
4.195 -0.238488 0.176264 -0.238496 0.117379 -0.239664 0.0645871 -0.241314 0.0128684 -0.243721 -0.0413313 -0.247054 -0.094862 -0.250694 -0.150991 
3.998 0.010793 -0.0264484 0.00939674 -0.0850955 0.00833023 -0.139606 0.00740267 -0.194457 0.00642578 -0.253333 0.00550871 -0.312821 0.00518886 -0.376455 
4.23 -0.0460485 -0.0764416 -0.0479915 -0.135937 -0.0498453 -0.191825 -0.0517675 -0.24806 -0.0539333 -0.308849 -0.0560512 -0.370293 -0.0580696 -0.436459 
4.227 -0.215888 0.153664 -0.216461 0.0951471 -0.217863 0.0424569 -0.219735 -0.00929873 -0.222446 -0.0637416 -0.225802 -0.117563 -0.229521 -0.174168 
4.086 -0.200137 0.239269 -0.199826 0.179268 -0.200162 0.125879 -0.201059 0.0740787 -0.202588 0.0202294 -0.204715 -0.0324305 -0.207171 -0.0873633 
3.934 -0.235749 0.341309 -0.233929 0.278471 -0.232959 0.223277 -0.232564 0.170097 -0.232821 0.115484 -0.233727 0.0628619 -0.234995 0.00874234 
4.25 -0.0460485 -0.0613752 -0.0479791 -0.120586 -0.0497481 -0.175796 -0.0516353 -0.23161 -0.0537449 -0.291666 -0.0558949 -0.352625 -0.0577833 -0.417991 
4.105 -0.220682 0.234475 -0.220169 0.174604 -0.2205 0.121222 -0.221411 0.069409 -0.223031 0.0155684 -0.225331 -0.0372524 -0.227998 -0.0923667 
0.926 0.304588 0.292686 0.299996 0.231635 0.297111 0.177481 0.295105 0.124826 0.293964 0.0703502 0.294033 0.0171253 0.295419 -0.0378782 
4.09 -0.405588 0.276935 -0.402949 0.216159 -0.401952 0.162138 -0.401907 0.109685 -0.403087 0.0553695 -0.405333 0.00246565 -0.408368 -0.0523722 
1.344 0.190905 0.1475 0.188615 0.0889057 0.187593 0.0359788 0.187161 -0.0161379 0.18752 -0.0710591 0.18863 -0.125617 0.190869 -0.183135 
1.664 0.0676346 0.0420353 0.0663645 -0.0159712 0.0656504 -0.0693437 0.0652601 -0.122725 0.0651418 -0.179851 0.0653315 -0.23731 0.0660862 -0.298592 
4.203 -0.315875 0.196809 -0.315501 0.137626 -0.316243 0.0844564 -0.317655 0.0325206 -0.320289 -0.0216897 -0.323718 -0.0751209 -0.327701 -0.130952 
1.27 0.1505 -0.0668539 0.15106 -0.127021 0.152269 -0.183099 0.153898 -0.239745 0.156119 -0.300942 0.159051 -0.363364 0.163189 -0.430962 
3.896 -0.221367 0.356376 -0.219526 0.293101 -0.218629 0.237427 -0.218188 0.183925 -0.218386 0.12912 -0.219185 0.0764022 -0.220359 0.0222296 
4.219 -0.196713 0.152294 -0.197385 0.0938801 -0.198783 0.0411863 -0.200662 -0.0103843 -0.203274 -0.0648386 -0.206456 -0.118665 -0.209939 -0.175483 
4.121 -0.113163 0.189275 -0.114092 0.130238 -0.115214 0.0775212 -0.116678 0.0260334 -0.118442 -0.0277522 -0.120611 -0.0808135 -0.122686 -0.136441 
4.219 -0.159732 0.143391 -0.160694 0.0851343 -0.16207 0.0326222 -0.163909 -0.0190827 -0.166258 -0.0735903 -0.169163 -0.127724 -0.172268 -0.184799 
4.094 -0.164525 0.225572 -0.164587 0.165896 -0.165294 0.112805 -0.166386 0.0611146 -0.167975 0.00732513 -0.170123 -0.0453959 -0.172447 -0.100423 
4.227 -0.324777 0.179688 -0.324667 0.12072 -0.325634 0.067793 -0.327418 0.0158244 -0.330303 -0.0385466 -0.33401 -0.0921842 -0.338396 -0.148363 
1.629 0.103931 -0.0059033 0.103269 -0.064559 0.103353 -0.118957 0.103708 -0.173464 0.104567 -0.232089 0.105804 -0.29123 0.107811 -0.354517 
1.616 0.0149021 0.064635 0.0133044 0.00676469 0.0120815 -0.0461799 0.011011 -0.0987766 0.00995142 -0.154955 0.00910473 -0.211466 0.00859804 -0.271483 
1.613 0.103246 0.0529927 0.102067 -0.00511756 0.101603 -0.0584294 0.10149 -0.11145 0.101827 -0.168191 0.102709 -0.225203 0.104198 -0.2857 
1.552 0.120367 0.0584714 0.11923 0.000399471 0.118888 -0.0528323 0.118988 -0.105911 0.11954 -0.162417 0.120636 -0.219257 0.122521 -0.279744 
1.516 0.180633 -0.0243939 0.180869 -0.0835813 0.181964 -0.138406 0.183605 -0.19345 0.185922 -0.252589 0.188989 -0.312434 0.19333 -0.376664 
4.27 -0.173428 0.110519 -0.174733 0.0525341 -0.176547 -0.000158631 -0.178834 -0.0520767 -0.181784 -0.107012 -0.185202 -0.161839 -0.188836 -0.219714 
4.094 -0.180277 0.23242 -0.180163 0.172581 -0.180695 0.11937 -0.181674 0.0675658 -0.183268 0.0137822 -0.185404 -0.0389178 -0.187752 -0.0939387 
1.356 0.134749 0.252965 0.131536 0.192753 0.129406 0.139156 0.127658 0.0871578 0.126464 0.0331994 0.126056 -0.0197116 0.126295 -0.0746549 
4.41 -0.0631694 -0.0469936 -0.065266 -0.105779 -0.0673705 -0.160603 -0.0695874 -0.215867 -0.0720402 -0.275313 -0.0745463 -0.335346 -0.0769747 -0.39963 
4.125 -0.161786 0.202287 -0.162014 0.143146 -0.16293 0.0903077 -0.164164 0.0387116 -0.16608 -0.015102 -0.168335 -0.0681999 -0.170894 -0.123775 
0.732 0.490864 0.411163 0.482767 0.347369 0.477239 0.291185 0.472749 0.236747 0.469532 0.181185 0.467999 0.127479 0.468152 0.0725723 
3.328 0.023805 0.337885 0.0215058 0.274823 0.019538 0.219319 0.0179154 0.166168 0.0162963 0.111762 0.0149287 0.0592762 0.0140586 0.00528504 
3.957 -0.139186 0.303643 -0.138974 0.241776 -0.139234 0.187206 -0.139778 0.134685 -0.140813 0.0806687 -0.142173 0.0283179 -0.143614 -0.0257428 
4.141 -0.0118066 0.0680592 -0.0134191 0.0102646 -0.0148886 -0.0424698 -0.016244 -0.0947847 -0.0175792 -0.150694 -0.0187711 -0.206716 -0.019621 -0.266087 
4.086 -0.389837 0.27762 -0.387325 0.216809 -0.386448 0.162792 -0.386412 0.110361 -0.387539 0.0560636 -0.389779 0.00321176 -0.392694 -0.0516257 
4.262 -0.314505 0.153664 -0.314857 0.0949599 -0.316235 0.0421281 -0.318288 -0.00981788 -0.321556 -0.0644876 -0.325628 -0.118464 -0.330302 -0.175195 
1.473 0.0183263 0.12764 0.0166454 0.0696373 0.0153585 0.0170572 0.0139627 -0.0347571 0.0128816 -0.089602 0.0119196 -0.144322 0.0113435 -0.202317 
1.44 0.119682 0.111204 0.117989 0.0529793 0.117152 9.45464e-05 0.11668 -0.0519438 0.11678 -0.107416 0.117431 -0.16271 0.118874 -0.221037 
4.367 -0.048103 -0.0394603 -0.0500004 -0.0981997 -0.0517526 -0.152886 -0.0536 -0.207965 -0.0556725 -0.267274 -0.0577209 -0.327122 -0.059677 -0.391175 
1.471 0.0916039 -0.0682235 0.0912936 -0.128119 0.091598 -0.184147 0.0921075 -0.240601 0.0929662 -0.301603 0.0941636 -0.363699 0.0962104 -0.430636 
4.258 -0.0398849 0.0427202 -0.0415884 -0.0150661 -0.0431729 -0.0681452 -0.0448175 -0.120992 -0.0465817 -0.17766 -0.0484234 -0.234537 -0.0499852 -0.295104 
3.916 -0.235064 0.355691 -0.233038 0.292404 -0.23196 0.236699 -0.231395 0.183212 -0.231516 0.128396 -0.232255 0.0755923 -0.23332 0.0214009 
3.965 -0.174798 0.306383 -0.17409 0.244403 -0.174012 0.189786 -0.174349 0.137211 -0.175221 0.083135 -0.176578 0.0306007 -0.178118 -0.0234518 
4.293 -0.172059 0.0954527 -0.173514 0.0376626 -0.17542 -0.0149709 -0.177845 -0.0670934 -0.180863 -0.122504 -0.184419 -0.177626 -0.188171 -0.236084 
3.996 -0.2289 0.305698 -0.227499 0.243978 -0.226889 0.189441 -0.226881 0.136781 -0.227601 0.0826103 -0.22895 0.0300523 -0.230642 -0.0242347 
4.395 -0.0843994 -0.015491 -0.0865545 -0.0738643 -0.0887987 -0.127896 -0.0911379 -0.182233 -0.0938884 -0.240587 -0.0967021 -0.299427 -0.0994582 -0.362309 
4.191 -0.171374 0.161882 -0.172132 0.103308 -0.173347 0.0507486 -0.175019 -0.00085534 -0.177352 -0.0549667 -0.180107 -0.108626 -0.183099 -0.164978 
4.105 -0.194658 0.226257 -0.194481 0.166566 -0.195012 0.113304 -0.196036 0.0614567 -0.197739 0.00768189 -0.200009 -0.0450907 -0.202593 -0.100144 
1.31 0.251171 0.220093 0.247711 0.16033 0.245896 0.106897 0.244631 0.0547619 0.244434 0.000370212 0.245127 -0.0530882 0.246978 -0.10893 
3.99 -0.174113 0.292001 -0.173545 0.230566 -0.173534 0.176274 -0.17394 0.123904 -0.174913 0.0699777 -0.176382 0.0176513 -0.178013 -0.0365466 
4.266 -0.147404 0.108465 -0.14877 0.0507103 -0.150546 -0.00192532 -0.15269 -0.0537567 -0.155421 -0.108712 -0.158537 -0.163548 -0.161722 -0.221449 
1.668 0.123791 0.00710862 0.123077 -0.0514198 0.123314 -0.105485 0.124068 -0.159762 0.125224 -0.217938 0.126815 -0.276599 0.129327 -0.33918 
1.634 0.180633 0.0427202 0.179796 -0.015698 0.180092 -0.0693745 0.180881 -0.122839 0.182726 -0.180066 0.184954 -0.237407 0.188107 -0.298458 
1.344 0.164882 0.151609 0.162671 0.0929888 0.161555 0.040118 0.16095 -0.0118754 0.161067 -0.0666868 0.161913 -0.121086 0.16376 -0.178331 
3.762 -0.202191 0.441981 -0.199833 0.375394 -0.19838 0.317425 -0.19738 0.262048 -0.196883 0.205769 -0.196869 0.152048 -0.197003 0.0975099 
4.363 -0.176852 0.0345021 -0.179118 -0.0234629 -0.181868 -0.076732 -0.184889 -0.129872 -0.188692 -0.186607 -0.192977 -0.243585 -0.197377 -0.304081 
1.466 0.0505136 0.117367 0.0487916 0.059388 0.0476238 0.0067529 0.0466957 -0.0452518 0.0460334 -0.100316 0.0457025 -0.15535 0.0458968 -0.213821 
1.532 0.17036 0.0632653 0.169313 0.00506284 0.169281 -0.0482546 0.169732 -0.101426 0.171048 -0.157821 0.172854 -0.214511 0.175586 -0.274808 
4.176 -0.0364608 0.0208054 -0.0381968 -0.0370352 -0.0397926 -0.0904943 -0.0414294 -0.143807 -0.0432604 -0.201116 -0.0451146 -0.258726 -0.0466926 -0.320066 
4.215 -0.140556 0.139282 -0.141635 0.081143 -0.143163 0.0286674 -0.144797 -0.0230277 -0.147255 -0.0775341 -0.149891 -0.131703 -0.152621 -0.188876 
4.188 -0.245336 0.195439 -0.245115 0.136332 -0.246046 0.08339 -0.247518 0.0315951 -0.249809 -0.0224631 -0.25293 -0.0757711 -0.256493 -0.131531 
0.886 0.327873 0.252965 0.323937 0.192778 0.321777 0.139126 0.320447 0.0867702 0.320366 0.0321857 0.321483 -0.0212695 0.323698 -0.0770624 
4.289 -0.14672 0.0933982 -0.148217 0.0353365 -0.150062 -0.0171218 -0.152354 -0.0694107 -0.155157 -0.124621 -0.15834 -0.179896 -0.161704 -0.238491 
4.258 -0.0864539 0.0886043 -0.0880124 0.0308699 -0.0896677 -0.0216817 -0.0915896 -0.0738707 -0.0938222 -0.129323 -0.0962493 -0.184871 -0.0985886 -0.243698 
4.352 -0.197398 0.0509382 -0.19955 -0.00700379 -0.202078 -0.0601474 -0.205428 -0.113041 -0.209371 -0.169439 -0.21364 -0.226017 -0.218515 -0.285964 
3.854 -0.0392001 0.313231 -0.0405568 0.251063 -0.0418082 0.196355 -0.0430789 0.143688 -0.0444227 0.0896693 -0.0457013 0.0373726 -0.0468327 -0.0165399 
1.373 0.212135 0.134488 0.210115 0.0759298 0.209282 0.022769 0.208935 -0.0293862 0.209601 -0.084604 0.211187 -0.139509 0.213621 -0.197335 
4.062 -0.122065 0.231051 -0.122576 0.171317 -0.123467 0.118156 -0.124603 0.0665271 -0.12612 0.0127625 -0.127865 -0.0399942 -0.129681 -0.0951047 
3.973 -0.0994658 0.279674 -0.099932 0.21843 -0.100608 0.164618 -0.101574 0.112392 -0.102783 0.0587273 -0.10422 0.00643569 -0.105604 -0.0478246 
1.627 0.0340775 0.0550473 0.0325944 -0.00282742 0.0315719 -0.0559969 0.0308653 -0.108905 0.0300605 -0.165367 0.0297109 -0.222292 0.0298617 -0.282839 
2.264 0.0142172 0.111889 0.0125508 0.0539804 0.0112508 0.00144052 0.0100119 -0.0506034 0.00894 -0.105684 0.00801064 -0.16079 0.007519 -0.219238 
4.074 0.0142172 0.146131 0.0124816 0.0879519 0.0111747 0.0354789 0.00980303 -0.0161654 0.0087114 -0.0706172 0.00778007 -0.124746 0.00717486 -0.181891 
3.711 -0.0857691 0.433078 -0.0859032 0.366627 -0.0866932 0.315675 -0.0871313 0.260159 -0.0878034 0.203847 -0.0885778 0.150237 -0.0892696 0.0958074 
3.824 -0.266566 0.419381 -0.263259 0.353788 -0.261212 0.296535 -0.259639 0.241722 -0.258955 0.185914 -0.258856 0.132432 -0.2591 0.0779926 
4.25 -0.162471 0.122846 -0.163645 0.0648959 -0.165373 0.0122434 -0.167468 -0.0394921 -0.170211 -0.0942555 -0.17341 -0.148795 -0.176779 -0.206308 
1.646 0.131324 0.0338173 0.130441 -0.0245325 0.130319 -0.0781859 0.130729 -0.131739 0.131525 -0.18921 0.133002 -0.246864 0.135218 -0.308273 
3.725 -0.105629 0.431708 -0.105362 0.365247 -0.105128 0.307454 -0.105339 0.252062 -0.105789 0.195929 -0.106331 0.142372 -0.106853 0.0880794 
1.644 0.0833858 0.0454595 0.0821369 -0.0126054 0.0815939 -0.0660036 0.0813973 -0.119233 0.0814603 -0.176232 0.0820726 -0.233564 0.0832756 -0.294489 
3.818 -0.252185 0.418696 -0.249139 0.353123 -0.247385 0.29591 -0.24601 0.241117 -0.245295 0.18532 -0.245191 0.131855 -0.245542 0.0774413 
3.869 -0.0309821 0.283783 -0.032375 0.22256 -0.0335949 0.168526 -0.0349576 0.116394 -0.0363048 0.0626492 -0.0376123 0.0102844 -0.0387502 -0.0438985 
2.744 0.0340775 -0.0750719 0.0329143 -0.134704 0.0322122 -0.190465 0.0315527 -0.246708 0.0310309 -0.307365 0.0306321 -0.368958 0.0306911 -0.435324 
4.422 -0.243282 0.0249144 -0.245852 -0.033272 -0.249357 -0.0868539 -0.253209 -0.140289 -0.257989 -0.19735 -0.263447 -0.254575 -0.269382 -0.315502 
4.387 -0.267251 0.043405 -0.269618 -0.0147429 -0.272781 -0.0680654 -0.276576 -0.121177 -0.281431 -0.177719 -0.286895 -0.234303 -0.293026 -0.294411 
1.667 0.153239 0.00984797 0.152773 -0.048756 0.15309 -0.102944 0.154018 -0.157193 0.155509 -0.215422 0.1574 -0.274008 0.160554 -0.336728 
4.316 -0.0433091 -0.0134365 -0.0451266 -0.0717426 -0.0468378 -0.125936 -0.0485964 -0.180154 -0.0506111 -0.23879 -0.0525978 -0.297586 -0.0544084 -0.36032 
3.939 -0.100151 0.300219 -0.100533 0.238646 -0.101148 0.184032 -0.101949 0.131661 -0.103078 0.0777952 -0.104423 0.0254566 -0.105717 -0.0285212 
3.771 -0.226846 0.44335 -0.223897 0.376754 -0.221905 0.318722 -0.220549 0.263368 -0.219662 0.207028 -0.219513 0.153265 -0.21951 0.098703 
4.25 -0.243282 0.1475 -0.243727 0.0889265 -0.245227 0.0362794 -0.247301 -0.0155605 -0.250169 -0.0701215 -0.253937 -0.124043 -0.258003 -0.180928 
4.102 -0.128914 0.205027 -0.129432 0.145886 -0.130451 0.0930323 -0.13167 0.0415251 -0.133467 -0.0122834 -0.135519 -0.0652427 -0.137787 -0.120744 
1.496 0.0477743 0.103671 0.0461154 0.0457695 0.0449837 -0.00694481 0.0440485 -0.0590666 0.0433499 -0.114455 0.0430279 -0.169851 0.0432002 -0.228639 
3.895 0.0642104 -0.0552116 0.063397 -0.114308 0.0630449 -0.169411 0.0630017 -0.225097 0.0630871 -0.28491 0.063523 -0.345404 0.0646638 -0.410666 
4.297 -0.158362 0.0844953 -0.159886 0.0263727 -0.161962 -0.026024 -0.164343 -0.0786131 -0.167451 -0.134061 -0.170956 -0.189406 -0.174597 -0.248618 
0.869 0.342254 0.252965 0.338223 0.192786 0.335956 0.139075 0.334711 0.0867281 0.334461 0.0321768 0.335458 -0.0212872 0.338004 -0.0770819 
1.477 0.0306533 0.116683 0.0290271 0.0586793 0.0276913 0.00612989 0.0266556 -0.0459134 0.0256537 -0.100905 0.0249519 -0.155824 0.0248696 -0.214294 
4.426 -0.266566 0.0255992 -0.269232 -0.0326389 -0.272766 -0.086235 -0.276828 -0.139671 -0.281906 -0.196651 -0.28765 -0.253827 -0.294158 -0.314651 
4.07 -0.0933023 0.217354 -0.0941513 0.157816 -0.0952365 0.104776 -0.0964651 0.0532189 -0.0980802 -0.000501844 -0.0998283 -0.0531994 -0.101576 -0.108242 
1.679 0.0929736 0.0317628 0.0918569 -0.026431 0.091479 -0.0800612 0.0913101 -0.13363 0.0917224 -0.19107 0.0923536 -0.248802 0.0936332 -0.310365 
3.957 -0.12275 0.298849 -0.12279 0.237292 -0.123177 0.182879 -0.123835 0.130475 -0.124945 0.076445 -0.126294 0.0240864 -0.127678 -0.0299414 
4.355 -0.248076 0.0735379 -0.249789 0.01545 -0.252476 -0.0374672 -0.255637 -0.0900457 -0.259805 -0.14586 -0.264478 -0.201617 -0.269643 -0.260692 
3.91 -0.0467333 0.292686 -0.0479928 0.231119 -0.0491537 0.176861 -0.0504182 0.124561 -0.0517106 0.0707132 -0.0530071 0.0184422 -0.0541574 -0.0356225 
4.238 -0.0960416 0.10641 -0.0975772 0.0485417 -0.0991399 -0.00396921 -0.100929 -0.055751 -0.10315 -0.110601 -0.105486 -0.165354 -0.107886 -0.223288 
4.383 -0.139186 0.0105328 -0.141505 -0.0475438 -0.144041 -0.101194 -0.147045 -0.154842 -0.150565 -0.212362 -0.154364 -0.270162 -0.158295 -0.331794 
1.345 0.251856 0.243378 0.248048 0.183301 0.245786 0.129629 0.2442 0.0774501 0.243501 0.0230609 0.243939 -0.0301889 0.243871 -0.0559957 
4.258 -0.043994 0.0584714 -0.0456397 0.000822521 -0.0471681 -0.0520416 -0.0488271 -0.104516 -0.0505688 -0.160486 -0.0524007 -0.216817 -0.0539472 -0.276297 
4.336 -0.170004 0.0481989 -0.171984 -0.00969649 -0.174448 -0.0627907 -0.177297 -0.115642 -0.180868 -0.17206 -0.184749 -0.228653 -0.188765 -0.288661 
3.885 -0.31382 0.387878 -0.310089 0.323568 -0.307825 0.267172 -0.30638 0.21309 -0.305758 0.157813 -0.305894 0.104634 -0.306555 0.0502388 
1.613 0.156663 0.0420353 0.155832 -0.0163092 0.15579 -0.0698631 0.156373 -0.123308 0.157631 -0.180315 0.159345 -0.237652 0.161966 -0.298668 
4.305 -0.184386 0.0892891 -0.185884 0.0313864 -0.187962 -0.0212462 -0.190458 -0.0736902 -0.193715 -0.129035 -0.197465 -0.184319 -0.201474 -0.243219 
4.043 -0.176852 0.259814 -0.176587 0.199237 -0.176912 0.14555 -0.17769 0.0935547 -0.179033 0.0397187 -0.180887 -0.0127661 -0.182917 -0.0673489 
4.375 -0.121381 0.00916313 -0.123585 -0.0489732 -0.12591 -0.102599 -0.128606 -0.156266 -0.131814 -0.213839 -0.135241 -0.271708 -0.138697 -0.333385 
4.18 -0.0686481 0.135858 -0.0700249 0.0778259 -0.0715163 0.0254045 -0.0730282 -0.0262239 -0.0748668 -0.0807019 -0.0768006 -0.134844 -0.0786747 -0.19208 
4.012 -0.199452 0.286522 -0.19862 0.225192 -0.198506 0.171021 -0.198849 0.118614 -0.199911 0.0647976 -0.201465 0.0123536 -0.203326 -0.0420065 
1.636 0.0477743 0.0529927 0.0463489 -0.00487968 0.0454208 -0.0581339 0.0447748 -0.111067 0.0442918 -0.167651 0.0441173 -0.224684 0.0443568 -0.284981 
4.355 -0.161101 0.0365566 -0.163169 -0.021306 -0.165737 -0.0746369 -0.168726 -0.127716 -0.172306 -0.184417 -0.176308 -0.241379 -0.180404 -0.301813 
1.528 0.10941 0.0701137 0.108103 0.0119657 0.107571 -0.0411769 0.107463 -0.09386 0.107837 -0.150116 0.108747 -0.206533 0.110334 -0.266365 
4.242 -0.131653 0.119422 -0.132906 0.0614698 -0.134614 0.00885356 -0.136553 -0.0427655 -0.139023 -0.0974258 -0.14187 -0.151943 -0.144806 -0.20942 
4.266 -0.109054 0.0927133 -0.110581 0.0348131 -0.112376 -0.0177422 -0.114364 -0.0699873 -0.116891 -0.125336 -0.119674 -0.180695 -0.122458 -0.239317 
3.984 -0.0426243 0.263238 -0.0439723 0.202529 -0.0451847 0.14871 -0.0464502 0.0968422 -0.0478453 0.0430992 -0.0492122 -0.00919963 -0.0504187 -0.0636727 
4.164 -0.12549 0.163936 -0.126419 0.105414 -0.12777 0.0529193 -0.129268 0.00133711 -0.131407 -0.052725 -0.133783 -0.106279 -0.136254 -0.16262 
4.207 -0.370662 0.1927 -0.369959 0.133527 -0.370687 0.080432 -0.372243 0.0284144 -0.374929 -0.0259462 -0.378658 -0.07948 -0.383153 -0.135435 
1.428 0.0292837 0.148185 0.0274902 0.0899404 0.0260866 0.0374336 0.0249511 -0.0142741 0.0239284 -0.0688813 0.0231041 -0.123083 0.0228923 -0.180359 
3.99 -0.0837146 0.264608 -0.0844003 0.203672 -0.0852761 0.150168 -0.086287 0.0981718 -0.0876288 0.0445859 -0.0890822 -0.00783024 -0.090511 -0.0622692 
4.215 -0.0282427 0.0721682 -0.0299693 0.0143531 -0.0315059 -0.0383722 -0.0328819 -0.090629 -0.0347001 -0.146515 -0.0362159 -0.202419 -0.0372195 -0.261632 
4.016 -0.0426243 0.241323 -0.0439865 0.181205 -0.0452571 0.127912 -0.0466019 0.0761325 -0.047956 0.0225628 -0.0493359 -0.0299076 -0.0505771 -0.084582 
4.273 -0.12412 0.094083 -0.125622 0.0363248 -0.12739 -0.0162745 -0.129519 -0.0684172 -0.132163 -0.123598 -0.135112 -0.178886 -0.13808 -0.237431 
4.395 -0.252869 0.0399808 -0.25523 -0.0181773 -0.258408 -0.0715658 -0.262152 -0.124742 -0.266771 -0.181436 -0.272119 -0.238233 -0.277892 -0.298487 
4.008 -0.119326 0.268717 -0.11952 0.207819 -0.120156 0.154103 -0.120974 0.102058 -0.122246 0.0483567 -0.123793 -0.00399166 -0.125349 -0.0584005 
4.191 -0.126174 0.15024 -0.127119 0.0919632 -0.128557 0.0394905 -0.130193 -0.0120975 -0.132393 -0.0663817 -0.13498 -0.12016 -0.137589 -0.176866 
4.312 -0.0426243 0.00368443 -0.0444312 -0.0545926 -0.046059 -0.1082 -0.0478077 -0.161793 -0.0497407 -0.21948 -0.0516661 -0.277929 -0.0533962 -0.339984 
1.53 0.147761 0.0673743 0.146541 0.00920618 0.146239 -0.0439811 0.146391 -0.0970579 0.147367 -0.153355 0.148748 -0.209913 0.151009 -0.270177 
4.359 -0.27136 0.0742227 -0.273077 0.016119 -0.275863 -0.03687 -0.27911 -0.0895004 -0.283515 -0.145319 -0.288539 -0.201066 -0.294098 -0.260051 
4.359 -0.103575 0.00916313 -0.10575 -0.048832 -0.107836 -0.102474 -0.110277 -0.156116 -0.113142 -0.213641 -0.116158 -0.27149 -0.119077 -0.333163 
4.008 -0.0672785 0.250226 -0.0682976 0.189904 -0.0694015 0.13638 -0.0705826 0.0845942 -0.0720136 0.0308887 -0.0735245 -0.0214908 -0.0749059 -0.0760184 
1.409 0.157348 0.123531 0.155438 0.065191 0.154593 0.0122953 0.154228 -0.0397695 0.154613 -0.0949259 0.155524 -0.149867 0.157497 -0.207797 
3.475 -0.0172853 0.289947 -0.0189836 0.228569 -0.0204974 0.174441 -0.0218703 0.122173 -0.0233563 0.068404 -0.024656 0.0160906 -0.0256495 -0.0380278 
4.141 -0.121381 0.178318 -0.122217 0.119569 -0.123477 0.0669939 -0.124891 0.0154703 -0.126822 -0.0384247 -0.129073 -0.0917767 -0.131429 -0.147795 
3.936 -0.0802904 0.296795 -0.0808668 0.235094 -0.0817096 0.180814 -0.0826166 0.128419 -0.0838633 0.0745384 -0.0852327 0.0222233 -0.0864422 -0.0317988 
4.156 -0.139186 0.176264 -0.139918 0.117524 -0.141148 0.064927 -0.142685 0.0134002 -0.144786 -0.0405371 -0.147206 -0.0939024 -0.149727 -0.149939 
1.494 0.199123 -0.0291878 0.199461 -0.0886516 0.201 -0.143869 0.203102 -0.19927 0.20595 -0.259018 0.209655 -0.319447 0.214342 -0.383825 
4.066 -0.108369 0.221463 -0.109062 0.161797 -0.110048 0.10883 -0.11128 0.0572412 -0.112867 0.00355138 -0.114656 -0.0491692 -0.116446 -0.104214 
4.152 -0.0782359 0.161197 -0.0792292 0.102794 -0.0806014 0.0503185 -0.0823758 -0.00121745 -0.0839997 -0.055209 -0.0859657 -0.108808 -0.0877962 -0.165255 
4.191 -0.139186 0.155034 -0.140107 0.0966414 -0.141577 0.0441624 -0.143157 -0.00739436 -0.145519 -0.0615961 -0.148065 -0.115285 -0.150778 -0.171932 
4.258 -0.185071 0.123531 -0.186124 0.065136 -0.187873 0.0127351 -0.190012 -0.0396915 -0.192914 -0.0942622 -0.196278 -0.14887 -0.199913 -0.206303 
1.366 0.197069 0.135173 0.194923 0.0766389 0.193996 0.0236081 0.193748 -0.028586 0.194214 -0.0837314 0.195524 -0.138528 0.197946 -0.196427 
4.027 0.00120531 0.060526 -0.000617631 0.00279231 -0.0017995 -0.0500426 -0.00316914 -0.102415 -0.00447862 -0.158367 -0.00569468 -0.214428 -0.00660503 -0.273865 
1.674 0.123106 0.0228599 0.122348 -0.0355212 0.122447 -0.0893701 0.122895 -0.143292 0.12395 -0.201121 0.125449 -0.259162 0.127782 -0.321236 
3.92 -0.33642 0.376921 -0.332523 0.313091 -0.330119 0.257034 -0.328481 0.203279 -0.327775 0.148085 -0.328007 0.0950083 -0.328673 0.0405815 
1.549 0.123106 -0.0175455 0.122735 -0.0766133 0.123205 -0.131287 0.123958 -0.18645 0.125279 -0.245683 0.126953 -0.305644 0.129617 -0.37036 
4.023 -0.188495 0.275565 -0.187805 0.214616 -0.187885 0.160772 -0.188358 0.10858 -0.189521 0.0545139 -0.19124 0.00208569 -0.193112 -0.0525049 
3.906 -0.270675 0.369388 -0.267885 0.30565 -0.266262 0.249703 -0.26528 0.195979 -0.265002 0.141 -0.265377 0.0880824 -0.266377 0.0337869 
3.926 0.0101082 0.0283386 0.00865012 -0.0296721 0.00747013 -0.0831203 0.00637529 -0.136474 0.00538277 -0.193755 0.00450498 -0.251298 0.00405134 -0.31263 
4.23 -0.173428 0.137913 -0.174401 0.079661 -0.175867 0.0271461 -0.17782 -0.0245891 -0.18044 -0.0791507 -0.183554 -0.133218 -0.186777 -0.190434 
1.411 0.0217504 0.161882 0.0199275 0.103552 0.0185827 0.0508884 0.017249 -0.00051777 0.0161281 -0.0548466 0.0151993 -0.1086 0.0146762 -0.165248 
4.188 -0.253554 0.178318 -0.253563 0.119463 -0.25463 0.066716 -0.256252 0.0149314 -0.258779 -0.0393069 -0.262121 -0.0928008 -0.265811 -0.148928 
4.039 -0.0905629 0.234475 -0.0914023 0.174561 -0.092403 0.121523 -0.0936258 0.0698093 -0.0950849 0.0163097 -0.0967365 -0.0360586 -0.0982892 -0.0906131 
1.455 0.145021 0.101616 0.143476 0.0433302 0.142792 -0.00969729 0.142634 -0.061896 0.143123 -0.117557 0.144221 -0.173048 0.146115 -0.231592 
1.362 0.0375017 0.192015 0.0354676 0.133247 0.0339099 0.0806306 0.0327271 0.0289928 0.0316278 -0.0248915 0.0308485 -0.0782497 0.0307356 -0.134801 
3.656 -0.0371456 0.448829 -0.0383689 0.381945 -0.0394188 0.323588 -0.0405404 0.267956 -0.0417353 0.211465 -0.0428733 0.157826 -0.0437178 0.103256 
4.195 -0.295329 0.180373 -0.295242 0.121367 -0.296329 0.0684211 -0.297982 0.0166418 -0.300804 -0.0376192 -0.304343 -0.0911253 -0.308478 -0.147128 
3.965 -0.0843994 0.283098 -0.0850055 0.221578 -0.0858541 0.167625 -0.0867811 0.115306 -0.0880847 0.0614987 -0.0895153 0.00933572 -0.0908449 -0.0448401 
1.352 0.14913 0.247487 0.145925 0.187413 0.143638 0.133875 0.141946 0.0819543 0.140801 0.027889 0.140271 -0.0249043 0.141244 -0.0801762 
4.246 -0.111108 0.107095 -0.112615 0.0492023 -0.114254 -0.00332563 -0.116228 -0.055213 -0.118583 -0.110145 -0.121165 -0.164977 -0.123846 -0.22306 
3.895 -0.328886 0.389933 -0.324947 0.32556 -0.322495 0.269146 -0.320883 0.215081 -0.320129 0.159711 -0.320298 0.106575 -0.32095 0.0521059 
4.09 -0.0166005 0.0269689 -0.0182729 -0.0308803 -0.0198502 -0.0844063 -0.0211349 -0.137618 -0.0227576 -0.194971 -0.0241634 -0.252253 -0.025226 -0.313554 
1.336 0.14913 0.220778 0.146207 0.161163 0.144356 0.107972 0.142954 0.0561435 0.142077 0.00195958 0.142144 -0.0511335 0.143005 -0.106913 
4.051 -0.0213943 -0.0148062 -0.0230779 -0.073232 -0.024824 -0.127403 -0.0263872 -0.181661 -0.0283001 -0.240078 -0.0298557 -0.298902 -0.0310536 -0.361708 
