1.729 0.0943432 0.00642378 0.093417 -0.0519865 0.0932279 -0.106057 0.0932808 -0.160219 0.0937501 -0.21835 0.0946098 -0.276966 0.0961288 -0.339576 
1.14 0.249117 0.453623 0.242364 0.387198 0.23732 0.329178 0.2331 0.273898 0.229485 0.217462 0.226844 0.163536 0.225305 0.108717 
1.214 0.238844 0.439926 0.232386 0.373904 0.227604 0.316261 0.223581 0.261161 0.220125 0.204976 0.21766 0.151185 0.216164 0.0964132 
3.23 0.0984523 0.438556 0.0945629 0.372376 0.0915206 0.314704 0.0888081 0.25959 0.0862874 0.203448 0.0842824 0.150023 0.0829564 0.095646 
1.07 0.255965 0.431708 0.249459 0.366219 0.244696 0.30897 0.240677 0.254151 0.237306 0.198292 0.234949 0.144493 0.233655 0.089862 
4.207 -0.355595 0.194069 -0.35492 0.134861 -0.355638 0.0817781 -0.35714 0.0298069 -0.359812 -0.0245481 -0.363424 -0.0780076 -0.367744 -0.133863 
4.238 -0.348062 0.174209 -0.347859 0.115308 -0.348959 0.0623112 -0.350767 0.0102896 -0.35382 -0.0441452 -0.357799 -0.0978807 -0.36243 -0.154115 
4.16 -0.387098 0.226942 -0.385593 0.16724 -0.385611 0.113844 -0.386519 0.0617785 -0.388588 0.00750621 -0.391718 -0.0456613 -0.39556 -0.101052 
1.021 0.266922 0.370073 0.261162 0.306763 0.257126 0.251056 0.253853 0.197471 0.251322 0.142437 0.249764 0.0893551 0.249461 0.0347453 
4.191 -0.363813 0.205027 -0.362922 0.145684 -0.363477 0.09247 -0.364796 0.040471 -0.367317 -0.0138296 -0.370827 -0.0671293 -0.375048 -0.122805 
4.207 -0.384358 0.193384 -0.383599 0.134202 -0.384313 0.0811197 -0.385848 0.0290984 -0.388628 -0.025335 -0.392424 -0.0788422 -0.396987 -0.134803 
4.133 -0.353541 0.242693 -0.351936 0.18272 -0.351784 0.129159 -0.352376 0.0770473 -0.354104 0.0228028 -0.356798 -0.030156 -0.360147 -0.085325 
1.096 0.258704 0.46458 0.251627 0.397786 0.246412 0.339433 0.242001 0.283935 0.238217 0.227236 0.23544 0.17329 0.233719 0.118347 
4.121 -0.380934 0.249541 -0.37898 0.189389 -0.378602 0.135708 -0.379061 0.0835401 -0.380658 0.0292581 -0.383372 -0.0236851 -0.386735 -0.0787723 
4.188 -0.415861 0.207766 -0.41468 0.148373 -0.415072 0.0950958 -0.416377 0.0430394 -0.419014 -0.011322 -0.422834 -0.0646558 -0.427365 -0.120355 
4.176 -0.353541 0.214614 -0.35253 0.155097 -0.352875 0.101823 -0.354034 0.0498212 -0.356329 -0.00442206 -0.359554 -0.0576353 -0.36348 -0.113136 
4.008 -0.0919326 0.250911 -0.0926033 0.190539 -0.0936009 0.136977 -0.0946761 0.0851355 -0.0961333 0.0314498 -0.0977311 -0.020944 -0.099243 -0.0754689 
4.211 -0.412437 0.1927 -0.411582 0.133514 -0.412297 0.080375 -0.413918 0.0283207 -0.416875 -0.0261023 -0.420944 -0.0796291 -0.425827 -0.135602 
4.152 -0.404903 0.228311 -0.403247 0.168572 -0.403204 0.115141 -0.404048 0.0630369 -0.406104 0.0087298 -0.409341 -0.0444415 -0.413279 -0.0998178 
0.736 0.471004 0.415272 0.462895 0.351354 0.457209 0.295003 0.452714 0.240808 0.449353 0.185077 0.447598 0.131412 0.447517 0.0765026 
4.164 -0.437091 0.227626 -0.435308 0.167891 -0.435203 0.114418 -0.436079 0.0623031 -0.43827 0.00797177 -0.441661 -0.0452287 -0.445871 -0.100678 
4.141 -0.369292 0.237899 -0.367746 0.177944 -0.367661 0.124406 -0.368355 0.0723066 -0.370274 0.0180401 -0.373164 -0.0349559 -0.376713 -0.0901151 
4.199 -0.448048 0.207081 -0.446751 0.147662 -0.447084 0.0943622 -0.44841 0.0422521 -0.451183 -0.0121649 -0.455181 -0.0655677 -0.460021 -0.121252 
4.137 -0.221367 0.21256 -0.221122 0.15309 -0.221757 0.0999481 -0.222942 0.0481967 -0.22488 -0.00572649 -0.227454 -0.0587572 -0.230433 -0.114093 
4.164 -0.367237 0.222148 -0.365996 0.162507 -0.366193 0.109149 -0.367204 0.0571148 -0.369405 0.00286027 -0.372546 -0.0502687 -0.376425 -0.1057 
0.735 0.474428 0.385139 0.467 0.322032 0.461936 0.2663 0.458091 0.212521 0.455465 0.157258 0.454399 0.103785 0.455068 0.0488418 
4.184 -0.385728 0.209821 -0.384625 0.150431 -0.385004 0.0971786 -0.386206 0.0451457 -0.388643 -0.0091475 -0.39213 -0.0625049 -0.396323 -0.118151 
4.105 -0.390522 0.262553 -0.388227 0.20213 -0.387567 0.148341 -0.387711 0.0960191 -0.389051 0.041752 -0.391503 -0.0111882 -0.394614 -0.0661439 
4.219 -0.08166 0.113258 -0.0830854 0.0554263 -0.0846722 0.00293175 -0.0863823 -0.0488686 -0.0884721 -0.103691 -0.0907244 -0.15841 -0.0928866 -0.216293 
0.894 0.327873 0.225572 0.324312 0.165806 0.322688 0.112242 0.321816 0.0598925 0.322072 0.00518142 0.323532 -0.0486682 0.326513 -0.104816 
4.133 -0.42134 0.244062 -0.419221 0.184024 -0.418816 0.130382 -0.419295 0.0781877 -0.42111 0.0238955 -0.424069 -0.0291392 -0.427776 -0.0843532 
4.148 -0.35491 0.228996 -0.353587 0.169257 -0.353683 0.115838 -0.354509 0.0638294 -0.356544 0.00959629 -0.359483 -0.0434798 -0.363131 -0.0987896 
4.102 -0.372716 0.261183 -0.370607 0.200774 -0.370071 0.147032 -0.370286 0.0947479 -0.37165 0.0404954 -0.374081 -0.0124037 -0.377099 -0.0673368 
4.129 -0.406273 0.245432 -0.404249 0.185409 -0.403831 0.131788 -0.404333 0.0795827 -0.406028 0.0252856 -0.408879 -0.027726 -0.412466 -0.0829272 
4.16 -0.41997 0.226942 -0.418285 0.167216 -0.418247 0.113792 -0.419118 0.0616855 -0.421286 0.00734374 -0.424628 -0.0458088 -0.428736 -0.101255 
4.188 -0.432982 0.208451 -0.431682 0.149031 -0.432014 0.0957425 -0.433334 0.0436545 -0.436008 -0.0107503 -0.439881 -0.0640937 -0.444579 -0.119775 
4.227 -0.426133 0.186536 -0.425406 0.127419 -0.426301 0.0742833 -0.428076 0.0221948 -0.431292 -0.0322629 -0.435622 -0.0858612 -0.440812 -0.141886 
4.035 -0.200822 0.269401 -0.200191 0.208637 -0.200263 0.154753 -0.200764 0.102613 -0.20199 0.0486904 -0.203804 -0.00375591 -0.205861 -0.0583012 
4.184 -0.400794 0.209136 -0.399631 0.149717 -0.399998 0.0964527 -0.401242 0.0444288 -0.403804 -0.0099294 -0.407413 -0.0632665 -0.411811 -0.118953 
4.34 -0.213149 0.0769621 -0.214733 0.0189615 -0.217127 -0.0338783 -0.219929 -0.086403 -0.223687 -0.142121 -0.227883 -0.197869 -0.23247 -0.256807 
4.047 -0.149459 0.250911 -0.149525 0.190489 -0.150069 0.13693 -0.15102 0.0850464 -0.152457 0.0313243 -0.154299 -0.0211503 -0.156264 -0.0757124 
1.125 0.250486 0.411163 0.244246 0.346244 0.239846 0.289638 0.236077 0.235142 0.232996 0.179576 0.230894 0.126141 0.229733 0.0716091 
4.109 -0.423394 0.261868 -0.420877 0.201433 -0.420078 0.147619 -0.420242 0.0952905 -0.421657 0.040968 -0.424265 -0.0119694 -0.427589 -0.0669785 
1.346 0.176524 0.143391 0.174315 0.0848495 0.173291 0.031973 0.172835 -0.0201144 0.173097 -0.0750748 0.174178 -0.129705 0.176223 -0.187331 
4.125 -0.192604 0.211875 -0.192597 0.152441 -0.193307 0.0993836 -0.194429 0.0476847 -0.196332 -0.00615961 -0.19874 -0.0591548 -0.201464 -0.114481 
4.141 -0.435036 0.241323 -0.432929 0.181282 -0.43257 0.127661 -0.433168 0.0754509 -0.435127 0.0211284 -0.438214 -0.0319361 -0.442154 -0.0871166 
0.73 0.516888 0.37966 0.509223 0.316972 0.504152 0.261373 0.500262 0.207679 0.497736 0.1524 0.496935 0.0988772 0.497934 0.0438086 
4.195 -0.0912478 0.135173 -0.0925409 0.0771239 -0.0940081 0.0246724 -0.0956376 -0.0269945 -0.097618 -0.0814787 -0.0997579 -0.135656 -0.101897 -0.192902 
1.495 0.0847555 0.370757 0.08137 0.307036 0.0787495 0.251217 0.0764135 0.19757 0.074318 0.142738 0.0727102 0.0901565 0.0717388 0.0360073 
4.098 -0.0864539 0.196809 -0.0875455 0.137813 -0.0886987 0.0850983 -0.0900458 0.0336278 -0.0916851 -0.020172 -0.0934932 -0.0731777 -0.0952367 -0.128768 
4.078 -0.14535 0.224202 -0.145692 0.16448 -0.146492 0.111393 -0.147621 0.0597683 -0.149243 0.00598652 -0.151228 -0.046679 -0.153343 -0.101725 
4.051 -0.162471 0.255705 -0.162312 0.195189 -0.162784 0.141547 -0.163641 0.0896087 -0.165071 0.0358211 -0.166813 -0.0166737 -0.168952 -0.0711982 
4.109 -0.350801 0.25639 -0.348989 0.196047 -0.348587 0.142316 -0.348994 0.0901091 -0.350476 0.0358642 -0.352932 -0.0169861 -0.356012 -0.0719264 
4.238 -0.190549 0.138597 -0.191415 0.080296 -0.192939 0.0277188 -0.194909 -0.0240178 -0.197627 -0.0785743 -0.200911 -0.13276 -0.204421 -0.189822 
1.579 0.132009 0.366648 0.12799 0.303222 0.12497 0.24747 0.122336 0.193839 0.120037 0.138967 0.118493 0.0862068 0.117622 0.0320131 
4.117 -0.444624 0.25502 -0.44208 0.19473 -0.4414 0.140949 -0.44166 0.0886158 -0.443269 0.0342977 -0.446075 -0.0187026 -0.449735 -0.0737823 
1.031 0.264183 0.385139 0.258254 0.321346 0.254042 0.265256 0.250554 0.211497 0.247798 0.156214 0.246044 0.102961 0.245521 0.0484323 
4.164 -0.452157 0.226257 -0.450331 0.166531 -0.450243 0.113069 -0.451153 0.0609188 -0.453474 0.0065712 -0.456967 -0.0466436 -0.461331 -0.102081 
4.184 -0.191919 0.172154 -0.192391 0.113482 -0.193576 0.0607697 -0.195182 0.00913516 -0.197579 -0.0450633 -0.200486 -0.0985759 -0.203639 -0.154818 
4.105 -0.407643 0.259129 -0.405328 0.19873 -0.404681 0.144937 -0.404957 0.0926467 -0.406442 0.0383246 -0.409058 -0.0145783 -0.41239 -0.0695747 
4.145 -0.452157 0.242008 -0.44989 0.181967 -0.449475 0.128298 -0.450003 0.0760739 -0.451975 0.0217494 -0.455142 -0.0313545 -0.459147 -0.0865706 
3.416 0.023805 0.282413 0.0215426 0.22111 0.019916 0.167044 0.0183198 0.114839 0.0168399 0.0609817 0.0156922 0.00867337 0.0149693 -0.0455334 
0.913 0.308697 0.296795 0.303982 0.235678 0.301043 0.181444 0.298958 0.12868 0.297842 0.0741583 0.29787 0.02094 0.299249 -0.0341497 
4.082 -0.369977 0.27488 -0.367662 0.21413 -0.366883 0.160122 -0.366929 0.107707 -0.368128 0.0534651 -0.370398 0.000590661 -0.373232 -0.0541989 
0.869 0.330612 0.309122 0.325569 0.247778 0.322483 0.193406 0.320209 0.140579 0.318979 0.0858868 0.318971 0.0326625 0.320359 -0.0224672 
0.73 0.503876 0.397466 0.495888 0.333981 0.490428 0.278076 0.486132 0.224139 0.483141 0.168602 0.481903 0.115046 0.482437 0.0601284 
3.98 -0.195343 0.303643 -0.194382 0.241964 -0.194173 0.187499 -0.194341 0.134916 -0.195187 0.0808763 -0.196554 0.0284193 -0.198162 -0.0257417 
4.012 -0.220682 0.292001 -0.219511 0.230674 -0.219264 0.176434 -0.219438 0.123981 -0.220366 0.0699427 -0.221901 0.0174491 -0.223779 -0.0369123 
4.102 -0.459006 0.263923 -0.456132 0.203435 -0.455197 0.149561 -0.455181 0.0971924 -0.456578 0.0428409 -0.459202 -0.0101601 -0.462653 -0.0651519 
4.02 0.00873853 0.043405 0.00724479 -0.0145103 0.00605636 -0.0677829 0.00493363 -0.120984 0.0038545 -0.177917 0.00300715 -0.235268 0.0024985 -0.29635 
0.739 0.460047 0.398151 0.452415 0.334667 0.44728 0.278717 0.443253 0.224763 0.440433 0.169319 0.439161 0.115771 0.439553 0.0608929 
4.078 -0.352171 0.274195 -0.349996 0.213422 -0.349322 0.159401 -0.349416 0.107038 -0.350584 0.0527565 -0.352726 -6.46249e-05 -0.355492 -0.054842 
4.066 -0.200137 0.252965 -0.199626 0.192776 -0.199852 0.139185 -0.200584 0.087114 -0.201991 0.0333177 -0.203925 -0.0193133 -0.206217 -0.0739914 
4.082 -0.221367 0.252281 -0.22061 0.192027 -0.220771 0.138461 -0.221447 0.0864399 -0.222851 0.0326217 -0.2249 -0.0200223 -0.227301 -0.0747655 
0.732 0.486755 0.400205 0.478888 0.336664 0.473496 0.280724 0.469275 0.22679 0.466358 0.171422 0.465058 0.117847 0.46543 0.0629335 
3.961 -0.226161 0.322134 -0.224609 0.259917 -0.223982 0.204972 -0.223799 0.152024 -0.224351 0.0976387 -0.22552 0.0450041 -0.227008 -0.00922011 
1.025 0.267607 0.352952 0.262092 0.290249 0.258276 0.234929 0.255209 0.1816 0.252887 0.126745 0.251598 0.0737269 0.251596 0.0191067 
4.23 -0.215888 0.153664 -0.216458 0.0951811 -0.217869 0.0425197 -0.219735 -0.00925597 -0.222453 -0.0637603 -0.225806 -0.117523 -0.229503 -0.17413 
2.32 0.0683194 0.00710862 0.0671755 -0.0512415 0.066515 -0.105139 0.0662418 -0.159125 0.0661585 -0.217207 0.0664231 -0.275736 0.0673452 -0.338184 
1.051 0.258019 0.397466 0.252023 0.333231 0.247645 0.276929 0.244083 0.222737 0.241142 0.167528 0.239259 0.114175 0.238382 0.0598011 
4.195 -0.238488 0.176264 -0.238483 0.117399 -0.239663 0.0646032 -0.241305 0.0128646 -0.243752 -0.0413261 -0.247037 -0.0948585 -0.250655 -0.150994 
4.082 -0.46106 0.281729 -0.457792 0.220874 -0.456482 0.166815 -0.45619 0.11427 -0.457244 0.0599103 -0.459534 0.00690856 -0.462655 -0.0479287 
4.09 -0.439145 0.276935 -0.436148 0.216132 -0.434982 0.16208 -0.434842 0.109602 -0.435995 0.0552267 -0.438336 0.00227684 -0.441482 -0.0526212 
1.521 0.0251746 0.367333 0.022734 0.303267 0.0207651 0.247081 0.0189524 0.193236 0.0172448 0.138363 0.0157955 0.0857358 0.0148707 0.0317178 
4.082 -0.403534 0.27488 -0.400894 0.214094 -0.399956 0.160105 -0.399923 0.107671 -0.401128 0.0533264 -0.403403 0.000433203 -0.40645 -0.0543988 
0.821 0.366909 0.251596 0.363112 0.191522 0.361259 0.13773 0.360151 0.0852362 0.360358 0.0305639 0.361843 -0.023122 0.365129 -0.0789211 
4.195 -0.113163 0.137228 -0.114362 0.0791556 -0.115784 0.0266769 -0.117502 -0.024956 -0.119635 -0.079478 -0.122085 -0.133595 -0.124531 -0.190813 
4.035 0.00873853 0.0125873 0.00727313 -0.0456319 0.00608683 -0.0994029 0.00509958 -0.153113 0.00412202 -0.211054 0.00314835 -0.269365 0.00269374 -0.331589 
4.199 -0.316559 0.196809 -0.316202 0.137639 -0.31695 0.0845015 -0.318354 0.0325304 -0.320974 -0.0217082 -0.324399 -0.0751209 -0.32836 -0.130915 
1.345 0.190905 0.1475 0.188658 0.0888904 0.187618 0.0359923 0.187192 -0.0161194 0.187542 -0.0710772 0.188654 -0.125628 0.190915 -0.183144 
4.09 -0.199452 0.23379 -0.199218 0.173849 -0.199623 0.120485 -0.200598 0.0686781 -0.202212 0.0148535 -0.204466 -0.0378049 -0.206956 -0.0927211 
3.893 -0.221367 0.356376 -0.219529 0.293092 -0.218627 0.237413 -0.218171 0.183915 -0.218369 0.129121 -0.219191 0.0763934 -0.220345 0.0222209 
3.932 -0.235749 0.341309 -0.233917 0.278547 -0.232941 0.22333 -0.232536 0.17013 -0.232814 0.115555 -0.233708 0.0629289 -0.234972 0.00882506 
1.664 0.0676346 0.0420353 0.0663761 -0.0160094 0.0656433 -0.069372 0.0652542 -0.122763 0.0651472 -0.179864 0.0653318 -0.237342 0.0660935 -0.298612 
4.262 -0.0460485 -0.0613752 -0.0479839 -0.120611 -0.04979 -0.175831 -0.0516707 -0.231638 -0.0537582 -0.291663 -0.0558938 -0.352639 -0.0578057 -0.418018 
4.09 -0.425449 0.27625 -0.422621 0.215461 -0.421579 0.161422 -0.421476 0.108954 -0.42265 0.0546069 -0.425028 0.00166925 -0.428086 -0.0531859 
4.09 -0.164525 0.225572 -0.1646 0.165921 -0.165322 0.112828 -0.166395 0.0611684 -0.167991 0.00736351 -0.170136 -0.0453165 -0.172455 -0.100368 
4.219 -0.196713 0.152294 -0.197384 0.0938607 -0.198829 0.0411589 -0.200685 -0.0104322 -0.203309 -0.0649051 -0.20649 -0.118719 -0.20995 -0.175525 
3.98 0.0121627 -0.0305575 0.0107397 -0.089185 0.00965945 -0.143694 0.00874994 -0.198586 0.00777706 -0.257505 0.00693907 -0.317029 0.00661852 -0.38075 
4.086 -0.0994658 0.202287 -0.100423 0.143236 -0.101513 0.0904722 -0.10284 0.0389535 -0.104507 -0.0148291 -0.106394 -0.0677638 -0.10817 -0.12328 
4.234 -0.0460485 -0.0764416 -0.0479915 -0.135916 -0.049852 -0.191817 -0.0517488 -0.248054 -0.0539143 -0.308824 -0.0560461 -0.370308 -0.0580566 -0.436462 
4.223 -0.324093 0.179688 -0.32397 0.120716 -0.324981 0.0677693 -0.326723 0.0158238 -0.329657 -0.0385531 -0.333364 -0.0922061 -0.337693 -0.148348 
4.105 -0.220682 0.234475 -0.220155 0.174611 -0.220499 0.121228 -0.221415 0.0694339 -0.223033 0.0156006 -0.225335 -0.0372251 -0.227995 -0.0923355 
4.27 -0.173428 0.110519 -0.174723 0.0525566 -0.176548 -0.0001305 -0.178832 -0.0520327 -0.181776 -0.106977 -0.185208 -0.161811 -0.188831 -0.219652 
4.121 -0.161101 0.202287 -0.161322 0.143161 -0.162235 0.0903123 -0.163479 0.0387252 -0.16538 -0.0150942 -0.167661 -0.068188 -0.170188 -0.12374 
4.07 -0.151513 0.237214 -0.151659 0.177242 -0.152282 0.123918 -0.153272 0.0723131 -0.154771 0.0184772 -0.156729 -0.0340433 -0.158771 -0.0889097 
4.09 -0.180277 0.23242 -0.180155 0.172573 -0.180681 0.119357 -0.181673 0.0675514 -0.18326 0.0137874 -0.185405 -0.0389216 -0.187731 -0.0939218 
0.733 0.490864 0.383769 0.483196 0.320777 0.478155 0.265302 0.474187 0.211594 0.471604 0.156121 0.470674 0.102609 0.471454 0.047771 
4.215 -0.159732 0.144076 -0.160714 0.0859254 -0.162099 0.0334244 -0.163882 -0.0182432 -0.16622 -0.0727706 -0.169159 -0.126907 -0.172245 -0.183848 
1.54 0.180633 -0.0237091 0.180809 -0.0829088 0.181906 -0.137722 0.18357 -0.192762 0.185834 -0.251885 0.188975 -0.311747 0.193269 -0.375948 
4.082 -0.389837 0.278304 -0.387317 0.217503 -0.386435 0.163482 -0.386387 0.111042 -0.387514 0.0567385 -0.389713 0.00389781 -0.392626 -0.0509333 
3.959 -0.139186 0.303643 -0.138992 0.241759 -0.139243 0.187194 -0.139795 0.134659 -0.140823 0.0806597 -0.142185 0.0282735 -0.143622 -0.0257467 
4.266 -0.314505 0.154349 -0.314804 0.0956432 -0.316184 0.0428137 -0.318229 -0.00913638 -0.321515 -0.0638237 -0.325582 -0.117779 -0.330223 -0.174487 
4 -0.200822 0.290631 -0.19995 0.229237 -0.199808 0.174979 -0.20007 0.122537 -0.201062 0.0686432 -0.202567 0.0162356 -0.204393 -0.0380939 
1.461 0.0916039 -0.0682235 0.0912585 -0.128092 0.091592 -0.184116 0.0920834 -0.240559 0.092959 -0.301594 0.0941571 -0.363638 0.0962006 -0.430569 
1.61 0.0149021 0.064635 0.0133338 0.00676875 0.0121129 -0.0461805 0.0110366 -0.0987709 0.00997578 -0.154926 0.00911598 -0.211441 0.0086444 -0.271445 
1.435 0.119682 0.111204 0.11797 0.0529972 0.117137 0.000113105 0.116695 -0.0518977 0.116777 -0.107413 0.117427 -0.162688 0.118889 -0.221017 
1.809 0.234735 0.426229 0.228446 0.360588 0.223891 0.303309 0.220006 0.248499 0.216688 0.192433 0.214395 0.138936 0.213016 0.0841528 
4.398 -0.0843994 -0.015491 -0.0865365 -0.0738125 -0.0887976 -0.127856 -0.0911202 -0.1822 -0.0938748 -0.240557 -0.0966819 -0.299392 -0.0994079 -0.362235 
4.289 -0.172059 0.0954527 -0.173498 0.0375934 -0.175403 -0.015008 -0.177835 -0.0671798 -0.180862 -0.122618 -0.184409 -0.177663 -0.188156 -0.236158 
4.117 -0.113163 0.189275 -0.114041 0.130244 -0.115125 0.0775169 -0.116636 0.0260284 -0.118382 -0.0277521 -0.120563 -0.0808057 -0.122648 -0.136431 
4.148 -0.0118066 0.0680592 -0.013504 0.0103252 -0.0149253 -0.0424691 -0.0161885 -0.0947436 -0.0175904 -0.150613 -0.0188119 -0.206665 -0.0197721 -0.265959 
4.254 -0.0864539 0.0886043 -0.0880254 0.0309298 -0.0896913 -0.0217038 -0.0916089 -0.0738499 -0.0938408 -0.129315 -0.0962686 -0.18484 -0.0985887 -0.243639 
4.379 -0.048103 -0.0394603 -0.0500048 -0.0981955 -0.0517572 -0.152885 -0.0536034 -0.207983 -0.0556939 -0.267287 -0.0577595 -0.327136 -0.0596722 -0.391174 
3.902 -0.236433 0.356376 -0.234377 0.293083 -0.233317 0.237387 -0.232718 0.183885 -0.232859 0.129066 -0.233576 0.076285 -0.234646 0.0221089 
4.211 -0.139871 0.139282 -0.140899 0.0811263 -0.142462 0.0286644 -0.144107 -0.0230395 -0.146549 -0.0775451 -0.149194 -0.131688 -0.151914 -0.188872 
3.963 -0.174113 0.306383 -0.173408 0.244371 -0.17334 0.189796 -0.173675 0.137219 -0.174547 0.0831471 -0.175883 0.0306104 -0.177445 -0.0234441 
3.992 -0.2289 0.305698 -0.227495 0.244013 -0.226907 0.189475 -0.226877 0.13678 -0.227607 0.0826333 -0.228952 0.030074 -0.230631 -0.0241999 
1.042 0.298425 0.524161 0.289964 0.455089 0.283588 0.395194 0.277943 0.337925 0.273039 0.280093 0.269256 0.224929 0.26676 0.16944 
1.442 0.184742 0.104356 0.183006 0.0459888 0.18256 -0.00714917 0.182422 -0.0595382 0.183516 -0.115265 0.185 -0.170786 0.187398 -0.229416 
4.191 -0.171374 0.161882 -0.172158 0.10336 -0.1734 0.0507491 -0.175072 -0.000841421 -0.177443 -0.0549133 -0.18018 -0.108564 -0.183202 -0.164908 
4.262 -0.0398849 0.043405 -0.0415802 -0.014269 -0.0431602 -0.0674069 -0.04481 -0.120256 -0.0465613 -0.176886 -0.0484051 -0.233767 -0.0499586 -0.294188 
4.418 -0.0631694 -0.0469936 -0.0652598 -0.105781 -0.0673867 -0.160606 -0.0695717 -0.215891 -0.0720581 -0.275304 -0.0745935 -0.335344 -0.0770253 -0.399618 
3.76 -0.202191 0.441981 -0.199883 0.375409 -0.198413 0.317448 -0.197383 0.262061 -0.197015 0.205768 -0.196958 0.15207 -0.197094 0.0975301 
1.377 0.212135 0.134488 0.209998 0.0759745 0.209216 0.0227803 0.208926 -0.0293675 0.209622 -0.084586 0.211169 -0.139499 0.213611 -0.197288 
4.055 -0.122065 0.231051 -0.122572 0.171328 -0.123469 0.11818 -0.124596 0.0665554 -0.126103 0.0127661 -0.127874 -0.0399467 -0.129661 -0.0950675 
1.652 0.0464046 0.0461444 0.0449819 -0.011862 0.0440092 -0.0651459 0.0433747 -0.11842 0.0428669 -0.1754 0.042652 -0.232791 0.0429502 -0.293932 
3.744 -0.152883 0.433078 -0.151669 0.366736 -0.151278 0.308976 -0.150866 0.253702 -0.150973 0.197529 -0.151147 0.143973 -0.151574 0.0895937 
4.188 -0.0364608 0.0208054 -0.0381782 -0.0370289 -0.0397946 -0.0904951 -0.041424 -0.143782 -0.0432481 -0.201103 -0.0451048 -0.258673 -0.0466668 -0.319911 
3.701 -0.0857691 0.433078 -0.0859054 0.366614 -0.0867748 0.315676 -0.0872309 0.260143 -0.0878961 0.203831 -0.0886396 0.150229 -0.089319 0.0957984 
4.184 -0.0713875 0.131749 -0.0727269 0.0737474 -0.0742134 0.021331 -0.0757831 -0.030361 -0.0776638 -0.0848535 -0.0796184 -0.139013 -0.0815081 -0.196257 
3.713 -0.105629 0.433078 -0.105339 0.366616 -0.105197 0.30882 -0.105391 0.253448 -0.10583 0.197282 -0.106437 0.143749 -0.107003 0.0894668 
3.992 -0.174113 0.292001 -0.17351 0.23052 -0.173524 0.17623 -0.173926 0.123911 -0.174912 0.0699411 -0.176366 0.0176489 -0.177999 -0.0365431 
4.285 -0.14672 0.0933982 -0.148215 0.0353904 -0.150075 -0.0170303 -0.152347 -0.0693084 -0.155162 -0.124567 -0.158351 -0.179802 -0.161686 -0.238496 
4.266 -0.147404 0.108465 -0.148785 0.0507077 -0.150554 -0.00198454 -0.15268 -0.0537414 -0.155418 -0.108738 -0.158554 -0.163613 -0.161725 -0.22148 
1.231 0.237474 0.461841 0.230739 0.394882 0.225655 0.336449 0.221357 0.280721 0.217612 0.22408 0.214842 0.169958 0.213047 0.115003 
4.184 -0.245336 0.195439 -0.2451 0.136348 -0.246028 0.0834016 -0.247489 0.0316091 -0.249788 -0.0224535 -0.25294 -0.0757379 -0.256467 -0.131515 
3.85 -0.0392001 0.313231 -0.0405787 0.251025 -0.0418091 0.196311 -0.0430802 0.143694 -0.044426 0.0896576 -0.0457012 0.0373682 -0.0468452 -0.0165474 
1.634 0.180633 0.0427202 0.179762 -0.0156899 0.1801 -0.0693936 0.1808 -0.122847 0.182586 -0.180049 0.184896 -0.237435 0.188055 -0.298487 
4.246 -0.162471 0.122846 -0.163635 0.0648823 -0.165383 0.0122425 -0.167462 -0.0395567 -0.170204 -0.094327 -0.173404 -0.14883 -0.176752 -0.206319 
4.324 -0.0433091 -0.0134365 -0.0451428 -0.0717773 -0.0468402 -0.125902 -0.04863 -0.180198 -0.0506314 -0.238856 -0.0526158 -0.297593 -0.0544326 -0.360429 
1.647 0.131324 0.0338173 0.13048 -0.0245071 0.130325 -0.0781663 0.130745 -0.131739 0.13157 -0.189156 0.132994 -0.246837 0.135263 -0.308196 
1.676 0.0792768 0.0345021 0.0780564 -0.0235471 0.0774938 -0.0770594 0.077323 -0.130547 0.0773804 -0.187802 0.0778645 -0.245405 0.0790362 -0.306846 
3.801 -0.20767 0.416642 -0.205397 0.350991 -0.20398 0.293742 -0.203015 0.238865 -0.202618 0.183033 -0.202747 0.129627 -0.203007 0.0753758 
4.297 -0.158362 0.0844953 -0.159888 0.0264025 -0.161969 -0.0260595 -0.164319 -0.0786413 -0.16744 -0.134057 -0.170955 -0.189383 -0.174575 -0.248376 
3.85 -0.31519 0.422805 -0.310865 0.357139 -0.308148 0.299818 -0.306191 0.244926 -0.304955 0.188984 -0.304623 0.135416 -0.304697 0.0807927 
3.826 -0.266566 0.419381 -0.263187 0.353791 -0.261102 0.296549 -0.259625 0.241728 -0.25893 0.185921 -0.2588 0.132451 -0.258986 0.078021 
0.741 0.455253 0.37966 0.448206 0.316887 0.443305 0.261495 0.439546 0.207862 0.437047 0.152668 0.436065 0.0992903 0.436919 0.0444016 
3.973 -0.0994658 0.279674 -0.0999481 0.21843 -0.100616 0.164628 -0.101574 0.112384 -0.102792 0.058728 -0.104215 0.00640167 -0.105607 -0.0478358 
1.628 0.0340775 0.0550473 0.0325888 -0.00279031 0.0315417 -0.0559203 0.0308612 -0.10885 0.0300304 -0.165358 0.0297006 -0.222247 0.029832 -0.282776 
3.23 0.1279 0.38103 0.123858 0.316993 0.120724 0.260936 0.117997 0.207055 0.11559 0.152019 0.114029 0.0988751 0.113031 0.0448197 
1.682 0.0977674 0.0242296 0.0968028 -0.0340368 0.0965119 -0.0877852 0.0964748 -0.141528 0.0970628 -0.19923 0.097866 -0.257219 0.0993363 -0.319078 
3.816 -0.252185 0.418696 -0.249115 0.353127 -0.247373 0.295931 -0.246095 0.241126 -0.245307 0.185313 -0.245167 0.131878 -0.245464 0.0774443 
3.83 -0.0309821 0.283783 -0.0323903 0.22252 -0.0336246 0.168549 -0.0349781 0.116333 -0.0363155 0.0625528 -0.0376384 0.0102581 -0.0387519 -0.0439129 
3.842 -0.286427 0.415272 -0.282569 0.349815 -0.280046 0.292677 -0.278361 0.23792 -0.277331 0.182075 -0.277194 0.128621 -0.277419 0.0741758 
3.928 -0.100836 0.309807 -0.101171 0.247846 -0.101757 0.193059 -0.102528 0.140512 -0.103635 0.0863706 -0.104929 0.0340353 -0.106174 -0.0198703 
4.047 -0.176852 0.259814 -0.176581 0.199227 -0.176899 0.145544 -0.177674 0.0935579 -0.179011 0.0397152 -0.180864 -0.0127694 -0.182947 -0.0673659 
3.771 -0.226846 0.441296 -0.223881 0.374742 -0.22189 0.316717 -0.220623 0.261359 -0.219639 0.205017 -0.219538 0.151261 -0.219493 0.0966949 
4.062 -0.0933023 0.217354 -0.0941217 0.157859 -0.0952068 0.104794 -0.0964361 0.0532456 -0.0980597 -0.000476347 -0.0998104 -0.0531739 -0.10156 -0.108206 
4.25 -0.243282 0.1475 -0.243717 0.0889451 -0.245234 0.0362943 -0.247337 -0.0155401 -0.250176 -0.0701563 -0.253945 -0.124032 -0.258012 -0.180874 
0.888 0.323079 0.265292 0.3189 0.204884 0.316557 0.151335 0.315026 0.0988296 0.314558 0.0445003 0.315258 -0.00874209 0.317354 -0.0644076 
0.868 0.342254 0.252965 0.338204 0.192833 0.336051 0.139095 0.334728 0.0867044 0.334477 0.0321425 0.335486 -0.0212944 0.338053 -0.0770914 
4.23 -0.0960416 0.10641 -0.0975463 0.0485573 -0.0991324 -0.00396453 -0.100928 -0.0557419 -0.103141 -0.110605 -0.105475 -0.165332 -0.107854 -0.223265 
4.102 -0.130284 0.203657 -0.130823 0.144545 -0.131837 0.0917009 -0.133082 0.0401613 -0.134865 -0.0136474 -0.136964 -0.0666049 -0.139163 -0.122099 
3.92 -0.0474182 0.286522 -0.0487518 0.225023 -0.0498619 0.170777 -0.0510903 0.118488 -0.0523636 0.0646774 -0.053698 0.0123917 -0.0548214 -0.0416861 
3.959 -0.12275 0.298849 -0.12279 0.237224 -0.123177 0.182817 -0.123835 0.130411 -0.124941 0.0763809 -0.126308 0.0240867 -0.127672 -0.0299609 
1.658 0.182687 0.371442 0.177606 0.307811 0.173964 0.251851 0.170805 0.198114 0.16801 0.143134 0.166397 0.0899606 0.165226 0.0359417 
4.348 -0.165895 0.0379263 -0.167961 -0.0200105 -0.170595 -0.0732873 -0.173496 -0.126449 -0.177149 -0.183204 -0.181132 -0.240187 -0.185276 -0.300682 
4.227 -0.0323517 0.0584714 -0.0339793 0.000838739 -0.0355218 -0.0518558 -0.0370837 -0.104305 -0.0387542 -0.16018 -0.0404107 -0.216371 -0.0418304 -0.276231 
1.667 0.153239 0.00984797 0.152752 -0.0487584 0.153019 -0.102932 0.153842 -0.157187 0.155417 -0.215462 0.157431 -0.274028 0.160513 -0.336708 
4.301 -0.184386 0.0892891 -0.185883 0.0313811 -0.187955 -0.0212847 -0.190459 -0.0737844 -0.19369 -0.129097 -0.197477 -0.184306 -0.20145 -0.243096 
0.787 0.388139 0.268032 0.383768 0.207637 0.381493 0.153736 0.380289 0.101221 0.380158 0.0465353 0.381403 -0.00702753 0.384593 -0.0626227 
4.027 -0.168634 0.272826 -0.168195 0.211808 -0.168366 0.158072 -0.16899 0.105784 -0.170134 0.0518766 -0.171728 -0.00050895 -0.173495 -0.054959 
4.375 -0.121381 0.00916313 -0.123573 -0.0489448 -0.12592 -0.102606 -0.128611 -0.156255 -0.131813 -0.213848 -0.135242 -0.271701 -0.138683 -0.333356 
4.164 -0.12549 0.163936 -0.126356 0.105408 -0.127723 0.052887 -0.129243 0.001356 -0.131412 -0.0527241 -0.133777 -0.10629 -0.136248 -0.162619 
4.219 -0.0275579 0.0721682 -0.0293248 0.0143744 -0.0308271 -0.0383435 -0.0322026 -0.0906128 -0.0340326 -0.146496 -0.0355309 -0.20239 -0.0366128 -0.261606 
3.922 0.0648952 -0.0524723 0.0640801 -0.111648 0.0637149 -0.166761 0.0636744 -0.222274 0.0637696 -0.282217 0.064211 -0.342736 0.0653316 -0.408004 
3.887 -0.313135 0.387878 -0.309398 0.323568 -0.307151 0.267212 -0.305728 0.213104 -0.305103 0.157794 -0.305223 0.104657 -0.30589 0.0502146 
1.454 0.175154 0.346103 0.17071 0.2833 0.167481 0.228024 0.164754 0.174719 0.162576 0.12004 0.161195 0.0671392 0.160701 0.0130433 
4.012 -0.150144 0.278304 -0.149887 0.217281 -0.150188 0.163444 -0.150814 0.111216 -0.151979 0.0574202 -0.153541 0.0050546 -0.155202 -0.0492348 
3.988 -0.0672785 0.250226 -0.0682832 0.189894 -0.0693935 0.136379 -0.0705866 0.0845979 -0.0720031 0.0308798 -0.0735023 -0.0215198 -0.0749133 -0.0760027 
4.23 -0.128229 0.124901 -0.129466 0.0669666 -0.131166 0.0143459 -0.133075 -0.0372072 -0.135531 -0.0919269 -0.138313 -0.146532 -0.141149 -0.203921 
3.955 -0.0419395 0.268717 -0.0433122 0.207766 -0.044609 0.154024 -0.0459279 0.102008 -0.0473046 0.0483256 -0.0486647 -0.00393494 -0.0497764 -0.0583175 
3.992 -0.0426243 0.241323 -0.0439913 0.181245 -0.0452739 0.127932 -0.0465969 0.0760921 -0.0479567 0.0224666 -0.0493474 -0.0299656 -0.0505957 -0.0845317 
4.27 -0.12412 0.094083 -0.125626 0.0363727 -0.127405 -0.0162277 -0.129518 -0.0684172 -0.13216 -0.123546 -0.135115 -0.178817 -0.138066 -0.237333 
4.262 -0.109054 0.0927133 -0.110578 0.0348366 -0.112386 -0.0177326 -0.114386 -0.0699385 -0.116905 -0.125286 -0.119698 -0.180662 -0.122468 -0.239261 
3.914 0.00668402 -0.0586358 0.00534055 -0.117788 0.00422727 -0.173022 0.00324365 -0.22875 0.00229468 -0.288738 0.00138727 -0.349487 0.000937382 -0.414939 
4.363 -0.10289 0.00916313 -0.105054 -0.0488637 -0.107177 -0.102495 -0.109595 -0.156139 -0.11247 -0.213651 -0.115475 -0.271509 -0.118385 -0.333165 
3.523 -0.0172853 0.289947 -0.0188876 0.228566 -0.0204103 0.174448 -0.0217701 0.122152 -0.0232854 0.0683957 -0.0245961 0.0161055 -0.0255322 -0.0379924 
4.203 -0.369977 0.1927 -0.36926 0.133551 -0.370004 0.0804537 -0.371533 0.0284427 -0.374241 -0.0259448 -0.377965 -0.0794574 -0.382449 -0.135382 
3.986 -0.0843994 0.264608 -0.0850615 0.203814 -0.0859561 0.150302 -0.0869467 0.0983768 -0.0882871 0.0446421 -0.0897716 -0.00770037 -0.0911824 -0.0620868 
3.852 -0.0419395 0.299534 -0.0432348 0.237639 -0.0444131 0.183156 -0.0456554 0.130656 -0.0469702 0.0767208 -0.0482484 0.0244673 -0.0493087 -0.0295024 
1.368 0.197069 0.135173 0.194895 0.0766359 0.193967 0.0235968 0.193724 -0.0285901 0.194173 -0.08374 0.195506 -0.138544 0.197859 -0.196441 
4.188 -0.126174 0.15024 -0.127112 0.0919609 -0.128537 0.0394773 -0.130183 -0.0121056 -0.132419 -0.0663937 -0.134951 -0.120171 -0.137511 -0.176885 
4.156 -0.139186 0.176264 -0.1399 0.117534 -0.141131 0.0649373 -0.142659 0.0134146 -0.144796 -0.0405491 -0.147199 -0.0938993 -0.149743 -0.149932 
3.91 -0.337105 0.3824 -0.333061 0.31857 -0.330599 0.262457 -0.328946 0.208543 -0.328203 0.153314 -0.328399 0.10015 -0.32903 0.0458223 
4.043 -0.0713875 0.218039 -0.0724617 0.158474 -0.073712 0.105382 -0.0749754 0.0537713 -0.0765376 6.51616e-05 -0.0781059 -0.0525526 -0.0795726 -0.107568 
3.943 0.0464046 0.00916313 0.0452362 -0.0491114 0.0444832 -0.102956 0.0439432 -0.1568 0.0436999 -0.21479 0.0437724 -0.273236 0.0442555 -0.335436 
4.18 -0.139186 0.156403 -0.140146 0.0979814 -0.141581 0.0454796 -0.143165 -0.00604337 -0.145499 -0.0602413 -0.148068 -0.113906 -0.150728 -0.170491 
4.152 -0.0727572 0.155718 -0.074059 0.0973335 -0.0754811 0.044791 -0.0769568 -0.00669151 -0.0786818 -0.0607179 -0.0805474 -0.11425 -0.0822757 -0.170683 
0.725 0.568251 0.354321 0.561271 0.292342 0.557007 0.237075 0.553966 0.183944 0.552543 0.128663 0.552808 0.075157 0.555036 0.020111 
3.939 -0.0796055 0.289947 -0.0803183 0.228412 -0.0811157 0.174242 -0.0820021 0.121826 -0.0832996 0.0680702 -0.0846852 0.0158173 -0.0859109 -0.0382842 
4.141 -0.113847 0.17147 -0.114867 0.112857 -0.116101 0.0603369 -0.117661 0.00880035 -0.119505 -0.0452396 -0.121739 -0.0985633 -0.123948 -0.154748 
4.062 -0.108369 0.221463 -0.109077 0.161816 -0.110055 0.108856 -0.111298 0.0572568 -0.112876 0.00355928 -0.114648 -0.0491769 -0.116422 -0.104185 
1.765 0.236789 0.412533 0.230659 0.347512 0.226177 0.290666 0.222477 0.236225 0.219222 0.180665 0.217182 0.127197 0.215936 0.0726198 
4.008 0.00805369 0.0269689 0.00660217 -0.030892 0.00543063 -0.0844164 0.00432562 -0.137802 0.00332604 -0.195144 0.00243964 -0.252756 0.00194491 -0.31424 
4.32 -0.0426243 0.00368443 -0.0444449 -0.0545474 -0.0460717 -0.108118 -0.0478234 -0.161823 -0.0497504 -0.219525 -0.0516793 -0.277829 -0.0533958 -0.339876 
1.468 0.107355 -0.0332968 0.107059 -0.0926159 0.107422 -0.147735 0.108085 -0.203144 0.109173 -0.262846 0.110682 -0.323338 0.113178 -0.388435 
4.035 0.00120531 0.060526 -0.000607391 0.00279331 -0.00185748 -0.0500554 -0.00321604 -0.10241 -0.00451858 -0.158342 -0.00570584 -0.214437 -0.00675162 -0.273826 
1.543 0.124476 -0.0223394 0.124242 -0.0815185 0.124585 -0.136305 0.125503 -0.191643 0.126817 -0.251151 0.128588 -0.31129 0.131266 -0.376173 
4.23 -0.173428 0.137228 -0.174464 0.0789991 -0.175927 0.0264756 -0.177891 -0.0252393 -0.180473 -0.0798009 -0.183609 -0.133877 -0.186815 -0.191084 
4.27 -0.0974113 0.0776469 -0.0990708 0.0198796 -0.100874 -0.0327607 -0.102796 -0.0850354 -0.105233 -0.140594 -0.107712 -0.196312 -0.110292 -0.255264 
0.723 0.57236 0.395412 0.564053 0.332358 0.55866 0.276706 0.554308 0.222929 0.551412 0.167511 0.550277 0.113828 0.55106 0.0587607 
1.715 0.0744829 0.0194357 0.0732989 -0.0387951 0.0725678 -0.092502 0.0725309 -0.146336 0.0723832 -0.203998 0.0730774 -0.262222 0.0742488 -0.324266 
1.452 0.145706 0.100247 0.144147 0.0420635 0.143399 -0.0110677 0.14324 -0.063313 0.143831 -0.119066 0.144839 -0.174612 0.146848 -0.233283 
4.098 -0.0172853 0.0269689 -0.0190244 -0.0309265 -0.0204824 -0.0844195 -0.0218193 -0.137635 -0.0234403 -0.195012 -0.0249055 -0.252289 -0.0259504 -0.313568 
4.133 -0.0891933 0.176264 -0.0903336 0.117568 -0.0916153 0.065294 -0.0930546 0.0138168 -0.0948213 -0.039588 -0.0967643 -0.0928672 -0.0986056 -0.148386 
3.904 -0.270675 0.369388 -0.267864 0.305702 -0.266203 0.249699 -0.265192 0.195968 -0.264985 0.141041 -0.265387 0.0880984 -0.266287 0.0337728 
4.023 -0.188495 0.275565 -0.187807 0.214531 -0.18789 0.160647 -0.188355 0.108399 -0.189515 0.0543958 -0.191245 0.00194349 -0.19311 -0.0526475 
4.188 -0.252869 0.178318 -0.25287 0.119453 -0.253935 0.0667184 -0.255583 0.0149386 -0.258075 -0.0392777 -0.261431 -0.0928079 -0.265121 -0.14892 
4.027 -0.0905629 0.234475 -0.0913896 0.174548 -0.0924038 0.121478 -0.0936326 0.0697095 -0.0950826 0.0162799 -0.0967417 -0.0361643 -0.0982884 -0.0907151 
4.203 -0.295329 0.174209 -0.295282 0.115238 -0.296412 0.0623884 -0.298125 0.0105891 -0.300919 -0.0437728 -0.304522 -0.0973533 -0.308652 -0.153318 
3.639 -0.0371456 0.448829 -0.0383717 0.38192 -0.0394166 0.323373 -0.0405342 0.26787 -0.0417266 0.211393 -0.0428745 0.157733 -0.043709 0.103227 
4.078 -0.12412 0.217354 -0.124635 0.157836 -0.125608 0.104883 -0.126814 0.0534022 -0.128488 -0.000196543 -0.130431 -0.0528671 -0.132525 -0.107763 
