4.18 0.231311 0.0906588 0.230246 0.0781706 0.228691 0.0672298 0.226806 0.0566194 0.223956 0.0451728 0.220689 0.0346179 0.216915 0.024482 
1.492 -0.569264 0.117367 -0.569677 0.154576 -0.568497 0.187744 -0.565624 0.220253 -0.560514 0.255267 -0.554042 0.287915 -0.545896 0.319865 
1.466 -0.541871 0.224202 -0.535986 0.25976 -0.529244 0.291192 -0.520937 0.321578 -0.510067 0.354039 -0.498309 0.384026 -0.48512 0.412997 
0.79 -0.246706 0.324188 -0.237288 0.344389 -0.228085 0.36213 -0.218021 0.378983 -0.206152 0.396661 -0.194229 0.412661 -0.181516 0.427887 
1.486 -0.537077 0.206396 -0.532204 0.241615 -0.526442 0.272916 -0.519083 0.303122 -0.509275 0.335461 -0.49851 0.36546 -0.486304 0.394513 
0.809 -0.0727572 0.402945 -0.0586729 0.412172 -0.0458229 0.419863 -0.0327345 0.426739 -0.0182355 0.433319 -0.00440798 0.438781 0.00955374 0.443492 
1.458 0.242953 0.274195 0.25143 0.262194 0.258232 0.251085 0.264701 0.240098 0.270654 0.227445 0.275652 0.215546 0.280028 0.203682 
3.137 -0.372716 0.0618956 -0.374815 0.0860289 -0.375764 0.107711 -0.37545 0.128811 -0.373843 0.151935 -0.371267 0.173359 -0.367553 0.194469 
0.962 -0.199452 0.287207 -0.191146 0.303367 -0.183083 0.317522 -0.174504 0.330919 -0.164431 0.344867 -0.154295 0.357468 -0.143599 0.369471 
3.561 0.293631 0.156403 0.296093 0.140185 0.297585 0.125722 0.298445 0.111477 0.298341 0.0959406 0.297324 0.0814567 0.295773 0.0672907 
0.965 -0.184386 0.289947 -0.17598 0.305144 -0.168006 0.318388 -0.159305 0.330931 -0.14923 0.343994 -0.139132 0.355788 -0.128524 0.366957 
0.819 -0.445309 0.261868 -0.439548 0.293623 -0.433013 0.321943 -0.425168 0.349255 -0.414982 0.378289 -0.403986 0.40522 -0.391674 0.431181 
3.168 -0.342583 -0.0257636 -0.349918 -0.00347489 -0.355478 0.0169819 -0.359906 0.0369658 -0.36352 0.0591167 -0.365924 0.080073 -0.367073 0.100897 
0.857 -0.0796055 0.37966 -0.066563 0.38916 -0.0545447 0.39719 -0.0422568 0.404447 -0.0286009 0.411461 -0.0154714 0.41737 -0.00217143 0.422562 
0.93 -0.0933023 0.350897 -0.0817488 0.360986 -0.071075 0.369571 -0.0601158 0.377395 -0.0478336 0.38521 -0.0359767 0.391884 -0.0238464 0.398 
0.745 -0.052212 0.44609 -0.03618 0.454579 -0.0216038 0.461582 -0.00690005 0.467685 0.00935666 0.473326 0.0248598 0.477839 0.0404506 0.481491 
1.584 -0.469278 0.0831256 -0.4719 0.114438 -0.47295 0.142563 -0.472491 0.170046 -0.470371 0.199861 -0.466958 0.228009 -0.462064 0.255461 
0.994 -0.169319 0.292686 -0.160486 0.30707 -0.152134 0.319536 -0.143159 0.3313 -0.13281 0.343463 -0.122559 0.354391 -0.111933 0.364658 
1.409 -0.122065 0.174894 -0.119574 0.18547 -0.117002 0.194914 -0.113943 0.20399 -0.110201 0.213676 -0.106239 0.222566 -0.101827 0.231216 
0.761 -0.069333 0.433078 -0.0538405 0.442462 -0.0396354 0.450331 -0.0253019 0.457251 -0.00931571 0.463807 0.00580799 0.469164 0.0211312 0.47378 
4.188 0.0895494 0.0112176 0.0842446 0.00751616 0.0793201 0.00454704 0.0744587 0.00189337 0.0688754 -0.000787792 0.0634988 -0.00298718 0.05814 -0.00476661 
1.174 -0.443939 0.228996 -0.437237 0.258371 -0.429951 0.284274 -0.421509 0.309194 -0.410753 0.33564 -0.399336 0.359999 -0.386871 0.383397 
3.051 -0.422024 0.0523079 -0.426338 0.0807993 -0.429007 0.106398 -0.43019 0.131576 -0.429998 0.159049 -0.428526 0.184872 -0.425566 0.210231 
0.985 -0.214519 0.272826 -0.206788 0.289847 -0.199296 0.304768 -0.191064 0.318961 -0.181449 0.333756 -0.171701 0.347251 -0.16129 0.360093 
0.933 -0.465169 0.245432 -0.457497 0.276018 -0.449479 0.303095 -0.440099 0.329079 -0.428458 0.356679 -0.416151 0.38207 -0.402533 0.40652 
0.766 -0.0316669 0.439241 -0.0157229 0.446289 -0.00128567 0.452037 0.0132536 0.456904 0.0293746 0.461188 0.0444444 0.464396 0.0597018 0.466862 
0.875 -0.18644 0.321449 -0.17641 0.337144 -0.166868 0.350788 -0.156654 0.363722 -0.144982 0.376936 -0.133387 0.388805 -0.121329 0.399971 
3.586 -0.339844 -0.205191 -0.357499 -0.182948 -0.372375 -0.162342 -0.385726 -0.14146 -0.399089 -0.117967 -0.41059 -0.0953191 -0.42058 -0.0721819 
4.203 0.0936584 -0.281893 0.0709513 -0.285045 0.0505808 -0.28682 0.0307366 -0.287622 0.00900086 -0.287297 -0.0113908 -0.285877 -0.031259 -0.283351 
4.188 0.0888645 -0.321613 0.063774 -0.32449 0.0412928 -0.325929 0.0193813 -0.326261 -0.00453593 -0.325317 -0.0268589 -0.323206 -0.0486993 -0.319903 
4.16 0.0662649 -0.299014 0.0425776 -0.30073 0.0213141 -0.301178 0.000680776 -0.30063 -0.0218534 -0.298745 -0.0428994 -0.295863 -0.0633806 -0.291835 
3.961 -0.0871387 -0.206561 -0.105103 -0.199393 -0.120784 -0.192219 -0.135524 -0.18446 -0.151493 -0.175211 -0.165988 -0.165715 -0.179514 -0.155465 
1.036 0.444295 0.463895 0.461499 0.44081 0.475698 0.419675 0.488649 0.398298 0.501219 0.374225 0.511698 0.351002 0.52085 0.327757 
4.105 0.0381865 -0.327092 0.0129077 -0.327009 -0.0095971 -0.325785 -0.0313881 -0.323571 -0.0551007 -0.319825 -0.0771077 -0.315122 -0.0984741 -0.309247 
4.258 0.247747 0.035187 0.243541 0.0218915 0.239177 0.0103179 0.234495 -0.00078658 0.228619 -0.0125673 0.222502 -0.0233169 0.215998 -0.0335011 
2.148 0.551815 0.263923 0.558648 0.232742 0.563345 0.204793 0.566653 0.177318 0.568423 0.147249 0.568465 0.11901 0.567121 0.0914616 
4.27 0.236789 0.00984797 0.230842 -0.00286354 0.225104 -0.0137906 0.219085 -0.0242017 0.211573 -0.0351522 0.204021 -0.0450597 0.196104 -0.0542601 
1.021 0.485386 0.483756 0.503417 0.458045 0.518207 0.43455 0.531697 0.410888 0.544669 0.384322 0.555438 0.358817 0.564697 0.333286 
4.137 0.0525681 -0.303123 0.0287209 -0.304071 0.00735364 -0.303812 -0.0133398 -0.302622 -0.0359246 -0.300016 -0.0569495 -0.296453 -0.0774496 -0.291785 
1.736 -0.393261 -0.151089 -0.408095 -0.125471 -0.420185 -0.102032 -0.430716 -0.0785811 -0.44076 -0.0526294 -0.448868 -0.0277148 -0.455472 -0.00294981 
4.191 0.0874949 -0.305177 0.0634313 -0.308129 0.0418698 -0.309657 0.0208507 -0.310166 -0.00216203 -0.309408 -0.0236648 -0.307574 -0.0447142 -0.304591 
3.945 -0.094672 -0.182591 -0.111074 -0.175077 -0.1254 -0.16762 -0.138913 -0.15969 -0.153298 -0.150262 -0.16631 -0.140625 -0.178575 -0.130386 
3.402 -0.375455 -0.167525 -0.391049 -0.143061 -0.40401 -0.120602 -0.415508 -0.098056 -0.426672 -0.072788 -0.435868 -0.0484849 -0.443558 -0.0239493 
1.676 -0.404903 -0.130544 -0.419522 -0.103489 -0.431356 -0.0786169 -0.441623 -0.0537455 -0.451393 -0.0261227 -0.459249 0.000435837 -0.465531 0.0268258 
1.942 -0.21041 0.172154 -0.206724 0.187269 -0.202848 0.20058 -0.198259 0.213381 -0.192618 0.226908 -0.186586 0.239368 -0.179986 0.251378 
3.324 -0.188495 0.109834 -0.189316 0.124124 -0.18958 0.13706 -0.189091 0.149608 -0.187938 0.163183 -0.186202 0.175988 -0.183681 0.188534 
0.847 -0.141926 0.357061 -0.130374 0.370309 -0.119563 0.381676 -0.108295 0.392292 -0.095518 0.403029 -0.0829822 0.412471 -0.0701353 0.42129 
0.72 -0.0433091 0.459101 -0.0264882 0.467092 -0.0112281 0.473628 0.00413757 0.479208 0.0211345 0.484253 0.0372133 0.48811 0.0532929 0.491113 
1.127 0.388823 0.360485 0.400684 0.340334 0.410352 0.321988 0.41905 0.303671 0.427089 0.283076 0.43354 0.263447 0.438906 0.243831 
4.145 0.0696891 -0.349692 0.0431219 -0.351515 0.0193199 -0.35193 -0.00378329 -0.351268 -0.0289783 -0.349153 -0.0525363 -0.345861 -0.0754723 -0.341365 
4.16 0.0696891 -0.312711 0.0452001 -0.314493 0.0232704 -0.315008 0.0019758 -0.314449 -0.0212439 -0.312569 -0.0429381 -0.309625 -0.0640406 -0.305576 
4.215 0.103246 -0.31408 0.0786168 -0.317778 0.056455 -0.31995 0.0349242 -0.321078 0.0112449 -0.32097 -0.010897 -0.319664 -0.0325233 -0.317137 
3.59 -0.331626 -0.234639 -0.351151 -0.213047 -0.367702 -0.192842 -0.382782 -0.172409 -0.398048 -0.149208 -0.4113 -0.126656 -0.423054 -0.103678 
4.031 -0.0282427 -0.095617 -0.0394564 -0.0921304 -0.0494121 -0.0884663 -0.0588195 -0.0844575 -0.0689266 -0.0795119 -0.0782043 -0.0743597 -0.0869672 -0.0687405 
4.188 0.0820162 -0.289426 0.0588818 -0.292079 0.0381507 -0.29339 0.0179629 -0.29374 -0.00411614 -0.292837 -0.0247437 -0.290921 -0.04495 -0.287902 
0.824 -0.174798 0.355006 -0.163301 0.370387 -0.15258 0.383593 -0.141286 0.395933 -0.128298 0.408689 -0.115574 0.420033 -0.102408 0.430567 
0.803 -0.0330366 0.422805 -0.0178499 0.429755 -0.00391425 0.435479 0.00987459 0.440257 0.0252487 0.444516 0.0397329 0.447779 0.0542128 0.450295 
1.986 0.205972 0.161882 0.207841 0.152467 0.20895 0.143935 0.209793 0.135612 0.209975 0.126401 0.209726 0.117803 0.209006 0.109501 
0.859 -0.218628 0.312546 -0.209033 0.330413 -0.200024 0.345688 -0.190297 0.360354 -0.178829 0.375611 -0.16752 0.389367 -0.155476 0.402359 
2.227 -0.417231 0.0269689 -0.422841 0.054927 -0.426669 0.080353 -0.428975 0.105337 -0.430134 0.132464 -0.429923 0.15802 -0.428286 0.183471 
4.223 0.214875 0.0707985 0.212742 0.0592872 0.210305 0.0492026 0.207564 0.0395082 0.203821 0.029158 0.199775 0.0195747 0.195328 0.0104958 
4.281 0.272401 0.0824408 0.270835 0.0673675 0.268625 0.0540834 0.266022 0.0411674 0.262216 0.0273804 0.257937 0.0145631 0.253101 0.00245311 
4.32 0.268292 0.0153267 0.26284 0.000761494 0.257273 -0.0118956 0.251358 -0.0239841 0.244003 -0.0368211 0.236345 -0.0484682 0.228376 -0.0593838 
1.481 -0.52475 0.228311 -0.51888 0.263044 -0.51216 0.293784 -0.503945 0.323349 -0.493364 0.355208 -0.481768 0.384455 -0.468712 0.412882 
4.211 0.100507 -0.299014 0.0767854 -0.302497 0.0554553 -0.304554 0.0346842 -0.305565 0.0119219 -0.305408 -0.00941439 -0.304103 -0.0302275 -0.301612 
0.886 -0.148089 0.336516 -0.137257 0.350021 -0.127034 0.361719 -0.116444 0.37258 -0.104259 0.383711 -0.0924163 0.393537 -0.080161 0.402633 
3.34 -0.179592 0.0262841 -0.183669 0.0389397 -0.186765 0.0504048 -0.18925 0.061734 -0.191293 0.074165 -0.192615 0.085952 -0.193295 0.0977199 
2.184 0.527161 0.25639 0.533552 0.226755 0.537843 0.200413 0.540914 0.174403 0.542449 0.145954 0.542466 0.119274 0.541164 0.093257 
0.949 -0.2289 0.278989 -0.221192 0.296874 -0.213715 0.312541 -0.205395 0.327545 -0.195562 0.343228 -0.1856 0.357518 -0.175044 0.371123 
4.207 0.0916039 -0.266142 0.0696487 -0.269274 0.0498945 -0.271113 0.0306965 -0.271967 0.00964026 -0.271723 -0.0101302 -0.270438 -0.02942 -0.268031 
3.559 -0.352171 -0.186016 -0.368793 -0.163343 -0.382644 -0.142388 -0.395074 -0.121288 -0.407382 -0.0975149 -0.417861 -0.0745668 -0.426939 -0.0513854 
4.02 -0.0446788 -0.163416 -0.0599725 -0.158902 -0.0733935 -0.154132 -0.0862292 -0.14885 -0.0998978 -0.142404 -0.112553 -0.135613 -0.12445 -0.128196 
4.082 -0.000164361 -0.138077 -0.0142881 -0.136243 -0.0268805 -0.133875 -0.0388941 -0.131064 -0.0519282 -0.127246 -0.0640096 -0.122992 -0.0755745 -0.118041 
0.735 -0.0138611 0.463211 0.00342936 0.469282 0.018946 0.474019 0.0345076 0.477886 0.0515057 0.480963 0.0675307 0.483055 0.083476 0.484263 
4.172 0.0655801 -0.112053 0.0528138 -0.114086 0.041286 -0.115317 0.0301087 -0.115924 0.0178994 -0.115979 0.00629658 -0.115399 -0.00506653 -0.114076 
0.797 -0.100151 0.398836 -0.0865363 0.409858 -0.0739291 0.419155 -0.0610459 0.42769 -0.0466208 0.436017 -0.0327058 0.44322 -0.0185503 0.44962 
4.207 0.108725 -0.370922 0.0808874 -0.37496 0.0558521 -0.377307 0.0314409 -0.378454 0.00472163 -0.378209 -0.0203133 -0.376662 -0.0448206 -0.37374 
0.838 -0.197398 0.331037 -0.187149 0.347535 -0.177379 0.361883 -0.166927 0.375436 -0.154906 0.389438 -0.142939 0.40206 -0.130437 0.413891 
4.219 0.114888 -0.346952 0.0883072 -0.351202 0.0643808 -0.353822 0.04105 -0.355267 0.0154446 -0.355379 -0.0085303 -0.354221 -0.0319333 -0.351737 
4.051 -0.0241337 -0.149719 -0.0388826 -0.146417 -0.0519653 -0.142776 -0.0643807 -0.138637 -0.0778477 -0.133402 -0.0901887 -0.127794 -0.101946 -0.121494 
4.105 0.0340775 -0.0168607 0.0272098 -0.0171551 0.0210193 -0.0170663 0.0151119 -0.0167164 0.00860837 -0.0159331 0.00261027 -0.0148581 -0.00326168 -0.013443 
4.359 0.286098 0.0228599 0.280731 0.00730837 0.275207 -0.00619301 0.269279 -0.019138 0.261981 -0.0328091 0.254417 -0.0452374 0.246344 -0.0569559 
4.223 0.228571 0.0612108 0.225989 0.0489575 0.223031 0.0382446 0.219785 0.0279181 0.2155 0.0168765 0.210833 0.00678542 0.205766 -0.0028515 
1.194 0.366909 0.322134 0.377205 0.302697 0.38565 0.285204 0.393149 0.267661 0.399891 0.248008 0.405106 0.229274 0.409318 0.210649 
4.219 0.108725 -0.330516 0.0831269 -0.334469 0.0600919 -0.336876 0.0376928 -0.338137 0.0130714 -0.338124 -0.00998169 -0.336875 -0.0324823 -0.334364 
1.163 0.370333 0.345418 0.381465 0.326169 0.390465 0.308769 0.398687 0.291403 0.406182 0.271851 0.412259 0.253247 0.417249 0.234721 
1.228 0.347733 0.31597 0.35781 0.298033 0.365951 0.281662 0.373097 0.265339 0.379773 0.247086 0.385173 0.229752 0.389481 0.212468 
4.152 0.0690042 -0.328462 0.0436561 -0.330213 0.0209268 -0.330626 -0.00108791 -0.329971 -0.0251217 -0.327927 -0.047586 -0.324803 -0.0694287 -0.320506 
0.832 -0.0570059 0.400205 -0.0428396 0.40852 -0.0299097 0.415377 -0.0168447 0.421411 -0.00238929 0.427084 0.0114444 0.431656 0.025271 0.435536 
0.853 -0.110423 0.368018 -0.0978555 0.379412 -0.0863128 0.389053 -0.0744327 0.397849 -0.0611676 0.406628 -0.048352 0.41417 -0.0351594 0.420997 
4.094 0.0450349 -0.401739 0.0153759 -0.401881 -0.0110163 -0.400655 -0.0366795 -0.39826 -0.0645294 -0.394123 -0.0904471 -0.388845 -0.115527 -0.382201 
0.93 -0.168634 0.313231 -0.159031 0.327731 -0.149887 0.340296 -0.140245 0.352124 -0.12905 0.364208 -0.118068 0.37507 -0.106726 0.385251 
4.02 -0.0385153 -0.10589 -0.0505136 -0.101867 -0.0610798 -0.0976957 -0.0711007 -0.093158 -0.0818215 -0.0876132 -0.0916385 -0.0818325 -0.100868 -0.0755622 
0.913 -0.196713 0.302274 -0.187486 0.318537 -0.17879 0.332685 -0.16945 0.346022 -0.158497 0.359996 -0.147687 0.372507 -0.136264 0.384317 
3.68 0.332667 0.155718 0.335236 0.137239 0.336614 0.120737 0.337223 0.104565 0.336705 0.0869273 0.335304 0.0704671 0.333048 0.0544226 
4.133 0.0388714 -0.127804 0.0255536 -0.128403 0.0136622 -0.128281 0.00218124 -0.12764 -0.010396 -0.12625 -0.0221925 -0.124322 -0.0335754 -0.121708 
4.18 0.0943432 -0.37777 0.0660816 -0.380946 0.0407829 -0.382501 0.0161286 -0.382853 -0.0108185 -0.381727 -0.0360397 -0.379372 -0.060658 -0.375622 
0.993 -0.252869 0.260499 -0.245837 0.279613 -0.238949 0.296415 -0.231228 0.312473 -0.22184 0.329464 -0.212185 0.344921 -0.201629 0.359716 
4.145 0.0436653 -0.151089 0.0288272 -0.151872 0.0154472 -0.151885 0.00263543 -0.151239 -0.0115171 -0.149772 -0.0247313 -0.147678 -0.0375941 -0.144824 
1.094 0.414162 0.381715 0.427095 0.360272 0.437421 0.340712 0.446722 0.321129 0.455479 0.299236 0.462555 0.278247 0.468217 0.257418 
0.801 -0.0104369 0.433078 0.00529223 0.438546 0.0195285 0.442863 0.0337462 0.446313 0.0493626 0.449126 0.064052 0.451023 0.0786971 0.452141 
0.832 -0.159732 0.36117 -0.147734 0.375786 -0.1364 0.388469 -0.124608 0.400264 -0.111273 0.41217 -0.0981782 0.422761 -0.0846884 0.432601 
4.117 0.0477743 -0.343528 0.0215226 -0.344032 -0.00188377 -0.343334 -0.0245819 -0.341564 -0.0493085 -0.338268 -0.0723227 -0.333926 -0.0947002 -0.328418 
4.098 0.010793 -0.162046 -0.00472611 -0.160894 -0.0185456 -0.159119 -0.0318248 -0.156781 -0.0462678 -0.153376 -0.0596713 -0.149444 -0.072532 -0.144787 
0.916 -0.21041 0.29748 -0.20173 0.314443 -0.193274 0.329327 -0.18421 0.343422 -0.173511 0.358081 -0.162844 0.371372 -0.151531 0.384022 
0.776 0.00599918 0.448144 0.0226688 0.452764 0.0375869 0.456268 0.0524995 0.458931 0.0687248 0.460794 0.0839415 0.461714 0.0990119 0.461869 
3.975 -0.0768662 -0.170949 -0.0928116 -0.164532 -0.106784 -0.158039 -0.119977 -0.151087 -0.134076 -0.142642 -0.146894 -0.134064 -0.15896 -0.124851 
1.433 0.1505 0.189275 0.152954 0.183662 0.154806 0.178583 0.156511 0.173653 0.157979 0.168182 0.159036 0.163006 0.159823 0.157938 
1.183 0.328558 0.337885 0.339284 0.321287 0.348172 0.306264 0.35617 0.291048 0.36387 0.273986 0.370116 0.257656 0.375509 0.241329 
0.754 -0.311081 0.311861 -0.302575 0.335995 -0.294007 0.35716 -0.284392 0.377564 -0.272957 0.398932 -0.26108 0.418464 -0.248299 0.437085 
3.998 -0.0604301 -0.16821 -0.0759777 -0.162767 -0.0896903 -0.157189 -0.10264 -0.151081 -0.11643 -0.143694 -0.129196 -0.136038 -0.141068 -0.127819 
1.33 0.0929736 0.313231 0.103064 0.310954 0.111831 0.308604 0.120476 0.305886 0.129521 0.302308 0.137812 0.298547 0.145883 0.294509 
4.297 0.290892 0.0543624 0.287299 0.0383963 0.283366 0.0244827 0.279062 0.0110742 0.273377 -0.00321787 0.267337 -0.016275 0.260799 -0.028656 
1.087 0.457307 0.407054 0.471729 0.382567 0.483393 0.36023 0.4938 0.337881 0.50353 0.312914 0.511244 0.289018 0.517639 0.265266 
0.971 -0.14398 0.310492 -0.13412 0.32336 -0.124865 0.334545 -0.115222 0.344936 -0.104122 0.355531 -0.0933274 0.365012 -0.0820085 0.373807 
3.33 -0.208355 0.109149 -0.207489 0.123306 -0.206246 0.136022 -0.204346 0.148368 -0.201522 0.16153 -0.198339 0.173773 -0.194412 0.185837 
0.759 -0.40011 0.287892 -0.392929 0.317457 -0.3854 0.343489 -0.376603 0.368569 -0.365537 0.39522 -0.353876 0.419793 -0.341097 0.443294 
4.383 0.25528 0.00710862 0.249034 -0.00651712 0.24283 -0.0183121 0.236408 -0.0295658 0.228544 -0.0413399 0.220623 -0.0519863 0.212383 -0.0618788 
0.77 -0.139186 0.400205 -0.125431 0.413721 -0.112616 0.425233 -0.0994005 0.435845 -0.0844894 0.446456 -0.0700248 0.455678 -0.0552325 0.464078 
0.795 -0.286427 0.300219 -0.278301 0.32262 -0.270086 0.342433 -0.261023 0.361361 -0.250064 0.381204 -0.23879 0.399444 -0.226699 0.416911 
0.805 -0.154253 0.374866 -0.141746 0.389179 -0.130203 0.401475 -0.118094 0.412973 -0.104307 0.424569 -0.0909349 0.434831 -0.0770616 0.444247 
3.195 -0.31382 -0.0168607 -0.320589 0.00376138 -0.325717 0.0224376 -0.329744 0.0409474 -0.333056 0.0613737 -0.335297 0.080648 -0.336331 0.099913 
3.389 -0.177537 -0.0387755 -0.185597 -0.0264208 -0.192341 -0.0150191 -0.198242 -0.00351335 -0.204114 0.0093213 -0.209026 0.0217082 -0.213049 0.0342637 
0.948 -0.118641 0.331722 -0.107962 0.343198 -0.0980327 0.353039 -0.0877445 0.362176 -0.076097 0.371286 -0.0647196 0.379324 -0.0531135 0.386728 
0.776 -0.077551 0.421435 -0.0626259 0.431359 -0.04917 0.439586 -0.0352974 0.446998 -0.0199199 0.454075 -0.00524735 0.459985 0.00959349 0.465061 
4.23 0.122422 -0.366128 0.0948019 -0.370808 0.0699612 -0.373776 0.0457023 -0.375487 0.019101 -0.375843 -0.00587438 -0.374849 -0.0302741 -0.372521 
0.892 -0.0857691 0.362539 -0.0736082 0.372218 -0.0623816 0.380435 -0.0508297 0.387932 -0.0380032 0.395249 -0.025597 0.4015 -0.0130222 0.407045 
0.927 -0.105629 0.341994 -0.0943875 0.352784 -0.0839513 0.362055 -0.0731267 0.370548 -0.0610189 0.379015 -0.0491908 0.386387 -0.0371399 0.393094 
1.05 -0.235749 0.262553 -0.2286 0.280866 -0.22149 0.296995 -0.213618 0.312436 -0.204071 0.328617 -0.194274 0.343308 -0.183749 0.35734 
3.305 -0.211094 0.0173812 -0.215627 0.031597 -0.219194 0.0445571 -0.221922 0.0574287 -0.224199 0.0715468 -0.22566 0.0848424 -0.226274 0.0981053 
3.594 -0.334365 -0.218888 -0.352982 -0.196974 -0.368663 -0.176602 -0.382896 -0.155982 -0.397198 -0.132622 -0.409556 -0.109882 -0.42044 -0.0869949 
3.939 -0.102205 -0.214094 -0.120552 -0.20611 -0.136656 -0.19811 -0.151926 -0.189595 -0.16801 -0.179331 -0.182691 -0.168928 -0.196586 -0.157881 
0.765 -0.422709 0.275565 -0.416348 0.306425 -0.409468 0.333722 -0.401222 0.360013 -0.390649 0.388115 -0.379403 0.414053 -0.366961 0.438939 
1.217 0.0696891 0.257759 0.0762618 0.257055 0.0821051 0.256216 0.0877836 0.255191 0.0938747 0.25369 0.0993986 0.251884 0.104765 0.249985 
1.328 -0.0953568 0.189275 -0.0923909 0.198417 -0.0891219 0.206522 -0.0854687 0.214304 -0.0812541 0.22253 -0.0768593 0.230142 -0.072235 0.237478 
0.822 -0.104945 0.383769 -0.0918354 0.395018 -0.0796786 0.404574 -0.0671989 0.413382 -0.0532264 0.42198 -0.0396699 0.429389 -0.0258613 0.436103 
0.851 -0.12549 0.363224 -0.113359 0.375662 -0.102067 0.386186 -0.0904119 0.396008 -0.0772231 0.405847 -0.0643381 0.414477 -0.0512101 0.42232 
4.156 0.0553075 -0.121641 0.0423023 -0.123158 0.0305833 -0.123904 0.0192464 -0.124083 0.00694066 -0.123582 -0.00469819 -0.122511 -0.0161678 -0.120729 
3.902 -0.120696 -0.213409 -0.138885 -0.204407 -0.154776 -0.195636 -0.169769 -0.186315 -0.185602 -0.175289 -0.200028 -0.164142 -0.213465 -0.152342 
4.094 0.0135324 -0.134653 -0.000425898 -0.133685 -0.0127411 -0.132152 -0.0245188 -0.130049 -0.0374685 -0.127079 -0.0494328 -0.12361 -0.0610038 -0.11951 
1.263 0.0998219 0.23516 0.105076 0.232758 0.109599 0.230425 0.11403 0.227987 0.11849 0.224945 0.122523 0.221986 0.126359 0.218912 
2.484 -0.365868 -0.140816 -0.379967 -0.117287 -0.391558 -0.0956546 -0.401637 -0.0739215 -0.411382 -0.049785 -0.419358 -0.026549 -0.425901 -0.00322703 
1.505 -0.0905629 0.072853 -0.0938101 0.0815786 -0.0964614 0.0895462 -0.0984842 0.097463 -0.100405 0.106197 -0.101773 0.114481 -0.102594 0.12282 
1.422 -0.103575 0.120107 -0.104058 0.129472 -0.104175 0.137891 -0.103735 0.146318 -0.102824 0.155268 -0.101653 0.163655 -0.100012 0.172017 
0.881 -0.130284 0.348158 -0.11884 0.360587 -0.108258 0.371164 -0.0973003 0.380901 -0.0847052 0.390897 -0.0725547 0.399646 -0.0601741 0.407633 
2.139 -0.391892 -0.173689 -0.407873 -0.148758 -0.421052 -0.125796 -0.432633 -0.102718 -0.443957 -0.0768401 -0.45344 -0.0520367 -0.46148 -0.0270204 
1.248 0.301849 0.311177 0.311384 0.296185 0.319169 0.282269 0.326265 0.268553 0.332944 0.253085 0.338396 0.238257 0.34308 0.223353 
4.121 0.0566772 -0.392837 0.027508 -0.393651 0.00146953 -0.393025 -0.0237651 -0.391249 -0.0512431 -0.387749 -0.0768495 -0.383132 -0.101751 -0.37716 
1.333 -0.243967 0.222148 -0.237919 0.23975 -0.231868 0.255261 -0.22501 0.270045 -0.216719 0.285586 -0.208208 0.299794 -0.199068 0.313475 
1.475 0.225832 0.285153 0.234457 0.274175 0.241574 0.264103 0.248187 0.253929 0.254578 0.242393 0.260009 0.231306 0.264752 0.220204 
1.34 -0.263827 0.223517 -0.257659 0.242335 -0.251466 0.258942 -0.244425 0.274865 -0.235927 0.291631 -0.227084 0.306931 -0.217524 0.32161 
4.07 -0.00906725 -0.172319 -0.0250088 -0.169881 -0.0392086 -0.167031 -0.0526064 -0.163526 -0.0671562 -0.158894 -0.0806817 -0.153825 -0.093709 -0.148102 
4.246 0.108725 -0.123011 0.0953137 -0.127688 0.0829729 -0.131307 0.071079 -0.134155 0.0576725 -0.136582 0.0451682 -0.138149 0.032528 -0.138958 
0.88 -0.163156 0.331037 -0.152642 0.34532 -0.142862 0.357618 -0.132357 0.369232 -0.1204 0.381083 -0.108687 0.391648 -0.0965058 0.401505 
3.174 -0.343953 0.0694288 -0.345552 0.0917392 -0.346047 0.111778 -0.345496 0.131388 -0.343677 0.152586 -0.341023 0.172377 -0.337348 0.191879 
4.539 0.275825 -0.129174 0.261645 -0.143793 0.248275 -0.15615 0.234864 -0.167623 0.219407 -0.179321 0.204307 -0.189514 0.18902 -0.198613 
3.984 -0.0727572 -0.204506 -0.0904666 -0.198079 -0.106059 -0.191622 -0.12079 -0.184524 -0.136395 -0.175923 -0.150805 -0.167102 -0.164315 -0.15756 
4.125 0.0340775 -0.111368 0.0219336 -0.111466 0.0109724 -0.111053 0.000499243 -0.110094 -0.0110329 -0.108445 -0.0218133 -0.106344 -0.0322318 -0.10364 
0.853 -0.248076 0.29611 -0.239557 0.315436 -0.231324 0.332348 -0.222215 0.348437 -0.211392 0.365341 -0.200534 0.380707 -0.188877 0.395272 
1.292 -0.0700178 0.246802 -0.0632349 0.254247 -0.0568969 0.26067 -0.0503405 0.266624 -0.0428106 0.272631 -0.0356577 0.277916 -0.0281821 0.28282 
4.215 0.0874949 -0.133283 0.0737314 -0.136718 0.0611055 -0.139191 0.0490151 -0.140974 0.0355696 -0.14218 0.0229093 -0.142593 0.0103152 -0.142303 
0.823 -0.219312 0.328982 -0.209112 0.346752 -0.199313 0.36224 -0.188869 0.376871 -0.176701 0.392034 -0.164623 0.405724 -0.151898 0.418556 
1.291 0.0772223 0.309122 0.0872211 0.307724 0.0959978 0.306127 0.104575 0.304088 0.113666 0.301292 0.122018 0.29826 0.130182 0.294939 
3.953 -0.0919326 -0.153828 -0.106511 -0.146611 -0.11928 -0.13956 -0.131406 -0.132092 -0.14402 -0.12317 -0.155581 -0.114185 -0.166464 -0.10468 
4.219 0.0991371 -0.0798658 0.0884672 -0.0839176 0.0787671 -0.087043 0.0692681 -0.0896686 0.0585814 -0.0919256 0.0484867 -0.0934793 0.038462 -0.0944624 
1.257 0.107355 0.1475 0.107692 0.144481 0.107804 0.141888 0.10796 0.139394 0.107805 0.136658 0.107477 0.134152 0.107003 0.131733 
1.112 0.410053 0.366648 0.422371 0.345222 0.432209 0.325715 0.440869 0.306164 0.448861 0.284282 0.455352 0.263487 0.460602 0.242756 
3.938 -0.102205 -0.119586 -0.114886 -0.111918 -0.125842 -0.104451 -0.136112 -0.0966627 -0.146923 -0.0875898 -0.156717 -0.078487 -0.165846 -0.0690022 
3.295 -0.239173 0.100247 -0.238904 0.116101 -0.238043 0.130295 -0.236375 0.144049 -0.233834 0.158961 -0.230773 0.172695 -0.226928 0.186353 
0.978 -0.156992 0.300904 -0.148039 0.314662 -0.139527 0.32659 -0.130524 0.337901 -0.120192 0.349484 -0.11003 0.359904 -0.0994451 0.369647 
3.584 -0.325462 -0.159307 -0.340422 -0.138258 -0.352983 -0.118765 -0.364241 -0.0991791 -0.375275 -0.0771435 -0.384652 -0.0559092 -0.392682 -0.034378 
1.049 0.40389 0.503616 0.423541 0.483108 0.440131 0.463946 0.455491 0.444511 0.470729 0.422456 0.483847 0.401017 0.495704 0.379289 
1.175 0.355266 0.340625 0.366122 0.322432 0.374854 0.305833 0.38272 0.289201 0.390121 0.270637 0.396061 0.252805 0.401132 0.235261 
4.301 0.282674 0.0721682 0.280141 0.0567513 0.277254 0.0431956 0.273901 0.0301125 0.269312 0.0160914 0.26428 0.00324976 0.258748 -0.00902373 
0.779 -0.328202 0.295425 -0.320346 0.320395 -0.312381 0.342396 -0.303358 0.363515 -0.292282 0.385898 -0.280836 0.406383 -0.268454 0.42594 
4.207 0.0922887 -0.0545268 0.0830751 -0.0583275 0.0747839 -0.0611882 0.0664355 -0.0637052 0.0572411 -0.0658539 0.048621 -0.0674098 0.0399658 -0.0684408 
1.087 0.440186 0.388563 0.453058 0.365589 0.463488 0.344631 0.472731 0.323681 0.481397 0.300322 0.488199 0.278005 0.493814 0.255848 
1.321 0.0970826 0.283783 0.105659 0.281251 0.113153 0.278649 0.12046 0.275701 0.128 0.271959 0.134876 0.268034 0.141468 0.263873 
0.782 -0.37751 0.281729 -0.370486 0.309717 -0.363096 0.334474 -0.354498 0.358343 -0.343725 0.383649 -0.332453 0.40694 -0.320069 0.429236 
0.796 -0.301493 0.29611 -0.29361 0.319331 -0.285685 0.339791 -0.276881 0.359397 -0.266184 0.379973 -0.255086 0.398964 -0.243098 0.41708 
4.043 -0.0220792 -0.116162 -0.0349259 -0.113089 -0.0462765 -0.109732 -0.0569817 -0.105948 -0.0686027 -0.101154 -0.0793295 -0.0960271 -0.0896231 -0.0903999 
1.202 0.384714 0.331037 0.395197 0.310842 0.403649 0.292577 0.411212 0.27434 0.418078 0.253994 0.423409 0.234579 0.42771 0.215286 
4.121 0.0402411 -0.0380907 0.0320559 -0.0388109 0.024648 -0.0389653 0.0175727 -0.038783 0.00978786 -0.0381526 0.00250314 -0.0371382 -0.00454788 -0.0356925 
0.764 -0.12275 0.409108 -0.108658 0.42166 -0.0956677 0.432278 -0.0823053 0.442112 -0.0672969 0.45191 -0.0527109 0.460282 -0.0378987 0.467919 
1.271 -0.0446788 0.263238 -0.0370367 0.269504 -0.0301249 0.274759 -0.0229415 0.279604 -0.0149812 0.284351 -0.00727356 0.28842 0.000555504 0.292125 
4.234 0.244323 0.0612108 0.2415 0.0478521 0.238325 0.0361439 0.23482 0.024844 0.230147 0.0128705 0.225088 0.00182867 0.219636 -0.00862439 
2.814 0.152554 0.145446 0.153337 0.139293 0.153709 0.133818 0.15394 0.128436 0.153679 0.122449 0.153089 0.116904 0.152226 0.111514 
0.766 -0.00769758 0.446774 0.00863365 0.45233 0.0234396 0.456702 0.0382515 0.460194 0.0543357 0.462982 0.0694397 0.46474 0.0846313 0.465833 
1.259 -0.0255034 0.263923 -0.017949 0.269136 -0.0111755 0.273476 -0.00411785 0.277417 0.00373659 0.281243 0.0112426 0.284334 0.0188264 0.287125 
1.08 0.360745 0.40363 0.375034 0.385655 0.38693 0.369234 0.397799 0.352475 0.408359 0.333556 0.417355 0.315326 0.425249 0.297047 
1.056 0.397042 0.446774 0.413747 0.426401 0.427623 0.407642 0.440357 0.388649 0.452799 0.367061 0.463348 0.346291 0.472697 0.325325 
1.266 -0.0344062 0.243378 -0.0279418 0.248947 -0.0221287 0.253753 -0.0160368 0.258106 -0.00931056 0.262355 -0.00275403 0.266116 0.00379252 0.269466 
1.154 0.384714 0.346788 0.396114 0.326668 0.40533 0.308395 0.413637 0.290135 0.421145 0.269617 0.42722 0.250059 0.432183 0.230608 
1.547 -0.23027 0.220778 -0.224186 0.237706 -0.2181 0.252624 -0.211236 0.266814 -0.203017 0.281674 -0.194582 0.295305 -0.185439 0.308303 
0.709 -0.217258 0.396781 -0.204682 0.415957 -0.192584 0.432637 -0.179931 0.448235 -0.165285 0.464339 -0.150746 0.478813 -0.135636 0.492318 
0.853 -0.159732 0.346103 -0.148533 0.360416 -0.138053 0.372764 -0.127059 0.384316 -0.114448 0.396119 -0.102153 0.406598 -0.0894542 0.416279 
3.65 -0.288481 -0.249021 -0.308849 -0.229703 -0.326189 -0.211658 -0.342189 -0.193137 -0.358513 -0.17203 -0.372907 -0.151382 -0.385862 -0.130276 
3.602 -0.314505 -0.176428 -0.330473 -0.155703 -0.34393 -0.136518 -0.356049 -0.117158 -0.368148 -0.0953055 -0.378465 -0.0742377 -0.387427 -0.0530294 
1.651 -0.150829 0.224202 -0.144226 0.235781 -0.137961 0.245937 -0.131208 0.25553 -0.123402 0.265383 -0.115565 0.274372 -0.107366 0.282904 
1.599 0.19159 0.220093 0.196635 0.211555 0.200709 0.203807 0.204431 0.196001 0.207827 0.187045 0.210558 0.178853 0.21283 0.170425 
0.885 -0.114532 0.354321 -0.102861 0.365779 -0.0920403 0.375569 -0.0808569 0.384615 -0.0682721 0.39363 -0.0561347 0.401511 -0.0436958 0.408717 
4.375 0.199123 -0.0339816 0.190914 -0.044443 0.183073 -0.0533761 0.175144 -0.0616067 0.165902 -0.0701704 0.156748 -0.0776263 0.147456 -0.0844129 
1.05 0.399781 0.478962 0.418071 0.458529 0.433502 0.439671 0.447603 0.420462 0.461677 0.398642 0.473717 0.377541 0.484414 0.356243 
4.07 -0.00221887 -0.10589 -0.01422 -0.10379 -0.024865 -0.101338 -0.0350496 -0.098464 -0.046054 -0.0947078 -0.0561926 -0.0906239 -0.0658714 -0.085951 
4.199 0.0854404 -0.0860293 0.0744561 -0.0895284 0.0644516 -0.0921246 0.0549812 -0.0941156 0.0440917 -0.0958055 0.0339153 -0.09676 0.0239385 -0.0971222 
3.656 -0.283002 -0.268196 -0.304354 -0.249255 -0.3226 -0.231441 -0.339456 -0.213142 -0.356766 -0.192242 -0.372089 -0.171703 -0.386053 -0.150661 
1.276 -0.0570059 0.238584 -0.0508576 0.245335 -0.0450981 0.251251 -0.0391885 0.256699 -0.0325334 0.262164 -0.026011 0.267012 -0.0193669 0.27145 
1.05 0.499767 0.435132 0.515495 0.408595 0.527977 0.384164 0.539175 0.359771 0.549462 0.332452 0.557817 0.306431 0.564569 0.280421 
1.228 0.334036 0.319395 0.344223 0.302096 0.35223 0.286317 0.359533 0.2705 0.366307 0.253013 0.371641 0.23609 0.376061 0.219237 
4.238 0.21145 0.0571018 0.208679 0.0458484 0.205721 0.035994 0.2025 0.0264794 0.198228 0.0163109 0.193557 0.00703129 0.188614 -0.00177714 
1.296 0.0744829 0.335831 0.0862595 0.334553 0.0965562 0.332994 0.106701 0.330968 0.117416 0.328087 0.127284 0.324836 0.136804 0.321199 
0.769 -0.345323 0.299534 -0.337471 0.325638 -0.329472 0.34861 -0.320342 0.370747 -0.309203 0.394084 -0.297614 0.415514 -0.284926 0.436104 
0.696 -0.283687 0.361855 -0.273076 0.385071 -0.262503 0.405483 -0.251102 0.424802 -0.237488 0.444907 -0.223817 0.463265 -0.209227 0.480597 
0.828 -0.187125 0.341309 -0.176454 0.357296 -0.166266 0.371261 -0.155519 0.384323 -0.143187 0.397756 -0.131026 0.409848 -0.11832 0.421156 
0.841 -0.232324 0.313231 -0.222934 0.331642 -0.21394 0.347788 -0.204153 0.363076 -0.192668 0.379071 -0.181194 0.393525 -0.169038 0.407211 
4.031 -0.0241337 -0.0476784 -0.0326719 -0.0444085 -0.0402175 -0.0410491 -0.0472671 -0.0373788 -0.054808 -0.0329853 -0.0617097 -0.0285093 -0.0681298 -0.0235785 
4.23 0.238844 0.0749075 0.236959 0.0619757 0.234623 0.0505862 0.231979 0.0396262 0.228311 0.027837 0.224217 0.0169654 0.219714 0.00658119 
1.331 0.0909191 0.333091 0.102187 0.331042 0.11204 0.328936 0.121645 0.326425 0.131908 0.322915 0.141277 0.319151 0.150366 0.315091 
1.353 0.101876 0.300904 0.111325 0.298272 0.119571 0.295674 0.127649 0.292659 0.136179 0.288842 0.143897 0.2848 0.151353 0.2806 
0.696 -0.267936 0.381715 -0.256057 0.403894 -0.244616 0.423328 -0.232164 0.441646 -0.217756 0.460757 -0.203308 0.478112 -0.188116 0.494376 
3.605 -0.300808 -0.14698 -0.315046 -0.12739 -0.327048 -0.109172 -0.337716 -0.0908504 -0.348332 -0.0701735 -0.35729 -0.0503382 -0.365022 -0.0301876 
1.172 0.400466 0.345418 0.41181 0.324442 0.420801 0.305343 0.428862 0.286339 0.43616 0.265057 0.442068 0.244845 0.446633 0.224651 
3.559 -0.331626 -0.12712 -0.344897 -0.105554 -0.355792 -0.0857343 -0.365469 -0.0657937 -0.374799 -0.0435161 -0.382561 -0.0221994 -0.388918 -0.000683085 
0.792 -0.363813 0.281729 -0.356735 0.308886 -0.349356 0.332906 -0.340845 0.355989 -0.330185 0.380541 -0.319022 0.4031 -0.306911 0.424649 
1.634 -0.278893 0.222148 -0.272886 0.241933 -0.26681 0.259411 -0.259844 0.276151 -0.251341 0.2937 -0.242547 0.309922 -0.232996 0.325402 
0.705 -0.239173 0.383085 -0.226959 0.403584 -0.215254 0.421431 -0.202703 0.438238 -0.18828 0.455613 -0.173865 0.471243 -0.15888 0.4859 
2.811 0.298425 0.1927 0.302747 0.176608 0.305782 0.162161 0.308063 0.147876 0.309567 0.132168 0.310149 0.117453 0.310145 0.103032 
4.199 0.186796 0.0879195 0.185504 0.0780967 0.18387 0.0694762 0.18204 0.0611473 0.179333 0.0521816 0.176321 0.0439634 0.173028 0.0362026 
4.098 0.260759 0.100247 0.260093 0.0860666 0.258844 0.0734727 0.257181 0.0613221 0.254477 0.0481522 0.251322 0.0360338 0.247567 0.0243056 
3.625 -0.280263 -0.129859 -0.293615 -0.111306 -0.304747 -0.0941324 -0.314671 -0.0768145 -0.324494 -0.0574609 -0.33279 -0.0386414 -0.339869 -0.0198022 
3.492 0.0799616 0.116683 0.0800262 0.114282 0.0800026 0.112284 0.0800909 0.110285 0.0796761 0.10814 0.0791757 0.10622 0.0786123 0.103972 
3.637 -0.296014 -0.2319 -0.315437 -0.21236 -0.331933 -0.194057 -0.347032 -0.175451 -0.362446 -0.15421 -0.375962 -0.13351 -0.388078 -0.112412 
3.414 -0.371346 -0.212724 -0.389577 -0.188881 -0.40489 -0.166771 -0.418625 -0.144513 -0.432306 -0.119412 -0.443978 -0.0951747 -0.454115 -0.0705749 
3.971 -0.0796055 -0.147665 -0.0940992 -0.141011 -0.106654 -0.134359 -0.11855 -0.127365 -0.131327 -0.119005 -0.142911 -0.110512 -0.153561 -0.101455 
0.732 -0.37614 0.306383 -0.368266 0.334592 -0.360113 0.359528 -0.350689 0.3835 -0.339062 0.408971 -0.327009 0.432363 -0.313761 0.454723 
0.956 -0.133708 0.324873 -0.123264 0.33731 -0.113638 0.347925 -0.103572 0.357909 -0.092129 0.368001 -0.0808607 0.377037 -0.0693349 0.385232 
3.531 -0.358334 -0.153143 -0.373061 -0.129889 -0.38526 -0.108518 -0.396016 -0.0870605 -0.406485 -0.0630757 -0.415201 -0.0399772 -0.422512 -0.0167292 
4.41 0.210766 -0.0743871 0.200263 -0.0853691 0.190307 -0.0945543 0.18037 -0.103115 0.168823 -0.111788 0.157543 -0.119299 0.146191 -0.125972 
0.761 -0.361759 0.299534 -0.354003 0.326674 -0.346068 0.350617 -0.336909 0.373718 -0.325601 0.398248 -0.313856 0.420703 -0.301067 0.442182 
3.621 -0.293275 -0.162731 -0.308398 -0.143375 -0.321129 -0.125527 -0.332599 -0.107485 -0.344005 -0.0871403 -0.353842 -0.0675167 -0.362362 -0.0476516 
1.604 0.189536 0.239269 0.195616 0.230719 0.200609 0.222921 0.205262 0.215103 0.209657 0.206189 0.213299 0.197734 0.216468 0.18916 
0.758 -0.324777 0.309807 -0.316351 0.33471 -0.30786 0.35677 -0.298257 0.377855 -0.286691 0.400048 -0.274802 0.420366 -0.261992 0.439713 
1.255 -0.0193398 0.250226 -0.0126993 0.255127 -0.00668089 0.259201 -0.000483331 0.26293 0.00639008 0.266536 0.0129105 0.269575 0.0195725 0.272301 
0.819 -0.0857691 0.396096 -0.0721648 0.406103 -0.059709 0.414594 -0.0468809 0.422313 -0.0326511 0.429719 -0.0189549 0.436 -0.0052053 0.441514 
4.316 0.172415 0.0427202 0.168656 0.0338786 0.164851 0.0261324 0.160899 0.0188604 0.156049 0.0110596 0.150995 0.00409912 0.145822 -0.00240208 
3.654 -0.259033 -0.116162 -0.27149 -0.0990851 -0.281892 -0.0832674 -0.291194 -0.0673917 -0.300467 -0.0494442 -0.308278 -0.0321658 -0.315027 -0.0146223 
3.924 -0.113163 -0.0812354 -0.123581 -0.072741 -0.132607 -0.0647573 -0.140742 -0.0564737 -0.149608 -0.047055 -0.157281 -0.0376993 -0.16407 -0.0280374 
3.766 -0.191919 -0.184646 -0.208486 -0.171295 -0.222747 -0.158547 -0.235917 -0.145473 -0.249557 -0.130586 -0.261659 -0.115831 -0.272689 -0.100698 
3.76 -0.191919 -0.167525 -0.207683 -0.154151 -0.221184 -0.141612 -0.233723 -0.128683 -0.246608 -0.113825 -0.258026 -0.0992834 -0.268437 -0.0842575 
3.748 -0.204931 -0.173689 -0.220907 -0.159663 -0.234648 -0.146465 -0.247294 -0.132953 -0.260429 -0.117354 -0.271958 -0.102088 -0.282464 -0.0863554 
3.664 -0.276154 -0.236694 -0.29578 -0.218372 -0.312589 -0.201153 -0.328061 -0.183385 -0.343889 -0.16338 -0.357782 -0.143681 -0.370397 -0.123476 
0.688 -0.283687 0.38103 -0.271927 0.404482 -0.260486 0.424785 -0.248155 0.444209 -0.233716 0.464403 -0.219176 0.482648 -0.203984 0.499856 
3.77 -0.200137 -0.288741 -0.222687 -0.274713 -0.242291 -0.261109 -0.260715 -0.246956 -0.279991 -0.230428 -0.29726 -0.214004 -0.313388 -0.196947 
3.676 -0.266566 -0.225736 -0.285527 -0.207802 -0.301734 -0.191026 -0.316686 -0.173868 -0.331922 -0.154212 -0.345294 -0.134971 -0.35735 -0.115307 
1.262 0.101876 0.209821 0.105824 0.207281 0.109158 0.204798 0.112518 0.202273 0.115783 0.19939 0.118618 0.196494 0.121363 0.193535 
1.726 -0.24876 0.193384 -0.243964 0.210878 -0.238969 0.226424 -0.233235 0.2413 -0.226065 0.257132 -0.218602 0.271573 -0.210533 0.285521 
1.201 -0.252869 0.236529 -0.246316 0.25468 -0.239845 0.270621 -0.232551 0.286027 -0.223753 0.302069 -0.214795 0.316971 -0.205085 0.331087 
0.716 -0.347377 0.321449 -0.338585 0.347929 -0.329646 0.371256 -0.319548 0.39366 -0.307322 0.41726 -0.294712 0.438906 -0.28109 0.459632 
3.738 -0.211779 -0.199712 -0.229165 -0.185264 -0.24408 -0.171638 -0.257928 -0.157526 -0.272177 -0.141465 -0.284837 -0.125666 -0.296375 -0.109337 
0.733 -0.450103 0.315286 -0.441688 0.348227 -0.432851 0.377431 -0.422558 0.405409 -0.40976 0.435142 -0.39632 0.46254 -0.381558 0.488905 
1.302 -0.0926174 0.231735 -0.0867876 0.240822 -0.0811806 0.24874 -0.0752811 0.256256 -0.068411 0.263977 -0.0616965 0.270829 -0.0546342 0.277338 
1.111 -0.200137 0.268717 -0.192638 0.284719 -0.185232 0.298736 -0.17736 0.312003 -0.167888 0.325842 -0.158468 0.338371 -0.148384 0.350327 
3.711 -0.239173 -0.247651 -0.259354 -0.23149 -0.276688 -0.216091 -0.292818 -0.200272 -0.309511 -0.182078 -0.324322 -0.164106 -0.337827 -0.145692 
3.844 -0.120696 -0.0196001 -0.12774 -0.0106693 -0.133659 -0.00237838 -0.138953 0.00600762 -0.144325 0.0154403 -0.148907 0.0245734 -0.152841 0.0338934 
1.245 0.31897 0.313916 0.328728 0.297582 0.336774 0.282838 0.34413 0.268069 0.350785 0.251335 0.356234 0.23534 0.3607 0.219586 
1.381 0.112834 0.285153 0.121308 0.281917 0.12871 0.27869 0.135937 0.275208 0.143423 0.270885 0.150182 0.266463 0.156717 0.261948 
3.676 -0.265881 -0.270251 -0.287467 -0.252278 -0.306025 -0.235316 -0.323235 -0.217828 -0.34093 -0.197784 -0.356594 -0.178101 -0.370971 -0.157784 
4.16 0.0683194 0.000945076 0.0626718 -0.00155803 0.0573645 -0.00352438 0.0523045 -0.00516734 0.0465216 -0.00668214 0.0409944 -0.00778832 0.0353059 -0.00855211 
1.492 0.155979 0.259814 0.163186 0.253324 0.169237 0.247323 0.175076 0.241153 0.180796 0.234051 0.185846 0.227166 0.190494 0.220158 
0.753 -0.29122 0.31597 -0.282445 0.338851 -0.273699 0.35899 -0.264067 0.378325 -0.252403 0.398636 -0.240589 0.417165 -0.227866 0.434803 
4.086 0.00668402 -0.118217 -0.00605048 -0.117005 -0.0174229 -0.115304 -0.0283046 -0.113051 -0.0401338 -0.109974 -0.0511227 -0.106484 -0.0616504 -0.10246 
4.562 0.27788 -0.0600055 0.267812 -0.0748352 0.258166 -0.0877368 0.248254 -0.0997017 0.236579 -0.112318 0.225006 -0.123294 0.21313 -0.133392 
0.921 -0.181646 0.308437 -0.172219 0.323822 -0.163352 0.337174 -0.153777 0.349953 -0.142745 0.363082 -0.131756 0.374874 -0.120378 0.385965 
3.684 -0.235064 -0.121641 -0.247813 -0.105795 -0.258634 -0.0910945 -0.268332 -0.0762336 -0.278116 -0.0594835 -0.286468 -0.043227 -0.293756 -0.0266894 
4.176 0.108725 0.0653198 0.106602 0.0601857 0.104377 0.0558397 0.102214 0.0516626 0.0994468 0.0472587 0.096598 0.0432835 0.0935431 0.039649 
3.732 -0.188495 -0.0545268 -0.197423 -0.0413891 -0.204901 -0.0292841 -0.211489 -0.0171363 -0.218062 -0.00346908 -0.223554 0.00964273 -0.228116 0.0229342 
0.698 -0.253554 0.383769 -0.241472 0.405197 -0.229853 0.423823 -0.217415 0.441426 -0.202871 0.459686 -0.188349 0.476154 -0.173141 0.491646 
3.646 -0.26999 -0.160677 -0.285107 -0.142678 -0.297843 -0.125993 -0.309387 -0.10908 -0.320972 -0.0899586 -0.330946 -0.0714684 -0.339652 -0.0525738 
0.801 -0.31382 0.289947 -0.306102 0.313944 -0.298371 0.334991 -0.289475 0.355338 -0.278685 0.376775 -0.267583 0.396402 -0.255561 0.415193 
3.99 -0.0659088 -0.12575 -0.0790036 -0.119817 -0.0905387 -0.113925 -0.10126 -0.107632 -0.112822 -0.10017 -0.12317 -0.0925125 -0.132987 -0.084419 
4.074 0.000520477 -0.0819203 -0.0100141 -0.0803715 -0.0193473 -0.0786408 -0.028309 -0.0762628 -0.038036 -0.0733674 -0.047047 -0.0701106 -0.0556601 -0.0663682 
3.693 -0.243967 -0.18807 -0.260853 -0.171603 -0.275288 -0.156223 -0.288595 -0.140481 -0.30217 -0.122515 -0.314037 -0.104985 -0.324731 -0.0870085 
3.637 -0.273415 -0.146295 -0.287687 -0.128224 -0.299721 -0.111388 -0.310543 -0.0944544 -0.321331 -0.0753587 -0.330573 -0.0568974 -0.338624 -0.0381062 
3.676 -0.265881 -0.247651 -0.286107 -0.229839 -0.303446 -0.213175 -0.31947 -0.195984 -0.335936 -0.176288 -0.350449 -0.157046 -0.363701 -0.137189 
4.289 0.156663 -0.0545268 0.147198 -0.0620976 0.138356 -0.0683551 0.129554 -0.0739886 0.119492 -0.0795671 0.109806 -0.0844043 0.1001 -0.0885125 
3.77 -0.191234 -0.212724 -0.209504 -0.199438 -0.22523 -0.186652 -0.239896 -0.173572 -0.25514 -0.15846 -0.268722 -0.143386 -0.281227 -0.127883 
4.418 0.219669 -0.0264484 0.211792 -0.0378705 0.204202 -0.0476496 0.196534 -0.056886 0.187423 -0.0663429 0.178358 -0.0748592 0.169103 -0.0825792 
3.529 -0.362444 -0.2319 -0.381743 -0.208387 -0.397898 -0.186543 -0.412566 -0.164496 -0.427193 -0.139596 -0.439761 -0.115583 -0.450749 -0.0911444 
3.666 -0.256294 -0.153143 -0.270919 -0.13604 -0.283307 -0.120087 -0.294491 -0.103987 -0.305811 -0.0856571 -0.315548 -0.0679121 -0.324096 -0.0499193 
3.705 -0.237803 -0.207246 -0.255675 -0.191149 -0.270994 -0.175866 -0.28509 -0.160303 -0.299567 -0.142675 -0.312331 -0.125165 -0.323912 -0.107357 
3.654 -0.280948 -0.222997 -0.299779 -0.204353 -0.315789 -0.186864 -0.330497 -0.16901 -0.345483 -0.148765 -0.358577 -0.12908 -0.370398 -0.108927 
4.16 0.0580468 -0.249021 0.0377711 -0.250519 0.0195516 -0.250903 0.00190716 -0.250442 -0.0174185 -0.248817 -0.0355227 -0.246394 -0.0530832 -0.242959 
3.686 -0.239173 -0.151774 -0.253646 -0.135876 -0.265901 -0.121066 -0.277085 -0.105984 -0.288453 -0.0888506 -0.298275 -0.07214 -0.307028 -0.0551217 
4.445 0.228571 -0.0606903 0.218625 -0.0726036 0.209205 -0.0827232 0.199668 -0.0920732 0.188616 -0.101705 0.17766 -0.110207 0.166601 -0.117801 
0.899 -0.0707026 0.368018 -0.0579919 0.377045 -0.0462857 0.384704 -0.0344763 0.391466 -0.0213333 0.397995 -0.00868893 0.403538 0.00395265 0.408381 
3.58 -0.317244 -0.126435 -0.330343 -0.105748 -0.341132 -0.0867623 -0.350712 -0.0676182 -0.360053 -0.046222 -0.367763 -0.0256198 -0.374273 -0.00489398 
3.623 -0.279578 -0.109314 -0.291622 -0.0909099 -0.301702 -0.0738357 -0.310578 -0.0567636 -0.319322 -0.0374797 -0.326542 -0.019104 -0.332637 -0.000606468 
1.104 0.356636 0.389933 0.370448 0.372135 0.381861 0.355801 0.392158 0.339131 0.402113 0.32033 0.410302 0.302207 0.417346 0.283985 
1.446 0.260759 0.27625 0.269389 0.263071 0.276375 0.251175 0.282832 0.238962 0.288873 0.225231 0.293942 0.212066 0.298104 0.19896 
3.684 -0.255609 -0.204506 -0.273372 -0.187384 -0.28853 -0.171354 -0.302492 -0.154849 -0.316766 -0.136155 -0.329221 -0.117866 -0.340478 -0.099132 
1.027 0.460731 0.476907 0.478917 0.452852 0.493627 0.430609 0.507191 0.408185 0.520377 0.382921 0.531305 0.358571 0.540671 0.334159 
0.71 -0.322723 0.332407 -0.313472 0.357413 -0.304077 0.379441 -0.293749 0.400513 -0.281312 0.42265 -0.268557 0.442888 -0.254927 0.462183 
4.133 0.0470894 -0.0641145 0.0374342 -0.0650958 0.0286769 -0.0653906 0.0203154 -0.0654451 0.0110816 -0.064886 0.00245519 -0.0638917 -0.00586752 -0.0624108 
4.238 0.295686 0.089974 0.294555 0.073526 0.292708 0.0591127 0.290383 0.0450527 0.286736 0.0299688 0.282486 0.0160526 0.277616 0.0027903 
3.668 -0.248076 -0.138762 -0.261889 -0.122247 -0.273557 -0.106898 -0.284069 -0.091377 -0.294671 -0.0738687 -0.303813 -0.0568676 -0.311848 -0.0395508 
3.68 -0.25013 -0.16821 -0.265512 -0.151454 -0.278552 -0.135772 -0.290478 -0.119776 -0.302528 -0.10176 -0.313042 -0.0840922 -0.322331 -0.0661815 
1.306 -0.0960416 0.247487 -0.0892795 0.256568 -0.083031 0.264448 -0.0763795 0.27183 -0.0687548 0.279445 -0.0612293 0.286234 -0.0534369 0.292536 
3.617 -0.302178 -0.182591 -0.318322 -0.162946 -0.331974 -0.144613 -0.344276 -0.12611 -0.356657 -0.105241 -0.367313 -0.084996 -0.376643 -0.0644921 
3.574 -0.329571 -0.143556 -0.343712 -0.122232 -0.355463 -0.102595 -0.365853 -0.0828557 -0.376059 -0.0606172 -0.384613 -0.0394223 -0.391747 -0.0176657 
3.689 -0.253554 -0.262033 -0.274738 -0.245006 -0.292949 -0.228851 -0.30991 -0.212148 -0.327346 -0.192883 -0.342832 -0.173922 -0.356995 -0.154353 
3.613 -0.31382 -0.246281 -0.334018 -0.225622 -0.351207 -0.206294 -0.366987 -0.186653 -0.382997 -0.164457 -0.396979 -0.142464 -0.409598 -0.120233 
3.713 -0.228215 -0.181907 -0.244771 -0.166491 -0.258999 -0.151836 -0.272056 -0.136948 -0.285347 -0.119994 -0.297121 -0.103358 -0.307716 -0.0862499 
1.171 -0.0166005 0.36117 -0.00366274 0.365733 0.00800738 0.369438 0.0197589 0.372373 0.0325644 0.374772 0.0446448 0.376398 0.0566576 0.377322 
1.597 0.19433 0.261183 0.201811 0.251961 0.207922 0.243533 0.213721 0.234977 0.219202 0.225362 0.223897 0.216207 0.228053 0.20702 
3.922 -0.111793 -0.156568 -0.126519 -0.148256 -0.139389 -0.140238 -0.15133 -0.131782 -0.164085 -0.121833 -0.175412 -0.111814 -0.186059 -0.101396 
3.795 -0.178907 -0.221627 -0.197673 -0.208821 -0.213889 -0.196528 -0.229053 -0.183772 -0.244839 -0.16912 -0.258976 -0.154436 -0.272039 -0.139229 
3.699 -0.247391 -0.221627 -0.26614 -0.205045 -0.282115 -0.189451 -0.29692 -0.173536 -0.312175 -0.155179 -0.325608 -0.137257 -0.337821 -0.118882 
3.641 -0.291905 -0.214779 -0.310267 -0.195363 -0.325872 -0.177284 -0.340072 -0.158924 -0.354528 -0.13796 -0.367128 -0.117779 -0.378412 -0.0969643 
1.549 0.188851 0.161197 0.190522 0.152718 0.191598 0.145146 0.19244 0.13765 0.192715 0.129403 0.192592 0.12161 0.192091 0.114027 
3.83 -0.156992 -0.27162 -0.178693 -0.259948 -0.197604 -0.248648 -0.215407 -0.23675 -0.23411 -0.222623 -0.25101 -0.208465 -0.266834 -0.193712 
1.06 0.433338 0.413902 0.448078 0.391564 0.459928 0.371083 0.470842 0.350531 0.480929 0.327387 0.489155 0.305258 0.496216 0.283162 
4.312 0.165566 -0.0189152 0.158506 -0.0272218 0.151839 -0.0342866 0.145145 -0.0408159 0.137251 -0.0475321 0.129501 -0.0534028 0.121656 -0.0586808 
0.718 -0.300808 0.334461 -0.291298 0.358203 -0.281723 0.37914 -0.271222 0.399042 -0.25885 0.419932 -0.246135 0.439043 -0.232586 0.457198 
3.668 -0.244651 -0.107259 -0.256487 -0.0910409 -0.266488 -0.0760012 -0.275368 -0.0609028 -0.284232 -0.0439185 -0.291763 -0.0274628 -0.298251 -0.0108407 
3.635 -0.245336 -0.0867141 -0.256263 -0.0703419 -0.265423 -0.0551586 -0.273441 -0.0399307 -0.281366 -0.0228248 -0.288022 -0.0064176 -0.293571 0.0101922 
3.836 -0.107684 -0.0134365 -0.114154 -0.00543018 -0.119534 0.00205338 -0.124356 0.00963446 -0.129198 0.0181878 -0.13364 0.0264569 -0.137377 0.0348193 
3.746 -0.215203 -0.242172 -0.235189 -0.227474 -0.25244 -0.213327 -0.26853 -0.198838 -0.285245 -0.182037 -0.300151 -0.165283 -0.313864 -0.148148 
3.98 -0.0720723 -0.10315 -0.0837263 -0.0968763 -0.093933 -0.0907275 -0.103454 -0.0843205 -0.113608 -0.0767751 -0.122722 -0.0691575 -0.131203 -0.0611235 
1.253 0.102561 0.194069 0.105543 0.191528 0.108071 0.188995 0.110587 0.186453 0.113034 0.183715 0.115097 0.180955 0.116976 0.1781 
4.398 0.217614 0.00162991 0.21167 -0.0101432 0.205811 -0.0203024 0.199754 -0.0299219 0.192425 -0.0400174 0.184996 -0.049101 0.177328 -0.0575874 
3.459 -0.372716 -0.190125 -0.389619 -0.165786 -0.403736 -0.143433 -0.416318 -0.12105 -0.428689 -0.0960308 -0.439153 -0.071474 -0.448055 -0.046894 
1.249 -0.0672785 0.305013 -0.0571824 0.312354 -0.047967 0.318661 -0.0384049 0.324305 -0.0278194 0.329797 -0.0178442 0.334374 -0.00759467 0.338512 
4.156 0.0621559 -0.011382 0.0556003 -0.0136259 0.0495387 -0.0151688 0.0437524 -0.0164707 0.0372128 -0.017497 0.0309665 -0.0181712 0.0249075 -0.0185065 
1.042 0.419641 0.459786 0.436868 0.438306 0.451201 0.418542 0.46432 0.398503 0.477192 0.375892 0.487881 0.35396 0.497314 0.332026 
3.893 -0.133023 -0.0839748 -0.143356 -0.0744562 -0.152134 -0.0655218 -0.160112 -0.0563586 -0.168618 -0.0459704 -0.175986 -0.0357913 -0.182757 -0.0253434 
4.316 0.167621 -0.196288 0.149638 -0.204125 0.133252 -0.210267 0.117118 -0.215517 0.09909 -0.220263 0.081953 -0.223758 0.0650022 -0.226205 
3.824 -0.163841 -0.291481 -0.186731 -0.27962 -0.206709 -0.268101 -0.22547 -0.256027 -0.245233 -0.241604 -0.263157 -0.227061 -0.279976 -0.211806 
1.13 0.362115 0.35843 0.373956 0.340123 0.383452 0.32334 0.392003 0.306546 0.400394 0.287722 0.406945 0.269643 0.412393 0.251601 
3.967 -0.0789207 -0.0853445 -0.0897551 -0.0787544 -0.0992609 -0.0724101 -0.108092 -0.0657604 -0.117416 -0.0580061 -0.125965 -0.0502197 -0.133691 -0.0420506 
3.938 -0.103575 -0.102465 -0.115224 -0.0945747 -0.125345 -0.0869842 -0.134651 -0.0790711 -0.144525 -0.0699519 -0.153361 -0.0609011 -0.161412 -0.0514424 
3.584 -0.259033 -0.091508 -0.270226 -0.0743713 -0.279573 -0.0585324 -0.287794 -0.0426204 -0.295848 -0.0247329 -0.302594 -0.00756549 -0.308268 0.00981536 
3.992 0.246377 0.113943 0.246303 0.100572 0.245616 0.0887422 0.244505 0.0772488 0.242486 0.064787 0.23989 0.0532267 0.236924 0.0421088 
3.916 -0.115902 -0.227791 -0.134767 -0.219117 -0.151299 -0.210595 -0.166886 -0.201426 -0.183395 -0.190518 -0.198408 -0.179476 -0.212472 -0.16775 
4.051 -0.0152308 -0.0764416 -0.0255829 -0.0735509 -0.0347614 -0.0704712 -0.0434569 -0.0670543 -0.0527496 -0.0628528 -0.061304 -0.0583867 -0.0693705 -0.0534783 
1.624 0.202548 0.187221 0.205523 0.177967 0.207763 0.169692 0.209664 0.161465 0.211107 0.152408 0.21197 0.143956 0.212428 0.135512 
3.709 -0.237803 -0.232585 -0.257117 -0.21639 -0.273741 -0.201043 -0.289093 -0.185285 -0.304942 -0.167253 -0.318955 -0.149485 -0.331708 -0.131251 
3.545 -0.306972 -0.108629 -0.319201 -0.0884596 -0.329347 -0.0700032 -0.338212 -0.0513486 -0.346875 -0.0306043 -0.353971 -0.0106118 -0.359896 0.00945033 
2.771 0.389508 0.211875 0.393955 0.190517 0.396817 0.171322 0.399068 0.152535 0.400066 0.131922 0.400058 0.112744 0.399118 0.0938668 
3.189 -0.323408 -0.0928777 -0.334712 -0.071806 -0.343646 -0.0523992 -0.351586 -0.0330351 -0.358963 -0.0114697 -0.364972 0.00917145 -0.36988 0.0298977 
3.758 -0.204246 -0.225051 -0.223271 -0.210871 -0.239681 -0.197348 -0.254947 -0.183417 -0.27083 -0.167255 -0.284925 -0.151425 -0.297918 -0.135091 
3.801 -0.180277 -0.29559 -0.203395 -0.282688 -0.223519 -0.270192 -0.242406 -0.257057 -0.262266 -0.241675 -0.280197 -0.226081 -0.29698 -0.209813 
3.607 -0.296699 -0.129174 -0.309946 -0.109536 -0.320971 -0.0913758 -0.330708 -0.0732184 -0.34032 -0.0527626 -0.348351 -0.0331507 -0.355192 -0.0134065 
3.719 -0.237118 -0.305862 -0.260793 -0.289446 -0.281239 -0.273853 -0.300341 -0.25753 -0.320243 -0.238805 -0.337953 -0.220157 -0.354386 -0.200844 
4.219 0.103931 -0.0312423 0.0959741 -0.0356418 0.0886193 -0.0391102 0.0814758 -0.042207 0.0733883 -0.0451338 0.0655806 -0.0473894 0.0579101 -0.0492295 
1.971 0.3628 0.292001 0.371894 0.272486 0.378988 0.25488 0.385231 0.237323 0.390751 0.217786 0.394881 0.199236 0.398225 0.180909 
3.779 -0.183016 -0.0791809 -0.193247 -0.0664256 -0.201864 -0.0545964 -0.209585 -0.0425918 -0.217364 -0.0291252 -0.223951 -0.01605 -0.229782 -0.00281355 
1.238 -0.00769758 0.309122 0.00245929 0.313161 0.011637 0.316412 0.0208384 0.319113 0.0309662 0.321442 0.0405485 0.323138 0.0500907 0.324363 
4.188 0.0758526 -0.166155 0.0598332 -0.168572 0.0454238 -0.169987 0.0314134 -0.170814 0.0159909 -0.170769 0.001565 -0.169906 -0.0125112 -0.168228 
1.228 0.0162717 0.339255 0.0282292 0.341768 0.0389683 0.343448 0.0496479 0.344642 0.0612004 0.345071 0.071937 0.34517 0.0825717 0.344979 
1.281 -0.109738 0.218039 -0.104575 0.227804 -0.0995735 0.236361 -0.0941799 0.244478 -0.0878872 0.252868 -0.0815316 0.260643 -0.0747261 0.267883 
3.83 -0.159732 -0.306547 -0.183433 -0.294991 -0.204147 -0.283662 -0.223663 -0.271778 -0.244286 -0.257519 -0.262975 -0.243126 -0.280563 -0.22794 
4.266 0.233365 0.0358718 0.229467 0.0230415 0.225285 0.0119168 0.220848 0.00120737 0.215167 -0.0101626 0.209121 -0.0204821 0.202851 -0.0302774 
4.508 0.255965 -0.117532 0.242473 -0.130938 0.22979 -0.142344 0.21708 -0.152766 0.202417 -0.163394 0.188136 -0.172503 0.173693 -0.180621 
3.898 -0.126174 -0.114792 -0.138646 -0.105731 -0.149395 -0.0970538 -0.159338 -0.088061 -0.169733 -0.077709 -0.179109 -0.0674588 -0.187714 -0.0568346 
3.689 -0.254239 -0.277784 -0.276066 -0.260613 -0.294867 -0.244364 -0.312299 -0.227586 -0.330344 -0.208322 -0.346324 -0.189362 -0.360988 -0.16987 
1.806 -0.215888 0.193384 -0.21092 0.208893 -0.20603 0.222605 -0.200418 0.235784 -0.193636 0.249801 -0.186676 0.262651 -0.178938 0.274826 
3.775 -0.195343 -0.248336 -0.215527 -0.234686 -0.23286 -0.22167 -0.249132 -0.208004 -0.266155 -0.192051 -0.281283 -0.176473 -0.295326 -0.160274 
3.467 -0.359019 -0.123695 -0.372299 -0.100606 -0.38318 -0.0792971 -0.392572 -0.0577779 -0.401623 -0.0336337 -0.409028 -0.0106605 -0.414949 0.0124002 
4.23 0.108725 -0.0654842 0.0987067 -0.0701842 0.0895131 -0.0738879 0.0804997 -0.0770241 0.0704101 -0.0799311 0.0607938 -0.0821094 0.0512899 -0.0836364 
3.881 0.266922 0.131064 0.268145 0.116549 0.26856 0.103701 0.268497 0.0910173 0.26746 0.0772962 0.265856 0.0644058 0.263631 0.0519605 
1.241 -0.0487878 0.313916 -0.0381392 0.320532 -0.0284066 0.326078 -0.0185057 0.331065 -0.00752867 0.335653 0.00292293 0.339527 0.0134835 0.342775 
4.184 0.0840707 -0.00179427 0.0779553 -0.00532229 0.0723139 -0.00811611 0.066809 -0.0105905 0.0605514 -0.0129455 0.0545281 -0.0148292 0.0486227 -0.0162144 
3.611 -0.291905 -0.116162 -0.304442 -0.0970386 -0.314865 -0.0792413 -0.32402 -0.0614663 -0.333037 -0.0415418 -0.340522 -0.0224782 -0.34685 -0.00318293 
1.258 -0.0282427 0.281044 -0.0199746 0.286162 -0.0124569 0.290457 -0.00477761 0.294338 0.00369111 0.298015 0.0117758 0.301102 0.0200278 0.303734 
0.868 -0.202876 0.31597 -0.193136 0.332845 -0.183752 0.347534 -0.173783 0.361519 -0.162168 0.375928 -0.150624 0.388927 -0.138391 0.401135 
1.038 -0.135077 0.284468 -0.126666 0.296905 -0.11878 0.307665 -0.11044 0.317808 -0.100818 0.328264 -0.0913725 0.337585 -0.0814525 0.346346 
3.938 -0.0994658 -0.134653 -0.11309 -0.126961 -0.124985 -0.119483 -0.136161 -0.111677 -0.148118 -0.102482 -0.158827 -0.0932444 -0.168985 -0.0835258 
4.473 0.242268 -0.0161759 0.235101 -0.0292132 0.228062 -0.0403701 0.220795 -0.0509696 0.212042 -0.0621061 0.203383 -0.0719394 0.194254 -0.081076 
1.088 0.371018 0.391303 0.384616 0.372813 0.395542 0.355676 0.405838 0.338509 0.415303 0.319025 0.423277 0.300396 0.429879 0.281571 
1.275 -0.0556362 0.254335 -0.0484454 0.261193 -0.0418228 0.267079 -0.034918 0.272463 -0.0271615 0.277818 -0.0197454 0.282451 -0.012183 0.286691 
1.235 0.0751678 0.286522 0.0839259 0.285384 0.0916278 0.284002 0.0991995 0.282268 0.107133 0.27983 0.114391 0.277192 0.121543 0.27419 
0.984 -0.0597452 0.346103 -0.0477029 0.353324 -0.0366902 0.359564 -0.0253877 0.364971 -0.0130466 0.370123 -0.00117105 0.374444 0.0108417 0.378095 
3.729 -0.223421 -0.218888 -0.242041 -0.20359 -0.258005 -0.189237 -0.272812 -0.174452 -0.288078 -0.157463 -0.301686 -0.140704 -0.314083 -0.123358 
0.913 -0.250815 0.27762 -0.243095 0.297097 -0.235521 0.314131 -0.227307 0.330298 -0.217291 0.347422 -0.207089 0.363058 -0.1962 0.377903 
3.637 -0.296014 -0.297644 -0.319199 -0.277957 -0.339061 -0.259356 -0.357488 -0.240153 -0.37645 -0.218255 -0.393194 -0.196761 -0.408481 -0.174677 
1.269 -0.0768662 0.290631 -0.0675741 0.298695 -0.0589738 0.305678 -0.0500793 0.312032 -0.0401659 0.318348 -0.0305858 0.323796 -0.0208772 0.328706 
1.408 0.138858 0.209821 0.142994 0.204863 0.146514 0.200194 0.149676 0.195592 0.152807 0.190248 0.155392 0.185134 0.157746 0.180114 
4.148 0.0854404 0.0673743 0.0837471 0.0635058 0.0819887 0.0601366 0.0802764 0.056967 0.0779708 0.0535654 0.0757556 0.0505172 0.0733959 0.0477221 
1.201 0.344309 0.330352 0.354763 0.312665 0.363462 0.296501 0.371252 0.280351 0.378526 0.26222 0.384336 0.244961 0.38917 0.227811 
3.945 -0.0974113 -0.0880838 -0.108376 -0.080575 -0.118037 -0.0733848 -0.126814 -0.0658728 -0.136136 -0.0572262 -0.1445 -0.0485949 -0.152232 -0.0396086 
4.277 0.1505 -0.087399 0.139455 -0.094909 0.129183 -0.100892 0.119061 -0.106321 0.107594 -0.111508 0.0965374 -0.115823 0.0855102 -0.119329 
4.27 0.142967 -0.0606903 0.13315 -0.0675807 0.12406 -0.0732414 0.115113 -0.0783274 0.104896 -0.0834328 0.0950965 -0.0876022 0.0851896 -0.0910982 
1.307 -0.0912478 0.271456 -0.0831361 0.280259 -0.0754402 0.287897 -0.0675313 0.294915 -0.0585822 0.302017 -0.0497269 0.30827 -0.0409036 0.313995 
4.023 -0.0234488 -0.0168607 -0.0301559 -0.0139174 -0.0360791 -0.01102 -0.0415722 -0.00790419 -0.047483 -0.004164 -0.0528734 -0.000362946 -0.0579249 0.00378855 
4.109 0.0340775 -0.0504178 0.0251984 -0.0507707 0.0172203 -0.0506583 0.00953476 -0.050256 0.00109338 -0.049362 -0.00679756 -0.0480953 -0.0143875 -0.0462967 
1.288 -0.0707026 0.27625 -0.0624174 0.283896 -0.0547411 0.290452 -0.0467845 0.296477 -0.0379973 0.302492 -0.0293342 0.307708 -0.0207888 0.312371 
1.215 0.0464046 0.263923 0.0536499 0.264774 0.060071 0.265323 0.0665703 0.265437 0.0733908 0.265176 0.0798846 0.264536 0.0861782 0.26373 
4.234 0.10941 -0.0894535 0.0979551 -0.094112 0.0876148 -0.097671 0.0773521 -0.100715 0.0660764 -0.10333 0.0551061 -0.105198 0.0444706 -0.106356 
3.961 -0.0857691 -0.0545268 -0.0946033 -0.0474775 -0.102248 -0.0408133 -0.109264 -0.0339523 -0.116552 -0.0260533 -0.123027 -0.0182844 -0.129024 -0.0102589 
3.182 0.460731 0.0673743 0.457 0.041562 0.45246 0.0189086 0.447131 -0.00313599 0.439802 -0.0266802 0.431755 -0.0483492 0.422767 -0.069164 
3.418 0.385399 0.0933982 0.383865 0.0718277 0.381291 0.0529872 0.37825 0.0346153 0.373566 0.0147305 0.368033 -0.00356815 0.361819 -0.0210918 
1.361 0.112149 0.261183 0.119051 0.258088 0.125274 0.254907 0.130984 0.251713 0.137261 0.247632 0.142701 0.243589 0.147867 0.239471 
4.137 0.0676346 0.0632653 0.0655411 0.0604861 0.0634901 0.0582034 0.0616017 0.055952 0.0591809 0.0535994 0.0567574 0.0516218 0.0545068 0.0497717 
3.633 -0.283687 -0.175058 -0.299449 -0.156332 -0.312791 -0.138746 -0.324791 -0.12108 -0.336891 -0.101106 -0.347308 -0.0817324 -0.356526 -0.0620921 
3.809 -0.167265 -0.120271 -0.179843 -0.108424 -0.190542 -0.0975448 -0.200436 -0.0861342 -0.210579 -0.0732103 -0.219545 -0.060563 -0.227628 -0.0476606 
1.298 0.314861 0.300219 0.324208 0.283953 0.331761 0.269122 0.338467 0.25427 0.34451 0.237598 0.349427 0.22182 0.353473 0.206163 
0.983 -0.269306 0.262553 -0.262304 0.282892 -0.255215 0.300786 -0.247167 0.317951 -0.237407 0.336145 -0.227423 0.352715 -0.21674 0.368541 
1.409 0.136118 0.235844 0.141784 0.23093 0.146615 0.226386 0.151112 0.221619 0.155699 0.216194 0.159633 0.210874 0.163296 0.205553 
1.07 -0.000849199 0.366648 0.0122018 0.37034 0.0239332 0.37315 0.0356022 0.375275 0.0483152 0.376866 0.0603055 0.377796 0.0722087 0.378071 
3.133 0.451829 0.130379 0.45192 0.104911 0.450903 0.0821685 0.449014 0.0601685 0.445399 0.0363376 0.440597 0.014339 0.434907 -0.00681381 
3.939 -0.103575 -0.0606903 -0.112831 -0.0528611 -0.12083 -0.0454265 -0.127953 -0.0377718 -0.135618 -0.029051 -0.142237 -0.0204791 -0.148409 -0.0116314 
4.141 0.0758526 -0.390097 0.0469319 -0.392108 0.02101 -0.392598 -0.0041186 -0.391925 -0.031556 -0.389616 -0.057213 -0.386081 -0.0821564 -0.381162 
3.609 -0.319299 -0.227791 -0.338299 -0.206827 -0.354364 -0.187155 -0.368988 -0.167271 -0.383826 -0.14465 -0.396623 -0.122782 -0.408031 -0.100475 
3.6 -0.311766 -0.160677 -0.326972 -0.140026 -0.339663 -0.121163 -0.351055 -0.101997 -0.362366 -0.080555 -0.371899 -0.0598188 -0.38017 -0.038918 
3.842 -0.147404 -0.323668 -0.172234 -0.312769 -0.193934 -0.301882 -0.21449 -0.290238 -0.236281 -0.27622 -0.256067 -0.262005 -0.274622 -0.246991 
3.021 0.452513 0.200918 0.456788 0.175106 0.459361 0.152186 0.460967 0.129505 0.461109 0.10494 0.459958 0.0820167 0.45772 0.0595411 
3.791 -0.176852 -0.095617 -0.187985 -0.0833466 -0.197496 -0.0717905 -0.206094 -0.0601406 -0.214823 -0.0468672 -0.222384 -0.0339533 -0.229048 -0.0207904 
4.082 0.131324 0.0803862 0.129929 0.0739764 0.128705 0.0684346 0.126985 0.0630097 0.124852 0.0572735 0.122371 0.0519547 0.11984 0.0470132 
4.352 0.184057 -0.0483632 0.175202 -0.0579373 0.166883 -0.0660547 0.158592 -0.0735653 0.148913 -0.0811625 0.139334 -0.0878903 0.129779 -0.0938151 
3.982 -0.0528969 -0.0332968 -0.0601864 -0.0286187 -0.0667116 -0.0242542 -0.0727255 -0.0195334 -0.0791919 -0.0142085 -0.0847613 -0.00892726 -0.0901216 -0.00336429 
3.404 -0.123435 -0.00384879 -0.129361 0.00522101 -0.134429 0.0135523 -0.138784 0.0219627 -0.143052 0.0313956 -0.146717 0.0404799 -0.149565 0.0497256 
3.582 -0.339159 -0.176428 -0.355339 -0.15417 -0.368843 -0.133628 -0.380878 -0.11318 -0.392856 -0.0900374 -0.40301 -0.0675961 -0.411763 -0.045014 
4.027 -0.0412546 -0.181907 -0.0577918 -0.17752 -0.0724856 -0.172926 -0.0864902 -0.167788 -0.101639 -0.161333 -0.115397 -0.154492 -0.128476 -0.146908 
3.926 -0.0933023 -0.011382 -0.0996532 -0.00420575 -0.105029 0.00248437 -0.109806 0.00929764 -0.114775 0.0169852 -0.119106 0.0244605 -0.122854 0.0320544 
1.354 -0.117272 0.189275 -0.113844 0.199515 -0.110499 0.208773 -0.106564 0.217412 -0.101886 0.226677 -0.0971016 0.235212 -0.0918222 0.24331 
4.316 0.1731 0.022175 0.168079 0.0132327 0.163178 0.00551891 0.158154 -0.00168129 0.152081 -0.00935625 0.145913 -0.0161701 0.139651 -0.0224357 
1.283 -0.0378304 0.21119 -0.0334197 0.217026 -0.0291704 0.222155 -0.0249375 0.226786 -0.0199903 0.231673 -0.0153055 0.236041 -0.0102106 0.2401 
4.289 0.155979 -0.0730174 0.145465 -0.0805445 0.135767 -0.0868466 0.126101 -0.0924303 0.115134 -0.0979466 0.104531 -0.102725 0.0939502 -0.106676 
1.139 0.427174 0.361855 0.438834 0.339478 0.448327 0.319167 0.45681 0.298964 0.464569 0.276383 0.470499 0.254886 0.475516 0.233487 
3.59 -0.33368 -0.190809 -0.350747 -0.168624 -0.365089 -0.148158 -0.377997 -0.127441 -0.390838 -0.104048 -0.401765 -0.0814991 -0.411228 -0.0585276 
4.363 0.19296 -0.0839748 0.181969 -0.0939677 0.171729 -0.102433 0.161456 -0.110202 0.14963 -0.117927 0.138223 -0.124592 0.126702 -0.130407 
4.066 0.00668402 -0.0106972 0.000331085 -0.00955124 -0.0053001 -0.00817371 -0.0106273 -0.00667224 -0.0164418 -0.0046189 -0.0218712 -0.00244998 -0.0269929 5.1535e-05 
1.216 0.0642104 0.389248 0.0785366 0.389184 0.0912675 0.38867 0.103897 0.387343 0.117191 0.38514 0.129651 0.382525 0.141802 0.379443 
1.315 -0.110423 0.257074 -0.103069 0.267027 -0.0962501 0.275718 -0.0890114 0.283837 -0.0806505 0.292168 -0.0724479 0.299574 -0.0641329 0.306509 
3.621 -0.309026 -0.261348 -0.330052 -0.2409 -0.347941 -0.221924 -0.36446 -0.202481 -0.381364 -0.180217 -0.3961 -0.15856 -0.409458 -0.136312 
1.425 0.237474 0.29474 0.246345 0.283274 0.253908 0.272845 0.260769 0.262176 0.267454 0.250262 0.27293 0.238638 0.277819 0.227057 
1.337 0.279934 0.292001 0.288805 0.277867 0.296067 0.264952 0.302621 0.251991 0.30876 0.237564 0.313684 0.223618 0.317746 0.209756 
1.924 -0.14535 0.196809 -0.140581 0.208052 -0.136005 0.217836 -0.130932 0.22722 -0.124966 0.237069 -0.118951 0.246033 -0.112437 0.254734 
3.568 -0.343953 -0.161361 -0.359129 -0.138953 -0.371785 -0.118388 -0.382997 -0.0977468 -0.39397 -0.0745243 -0.403187 -0.0522116 -0.411098 -0.0295784 
1.047 -0.0741268 0.340625 -0.0619323 0.34881 -0.0510631 0.355688 -0.0396336 0.361721 -0.0273133 0.367561 -0.0152542 0.372524 -0.00310339 0.376707 
1.022 0.10941 0.407739 0.124683 0.40488 0.138125 0.40188 0.151212 0.398173 0.164992 0.393158 0.177728 0.387868 0.190004 0.382081 
4.008 -0.0385153 -0.0572661 -0.0475594 -0.0532028 -0.0555308 -0.0491358 -0.0629971 -0.0447635 -0.070988 -0.0395635 -0.078292 -0.0342295 -0.0850538 -0.0285994 
3.104 0.444295 0.1701 0.446895 0.144993 0.448085 0.12251 0.448131 0.100636 0.446839 0.0767761 0.44424 0.0547244 0.440601 0.0330961 
1.524 -0.161101 0.254335 -0.153099 0.266982 -0.145332 0.277494 -0.137231 0.288024 -0.127739 0.298145 -0.118402 0.307301 -0.108676 0.315931 
4.301 0.318285 0.0906588 0.317103 0.0729889 0.315302 0.0574304 0.312849 0.0422847 0.309146 0.0259441 0.304702 0.0108065 0.299584 -0.00367361 
3.793 -0.179592 -0.199712 -0.197094 -0.186829 -0.212189 -0.174474 -0.226233 -0.161791 -0.240794 -0.147146 -0.2538 -0.132563 -0.265706 -0.117447 
4.266 0.142282 -0.00384879 0.136325 -0.010843 0.130519 -0.0168286 0.124965 -0.0223026 0.118297 -0.0279757 0.111761 -0.0329786 0.10514 -0.037474 
1.295 -0.0748117 0.233105 -0.0690989 0.240962 -0.0634532 0.247833 -0.0575884 0.254253 -0.0508943 0.260812 -0.044351 0.266593 -0.0375633 0.27211 
3.697 -0.252185 -0.239433 -0.271964 -0.222424 -0.288961 -0.206107 -0.30469 -0.189367 -0.320846 -0.170287 -0.335072 -0.151426 -0.348014 -0.132122 
3.953 -0.0891933 -0.109314 -0.10136 -0.102213 -0.112049 -0.0953288 -0.121884 -0.0880795 -0.132584 -0.0796238 -0.142084 -0.0711443 -0.150897 -0.0622156 
1.948 -0.161101 0.1701 -0.15712 0.181981 -0.152993 0.192411 -0.148298 0.202299 -0.142799 0.212907 -0.137244 0.222628 -0.131286 0.232004 
1.289 -0.0535817 0.217354 -0.0487106 0.223766 -0.0444648 0.229565 -0.0397106 0.235096 -0.0342839 0.240675 -0.0290943 0.245709 -0.0237006 0.250405 
4.496 0.25391 -0.0613752 0.243936 -0.0746846 0.23446 -0.0863948 0.224832 -0.0971071 0.213483 -0.10817 0.202318 -0.118089 0.190795 -0.12695 
1.266 -0.0535817 0.290631 -0.0443712 0.297464 -0.035977 0.303359 -0.0273696 0.308525 -0.0179975 0.313607 -0.00880266 0.317937 0.000259817 0.321796 
2.15 0.556609 0.278989 0.564361 0.247589 0.569878 0.218988 0.573911 0.191416 0.576399 0.160585 0.577255 0.132133 0.57655 0.104223 
4.215 0.0963978 -0.0942474 0.0849295 -0.0981935 0.0745362 -0.101138 0.0640682 -0.103574 0.0525705 -0.105606 0.0412708 -0.106945 0.0304005 -0.10755 
4.34 0.184057 0.035187 0.179788 0.0260106 0.175566 0.0179587 0.171116 0.01047 0.165727 0.00250665 0.160314 -0.00469999 0.154658 -0.0112527 
0.994 -0.469963 0.23242 -0.463022 0.263362 -0.455567 0.290686 -0.446741 0.316979 -0.43568 0.344961 -0.423852 0.370703 -0.410693 0.395423 
3.107 0.465525 0.130379 0.465529 0.104106 0.464271 0.0807258 0.462101 0.058001 0.45817 0.0334083 0.453258 0.0109492 0.447437 -0.0108582 
3.688 -0.234379 -0.136707 -0.247988 -0.12114 -0.259564 -0.106711 -0.270076 -0.0919937 -0.280676 -0.0752947 -0.289836 -0.0592406 -0.298014 -0.0426915 
1.251 0.0833858 0.267347 0.09085 0.265761 0.097301 0.264202 0.103629 0.262315 0.110142 0.259908 0.116132 0.257257 0.121918 0.254348 
1.585 0.163512 0.31871 0.174191 0.311901 0.18346 0.305362 0.192307 0.298602 0.201375 0.290575 0.209399 0.282384 0.216966 0.274256 
3.961 -0.0837146 -0.128489 -0.0971557 -0.121797 -0.108872 -0.115189 -0.119749 -0.10818 -0.131374 -0.0998929 -0.141811 -0.0914726 -0.151698 -0.0825878 
4.02 -0.0282427 -0.0332968 -0.0361697 -0.0299627 -0.0431873 -0.0265807 -0.0497643 -0.0229285 -0.05689 -0.0186475 -0.0633562 -0.0142322 -0.0693222 -0.00940135 
3.457 -0.115902 0.013957 -0.120667 0.0225953 -0.124596 0.0304415 -0.127987 0.0381925 -0.131325 0.0467683 -0.134095 0.0549092 -0.136309 0.0630902 
3.652 -0.261088 -0.133283 -0.274562 -0.115789 -0.285907 -0.0996717 -0.296082 -0.0834491 -0.306301 -0.0649553 -0.314943 -0.0472796 -0.322551 -0.0292521 
4.18 0.0703739 -0.221627 0.0512382 -0.223718 0.0342107 -0.224611 0.0175619 -0.224715 -0.000612866 -0.223854 -0.0177612 -0.222121 -0.034328 -0.21949 
3.908 -0.119326 -0.100411 -0.130912 -0.0915557 -0.14107 -0.083131 -0.15042 -0.0744448 -0.160299 -0.0644721 -0.169184 -0.0545975 -0.177201 -0.0442859 
3.842 -0.148774 -0.29422 -0.171764 -0.283169 -0.191848 -0.27225 -0.210783 -0.260622 -0.230791 -0.246739 -0.248883 -0.233044 -0.265961 -0.218357 
4.246 0.25391 0.0721682 0.251764 0.0584301 0.249425 0.0464382 0.246615 0.0347819 0.242648 0.0222624 0.238093 0.0107189 0.233191 -0.000138066 
3.918 -0.113163 -0.269566 -0.13479 -0.260593 -0.153755 -0.251621 -0.171763 -0.242056 -0.190783 -0.230487 -0.208153 -0.218692 -0.224453 -0.206064 
1.261 0.258704 0.409108 0.274333 0.396666 0.287755 0.385008 0.30024 0.372916 0.313052 0.358988 0.324231 0.345482 0.334563 0.331622 
3.846 0.117628 0.0968224 0.117201 0.0913732 0.116426 0.0866299 0.115577 0.082039 0.114309 0.0770025 0.112877 0.0724141 0.111284 0.0680312 
3.873 0.161457 0.10778 0.161326 0.0996861 0.160969 0.0925692 0.160096 0.085733 0.158849 0.0781227 0.157297 0.0710974 0.155344 0.0643895 
4.488 0.249117 -0.0421997 0.240035 -0.0550143 0.231434 -0.0662005 0.222642 -0.0765795 0.2123 -0.0875257 0.202046 -0.0971147 0.191499 -0.106189 
3.027 0.364854 0.179003 0.36832 0.158679 0.370404 0.140373 0.371646 0.122348 0.37178 0.102709 0.37083 0.084382 0.369099 0.0666862 
1.589 -0.346007 0.208451 -0.339927 0.231366 -0.333136 0.251406 -0.325527 0.27075 -0.316063 0.291245 -0.306113 0.309865 -0.295438 0.327685 
1.305 -0.107684 0.236529 -0.101511 0.24636 -0.0960034 0.254841 -0.0898153 0.262909 -0.0828193 0.271252 -0.075966 0.278744 -0.0684546 0.285865 
0.784 -0.234379 0.332407 -0.224733 0.351718 -0.215421 0.368562 -0.205234 0.384643 -0.193254 0.401422 -0.181323 0.416513 -0.168636 0.430867 
