4.168 0.231311 0.0906588 0.230245 0.0781874 0.228705 0.0672536 0.226803 0.0566235 0.223885 0.0451872 0.220718 0.0346314 0.216923 0.0244991 
0.791 -0.246706 0.324188 -0.237289 0.344388 -0.228114 0.362131 -0.218065 0.378972 -0.206252 0.396656 -0.194207 0.412652 -0.181553 0.427893 
3.461 0.293631 0.156403 0.296074 0.140202 0.297533 0.125702 0.298402 0.111497 0.298291 0.0959299 0.297343 0.0814681 0.295711 0.0673128 
1.521 -0.495302 0.225572 -0.488904 0.257808 -0.481915 0.28623 -0.473487 0.313632 -0.462672 0.342686 -0.450993 0.369748 -0.43819 0.3957 
0.82 -0.445309 0.261868 -0.439541 0.293642 -0.433039 0.321952 -0.425167 0.349268 -0.415044 0.378292 -0.403925 0.405247 -0.391695 0.431188 
3.975 -0.0713875 -0.0572661 -0.080332 -0.0515543 -0.0880871 -0.0460818 -0.095304 -0.0403536 -0.102976 -0.0336946 -0.109714 -0.0270687 -0.116132 -0.0201063 
0.964 -0.184386 0.289947 -0.175916 0.305171 -0.167954 0.318403 -0.159259 0.330961 -0.14918 0.344012 -0.139014 0.355802 -0.128434 0.366972 
0.815 -0.0453636 0.411163 -0.030672 0.418876 -0.0173255 0.425149 -0.00386986 0.430607 0.0109454 0.435611 0.0252024 0.43954 0.039375 0.442761 
0.929 -0.0933023 0.350897 -0.0817451 0.360995 -0.0710551 0.369586 -0.0600742 0.37742 -0.0478537 0.385229 -0.0358986 0.391885 -0.0238176 0.39803 
0.96 -0.199452 0.287207 -0.191176 0.303383 -0.183093 0.317538 -0.174513 0.330944 -0.164484 0.344887 -0.15422 0.357476 -0.1436 0.369487 
0.858 -0.0796055 0.37966 -0.0665813 0.389153 -0.0545723 0.397207 -0.0422841 0.404453 -0.0287136 0.411442 -0.0154412 0.417353 -0.00221988 0.422575 
4.129 0.0539378 -0.328462 0.0284045 -0.329355 0.00558984 -0.328971 -0.016531 -0.327577 -0.0406651 -0.324664 -0.0630174 -0.320702 -0.0849037 -0.315613 
4.109 0.0381865 -0.312711 0.01373 -0.31281 -0.00806407 -0.311781 -0.029201 -0.3098 -0.0522533 -0.306318 -0.073593 -0.301923 -0.0944284 -0.296397 
0.986 -0.214519 0.272826 -0.206827 0.289848 -0.199342 0.304766 -0.191097 0.318969 -0.181531 0.333758 -0.171667 0.347239 -0.16135 0.360097 
4.102 0.027914 -0.302438 0.00400557 -0.301856 -0.0173124 -0.300253 -0.0379215 -0.297723 -0.0603211 -0.293657 -0.0810234 -0.288749 -0.101256 -0.282749 
4.105 0.0381865 -0.327092 0.0129071 -0.327007 -0.00959689 -0.325787 -0.0313883 -0.323579 -0.055131 -0.319823 -0.0770783 -0.315122 -0.098474 -0.309244 
1.4 -0.122065 0.174894 -0.119612 0.185497 -0.116973 0.194938 -0.113876 0.204011 -0.110244 0.213682 -0.106159 0.222586 -0.101789 0.231226 
4.16 0.0635255 -0.281893 0.0407009 -0.283527 0.0202323 -0.283919 0.000377314 -0.283397 -0.0212849 -0.281566 -0.0414836 -0.278801 -0.0612103 -0.274913 
4.191 0.0895494 0.0112176 0.0842351 0.00750625 0.0793214 0.00455795 0.0744613 0.00188121 0.0688192 -0.000787709 0.0635626 -0.00299341 0.0581513 -0.00477535 
4.145 0.0505136 0.000260238 0.0445455 -0.00139948 0.0391609 -0.00260739 0.033923 -0.00354537 0.0280485 -0.00422285 0.0225741 -0.00459235 0.0170767 -0.00452945 
3.586 -0.343953 -0.199712 -0.361403 -0.177405 -0.376006 -0.156697 -0.389189 -0.135746 -0.40238 -0.112248 -0.413499 -0.0895183 -0.42337 -0.0663676 
4.211 0.101192 -0.301068 0.0773132 -0.304625 0.0558226 -0.306727 0.0349622 -0.307778 0.011958 -0.30766 -0.00942798 -0.306361 -0.0304533 -0.303926 
4.172 0.0792768 -0.331201 0.0536046 -0.333687 0.0305938 -0.334765 0.00823234 -0.334722 -0.0162699 -0.333295 -0.0390761 -0.330733 -0.0614767 -0.326947 
3.977 0.207341 0.0995617 0.206773 0.0883191 0.205693 0.0784272 0.204268 0.068846 0.201907 0.0584839 0.199285 0.0489404 0.196139 0.0398324 
0.848 -0.141926 0.357061 -0.130359 0.370333 -0.119556 0.38171 -0.10825 0.392315 -0.0955785 0.403043 -0.0828353 0.412481 -0.0700387 0.421326 
3.941 -0.094672 -0.182591 -0.111061 -0.175072 -0.125391 -0.167626 -0.138925 -0.159691 -0.153329 -0.150263 -0.166262 -0.140608 -0.178579 -0.130395 
4.094 0.0388714 -0.370237 0.0109632 -0.370208 -0.0139119 -0.368935 -0.0379987 -0.366575 -0.0642303 -0.36249 -0.0885455 -0.357367 -0.112224 -0.350994 
4.211 0.10667 -0.31682 0.0818108 -0.320656 0.0594974 -0.322921 0.0377453 -0.324152 0.0138168 -0.324126 -0.00841874 -0.322886 -0.0302978 -0.320455 
4.047 -0.0138611 -0.0339816 -0.0215029 -0.0317497 -0.0282624 -0.0294044 -0.0346699 -0.0268349 -0.0416379 -0.0236206 -0.0479372 -0.020256 -0.0540919 -0.0166243 
4.164 0.0703739 -0.299014 0.0466718 -0.30109 0.0254164 -0.301867 0.00474654 -0.301628 -0.0178644 -0.300125 -0.0389407 -0.297568 -0.0595907 -0.293861 
1.782 -0.393261 -0.152459 -0.408083 -0.126951 -0.420203 -0.103564 -0.430738 -0.080148 -0.440851 -0.0541503 -0.448916 -0.0293957 -0.455694 -0.00460101 
0.877 -0.18644 0.321449 -0.176393 0.337149 -0.166866 0.350761 -0.156651 0.363688 -0.145015 0.376902 -0.13334 0.388761 -0.121347 0.399946 
4.266 0.272401 0.0824408 0.270822 0.0673787 0.268638 0.0540847 0.266021 0.0411932 0.262165 0.0273983 0.257969 0.0145872 0.253085 0.00249729 
0.986 -0.169319 0.292686 -0.16054 0.307037 -0.152193 0.319523 -0.143181 0.331292 -0.13294 0.343445 -0.122557 0.35437 -0.112009 0.36467 
4.203 0.0909191 -0.268196 0.0688705 -0.271315 0.049052 -0.273103 0.0297475 -0.273944 0.00856439 -0.27364 -0.011168 -0.272309 -0.0305789 -0.269887 
4.262 0.236789 0.00984797 0.230833 -0.00285041 0.225079 -0.0137826 0.219005 -0.0242171 0.211508 -0.0351413 0.204029 -0.0450466 0.196073 -0.0542462 
1.13 0.388139 0.360485 0.400021 0.340371 0.409624 0.322053 0.418269 0.303755 0.426212 0.283234 0.432768 0.263581 0.438077 0.244043 
3.961 -0.0871387 -0.206561 -0.105103 -0.199396 -0.12079 -0.192208 -0.135526 -0.184449 -0.151547 -0.175208 -0.165889 -0.165693 -0.179565 -0.15546 
0.893 -0.234379 0.293371 -0.226241 0.311738 -0.218202 0.327903 -0.209392 0.343286 -0.198965 0.359481 -0.188323 0.374135 -0.177075 0.38814 
4.082 0.0176414 -0.318189 -0.00706223 -0.316912 -0.029008 -0.314614 -0.0502831 -0.311393 -0.0732738 -0.306573 -0.0945241 -0.300889 -0.115152 -0.294113 
4.184 0.0840707 -0.305177 0.0599806 -0.307823 0.0384318 -0.309102 0.017403 -0.309351 -0.00556477 -0.308293 -0.0269348 -0.306177 -0.047887 -0.302893 
4.195 0.0929736 -0.321613 0.0679152 -0.324806 0.0454411 -0.326569 0.0235045 -0.327255 -0.000511461 -0.326658 -0.0228679 -0.324907 -0.0448914 -0.321947 
4.207 0.0963978 -0.283947 0.0735208 -0.28727 0.052988 -0.289155 0.0329844 -0.290099 0.0110151 -0.289857 -0.00946104 -0.288536 -0.0295799 -0.286099 
0.862 -0.221367 0.314601 -0.211763 0.332571 -0.202561 0.348091 -0.192701 0.362885 -0.181086 0.378263 -0.169429 0.3922 -0.157287 0.405357 
0.78 -0.048103 0.425544 -0.0329603 0.433457 -0.0191902 0.439948 -0.00531665 0.445634 0.00989047 0.450759 0.0247091 0.454886 0.0392315 0.458207 
4.004 -0.0494727 -0.10452 -0.0614021 -0.099967 -0.0719005 -0.0953337 -0.0818503 -0.0903781 -0.0924898 -0.0843283 -0.102063 -0.0781072 -0.111255 -0.0714235 
3.324 -0.188495 0.109834 -0.189302 0.12418 -0.189571 0.137073 -0.18908 0.149624 -0.187991 0.163197 -0.1861 0.176011 -0.183696 0.188542 
4.156 0.0799616 -0.375716 0.0516505 -0.378172 0.0263171 -0.379029 0.00167066 -0.378777 -0.025269 -0.376944 -0.0503916 -0.373926 -0.0749698 -0.369556 
4.211 0.214875 0.0707985 0.212768 0.059294 0.210359 0.0492105 0.207593 0.0395205 0.203782 0.0291418 0.199836 0.0195582 0.195354 0.0104909 
1.486 -0.52475 0.228311 -0.518871 0.263052 -0.512163 0.293769 -0.503945 0.323338 -0.493401 0.355212 -0.481668 0.384425 -0.468718 0.412868 
0.8 -0.0330366 0.422805 -0.0178074 0.42979 -0.00394129 0.435474 0.00985461 0.440261 0.0251322 0.444526 0.0397396 0.447769 0.0541956 0.450318 
4.172 0.0655801 -0.112053 0.0528054 -0.114072 0.0412837 -0.11529 0.0300889 -0.115916 0.0178311 -0.115968 0.00630586 -0.115366 -0.00509608 -0.114065 
4.148 0.0566772 -0.294905 0.0333085 -0.296052 0.0124312 -0.296013 -0.00784325 -0.295013 -0.0299672 -0.292656 -0.0505133 -0.289352 -0.0705939 -0.284996 
0.826 -0.174798 0.354321 -0.163296 0.369711 -0.152602 0.3829 -0.141298 0.39527 -0.128373 0.408013 -0.115601 0.419326 -0.102485 0.429904 
4.367 0.271716 0.0194357 0.266384 0.00471507 0.260934 -0.00809788 0.255034 -0.0203266 0.247656 -0.033291 0.240206 -0.0450669 0.232313 -0.0561292 
4.156 0.0690042 -0.312711 0.0445184 -0.314439 0.0225952 -0.314901 0.00131428 -0.314312 -0.0219282 -0.312352 -0.0435313 -0.309369 -0.0646105 -0.305256 
4.191 0.0950281 -0.33805 0.0689696 -0.341305 0.0456216 -0.342975 0.0228565 -0.343595 -0.00206447 -0.342807 -0.0252491 -0.340854 -0.0480351 -0.337655 
0.953 -0.2289 0.278989 -0.221218 0.296899 -0.213775 0.312553 -0.205406 0.327574 -0.195657 0.343243 -0.185595 0.357505 -0.175103 0.371146 
4.082 -0.000164361 -0.138077 -0.0142707 -0.136248 -0.0268587 -0.133876 -0.0388859 -0.131091 -0.0519566 -0.127258 -0.0639415 -0.122986 -0.0755651 -0.118056 
4.223 0.114204 -0.346952 0.0876285 -0.3512 0.063693 -0.353781 0.0403707 -0.355219 0.0147156 -0.355311 -0.00915332 -0.354115 -0.0326043 -0.351622 
0.793 -0.144665 0.385824 -0.131683 0.399745 -0.119646 0.411522 -0.107205 0.422395 -0.0931438 0.433399 -0.0792326 0.4431 -0.0652015 0.451923 
3.594 -0.331626 -0.234639 -0.351153 -0.213035 -0.367714 -0.192857 -0.382792 -0.17242 -0.398101 -0.149206 -0.411239 -0.126645 -0.423055 -0.103686 
4.215 0.110779 -0.331201 0.0851289 -0.335231 0.0620447 -0.337643 0.0395737 -0.338976 0.0148425 -0.339007 -0.00814934 -0.337777 -0.0307725 -0.335364 
4.191 0.0998219 -0.354486 0.0727632 -0.357987 0.0485084 -0.35982 0.0248601 -0.360567 -0.0010179 -0.359851 -0.0251301 -0.35789 -0.0487731 -0.354659 
4.031 -0.0282427 -0.095617 -0.0394736 -0.0921284 -0.0494008 -0.0884657 -0.058808 -0.0844627 -0.0689587 -0.0795119 -0.0781342 -0.0743479 -0.086963 -0.0687436 
4.188 0.0833858 -0.290796 0.0600951 -0.293562 0.0392383 -0.294991 0.0188779 -0.295426 -0.00338816 -0.294624 -0.0241532 -0.292807 -0.0445428 -0.289844 
4.02 -0.0446788 -0.163416 -0.0599916 -0.15889 -0.0733924 -0.154133 -0.0862396 -0.148865 -0.0999686 -0.142404 -0.112474 -0.135616 -0.124422 -0.128204 
4.047 -0.0241337 -0.149719 -0.0388992 -0.146407 -0.0519876 -0.142768 -0.0644003 -0.138636 -0.0779044 -0.133385 -0.0901622 -0.127781 -0.101943 -0.121503 
4.109 0.0443501 -0.344213 0.017995 -0.34446 -0.00543866 -0.343472 -0.0281747 -0.341425 -0.0529614 -0.337799 -0.0758354 -0.333153 -0.098194 -0.327341 
3.562 -0.352171 -0.186016 -0.368801 -0.163344 -0.382652 -0.142385 -0.39507 -0.121283 -0.407487 -0.0975139 -0.417846 -0.0745796 -0.426974 -0.0513837 
1.09 0.457307 0.407054 0.471793 0.38258 0.483512 0.360261 0.493955 0.337894 0.503565 0.312925 0.511352 0.289028 0.517692 0.265253 
4.172 0.0833858 -0.345583 0.0569184 -0.348183 0.0332041 -0.34932 0.010127 -0.349353 -0.0151034 -0.347937 -0.0386482 -0.345371 -0.061682 -0.341586 
4.352 0.286098 0.0228599 0.280724 0.0073103 0.275188 -0.00618883 0.269313 -0.0191323 0.261934 -0.0327995 0.254459 -0.0452451 0.246372 -0.0569454 
0.763 -0.464484 0.31871 -0.45593 0.352216 -0.446915 0.381843 -0.436572 0.410209 -0.423575 0.440457 -0.409755 0.468263 -0.394868 0.494818 
0.999 -0.253554 0.260499 -0.246544 0.279636 -0.23962 0.296459 -0.23189 0.312543 -0.222556 0.329527 -0.212787 0.345025 -0.202302 0.359915 
4.098 0.00942337 -0.163416 -0.00608467 -0.162154 -0.0198858 -0.160284 -0.0331714 -0.157855 -0.0476262 -0.154347 -0.0609239 -0.150369 -0.0738297 -0.145646 
3.982 -0.0645391 -0.0791809 -0.0749079 -0.0738683 -0.0839485 -0.0686535 -0.0924437 -0.0631648 -0.101526 -0.0566401 -0.109588 -0.0500573 -0.117328 -0.0430355 
4.16 0.0806465 -0.361334 0.0532194 -0.363681 0.0287108 -0.364483 0.00489142 -0.364203 -0.0211087 -0.36238 -0.0453356 -0.359411 -0.0690202 -0.355118 
0.843 -0.197398 0.331037 -0.187133 0.347552 -0.177352 0.361906 -0.166955 0.375438 -0.154943 0.389428 -0.142837 0.402048 -0.130436 0.413887 
0.929 -0.168634 0.313231 -0.158996 0.327746 -0.149866 0.340321 -0.140212 0.352126 -0.129062 0.364227 -0.117994 0.375056 -0.106716 0.385239 
4.121 0.0601014 -0.393521 0.0309133 -0.394548 0.00483582 -0.394138 -0.0204525 -0.392567 -0.0480119 -0.389268 -0.0735867 -0.384862 -0.098555 -0.379087 
4.145 0.0683194 -0.353116 0.041437 -0.354833 0.0173849 -0.355125 -0.00593775 -0.354371 -0.0314329 -0.352103 -0.0551474 -0.348679 -0.0783316 -0.344031 
4.207 0.10804 -0.372976 0.080114 -0.376963 0.0549712 -0.379257 0.0304558 -0.380315 0.00362315 -0.379999 -0.0213955 -0.378351 -0.0460094 -0.375372 
4.211 0.228571 0.0612108 0.225976 0.0489722 0.223013 0.0382795 0.219787 0.0279298 0.215427 0.0169168 0.210868 0.00681481 0.205767 -0.002839 
1.194 0.366909 0.322134 0.377209 0.302681 0.38563 0.285188 0.393131 0.267643 0.399773 0.247993 0.405144 0.229265 0.409337 0.210646 
0.851 -0.10152 0.372812 -0.0888409 0.383647 -0.0770727 0.3929 -0.0650049 0.401325 -0.0515221 0.409634 -0.0384096 0.416726 -0.0251359 0.423146 
4.141 0.0642104 -0.338734 0.0381265 -0.340269 0.0147761 -0.340468 -0.00784136 -0.339603 -0.0325907 -0.337248 -0.0556117 -0.333811 -0.0781105 -0.32914 
0.871 -0.161101 0.337885 -0.150312 0.352221 -0.140197 0.364597 -0.129541 0.376174 -0.117474 0.388017 -0.105467 0.398559 -0.0932451 0.408385 
3.547 -0.356965 -0.16547 -0.372354 -0.142458 -0.385121 -0.121288 -0.396474 -0.10003 -0.407654 -0.0761517 -0.416859 -0.0531577 -0.424838 -0.0299752 
0.794 -0.0104369 0.433078 0.00524571 0.438524 0.0194999 0.442841 0.033802 0.446322 0.0493097 0.449124 0.0641101 0.450974 0.0787207 0.452133 
0.812 -0.10426 0.388563 -0.0908655 0.399835 -0.0785172 0.409331 -0.0657869 0.41809 -0.0517046 0.426606 -0.0379223 0.433954 -0.0239364 0.44055 
4.273 0.132009 -0.111368 0.119076 -0.117224 0.107266 -0.121867 0.0956543 -0.125855 0.082609 -0.12945 0.0703027 -0.132182 0.0579924 -0.134109 
4.008 -0.0501575 -0.125065 -0.0631142 -0.120384 -0.0745331 -0.115626 -0.0853359 -0.110473 -0.0969325 -0.104264 -0.10742 -0.0978333 -0.11749 -0.0909807 
0.889 -0.147404 0.336516 -0.136549 0.350009 -0.126333 0.361702 -0.115743 0.372527 -0.103633 0.383628 -0.0916524 0.393408 -0.0794735 0.40253 
4.047 -0.0255034 -0.177113 -0.0420234 -0.173782 -0.056478 -0.170006 -0.0704049 -0.165715 -0.0854414 -0.160141 -0.0990733 -0.154121 -0.112252 -0.14739 
1.325 0.0929736 0.313231 0.10308 0.310974 0.11189 0.308641 0.120523 0.305931 0.129498 0.302351 0.137883 0.298557 0.145918 0.294522 
0.913 -0.196713 0.302274 -0.187538 0.318532 -0.178817 0.332706 -0.169468 0.346036 -0.158597 0.359991 -0.147605 0.372496 -0.136322 0.384325 
0.81 -0.121381 0.385824 -0.108424 0.398025 -0.0964169 0.408411 -0.0840561 0.417959 -0.0701348 0.427455 -0.0564854 0.435747 -0.0426988 0.443322 
4.094 0.0313382 -0.353801 0.00440538 -0.353374 -0.0195661 -0.351778 -0.0428401 -0.34914 -0.0681013 -0.344781 -0.091502 -0.339458 -0.114266 -0.332918 
0.867 -0.111108 0.362539 -0.0987875 0.373959 -0.0874522 0.3836 -0.0756895 0.392468 -0.0625625 0.401326 -0.0496303 0.408943 -0.0367335 0.415802 
3.59 -0.33642 -0.216833 -0.35499 -0.194771 -0.370608 -0.174342 -0.384812 -0.153625 -0.399112 -0.13025 -0.411304 -0.107547 -0.422193 -0.0845504 
2.428 -0.27273 0.177633 -0.268475 0.195704 -0.264044 0.211636 -0.25882 0.226993 -0.252348 0.243487 -0.245334 0.25859 -0.237876 0.27326 
3.967 -0.0789207 -0.176428 -0.0949462 -0.169865 -0.108959 -0.163242 -0.122236 -0.156195 -0.136392 -0.147653 -0.149132 -0.138977 -0.16133 -0.129666 
4.125 0.0422956 -0.29559 0.0186862 -0.295882 -0.00239025 -0.295111 -0.0227394 -0.293368 -0.044995 -0.29022 -0.0655549 -0.286158 -0.0856388 -0.280981 
4.133 0.0354472 -0.123695 0.0221119 -0.124076 0.0102115 -0.123735 -0.00130038 -0.122848 -0.0139107 -0.12121 -0.025586 -0.119032 -0.037032 -0.116163 
4.223 0.120367 -0.363389 0.0928054 -0.367955 0.0680154 -0.370775 0.0438199 -0.372415 0.0172392 -0.372646 -0.00754313 -0.37156 -0.0319207 -0.369157 
4.094 0.0450349 -0.401739 0.0153841 -0.401894 -0.0110103 -0.400673 -0.0366692 -0.398298 -0.0645496 -0.394144 -0.0903828 -0.388859 -0.115544 -0.382237 
0.787 -0.0713875 0.416642 -0.0566382 0.426177 -0.0431552 0.434138 -0.0294649 0.441114 -0.014312 0.447821 0.000358965 0.453383 0.0150174 0.45821 
0.831 -0.0570059 0.400205 -0.0428176 0.408566 -0.0299399 0.415398 -0.0168814 0.421399 -0.00243548 0.427081 0.0114709 0.431635 0.0252612 0.435518 
0.926 -0.105629 0.341994 -0.0943739 0.352822 -0.0839414 0.362078 -0.0731053 0.370567 -0.0610069 0.379056 -0.0491597 0.386386 -0.0371085 0.393126 
0.77 0.00599918 0.448144 0.0226246 0.452784 0.0376432 0.45631 0.0525029 0.458951 0.0686667 0.460785 0.0839985 0.461727 0.0989736 0.46189 
3.998 -0.0617998 -0.190809 -0.0790372 -0.185257 -0.0942134 -0.17956 -0.108592 -0.173294 -0.123958 -0.165554 -0.137906 -0.157523 -0.151399 -0.148782 
0.981 -0.152883 0.302958 -0.143601 0.316326 -0.134857 0.327945 -0.125644 0.338877 -0.11513 0.350048 -0.104648 0.360049 -0.0939867 0.369486 
4.023 0.223778 0.104356 0.223313 0.0923365 0.222297 0.0816851 0.220905 0.0713557 0.218547 0.060159 0.215904 0.0498587 0.212742 0.0400415 
0.765 -0.422709 0.275565 -0.416379 0.306394 -0.409464 0.333724 -0.401174 0.360007 -0.390699 0.388104 -0.379337 0.414047 -0.366971 0.438938 
3.996 -0.0604301 -0.16821 -0.0759886 -0.162734 -0.0897139 -0.157142 -0.102668 -0.151053 -0.116523 -0.143661 -0.129177 -0.135979 -0.14107 -0.127774 
4.098 0.0429804 -0.385303 0.014233 -0.385463 -0.0114068 -0.384303 -0.0362825 -0.382016 -0.0633333 -0.378008 -0.0884061 -0.372879 -0.11287 -0.36648 
0.767 -0.139186 0.400205 -0.125434 0.413711 -0.112659 0.425213 -0.0994593 0.435829 -0.0845716 0.446441 -0.0699449 0.455662 -0.0552237 0.464059 
0.916 -0.126174 0.33857 -0.115162 0.350561 -0.104892 0.36087 -0.0943102 0.370372 -0.0823337 0.379963 -0.0703158 0.388418 -0.0582931 0.396258 
0.774 -0.296699 0.305013 -0.288523 0.327911 -0.280034 0.348261 -0.27086 0.367621 -0.259659 0.387978 -0.248089 0.406575 -0.235841 0.424451 
0.805 -0.154253 0.374866 -0.141795 0.38917 -0.130219 0.401473 -0.118083 0.412997 -0.104383 0.424577 -0.0908646 0.434813 -0.0770714 0.44429 
4.145 0.0436653 -0.151089 0.0288096 -0.151848 0.0154401 -0.151856 0.00263342 -0.151218 -0.0115654 -0.149745 -0.0247188 -0.147662 -0.0376236 -0.144827 
0.946 -0.14535 0.320079 -0.135235 0.333207 -0.125635 0.344573 -0.115561 0.3552 -0.104135 0.365951 -0.0927931 0.375575 -0.0811348 0.384497 
0.754 -0.311081 0.311861 -0.302562 0.336013 -0.29401 0.35718 -0.284396 0.377587 -0.272979 0.398942 -0.260984 0.418468 -0.248291 0.437107 
1.476 0.229941 0.285838 0.238568 0.27473 0.24579 0.264605 0.252433 0.254328 0.258788 0.242669 0.264253 0.231425 0.268965 0.220288 
0.893 -0.0857691 0.362539 -0.0735922 0.372245 -0.0623984 0.380447 -0.0508495 0.387969 -0.038032 0.395262 -0.0255566 0.401485 -0.0130676 0.407066 
4.184 0.0943432 -0.37777 0.0660918 -0.380937 0.040766 -0.382492 0.0160984 -0.38284 -0.010876 -0.381708 -0.03604 -0.379342 -0.06068 -0.375598 
0.759 -0.40011 0.287892 -0.39294 0.317466 -0.385408 0.343497 -0.376601 0.368569 -0.365626 0.395249 -0.353807 0.419746 -0.341067 0.443311 
1.288 0.0772223 0.309122 0.0872228 0.307721 0.0960389 0.306125 0.104639 0.304089 0.113669 0.30131 0.12209 0.298231 0.13021 0.294891 
3.375 -0.177537 -0.0387755 -0.185606 -0.0263838 -0.192356 -0.0149965 -0.198247 -0.00348313 -0.204166 0.00934567 -0.208968 0.0217372 -0.213052 0.0342962 
0.697 -0.052212 0.472113 -0.0347159 0.481153 -0.0188333 0.488427 -0.00278918 0.494801 0.014747 0.500524 0.0317547 0.505114 0.0485225 0.50878 
4.07 -0.00975209 -0.172319 -0.0257315 -0.169855 -0.0399362 -0.166965 -0.0533692 -0.16343 -0.0679777 -0.158761 -0.0813812 -0.15362 -0.0944827 -0.147875 
4.121 0.0292837 -0.156568 0.0138994 -0.156556 0.000318169 -0.155766 -0.012859 -0.154414 -0.0272109 -0.152099 -0.0405107 -0.149221 -0.0534951 -0.145549 
4.094 0.0135324 -0.134653 -0.000417915 -0.133675 -0.012723 -0.132131 -0.0245084 -0.130059 -0.0375013 -0.127061 -0.0493359 -0.123602 -0.0609519 -0.119507 
1.215 0.0696891 0.257759 0.0762941 0.257 0.0821233 0.256247 0.0878188 0.255164 0.0938494 0.253684 0.0994517 0.251882 0.104801 0.249957 
2.553 0.252541 0.242693 0.259782 0.229502 0.265475 0.217506 0.270615 0.205288 0.275138 0.191787 0.27887 0.178772 0.28175 0.165811 
4.539 0.275825 -0.129174 0.261644 -0.143813 0.248271 -0.156178 0.234839 -0.167662 0.219354 -0.179347 0.204341 -0.189538 0.189011 -0.198643 
1.247 0.301849 0.311177 0.311357 0.29619 0.319112 0.282251 0.32629 0.268532 0.332902 0.253059 0.338424 0.23824 0.343088 0.223377 
3.9 -0.120696 -0.213409 -0.138879 -0.204388 -0.154777 -0.195604 -0.169769 -0.186299 -0.185636 -0.175262 -0.199959 -0.164097 -0.213459 -0.152315 
1.35 0.240214 0.375551 0.253911 0.363739 0.265559 0.35269 0.276463 0.341314 0.287391 0.328204 0.297039 0.315427 0.305986 0.302451 
3.939 -0.102205 -0.214094 -0.12055 -0.2061 -0.136649 -0.19809 -0.151935 -0.189578 -0.168057 -0.179324 -0.182629 -0.168906 -0.196577 -0.157857 
1.265 0.0998219 0.23516 0.105083 0.23274 0.109619 0.230475 0.114035 0.227987 0.11846 0.224966 0.12256 0.221976 0.126376 0.218916 
0.827 -0.219312 0.328982 -0.209106 0.346768 -0.199315 0.362232 -0.188821 0.37691 -0.176746 0.392033 -0.164494 0.405639 -0.151838 0.418563 
3.584 -0.325462 -0.159307 -0.340406 -0.138236 -0.352953 -0.118756 -0.364223 -0.0991956 -0.375284 -0.077156 -0.384573 -0.0559058 -0.392664 -0.0343746 
1.057 0.397042 0.446774 0.413758 0.426374 0.427642 0.407656 0.440405 0.388653 0.452771 0.367053 0.463404 0.346271 0.472743 0.325351 
1.781 -0.278893 0.196124 -0.27403 0.215097 -0.269007 0.231988 -0.263121 0.248247 -0.255886 0.26554 -0.248086 0.281399 -0.239662 0.296653 
2.562 -0.365868 -0.140816 -0.379996 -0.117266 -0.391561 -0.0956312 -0.401663 -0.0739035 -0.41146 -0.0497743 -0.419339 -0.0265309 -0.425945 -0.00319722 
4.215 0.0874949 -0.133283 0.0737301 -0.136714 0.0611103 -0.13918 0.0490329 -0.140965 0.0355366 -0.142162 0.022977 -0.14258 0.0103646 -0.142305 
1.417 -0.103575 0.120107 -0.104082 0.129493 -0.104175 0.137895 -0.10375 0.146334 -0.10293 0.15529 -0.101632 0.163683 -0.100043 0.172035 
2.199 -0.426133 -0.196973 -0.443941 -0.169328 -0.458756 -0.143848 -0.471849 -0.118302 -0.484713 -0.0896833 -0.495304 -0.0621466 -0.504435 -0.0344235 
1.061 0.386084 0.497452 0.405627 0.477709 0.422091 0.459355 0.4373 0.44061 0.452462 0.419213 0.465705 0.398427 0.477569 0.377446 
4.082 0.0142172 -0.301753 -0.00977976 -0.300464 -0.0311121 -0.298191 -0.0517242 -0.295036 -0.0740624 -0.290276 -0.0947447 -0.284719 -0.114814 -0.278084 
2.131 -0.391892 -0.173689 -0.407873 -0.148738 -0.421049 -0.12576 -0.432618 -0.102684 -0.443957 -0.0767968 -0.45331 -0.0519889 -0.461446 -0.026984 
0.855 -0.248076 0.29611 -0.23956 0.315472 -0.231324 0.332364 -0.222212 0.34847 -0.211514 0.365364 -0.200432 0.380701 -0.188876 0.395282 
0.852 -0.12549 0.363224 -0.113338 0.375677 -0.102011 0.386213 -0.0904171 0.396005 -0.0772873 0.405853 -0.0642891 0.414497 -0.0512368 0.422363 
3.301 -0.239173 0.100247 -0.238915 0.11607 -0.238072 0.130279 -0.236393 0.144025 -0.233905 0.158956 -0.230715 0.172678 -0.226939 0.18633 
1.245 0.10941 0.146816 0.109682 0.143822 0.109759 0.141243 0.109891 0.138712 0.109634 0.135904 0.109354 0.133347 0.108858 0.130882 
4.539 0.272401 -0.112053 0.259258 -0.126613 0.246881 -0.138917 0.234359 -0.15038 0.219826 -0.16208 0.205713 -0.172329 0.191304 -0.181509 
1.246 -0.272045 0.231735 -0.26561 0.251018 -0.259168 0.267935 -0.251979 0.284262 -0.243283 0.301487 -0.234138 0.317226 -0.224323 0.332265 
3.654 -0.303547 -0.388728 -0.332143 -0.368374 -0.356832 -0.348946 -0.379965 -0.328902 -0.403977 -0.305554 -0.425288 -0.282485 -0.445182 -0.258558 
3.949 -0.0919326 -0.153828 -0.106511 -0.146611 -0.119322 -0.139566 -0.131363 -0.132079 -0.144095 -0.123161 -0.155527 -0.11417 -0.166535 -0.104691 
4.043 -0.022764 -0.116162 -0.0356253 -0.113048 -0.0469838 -0.109659 -0.0576736 -0.105836 -0.0693461 -0.10099 -0.0799695 -0.095847 -0.0902839 -0.0901958 
1.4 -0.46106 0.220778 -0.455072 0.250969 -0.448273 0.277697 -0.43999 0.303517 -0.429574 0.331036 -0.418385 0.356343 -0.406398 0.380757 
1.291 -0.0700178 0.246802 -0.063244 0.254277 -0.0569205 0.260694 -0.0503532 0.266632 -0.0428829 0.27264 -0.0355957 0.277912 -0.0281925 0.282822 
4.152 0.0484591 -0.16958 0.0322956 -0.170601 0.0177935 -0.170724 0.00377275 -0.170261 -0.0115904 -0.168945 -0.0258249 -0.166854 -0.0398063 -0.16394 
1.539 -0.0905629 0.072853 -0.0938301 0.0815542 -0.0964763 0.0895208 -0.0985035 0.0974464 -0.100456 0.106174 -0.101734 0.114469 -0.102635 0.122804 
4.219 0.244323 0.0612108 0.241502 0.0478493 0.238333 0.0361418 0.234832 0.0248525 0.230083 0.0128552 0.225101 0.00179464 0.219617 -0.0086694 
3.652 -0.288481 -0.249021 -0.308864 -0.22968 -0.326201 -0.211648 -0.342205 -0.193134 -0.358603 -0.172018 -0.372857 -0.1514 -0.385891 -0.130276 
4.055 0.0724284 0.0844953 0.0717251 0.0814963 0.07085 0.0789488 0.0699802 0.0763739 0.0686816 0.0736343 0.0674242 0.0710374 0.0659472 0.0686077 
4.117 0.0395562 -0.0380907 0.0313977 -0.0387651 0.023986 -0.0389046 0.016914 -0.0387011 0.00907288 -0.0380605 0.00189032 -0.0370296 -0.00518921 -0.0355751 
2.814 0.231996 0.166676 0.234708 0.154318 0.236468 0.143313 0.237803 0.132471 0.238448 0.120595 0.238613 0.109413 0.238109 0.0985312 
3.938 -0.102205 -0.119586 -0.114907 -0.111889 -0.125816 -0.104425 -0.136119 -0.0966521 -0.147 -0.087583 -0.156688 -0.0784629 -0.165846 -0.0689787 
4.172 0.061471 -0.140131 0.0470371 -0.141957 0.0340473 -0.142952 0.0215422 -0.143282 0.00762186 -0.142878 -0.00521362 -0.141759 -0.0177466 -0.139891 
4.199 0.0854404 -0.0860293 0.0744716 -0.0895066 0.0644581 -0.0920957 0.0548975 -0.0941303 0.0439996 -0.0957975 0.0339411 -0.0967527 0.0239336 -0.0971006 
0.708 -0.23027 0.384454 -0.218222 0.404315 -0.206553 0.421569 -0.194181 0.43789 -0.179799 0.454695 -0.165424 0.469849 -0.150456 0.484086 
0.793 -0.343953 0.285838 -0.336548 0.311734 -0.328898 0.334592 -0.320177 0.356588 -0.309411 0.379834 -0.298097 0.401058 -0.285956 0.42149 
3.982 -0.0727572 -0.204506 -0.0904988 -0.198091 -0.106047 -0.191611 -0.120834 -0.184537 -0.136516 -0.175925 -0.150752 -0.1671 -0.164345 -0.157574 
4.156 0.0553075 -0.121641 0.0423457 -0.123139 0.0306155 -0.123886 0.019281 -0.124063 0.00689606 -0.123562 -0.00468294 -0.122471 -0.0161941 -0.120714 
1.306 0.0929736 0.289262 0.101785 0.28702 0.109452 0.284681 0.116997 0.282029 0.124746 0.278677 0.131968 0.27514 0.138873 0.271398 
1.267 -0.0344062 0.241323 -0.0280284 0.246926 -0.0222413 0.251725 -0.0161792 0.256074 -0.00955643 0.260371 -0.0030029 0.26415 0.00356429 0.267568 
1.41 0.115573 0.331037 0.126738 0.327045 0.136469 0.323037 0.145846 0.318593 0.155623 0.31332 0.164579 0.307822 0.172947 0.302103 
0.831 -0.137132 0.370757 -0.124941 0.383759 -0.113585 0.394861 -0.101772 0.405227 -0.0884481 0.415639 -0.0752812 0.424747 -0.0621251 0.433086 
0.966 0.0669497 0.411848 0.0821967 0.411635 0.0956455 0.410881 0.108885 0.409468 0.122975 0.406937 0.136182 0.403926 0.148913 0.400354 
4.043 -0.0309821 -0.190125 -0.047777 -0.186336 -0.0626607 -0.182228 -0.076836 -0.177489 -0.0922216 -0.171516 -0.106204 -0.165121 -0.119656 -0.158054 
4.219 0.0991371 -0.0798658 0.0885239 -0.0839022 0.0787702 -0.0870462 0.069299 -0.0896635 0.0585265 -0.0919184 0.0485661 -0.09346 0.0384962 -0.0944502 
1.117 -0.291905 0.247487 -0.284006 0.267263 -0.276197 0.284416 -0.267473 0.301075 -0.257174 0.318256 -0.246499 0.334136 -0.235328 0.349424 
4.227 0.21145 0.0571018 0.208703 0.0458414 0.205725 0.0359804 0.202477 0.0264698 0.198144 0.0162909 0.19361 0.00701419 0.188593 -0.00179047 
2.396 0.152554 0.145446 0.153399 0.139329 0.153793 0.13384 0.154041 0.128463 0.153691 0.12245 0.153225 0.116891 0.152251 0.111513 
0.762 -0.33505 0.300904 -0.327213 0.326352 -0.319217 0.348742 -0.310146 0.370293 -0.299059 0.393008 -0.287432 0.413868 -0.274998 0.433922 
0.833 -0.187125 0.341309 -0.176492 0.357304 -0.166283 0.37126 -0.155533 0.384357 -0.143283 0.397752 -0.131005 0.409828 -0.118356 0.421161 
3.318 -0.197398 0.0317628 -0.201725 0.0451482 -0.204875 0.0573969 -0.207381 0.0694615 -0.209441 0.0827562 -0.210239 0.095415 -0.210522 0.107879 
1.156 0.384714 0.346788 0.396075 0.326639 0.405344 0.308378 0.413596 0.290096 0.421082 0.269576 0.42725 0.250011 0.432134 0.230584 
3.652 -0.285057 -0.329147 -0.310328 -0.310174 -0.332053 -0.292054 -0.35232 -0.27335 -0.373346 -0.251681 -0.391913 -0.230391 -0.40922 -0.208381 
4.273 0.123106 -0.123011 0.109865 -0.128442 0.0978083 -0.132665 0.0857015 -0.136315 0.0722893 -0.139467 0.0593931 -0.141781 0.0467748 -0.143257 
1.272 -0.0474182 0.252965 -0.0405759 0.259207 -0.034288 0.264561 -0.0277172 0.269518 -0.0204057 0.274428 -0.0131929 0.278655 -0.00594853 0.282566 
1.032 0.516888 0.44609 0.533176 0.418539 0.54638 0.393532 0.558174 0.36835 0.56841 0.339931 0.577191 0.312998 0.58378 0.286017 
1.253 -0.0193398 0.250226 -0.0127076 0.255153 -0.00660632 0.259271 -0.00040479 0.262994 0.00637391 0.26659 0.0129698 0.269607 0.0195942 0.272353 
4.168 0.0683194 0.000945076 0.0626213 -0.00157445 0.0573832 -0.00350077 0.0523132 -0.00514519 0.0465174 -0.00665949 0.0410983 -0.00775944 0.0354041 -0.00852511 
0.792 -0.364498 0.281044 -0.35749 0.30823 -0.350136 0.332303 -0.341611 0.355387 -0.331058 0.379965 -0.319782 0.402512 -0.307741 0.424158 
0.695 -0.283687 0.361855 -0.273069 0.385069 -0.262508 0.405537 -0.251079 0.424865 -0.23755 0.444947 -0.223792 0.463257 -0.209249 0.480628 
4.207 0.0922887 -0.0545268 0.0830934 -0.0583292 0.0748165 -0.0611872 0.066509 -0.0636949 0.0571909 -0.0658577 0.0486952 -0.0673967 0.0399642 -0.0684355 
3.688 -0.261772 -0.327092 -0.286904 -0.309405 -0.308655 -0.292462 -0.328905 -0.274946 -0.350018 -0.254627 -0.368765 -0.234366 -0.386209 -0.213479 
3.371 -0.147404 -0.0278181 -0.15484 -0.0173848 -0.161102 -0.00774664 -0.166662 0.0019911 -0.172237 0.012935 -0.176796 0.0234777 -0.180841 0.0343294 
3.602 -0.314505 -0.176428 -0.330496 -0.155699 -0.343951 -0.136495 -0.356045 -0.117141 -0.368199 -0.0952823 -0.378393 -0.074214 -0.387431 -0.0530432 
3.658 -0.283002 -0.268196 -0.304318 -0.249287 -0.322585 -0.231458 -0.33944 -0.213177 -0.356787 -0.192248 -0.371983 -0.171701 -0.386021 -0.150686 
0.819 -0.304232 0.288577 -0.296576 0.311885 -0.288845 0.332362 -0.280188 0.351999 -0.269675 0.372712 -0.258647 0.391645 -0.246943 0.409847 
0.79 -0.385728 0.278989 -0.378871 0.30744 -0.371572 0.332661 -0.363024 0.35687 -0.35234 0.382673 -0.340977 0.406327 -0.328644 0.429146 
1.287 0.0744829 0.337885 0.0863518 0.336642 0.0967166 0.335084 0.106984 0.333067 0.117757 0.330126 0.127781 0.326812 0.137366 0.32318 
4.371 0.199123 -0.0339816 0.19092 -0.044458 0.183087 -0.0533629 0.175156 -0.0615931 0.165837 -0.0701694 0.156776 -0.0776177 0.147458 -0.0844191 
0.75 -0.361759 0.300219 -0.353994 0.327378 -0.346093 0.351296 -0.336892 0.374428 -0.325625 0.398947 -0.313746 0.421354 -0.30102 0.442837 
0.671 -0.077551 0.483071 -0.0599516 0.493499 -0.0437784 0.502294 -0.0273981 0.510081 -0.00935282 0.517362 0.0082328 0.523547 0.0257892 0.528791 
1.29 -0.0700178 0.262553 -0.0626345 0.269943 -0.0558864 0.276342 -0.0488746 0.282172 -0.0410317 0.288163 -0.0332745 0.293313 -0.0254811 0.298127 
3.637 -0.296699 -0.22916 -0.316017 -0.209566 -0.332436 -0.191192 -0.347483 -0.172561 -0.362846 -0.151246 -0.376149 -0.130458 -0.388234 -0.109409 
0.747 -0.348747 0.309807 -0.34044 0.336248 -0.332001 0.359622 -0.322374 0.382035 -0.310611 0.405773 -0.298313 0.427468 -0.285193 0.448252 
4.527 0.268292 -0.091508 0.256394 -0.105817 0.245133 -0.117885 0.233663 -0.129335 0.220359 -0.141018 0.207394 -0.151266 0.194074 -0.160475 
3.562 -0.331626 -0.127804 -0.34495 -0.106242 -0.355893 -0.086455 -0.365589 -0.0665252 -0.374982 -0.0442972 -0.382671 -0.0229341 -0.389128 -0.00146017 
0.708 -0.217258 0.396781 -0.204674 0.415936 -0.192608 0.432617 -0.17995 0.448245 -0.16529 0.464341 -0.150656 0.478824 -0.135617 0.492354 
4.586 0.29774 -0.155883 0.282168 -0.171896 0.267572 -0.185388 0.252836 -0.19784 0.235809 -0.210536 0.219436 -0.22144 0.202664 -0.231277 
4.426 0.220353 -0.150404 0.20494 -0.161671 0.190747 -0.170942 0.176602 -0.179353 0.160512 -0.187567 0.145104 -0.194483 0.129581 -0.20039 
1.277 -0.0570059 0.238584 -0.0508421 0.245348 -0.0450995 0.251259 -0.0391823 0.2567 -0.0325878 0.262141 -0.0259813 0.266996 -0.0193769 0.271444 
4.215 0.238844 0.0749075 0.236957 0.0619978 0.234629 0.050594 0.232009 0.0396339 0.228253 0.0278536 0.224258 0.0169878 0.219727 0.00659578 
4.176 0.0703739 -0.244227 0.0496752 -0.246373 0.0311654 -0.247234 0.0131694 -0.247244 -0.00659278 -0.2461 -0.0249312 -0.243995 -0.0429967 -0.240984 
1.215 0.314861 0.324873 0.325085 0.309098 0.333355 0.294707 0.34087 0.280201 0.347966 0.263898 0.353908 0.248353 0.358826 0.232763 
0.695 -0.267936 0.381715 -0.256077 0.403914 -0.244629 0.423337 -0.232163 0.441656 -0.217832 0.46076 -0.203275 0.478107 -0.188169 0.494346 
3.969 -0.0796055 -0.147665 -0.0940798 -0.141 -0.106638 -0.134344 -0.118597 -0.127381 -0.131392 -0.119007 -0.14286 -0.110491 -0.153563 -0.101451 
0.732 -0.37614 0.306383 -0.368271 0.334591 -0.360138 0.35952 -0.350764 0.383477 -0.339155 0.40896 -0.326977 0.432337 -0.313786 0.454728 
0.835 -0.472702 0.27762 -0.465812 0.31058 -0.458318 0.339714 -0.449467 0.368017 -0.438204 0.398178 -0.426055 0.426057 -0.412783 0.45287 
0.872 -0.175483 0.332407 -0.165045 0.347612 -0.155288 0.360744 -0.144902 0.373131 -0.133048 0.385822 -0.121219 0.39719 -0.109104 0.407844 
3.48 -0.371346 -0.206561 -0.38931 -0.182621 -0.404362 -0.160453 -0.417837 -0.138152 -0.43129 -0.113016 -0.442522 -0.0886832 -0.452494 -0.0641084 
4.211 0.186796 0.0879195 0.185528 0.0780798 0.183874 0.0694488 0.182023 0.061133 0.179284 0.0521788 0.176367 0.043941 0.173051 0.036169 
3.607 -0.300808 -0.14698 -0.315053 -0.12738 -0.327051 -0.109145 -0.337716 -0.0908386 -0.348375 -0.0701534 -0.357236 -0.0503071 -0.365025 -0.0301308 
0.782 -0.10426 0.40363 -0.0903996 0.414893 -0.0776136 0.424356 -0.0644472 0.433079 -0.0498501 0.441562 -0.0355593 0.448887 -0.0212088 0.455398 
4.176 0.248432 0.0920285 0.247362 0.078484 0.245888 0.0665433 0.243764 0.0549185 0.240724 0.0423997 0.237181 0.030808 0.233105 0.0196837 
1.205 -0.258348 0.23516 -0.251749 0.253501 -0.245188 0.269644 -0.237922 0.285182 -0.229217 0.301434 -0.2201 0.316486 -0.210452 0.330784 
4.008 -0.0426243 -0.0778113 -0.0531481 -0.0736793 -0.0623002 -0.0694435 -0.070912 -0.0648575 -0.0801388 -0.059318 -0.0884661 -0.0536973 -0.0962916 -0.0475676 
1.321 0.0874949 0.326928 0.0985508 0.325018 0.108178 0.322862 0.117552 0.320301 0.127495 0.316873 0.136724 0.313211 0.145571 0.309187 
4.258 0.199123 0.0769621 0.1974 0.0662067 0.195294 0.0567418 0.192915 0.04768 0.189616 0.0378614 0.186126 0.0287922 0.182213 0.0202644 
4.129 0.0381865 -0.101096 0.026349 -0.101474 0.0157347 -0.101316 0.00552505 -0.10058 -0.00577832 -0.0991765 -0.0162035 -0.0973208 -0.0264402 -0.0948229 
3.738 -0.211779 -0.199712 -0.229157 -0.185297 -0.244078 -0.171652 -0.257931 -0.157576 -0.272217 -0.141531 -0.284776 -0.125696 -0.296354 -0.109368 
4.102 0.261444 0.100247 0.260811 0.0860194 0.259563 0.0734055 0.257876 0.0612145 0.255054 0.0480581 0.251941 0.0358818 0.248168 0.0241349 
1.271 -0.048103 0.266662 -0.0404538 0.273027 -0.0334579 0.278456 -0.0262291 0.283418 -0.0182711 0.288285 -0.0105009 0.29244 -0.00266399 0.296251 
1.226 0.334036 0.319395 0.34425 0.302085 0.352257 0.286316 0.359541 0.270513 0.366249 0.252994 0.371695 0.236076 0.376083 0.219211 
3.76 -0.191919 -0.167525 -0.207709 -0.154188 -0.221194 -0.14159 -0.23376 -0.128654 -0.246685 -0.113834 -0.257985 -0.099325 -0.268461 -0.0842753 
0.817 -0.0857691 0.396096 -0.0721698 0.406135 -0.0596629 0.414615 -0.0468919 0.422335 -0.0327284 0.429716 -0.0189664 0.435967 -0.00522018 0.441521 
3.746 -0.204931 -0.173689 -0.220898 -0.159696 -0.234641 -0.146469 -0.247318 -0.132923 -0.26047 -0.117357 -0.271889 -0.10213 -0.282458 -0.0863793 
4.289 0.156663 -0.0545268 0.147218 -0.0621446 0.138364 -0.0683689 0.129569 -0.0739782 0.11946 -0.07961 0.109861 -0.0844143 0.100109 -0.0885067 
3.707 -0.245336 -0.349007 -0.271691 -0.332204 -0.294442 -0.316087 -0.315861 -0.299225 -0.338178 -0.279586 -0.358072 -0.260009 -0.376752 -0.239791 
1.479 0.155979 0.259814 0.163221 0.253319 0.16929 0.247344 0.175084 0.241156 0.180802 0.234042 0.185889 0.227134 0.190535 0.220171 
3.625 -0.280263 -0.129859 -0.29361 -0.111328 -0.304733 -0.0941515 -0.314691 -0.0768496 -0.324547 -0.057449 -0.332729 -0.0386752 -0.339874 -0.0198323 
3.16 -0.356965 0.0776469 -0.3585 0.10074 -0.358948 0.121417 -0.358435 0.141648 -0.35659 0.16361 -0.353669 0.184144 -0.350107 0.204416 
4.055 -0.00701274 -0.0558965 -0.0160176 -0.0540091 -0.0239934 -0.0519553 -0.0315942 -0.0495471 -0.0399123 -0.0465387 -0.0474672 -0.0432206 -0.0548253 -0.0394976 
1.587 0.189536 0.239269 0.195632 0.230715 0.200619 0.222912 0.205267 0.215087 0.209613 0.206192 0.213308 0.197719 0.216436 0.18914 
4.203 0.10941 0.0660047 0.107435 0.0608438 0.105273 0.0564533 0.103089 0.0522022 0.100351 0.0477782 0.0976124 0.0437514 0.0945063 0.0400506 
3.711 -0.239173 -0.247651 -0.259381 -0.23144 -0.276718 -0.216092 -0.292863 -0.200228 -0.309569 -0.182018 -0.324262 -0.164055 -0.337857 -0.145622 
0.699 -0.241912 0.392672 -0.229727 0.413356 -0.217895 0.431395 -0.205316 0.448386 -0.190799 0.466017 -0.176158 0.481891 -0.160948 0.496721 
3.748 -0.216573 -0.33805 -0.24216 -0.323175 -0.26441 -0.308584 -0.285342 -0.293436 -0.307312 -0.275466 -0.326982 -0.257673 -0.345487 -0.239074 
3.625 -0.293275 -0.162731 -0.308394 -0.14341 -0.321113 -0.125542 -0.332612 -0.107483 -0.344071 -0.0871214 -0.353788 -0.0674953 -0.362357 -0.0476227 
1.412 0.134064 0.259129 0.141033 0.254066 0.146922 0.249651 0.152592 0.244815 0.158259 0.239139 0.163399 0.23364 0.168104 0.228019 
0.709 -0.341214 0.330352 -0.332104 0.356544 -0.322959 0.379642 -0.312642 0.401803 -0.300283 0.425162 -0.28739 0.446437 -0.273672 0.466903 
3.639 -0.273415 -0.146295 -0.287658 -0.12823 -0.299669 -0.111419 -0.310527 -0.0944499 -0.321357 -0.0753268 -0.330514 -0.0568777 -0.338614 -0.0381233 
3.777 -0.188495 -0.215464 -0.20683 -0.202303 -0.22265 -0.189713 -0.237411 -0.176717 -0.252791 -0.161759 -0.266451 -0.146816 -0.27917 -0.131389 
0.697 -0.253554 0.383769 -0.241443 0.40523 -0.229835 0.423827 -0.21742 0.441441 -0.202912 0.459713 -0.188266 0.476171 -0.173101 0.491682 
1.265 0.101876 0.209821 0.105836 0.207299 0.109158 0.204822 0.112527 0.202285 0.115734 0.199433 0.118667 0.196505 0.121372 0.193598 
1.328 0.102561 0.271456 0.110638 0.268574 0.117543 0.265778 0.124324 0.262657 0.131233 0.258765 0.137709 0.25476 0.143726 0.250547 
4.316 0.172415 0.0427202 0.168651 0.0338501 0.164809 0.0261022 0.160872 0.0188263 0.15593 0.011061 0.151004 0.00408716 0.145784 -0.00243326 
3.705 -0.237803 -0.207246 -0.255665 -0.191132 -0.270972 -0.175831 -0.285107 -0.160309 -0.299627 -0.142644 -0.312275 -0.125138 -0.323897 -0.107361 
0.687 -0.283687 0.38103 -0.27198 0.404497 -0.260512 0.424835 -0.248197 0.444202 -0.233827 0.464462 -0.219139 0.482682 -0.20399 0.499926 
1.712 -0.215203 0.231051 -0.208285 0.246317 -0.201601 0.259611 -0.194222 0.272366 -0.185498 0.285587 -0.176607 0.297676 -0.16733 0.309119 
3.678 -0.266566 -0.225736 -0.285518 -0.207824 -0.301719 -0.191038 -0.316688 -0.173877 -0.331964 -0.154199 -0.345221 -0.134987 -0.35737 -0.115302 
3.68 -0.265197 -0.270251 -0.286777 -0.252395 -0.305346 -0.235478 -0.322566 -0.217994 -0.340337 -0.198008 -0.355928 -0.178348 -0.370365 -0.158118 
3.689 -0.233694 -0.144925 -0.247908 -0.129201 -0.259965 -0.114485 -0.270944 -0.0995064 -0.282056 -0.0825641 -0.291547 -0.0660721 -0.300151 -0.0492881 
3.631 -0.302178 -0.282578 -0.324693 -0.262635 -0.344009 -0.243785 -0.361784 -0.224618 -0.380135 -0.202518 -0.396146 -0.18095 -0.410852 -0.158803 
3.5 -0.128229 -0.0223394 -0.135378 -0.0130077 -0.141406 -0.00430231 -0.14676 0.00447744 -0.152248 0.0142865 -0.156736 0.0238319 -0.160724 0.0334734 
3.65 -0.279578 -0.202452 -0.297321 -0.184045 -0.312403 -0.166917 -0.326222 -0.149419 -0.34029 -0.129513 -0.35243 -0.110083 -0.36344 -0.0902148 
1.473 -0.165895 0.269401 -0.15686 0.281772 -0.148373 0.292558 -0.139418 0.302562 -0.129206 0.312832 -0.11899 0.321951 -0.108617 0.330594 
4.594 0.299795 -0.139447 0.284893 -0.155372 0.270911 -0.168768 0.256811 -0.181281 0.240481 -0.193991 0.224733 -0.205003 0.208592 -0.21501 
3.713 -0.238488 -0.323668 -0.263315 -0.307147 -0.28478 -0.291346 -0.304922 -0.274928 -0.325886 -0.255852 -0.344497 -0.236925 -0.361925 -0.217284 
3.656 -0.280948 -0.222997 -0.299793 -0.204324 -0.315793 -0.186821 -0.330525 -0.168978 -0.345532 -0.148719 -0.358548 -0.12902 -0.370426 -0.108851 
3.668 -0.248076 -0.138762 -0.261887 -0.122248 -0.273552 -0.10691 -0.28407 -0.0914049 -0.294719 -0.0738663 -0.30376 -0.0568565 -0.311845 -0.0395692 
3.678 -0.265881 -0.247651 -0.28611 -0.229861 -0.303423 -0.213191 -0.319475 -0.196032 -0.335977 -0.176351 -0.350396 -0.157044 -0.363702 -0.137217 
3.686 -0.261772 -0.306547 -0.285586 -0.289078 -0.306179 -0.272375 -0.32535 -0.255116 -0.34526 -0.235096 -0.362947 -0.21536 -0.379376 -0.194937 
3.766 -0.192604 -0.185331 -0.209217 -0.171935 -0.223483 -0.15911 -0.236715 -0.145979 -0.250433 -0.130904 -0.262478 -0.11603 -0.273586 -0.100738 
3.656 -0.258348 -0.116162 -0.270804 -0.0991266 -0.281196 -0.0833831 -0.290504 -0.0675199 -0.29984 -0.0495885 -0.307604 -0.0323607 -0.314419 -0.0148905 
3.691 -0.243967 -0.18807 -0.260868 -0.1716 -0.275303 -0.156204 -0.2886 -0.140438 -0.302232 -0.122473 -0.313998 -0.104917 -0.324739 -0.0869372 
3.682 -0.235064 -0.120956 -0.247802 -0.105115 -0.258575 -0.0904211 -0.268232 -0.075588 -0.277998 -0.0588274 -0.286202 -0.0425588 -0.293557 -0.0260316 
3.57 -0.330256 -0.142186 -0.344282 -0.120903 -0.355959 -0.101252 -0.366263 -0.0814585 -0.376433 -0.0592298 -0.384776 -0.0380289 -0.391908 -0.0162787 
3.648 -0.26999 -0.160677 -0.285096 -0.142641 -0.297815 -0.125962 -0.309381 -0.10907 -0.320996 -0.0899492 -0.330837 -0.0714514 -0.33961 -0.052583 
3.727 -0.188495 -0.0545268 -0.19744 -0.0413979 -0.204887 -0.0292911 -0.211493 -0.0171552 -0.218097 -0.00348739 -0.223505 0.00960921 -0.228119 0.0229215 
4.07 0.000520477 -0.0819203 -0.0100184 -0.080331 -0.0193336 -0.0786237 -0.0283086 -0.0762405 -0.0380849 -0.0733466 -0.0470012 -0.0700675 -0.0556643 -0.0662988 
1.192 -0.200822 0.268717 -0.19324 0.284785 -0.185784 0.298856 -0.177894 0.312137 -0.168428 0.326004 -0.158895 0.338569 -0.148863 0.350545 
3.693 -0.253554 -0.360649 -0.280352 -0.343423 -0.303563 -0.326836 -0.325339 -0.309567 -0.348033 -0.289278 -0.368308 -0.269389 -0.38728 -0.248537 
3.643 -0.29259 -0.214779 -0.310961 -0.195329 -0.326531 -0.17726 -0.340721 -0.158878 -0.355205 -0.137954 -0.367653 -0.11771 -0.379017 -0.0969305 
3.762 -0.204246 -0.322298 -0.229023 -0.308006 -0.250469 -0.294268 -0.270682 -0.2798 -0.29195 -0.262727 -0.310977 -0.245715 -0.328905 -0.227999 
0.712 -0.318614 0.332407 -0.309366 0.357163 -0.300041 0.378978 -0.289781 0.399828 -0.277432 0.421757 -0.264667 0.441729 -0.251103 0.460892 
1.523 0.146391 0.325558 0.157607 0.319167 0.167208 0.313217 0.176387 0.3069 0.185701 0.299438 0.194231 0.29196 0.202088 0.284292 
3.756 -0.21041 -0.355171 -0.236923 -0.340523 -0.259994 -0.326239 -0.281622 -0.311382 -0.304475 -0.293608 -0.324933 -0.275985 -0.344187 -0.257456 
4.395 0.217614 0.00162991 0.211671 -0.010132 0.205831 -0.0202779 0.199795 -0.029918 0.192369 -0.040019 0.185035 -0.0490746 0.177333 -0.0575669 
3.686 -0.255609 -0.204506 -0.273372 -0.187371 -0.288531 -0.171336 -0.302504 -0.154875 -0.316821 -0.136145 -0.329172 -0.117839 -0.340463 -0.0991311 
4.133 0.0470894 -0.0641145 0.0374396 -0.0651418 0.028706 -0.06545 0.0202883 -0.0654408 0.0110384 -0.0649152 0.00251722 -0.0639172 -0.00587342 -0.062481 
4.188 0.0779071 -0.0600055 0.0685251 -0.0631401 0.059989 -0.065427 0.0513686 -0.0673924 0.0420274 -0.0688979 0.0330951 -0.069894 0.024338 -0.0702297 
3.617 -0.31382 -0.246281 -0.334004 -0.225586 -0.351182 -0.206257 -0.366952 -0.186641 -0.383026 -0.164424 -0.396881 -0.142435 -0.409559 -0.12018 
4.086 0.00668402 -0.118217 -0.00605972 -0.117002 -0.0174135 -0.115298 -0.0283151 -0.113055 -0.040206 -0.109955 -0.0510806 -0.106463 -0.0616451 -0.102447 
3.672 -0.259033 -0.190809 -0.276135 -0.173532 -0.290746 -0.15736 -0.304144 -0.140958 -0.317746 -0.122131 -0.329545 -0.103793 -0.340329 -0.0851024 
3.666 -0.256294 -0.153143 -0.270926 -0.136028 -0.283296 -0.120075 -0.294507 -0.103956 -0.305865 -0.0855896 -0.315493 -0.0679247 -0.324102 -0.0499079 
3.918 -0.098781 -0.0148062 -0.105262 -0.0072015 -0.110749 -0.000122768 -0.115721 0.00709336 -0.120845 0.0151983 -0.125134 0.0231011 -0.128985 0.0311619 
3.91 -0.115902 -0.140816 -0.129815 -0.132306 -0.141945 -0.124071 -0.153235 -0.115531 -0.165105 -0.105482 -0.175712 -0.0954791 -0.185635 -0.0850146 
3.541 -0.362444 -0.2319 -0.381687 -0.20843 -0.397844 -0.186591 -0.412517 -0.164549 -0.427152 -0.139609 -0.439616 -0.115643 -0.450702 -0.0911725 
3.547 -0.306972 -0.108629 -0.319247 -0.088426 -0.32938 -0.0699683 -0.338281 -0.0513079 -0.347009 -0.0305101 -0.353968 -0.010581 -0.359947 0.00950772 
0.737 -0.389152 0.301589 -0.381568 0.330501 -0.373619 0.35603 -0.3644 0.380579 -0.352983 0.406559 -0.340953 0.430318 -0.327924 0.45334 
3.666 -0.276154 -0.236694 -0.295759 -0.218405 -0.312558 -0.201162 -0.328035 -0.183434 -0.343887 -0.163374 -0.357692 -0.143659 -0.370376 -0.123481 
1.319 -0.0960416 0.247487 -0.0893624 0.256614 -0.083025 0.264455 -0.0763979 0.271844 -0.0688346 0.279462 -0.0611799 0.286263 -0.0534321 0.292561 
3.711 -0.228215 -0.181907 -0.244778 -0.16649 -0.259001 -0.151848 -0.272058 -0.137012 -0.28541 -0.120014 -0.297065 -0.103341 -0.307732 -0.086247 
3.764 -0.204246 -0.280523 -0.226745 -0.266208 -0.246223 -0.252411 -0.264518 -0.238122 -0.283647 -0.221473 -0.300656 -0.204851 -0.316662 -0.187481 
0.721 -0.298069 0.333776 -0.288658 0.357512 -0.27907 0.378401 -0.268611 0.398261 -0.256372 0.419084 -0.243528 0.438161 -0.230067 0.456244 
3.797 -0.178907 -0.228476 -0.197896 -0.215739 -0.214331 -0.20342 -0.229655 -0.190636 -0.245687 -0.175884 -0.259928 -0.161138 -0.273237 -0.145889 
3.609 -0.291905 -0.112053 -0.304136 -0.0928667 -0.31433 -0.0750804 -0.323304 -0.0573675 -0.332114 -0.0373608 -0.339267 -0.0183521 -0.345453 0.00100393 
1.225 0.0162717 0.339255 0.0282174 0.341795 0.0389462 0.343628 0.0496446 0.344728 0.06113 0.345171 0.071973 0.345276 0.0825988 0.3449 
3.633 -0.245336 -0.0867141 -0.256294 -0.0702729 -0.265437 -0.0550896 -0.273459 -0.0398805 -0.28141 -0.0227478 -0.287969 -0.00633701 -0.293596 0.0102319 
3.918 -0.117272 -0.0613752 -0.126625 -0.0527991 -0.134767 -0.044716 -0.142177 -0.0364637 -0.149849 -0.0269961 -0.156468 -0.0177732 -0.162474 -0.00822261 
1.9 -0.197398 0.185166 -0.193459 0.199374 -0.189336 0.211957 -0.184567 0.223972 -0.178567 0.236842 -0.172294 0.248588 -0.165725 0.259735 
1.266 -0.0672785 0.305013 -0.0573845 0.312328 -0.0481225 0.318605 -0.0386201 0.324274 -0.0279665 0.329813 -0.0179526 0.334406 -0.00773365 0.338587 
4.301 0.160772 -0.000424599 0.154443 -0.00852031 0.148427 -0.0154354 0.142365 -0.0219167 0.135145 -0.0285744 0.128146 -0.0344287 0.120981 -0.0397593 
3.693 -0.253554 -0.262033 -0.27473 -0.245002 -0.292947 -0.228836 -0.309893 -0.212156 -0.327381 -0.19295 -0.342768 -0.17387 -0.35698 -0.15433 
3.701 -0.247391 -0.221627 -0.266134 -0.205059 -0.282114 -0.18946 -0.296928 -0.17351 -0.312221 -0.155216 -0.325565 -0.137235 -0.337821 -0.118847 
3.057 0.321709 0.196809 0.326908 0.17862 0.330715 0.162274 0.333601 0.14609 0.335497 0.128293 0.336399 0.111451 0.33626 0.0949965 
3.35 -0.141241 0.100247 -0.140931 0.110032 -0.140331 0.118639 -0.13922 0.127083 -0.137636 0.136216 -0.135638 0.144756 -0.13333 0.153024 
3.918 -0.111793 -0.156568 -0.12648 -0.148238 -0.139385 -0.140222 -0.151341 -0.131762 -0.164162 -0.121842 -0.175319 -0.111807 -0.186065 -0.101397 
4.223 0.103931 -0.0312423 0.0959828 -0.0356322 0.0885882 -0.0391125 0.0814601 -0.04222 0.0733183 -0.0451389 0.0656514 -0.0474001 0.057855 -0.049224 
1.335 0.08681 0.352267 0.0990558 0.350322 0.109771 0.348191 0.1202 0.345553 0.131371 0.34196 0.141695 0.338097 0.151636 0.333937 
3.725 -0.236433 -0.37914 -0.264311 -0.362856 -0.288581 -0.347033 -0.311342 -0.330447 -0.335221 -0.311054 -0.356558 -0.291771 -0.376746 -0.271409 
1.189 -0.0213943 0.3598 -0.00857197 0.364723 0.00298433 0.368653 0.0146144 0.372028 0.0273229 0.374839 0.0394211 0.376855 0.0514249 0.378328 
0.781 -0.319984 0.29474 -0.3123 0.31908 -0.304509 0.340473 -0.295628 0.361115 -0.28484 0.382849 -0.27352 0.402732 -0.261411 0.421932 
3.58 -0.317244 -0.126435 -0.330338 -0.105732 -0.341137 -0.0867361 -0.350741 -0.0675778 -0.360077 -0.0461677 -0.367727 -0.0255762 -0.374285 -0.00486463 
3.986 0.246377 0.113943 0.246314 0.100601 0.245624 0.0887508 0.24452 0.0772539 0.242432 0.0647455 0.239913 0.0532419 0.236871 0.0421039 
3.621 -0.302178 -0.182591 -0.318329 -0.162949 -0.331982 -0.144608 -0.344284 -0.126098 -0.356695 -0.10523 -0.367242 -0.0849926 -0.37664 -0.0645015 
3.672 -0.238488 -0.102465 -0.250148 -0.0863386 -0.259973 -0.0713502 -0.268695 -0.0563865 -0.277343 -0.0395862 -0.284542 -0.023401 -0.290879 -0.00696504 
4.254 0.233365 0.0358718 0.229477 0.0230436 0.225309 0.011911 0.220858 0.00120921 0.215144 -0.0101858 0.209261 -0.0205269 0.202918 -0.03031 
1.583 0.19433 0.261183 0.201809 0.251979 0.207964 0.24355 0.213721 0.234988 0.21917 0.22535 0.223948 0.216162 0.228085 0.207001 
3.83 -0.159732 -0.306547 -0.183418 -0.295008 -0.204136 -0.28371 -0.223646 -0.271821 -0.244302 -0.25754 -0.262905 -0.243147 -0.280541 -0.227971 
3.477 -0.359019 -0.123695 -0.37234 -0.100555 -0.383201 -0.0792195 -0.392613 -0.0577035 -0.401701 -0.033587 -0.408975 -0.0105896 -0.414983 0.0124804 
4.176 0.0737981 -0.0127517 0.0671361 -0.0156064 0.060973 -0.0178648 0.0549414 -0.0197763 0.0481228 -0.0214863 0.0417261 -0.0227576 0.0352688 -0.0235701 
3.967 -0.0789207 -0.0853445 -0.0897879 -0.0787711 -0.0992708 -0.0724048 -0.108127 -0.0657582 -0.11748 -0.0580004 -0.125841 -0.0502082 -0.133625 -0.0420421 
4.508 0.255965 -0.117532 0.242483 -0.130975 0.229822 -0.142377 0.217091 -0.152817 0.202371 -0.163401 0.188182 -0.172544 0.173695 -0.180685 
3.756 -0.211094 -0.255869 -0.231598 -0.241399 -0.24938 -0.227391 -0.266038 -0.212713 -0.283264 -0.195989 -0.298513 -0.17947 -0.312784 -0.16226 
1.087 0.371018 0.391303 0.384565 0.372787 0.395446 0.355625 0.405724 0.338456 0.414983 0.318943 0.42318 0.300351 0.429949 0.281612 
3.682 -0.25013 -0.16821 -0.265512 -0.151417 -0.278575 -0.135714 -0.29045 -0.119772 -0.302575 -0.101743 -0.312951 -0.0841365 -0.322314 -0.0661935 
3.709 -0.237803 -0.232585 -0.257137 -0.216385 -0.27374 -0.201004 -0.289099 -0.185263 -0.304986 -0.167227 -0.318863 -0.149478 -0.33169 -0.131227 
3.832 -0.156992 -0.270935 -0.178631 -0.259232 -0.197491 -0.247927 -0.215251 -0.236079 -0.233965 -0.221975 -0.250675 -0.207801 -0.266538 -0.193096 
3.607 -0.296014 -0.131913 -0.309386 -0.112348 -0.320554 -0.0942762 -0.330485 -0.0761382 -0.340266 -0.0557817 -0.348328 -0.0362222 -0.355409 -0.0164503 
4.27 0.140227 0.00984797 0.134668 0.00290124 0.129341 -0.00293117 0.123994 -0.00844682 0.117611 -0.0140437 0.111473 -0.0190169 0.10504 -0.0236452 
3.191 -0.323408 -0.0928777 -0.334816 -0.0717998 -0.343802 -0.0524222 -0.351716 -0.033029 -0.359171 -0.0114549 -0.365106 0.00919636 -0.37003 0.0299336 
3.914 -0.115902 -0.227791 -0.134775 -0.219132 -0.151309 -0.21059 -0.166893 -0.201446 -0.183458 -0.190523 -0.198352 -0.179471 -0.212494 -0.167751 
3.744 -0.215203 -0.242172 -0.235178 -0.227441 -0.252404 -0.213274 -0.268501 -0.198788 -0.285236 -0.181967 -0.300012 -0.165218 -0.313804 -0.14807 
3.775 -0.18644 -0.201082 -0.203984 -0.187886 -0.219109 -0.175328 -0.233196 -0.162447 -0.247788 -0.147581 -0.260692 -0.132835 -0.272636 -0.117648 
1.41 -0.393261 0.224202 -0.387549 0.250583 -0.381393 0.273941 -0.37409 0.296545 -0.364812 0.320607 -0.354834 0.342774 -0.343941 0.36411 
4.32 0.167621 -0.196288 0.149611 -0.204126 0.133213 -0.210253 0.117081 -0.215514 0.0990135 -0.220253 0.0819631 -0.223745 0.0649735 -0.226182 
3.893 -0.133023 -0.0839748 -0.143363 -0.0744746 -0.152139 -0.0655182 -0.160139 -0.0563728 -0.168672 -0.0459782 -0.175892 -0.0358049 -0.182773 -0.0253753 
3.787 -0.18781 -0.273675 -0.209848 -0.260395 -0.228975 -0.247554 -0.246889 -0.234319 -0.265748 -0.218648 -0.2826 -0.202975 -0.298419 -0.186502 
0.704 -0.356965 0.328297 -0.34784 0.355357 -0.338722 0.379005 -0.328438 0.401871 -0.315936 0.42587 -0.302883 0.44787 -0.289046 0.468902 
3.793 -0.183016 -0.310656 -0.207099 -0.297766 -0.22798 -0.285245 -0.247677 -0.272042 -0.268485 -0.256475 -0.287069 -0.240811 -0.304733 -0.224453 
3.762 -0.204246 -0.301068 -0.227694 -0.286665 -0.248035 -0.272766 -0.267174 -0.258243 -0.287231 -0.24128 -0.305076 -0.224397 -0.321799 -0.206774 
3.775 -0.191919 -0.333941 -0.217334 -0.320261 -0.2394 -0.307066 -0.260258 -0.293013 -0.282196 -0.276584 -0.301874 -0.259988 -0.320401 -0.24246 
3.721 -0.237118 -0.305862 -0.260759 -0.289545 -0.281213 -0.273934 -0.300323 -0.257667 -0.320255 -0.238906 -0.337861 -0.220255 -0.354364 -0.200932 
4.301 0.160088 -0.179852 0.143111 -0.187496 0.127642 -0.193476 0.112457 -0.198646 0.0953868 -0.203298 0.0792418 -0.206855 0.0631499 -0.209392 
4.188 0.0758526 -0.166155 0.0598303 -0.168612 0.0454335 -0.170005 0.031426 -0.170804 0.0159481 -0.170795 0.00161691 -0.1699 -0.0125068 -0.168237 
1.43 0.188851 0.161197 0.190529 0.152723 0.191584 0.145157 0.192431 0.137667 0.192655 0.129403 0.192611 0.121595 0.192059 0.11404 
3.787 -0.187125 -0.29559 -0.21023 -0.282495 -0.230315 -0.269849 -0.249209 -0.256441 -0.269078 -0.240878 -0.286898 -0.22523 -0.303779 -0.208853 
0.7 -0.43983 0.344734 -0.430262 0.377429 -0.420259 0.40639 -0.40888 0.433874 -0.394948 0.463176 -0.380359 0.490029 -0.364646 0.515674 
3.58 -0.259033 -0.091508 -0.270237 -0.0743342 -0.279546 -0.0585592 -0.287776 -0.0426268 -0.295889 -0.0247259 -0.302542 -0.007584 -0.308247 0.0097836 
3.938 -0.098781 -0.101096 -0.110327 -0.0934183 -0.120414 -0.0860673 -0.129747 -0.0783846 -0.139504 -0.0694865 -0.148193 -0.0606649 -0.156267 -0.0514395 
3.775 -0.195343 -0.247651 -0.215473 -0.234051 -0.232809 -0.22096 -0.2491 -0.20718 -0.266103 -0.191364 -0.281155 -0.175723 -0.295186 -0.159538 
3.799 -0.176852 -0.327777 -0.20188 -0.31517 -0.223711 -0.30277 -0.244286 -0.289753 -0.266061 -0.274287 -0.28558 -0.258692 -0.304103 -0.242288 
4.16 0.0621559 -0.0497329 0.0532371 -0.0519964 0.045065 -0.0535555 0.0372216 -0.0547217 0.02839 -0.0554719 0.0202046 -0.0556746 0.0121213 -0.0554621 
3.809 -0.173428 -0.292165 -0.196323 -0.279537 -0.216154 -0.267357 -0.234852 -0.254512 -0.254564 -0.239537 -0.272246 -0.224245 -0.288837 -0.208381 
3.941 -0.0796055 -0.00521846 -0.0854657 0.00112201 -0.0904344 0.00709879 -0.0951807 0.0130339 -0.0999367 0.0198483 -0.103937 0.026473 -0.107626 0.0333043 
0.843 -0.235749 0.310492 -0.2266 0.329091 -0.217705 0.345381 -0.208137 0.360863 -0.196904 0.377017 -0.18535 0.391672 -0.173409 0.405589 
1.334 -0.117956 0.241323 -0.111421 0.251606 -0.105272 0.260579 -0.098778 0.268898 -0.0912019 0.277634 -0.0836407 0.285422 -0.0759729 0.292758 
3.895 -0.124805 -0.119586 -0.137534 -0.1106 -0.14839 -0.101971 -0.158539 -0.0930795 -0.169124 -0.0827338 -0.178436 -0.0724919 -0.187258 -0.0618633 
2.404 -0.261088 0.1701 -0.257675 0.188014 -0.253987 0.203785 -0.249585 0.219162 -0.243875 0.23555 -0.237641 0.250762 -0.230802 0.265436 
1.238 -0.00769758 0.309122 0.00246765 0.313232 0.0116276 0.316437 0.0208352 0.319143 0.0309033 0.321442 0.0406201 0.32312 0.0500828 0.324349 
1.232 0.0751678 0.286522 0.0838888 0.285406 0.0916231 0.28402 0.0991871 0.282313 0.107064 0.279875 0.114447 0.277219 0.121544 0.274253 
3.666 -0.274099 -0.361334 -0.301036 -0.342869 -0.324264 -0.325127 -0.345923 -0.306765 -0.368593 -0.285351 -0.388624 -0.264158 -0.407472 -0.242205 
1.333 -0.112478 0.227626 -0.106817 0.237589 -0.101453 0.246289 -0.0956646 0.254546 -0.0889951 0.263028 -0.0820977 0.270731 -0.0749504 0.278068 
0.917 -0.250815 0.27762 -0.243172 0.297103 -0.235595 0.314163 -0.227383 0.330296 -0.217432 0.347435 -0.207071 0.363051 -0.196234 0.377926 
3.643 -0.276154 -0.112053 -0.288392 -0.0937809 -0.298577 -0.0769994 -0.307624 -0.060147 -0.31657 -0.0411576 -0.323882 -0.0229077 -0.330211 -0.00459018 
3.498 -0.328202 -0.112738 -0.340691 -0.0914742 -0.350972 -0.0719338 -0.360019 -0.0523837 -0.36882 -0.0303963 -0.37579 -0.00955412 -0.381766 0.0114989 
3.721 -0.235749 -0.359964 -0.262612 -0.343568 -0.285869 -0.327781 -0.307802 -0.31115 -0.33067 -0.291759 -0.351101 -0.272442 -0.370316 -0.252344 
1.824 -0.202876 0.198178 -0.197786 0.212511 -0.192651 0.225238 -0.186861 0.237404 -0.179931 0.250287 -0.172701 0.262059 -0.165095 0.273233 
1.292 -0.0850842 0.298165 -0.0758678 0.306508 -0.0669758 0.313784 -0.0579122 0.320441 -0.0477635 0.327029 -0.0378423 0.332699 -0.0279076 0.33783 
3.729 -0.223421 -0.218888 -0.242043 -0.20356 -0.258018 -0.189167 -0.272829 -0.174402 -0.288143 -0.157388 -0.301631 -0.140615 -0.314089 -0.123267 
3.471 -0.372716 -0.190125 -0.38964 -0.165787 -0.403724 -0.143459 -0.416325 -0.121071 -0.428728 -0.0961206 -0.439063 -0.0715113 -0.448049 -0.0469596 
4.027 -0.0234488 -0.0168607 -0.0301682 -0.0139093 -0.036077 -0.0110034 -0.0415773 -0.00790795 -0.0475415 -0.00416211 -0.0528355 -0.00034957 -0.0579175 0.00378984 
3.805 -0.172743 -0.342843 -0.198446 -0.330584 -0.220896 -0.318502 -0.24214 -0.305624 -0.264608 -0.290184 -0.284819 -0.274641 -0.303967 -0.258277 
1.312 -0.0912478 0.271456 -0.0831187 0.280247 -0.0755079 0.287863 -0.0676067 0.294891 -0.0586119 0.301993 -0.049804 0.308217 -0.0409833 0.313964 
3.74 -0.217258 -0.31545 -0.241489 -0.300254 -0.262545 -0.285646 -0.282264 -0.270384 -0.302986 -0.252369 -0.32133 -0.234576 -0.33858 -0.21609 
4.105 0.027914 0.0050541 0.0219473 0.00508942 0.0165949 0.00540672 0.011492 0.00594814 0.00577764 0.00689197 0.000600522 0.00807668 -0.00456176 0.00957314 
3.936 -0.0994658 -0.134653 -0.113023 -0.126938 -0.124939 -0.119492 -0.136101 -0.111683 -0.148027 -0.102473 -0.158741 -0.0932422 -0.168962 -0.0835264 
3.809 -0.174113 -0.262717 -0.195589 -0.250319 -0.214194 -0.23834 -0.231719 -0.225774 -0.25015 -0.211022 -0.266589 -0.196312 -0.282149 -0.180785 
3.758 -0.204246 -0.225051 -0.223242 -0.210851 -0.239671 -0.19734 -0.254929 -0.183443 -0.270866 -0.167282 -0.284854 -0.151427 -0.297904 -0.135115 
4.082 0.163512 0.0844953 0.16206 0.0760011 0.160423 0.0686014 0.158475 0.061455 0.155979 0.0538443 0.153349 0.0468631 0.150166 0.0402351 
4.34 0.179948 -0.032612 0.171661 -0.0419036 0.16382 -0.049749 0.15593 -0.0569444 0.1467 -0.0644169 0.137785 -0.0710966 0.128605 -0.0768811 
4.172 0.0703739 -0.0791809 0.059735 -0.0818502 0.0500471 -0.0837349 0.0406761 -0.0851143 0.0301178 -0.0860988 0.0204331 -0.0863972 0.0106398 -0.0861718 
0.725 -0.326832 0.320764 -0.317741 0.34588 -0.30863 0.367981 -0.298442 0.389127 -0.286201 0.411395 -0.273508 0.431712 -0.260165 0.451098 
4.355 0.188851 -0.0682235 0.17837 -0.0778887 0.168564 -0.085936 0.158802 -0.0935058 0.147406 -0.100965 0.136578 -0.107527 0.125462 -0.113265 
0.871 -0.202876 0.31597 -0.193202 0.332834 -0.183799 0.347531 -0.173846 0.361511 -0.162246 0.375927 -0.150544 0.388912 -0.138398 0.401139 
0.68 -0.309026 0.378291 -0.297441 0.402995 -0.286131 0.424636 -0.27381 0.445236 -0.259228 0.466809 -0.244481 0.486273 -0.228987 0.504759 
4.18 0.0854404 0.0673743 0.0837298 0.0635027 0.0820028 0.0601665 0.0802768 0.0569772 0.0778857 0.0535925 0.0757714 0.0505354 0.0733714 0.0477373 
4.273 0.142967 -0.0606903 0.133152 -0.067637 0.124066 -0.073291 0.115115 -0.0784333 0.104831 -0.0834361 0.0951016 -0.087644 0.0851891 -0.0911297 
0.992 -0.0597452 0.346103 -0.0476665 0.353313 -0.0366683 0.35954 -0.0253837 0.364969 -0.0130512 0.370042 -0.00107767 0.374385 0.0109071 0.378098 
3.639 -0.296014 -0.297644 -0.319245 -0.277968 -0.33909 -0.259223 -0.357502 -0.240155 -0.376488 -0.218155 -0.39314 -0.196772 -0.408489 -0.174625 
3.777 -0.195343 -0.347637 -0.221443 -0.333956 -0.244133 -0.320597 -0.265479 -0.306338 -0.287995 -0.28962 -0.308213 -0.272828 -0.327306 -0.255316 
3.602 -0.311766 -0.160677 -0.326971 -0.140034 -0.339662 -0.12117 -0.351065 -0.101999 -0.362428 -0.0805586 -0.371892 -0.0597732 -0.380226 -0.038862 
1.354 -0.115217 0.187906 -0.111833 0.19806 -0.108539 0.207188 -0.104583 0.215873 -0.0999897 0.224987 -0.0952551 0.233448 -0.0900554 0.241409 
3.637 -0.307656 -0.367498 -0.335167 -0.34695 -0.358852 -0.327369 -0.381017 -0.307067 -0.403966 -0.283601 -0.424276 -0.260412 -0.443046 -0.236589 
1.299 -0.0789207 0.27762 -0.0705477 0.285733 -0.0627806 0.29272 -0.0547699 0.299194 -0.0457341 0.305556 -0.0368533 0.311145 -0.0277465 0.3163 
4.289 0.147761 -0.143556 0.133016 -0.150507 0.119537 -0.155797 0.106291 -0.160672 0.0914191 -0.164944 0.0773163 -0.168281 0.0632068 -0.170648 
4.387 0.206657 -0.0120668 0.199525 -0.0229653 0.192663 -0.0322783 0.185642 -0.0411184 0.177208 -0.0501846 0.168984 -0.0583252 0.160446 -0.0657844 
4.34 0.183372 -0.0483632 0.174503 -0.0578552 0.166156 -0.0660166 0.157857 -0.0734703 0.148119 -0.0810768 0.138652 -0.0877142 0.129043 -0.0936083 
0.852 -0.489138 0.27625 -0.480538 0.308456 -0.471782 0.337304 -0.461875 0.365542 -0.449682 0.395793 -0.436578 0.423605 -0.422454 0.450303 
3.635 -0.283687 -0.175058 -0.299433 -0.15635 -0.312764 -0.138767 -0.324781 -0.121118 -0.336893 -0.101161 -0.347211 -0.0817372 -0.356515 -0.0621609 
1.048 0.40526 0.458417 0.422286 0.437587 0.436543 0.418497 0.449575 0.399075 0.462263 0.377095 0.473104 0.355903 0.482814 0.334628 
1.255 -0.0289275 0.281729 -0.0206147 0.286877 -0.0130827 0.291205 -0.0053628 0.29505 0.00306091 0.298714 0.0112916 0.301797 0.0194696 0.304442 
1.215 0.0457198 0.263238 0.0528616 0.264026 0.0593134 0.264571 0.0656969 0.264756 0.0725262 0.264472 0.0789076 0.263918 0.085107 0.263159 
4.105 0.0265443 -0.0524723 0.017474 -0.0523678 0.00947035 -0.0518855 0.00167547 -0.0510109 -0.00682389 -0.0496535 -0.0146894 -0.0479496 -0.0222627 -0.0456615 
1.296 0.315546 0.301589 0.324935 0.285257 0.332554 0.270457 0.339274 0.255549 0.34536 0.238835 0.350527 0.223044 0.354595 0.207358 
1.336 0.290207 0.293371 0.299163 0.278584 0.306306 0.265018 0.312762 0.25137 0.318495 0.235996 0.323416 0.22138 0.327384 0.206937 
1.376 0.138858 0.209821 0.143002 0.204792 0.146512 0.199996 0.149664 0.195613 0.15275 0.190215 0.155413 0.18512 0.157745 0.180059 
4.422 0.214875 -0.0428845 0.205956 -0.0539331 0.197472 -0.0632538 0.188944 -0.0721958 0.17889 -0.0813409 0.169077 -0.0894181 0.159017 -0.0969309 
3.842 -0.147404 -0.324353 -0.172269 -0.313462 -0.194003 -0.302496 -0.214624 -0.29089 -0.236519 -0.276835 -0.256215 -0.262681 -0.274872 -0.247658 
3.729 -0.230955 -0.346268 -0.257138 -0.330297 -0.279801 -0.31494 -0.301139 -0.298969 -0.323469 -0.280128 -0.343412 -0.261398 -0.362054 -0.241918 
1.39 0.136118 0.235844 0.141798 0.230872 0.146608 0.226184 0.151109 0.221485 0.155639 0.216012 0.159637 0.210743 0.16328 0.205435 
3.824 -0.160416 -0.284632 -0.182887 -0.272914 -0.202515 -0.261469 -0.221006 -0.249409 -0.24051 -0.235048 -0.25801 -0.220677 -0.274605 -0.205597 
1.332 -0.12412 0.261183 -0.116498 0.271796 -0.109251 0.280964 -0.101654 0.289592 -0.092928 0.298408 -0.0842832 0.30626 -0.0753451 0.313649 
1.331 -0.115217 0.276935 -0.106686 0.287176 -0.0986441 0.296083 -0.0904411 0.304211 -0.0811813 0.312492 -0.0716647 0.319947 -0.0623229 0.32681 
4.293 0.155979 0.0160115 0.150699 0.00809967 0.145547 0.00131036 0.140332 -0.00506694 0.134032 -0.0117134 0.12796 -0.0176181 0.121516 -0.0230565 
1.26 0.0642104 0.389248 0.078586 0.389235 0.0912583 0.38871 0.103834 0.387452 0.117206 0.385324 0.129753 0.38263 0.141706 0.379295 
3.963 0.292946 0.131749 0.294116 0.115204 0.294309 0.100566 0.293977 0.0862563 0.292371 0.070626 0.29024 0.0561773 0.287154 0.0421298 
1.083 0.00189015 0.367333 0.0150648 0.370802 0.0268359 0.373428 0.0385865 0.3755 0.0513994 0.376815 0.0635289 0.377504 0.0753765 0.377659 
3.584 -0.339159 -0.176428 -0.355365 -0.154135 -0.36888 -0.133552 -0.380962 -0.113011 -0.392944 -0.089876 -0.402966 -0.0674698 -0.41179 -0.0448205 
4.164 0.0676346 0.0639501 0.065557 0.0611973 0.0635648 0.0589069 0.0617008 0.0566444 0.0592724 0.0542929 0.0570208 0.0523284 0.0548181 0.0504233 
3.809 -0.167265 -0.120271 -0.179836 -0.108498 -0.190536 -0.0975771 -0.200427 -0.0861887 -0.210607 -0.0732169 -0.219447 -0.0605951 -0.22761 -0.0476725 
4.191 0.0779071 -0.101781 0.0660728 -0.104539 0.0554191 -0.106423 0.0450383 -0.107805 0.0330962 -0.108724 0.0226564 -0.108841 0.0119116 -0.10845 
1.3 0.243638 0.415957 0.259599 0.404071 0.273282 0.392844 0.286152 0.381235 0.299309 0.367671 0.310951 0.354509 0.321733 0.340915 
3.838 -0.150144 -0.294905 -0.1732 -0.283675 -0.193356 -0.272714 -0.212355 -0.261039 -0.232478 -0.247227 -0.250501 -0.233278 -0.267655 -0.21862 
4.461 0.238159 -0.102465 0.225623 -0.114898 0.213784 -0.125085 0.201962 -0.134667 0.188262 -0.144201 0.175039 -0.152674 0.161631 -0.16021 
3.791 -0.176852 -0.095617 -0.187957 -0.0834986 -0.197486 -0.0718843 -0.206111 -0.0602007 -0.214901 -0.0469233 -0.222289 -0.0339996 -0.229103 -0.0208494 
4.297 0.159403 -0.0716477 0.149019 -0.0794951 0.139379 -0.085974 0.12979 -0.0919153 0.118803 -0.0975255 0.108329 -0.102497 0.0977201 -0.106556 
0.992 -0.269306 0.262553 -0.262263 0.282907 -0.25518 0.300816 -0.247168 0.317976 -0.237466 0.33616 -0.227324 0.352724 -0.21669 0.368573 
4.316 0.1731 0.022175 0.168086 0.0132303 0.163189 0.00550913 0.158175 -0.00167916 0.152038 -0.00931599 0.145945 -0.0161725 0.139661 -0.0224068 
1.271 -0.0289275 0.218039 -0.0242744 0.223179 -0.0196131 0.22771 -0.0150568 0.231797 -0.0101348 0.236016 -0.00514983 0.239594 -0.000243027 0.243021 
0.901 -0.118641 0.350212 -0.107106 0.361875 -0.0963685 0.371865 -0.0853943 0.381045 -0.0729528 0.390278 -0.0607645 0.398338 -0.048398 0.40581 
4.152 0.0594165 -0.011382 0.0528872 -0.013563 0.0468762 -0.0150546 0.0410974 -0.0163314 0.0344977 -0.0172994 0.0283682 -0.0179346 0.0222645 -0.0181601 
1.331 -0.109738 0.257074 -0.102377 0.266987 -0.0954575 0.275666 -0.0882186 0.2837 -0.0799201 0.291971 -0.0716214 0.299337 -0.0633721 0.306229 
4.102 0.0224353 -0.0730174 0.0124471 -0.0725713 0.00361102 -0.0716718 -0.00483759 -0.0704414 -0.0141923 -0.0686355 -0.0227032 -0.0663975 -0.031024 -0.0637824 
3.611 -0.319299 -0.227791 -0.338304 -0.206787 -0.354336 -0.187146 -0.368988 -0.167294 -0.383867 -0.14465 -0.396495 -0.122749 -0.408037 -0.100444 
4.012 -0.0385153 -0.0572661 -0.0475353 -0.0532224 -0.0555116 -0.0491467 -0.0629795 -0.0447835 -0.0710072 -0.0396133 -0.0781783 -0.034291 -0.0850249 -0.0286357 
3.598 -0.328202 -0.203137 -0.345742 -0.181686 -0.360585 -0.161775 -0.374029 -0.141556 -0.387466 -0.118885 -0.398938 -0.0968452 -0.409141 -0.0745765 
4.074 0.00668402 -0.0600055 -0.00271164 -0.058682 -0.011112 -0.0570409 -0.0191147 -0.055248 -0.0279081 -0.0526028 -0.0359024 -0.0497469 -0.0436602 -0.0463874 
3.941 -0.103575 -0.0606903 -0.112809 -0.05285 -0.120863 -0.0453929 -0.127952 -0.0377501 -0.135554 -0.0290093 -0.142135 -0.0204537 -0.148263 -0.0116101 
1.039 0.10941 0.407739 0.124653 0.404859 0.138155 0.401885 0.15127 0.398185 0.164988 0.393128 0.177794 0.387864 0.190062 0.382153 
1.542 0.196384 0.31734 0.207155 0.308145 0.216169 0.299473 0.224683 0.290514 0.233325 0.280394 0.240899 0.270439 0.247912 0.260386 
2.195 -0.402164 -0.270935 -0.424228 -0.245236 -0.442878 -0.221172 -0.459848 -0.196624 -0.477042 -0.168702 -0.491689 -0.14173 -0.504831 -0.114355 
1.3 -0.0754965 0.23242 -0.0697859 0.240294 -0.0641608 0.247245 -0.0584339 0.25372 -0.0518983 0.260271 -0.0452299 0.266161 -0.0385041 0.271676 
3.623 -0.309026 -0.261348 -0.330058 -0.24095 -0.347948 -0.221959 -0.364479 -0.202418 -0.381418 -0.180186 -0.396014 -0.158439 -0.409456 -0.136243 
4.363 0.19296 -0.0839748 0.182005 -0.0939543 0.171721 -0.102358 0.161483 -0.110182 0.149615 -0.117877 0.138339 -0.12457 0.126773 -0.130322 
1.286 -0.043994 0.208451 -0.039813 0.214421 -0.0358232 0.219665 -0.031184 0.224606 -0.0264186 0.229587 -0.0214502 0.234182 -0.0162992 0.238426 
4.293 0.154609 -0.16547 0.138589 -0.172977 0.123887 -0.178616 0.109499 -0.183701 0.0933488 -0.188099 0.0780723 -0.191661 0.0627866 -0.194168 
1.918 -0.180962 0.172839 -0.177729 0.186127 -0.173989 0.197732 -0.170251 0.209108 -0.164958 0.220964 -0.159262 0.231897 -0.153279 0.242477 
3.959 -0.0837146 -0.128489 -0.0971028 -0.121774 -0.108757 -0.115154 -0.119795 -0.108179 -0.131419 -0.0998978 -0.141942 -0.0914959 -0.151932 -0.0826095 
1.311 -0.0850842 0.257759 -0.0779474 0.266159 -0.0713901 0.273409 -0.0644428 0.280182 -0.0566694 0.287049 -0.0488931 0.293157 -0.040981 0.298863 
1.671 -0.2515 0.207081 -0.245962 0.224604 -0.240385 0.240133 -0.234035 0.25489 -0.226284 0.27044 -0.218145 0.284838 -0.209467 0.298606 
1.914 -0.14535 0.196809 -0.140533 0.208058 -0.135988 0.21786 -0.130898 0.227222 -0.124965 0.237083 -0.118832 0.246032 -0.112378 0.25473 
1.425 0.123791 0.305013 0.133785 0.300294 0.142208 0.296193 0.150491 0.291261 0.158859 0.285773 0.166581 0.280107 0.17389 0.274024 
4.09 0.0149021 -0.044939 0.00605268 -0.0444243 -0.0016163 -0.0433749 -0.00915908 -0.0420341 -0.0172959 -0.0400952 -0.0248109 -0.0378279 -0.032024 -0.0351638 
4.176 0.0703739 -0.221627 0.0512244 -0.223735 0.0341864 -0.224604 0.0174969 -0.224774 -0.000655543 -0.223855 -0.0176135 -0.222182 -0.0342776 -0.219493 
1.241 -0.223421 0.252965 -0.215765 0.268538 -0.20822 0.282617 -0.200029 0.295718 -0.190362 0.309553 -0.180434 0.32213 -0.170184 0.334087 
1.273 -0.0604301 0.286522 -0.0514782 0.293613 -0.0435338 0.299557 -0.0350223 0.305008 -0.0257466 0.310282 -0.0167589 0.314801 -0.00766727 0.318898 
3.688 -0.259718 -0.342159 -0.285609 -0.324644 -0.307983 -0.307789 -0.328902 -0.290461 -0.350688 -0.270314 -0.370133 -0.250135 -0.388233 -0.229385 
3.654 -0.261088 -0.133283 -0.274576 -0.115803 -0.285939 -0.0996876 -0.296121 -0.083396 -0.30637 -0.065015 -0.314918 -0.0472921 -0.322568 -0.0292782 
4.43 0.227202 -0.00864265 0.220286 -0.0204017 0.213509 -0.0304953 0.206732 -0.0401192 0.198286 -0.0501037 0.190137 -0.0590459 0.181459 -0.0673847 
1.305 0.242953 0.398836 0.258056 0.386742 0.270876 0.375343 0.282976 0.363679 0.295239 0.350234 0.306067 0.336931 0.316136 0.32353 
3.914 -0.113163 -0.269566 -0.134757 -0.260618 -0.153714 -0.251609 -0.171711 -0.241955 -0.190775 -0.230449 -0.208076 -0.218607 -0.22443 -0.206012 
1.824 -0.167265 0.111889 -0.168509 0.125146 -0.169007 0.137071 -0.168963 0.148814 -0.168525 0.161485 -0.167371 0.173466 -0.165425 0.18528 
1.251 0.0813313 0.267347 0.0887273 0.265927 0.095115 0.26447 0.101555 0.262726 0.108121 0.260268 0.114209 0.257782 0.120012 0.254962 
1.335 -0.106314 0.202287 -0.102278 0.212122 -0.0982972 0.220666 -0.0938779 0.228916 -0.0887083 0.237486 -0.0832441 0.245272 -0.0775189 0.252621 
1.394 -0.111793 0.157773 -0.110254 0.167707 -0.108567 0.176528 -0.106297 0.185147 -0.103432 0.194309 -0.100264 0.2027 -0.0968023 0.210841 
