0.806 -0.311081 0.396781 -0.24563 0.387761 -0.187614 0.381978 -0.132102 0.376835 -0.0758255 0.372056 -0.0211051 0.369272 0.0330383 0.367407 
4.07 -0.173428 -0.0901383 -0.113857 -0.0897542 -0.0599929 -0.0886896 -0.00774865 -0.0887995 0.0461572 -0.0899609 0.0998516 -0.0908883 0.154038 -0.0922896 
4.152 -0.16658 -0.298329 -0.107296 -0.296238 -0.0533258 -0.294149 -0.000779938 -0.293838 0.0533568 -0.295246 0.107386 -0.296912 0.161843 -0.299711 
4.129 -0.115902 -0.036721 -0.0574699 -0.0373033 -0.00416952 -0.0368688 0.0479628 -0.0373653 0.102195 -0.038759 0.156727 -0.0395711 0.212204 -0.0407449 
4.055 -0.200137 -0.14698 -0.14005 -0.145737 -0.0857148 -0.14406 -0.0332853 -0.143708 0.0206238 -0.144537 0.0741608 -0.145296 0.128065 -0.146795 
4.145 -0.172743 -0.325723 -0.113354 -0.323319 -0.0592686 -0.320968 -0.00666631 -0.320472 0.0474696 -0.321819 0.101428 -0.323471 0.155842 -0.326345 
4.234 -0.118641 -0.299699 -0.0601337 -0.298604 -0.00652854 -0.297364 0.0459707 -0.297949 0.100411 -0.300305 0.155034 -0.302852 0.210443 -0.306535 
3.35 0.122422 0.0749075 0.182114 0.0743944 0.238619 0.0752549 0.295508 0.0755981 0.356273 0.0752248 0.418708 0.0759261 0.483687 0.0767294 
4.035 -0.177537 -0.0380907 -0.117862 -0.0382853 -0.0639547 -0.0376424 -0.0116129 -0.0378537 0.0422432 -0.0389627 0.0958598 -0.0395161 0.149948 -0.0404705 
4.238 -0.0405698 -0.0264484 0.0171299 -0.0273496 0.0704357 -0.0272505 0.123277 -0.0279937 0.178914 -0.0296664 0.235306 -0.0307756 0.293075 -0.032124 
4.25 -0.107684 -0.31545 -0.0492321 -0.314558 0.00436692 -0.313581 0.0569292 -0.314392 0.111428 -0.317092 0.166185 -0.320024 0.22172 -0.324161 
4.184 -0.14535 -0.292165 -0.0864219 -0.290579 -0.0326086 -0.288945 0.0198349 -0.289062 0.0740788 -0.290931 0.128254 -0.292966 0.183076 -0.296133 
4.094 -0.159732 -0.0969867 -0.10061 -0.0967197 -0.0469614 -0.0957424 0.00518042 -0.0958789 0.0591585 -0.0971252 0.113008 -0.0981023 0.167492 -0.09957 
4.211 -0.130968 -0.342159 -0.0722595 -0.340589 -0.0184863 -0.339065 0.0339859 -0.339439 0.0883388 -0.341736 0.142745 -0.344325 0.19784 -0.348185 
4.25 -0.104945 -0.334625 -0.0465175 -0.333652 0.00701076 -0.332658 0.0596223 -0.33356 0.114183 -0.336321 0.168996 -0.339394 0.224691 -0.34379 
4.184 -0.148089 -0.311341 -0.089127 -0.309558 -0.035277 -0.307764 0.0171971 -0.307808 0.0714163 -0.309604 0.12562 -0.311679 0.180401 -0.314902 
4.125 -0.182331 -0.298329 -0.122785 -0.295972 -0.0686047 -0.293561 -0.0160126 -0.292999 0.0381132 -0.294102 0.0919766 -0.295477 0.146241 -0.29798 
4.207 -0.129599 -0.307917 -0.0708965 -0.306594 -0.0171627 -0.305177 0.0352788 -0.305581 0.0896601 -0.307788 0.144062 -0.310218 0.199179 -0.313814 
4.34 -0.0063279 -0.157937 0.0513843 -0.159063 0.105093 -0.159649 0.158555 -0.161537 0.214928 -0.164843 0.272149 -0.167864 0.330939 -0.171545 
4.199 -0.135762 -0.321613 -0.0770338 -0.320026 -0.0232522 -0.31841 0.029196 -0.318656 0.0835494 -0.320745 0.13793 -0.323124 0.192956 -0.326652 
4.004 -0.2289 -0.141501 -0.168083 -0.140015 -0.113278 -0.138075 -0.0603935 -0.137426 -0.00645062 -0.137997 0.0469509 -0.138374 0.100474 -0.139522 
4.094 -0.178222 -0.16684 -0.118611 -0.165636 -0.0647531 -0.164058 -0.0123977 -0.163884 0.0415431 -0.165053 0.0952594 -0.166108 0.149547 -0.16799 
3.979 -0.243967 -0.146295 -0.182579 -0.144537 -0.127346 -0.142414 -0.0742544 -0.141559 -0.0201439 -0.141933 0.0331905 -0.14219 0.0865527 -0.143238 
4.148 -0.172059 -0.370237 -0.112768 -0.367531 -0.0586896 -0.364986 -0.00608254 -0.364439 0.0480573 -0.365822 0.102101 -0.367479 0.156508 -0.370575 
4.234 -0.117956 -0.327777 -0.0594441 -0.326578 -0.0058088 -0.325302 0.046734 -0.325938 0.101174 -0.328372 0.155813 -0.331112 0.211217 -0.335063 
4.16 -0.164525 -0.348322 -0.105264 -0.345964 -0.0512266 -0.343701 0.00132193 -0.343385 0.0555045 -0.344911 0.109548 -0.346839 0.16405 -0.349973 
4.258 -0.100151 -0.292165 -0.0417978 -0.291468 0.0117367 -0.290662 0.0643002 -0.291564 0.11892 -0.294264 0.173792 -0.297142 0.229559 -0.301137 
4.129 -0.185755 -0.33531 -0.126128 -0.332545 -0.0718993 -0.329909 -0.0192357 -0.329126 0.0348786 -0.330196 0.0887568 -0.331535 0.142985 -0.334147 
4.246 -0.111108 -0.362704 -0.0525814 -0.361554 0.00105755 -0.360374 0.0536419 -0.361218 0.108118 -0.363983 0.162796 -0.367185 0.218271 -0.371655 
4.168 -0.156992 -0.323668 -0.0978411 -0.321644 -0.043899 -0.319648 0.00859838 -0.319506 0.0627825 -0.321142 0.116885 -0.323137 0.171513 -0.326285 
3.994 -0.243282 -0.173004 -0.181989 -0.170921 -0.126831 -0.168532 -0.0737434 -0.167552 -0.0195973 -0.167824 0.0338343 -0.168058 0.0872672 -0.169197 
4.211 -0.130284 -0.374346 -0.0715659 -0.372645 -0.0177452 -0.37103 0.0347468 -0.371439 0.0891169 -0.373872 0.143489 -0.376668 0.198588 -0.380821 
4.188 -0.146035 -0.342159 -0.0870823 -0.340265 -0.0332109 -0.338396 0.0193088 -0.338472 0.0735329 -0.340457 0.127739 -0.342746 0.182512 -0.346278 
4.285 -0.0542665 -0.163416 0.00353846 -0.163935 0.05689 -0.163958 0.109709 -0.165316 0.164958 -0.168106 0.220919 -0.170664 0.278034 -0.173908 
4.184 -0.111793 -0.143556 -0.0532828 -0.143419 3.94517e-05 -0.142705 0.052241 -0.143369 0.10646 -0.145267 0.161226 -0.147012 0.216996 -0.149414 
4.176 -0.152198 -0.359964 -0.0931899 -0.357739 -0.0392901 -0.355609 0.013224 -0.355505 0.0674591 -0.357297 0.121625 -0.359457 0.176401 -0.362978 
4.137 -0.180277 -0.312711 -0.120716 -0.310268 -0.0665139 -0.307844 -0.0139235 -0.307282 0.0402155 -0.308448 0.094099 -0.309931 0.148349 -0.312573 
4.031 -0.217258 -0.167525 -0.156738 -0.165853 -0.102085 -0.163811 -0.0494824 -0.16314 0.0044659 -0.163826 0.0579306 -0.164363 0.111669 -0.165769 
4.105 -0.197398 -0.297644 -0.137444 -0.295024 -0.0830527 -0.292404 -0.0303172 -0.291586 0.023762 -0.292446 0.0775598 -0.293572 0.131569 -0.295832 
0.862 -0.0843994 0.378291 -0.0248778 0.374534 0.0294335 0.373397 0.0826836 0.372698 0.138109 0.372309 0.193546 0.373871 0.249645 0.376431 
4.105 -0.129599 -0.0360362 -0.0711185 -0.0364469 -0.0177646 -0.0360222 0.0343729 -0.0363943 0.0885923 -0.03771 0.142972 -0.0384448 0.198241 -0.0395232 
4.18 -0.150829 -0.38051 -0.0918132 -0.378232 -0.0379168 -0.376075 0.0146187 -0.376024 0.0688406 -0.377892 0.123022 -0.380196 0.177806 -0.383894 
0.86 -0.0255034 0.391303 0.0334563 0.388794 0.087876 0.38888 0.141458 0.389485 0.197684 0.390259 0.254251 0.393178 0.311849 0.397121 
4.211 -0.129599 -0.357225 -0.0708917 -0.355632 -0.0171081 -0.354092 0.0353829 -0.354571 0.0897097 -0.356901 0.144126 -0.35964 0.199194 -0.363684 
0.936 -0.287111 0.346103 -0.222823 0.338925 -0.165447 0.334585 -0.110527 0.330661 -0.0546065 0.326948 -0.000126658 0.325099 0.0538494 0.324114 
4.109 -0.196713 -0.313395 -0.136778 -0.310645 -0.0824023 -0.30796 -0.0296813 -0.307085 0.0244302 -0.30802 0.078244 -0.309178 0.13225 -0.311564 
4.066 -0.181646 -0.108629 -0.121905 -0.107909 -0.067948 -0.106721 -0.0155964 -0.106728 0.0382852 -0.107888 0.0919103 -0.108805 0.145922 -0.110262 
4.207 -0.130968 -0.29285 -0.0722891 -0.291567 -0.0185687 -0.290155 0.0338595 -0.29051 0.0882113 -0.292657 0.142619 -0.294975 0.197729 -0.298391 
1.885 0.118997 0.15024 0.17864 0.150414 0.234827 0.152139 0.291366 0.153547 0.351749 0.15456 0.41369 0.156931 0.478106 0.159658 
4.094 -0.172743 -0.143556 -0.113152 -0.142633 -0.0594034 -0.141243 -0.00711598 -0.141179 0.0468468 -0.142433 0.100623 -0.143465 0.154865 -0.145238 
4.266 -0.100836 -0.374346 -0.042438 -0.373268 0.0111699 -0.37219 0.063747 -0.373208 0.118339 -0.376144 0.173196 -0.379541 0.228891 -0.384251 
4.125 -0.159047 -0.167525 -0.0998773 -0.166558 -0.0461435 -0.16521 0.00613406 -0.165253 0.0601676 -0.166661 0.114104 -0.167968 0.168677 -0.170095 
4.137 -0.178222 -0.353801 -0.118676 -0.351134 -0.0644961 -0.348594 -0.011858 -0.348025 0.0422874 -0.349303 0.0961975 -0.350901 0.150513 -0.353788 
1.758 -0.324093 0.248856 -0.259465 0.243609 -0.201886 0.240658 -0.14682 0.23776 -0.0909696 0.234775 -0.0366139 0.233285 0.0169889 0.23257 
4.246 -0.113847 -0.388728 -0.0552937 -0.387387 -0.00162512 -0.386128 0.0509454 -0.38694 0.1054 -0.389776 0.160063 -0.393045 0.215425 -0.397694 
4.215 -0.130968 -0.391467 -0.0722354 -0.389644 -0.0184348 -0.387977 0.0340687 -0.388382 0.0884488 -0.390775 0.142828 -0.393617 0.197936 -0.39789 
3.422 0.0820162 0.0680592 0.140629 0.0673381 0.195881 0.067966 0.25136 0.0681236 0.310342 0.0675257 0.370532 0.0679039 0.432826 0.0684316 
4.23 -0.0802904 -0.142186 -0.0223013 -0.142425 0.0310527 -0.142116 0.0834452 -0.143142 0.138266 -0.145432 0.193468 -0.147488 0.249854 -0.150196 
3.918 0.147076 0.0105328 0.207323 0.00942136 0.264444 0.00937839 0.322132 0.00871968 0.383812 0.00710824 0.447513 0.00629612 0.513925 0.00542235 
4.129 -0.14672 -0.138762 -0.0878495 -0.138198 -0.0342977 -0.13711 0.0178875 -0.137311 0.0718983 -0.138802 0.125998 -0.140144 0.180833 -0.14217 
0.825 -0.16795 0.533064 -0.106632 0.525135 -0.0511614 0.520702 0.00272267 0.517084 0.0582417 0.514145 0.113126 0.513597 0.168098 0.514401 
4.168 -0.164525 -0.395576 -0.10522 -0.392887 -0.0512005 -0.390408 0.00143132 -0.390039 0.0556199 -0.391668 0.109684 -0.393757 0.164184 -0.397268 
4.121 -0.187125 -0.370237 -0.127466 -0.36714 -0.073256 -0.364262 -0.0205442 -0.363376 0.0335627 -0.364385 0.0874761 -0.365781 0.141699 -0.368513 
4.211 -0.0665936 -0.0586358 -0.00890674 -0.0593486 0.0443116 -0.0591202 0.0968575 -0.0598694 0.151986 -0.0616932 0.207739 -0.0630141 0.264763 -0.0646617 
1.378 0.000520477 0.239269 0.0589691 0.238138 0.113145 0.239006 0.166996 0.239901 0.223668 0.240733 0.281072 0.243012 0.339866 0.245878 
0.886 -0.159732 0.522107 -0.0985697 0.514466 -0.0432501 0.510495 0.0104525 0.507274 0.065987 0.504612 0.120822 0.504402 0.175764 0.505481 
4.324 -0.0309821 -0.162731 0.0266065 -0.163676 0.0802403 -0.163911 0.133273 -0.165574 0.189171 -0.168652 0.245603 -0.171461 0.303513 -0.17498 
1.391 0.00736885 0.226942 0.0658063 0.225882 0.120013 0.226809 0.173954 0.227708 0.230733 0.22843 0.288306 0.230684 0.347283 0.23343 
4.129 -0.183016 -0.385303 -0.123418 -0.382231 -0.0691613 -0.379394 -0.0164919 -0.378622 0.0376418 -0.37981 0.0915589 -0.381367 0.145827 -0.384374 
4.234 -0.116587 -0.342843 -0.0580565 -0.341581 -0.00440932 -0.340342 0.0481035 -0.340987 0.10258 -0.343532 0.157208 -0.346395 0.2126 -0.350541 
0.965 -0.366553 0.333776 -0.299138 0.325638 -0.239586 0.320261 -0.182987 0.315359 -0.125907 0.310549 -0.0705393 0.30769 -0.0162732 0.305593 
4.262 -0.098781 -0.355171 -0.0403852 -0.354224 0.0131953 -0.353256 0.0657963 -0.354253 0.120374 -0.35716 0.175248 -0.36044 0.230967 -0.365044 
4.266 -0.100151 -0.389412 -0.0417489 -0.38833 0.0118603 -0.387274 0.0644838 -0.38828 0.119033 -0.391361 0.173881 -0.394777 0.229566 -0.399687 
4.109 -0.198082 -0.348322 -0.138143 -0.345227 -0.0837657 -0.342275 -0.030954 -0.341297 0.0231552 -0.342172 0.0769847 -0.343387 0.131008 -0.345932 
4.242 -0.0823449 -0.170264 -0.0242218 -0.170324 0.0289924 -0.169966 0.0814591 -0.171009 0.136278 -0.17347 0.191478 -0.175786 0.247696 -0.178831 
1.656 0.133379 0.169415 0.193263 0.169715 0.249928 0.171684 0.306818 0.173248 0.367684 0.174562 0.430147 0.177243 0.495144 0.180432 
3.986 0.131324 0.0105328 0.191157 0.00941514 0.247763 0.00942283 0.304964 0.00874075 0.365992 0.00718293 0.428916 0.00640877 0.494443 0.00551699 
0.788 -0.299438 0.435132 -0.234508 0.425652 -0.176509 0.419351 -0.121186 0.413987 -0.0647983 0.40889 -0.0100597 0.406044 0.044125 0.404275 
4.152 -0.133023 -0.144925 -0.0743538 -0.144516 -0.0208648 -0.143588 0.0313182 -0.14397 0.0854587 -0.145621 0.139777 -0.147125 0.194771 -0.149356 
4.188 -0.149459 -0.395576 -0.0904555 -0.393255 -0.0365574 -0.39113 0.0159946 -0.391047 0.070226 -0.393057 0.124432 -0.395434 0.179191 -0.399283 
4.113 -0.199452 -0.40037 -0.139479 -0.396716 -0.0850263 -0.393439 -0.0321971 -0.392264 0.0219337 -0.39307 0.0757676 -0.394339 0.129811 -0.397042 
4.07 -0.187125 -0.142186 -0.127206 -0.141106 -0.0731146 -0.139575 -0.0207505 -0.139341 0.033134 -0.140409 0.0867971 -0.141323 0.140726 -0.142916 
4.109 -0.151513 -0.109999 -0.092635 -0.109712 -0.0389949 -0.108741 0.0131309 -0.108918 0.0671906 -0.110264 0.121149 -0.111404 0.175847 -0.113074 
0.852 -0.069333 0.3824 -0.00996995 0.378857 0.0443851 0.377937 0.0976959 0.377506 0.153388 0.377362 0.209048 0.379263 0.26558 0.382084 
4.246 -0.0672785 -0.136022 -0.00942037 -0.136397 0.0438607 -0.136227 0.0963635 -0.137276 0.151372 -0.139701 0.207034 -0.141842 0.263769 -0.144584 
3.979 -0.257663 -0.173689 -0.196033 -0.171461 -0.140539 -0.168933 -0.0872923 -0.167774 -0.0329633 -0.16788 0.0204423 -0.16798 0.073768 -0.16895 
1.378 0.00394467 0.255705 0.0624319 0.254574 0.116733 0.255584 0.170647 0.256623 0.227439 0.257547 0.284949 0.260077 0.343853 0.263298 
4.109 -0.200822 -0.334625 -0.140884 -0.331633 -0.0864739 -0.328811 -0.0337156 -0.327817 0.0204089 -0.328678 0.07422 -0.329863 0.12825 -0.33227 
4.109 -0.196713 -0.38051 -0.136792 -0.377111 -0.0823821 -0.373977 -0.0295591 -0.372902 0.0245514 -0.373767 0.0783904 -0.375061 0.13245 -0.377754 
0.901 -0.140556 0.528955 -0.0798367 0.521982 -0.0246813 0.518333 0.0289111 0.515537 0.0844157 0.513376 0.139338 0.513593 0.194533 0.515115 
0.853 -0.452157 0.355006 -0.380853 0.344801 -0.318225 0.337778 -0.259135 0.33131 -0.200017 0.325046 -0.143202 0.320696 -0.0880542 0.317152 
3.982 -0.2289 -0.0867141 -0.167963 -0.0859721 -0.113024 -0.0845831 -0.0603264 -0.0843336 -0.00634107 -0.0850732 0.0469207 -0.0854929 0.100373 -0.0864116 
4.133 -0.185755 -0.402424 -0.126095 -0.399116 -0.0718167 -0.396075 -0.019155 -0.39516 0.0350097 -0.396256 0.0889272 -0.397787 0.143159 -0.400748 
0.84 -0.482975 0.3598 -0.410242 0.349079 -0.346327 0.341504 -0.286228 0.334547 -0.226186 0.327888 -0.168817 0.323017 -0.113115 0.319053 
1.659 0.0847555 0.123531 0.143548 0.12311 0.198896 0.124271 0.254427 0.125066 0.313514 0.12528 0.373861 0.126746 0.436295 0.128566 
3.93 -0.279578 -0.16958 -0.217253 -0.167193 -0.161221 -0.16447 -0.107552 -0.163154 -0.0531043 -0.163049 0.000378945 -0.162975 0.0536041 -0.1637 
4.266 -0.0960416 -0.306547 -0.0377013 -0.305833 0.0157949 -0.305012 0.0683787 -0.305973 0.122994 -0.308758 0.177908 -0.311753 0.233662 -0.315901 
4.141 -0.129599 -0.107259 -0.0710803 -0.107072 -0.0177444 -0.106337 0.0344531 -0.106668 0.0886601 -0.108192 0.143082 -0.109486 0.198366 -0.111359 
4.227 -0.0727572 -0.105205 -0.0150599 -0.105545 0.038224 -0.105426 0.0906386 -0.106262 0.145613 -0.108326 0.2013 -0.110266 0.258114 -0.112516 
1.665 0.0813313 0.105725 0.140052 0.10528 0.195344 0.106119 0.250884 0.106808 0.309865 0.106787 0.370137 0.107879 0.43252 0.109088 
0.853 -0.466539 0.352267 -0.394522 0.342009 -0.331275 0.334837 -0.271699 0.328255 -0.212063 0.322003 -0.154964 0.317557 -0.0995485 0.313811 
0.867 -0.401479 0.350897 -0.332569 0.341653 -0.27193 0.335392 -0.214313 0.329734 -0.156449 0.324325 -0.100605 0.320601 -0.046026 0.31786 
4.109 -0.157677 -0.12712 -0.0986688 -0.126489 -0.0449474 -0.125371 0.00723016 -0.125447 0.0612327 -0.126794 0.115149 -0.127962 0.169738 -0.129721 
0.961 -0.324777 0.337885 -0.259268 0.330301 -0.201026 0.325489 -0.145516 0.321186 -0.0892285 0.317069 -0.0344942 0.314689 0.0194121 0.313198 
4.219 -0.103575 -0.183961 -0.0452788 -0.183762 0.00807911 -0.183076 0.0604142 -0.183817 0.114937 -0.186101 0.169768 -0.18824 0.225461 -0.191089 
3.996 -0.23164 -0.120956 -0.170456 -0.119742 -0.115543 -0.11796 -0.0626835 -0.117424 -0.00868521 -0.118042 0.0445701 -0.118493 0.0980724 -0.119532 
0.813 -0.493248 0.370757 -0.420038 0.359492 -0.355668 0.351547 -0.295157 0.344142 -0.234729 0.337216 -0.177056 0.332019 -0.121096 0.32787 
4.258 -0.0255034 -0.0339816 0.0321028 -0.0349332 0.0856024 -0.0348961 0.13863 -0.0357011 0.194655 -0.0375285 0.251539 -0.0387084 0.309875 -0.0402037 
1.021 -0.435036 0.322819 -0.365397 0.314308 -0.303949 0.308597 -0.245916 0.303344 -0.187476 0.29818 -0.131292 0.294701 -0.0765318 0.291989 
3.955 -0.235749 -0.0483632 -0.174463 -0.0481785 -0.119615 -0.0471892 -0.0666952 -0.0471132 -0.012631 -0.0479204 0.0406826 -0.0482146 0.0940081 -0.0489492 
3.938 -0.279578 -0.183276 -0.217237 -0.180678 -0.161226 -0.177745 -0.107559 -0.176265 -0.0530571 -0.176118 0.000462543 -0.176007 0.0536919 -0.176758 
3.959 0.10941 0.00847829 0.168689 0.00735665 0.224736 0.00737074 0.281217 0.0067264 0.341437 0.00515375 0.403274 0.00437039 0.467452 0.00342895 
4.223 -0.122065 -0.260663 -0.063468 -0.259723 -0.00981646 -0.258605 0.0426509 -0.259163 0.0970235 -0.261513 0.151613 -0.26387 0.206884 -0.267337 
0.872 -0.420655 0.349527 -0.350839 0.340008 -0.289371 0.333527 -0.231228 0.327531 -0.172831 0.321904 -0.116691 0.318002 -0.0618729 0.315013 
4.246 -0.10152 -0.259293 -0.0431069 -0.258869 0.0104026 -0.258086 0.0629139 -0.259008 0.11745 -0.261652 0.172319 -0.264354 0.228009 -0.268163 
0.885 -0.389152 0.342679 -0.320732 0.33374 -0.260404 0.327779 -0.203094 0.322345 -0.145375 0.317063 -0.0896756 0.31356 -0.0352391 0.310959 
4.277 -0.0398849 -0.118902 0.0179531 -0.119735 0.0712937 -0.119855 0.124138 -0.121167 0.179727 -0.123746 0.236125 -0.125981 0.293729 -0.128761 
1.142 -0.335735 0.288577 -0.270322 0.282145 -0.212156 0.278227 -0.156628 0.274541 -0.100302 0.270925 -0.0457151 0.268921 0.00811564 0.267693 
4.203 -0.0898781 -0.116847 -0.0318903 -0.117011 0.0213707 -0.116666 0.0736787 -0.117366 0.128253 -0.119427 0.183388 -0.121094 0.239397 -0.123411 
4.297 -0.0248185 -0.116847 0.0328858 -0.117759 0.0862831 -0.118002 0.139416 -0.11939 0.195395 -0.122068 0.252217 -0.124374 0.310315 -0.127245 
0.803 -0.469963 0.372812 -0.397669 0.361847 -0.3343 0.354087 -0.274586 0.346949 -0.214993 0.340173 -0.157838 0.335229 -0.102376 0.331263 
1.472 0.0368169 0.244062 0.0953696 0.243517 0.149999 0.244787 0.204427 0.246184 0.261901 0.247301 0.320486 0.250183 0.380481 0.253596 
1.359 -0.0111218 0.261868 0.0473468 0.260542 0.101659 0.261262 0.155325 0.262098 0.211845 0.262886 0.268951 0.265286 0.327427 0.268338 
1.643 0.08681 0.240638 0.146024 0.240886 0.201638 0.242996 0.257283 0.245025 0.316394 0.24692 0.376954 0.250612 0.439443 0.254751 
4.289 -0.022764 -0.091508 0.0347956 -0.0924898 0.0883617 -0.0926401 0.141494 -0.0938942 0.197525 -0.0963217 0.254226 -0.0983247 0.312628 -0.100743 
0.871 -0.435721 0.347473 -0.365273 0.337696 -0.303193 0.331046 -0.244567 0.324824 -0.185753 0.319038 -0.129299 0.314927 -0.0743793 0.311665 
1.665 0.0888645 0.141337 0.147765 0.141182 0.2033 0.142502 0.259008 0.143549 0.318134 0.144002 0.378687 0.145726 0.441342 0.147834 
4.074 -0.158362 -0.0682235 -0.099335 -0.0682362 -0.0457056 -0.0674613 0.00649926 -0.0676564 0.0605198 -0.0688716 0.114478 -0.0696645 0.169169 -0.0708359 
4.137 -0.117272 -0.0593206 -0.058818 -0.0596652 -0.00551181 -0.0591757 0.0466193 -0.0597385 0.100851 -0.0612052 0.155344 -0.0622677 0.210726 -0.063755 
4.047 -0.196028 -0.10452 -0.136026 -0.103809 -0.0818338 -0.102464 -0.0293904 -0.102242 0.0243725 -0.103124 0.077946 -0.103796 0.131761 -0.105046 
3.771 -0.361759 -0.12438 -0.296403 -0.121934 -0.238132 -0.119205 -0.182694 -0.117603 -0.1269 -0.116909 -0.0727273 -0.116169 -0.0194819 -0.116018 
4.012 -0.217258 -0.120271 -0.157044 -0.119191 -0.102401 -0.11751 -0.0496662 -0.117095 0.00407437 -0.117809 0.0576826 -0.11832 0.111153 -0.119463 
4.27 -0.0378304 -0.0921929 0.0199482 -0.0930649 0.0732189 -0.0931518 0.125953 -0.0943075 0.181713 -0.0966377 0.238059 -0.0985648 0.29571 -0.100929 
4.375 0.0833858 -0.0285029 0.142056 -0.0299046 0.197324 -0.0302056 0.253022 -0.0314615 0.312256 -0.0337384 0.372841 -0.0351887 0.435676 -0.036997 
3.822 -0.338474 -0.155198 -0.274043 -0.152382 -0.216383 -0.149309 -0.161451 -0.147387 -0.106065 -0.146725 -0.0521237 -0.145943 0.00102662 -0.145915 
3.729 -0.371346 -0.070278 -0.305517 -0.0689278 -0.246846 -0.066963 -0.191073 -0.0659419 -0.134985 -0.0657394 -0.0806958 -0.0653549 -0.0273656 -0.0653419 
3.701 -0.378195 -0.0305575 -0.312004 -0.0300937 -0.253087 -0.0288384 -0.197157 -0.0283745 -0.140918 -0.0286864 -0.0866062 -0.0285244 -0.0332743 -0.0287199 
3.73 -0.356965 -0.0271333 -0.291522 -0.0267576 -0.233167 -0.025531 -0.177743 -0.0252386 -0.121881 -0.025517 -0.0677968 -0.0254315 -0.0146319 -0.0256333 
4.102 -0.202876 -0.367498 -0.142905 -0.364161 -0.0884947 -0.361048 -0.0356417 -0.359959 0.0184407 -0.3607 0.0722808 -0.361872 0.126309 -0.364424 
0.971 -0.46243 0.334461 -0.391631 0.32542 -0.320719 0.3142 -0.262305 0.308677 -0.202951 0.302994 -0.146454 0.299253 -0.0913013 0.296245 
1.687 0.101192 0.159143 0.160442 0.159184 0.216318 0.160745 0.272372 0.162018 0.332073 0.162879 0.393198 0.165091 0.456571 0.167688 
1.628 0.0779071 0.162567 0.136642 0.162336 0.191881 0.163754 0.247187 0.164923 0.305913 0.165744 0.365898 0.167862 0.427869 0.170339 
0.851 -0.043994 0.389933 0.0151111 0.386979 0.0693906 0.386546 0.122841 0.38653 0.178854 0.386867 0.235026 0.389361 0.292212 0.392744 
4.203 -0.122065 -0.190125 -0.0635427 -0.189613 -0.0100461 -0.188716 0.0422406 -0.189318 0.0965191 -0.191357 0.151079 -0.193468 0.206339 -0.196199 
3.799 -0.363128 -0.175058 -0.297787 -0.171552 -0.239435 -0.167985 -0.183997 -0.165546 -0.128109 -0.164313 -0.0738443 -0.163172 -0.0204682 -0.162827 
3.936 -0.205616 0.013957 -0.145234 0.0131892 -0.0907605 0.0135363 -0.0382546 0.0132311 0.0157039 0.0121832 0.0691293 0.0118789 0.122818 0.0114021 
3.818 -0.373401 -0.238063 -0.30786 -0.233368 -0.249462 -0.228726 -0.193895 -0.225753 -0.137919 -0.224055 -0.0835518 -0.222454 -0.0300162 -0.22186 
4.379 0.0368169 -0.112738 0.0947888 -0.114399 0.149097 -0.115122 0.203462 -0.117096 0.260947 -0.120285 0.319517 -0.122989 0.379954 -0.12633 
0.809 -0.182331 0.533064 -0.120774 0.524947 -0.0651209 0.520273 -0.0112012 0.516405 0.0443372 0.513235 0.0991209 0.512454 0.153864 0.51305 
1.606 0.0737981 0.179688 0.132564 0.179414 0.187812 0.180883 0.243035 0.182098 0.30168 0.182957 0.361672 0.185261 0.423543 0.187947 
0.748 -0.0323517 0.453623 0.0268494 0.450294 0.0813705 0.449927 0.134987 0.449989 0.191208 0.450511 0.24761 0.453322 0.304946 0.457261 
3.719 -0.375455 -0.0545268 -0.309431 -0.0536848 -0.250586 -0.0519407 -0.194807 -0.0512633 -0.138604 -0.0512849 -0.0842734 -0.0509622 -0.0309554 -0.0511122 
4.008 -0.205616 -0.0469936 -0.145343 -0.0469402 -0.0909898 -0.0460708 -0.0385042 -0.0461027 0.0151546 -0.0470178 0.0685914 -0.0474919 0.122225 -0.0483074 
4.137 0.123106 -0.00316395 0.182839 -0.00448221 0.239248 -0.004691 0.296239 -0.00560343 0.356976 -0.00754329 0.419534 -0.00862075 0.484692 -0.00989362 
3.754 -0.370662 -0.101781 -0.312819 -0.100531 -0.253985 -0.0979216 -0.198139 -0.0964827 -0.141905 -0.0959079 -0.0874887 -0.0951986 -0.0341231 -0.0951572 
4.383 0.0347624 -0.146295 0.0927687 -0.1479 0.14706 -0.148999 0.201346 -0.151305 0.258774 -0.154892 0.317248 -0.158118 0.377562 -0.162134 
3.832 -0.374771 -0.27162 -0.309275 -0.266108 -0.250805 -0.260885 -0.195304 -0.257483 -0.139343 -0.255384 -0.0848477 -0.253596 -0.0312831 -0.252814 
4.207 -0.094672 -0.142871 -0.0365419 -0.142989 0.0166835 -0.142514 0.0690385 -0.143342 0.123577 -0.145459 0.17857 -0.147405 0.234523 -0.149951 
1.671 0.0943432 0.192015 0.153466 0.192108 0.209065 0.1938 0.264982 0.195524 0.32419 0.196781 0.385016 0.199581 0.447854 0.202851 
3.736 -0.35765 -0.0428845 -0.29221 -0.0422594 -0.23384 -0.0407857 -0.178387 -0.0402675 -0.122537 -0.0404562 -0.0684661 -0.0402947 -0.0152438 -0.0404289 
4.031 -0.215888 -0.14698 -0.155358 -0.145552 -0.100663 -0.143708 -0.047974 -0.14314 0.00595077 -0.143821 0.0593991 -0.144427 0.113062 -0.145739 
1.117 -0.410382 0.306383 -0.341863 0.29866 -0.281306 0.293607 -0.22402 0.288901 -0.166237 0.284296 -0.110602 0.281296 -0.0562143 0.279087 
3.85 -0.339844 -0.199712 -0.275582 -0.196253 -0.218084 -0.19244 -0.163248 -0.19018 -0.107818 -0.189101 -0.0538373 -0.187974 -0.000555476 -0.187957 
1.7 0.08681 0.0913437 0.145583 0.0908885 0.200967 0.0916543 0.256643 0.0921824 0.315751 0.0919244 0.376185 0.0928389 0.438748 0.0938717 
4.215 -0.0679633 -0.0757567 -0.010225 -0.0764235 0.0429988 -0.0759823 0.0955145 -0.0769651 0.150615 -0.0787707 0.206361 -0.0801792 0.263279 -0.0820371 
4.246 -0.0494727 -0.0771264 0.00833663 -0.0779022 0.061552 -0.0778265 0.114167 -0.0788291 0.169565 -0.0809791 0.225557 -0.0826621 0.282887 -0.0847851 
0.907 -0.33642 0.360485 -0.270227 0.351966 -0.211508 0.346475 -0.155488 0.341559 -0.0987744 0.336904 -0.0437185 0.334137 0.0104474 0.332273 
3.852 -0.348062 -0.225736 -0.283528 -0.221539 -0.225854 -0.217393 -0.170839 -0.214693 -0.115372 -0.213345 -0.0612627 -0.212163 -0.00790448 -0.211865 
3.994 -0.219312 -0.070278 -0.158546 -0.069833 -0.10389 -0.0686322 -0.0511705 -0.0684868 0.00271414 -0.0692839 0.0561087 -0.0697441 0.109579 -0.0706437 
3.797 -0.372031 -0.196973 -0.306506 -0.193142 -0.24805 -0.189016 -0.192449 -0.186422 -0.136424 -0.184998 -0.0820829 -0.183554 -0.0286547 -0.183255 
3.863 -0.350116 -0.253815 -0.28554 -0.249137 -0.227865 -0.244571 -0.172887 -0.241642 -0.117399 -0.240131 -0.063231 -0.238766 -0.00978578 -0.238506 
3.852 -0.340529 -0.214094 -0.276129 -0.210228 -0.21859 -0.206332 -0.163751 -0.203906 -0.108369 -0.202647 -0.0543542 -0.201645 -0.00105987 -0.201525 
3.785 -0.363813 -0.150404 -0.298492 -0.147556 -0.240196 -0.144416 -0.184716 -0.142448 -0.128845 -0.141483 -0.0746527 -0.140469 -0.0213295 -0.140347 
0.761 -0.128229 0.521422 -0.0677371 0.514774 -0.0128431 0.5114 0.0406749 0.508858 0.0962092 0.506976 0.151182 0.507349 0.206457 0.509097 
4.027 -0.195343 -0.0627448 -0.135415 -0.0625127 -0.0812593 -0.0615145 -0.0288264 -0.0614886 0.0248591 -0.0624592 0.0784156 -0.0629763 0.132361 -0.0639911 
3.826 -0.358334 -0.209985 -0.293253 -0.205889 -0.235119 -0.201719 -0.17984 -0.199114 -0.124084 -0.197633 -0.0698279 -0.196352 -0.0164575 -0.195955 
4.27 -0.0124914 -0.0401452 0.0451602 -0.0411563 0.0987672 -0.0411969 0.152185 -0.0420842 0.20861 -0.0440083 0.265965 -0.0452946 0.324763 -0.0468857 
4.426 0.0409259 -0.185331 0.099112 -0.187416 0.153608 -0.188788 0.208062 -0.191521 0.265696 -0.195856 0.324492 -0.199939 0.385176 -0.204855 
3.631 0.0813313 0.013957 0.140043 0.0128848 0.195337 0.0129343 0.251001 0.0122923 0.310306 0.0107889 0.371026 0.0101051 0.433885 0.00924326 
1.223 -0.0905629 0.311861 -0.031496 0.308852 0.0226661 0.30806 0.075717 0.30765 0.131051 0.307438 0.186435 0.308881 0.242605 0.311147 
3.971 -0.222052 -0.0476784 -0.160912 -0.0475194 -0.106196 -0.0466065 -0.0536324 -0.0465745 0.000336309 -0.04739 0.0535787 -0.0478182 0.107136 -0.0485862 
3.826 -0.373401 -0.255869 -0.307883 -0.250677 -0.249445 -0.245742 -0.193978 -0.242429 -0.138022 -0.24051 -0.0835653 -0.238825 -0.0300071 -0.238196 
4.406 0.027914 -0.21067 0.0859944 -0.212382 0.140223 -0.213718 0.194379 -0.216512 0.251429 -0.22102 0.309626 -0.225301 0.369546 -0.230522 
4.066 -0.150144 -0.0216546 -0.0913399 -0.0221202 -0.0377848 -0.0216242 0.0143438 -0.0219688 0.0683126 -0.023133 0.122321 -0.0237662 0.177082 -0.0247109 
0.726 -0.226161 0.525531 -0.163414 0.516301 -0.107058 0.510627 -0.0525723 0.505717 0.00321034 0.50153 0.0578863 0.499693 0.112331 0.499155 
1.21 -0.0665936 0.311177 -0.00762426 0.308575 0.0464344 0.308235 0.0996306 0.308226 0.155292 0.30831 0.211036 0.310219 0.267771 0.312811 
0.801 -0.429558 0.378291 -0.359291 0.367803 -0.297515 0.360641 -0.239001 0.353994 -0.180299 0.347717 -0.123981 0.343297 -0.0690623 0.339873 
4.41 0.0306533 -0.196288 0.0889001 -0.198 0.14306 -0.199337 0.197314 -0.202052 0.254599 -0.206374 0.313061 -0.21041 0.373229 -0.215337 
1.401 0.0114779 0.271456 0.0700595 0.270467 0.124372 0.271309 0.178509 0.272461 0.235399 0.273587 0.293218 0.276421 0.352369 0.279952 
4.078 -0.14535 -0.0421997 -0.0864905 -0.042499 -0.0329564 -0.0419806 0.019192 -0.0423367 0.073232 -0.0435807 0.127233 -0.0443062 0.182008 -0.0454178 
4.309 -0.018655 -0.129174 0.0390024 -0.130191 0.0926473 -0.130499 0.145846 -0.132059 0.201789 -0.134924 0.258801 -0.137449 0.317132 -0.140566 
1.742 0.114888 0.21393 0.174605 0.214258 0.230825 0.216628 0.287261 0.218433 0.347519 0.220574 0.409407 0.223777 0.47346 0.22779 
3.865 -0.343268 -0.240118 -0.278901 -0.235736 -0.221293 -0.231422 -0.166346 -0.228618 -0.110829 -0.227218 -0.0567815 -0.225934 -0.00341567 -0.225719 
4.184 -0.0843994 -0.0675387 -0.0265243 -0.0680268 0.0267249 -0.0677566 0.0790023 -0.0684995 0.133743 -0.070184 0.189011 -0.0715352 0.24535 -0.0731998 
1.748 0.116258 0.181742 0.175808 0.181989 0.231911 0.183785 0.288351 0.185461 0.348507 0.186818 0.410322 0.189595 0.474348 0.192886 
4.355 -0.00153404 -0.192179 0.0562875 -0.193611 0.110089 -0.194545 0.163625 -0.19666 0.219935 -0.200416 0.277187 -0.203935 0.335939 -0.208266 
4.395 0.0566772 -0.08329 0.114935 -0.0848967 0.169629 -0.085745 0.224532 -0.0875598 0.282871 -0.0905288 0.342325 -0.0929551 0.403785 -0.0959414 
4.309 -0.0111218 -0.106574 0.0463641 -0.107641 0.100132 -0.107941 0.153476 -0.109436 0.20952 -0.112178 0.266826 -0.114495 0.325372 -0.117315 
4.023 -0.168634 0.0119025 -0.109182 0.0110684 -0.0554511 0.0113819 -0.00329127 0.0109688 0.0506565 0.00991372 0.104541 0.00952523 0.158776 0.00908735 
4.441 0.0450349 -0.2093 0.103298 -0.211442 0.157791 -0.213074 0.212266 -0.215993 0.269822 -0.220706 0.328628 -0.225273 0.389253 -0.230745 
3.963 -0.223421 -0.0278181 -0.162598 -0.0279426 -0.107924 -0.0271058 -0.0552683 -0.0271925 -0.00128955 -0.0280776 0.0521464 -0.0284263 0.105633 -0.029139 
4.551 0.0881797 -0.22916 0.147033 -0.232133 0.202341 -0.234441 0.257861 -0.238313 0.316854 -0.243745 0.377394 -0.249284 0.440178 -0.256101 
4.121 -0.130968 -0.0764416 -0.072452 -0.0765199 -0.0191009 -0.0758453 0.0330631 -0.0762542 0.087211 -0.0776632 0.141585 -0.0787648 0.196814 -0.0802984 
4.023 -0.175483 -0.0134365 -0.115799 -0.0138779 -0.0619306 -0.0134369 -0.00955509 -0.0137161 0.0442973 -0.0147994 0.0979388 -0.0152396 0.152022 -0.016029 
4.27 -0.0761813 -0.18944 -0.0181723 -0.18952 0.0351773 -0.189195 0.087692 -0.190343 0.142562 -0.192995 0.197961 -0.19557 0.2545 -0.198812 
0.829 -0.0172853 0.402945 0.0417022 0.400436 0.0961277 0.400315 0.14989 0.400953 0.206292 0.401889 0.263051 0.404897 0.321021 0.409115 
4.012 -0.191234 -0.0312423 -0.131502 -0.0314294 -0.0773298 -0.0307185 -0.0249945 -0.030859 0.0287515 -0.0318256 0.0822742 -0.0323116 0.136005 -0.0331229 
1.642 0.0874949 0.219408 0.146463 0.21957 0.202081 0.221531 0.257673 0.223411 0.316854 0.225072 0.377346 0.228254 0.439801 0.232085 
4.371 0.0594165 -0.0552116 0.117703 -0.0566396 0.172491 -0.0571336 0.227446 -0.0587322 0.285795 -0.0613705 0.345404 -0.0633388 0.406949 -0.0658079 
0.811 -0.409012 0.372812 -0.339629 0.362748 -0.278564 0.355879 -0.220777 0.349663 -0.162555 0.343703 -0.106543 0.339653 -0.051782 0.336461 
4.211 0.0950281 0.00984797 0.154149 0.00868081 0.209692 0.00869092 0.265833 0.00802632 0.325523 0.00644861 0.386607 0.00569635 0.450507 0.00468267 
3.99 -0.209725 -0.0312423 -0.149515 -0.0313471 -0.094879 -0.0305077 -0.0424233 -0.0306364 0.0113092 -0.031559 0.0647689 -0.0319896 0.118417 -0.0327579 
3.887 0.0676346 0.0125873 0.126266 0.0115153 0.181175 0.0115955 0.23647 0.0110039 0.295106 0.00953456 0.354962 0.0088664 0.416973 0.00808412 
4.094 -0.152883 -0.0812354 -0.0938567 -0.0811373 -0.0402782 -0.0803563 0.011925 -0.0806156 0.0658904 -0.0819345 0.119834 -0.0828757 0.174459 -0.0843081 
4.355 0.0190111 -0.141501 0.0769478 -0.142928 0.131005 -0.143815 0.185075 -0.145936 0.242129 -0.14937 0.300286 -0.152512 0.36011 -0.156366 
4.246 -0.0398849 -0.0415149 0.0177972 -0.0424777 0.0710687 -0.0424167 0.123897 -0.0432126 0.179547 -0.044949 0.235916 -0.0461549 0.293689 -0.0475911 
1.569 0.155979 0.154349 0.216392 0.15472 0.273611 0.156705 0.331215 0.158201 0.392988 0.159421 0.456477 0.161939 0.522692 0.164712 
3.963 -0.233009 -0.0668539 -0.171745 -0.0664046 -0.116874 -0.065157 -0.0642864 -0.0649848 -0.0100539 -0.0657275 0.0432285 -0.0660498 0.0964881 -0.0668661 
4.395 0.0772223 -0.0483632 0.135788 -0.0499294 0.190989 -0.0505076 0.246412 -0.0519019 0.305544 -0.0543075 0.365867 -0.0560862 0.428358 -0.0582212 
4.156 -0.105629 -0.0675387 -0.0474234 -0.067943 0.00582178 -0.0674826 0.0579974 -0.0680613 0.112452 -0.0695669 0.167282 -0.0707579 0.223111 -0.0723072 
3.871 -0.348747 -0.27162 -0.284195 -0.266425 -0.226429 -0.261682 -0.171441 -0.25829 -0.115885 -0.256667 -0.0616607 -0.255226 -0.00821279 -0.25478 
1.733 0.118997 0.23379 0.178722 0.234389 0.235146 0.236837 0.291639 0.239138 0.35185 0.241328 0.413875 0.245246 0.478106 0.249853 
1.479 0.0402411 0.309807 0.0990459 0.309314 0.15381 0.310894 0.20836 0.312703 0.265921 0.314455 0.324434 0.318189 0.384403 0.322659 
4.367 0.0265443 -0.127804 0.0844968 -0.129396 0.138663 -0.130235 0.192814 -0.132306 0.250079 -0.135695 0.308388 -0.138579 0.368438 -0.142145 
4.074 -0.183701 -0.12712 -0.123923 -0.126241 -0.0699026 -0.12494 -0.0174823 -0.124828 0.0364513 -0.125968 0.0900694 -0.126859 0.144126 -0.128418 
4.352 0.0217504 -0.114108 0.0796038 -0.1156 0.133635 -0.116231 0.187687 -0.118053 0.244819 -0.121127 0.302957 -0.12377 0.362832 -0.126935 
4.164 -0.104945 -0.0853445 -0.0467841 -0.08559 0.00648075 -0.0851196 0.0586192 -0.0856501 0.113131 -0.0874304 0.167929 -0.0887274 0.223752 -0.0905338 
4.363 -0.00290371 -0.215464 0.0549404 -0.21678 0.10879 -0.217863 0.162262 -0.220294 0.218562 -0.224072 0.275744 -0.227837 0.334461 -0.232627 
0.769 -0.303547 0.454308 -0.23848 0.444375 -0.180402 0.437854 -0.124974 0.43209 -0.0686638 0.42684 -0.0138525 0.423751 0.0403588 0.421841 
0.949 -0.309711 0.341994 -0.244778 0.334539 -0.186915 0.329937 -0.131696 0.325794 -0.0756408 0.32183 -0.021076 0.319667 0.0327899 0.318348 
4.258 -0.018655 -0.0209697 0.0389204 -0.0219052 0.0923736 -0.0218393 0.145612 -0.0226113 0.201806 -0.0242975 0.258941 -0.0253743 0.317542 -0.0266956 
1.599 0.0758526 0.199548 0.134692 0.199439 0.189927 0.200918 0.245158 0.202389 0.303785 0.203377 0.363694 0.205955 0.425546 0.208897 
1.448 0.0251746 0.215299 0.0836018 0.214534 0.138111 0.215556 0.192304 0.216633 0.249667 0.217622 0.307779 0.220008 0.367541 0.222757 
4.266 -0.052212 -0.129859 0.00521365 -0.130408 0.0585657 -0.13037 0.111468 -0.131596 0.166657 -0.134166 0.22272 -0.136436 0.280033 -0.139244 
0.786 -0.463799 0.385824 -0.392277 0.374775 -0.32918 0.366988 -0.269677 0.35972 -0.210131 0.352911 -0.153098 0.348008 -0.0977707 0.34405 
3.996 -0.224106 -0.105205 -0.163326 -0.104187 -0.108469 -0.102649 -0.0556216 -0.102233 -0.00169701 -0.102903 0.0516956 -0.103395 0.105284 -0.104413 
0.826 -0.0419395 0.404314 0.0171661 0.401252 0.0715824 0.400808 0.125065 0.400871 0.181084 0.401258 0.23728 0.403739 0.294498 0.407226 
4.516 0.08681 -0.163416 0.145601 -0.165984 0.201084 -0.16796 0.256543 -0.170907 0.315762 -0.175522 0.376192 -0.179848 0.438997 -0.184935 
4.203 -0.0782359 -0.0853445 -0.0202915 -0.0857309 0.0328429 -0.0854597 0.0852646 -0.0862487 0.140107 -0.0881613 0.19542 -0.0896261 0.251975 -0.0917439 
4.082 -0.149459 -0.0558965 -0.0906625 -0.0560711 -0.0371544 -0.0554745 0.0150182 -0.0556825 0.0690678 -0.0569146 0.123032 -0.0576889 0.177821 -0.0588112 
4.539 0.0909191 -0.202452 0.149883 -0.205247 0.205356 -0.207387 0.261019 -0.210943 0.320172 -0.216097 0.380947 -0.221125 0.444006 -0.227484 
4.238 -0.0672785 -0.119586 -0.00947412 -0.120011 0.0437748 -0.119824 0.0962994 -0.120789 0.151345 -0.123083 0.207067 -0.124995 0.263916 -0.127538 
1.708 0.102561 0.178318 0.161923 0.178417 0.217819 0.180151 0.273993 0.181666 0.333775 0.182887 0.395123 0.185568 0.458599 0.188705 
3.375 0.0607862 0.0365566 0.119168 0.0354985 0.173958 0.0357683 0.229012 0.035617 0.287485 0.0344867 0.34722 0.0344001 0.40885 0.0342928 
4.23 -0.106314 -0.240118 -0.0479639 -0.239545 0.00545959 -0.238773 0.0577696 -0.239589 0.112463 -0.242072 0.167188 -0.24454 0.222769 -0.247983 
3.812 -0.338474 -0.132598 -0.274038 -0.130175 -0.216454 -0.127348 -0.161563 -0.125721 -0.106187 -0.125125 -0.0523024 -0.124517 0.000844169 -0.124526 
1.513 0.0464046 0.216669 0.104963 0.216217 0.159808 0.217345 0.214316 0.218674 0.272187 0.219553 0.330921 0.222093 0.391504 0.225267 
4.02 -0.229585 -0.173689 -0.168652 -0.171798 -0.113806 -0.169505 -0.0609569 -0.168661 -0.00685662 -0.169141 0.0465766 -0.169485 0.10012 -0.170757 
1.588 -0.298069 0.215299 -0.234152 0.210974 -0.175915 0.208625 -0.120486 0.206186 -0.0648461 0.203767 -0.010235 0.202796 0.043524 0.202409 
3.938 -0.291905 -0.220257 -0.229253 -0.216902 -0.172951 -0.213305 -0.119105 -0.211369 -0.0644155 -0.210816 -0.0107789 -0.210202 0.0424827 -0.210839 
1.43 0.0224353 0.234475 0.080942 0.233692 0.135375 0.234846 0.189716 0.235959 0.247071 0.237061 0.305212 0.239645 0.36506 0.243107 
1.286 -0.0474182 0.309807 0.0113001 0.307557 0.0654541 0.307567 0.118786 0.30784 0.174772 0.308122 0.230912 0.310366 0.288078 0.313292 
4.219 -0.105629 -0.198343 -0.0473894 -0.197969 0.00601406 -0.197282 0.0583141 -0.198001 0.112867 -0.20031 0.167674 -0.202532 0.223381 -0.20546 
