4.168 0.231311 0.0906588 0.230272 0.0781694 0.228719 0.0672485 0.226823 0.056611 0.223912 0.0451685 0.220753 0.0346009 0.216968 0.0244917 
3.455 0.293631 0.156403 0.296098 0.140196 0.297566 0.125721 0.298457 0.111524 0.29829 0.0959718 0.297357 0.0814927 0.295756 0.0673339 
0.81 -0.0727572 0.402945 -0.0586798 0.412179 -0.0458288 0.419876 -0.0327505 0.426741 -0.0183068 0.433332 -0.0043628 0.438764 0.00950926 0.443539 
0.963 -0.199452 0.287207 -0.191137 0.303378 -0.183063 0.317555 -0.174506 0.330945 -0.164488 0.344888 -0.154221 0.357481 -0.143605 0.369502 
3.975 -0.0713875 -0.0572661 -0.0803269 -0.0515646 -0.0880873 -0.046067 -0.0952812 -0.040355 -0.102982 -0.0336883 -0.109706 -0.027083 -0.116136 -0.0201331 
0.967 -0.184386 0.289947 -0.175977 0.305144 -0.168014 0.318373 -0.159285 0.33093 -0.149206 0.343988 -0.139056 0.355765 -0.128501 0.366964 
3.17 -0.341898 -0.0257636 -0.349251 -0.00347795 -0.354809 0.0169656 -0.35921 0.0369733 -0.362892 0.0591186 -0.365199 0.0800704 -0.366463 0.100893 
0.93 -0.0933023 0.350897 -0.0817447 0.360976 -0.0710681 0.369583 -0.0600864 0.3774 -0.0478883 0.385213 -0.0359055 0.391869 -0.0238488 0.398003 
3.059 -0.422024 0.0523079 -0.426326 0.0808108 -0.429001 0.106399 -0.430181 0.131585 -0.430037 0.159056 -0.428408 0.184881 -0.425563 0.210259 
0.858 -0.0796055 0.37966 -0.0665933 0.389146 -0.0545764 0.397197 -0.042253 0.404449 -0.0287063 0.411449 -0.0154022 0.417348 -0.00220094 0.422569 
0.747 -0.052212 0.44609 -0.0362013 0.454573 -0.021628 0.46159 -0.0069105 0.467687 0.00928217 0.473329 0.0248362 0.477813 0.0403849 0.481507 
0.987 -0.214519 0.272826 -0.206827 0.289854 -0.199357 0.304771 -0.191097 0.318977 -0.181512 0.333783 -0.171651 0.347248 -0.161328 0.360111 
4.102 0.027914 -0.302438 0.00401092 -0.301872 -0.0172982 -0.300273 -0.037918 -0.297728 -0.060315 -0.293682 -0.0810308 -0.288744 -0.101254 -0.282782 
3.117 -0.206301 0.14887 -0.203617 0.163175 -0.200623 0.175968 -0.197128 0.188062 -0.19264 0.201067 -0.187719 0.213125 -0.182381 0.224818 
0.768 -0.0316669 0.439241 -0.0157119 0.44631 -0.00129645 0.452063 0.0132684 0.456927 0.0292776 0.461198 0.0445237 0.464392 0.0596743 0.466901 
1.419 -0.122065 0.175579 -0.119568 0.186179 -0.116944 0.195608 -0.11391 0.204691 -0.110236 0.214374 -0.106099 0.223234 -0.101735 0.231909 
0.75 -0.0220792 0.450883 -0.0057234 0.457438 0.00907 0.46269 0.0238946 0.466993 0.0401446 0.470757 0.0556597 0.473385 0.0708608 0.475256 
4.18 0.0744829 -0.278469 0.0518854 -0.280716 0.0315995 -0.281648 0.0118711 -0.281649 -0.00972927 -0.280398 -0.0298049 -0.278156 -0.0495065 -0.274823 
4.191 0.0895494 0.0112176 0.0842387 0.00751122 0.0793264 0.00454357 0.0744595 0.00187912 0.0688234 -0.000795776 0.063563 -0.0029965 0.0581281 -0.00478045 
0.878 -0.18644 0.321449 -0.176385 0.337147 -0.166851 0.350773 -0.156663 0.363688 -0.145 0.376904 -0.133294 0.388774 -0.121317 0.399969 
4.129 0.0539378 -0.328462 0.0284021 -0.329369 0.00559322 -0.328972 -0.0165209 -0.327571 -0.0406462 -0.324659 -0.0630067 -0.320692 -0.084905 -0.315606 
4.145 0.0580468 -0.307232 0.0338238 -0.308531 0.0121271 -0.308624 -0.00890595 -0.307687 -0.0319267 -0.305379 -0.053261 -0.302052 -0.0741575 -0.297583 
4.188 0.082701 -0.290796 0.0594312 -0.293509 0.038553 -0.294876 0.0182086 -0.295265 -0.00404587 -0.294438 -0.0248011 -0.292538 -0.0451716 -0.289555 
1.788 -0.393261 -0.152459 -0.408108 -0.126943 -0.420217 -0.103549 -0.430744 -0.0801294 -0.4409 -0.0541406 -0.448951 -0.0293782 -0.455723 -0.00457137 
2.146 0.551815 0.263923 0.558654 0.232754 0.563366 0.204808 0.566667 0.177329 0.568377 0.147277 0.568493 0.119004 0.56713 0.0914894 
0.724 -0.0433091 0.459101 -0.0264776 0.467095 -0.0112194 0.473624 0.00412754 0.479202 0.0210439 0.484233 0.0372293 0.488091 0.0532801 0.491119 
0.848 -0.141926 0.357061 -0.13032 0.37034 -0.119537 0.381713 -0.108277 0.392306 -0.0955515 0.403043 -0.0828313 0.412477 -0.0700811 0.421319 
4.125 0.0443501 -0.29285 0.0209005 -0.293249 2.36516e-05 -0.292558 -0.0202394 -0.290942 -0.042321 -0.287894 -0.0627731 -0.283894 -0.0827545 -0.278849 
4.109 0.0381865 -0.312711 0.013736 -0.31283 -0.00805747 -0.311795 -0.0291866 -0.309801 -0.0522415 -0.306337 -0.0735903 -0.301897 -0.0944354 -0.296401 
0.996 -0.169319 0.292686 -0.160511 0.307046 -0.152156 0.319545 -0.143187 0.33129 -0.132828 0.343457 -0.122513 0.354384 -0.11199 0.364655 
4.172 0.0779071 -0.329147 0.0523877 -0.331501 0.0295415 -0.332437 0.00732756 -0.332325 -0.0169735 -0.330828 -0.0395701 -0.328192 -0.061737 -0.324395 
0.763 -0.069333 0.433078 -0.0538344 0.442465 -0.039667 0.450326 -0.0253137 0.457251 -0.00943859 0.463819 0.00585539 0.469154 0.0211368 0.4738 
3.943 -0.0953568 -0.180537 -0.11176 -0.172996 -0.126097 -0.165543 -0.139635 -0.157583 -0.154046 -0.148118 -0.166969 -0.138468 -0.179287 -0.128244 
4.008 -0.0501575 -0.114108 -0.0624829 -0.109603 -0.0733546 -0.104971 -0.0836765 -0.0999621 -0.0947404 -0.0938852 -0.104743 -0.0876276 -0.114302 -0.0808575 
3.963 -0.0871387 -0.206561 -0.105092 -0.199383 -0.120766 -0.192192 -0.135498 -0.184434 -0.15148 -0.17519 -0.165837 -0.165678 -0.179513 -0.15546 
3.984 -0.0638543 -0.0791809 -0.0742405 -0.073921 -0.0832805 -0.0687249 -0.0917687 -0.0632372 -0.100858 -0.0567218 -0.108915 -0.0501766 -0.116665 -0.0431537 
2.273 0.61345 0.0481989 0.607233 0.013989 0.600136 -0.016073 0.591806 -0.045212 0.580794 -0.0761158 0.568953 -0.104585 0.555792 -0.131819 
4.203 0.0909191 -0.268196 0.0688741 -0.271319 0.0490745 -0.273123 0.0297611 -0.273955 0.00857635 -0.273664 -0.0111496 -0.272316 -0.030554 -0.269903 
4.156 0.0799616 -0.375716 0.0516655 -0.378174 0.0263349 -0.379067 0.00168743 -0.378786 -0.0252612 -0.376957 -0.0503881 -0.373919 -0.0749747 -0.369581 
4.164 0.0607862 -0.282578 0.0379078 -0.284026 0.017413 -0.284252 -0.00245533 -0.283539 -0.0241694 -0.281533 -0.0443617 -0.278587 -0.0640989 -0.27455 
3.324 -0.188495 0.109834 -0.189296 0.124163 -0.189569 0.137092 -0.189053 0.149658 -0.187995 0.163229 -0.18608 0.176008 -0.183702 0.188589 
4.258 0.236789 0.00984797 0.230848 -0.00285823 0.225119 -0.013782 0.219083 -0.0242136 0.211528 -0.035153 0.204075 -0.0450509 0.19607 -0.0542481 
1.237 0.33883 0.314601 0.348969 0.296978 0.356974 0.280852 0.364239 0.264785 0.370862 0.246728 0.376262 0.229562 0.380608 0.21257 
1.131 0.388823 0.360485 0.400727 0.340336 0.410395 0.321997 0.419037 0.303667 0.427016 0.283079 0.433579 0.263435 0.438914 0.243846 
0.784 -0.048103 0.425544 -0.0329977 0.433394 -0.0191973 0.4399 -0.00525053 0.445596 0.00993156 0.450741 0.024715 0.454836 0.0392105 0.458167 
4.07 0.0121627 -0.340104 -0.0137986 -0.338672 -0.0369357 -0.336226 -0.0593203 -0.332773 -0.0836309 -0.327649 -0.106044 -0.321613 -0.127796 -0.314436 
4.305 0.268292 0.0153267 0.262846 0.000782728 0.257304 -0.01188 0.251371 -0.023973 0.243954 -0.0368014 0.236379 -0.0484621 0.228389 -0.0593772 
3.373 -0.375455 -0.167525 -0.391073 -0.143042 -0.404022 -0.120602 -0.415515 -0.0980476 -0.426731 -0.0727674 -0.435839 -0.0484726 -0.443579 -0.0239424 
4.164 0.0676346 -0.29559 0.0442411 -0.297375 0.023295 -0.297932 0.00294821 -0.297513 -0.0193182 -0.29581 -0.0400331 -0.293105 -0.0602865 -0.289294 
4.02 -0.0371456 -0.10452 -0.0491144 -0.100582 -0.0596769 -0.0965121 -0.0697433 -0.0920476 -0.0805106 -0.0865886 -0.0902455 -0.0809055 -0.0995372 -0.0747133 
4.211 0.214875 0.0707985 0.212768 0.0592823 0.210331 0.0491907 0.207592 0.0394935 0.203784 0.0291338 0.19983 0.0195781 0.195345 0.0105114 
0.715 -0.0843994 0.457732 -0.0677465 0.468179 -0.0525654 0.476954 -0.0371402 0.484705 -0.0199981 0.492207 -0.00350788 0.498301 0.0130888 0.503638 
4.094 0.0340775 -0.342843 0.00788407 -0.342668 -0.0154713 -0.341326 -0.0380875 -0.338954 -0.0627102 -0.33496 -0.0854492 -0.329968 -0.107651 -0.323825 
4.211 0.228571 0.0612108 0.225975 0.0489936 0.223019 0.038278 0.219781 0.0279464 0.215426 0.016945 0.210887 0.00682045 0.205806 -0.00282651 
0.793 -0.144665 0.385824 -0.131677 0.399703 -0.119601 0.411521 -0.107213 0.42238 -0.0931485 0.433386 -0.0792578 0.443073 -0.0652328 0.451909 
4.199 0.0929736 -0.321613 0.067913 -0.32482 0.0454345 -0.326591 0.0235074 -0.327253 -0.000517857 -0.326671 -0.0228937 -0.324889 -0.0448992 -0.32194 
4.168 0.0737981 -0.314765 0.0491225 -0.316958 0.0269957 -0.3178 0.00549408 -0.317607 -0.0180394 -0.316039 -0.0399502 -0.313385 -0.0614088 -0.309564 
0.759 0.0231201 0.463895 0.0405662 0.467573 0.0562151 0.47017 0.0716948 0.471837 0.0884212 0.472641 0.104216 0.472506 0.119664 0.471686 
3.592 -0.331626 -0.234639 -0.351153 -0.213046 -0.367707 -0.192854 -0.382777 -0.17242 -0.398119 -0.149211 -0.41122 -0.12665 -0.423055 -0.103684 
4.094 0.0388714 -0.370237 0.0109646 -0.370215 -0.0138838 -0.368953 -0.0379993 -0.366585 -0.0642178 -0.362501 -0.0885273 -0.357374 -0.112232 -0.351004 
0.888 -0.148089 0.336516 -0.137248 0.350031 -0.127048 0.361742 -0.116438 0.372594 -0.10434 0.383733 -0.0923481 0.393524 -0.0801378 0.402654 
4.047 -0.0241337 -0.149719 -0.0388892 -0.14642 -0.0519701 -0.142783 -0.0643928 -0.138646 -0.0778921 -0.133412 -0.0901504 -0.127811 -0.101942 -0.121509 
0.896 -0.203561 0.305013 -0.194451 0.321763 -0.18576 0.336315 -0.176338 0.350177 -0.165427 0.364564 -0.154196 0.377546 -0.142652 0.389847 
1.021 0.48607 0.483756 0.504132 0.458018 0.518971 0.434519 0.5324 0.410803 0.545356 0.384237 0.55621 0.358653 0.565427 0.333119 
1.05 0.429914 0.432393 0.445202 0.410341 0.457596 0.390095 0.468613 0.369618 0.479434 0.346744 0.488435 0.324733 0.49599 0.302806 
0.737 -0.0138611 0.463211 0.00341641 0.469321 0.0189513 0.474041 0.034504 0.477915 0.0514428 0.481011 0.0675414 0.483046 0.0834882 0.484303 
1.167 0.370333 0.345418 0.381445 0.326153 0.390467 0.308769 0.398733 0.291418 0.40614 0.271843 0.412331 0.253259 0.417296 0.234749 
4.25 0.272401 0.0824408 0.270817 0.0673645 0.268633 0.0540734 0.266024 0.0411773 0.262156 0.0273696 0.257961 0.0145773 0.253087 0.00246147 
4.344 0.286098 0.0228599 0.280754 0.00731272 0.275214 -0.00618866 0.269367 -0.019127 0.261943 -0.0328 0.254447 -0.0452362 0.246367 -0.0569617 
0.814 -0.10426 0.388563 -0.0908504 0.39982 -0.0784667 0.409355 -0.065802 0.418077 -0.0516721 0.42661 -0.0378895 0.433943 -0.0239414 0.440555 
4.172 0.0655801 -0.112053 0.0528107 -0.114082 0.0412727 -0.115289 0.0300888 -0.115912 0.017843 -0.115957 0.0063018 -0.115369 -0.00508713 -0.114064 
4.02 -0.0446788 -0.163416 -0.0599646 -0.158898 -0.0733727 -0.15413 -0.0862124 -0.148863 -0.0999471 -0.142414 -0.112471 -0.13561 -0.124427 -0.128201 
2.186 0.526476 0.255705 0.532897 0.226116 0.537153 0.199799 0.540199 0.17381 0.541657 0.145379 0.54176 0.118728 0.540403 0.0927595 
4.082 -0.000164361 -0.138077 -0.0142825 -0.136248 -0.0268633 -0.133889 -0.0388867 -0.131083 -0.0519573 -0.127271 -0.0639343 -0.123001 -0.0755614 -0.118049 
0.803 -0.0330366 0.422805 -0.0178259 0.429781 -0.00392813 0.435478 0.00987568 0.440244 0.025155 0.44452 0.039738 0.447742 0.0541682 0.4503 
4.145 0.0436653 -0.151089 0.0287918 -0.15186 0.0154381 -0.151876 0.00261662 -0.151244 -0.0115646 -0.149764 -0.0246973 -0.147683 -0.0376326 -0.144832 
1.11 -0.266566 0.247487 -0.25922 0.266536 -0.251999 0.28341 -0.244048 0.299552 -0.234541 0.316429 -0.224583 0.331901 -0.214148 0.346536 
1.091 0.457307 0.407054 0.471793 0.38259 0.48349 0.360291 0.493883 0.337916 0.503565 0.312945 0.511365 0.289056 0.517716 0.265309 
4.141 0.0642104 -0.338734 0.0381277 -0.340275 0.0147835 -0.34047 -0.0078073 -0.339596 -0.0325835 -0.337245 -0.0556047 -0.333791 -0.078108 -0.329147 
0.828 -0.174798 0.355006 -0.163289 0.370394 -0.15255 0.383606 -0.141206 0.395956 -0.128292 0.408716 -0.115469 0.420021 -0.102417 0.430586 
2.072 0.205972 0.161882 0.207845 0.15245 0.208946 0.143928 0.20978 0.135607 0.209933 0.126382 0.20976 0.117782 0.208995 0.109495 
0.753 0.0402411 0.476907 0.058031 0.479761 0.0737806 0.481567 0.0894804 0.482601 0.106365 0.482578 0.122354 0.481757 0.137907 0.480234 
0.812 -0.121381 0.385824 -0.108417 0.398023 -0.0964265 0.408417 -0.0840796 0.417941 -0.0701333 0.42746 -0.0564878 0.435755 -0.0427373 0.443311 
0.866 -0.111108 0.362539 -0.098851 0.373933 -0.0874758 0.383594 -0.0757078 0.392452 -0.0625878 0.401323 -0.0496805 0.408935 -0.0368328 0.415817 
0.832 -0.0570059 0.400205 -0.0428486 0.408517 -0.0298805 0.415403 -0.0168828 0.421416 -0.00245713 0.427068 0.0114649 0.431615 0.0252344 0.435521 
0.851 -0.10152 0.372812 -0.0888198 0.383651 -0.0770832 0.392891 -0.0650353 0.401309 -0.0515296 0.409634 -0.0383655 0.416714 -0.0251183 0.423126 
1.198 0.366909 0.322134 0.377202 0.302703 0.38564 0.285212 0.393087 0.267658 0.399773 0.248007 0.405093 0.229242 0.40928 0.210652 
0.843 -0.197398 0.331037 -0.187108 0.347554 -0.177366 0.361907 -0.166924 0.375443 -0.154956 0.389435 -0.142836 0.402028 -0.130429 0.413895 
0.938 -0.111108 0.33994 -0.0999695 0.351031 -0.0896226 0.360511 -0.0788783 0.369267 -0.0668592 0.37803 -0.055089 0.385622 -0.0431737 0.392591 
4.07 0.0183263 -0.361334 -0.00902499 -0.360274 -0.0333648 -0.358113 -0.0569398 -0.354923 -0.0825438 -0.349968 -0.106153 -0.34399 -0.129193 -0.336924 
4.102 0.00942337 -0.163416 -0.00610453 -0.162157 -0.0198812 -0.160276 -0.0331563 -0.157852 -0.0476285 -0.15436 -0.0609202 -0.150373 -0.0738324 -0.145647 
4 -0.0617998 -0.190809 -0.07904 -0.185248 -0.0942091 -0.179549 -0.108588 -0.173286 -0.123966 -0.165544 -0.137912 -0.157529 -0.151405 -0.148751 
0.775 0.0149021 0.451568 0.0314523 0.455585 0.0462025 0.458498 0.0610516 0.46075 0.0769999 0.462076 0.0921116 0.462491 0.106939 0.462277 
3.197 -0.31382 -0.0168607 -0.32055 0.00377618 -0.325724 0.0224795 -0.329787 0.0409718 -0.333095 0.0614027 -0.335208 0.0807055 -0.336315 0.099911 
0.801 -0.0104369 0.433078 0.00528801 0.438549 0.0195495 0.442878 0.0338141 0.446339 0.0493275 0.449139 0.0640835 0.450983 0.0786645 0.45215 
3.977 -0.0761813 -0.171634 -0.0921335 -0.165226 -0.106079 -0.158777 -0.119286 -0.151837 -0.133406 -0.143419 -0.146132 -0.134884 -0.158248 -0.12568 
0.955 -0.163841 0.306383 -0.154673 0.320518 -0.145919 0.33281 -0.136779 0.344432 -0.126383 0.35643 -0.115886 0.367151 -0.105176 0.37729 
1.937 -0.169319 0.188591 -0.164916 0.201281 -0.160535 0.212423 -0.155623 0.223112 -0.149869 0.234366 -0.143783 0.244595 -0.137461 0.254493 
1.375 0.1505 0.189275 0.152972 0.183666 0.154839 0.178599 0.156544 0.17364 0.157978 0.168181 0.159111 0.163 0.159845 0.157945 
4 -0.0604301 -0.16821 -0.0759802 -0.162757 -0.0896847 -0.157169 -0.102652 -0.151083 -0.116522 -0.143675 -0.129167 -0.135992 -0.141051 -0.12781 
4.137 0.0388714 -0.127804 0.0255696 -0.128417 0.0136817 -0.128296 0.00218927 -0.127645 -0.0104489 -0.126247 -0.0220978 -0.124322 -0.03357 -0.121704 
0.777 -0.077551 0.421435 -0.0626597 0.431359 -0.0492026 0.439611 -0.0353231 0.447003 -0.0200558 0.454077 -0.00523828 0.459968 0.00956745 0.465102 
1.183 0.328558 0.337885 0.339267 0.321283 0.348169 0.306281 0.356151 0.29105 0.363733 0.27399 0.370123 0.257658 0.375458 0.24134 
1.098 0.414162 0.381715 0.427052 0.36028 0.437385 0.340726 0.446725 0.321143 0.455386 0.299228 0.462569 0.278244 0.468185 0.257433 
4.273 0.290892 0.0543624 0.287285 0.0383915 0.283391 0.0244957 0.279069 0.0110763 0.273336 -0.00321616 0.267379 -0.016268 0.260815 -0.0286468 
0.859 -0.170689 0.336516 -0.16009 0.351338 -0.150036 0.364205 -0.139513 0.376181 -0.127513 0.388511 -0.115418 0.399621 -0.10312 0.40996 
3.381 -0.177537 -0.0387755 -0.185603 -0.0264066 -0.192354 -0.0150284 -0.198247 -0.00352092 -0.204142 0.00932706 -0.208947 0.0216987 -0.213038 0.0342734 
0.77 -0.139186 0.400205 -0.125407 0.41374 -0.112611 0.425241 -0.0994008 0.435858 -0.0845605 0.446457 -0.0699139 0.455645 -0.0552416 0.464074 
4.07 0.0244898 -0.378455 -0.00388591 -0.377708 -0.0291677 -0.375778 -0.0536678 -0.372722 -0.080246 -0.367893 -0.104863 -0.362014 -0.128832 -0.354913 
2.738 0.336776 0.203657 0.34149 0.184744 0.345013 0.167822 0.347667 0.151156 0.349345 0.132817 0.350105 0.115647 0.349871 0.098799 
4.07 -0.00975209 -0.170264 -0.0256749 -0.167813 -0.0398511 -0.164935 -0.0533013 -0.161411 -0.067858 -0.156737 -0.0812965 -0.151607 -0.094342 -0.145852 
1.328 0.0929736 0.313231 0.103057 0.310945 0.111859 0.3086 0.120471 0.305859 0.129472 0.302286 0.137854 0.298513 0.145893 0.294495 
0.721 -0.00358855 0.475538 0.013999 0.4812 0.0297257 0.485493 0.0454785 0.488919 0.0626871 0.49157 0.0790932 0.493202 0.0953092 0.494137 
4.043 -0.026873 -0.178482 -0.0433824 -0.175043 -0.057847 -0.171198 -0.0718006 -0.166799 -0.0868873 -0.161134 -0.100429 -0.155012 -0.113631 -0.148231 
0.892 -0.0857691 0.362539 -0.0735705 0.372246 -0.0623711 0.380456 -0.0508285 0.387969 -0.0380532 0.395264 -0.025522 0.401482 -0.0130379 0.40704 
2.26 -0.365868 -0.140816 -0.379982 -0.11727 -0.391552 -0.0956583 -0.401654 -0.0739135 -0.411445 -0.0497803 -0.419308 -0.0265447 -0.425917 -0.00321833 
0.785 0.00189015 0.441296 0.0178056 0.446177 0.0321077 0.449895 0.0463903 0.452788 0.0620205 0.455079 0.076811 0.456344 0.0913821 0.456958 
3.305 -0.211094 0.0173812 -0.215626 0.0316129 -0.219184 0.0445581 -0.221929 0.0574274 -0.224256 0.0715319 -0.225617 0.084867 -0.226295 0.0981211 
0.916 -0.18781 0.307068 -0.178738 0.322657 -0.170037 0.336276 -0.160756 0.349205 -0.149951 0.362585 -0.138944 0.374588 -0.127631 0.386013 
0.807 -0.154253 0.374866 -0.141732 0.389204 -0.1302 0.401489 -0.118102 0.413005 -0.104365 0.424607 -0.0908442 0.434815 -0.0770032 0.444304 
0.916 -0.126174 0.33857 -0.11516 0.350566 -0.104888 0.360897 -0.0942586 0.370411 -0.0822876 0.380023 -0.0702889 0.388455 -0.0582576 0.396303 
4.371 0.25528 0.00710862 0.249021 -0.00651085 0.242856 -0.0182953 0.236415 -0.0295697 0.228506 -0.0413485 0.220643 -0.0519659 0.212382 -0.061868 
1.791 -0.278893 0.196124 -0.274044 0.215097 -0.269007 0.231987 -0.26311 0.24821 -0.255878 0.265513 -0.248069 0.28137 -0.239647 0.296639 
3.299 -0.239173 0.100247 -0.238914 0.11611 -0.238077 0.130304 -0.236401 0.14403 -0.233888 0.158958 -0.23071 0.172691 -0.226925 0.186343 
4.25 0.108725 -0.123011 0.0952797 -0.127705 0.0829849 -0.131306 0.0710143 -0.134187 0.0576477 -0.136597 0.0452249 -0.138141 0.0325551 -0.138969 
3.941 -0.102205 -0.214094 -0.120559 -0.206115 -0.136657 -0.198112 -0.15192 -0.18959 -0.168051 -0.179335 -0.182641 -0.168918 -0.196584 -0.15787 
1.422 -0.103575 0.120107 -0.1041 0.129485 -0.104183 0.137908 -0.10377 0.146343 -0.102918 0.155298 -0.101635 0.163668 -0.100072 0.172036 
4.539 0.275825 -0.129174 0.261654 -0.143774 0.248294 -0.156152 0.234882 -0.167633 0.219371 -0.17934 0.204373 -0.189516 0.189038 -0.198634 
0.713 -0.0344062 0.473483 -0.0171839 0.480959 -0.00156576 0.487021 0.0142243 0.49226 0.0315316 0.496897 0.0480479 0.500299 0.0643925 0.502969 
1.315 -0.243967 0.222148 -0.237912 0.239758 -0.231864 0.255264 -0.224982 0.270053 -0.216754 0.285595 -0.208143 0.299775 -0.199049 0.313455 
4.082 0.0142172 -0.301753 -0.00974185 -0.300454 -0.0310825 -0.298195 -0.0517099 -0.295031 -0.0740294 -0.290293 -0.0947166 -0.284721 -0.114801 -0.278091 
3.963 0.224462 0.10504 0.224014 0.0929661 0.223051 0.0822819 0.221703 0.0719239 0.219368 0.0606905 0.216786 0.0503542 0.21365 0.0404662 
0.771 0.078592 0.500192 0.0980066 0.500212 0.11509 0.499469 0.132019 0.497966 0.150013 0.495108 0.166756 0.491437 0.183011 0.487242 
1.216 0.0696891 0.257759 0.0762732 0.257092 0.0821178 0.256306 0.0878185 0.255207 0.0938223 0.253707 0.0994524 0.251912 0.104774 0.250013 
1.342 0.239529 0.375551 0.253278 0.363751 0.264931 0.352741 0.275956 0.341403 0.286932 0.328348 0.296666 0.315553 0.305594 0.30258 
1.329 -0.0953568 0.189275 -0.0923621 0.198398 -0.089123 0.206505 -0.0854476 0.214296 -0.0812522 0.222471 -0.0767507 0.230085 -0.072148 0.237399 
0.852 -0.12549 0.363224 -0.11337 0.375654 -0.1021 0.386201 -0.0904306 0.396005 -0.0773087 0.405856 -0.0642965 0.414477 -0.0512328 0.422344 
1.02 -0.197398 0.27351 -0.189738 0.28942 -0.182295 0.303308 -0.174283 0.316508 -0.164798 0.330251 -0.155101 0.342703 -0.144938 0.354582 
3.984 -0.0727572 -0.204506 -0.0904851 -0.198095 -0.10608 -0.191633 -0.120817 -0.184534 -0.136501 -0.175936 -0.150743 -0.167106 -0.16435 -0.157583 
0.75 -0.106999 0.42486 -0.0921797 0.436598 -0.078495 0.446549 -0.0645609 0.455549 -0.0490955 0.464371 -0.0339588 0.471945 -0.018816 0.478635 
1.387 0.166251 0.156403 0.16756 0.149648 0.1685 0.143707 0.169063 0.137672 0.169254 0.13111 0.169165 0.124926 0.168688 0.118916 
1.267 0.0998219 0.23516 0.105062 0.232731 0.109575 0.230443 0.114013 0.227978 0.118428 0.224972 0.122538 0.221974 0.126356 0.218925 
3.902 -0.120696 -0.213409 -0.138877 -0.204392 -0.154767 -0.195608 -0.169762 -0.186305 -0.185632 -0.175261 -0.199957 -0.164102 -0.213454 -0.152314 
1.066 0.381975 0.410478 0.396163 0.391192 0.407926 0.373571 0.418572 0.355723 0.428792 0.335567 0.437601 0.316286 0.445031 0.296976 
3.598 -0.334365 -0.218888 -0.352994 -0.196942 -0.368654 -0.176597 -0.382903 -0.155985 -0.397243 -0.132613 -0.409471 -0.109874 -0.420442 -0.0869909 
1.291 0.0779071 0.309122 0.0878904 0.307681 0.0966776 0.306048 0.105252 0.304031 0.114302 0.301218 0.12274 0.298135 0.130873 0.294813 
4.273 0.282674 0.0721682 0.28013 0.0567677 0.277219 0.0431976 0.273878 0.0301258 0.269228 0.0161136 0.264316 0.00323797 0.258736 -0.00901115 
4.215 0.0874949 -0.133283 0.0737402 -0.136712 0.0610979 -0.139191 0.0490972 -0.140967 0.035547 -0.142187 0.0230336 -0.142587 0.0103846 -0.142319 
4.543 0.275825 -0.111368 0.262722 -0.125935 0.250395 -0.138233 0.237915 -0.149656 0.223452 -0.161376 0.20938 -0.171616 0.195031 -0.180816 
2.574 0.250486 0.242693 0.257717 0.22955 0.263482 0.217655 0.268653 0.205667 0.273237 0.192341 0.276998 0.179439 0.279953 0.166641 
4.098 0.0135324 -0.134653 -0.000420883 -0.133661 -0.0127564 -0.132153 -0.0245421 -0.130061 -0.037534 -0.12706 -0.0493748 -0.12358 -0.0609778 -0.119502 
1.117 0.410053 0.366648 0.422351 0.345184 0.432187 0.32569 0.440837 0.306141 0.44876 0.284258 0.455364 0.263454 0.460623 0.242734 
2.822 0.231996 0.166676 0.234751 0.15429 0.236476 0.14328 0.237831 0.132456 0.238469 0.120574 0.238579 0.109399 0.23815 0.0985115 
0.714 -0.0679633 0.462526 -0.0515009 0.472157 -0.0363551 0.48026 -0.0210371 0.487412 -0.00414603 0.494088 0.0121472 0.499518 0.0283686 0.504281 
1.246 0.301164 0.311177 0.310784 0.296242 0.318562 0.282345 0.325696 0.268654 0.332312 0.253208 0.33777 0.238368 0.342422 0.223622 
4.117 0.0395562 -0.0380907 0.0314046 -0.0387661 0.0239824 -0.0389139 0.0169077 -0.0387056 0.00906385 -0.0380775 0.00188948 -0.0370496 -0.00519836 -0.0356067 
3.938 -0.102205 -0.119586 -0.114849 -0.111894 -0.12581 -0.104424 -0.136135 -0.0966674 -0.147035 -0.0876017 -0.156661 -0.078469 -0.165815 -0.0689883 
3.586 -0.325462 -0.157937 -0.340325 -0.136881 -0.35282 -0.117366 -0.363992 -0.0977628 -0.374973 -0.0756954 -0.384094 -0.0544305 -0.392123 -0.0329344 
0.735 -0.0898781 0.439926 -0.0743732 0.450777 -0.0600605 0.460025 -0.0456576 0.468311 -0.0294817 0.476294 -0.0138915 0.482941 0.00168479 0.48897 
3.951 -0.0919326 -0.153828 -0.106513 -0.146619 -0.119281 -0.139564 -0.131326 -0.132064 -0.144061 -0.123165 -0.155473 -0.114186 -0.166484 -0.1047 
0.829 -0.219312 0.328982 -0.209088 0.346764 -0.199266 0.362249 -0.188832 0.376884 -0.176706 0.392033 -0.164489 0.405666 -0.151812 0.418534 
4.172 0.0607862 -0.142186 0.0462838 -0.143973 0.033181 -0.144943 0.0205317 -0.145228 0.00654261 -0.144748 -0.00639411 -0.143592 -0.0190413 -0.141634 
1.203 0.346364 0.327613 0.356763 0.309703 0.365185 0.293506 0.372743 0.277255 0.379776 0.259026 0.385513 0.241793 0.390186 0.224665 
1.312 0.132009 0.163252 0.13316 0.159022 0.133885 0.155219 0.13458 0.151482 0.134843 0.147257 0.135081 0.143352 0.135027 0.139592 
4.211 0.244323 0.0612108 0.241517 0.0478503 0.23834 0.0361482 0.234837 0.0248416 0.230087 0.0128547 0.225105 0.00178373 0.219607 -0.00867174 
1.062 0.386084 0.497452 0.405632 0.477732 0.422097 0.459349 0.437304 0.440583 0.452491 0.419233 0.465729 0.398437 0.477598 0.377435 
1.474 0.225147 0.284468 0.233778 0.273534 0.240863 0.263464 0.247495 0.253322 0.253864 0.241825 0.259334 0.230727 0.264058 0.219718 
1.09 0.440186 0.388563 0.453019 0.365529 0.463519 0.3446 0.472778 0.323661 0.481355 0.300277 0.48826 0.277964 0.493927 0.255847 
1.003 -0.152883 0.29748 -0.14398 0.310901 -0.13554 0.322597 -0.126705 0.333634 -0.116611 0.344916 -0.106478 0.354992 -0.0961741 0.364606 
3.652 -0.285057 -0.329147 -0.310327 -0.310161 -0.332052 -0.29201 -0.352317 -0.273308 -0.373369 -0.251667 -0.391917 -0.230411 -0.409218 -0.20837 
1.157 0.38403 0.346788 0.395381 0.326693 0.404612 0.308463 0.412871 0.290206 0.420353 0.269728 0.426566 0.250224 0.431443 0.230809 
1.308 0.0929736 0.289262 0.10176 0.28703 0.109396 0.284682 0.116975 0.282063 0.124722 0.278683 0.131992 0.275133 0.138851 0.271402 
1.267 -0.0344062 0.241323 -0.0280079 0.246915 -0.0222563 0.251719 -0.0161813 0.256079 -0.00956984 0.260383 -0.00303826 0.264135 0.00351673 0.267572 
1.178 0.400466 0.345418 0.411804 0.324453 0.42084 0.305404 0.428906 0.286363 0.436137 0.265068 0.442087 0.244843 0.446633 0.224705 
4.223 0.0991371 -0.0798658 0.0884876 -0.0839261 0.0787672 -0.0870607 0.0692922 -0.0896765 0.0585183 -0.091929 0.0485052 -0.0934905 0.038449 -0.0944617 
0.709 -0.217258 0.396781 -0.204666 0.415936 -0.192615 0.432605 -0.179939 0.448196 -0.165337 0.464327 -0.150694 0.478756 -0.135682 0.492322 
3.645 -0.29259 -0.249706 -0.313065 -0.230325 -0.330487 -0.212284 -0.346537 -0.193732 -0.362976 -0.172568 -0.377301 -0.151898 -0.390365 -0.130752 
4.043 -0.0220792 -0.116162 -0.0348979 -0.113086 -0.0462158 -0.109725 -0.0569225 -0.105945 -0.0686062 -0.101155 -0.079239 -0.0960214 -0.0895575 -0.090413 
4.211 0.238844 0.0749075 0.236957 0.0619847 0.234615 0.0505967 0.231965 0.0396483 0.228234 0.0278523 0.224255 0.0169856 0.219719 0.00660197 
4.199 0.0854404 -0.0860293 0.0745041 -0.0895242 0.0644561 -0.0921289 0.0549448 -0.0941414 0.0440151 -0.0958193 0.0339783 -0.0967492 0.0239354 -0.09712 
0.855 -0.159732 0.346103 -0.148554 0.3604 -0.13805 0.372782 -0.127103 0.384333 -0.114486 0.396151 -0.102061 0.406603 -0.0893844 0.416268 
4.371 0.199123 -0.0339816 0.190919 -0.0444474 0.183086 -0.0533828 0.175161 -0.0616154 0.165858 -0.0701687 0.156797 -0.0776518 0.14747 -0.0844191 
4.531 0.268292 -0.091508 0.256399 -0.105832 0.245112 -0.1179 0.233671 -0.129345 0.220355 -0.140999 0.207382 -0.151253 0.194064 -0.160468 
4.207 0.186796 0.0879195 0.185522 0.0781033 0.183874 0.0694875 0.182035 0.0611353 0.179281 0.0521848 0.176359 0.0439582 0.173045 0.0361909 
1.292 -0.0700178 0.246802 -0.0632533 0.25425 -0.0568954 0.260663 -0.0503335 0.266627 -0.0428821 0.272619 -0.0356025 0.277876 -0.0281857 0.282791 
0.765 -0.12275 0.409108 -0.108642 0.421671 -0.0956512 0.432281 -0.0822655 0.442091 -0.0673091 0.451895 -0.0526293 0.460231 -0.0378489 0.467873 
1.168 0.355266 0.341309 0.36612 0.323123 0.374914 0.306517 0.382731 0.289896 0.390159 0.27134 0.396132 0.253501 0.401313 0.235992 
0.834 -0.187125 0.341309 -0.17649 0.357324 -0.166255 0.371291 -0.155521 0.384366 -0.143292 0.397774 -0.130985 0.40985 -0.118296 0.421187 
1.41 0.115573 0.331037 0.126718 0.327015 0.136429 0.323034 0.145805 0.318598 0.155619 0.313415 0.164551 0.307886 0.172923 0.302075 
1.6 -0.278208 0.222148 -0.272219 0.241892 -0.266132 0.259361 -0.259172 0.276073 -0.250746 0.293617 -0.241832 0.309792 -0.232304 0.325285 
0.973 0.123106 0.432393 0.139373 0.428708 0.153659 0.424825 0.167654 0.420434 0.182135 0.414468 0.195636 0.408274 0.208419 0.401608 
1.276 -0.0570059 0.238584 -0.0508756 0.245335 -0.0451569 0.251235 -0.0392455 0.256696 -0.032616 0.262142 -0.0259956 0.266994 -0.0194131 0.271456 
0.701 -0.241912 0.392672 -0.229704 0.413346 -0.217916 0.431355 -0.205324 0.448383 -0.190814 0.466004 -0.176186 0.481853 -0.161015 0.496725 
3.637 -0.296699 -0.22916 -0.31603 -0.209571 -0.332468 -0.1912 -0.347487 -0.17258 -0.362859 -0.151275 -0.376181 -0.130486 -0.388255 -0.109416 
0.82 -0.304232 0.288577 -0.296589 0.311883 -0.28888 0.33236 -0.280205 0.351976 -0.269698 0.372721 -0.258644 0.391638 -0.246935 0.409834 
0.97 0.0669497 0.411848 0.0822197 0.411623 0.095672 0.410849 0.108917 0.409456 0.122966 0.406909 0.136195 0.403921 0.148888 0.400345 
0.687 -0.077551 0.483071 -0.0598073 0.493677 -0.0436172 0.502499 -0.0272683 0.510228 -0.00912832 0.517632 0.00837074 0.523689 0.0259088 0.528895 
2.031 0.462786 0.288577 0.471812 0.262445 0.47859 0.238984 0.484131 0.215712 0.488569 0.190022 0.491441 0.16573 0.492928 0.141915 
2.83 0.298425 0.1927 0.302802 0.176655 0.305793 0.16218 0.308037 0.147876 0.309518 0.132164 0.310196 0.117459 0.310162 0.10305 
1.207 0.384714 0.331037 0.395194 0.310869 0.403718 0.292602 0.411275 0.274366 0.418052 0.254009 0.423482 0.234582 0.427751 0.215309 
1.33 0.0909191 0.335146 0.10229 0.333108 0.11223 0.330974 0.121976 0.328403 0.132244 0.324863 0.141841 0.32106 0.150937 0.316987 
4.086 0.29774 0.115998 0.297958 0.0998923 0.297409 0.0856725 0.296331 0.0716679 0.294022 0.0564981 0.291208 0.0424456 0.287581 0.0288501 
4.055 -0.00701274 -0.0558965 -0.0159998 -0.0540254 -0.0239793 -0.0519844 -0.031589 -0.0495915 -0.0399039 -0.0465948 -0.0474784 -0.0432557 -0.0548179 -0.0395383 
3.475 -0.371346 -0.207246 -0.389338 -0.183276 -0.404422 -0.161156 -0.417961 -0.138813 -0.431441 -0.11373 -0.442722 -0.0894305 -0.452737 -0.0648275 
4.43 0.220353 -0.150404 0.204957 -0.161683 0.190779 -0.170928 0.17661 -0.179359 0.160517 -0.187592 0.145131 -0.194505 0.129585 -0.200418 
3.971 -0.0796055 -0.147665 -0.0941485 -0.14102 -0.106725 -0.134375 -0.118684 -0.12739 -0.131492 -0.119028 -0.142929 -0.110508 -0.153658 -0.101462 
3.602 -0.314505 -0.176428 -0.330512 -0.155654 -0.343968 -0.136488 -0.356054 -0.11712 -0.368203 -0.0952926 -0.378407 -0.0741805 -0.387448 -0.0529853 
0.785 -0.10426 0.40363 -0.0903657 0.414891 -0.0776001 0.424352 -0.0644219 0.433058 -0.0498423 0.441555 -0.035532 0.448867 -0.021208 0.45538 
0.696 -0.267936 0.381715 -0.256112 0.403868 -0.244707 0.423348 -0.232223 0.441647 -0.217841 0.460801 -0.203336 0.478105 -0.188194 0.494384 
4.594 0.294316 -0.116162 0.280731 -0.131827 0.267939 -0.145069 0.254949 -0.157424 0.239897 -0.170045 0.225321 -0.181078 0.210306 -0.191143 
3.375 -0.147404 -0.0278181 -0.154828 -0.0173679 -0.161125 -0.00773632 -0.166662 0.00199833 -0.172234 0.0129452 -0.1768 0.0234841 -0.18086 0.0343366 
1.351 0.101876 0.300904 0.11135 0.298304 0.119613 0.295691 0.127666 0.292699 0.136148 0.288841 0.143962 0.284794 0.151399 0.280611 
4.59 0.29774 -0.155198 0.282167 -0.171234 0.267581 -0.184696 0.252888 -0.197158 0.23588 -0.209879 0.219515 -0.220767 0.202764 -0.230658 
3.605 -0.300808 -0.14698 -0.315059 -0.127359 -0.327058 -0.109123 -0.33772 -0.0908182 -0.348388 -0.0701631 -0.35725 -0.0503045 -0.365021 -0.0301607 
4.227 0.21145 0.0571018 0.208718 0.0458138 0.205749 0.0359706 0.202505 0.0264383 0.198144 0.0162768 0.193624 0.00697444 0.188609 -0.00182901 
3.748 -0.216573 -0.33805 -0.242189 -0.323173 -0.26444 -0.308651 -0.285359 -0.293429 -0.30731 -0.275509 -0.327004 -0.257633 -0.345509 -0.239085 
0.871 -0.465169 0.259814 -0.457032 0.290754 -0.448492 0.318001 -0.438617 0.34407 -0.426305 0.371775 -0.413307 0.397314 -0.399206 0.421678 
1.295 0.0744829 0.335831 0.0862586 0.334574 0.0965481 0.33302 0.106722 0.330998 0.117374 0.328096 0.127338 0.32481 0.136821 0.321216 
4.086 0.260759 0.100247 0.260064 0.0860436 0.258821 0.0734562 0.257147 0.0613007 0.254348 0.0481349 0.25129 0.03598 0.247542 0.0242741 
0.819 -0.0857691 0.396096 -0.0721937 0.406116 -0.0596743 0.414611 -0.046861 0.422317 -0.0327242 0.429727 -0.0189055 0.435983 -0.0052002 0.441522 
2.037 0.462101 0.307752 0.472056 0.281716 0.479613 0.258341 0.48599 0.235066 0.491173 0.209443 0.494874 0.185141 0.497127 0.161214 
3.527 -0.361074 -0.155198 -0.375848 -0.131945 -0.388113 -0.110616 -0.398974 -0.0891416 -0.40956 -0.0651492 -0.41826 -0.0420784 -0.425742 -0.0188291 
3.666 -0.278208 -0.252445 -0.298832 -0.233881 -0.316437 -0.216541 -0.332701 -0.19868 -0.349437 -0.178163 -0.364057 -0.158214 -0.377479 -0.137595 
1.213 0.0505136 0.248856 0.0569847 0.249456 0.0628004 0.249764 0.0684266 0.249747 0.0747119 0.249317 0.0803859 0.248555 0.0858691 0.247707 
3.707 -0.245336 -0.349007 -0.271662 -0.332244 -0.294427 -0.316186 -0.315818 -0.299298 -0.338165 -0.279648 -0.358063 -0.2601 -0.376736 -0.239877 
3.564 -0.331626 -0.12712 -0.344905 -0.105572 -0.355798 -0.085749 -0.365468 -0.0658065 -0.374844 -0.0435623 -0.382494 -0.0222195 -0.388922 -0.000710715 
1.256 -0.0193398 0.250226 -0.0126873 0.25513 -0.00664156 0.259239 -0.000378373 0.262965 0.00641554 0.266576 0.0130214 0.269601 0.0195949 0.272289 
1.59 0.189536 0.239269 0.195616 0.230713 0.200593 0.222925 0.205246 0.215078 0.209608 0.206202 0.213303 0.197739 0.216443 0.189191 
1.216 0.314861 0.324873 0.325025 0.309078 0.333304 0.294694 0.340783 0.280201 0.347941 0.26394 0.353852 0.248357 0.35885 0.232784 
1.64 -0.215203 0.231051 -0.208277 0.246312 -0.201589 0.259566 -0.194218 0.27235 -0.185501 0.285546 -0.176586 0.297604 -0.167359 0.309123 
3.67 -0.243967 -0.116162 -0.256513 -0.0997784 -0.267064 -0.0844738 -0.276495 -0.0691576 -0.285968 -0.0519135 -0.29388 -0.035118 -0.300927 -0.0181785 
4.41 0.210766 -0.0743871 0.200235 -0.0852832 0.190322 -0.094558 0.180358 -0.103098 0.168772 -0.111785 0.157595 -0.119241 0.146192 -0.125952 
3.738 -0.211779 -0.199712 -0.229169 -0.185272 -0.244096 -0.171634 -0.25793 -0.157541 -0.272239 -0.141492 -0.284775 -0.125679 -0.296366 -0.109375 
3.766 -0.191919 -0.184646 -0.208473 -0.171311 -0.222724 -0.158544 -0.235916 -0.145472 -0.249587 -0.130567 -0.261592 -0.115836 -0.272711 -0.10068 
3.621 -0.293275 -0.162731 -0.308407 -0.143411 -0.321152 -0.12551 -0.332605 -0.107464 -0.344092 -0.0871055 -0.353785 -0.0674697 -0.362364 -0.0475873 
0.751 0.0806465 0.519367 0.100898 0.519473 0.118836 0.518963 0.136361 0.517355 0.155151 0.514481 0.172778 0.510989 0.18983 0.506747 
4.316 0.168991 0.039296 0.16522 0.0305033 0.161404 0.0228309 0.157468 0.0155816 0.152526 0.00786342 0.147648 0.000991473 0.142446 -0.00549308 
3.623 -0.280263 -0.129859 -0.293623 -0.111297 -0.304761 -0.0941292 -0.314685 -0.076785 -0.324552 -0.0574066 -0.332749 -0.0386082 -0.339868 -0.0197448 
1.478 0.155979 0.259814 0.163181 0.253322 0.169203 0.247345 0.175067 0.241164 0.180761 0.234053 0.185869 0.227172 0.190476 0.220201 
1.381 0.126531 0.260499 0.133675 0.2557 0.139767 0.251547 0.145656 0.24701 0.151433 0.241704 0.15679 0.236426 0.161621 0.231188 
1.288 -0.0659088 0.262553 -0.0585132 0.269822 -0.0517464 0.276124 -0.0447024 0.281891 -0.0368504 0.28772 -0.0290916 0.292816 -0.0212769 0.297534 
4.566 0.27788 -0.0600055 0.267798 -0.0747801 0.258184 -0.0877177 0.248258 -0.0996827 0.236533 -0.112244 0.225031 -0.123237 0.213144 -0.13339 
1.376 0.112834 0.285153 0.121295 0.281911 0.128695 0.278727 0.135931 0.275221 0.143331 0.270907 0.150241 0.266462 0.156705 0.261979 
3.654 -0.259033 -0.116162 -0.271489 -0.0990566 -0.281902 -0.083216 -0.291175 -0.0673639 -0.300494 -0.0494022 -0.308207 -0.032146 -0.315031 -0.0146008 
1.171 -0.252869 0.236529 -0.246331 0.254691 -0.239827 0.270632 -0.232538 0.286025 -0.223835 0.302099 -0.214731 0.316982 -0.205112 0.331098 
1.241 0.325134 0.312546 0.334719 0.295816 0.34259 0.280619 0.349726 0.265331 0.35637 0.248351 0.36176 0.231877 0.366153 0.215966 
3.76 -0.191919 -0.167525 -0.207695 -0.154169 -0.22119 -0.141579 -0.233749 -0.128646 -0.246665 -0.113816 -0.257985 -0.0992784 -0.268458 -0.0842463 
4.289 0.156663 -0.0545268 0.147202 -0.0621289 0.138376 -0.0683754 0.129557 -0.0739893 0.119461 -0.0795906 0.109857 -0.0843833 0.100099 -0.0885093 
1.291 -0.165895 0.269401 -0.15684 0.28175 -0.148374 0.292518 -0.139414 0.30257 -0.129237 0.312814 -0.119008 0.321976 -0.108616 0.330629 
1.268 0.101876 0.209821 0.105828 0.207284 0.109149 0.204826 0.112497 0.20229 0.11571 0.199399 0.118642 0.19653 0.121352 0.193629 
2.193 0.638789 0.0749075 0.634288 0.038756 0.62863 0.00707998 0.621473 -0.0236182 0.611767 -0.0565058 0.601033 -0.0867699 0.588899 -0.115826 
4.188 0.078592 -0.0600055 0.0691811 -0.0631773 0.0605918 -0.0655582 0.052074 -0.0674818 0.0427375 -0.0690342 0.0338477 -0.0700222 0.025051 -0.0704455 
3.727 -0.188495 -0.0545268 -0.197423 -0.0414002 -0.204878 -0.02928 -0.211483 -0.0171541 -0.218095 -0.00348756 -0.223469 0.00962267 -0.228113 0.0229092 
3.703 -0.237803 -0.207246 -0.255689 -0.191179 -0.270995 -0.175877 -0.285113 -0.160319 -0.299631 -0.142682 -0.312271 -0.125179 -0.323915 -0.107379 
1.301 -0.0926174 0.231735 -0.0868294 0.24081 -0.0811897 0.248769 -0.0752668 0.256284 -0.0685374 0.263956 -0.0616852 0.270806 -0.0545668 0.277331 
3.748 -0.204931 -0.173689 -0.220909 -0.159628 -0.234637 -0.146412 -0.247294 -0.132887 -0.260455 -0.117325 -0.271862 -0.102059 -0.282457 -0.0863431 
3.664 -0.276154 -0.236694 -0.295761 -0.218429 -0.312566 -0.20116 -0.328037 -0.183406 -0.343883 -0.163355 -0.35771 -0.143632 -0.370385 -0.123508 
3.691 -0.233694 -0.144925 -0.24789 -0.129172 -0.259964 -0.114509 -0.270941 -0.0995345 -0.28205 -0.0825775 -0.291546 -0.0660618 -0.300157 -0.0493071 
3.676 -0.266566 -0.225736 -0.285507 -0.207817 -0.301712 -0.191038 -0.316668 -0.173892 -0.331966 -0.154248 -0.345219 -0.134974 -0.357356 -0.115326 
3.666 -0.256294 -0.153143 -0.27092 -0.13602 -0.283299 -0.120057 -0.294503 -0.103982 -0.305878 -0.0856293 -0.315506 -0.0679283 -0.324113 -0.0499506 
4.395 0.217614 0.00162991 0.211705 -0.0101299 0.205841 -0.0202825 0.199828 -0.0299117 0.192402 -0.0400035 0.185057 -0.0490869 0.177377 -0.0575624 
4.09 0.00668402 -0.118217 -0.00605721 -0.117005 -0.0174144 -0.115286 -0.0283066 -0.113052 -0.0401887 -0.109975 -0.0510624 -0.106485 -0.0616318 -0.102469 
1.33 0.102561 0.271456 0.110665 0.268561 0.117551 0.265776 0.124344 0.262705 0.131266 0.258779 0.137735 0.254764 0.143752 0.250576 
3.637 -0.273415 -0.146295 -0.287674 -0.128166 -0.299721 -0.111303 -0.310542 -0.0943907 -0.321365 -0.0753317 -0.330505 -0.0568443 -0.338609 -0.0380721 
3.713 -0.239173 -0.247651 -0.259363 -0.231526 -0.276732 -0.216119 -0.292823 -0.200279 -0.309552 -0.182103 -0.324253 -0.164158 -0.337843 -0.14573 
3.857 -0.120696 -0.0196001 -0.127722 -0.0106878 -0.133632 -0.0023882 -0.138944 0.00599872 -0.144358 0.0154247 -0.148809 0.0245609 -0.152825 0.0338815 
1.467 0.125161 0.411848 0.140496 0.407893 0.153925 0.403749 0.166893 0.39896 0.180476 0.392833 0.192919 0.386429 0.2049 0.379525 
3.77 -0.191234 -0.212724 -0.209491 -0.199428 -0.22523 -0.186636 -0.239865 -0.173537 -0.255152 -0.158487 -0.268614 -0.143359 -0.281208 -0.127858 
3.619 -0.279578 -0.109314 -0.291613 -0.0908734 -0.301685 -0.0738619 -0.310574 -0.0567571 -0.319351 -0.0374747 -0.326461 -0.0190848 -0.332629 -0.000600198 
3.396 0.433338 -0.032612 0.424044 -0.0564759 0.414699 -0.0772568 0.404709 -0.0971682 0.392427 -0.118151 0.379968 -0.136997 0.366635 -0.154951 
1.251 -0.0672785 0.305013 -0.0571694 0.312377 -0.0478856 0.318692 -0.0383925 0.324289 -0.0279527 0.329779 -0.0176926 0.334407 -0.00749669 0.338549 
3.678 -0.263142 -0.25039 -0.283631 -0.23267 -0.301152 -0.216114 -0.317381 -0.199066 -0.334095 -0.179446 -0.348682 -0.160297 -0.362234 -0.140547 
3.848 -0.107684 -0.0134365 -0.114102 -0.00544828 -0.119571 0.00202111 -0.124401 0.00961155 -0.129256 0.0181734 -0.133508 0.0264469 -0.137364 0.0348054 
3.686 -0.255609 -0.204506 -0.273377 -0.187385 -0.288531 -0.171357 -0.302531 -0.154857 -0.316812 -0.136135 -0.329159 -0.117839 -0.340453 -0.0991278 
3.631 -0.302178 -0.282578 -0.32466 -0.2626 -0.343953 -0.243816 -0.361749 -0.224605 -0.380114 -0.202487 -0.396105 -0.180941 -0.410836 -0.158772 
4.184 0.0984523 0.064635 0.0960639 0.0600234 0.0938695 0.0561495 0.091395 0.0524188 0.088444 0.0485392 0.0854468 0.0450279 0.0824714 0.0418731 
3.656 -0.280948 -0.222997 -0.299794 -0.204364 -0.315805 -0.186867 -0.330519 -0.169037 -0.345536 -0.148774 -0.358529 -0.129094 -0.370435 -0.108922 
4.074 0.000520477 -0.0819203 -0.0100222 -0.0803347 -0.0193483 -0.0786306 -0.02832 -0.0762413 -0.0380962 -0.073339 -0.0470119 -0.0700278 -0.055677 -0.0663231 
0.688 -0.283687 0.38103 -0.271985 0.404468 -0.260541 0.424812 -0.248216 0.444183 -0.233892 0.46439 -0.219194 0.482642 -0.204079 0.4999 
3.691 -0.23027 -0.131229 -0.243525 -0.115639 -0.254818 -0.101204 -0.264986 -0.0864697 -0.275327 -0.0697812 -0.284027 -0.0536622 -0.291882 -0.0371849 
3.691 -0.243967 -0.18807 -0.260877 -0.171592 -0.275305 -0.156188 -0.288601 -0.140445 -0.302207 -0.12248 -0.313984 -0.104925 -0.324736 -0.0869417 
1.446 0.260759 0.27625 0.26937 0.263089 0.276398 0.251193 0.282885 0.239045 0.288832 0.225276 0.293953 0.212104 0.298109 0.199033 
4.445 0.228571 -0.0606903 0.218627 -0.0725613 0.209219 -0.0827249 0.199671 -0.0920801 0.188555 -0.101628 0.177702 -0.110178 0.166603 -0.117837 
4 -0.0535817 -0.0983564 -0.0650673 -0.0936619 -0.0752032 -0.0889068 -0.0847352 -0.0839241 -0.0949771 -0.0777652 -0.104201 -0.0714874 -0.113084 -0.0648313 
3.701 -0.247391 -0.221627 -0.26613 -0.205036 -0.282112 -0.189447 -0.29693 -0.173537 -0.312215 -0.15519 -0.325571 -0.137223 -0.337837 -0.11886 
1.2 -0.0830297 0.312546 -0.0726201 0.320693 -0.0628633 0.327577 -0.0529464 0.333775 -0.0417733 0.340009 -0.0308581 0.345173 -0.0199075 0.349925 
4.418 0.219669 -0.0264484 0.21182 -0.0379231 0.204219 -0.0476949 0.196551 -0.056932 0.18737 -0.0663843 0.178392 -0.0748897 0.169107 -0.08268 
1.034 0.434708 0.474853 0.452209 0.452321 0.466668 0.431638 0.479942 0.410738 0.492804 0.387123 0.503647 0.364253 0.513257 0.341543 
3.764 -0.204246 -0.280523 -0.226778 -0.266182 -0.246234 -0.25245 -0.264513 -0.23816 -0.283647 -0.221482 -0.300679 -0.204806 -0.316677 -0.187476 
1.52 0.146391 0.325558 0.157574 0.319165 0.167183 0.313254 0.176368 0.306902 0.1857 0.299467 0.194274 0.291904 0.202074 0.284319 
3.668 -0.248076 -0.138762 -0.261878 -0.12226 -0.273541 -0.106903 -0.28407 -0.0913951 -0.294693 -0.0738763 -0.303752 -0.0568628 -0.311841 -0.0395678 
1.026 0.460731 0.476907 0.478901 0.452817 0.493696 0.4306 0.507153 0.408141 0.520325 0.382899 0.531419 0.358522 0.540746 0.334154 
3.797 -0.178907 -0.221627 -0.197684 -0.2088 -0.21393 -0.196557 -0.229079 -0.183787 -0.24491 -0.169126 -0.258933 -0.154442 -0.272069 -0.13922 
3.645 -0.26999 -0.160677 -0.285077 -0.142662 -0.297791 -0.126015 -0.30935 -0.109088 -0.320986 -0.0899799 -0.330807 -0.0714877 -0.339613 -0.0525921 
4.598 0.299795 -0.139447 0.284881 -0.155382 0.270906 -0.168813 0.256798 -0.181302 0.240479 -0.194005 0.224712 -0.205056 0.208577 -0.215023 
1.497 -0.363128 0.215984 -0.357404 0.240639 -0.351226 0.262415 -0.344109 0.283401 -0.335153 0.305793 -0.325643 0.326343 -0.315197 0.346026 
1.585 0.19433 0.261183 0.201822 0.251987 0.20796 0.243577 0.213732 0.235044 0.219226 0.225393 0.223937 0.216194 0.228091 0.207054 
3.641 -0.291905 -0.214779 -0.310264 -0.195359 -0.32583 -0.177296 -0.34006 -0.158904 -0.354558 -0.137984 -0.367018 -0.117765 -0.378382 -0.096975 
3.686 -0.261772 -0.306547 -0.28557 -0.28905 -0.306168 -0.272361 -0.325334 -0.25508 -0.34525 -0.23509 -0.362925 -0.215363 -0.379366 -0.194881 
4.25 0.23405 0.035187 0.230163 0.0223297 0.225977 0.0111682 0.221497 0.000473456 0.215676 -0.0108898 0.2098 -0.0212648 0.20344 -0.0310466 
3.834 -0.156992 -0.27162 -0.178676 -0.259914 -0.197609 -0.248655 -0.21542 -0.236739 -0.234152 -0.222661 -0.250942 -0.208471 -0.266835 -0.193715 
1.057 0.391563 0.462526 0.408947 0.442317 0.423398 0.423783 0.436775 0.404777 0.449797 0.383428 0.461029 0.36264 0.470841 0.341816 
3.625 -0.297384 -0.178482 -0.313482 -0.158871 -0.32709 -0.140543 -0.339377 -0.122086 -0.3517 -0.101292 -0.362165 -0.0810887 -0.371491 -0.0606011 
3.539 -0.362444 -0.2319 -0.381719 -0.208434 -0.397865 -0.186593 -0.412558 -0.164522 -0.427188 -0.139662 -0.439617 -0.115621 -0.450714 -0.0911768 
3.674 -0.259033 -0.190809 -0.276095 -0.173544 -0.290753 -0.157364 -0.304131 -0.140935 -0.317737 -0.122136 -0.329538 -0.103845 -0.340325 -0.085156 
3.545 -0.306972 -0.108629 -0.319218 -0.0884431 -0.329345 -0.0699552 -0.338225 -0.0513912 -0.346977 -0.0305649 -0.353926 -0.0106269 -0.359917 0.00944924 
1.02 0.463471 0.513889 0.482994 0.490355 0.498916 0.468326 0.513763 0.446252 0.5282 0.421311 0.540561 0.397204 0.551476 0.373067 
3.916 -0.115902 -0.227791 -0.134757 -0.219152 -0.151295 -0.210593 -0.166877 -0.201467 -0.183443 -0.190546 -0.198331 -0.179499 -0.212477 -0.167781 
1.593 0.19433 0.199548 0.198098 0.190782 0.201068 0.182877 0.203701 0.175046 0.205976 0.166476 0.207674 0.158023 0.208934 0.149945 
3.699 -0.2515 -0.261348 -0.272641 -0.244366 -0.290809 -0.228217 -0.307741 -0.211602 -0.325168 -0.192455 -0.340529 -0.17358 -0.354729 -0.154159 
3.713 -0.228215 -0.181907 -0.244762 -0.166475 -0.258979 -0.151833 -0.272047 -0.136962 -0.285391 -0.12 -0.297053 -0.103338 -0.307719 -0.0862225 
1.407 -0.114532 0.163936 -0.112711 0.17427 -0.110739 0.183484 -0.108152 0.192404 -0.104889 0.201905 -0.101279 0.210675 -0.097393 0.219188 
3.912 -0.115902 -0.140816 -0.129834 -0.13235 -0.141936 -0.124117 -0.153201 -0.115558 -0.165088 -0.105541 -0.175636 -0.0955165 -0.185604 -0.0850515 
3.186 -0.323408 -0.0928777 -0.334773 -0.0718245 -0.343746 -0.0524216 -0.351654 -0.0330629 -0.359123 -0.0114872 -0.365022 0.00914829 -0.369903 0.0298902 
1.172 -0.0213943 0.3598 -0.00860637 0.364779 0.00297605 0.36876 0.0145619 0.372082 0.0272867 0.374896 0.0394115 0.376915 0.051382 0.378377 
3.746 -0.215203 -0.242172 -0.235183 -0.227482 -0.252402 -0.213351 -0.268504 -0.198821 -0.28525 -0.182025 -0.300015 -0.165295 -0.313831 -0.148145 
3.615 -0.31382 -0.246281 -0.333972 -0.225671 -0.351182 -0.206333 -0.366962 -0.186679 -0.383026 -0.164497 -0.396888 -0.142504 -0.409572 -0.120329 
3.938 -0.103575 -0.102465 -0.115268 -0.0945803 -0.125335 -0.0869907 -0.1347 -0.0790917 -0.144579 -0.0699628 -0.153296 -0.0609121 -0.161444 -0.0514493 
4.32 0.167621 -0.196288 0.149624 -0.204132 0.133234 -0.210259 0.117104 -0.215525 0.0990358 -0.220261 0.0819797 -0.223733 0.064997 -0.226207 
1.234 0.0751678 0.287207 0.0839925 0.286028 0.0917251 0.284667 0.0993234 0.282931 0.107216 0.280481 0.114594 0.277833 0.121742 0.274826 
1.261 0.102561 0.194069 0.105517 0.191512 0.10805 0.189009 0.110585 0.186447 0.112982 0.183684 0.115153 0.180952 0.117001 0.178121 
3.727 -0.23164 -0.29285 -0.254746 -0.277116 -0.274686 -0.262173 -0.293373 -0.246538 -0.3129 -0.228412 -0.330216 -0.210372 -0.34644 -0.191618 
3.574 -0.259033 -0.091508 -0.270226 -0.0743676 -0.279562 -0.0585239 -0.287788 -0.0426465 -0.295879 -0.02473 -0.302551 -0.00757406 -0.308268 0.00979839 
3.58 -0.317244 -0.126435 -0.330316 -0.105763 -0.341143 -0.0867335 -0.350701 -0.0675931 -0.360063 -0.0461747 -0.367713 -0.0256126 -0.37427 -0.00484511 
3.967 -0.0789207 -0.0853445 -0.0897558 -0.0787502 -0.0992104 -0.0723762 -0.108059 -0.0657445 -0.117386 -0.0579975 -0.125802 -0.0501901 -0.133594 -0.0420118 
3.775 -0.195343 -0.247651 -0.215499 -0.233997 -0.232855 -0.220958 -0.249106 -0.207238 -0.266125 -0.191317 -0.281173 -0.175747 -0.29522 -0.159519 
3.619 -0.245336 -0.0867141 -0.256273 -0.0702977 -0.26542 -0.0551631 -0.27344 -0.0399665 -0.281389 -0.0228322 -0.287953 -0.00638959 -0.293579 0.0101965 
4.508 0.25665 -0.116847 0.243158 -0.130293 0.230582 -0.14167 0.21786 -0.152049 0.203209 -0.162712 0.189061 -0.171861 0.174622 -0.17995 
1.664 0.192275 0.161882 0.194028 0.153182 0.195143 0.145423 0.196004 0.13774 0.196259 0.129283 0.196224 0.121292 0.195678 0.113551 
3.916 -0.116587 -0.0613752 -0.125904 -0.0527946 -0.133985 -0.0447357 -0.141379 -0.0365069 -0.149094 -0.0271061 -0.155593 -0.0178605 -0.161593 -0.00835988 
1.227 0.0162717 0.339255 0.0282732 0.341681 0.0389283 0.343716 0.0496608 0.344728 0.0611235 0.345328 0.0719691 0.345357 0.0825769 0.345037 
3.824 -0.163841 -0.291481 -0.18671 -0.27965 -0.206687 -0.268143 -0.225462 -0.256038 -0.245278 -0.241614 -0.263089 -0.227072 -0.27997 -0.211808 
3.674 -0.238488 -0.102465 -0.250168 -0.0863173 -0.259978 -0.0713229 -0.268691 -0.0563613 -0.277366 -0.0395631 -0.284539 -0.023361 -0.290882 -0.00694836 
4.172 0.0737981 -0.0127517 0.0671527 -0.0156056 0.0609824 -0.0178741 0.0549773 -0.0197889 0.0481395 -0.021474 0.0417373 -0.0227494 0.0353048 -0.0235499 
4.309 0.165566 -0.0189152 0.158555 -0.0271833 0.151878 -0.0342923 0.145182 -0.0408089 0.137223 -0.0475383 0.129566 -0.0534464 0.121668 -0.0586759 
3.801 -0.180277 -0.29559 -0.2034 -0.282732 -0.223517 -0.270237 -0.24241 -0.257074 -0.262302 -0.241684 -0.280138 -0.226097 -0.296976 -0.20982 
3.188 0.447719 0.0927133 0.445694 0.0677334 0.442766 0.0455751 0.438995 0.0240952 0.43333 0.00106537 0.426921 -0.0203072 0.419509 -0.0407415 
4.199 0.295686 0.089974 0.294502 0.073527 0.292707 0.0590775 0.290313 0.0450733 0.286652 0.0299806 0.282516 0.016101 0.27756 0.00275552 
2.727 0.389508 0.211875 0.394033 0.190587 0.396872 0.171391 0.399104 0.152595 0.400105 0.132001 0.400202 0.112841 0.399228 0.093934 
3.799 -0.176852 -0.328462 -0.201917 -0.315921 -0.223739 -0.303562 -0.24434 -0.290519 -0.266123 -0.275193 -0.285724 -0.259581 -0.304313 -0.243224 
3.895 -0.133023 -0.0839748 -0.143337 -0.0744494 -0.152139 -0.0655196 -0.160162 -0.0563697 -0.168693 -0.0459852 -0.175921 -0.0358052 -0.182796 -0.0253604 
4.363 0.19159 -0.108629 0.178693 -0.118109 0.166786 -0.125992 0.154941 -0.133113 0.141382 -0.140183 0.128392 -0.146076 0.115337 -0.151152 
4.301 0.160088 -0.00179427 0.153757 -0.00986407 0.147678 -0.0167272 0.14155 -0.0232035 0.134269 -0.0297689 0.127121 -0.0356259 0.119887 -0.0409105 
3.299 0.438132 0.0338173 0.432524 0.00953435 0.426516 -0.0117487 0.419697 -0.0323136 0.410847 -0.0541632 0.401478 -0.0741917 0.391235 -0.0933791 
3.727 -0.223421 -0.218888 -0.242031 -0.203597 -0.258006 -0.18921 -0.272849 -0.174425 -0.288147 -0.157413 -0.301626 -0.140611 -0.314099 -0.123277 
3.709 -0.237803 -0.232585 -0.257117 -0.216387 -0.273723 -0.201037 -0.289082 -0.185286 -0.304972 -0.167233 -0.318855 -0.149469 -0.33169 -0.131244 
1.972 0.3628 0.292686 0.371879 0.273174 0.378997 0.255585 0.385327 0.238078 0.390824 0.218495 0.395078 0.199945 0.398465 0.181612 
3.92 -0.111793 -0.156568 -0.126546 -0.148235 -0.139383 -0.14024 -0.151386 -0.13178 -0.164167 -0.121845 -0.175386 -0.1118 -0.186096 -0.101396 
1.689 0.202548 0.186536 0.205468 0.1773 0.20768 0.169047 0.209477 0.160824 0.210814 0.151779 0.211742 0.143362 0.212057 0.134911 
3.787 -0.18781 -0.273675 -0.209868 -0.260413 -0.228965 -0.247594 -0.246898 -0.234313 -0.265774 -0.218628 -0.282619 -0.203002 -0.298435 -0.186524 
1.324 0.0861252 0.351582 0.0983344 0.349658 0.108999 0.347511 0.119464 0.344878 0.130532 0.341322 0.140873 0.337455 0.150793 0.333316 
1.589 0.177893 0.292001 0.187105 0.284364 0.194886 0.277248 0.202283 0.26985 0.209749 0.261489 0.216432 0.25314 0.222546 0.244622 
3.867 0.266922 0.131064 0.268125 0.11655 0.268558 0.103679 0.26851 0.091034 0.26742 0.0772998 0.265899 0.0643969 0.263613 0.0519975 
3.795 -0.183016 -0.311341 -0.207181 -0.298377 -0.228036 -0.28585 -0.247787 -0.272594 -0.268617 -0.257035 -0.287239 -0.241331 -0.304911 -0.224969 
1.134 0.362115 0.35843 0.373917 0.340093 0.383411 0.323326 0.391984 0.306541 0.400223 0.287686 0.406826 0.269614 0.412297 0.251577 
3.734 -0.222052 -0.318874 -0.246468 -0.303603 -0.267618 -0.289018 -0.287434 -0.273833 -0.308252 -0.255868 -0.326783 -0.238041 -0.344223 -0.219637 
1.302 -0.0960416 0.247487 -0.0893632 0.25661 -0.0829998 0.264475 -0.0763772 0.271852 -0.0688156 0.279445 -0.0611507 0.286255 -0.0534705 0.292565 
0.917 -0.250815 0.27762 -0.243116 0.297134 -0.23557 0.314142 -0.227328 0.330313 -0.217418 0.347439 -0.207113 0.363057 -0.196243 0.37794 
3.553 -0.348747 -0.146295 -0.36295 -0.123493 -0.374677 -0.102704 -0.385014 -0.0816742 -0.395076 -0.0582525 -0.403228 -0.0358904 -0.410208 -0.0133673 
3.758 -0.203561 -0.225051 -0.222571 -0.210897 -0.238979 -0.197347 -0.254282 -0.183478 -0.270198 -0.167283 -0.284203 -0.15141 -0.297269 -0.135176 
4.34 0.182002 -0.151089 0.166904 -0.159931 0.153084 -0.167145 0.139433 -0.173483 0.12393 -0.179619 0.109243 -0.184493 0.0945682 -0.188448 
4.172 0.0703739 -0.0791809 0.0597435 -0.0818448 0.0500796 -0.0837218 0.0407358 -0.085097 0.0301575 -0.0860865 0.0204495 -0.0863797 0.0106731 -0.0861632 
4.188 0.0833858 -0.00110944 0.0773099 -0.00459795 0.0717491 -0.00737601 0.0662957 -0.00982394 0.0600188 -0.0121792 0.054174 -0.0140462 0.0482045 -0.0154258 
3.943 -0.0802904 -0.0059033 -0.0861995 0.000473665 -0.0913138 0.00649559 -0.0959106 0.012589 -0.100917 0.0193779 -0.105077 0.0260442 -0.108846 0.0329335 
3.605 -0.296014 -0.131913 -0.309403 -0.112338 -0.320558 -0.0942772 -0.330487 -0.0761134 -0.340265 -0.0557811 -0.348319 -0.0362008 -0.355399 -0.016434 
3.83 -0.159732 -0.306547 -0.183425 -0.295012 -0.20414 -0.283696 -0.223653 -0.271842 -0.244306 -0.257545 -0.262902 -0.243142 -0.28053 -0.227958 
1.268 0.282674 0.306383 0.291935 0.292174 0.299594 0.279207 0.306422 0.266186 0.313037 0.251587 0.318423 0.237479 0.322945 0.223483 
0.939 0.127215 0.44609 0.144141 0.442508 0.158839 0.438341 0.173245 0.433852 0.188483 0.428134 0.202521 0.421853 0.215819 0.415036 
1.451 0.166251 0.21393 0.170107 0.207246 0.17315 0.201228 0.176016 0.195193 0.178487 0.188362 0.180649 0.181936 0.182302 0.175611 
1.259 -0.0282427 0.281044 -0.0199897 0.286207 -0.0124595 0.29051 -0.00477109 0.29438 0.00363907 0.298068 0.0118656 0.301117 0.0200133 0.303779 
3.988 0.246377 0.113943 0.246309 0.100582 0.245621 0.0887765 0.244506 0.0772618 0.242407 0.0647748 0.239941 0.0532323 0.236873 0.0421113 
1.186 -0.119326 0.246802 -0.112608 0.257102 -0.106246 0.2661 -0.0995 0.274435 -0.0917568 0.283222 -0.0838317 0.290946 -0.0758522 0.29835 
3.607 -0.29259 -0.116162 -0.305109 -0.0970072 -0.315526 -0.0792184 -0.324706 -0.0613929 -0.333734 -0.0414808 -0.341078 -0.0223761 -0.347468 -0.00310238 
4.473 0.242268 -0.0161759 0.235118 -0.0292344 0.228054 -0.0403826 0.220758 -0.0508794 0.211961 -0.0620556 0.203399 -0.0718552 0.194251 -0.0810482 
4.23 0.10804 -0.0654842 0.0980253 -0.0701485 0.0888116 -0.0738309 0.0798073 -0.0769512 0.0697152 -0.0798186 0.0601814 -0.081982 0.050556 -0.0835206 
3.809 -0.174113 -0.262717 -0.195613 -0.250294 -0.214236 -0.238307 -0.231749 -0.225728 -0.250161 -0.211003 -0.266613 -0.19626 -0.282161 -0.180754 
1.286 -0.0871387 0.279674 -0.0785516 0.288266 -0.0704261 0.295749 -0.0621491 0.302542 -0.0530151 0.309383 -0.0440146 0.315305 -0.0349297 0.320817 
3.201 0.54976 -0.179852 0.531117 -0.210056 0.513116 -0.235933 0.49436 -0.260554 0.472347 -0.286024 0.450547 -0.308779 0.427885 -0.329889 
4.191 0.0758526 -0.166155 0.0598412 -0.168596 0.0454227 -0.169999 0.0314205 -0.170816 0.015932 -0.170776 0.00161281 -0.169893 -0.0125279 -0.168238 
1.377 0.138858 0.209821 0.143 0.204898 0.146515 0.200296 0.149661 0.195698 0.152743 0.190294 0.155439 0.185306 0.157761 0.18027 
0.987 -0.0597452 0.346103 -0.0476884 0.353421 -0.0366777 0.359598 -0.025389 0.364987 -0.0130978 0.370165 -0.0011127 0.37445 0.010868 0.378179 
1.353 0.112149 0.261183 0.119059 0.258071 0.125307 0.254934 0.131041 0.251757 0.137257 0.247595 0.142926 0.243497 0.148011 0.239428 
3.938 -0.0994658 -0.134653 -0.113049 -0.126946 -0.124949 -0.119468 -0.136144 -0.11167 -0.148116 -0.102479 -0.158766 -0.0932378 -0.169036 -0.0835353 
4.074 0.00668402 -0.0593206 -0.00274341 -0.0579659 -0.0111032 -0.0563631 -0.0190898 -0.054517 -0.0278452 -0.0519412 -0.0358064 -0.0491282 -0.0435649 -0.0456747 
4.102 0.0265443 -0.0524723 0.0174975 -0.0523965 0.00948607 -0.051868 0.00169946 -0.0510053 -0.00682652 -0.0496489 -0.0146742 -0.0479508 -0.0223041 -0.0456389 
4.582 0.283358 -0.0798658 0.272074 -0.0949035 0.261374 -0.107867 0.250453 -0.120087 0.237579 -0.132355 0.225005 -0.143487 0.212076 -0.15358 
2.631 0.229256 0.236529 0.236364 0.224383 0.242354 0.213539 0.247592 0.202539 0.252378 0.190182 0.256393 0.178365 0.259518 0.1666 
1.279 -0.12412 0.261183 -0.116529 0.271775 -0.109255 0.280976 -0.101815 0.289503 -0.0930499 0.298355 -0.0843721 0.306226 -0.075523 0.3136 
0.708 -0.018655 0.481016 -0.00116027 0.487564 0.0147948 0.492793 0.0306856 0.497112 0.0480073 0.500747 0.064657 0.503328 0.0811278 0.505127 
1.299 0.315546 0.301589 0.324919 0.285275 0.332593 0.270499 0.339307 0.255584 0.345398 0.238863 0.350533 0.22308 0.354643 0.207411 
3.6 -0.311766 -0.160677 -0.326957 -0.140075 -0.339651 -0.121156 -0.351043 -0.101997 -0.362385 -0.0805476 -0.371873 -0.0597909 -0.380195 -0.0388971 
4.102 0.027914 0.0050541 0.0219356 0.0050913 0.0166046 0.0053941 0.0114849 0.00594313 0.00579378 0.00687354 0.000601651 0.00805754 -0.00456331 0.00956745 
4.387 0.205972 -0.0120668 0.198852 -0.0229394 0.191958 -0.0322427 0.184978 -0.0410588 0.176527 -0.0501437 0.168352 -0.0582943 0.15977 -0.0657096 
4.27 0.142967 -0.0606903 0.133178 -0.0676079 0.124095 -0.0732642 0.115118 -0.0784014 0.104864 -0.0834565 0.0951182 -0.0876273 0.0851965 -0.0911503 
3.945 -0.0974113 -0.0880838 -0.108452 -0.0805847 -0.118082 -0.0733749 -0.126927 -0.0659035 -0.136217 -0.0572275 -0.144403 -0.0485795 -0.152199 -0.0395931 
4.148 0.0676346 0.0639501 0.0655587 0.061154 0.0636065 0.0588267 0.0617062 0.0565918 0.0593154 0.0542319 0.0569868 0.0522141 0.0548079 0.0504579 
3.641 -0.296014 -0.297644 -0.319215 -0.277917 -0.339053 -0.259288 -0.357465 -0.240182 -0.376481 -0.218206 -0.393111 -0.196723 -0.408508 -0.174623 
3.131 0.451829 0.130379 0.452068 0.104905 0.451045 0.0822894 0.4491 0.0602104 0.4454 0.0364028 0.440708 0.0142962 0.434967 -0.00667312 
1.246 -0.0843994 0.298165 -0.0750997 0.306459 -0.0663176 0.313677 -0.0573052 0.320276 -0.0471765 0.326776 -0.0373221 0.332389 -0.0275892 0.337495 
1.073 -0.000849199 0.366648 0.0121799 0.370282 0.0238697 0.373134 0.0355856 0.375263 0.0482535 0.376831 0.0603602 0.377687 0.0721521 0.378034 
1.255 -0.115217 0.233105 -0.109343 0.24314 -0.103699 0.251979 -0.097706 0.260222 -0.0907321 0.26886 -0.08359 0.276595 -0.0763595 0.283975 
1.272 -0.109738 0.218039 -0.104592 0.227865 -0.0995897 0.236447 -0.0942166 0.244537 -0.0880299 0.25296 -0.0815158 0.260668 -0.0747115 0.267957 
4.34 0.179948 -0.032612 0.171733 -0.0419717 0.16385 -0.0497581 0.155978 -0.0570211 0.14673 -0.0645304 0.137813 -0.071141 0.128652 -0.0769627 
1.215 0.0464046 0.263238 0.0535489 0.264079 0.060023 0.264634 0.0664254 0.26479 0.07325 0.264547 0.079799 0.263889 0.08607 0.263129 
4.148 0.10941 0.0749075 0.107972 0.0697352 0.106469 0.0652862 0.10481 0.0609207 0.102563 0.056308 0.100231 0.052086 0.0975725 0.048137 
4.293 0.147761 -0.143556 0.133006 -0.150459 0.119533 -0.155882 0.106275 -0.160727 0.0913972 -0.164933 0.0772895 -0.168274 0.063193 -0.170656 
3.811 -0.167265 -0.120271 -0.179829 -0.10845 -0.190536 -0.0975037 -0.200451 -0.0861248 -0.21062 -0.0732009 -0.219449 -0.0605549 -0.227618 -0.0475897 
4.152 0.0580468 -0.011382 0.0514962 -0.0135579 0.0454955 -0.0150435 0.0397049 -0.0162922 0.0331072 -0.0172541 0.0269754 -0.0178687 0.0208747 -0.0180258 
0.981 -0.269306 0.262553 -0.262331 0.282879 -0.255235 0.300773 -0.247223 0.317939 -0.237476 0.336148 -0.22739 0.352703 -0.216765 0.368542 
4.008 -0.0385153 -0.0572661 -0.0475449 -0.0532075 -0.0555046 -0.0491422 -0.0629858 -0.0447812 -0.0710224 -0.0395844 -0.0781836 -0.0342707 -0.085019 -0.0286209 
1.271 -0.0289275 0.218039 -0.0241479 0.223221 -0.0196213 0.227752 -0.0149827 0.231803 -0.0100235 0.235971 -0.00508855 0.239568 -0.000168248 0.243027 
3.934 -0.0933023 -0.011382 -0.0996525 -0.0042086 -0.10501 0.00250444 -0.109814 0.00931039 -0.114796 0.0169977 -0.119011 0.0244639 -0.1228 0.0320698 
4.352 0.184057 -0.0483632 0.175249 -0.0578985 0.166877 -0.066031 0.158566 -0.0735571 0.14882 -0.0811429 0.139371 -0.087839 0.129779 -0.0937756 
4.461 0.238159 -0.102465 0.225597 -0.11483 0.213786 -0.125114 0.201949 -0.13457 0.18825 -0.144081 0.175042 -0.152558 0.161614 -0.15998 
3.992 -0.0515272 -0.0312423 -0.0590421 -0.0265418 -0.0655603 -0.0220098 -0.0716582 -0.0173538 -0.0780714 -0.0119097 -0.0836662 -0.0063995 -0.0890013 -0.000649228 
4.316 0.1731 0.022175 0.168098 0.0132036 0.163187 0.00550934 0.158169 -0.00167862 0.152062 -0.0093277 0.145954 -0.016172 0.139661 -0.0224214 
1.583 -0.254239 0.211875 -0.248467 0.229609 -0.242585 0.245102 -0.23596 0.259896 -0.227986 0.275659 -0.219642 0.2901 -0.210762 0.303917 
3.109 0.460731 0.141337 0.461486 0.115272 0.4609 0.0920364 0.459416 0.0696204 0.456105 0.0451439 0.451996 0.0225227 0.446702 0.000595217 
3.088 0.478537 0.117367 0.477776 0.0902932 0.475842 0.0662309 0.472867 0.0429566 0.467996 0.0178116 0.462437 -0.00551277 0.455626 -0.0278372 
3.168 0.461416 0.0673743 0.457705 0.0415507 0.453257 0.0188486 0.447872 -0.00315948 0.440511 -0.0267177 0.43248 -0.0483769 0.423507 -0.0691975 
3.234 0.42238 0.121477 0.422368 0.0979135 0.42124 0.0769545 0.419222 0.0563127 0.415443 0.0342644 0.410903 0.0137127 0.40534 -0.0060358 
3.414 -0.123435 -0.00384879 -0.129406 0.00524567 -0.134531 0.0135359 -0.138838 0.021947 -0.143129 0.0313921 -0.146622 0.0404747 -0.149666 0.0497535 
3.33 0.464156 -0.0600055 0.452893 -0.0856482 0.441727 -0.107911 0.429942 -0.129117 0.41569 -0.151508 0.401192 -0.171685 0.385895 -0.190578 
1.424 0.237474 0.29474 0.246314 0.283288 0.25389 0.272822 0.260812 0.262207 0.267378 0.250229 0.272946 0.23861 0.277891 0.227122 
1.538 0.196384 0.31734 0.207077 0.308166 0.216208 0.299504 0.22465 0.290477 0.233334 0.280425 0.241025 0.270466 0.247998 0.260336 
3.584 -0.339159 -0.176428 -0.355383 -0.154099 -0.368882 -0.133544 -0.380958 -0.113012 -0.392944 -0.0898914 -0.402947 -0.0675121 -0.41179 -0.0449357 
3.396 0.385399 0.094083 0.383859 0.0725025 0.381478 0.0536861 0.378369 0.035244 0.373459 0.0153798 0.368118 -0.00290726 0.361916 -0.0204278 
1.36 -0.117272 0.189275 -0.113814 0.199461 -0.110428 0.208548 -0.10656 0.217396 -0.10195 0.226614 -0.0970297 0.235114 -0.0918391 0.243247 
1.231 0.0642104 0.389248 0.0785712 0.389131 0.0912743 0.38849 0.103849 0.387332 0.117159 0.385058 0.129649 0.382416 0.14179 0.379402 
4.289 0.155979 -0.0743871 0.14541 -0.0819737 0.135629 -0.0882402 0.125876 -0.0937612 0.11478 -0.0992292 0.104233 -0.10395 0.093537 -0.107745 
1.287 -0.0707026 0.27625 -0.0623327 0.283976 -0.0546744 0.290494 -0.0466702 0.296558 -0.0378915 0.302539 -0.0291845 0.307748 -0.02066 0.312451 
3.9 -0.127544 -0.0695932 -0.137471 -0.0603425 -0.146104 -0.051624 -0.15392 -0.0427076 -0.161888 -0.032448 -0.168785 -0.0224559 -0.175137 -0.0122008 
1.295 0.243638 0.415957 0.259581 0.404143 0.273278 0.392898 0.28618 0.381261 0.299304 0.3678 0.311005 0.354492 0.32183 0.34095 
4.078 0.0101082 -0.000424599 0.00474236 0.000627987 -0.000311996 0.00176325 -0.00531536 0.00302743 -0.0113444 0.00462156 -0.0165256 0.00650035 -0.0214289 0.00878259 
1.391 0.136118 0.235844 0.141775 0.231008 0.146615 0.226498 0.151123 0.221759 0.155653 0.216192 0.15966 0.21086 0.163289 0.205539 
1.294 -0.115217 0.27625 -0.106602 0.286536 -0.0986388 0.295467 -0.0905468 0.303552 -0.0810542 0.311964 -0.0716224 0.31937 -0.062345 0.326247 
3.006 0.455253 0.200918 0.459551 0.175051 0.462113 0.152178 0.463745 0.129418 0.463819 0.104756 0.462765 0.0817875 0.460482 0.0592897 
1.52 0.250486 0.25639 0.258299 0.24323 0.264588 0.231323 0.270339 0.219347 0.275579 0.205918 0.279955 0.193041 0.283654 0.180656 
1.311 -0.109738 0.257074 -0.102484 0.267008 -0.0955475 0.275672 -0.0881993 0.283735 -0.0799794 0.291986 -0.0716272 0.299352 -0.0634148 0.306233 
1.022 0.10941 0.407739 0.124765 0.404957 0.138148 0.401864 0.151304 0.39827 0.165094 0.393223 0.177829 0.387926 0.190081 0.382097 
1.997 0.366224 0.27488 0.374339 0.254688 0.380622 0.236547 0.385991 0.218447 0.390497 0.198546 0.393693 0.179368 0.396006 0.160854 
3.211 0.329927 0.181057 0.333935 0.162356 0.336615 0.145659 0.338536 0.129206 0.339312 0.111213 0.339211 0.0943602 0.338142 0.0779484 
4.367 0.19296 -0.0839748 0.181923 -0.0939728 0.171704 -0.102409 0.161397 -0.110223 0.149557 -0.117949 0.138291 -0.124601 0.126707 -0.130417 
1.137 0.427174 0.361855 0.438957 0.339506 0.448439 0.319221 0.456771 0.298968 0.464433 0.276391 0.470464 0.254865 0.475437 0.233508 
3.357 0.437447 -0.00932749 0.429498 -0.0336102 0.42103 -0.0547415 0.411909 -0.0749303 0.400957 -0.0963993 0.389604 -0.115833 0.377494 -0.134198 
3.623 -0.309026 -0.261348 -0.330032 -0.240855 -0.347921 -0.221902 -0.364433 -0.20236 -0.381364 -0.180192 -0.395986 -0.158438 -0.409412 -0.136238 
4.254 0.318285 0.0906588 0.317122 0.0730716 0.315342 0.0575007 0.312827 0.0423498 0.309049 0.0260574 0.304729 0.0108716 0.299563 -0.00362232 
4.023 -0.0282427 -0.0332968 -0.0361674 -0.0299614 -0.0431686 -0.0265669 -0.049763 -0.0229226 -0.0569099 -0.0186457 -0.0633073 -0.0142382 -0.0693245 -0.00940469 
3.105 0.444295 0.169415 0.446804 0.144342 0.448058 0.1219 0.448258 0.100064 0.446738 0.0761265 0.444249 0.0539911 0.440517 0.0325487 
1.424 0.128585 0.287207 0.137468 0.281966 0.144923 0.277192 0.152202 0.271958 0.15949 0.266135 0.166125 0.259987 0.172291 0.25421 
3.57 -0.343953 -0.161361 -0.359138 -0.138942 -0.371801 -0.118369 -0.383022 -0.0978049 -0.39404 -0.0745284 -0.403154 -0.0521691 -0.411115 -0.0296306 
3.961 -0.0843994 -0.129174 -0.0977614 -0.12241 -0.109508 -0.115755 -0.120543 -0.108734 -0.132249 -0.100401 -0.142524 -0.091931 -0.152611 -0.0830203 
1.555 0.161457 0.29611 0.171066 0.288934 0.17919 0.28233 0.186994 0.275363 0.194754 0.267278 0.201672 0.259517 0.208019 0.251454 
1.438 0.179263 0.176264 0.181668 0.168433 0.183307 0.161745 0.184812 0.154861 0.185788 0.147211 0.186403 0.140188 0.186558 0.13306 
1.294 -0.0748117 0.23242 -0.06905 0.240241 -0.0634229 0.247184 -0.0574599 0.253573 -0.0507558 0.260188 -0.0440953 0.265961 -0.0374447 0.271474 
4.031 -0.0296124 -0.0908232 -0.0406057 -0.0873784 -0.0502701 -0.0837294 -0.0593879 -0.0797427 -0.0692119 -0.074882 -0.0781166 -0.0698144 -0.0866545 -0.0642991 
4.086 0.00325983 -0.175743 -0.0128397 -0.174009 -0.0270824 -0.171674 -0.0408445 -0.168795 -0.0557985 -0.164804 -0.0695418 -0.160329 -0.0828053 -0.155089 
4.496 0.25391 -0.0613752 0.243935 -0.074614 0.23445 -0.0863846 0.224829 -0.097126 0.213415 -0.108164 0.202344 -0.11808 0.190817 -0.127027 
4.586 0.288152 -0.103835 0.275532 -0.11927 0.263624 -0.13237 0.251428 -0.144652 0.237271 -0.157282 0.223478 -0.16831 0.209283 -0.178261 
1.309 -0.0850842 0.257759 -0.0780084 0.26613 -0.0713843 0.273398 -0.0645603 0.280126 -0.0567565 0.287016 -0.0489855 0.293123 -0.0411593 0.298844 
1.892 -0.180962 0.172839 -0.177856 0.186099 -0.174304 0.197813 -0.170416 0.209164 -0.165294 0.221113 -0.159498 0.231985 -0.153553 0.242604 
4.332 0.182687 0.035187 0.178398 0.025977 0.174194 0.0179668 0.169817 0.0103493 0.164437 0.00240395 0.159106 -0.00486083 0.153495 -0.011564 
3.953 -0.0891933 -0.109314 -0.101356 -0.102189 -0.112048 -0.0953057 -0.121937 -0.0880721 -0.132686 -0.0796309 -0.142083 -0.071126 -0.150918 -0.0621927 
1.521 0.19433 0.336516 0.206139 0.327189 0.216306 0.318759 0.225728 0.309868 0.235413 0.299662 0.243919 0.289409 0.252233 0.279414 
2.953 0.438817 0.199548 0.443186 0.174486 0.445725 0.152044 0.447482 0.130038 0.447674 0.106149 0.446756 0.0838837 0.444825 0.0619186 
1.271 -0.043994 0.275565 -0.0358226 0.281473 -0.028297 0.286578 -0.0205727 0.291126 -0.0122482 0.295546 -0.00421023 0.299253 0.00382917 0.302632 
1.311 -0.102205 0.271456 -0.0941843 0.280855 -0.0866075 0.289052 -0.0785406 0.296718 -0.0693988 0.304458 -0.0603687 0.311266 -0.0512287 0.317598 
1.211 0.0607862 0.268717 0.06788 0.268526 0.0741593 0.268282 0.0804453 0.267612 0.0869368 0.266454 0.093218 0.265125 0.0991736 0.263779 
4.219 0.25391 0.0721682 0.251758 0.0584004 0.24943 0.0464471 0.246625 0.034794 0.242556 0.0222732 0.23812 0.0107111 0.233181 -0.000135516 
1.267 -0.0535817 0.289947 -0.0445184 0.296773 -0.036156 0.302624 -0.0275912 0.307814 -0.0181721 0.312947 -0.0090688 0.317198 -0.000110775 0.3211 
3.652 -0.261088 -0.133283 -0.274567 -0.115808 -0.285883 -0.0997351 -0.296085 -0.0834699 -0.306349 -0.0650164 -0.314895 -0.0472685 -0.322551 -0.029226 
1.274 0.355266 0.313916 0.365182 0.295241 0.373108 0.278415 0.380196 0.261554 0.386681 0.242879 0.391861 0.224995 0.39599 0.207246 
4.215 0.0963978 -0.0942474 0.0848584 -0.0981933 0.0743824 -0.101155 0.0639108 -0.103603 0.0521785 -0.105643 0.0411421 -0.106951 0.0301843 -0.107556 
3.287 0.455938 0.00231475 0.448678 -0.0229459 0.441006 -0.0448812 0.432696 -0.0663223 0.422003 -0.0889402 0.410727 -0.109409 0.398709 -0.128716 
1.133 -0.241912 0.248856 -0.234303 0.266015 -0.227013 0.281211 -0.218905 0.295643 -0.209386 0.31079 -0.199545 0.324531 -0.189311 0.33754 
4.18 0.0703739 -0.221627 0.0513228 -0.223659 0.0342838 -0.22461 0.0175036 -0.22473 -0.000661646 -0.223872 -0.0176334 -0.22209 -0.0343169 -0.219474 
1.592 0.163512 0.31871 0.174168 0.312107 0.183455 0.305595 0.192305 0.298793 0.201311 0.290708 0.209406 0.28254 0.216902 0.274348 
1.3 -0.106314 0.202287 -0.10245 0.212114 -0.0984049 0.220763 -0.0939745 0.229009 -0.0887137 0.237615 -0.0833064 0.245366 -0.0775259 0.252771 
3.908 -0.119326 -0.100411 -0.131019 -0.0915838 -0.141167 -0.0831534 -0.150445 -0.0744483 -0.160386 -0.0644503 -0.169138 -0.054584 -0.177189 -0.0442753 
1.68 0.208026 0.204342 0.212231 0.194948 0.215441 0.186391 0.218415 0.177791 0.220738 0.16821 0.222483 0.158826 0.223666 0.149666 
3.48 -0.115902 0.013957 -0.120703 0.0226986 -0.124627 0.0305625 -0.127994 0.038256 -0.131369 0.0468149 -0.134017 0.0548448 -0.136293 0.0631622 
3.9 -0.118641 -0.27162 -0.14022 -0.262599 -0.159193 -0.253549 -0.177216 -0.244051 -0.196359 -0.232538 -0.213685 -0.220747 -0.230191 -0.208251 
1.298 0.242953 0.398836 0.258045 0.386698 0.270868 0.375318 0.282887 0.363681 0.295129 0.350153 0.305993 0.336864 0.316101 0.323493 
1.401 0.117628 0.298165 0.126889 0.294407 0.134961 0.290546 0.142817 0.286299 0.150833 0.281079 0.158197 0.27588 0.165017 0.270654 
2.574 0.216929 0.170785 0.219192 0.160461 0.220626 0.15142 0.221766 0.142553 0.222277 0.132687 0.222433 0.123454 0.222073 0.114507 
1.755 -0.220682 0.207081 -0.21516 0.2229 -0.209744 0.236906 -0.203586 0.250206 -0.196244 0.264312 -0.188531 0.277121 -0.180357 0.289547 
1.697 -0.239858 0.204342 -0.234556 0.221319 -0.229205 0.236342 -0.223032 0.250682 -0.215586 0.26594 -0.207749 0.279858 -0.199348 0.293277 
1.251 0.0813313 0.266662 0.0886946 0.265231 0.0950826 0.2638 0.101361 0.262068 0.10788 0.259732 0.113965 0.257213 0.119658 0.254495 
0.792 -0.234379 0.331722 -0.224697 0.351076 -0.21535 0.368049 -0.205202 0.3841 -0.19334 0.400824 -0.181234 0.415984 -0.168665 0.430345 
1.591 0.180633 0.341309 0.193121 0.332569 0.203594 0.324346 0.213818 0.315857 0.223924 0.305803 0.233239 0.295997 0.241936 0.286169 
3.979 0.279249 0.124901 0.280306 0.109434 0.280496 0.095727 0.280113 0.082282 0.278577 0.0676878 0.276403 0.0540765 0.273585 0.0408632 
4.191 0.21282 0.0844953 0.211411 0.0730148 0.209607 0.0629383 0.20743 0.0531679 0.204286 0.0426915 0.200925 0.0330539 0.197035 0.0238601 
3.879 0.160772 0.10778 0.160641 0.0996782 0.160264 0.0926382 0.159494 0.0857913 0.158146 0.0782418 0.156701 0.0712449 0.15463 0.064589 
