1.726 0.0943432 0.00642378 0.0934303 -0.0519983 0.0932066 -0.10603 0.0932936 -0.160197 0.0937457 -0.218334 0.0946031 -0.27697 0.0961446 -0.339585 
1.378 0.356636 -0.00384879 0.357273 -0.063079 0.359523 -0.117804 0.362646 -0.172421 0.367235 -0.23093 0.373068 -0.289819 0.380707 -0.352632 
4.188 -0.37888 0.203657 -0.378 0.144282 -0.378532 0.091073 -0.379952 0.0390545 -0.38255 -0.01523 -0.386215 -0.0685878 -0.390604 -0.124255 
4.137 -0.353541 0.242693 -0.351961 0.182692 -0.351755 0.129122 -0.352396 0.0770331 -0.354117 0.0227879 -0.356797 -0.0301831 -0.36016 -0.0853656 
4.191 -0.363813 0.205027 -0.362961 0.145666 -0.363471 0.0924735 -0.364809 0.0404673 -0.36733 -0.0138187 -0.370845 -0.0671401 -0.37506 -0.12283 
4.234 -0.348062 0.174209 -0.347866 0.115296 -0.348949 0.0623114 -0.350772 0.0102991 -0.353804 -0.044144 -0.357804 -0.0978751 -0.362439 -0.15412 
4.16 -0.387098 0.226942 -0.385603 0.16722 -0.385615 0.113839 -0.386497 0.0617658 -0.388572 0.00750387 -0.391693 -0.0456719 -0.395578 -0.101092 
4.207 -0.355595 0.194069 -0.354957 0.134851 -0.355653 0.0817599 -0.357152 0.0298168 -0.359819 -0.0245419 -0.363446 -0.0780153 -0.367768 -0.133887 
4.215 -0.411752 0.188591 -0.411056 0.129422 -0.411885 0.0763158 -0.413602 0.0242792 -0.416692 -0.0301255 -0.420895 -0.0836864 -0.425922 -0.139702 
4.168 -0.363128 0.220093 -0.361971 0.160452 -0.362184 0.107084 -0.363294 0.0550767 -0.365509 0.000843295 -0.368741 -0.0522913 -0.372656 -0.107734 
4.129 -0.406273 0.245432 -0.404249 0.185388 -0.403814 0.131762 -0.404327 0.079577 -0.406024 0.0252964 -0.408875 -0.0277387 -0.412478 -0.0829511 
4.164 -0.348062 0.220778 -0.346969 0.161148 -0.347181 0.107809 -0.348243 0.0558155 -0.350397 0.00157382 -0.353498 -0.0515727 -0.357295 -0.106983 
4.195 -0.413806 0.205712 -0.412706 0.146293 -0.413139 0.0930263 -0.414527 0.0409969 -0.417201 -0.0133327 -0.421068 -0.0666938 -0.425689 -0.122406 
4.195 -0.428188 0.203657 -0.427056 0.144292 -0.427498 0.0910114 -0.428947 0.038969 -0.431737 -0.0154259 -0.435719 -0.0688425 -0.440519 -0.124593 
4.238 -0.382304 0.176264 -0.381956 0.117291 -0.383005 0.0642614 -0.384834 0.0122601 -0.387971 -0.0422238 -0.392125 -0.0959626 -0.397049 -0.15218 
4.16 -0.404219 0.227626 -0.402605 0.16788 -0.402541 0.114464 -0.403414 0.0623695 -0.405494 0.00808772 -0.408737 -0.0451198 -0.412721 -0.100499 
4.23 -0.367922 0.177633 -0.36758 0.11865 -0.368598 0.06564 -0.370413 0.0136363 -0.373469 -0.0408051 -0.377512 -0.0945313 -0.382302 -0.150727 
4.215 -0.393946 0.187221 -0.393334 0.128062 -0.394207 0.0749887 -0.395942 0.0229629 -0.398984 -0.0314384 -0.403116 -0.0850011 -0.408015 -0.140975 
4.203 -0.448048 0.207081 -0.446773 0.147626 -0.447081 0.0943552 -0.448411 0.0422349 -0.451185 -0.0121759 -0.455201 -0.0655755 -0.460032 -0.121274 
4.227 -0.0837146 0.113943 -0.0851408 0.0560712 -0.0867157 0.00357587 -0.0884092 -0.0481961 -0.0905528 -0.103031 -0.0928129 -0.157734 -0.0949742 -0.215602 
4.121 -0.380934 0.249541 -0.379024 0.189373 -0.378608 0.135697 -0.379087 0.0835375 -0.380679 0.0292753 -0.383383 -0.0237075 -0.386763 -0.0787988 
4.137 -0.370662 0.239269 -0.369089 0.179299 -0.368963 0.125746 -0.36965 0.0736501 -0.37149 0.0193857 -0.374363 -0.0336157 -0.377875 -0.0887858 
4.121 -0.363813 0.252281 -0.362016 0.192008 -0.361599 0.138298 -0.362123 0.0861216 -0.363689 0.0319063 -0.366335 -0.0210185 -0.369585 -0.0760413 
0.806 0.460047 -0.011382 0.462619 -0.0712606 0.466801 -0.126565 0.472246 -0.182008 0.479537 -0.241423 0.488257 -0.301357 0.499267 -0.365337 
4.191 -0.396685 0.205027 -0.395672 0.145654 -0.396169 0.0923992 -0.397556 0.0403956 -0.400207 -0.0139291 -0.403949 -0.0673215 -0.40848 -0.123013 
4.188 -0.348747 0.206396 -0.347929 0.147031 -0.348413 0.0938164 -0.349704 0.0418481 -0.352125 -0.0123999 -0.355501 -0.0657266 -0.359565 -0.121418 
4.156 -0.439145 0.229681 -0.437286 0.169903 -0.43708 0.116431 -0.437898 0.0642965 -0.44002 0.00998072 -0.443345 -0.0432461 -0.447523 -0.0987071 
3.965 0.0183263 -0.0504178 0.0169975 -0.109445 0.0161027 -0.164398 0.0151677 -0.219911 0.014458 -0.279578 0.0137572 -0.339871 0.0135817 -0.404537 
4.164 -0.41997 0.226942 -0.418298 0.167204 -0.418239 0.113785 -0.41913 0.0616839 -0.421283 0.00737019 -0.424623 -0.045841 -0.428759 -0.101283 
4.043 -0.200822 0.268717 -0.200179 0.207959 -0.200245 0.154058 -0.200779 0.101917 -0.202007 0.048005 -0.203836 -0.00443983 -0.205903 -0.0589682 
4.051 -0.143295 0.247487 -0.143363 0.187205 -0.143884 0.133653 -0.144877 0.0818266 -0.146324 0.0280598 -0.148216 -0.0244018 -0.15021 -0.0790529 
4.105 -0.390522 0.262553 -0.388264 0.202117 -0.387552 0.148337 -0.387724 0.0960062 -0.389057 0.0417511 -0.391501 -0.0112016 -0.394655 -0.0661497 
4.137 -0.221367 0.21256 -0.221136 0.153091 -0.221784 0.0999281 -0.22296 0.0481796 -0.224881 -0.00573736 -0.227473 -0.0587456 -0.230465 -0.114153 
4.227 -0.426133 0.186536 -0.425431 0.127394 -0.426291 0.0742661 -0.428093 0.0221689 -0.431304 -0.0322671 -0.435618 -0.0859041 -0.440826 -0.141932 
4.133 -0.422024 0.244747 -0.419883 0.184687 -0.41945 0.131061 -0.41991 0.0788533 -0.421703 0.0245805 -0.424645 -0.0284886 -0.428351 -0.0837102 
4.047 -0.162471 0.255705 -0.162319 0.195174 -0.162784 0.141536 -0.163626 0.0895881 -0.165056 0.0358005 -0.166798 -0.0166724 -0.168951 -0.0712263 
4.34 -0.213149 0.0769621 -0.214737 0.0189238 -0.217135 -0.0338978 -0.219931 -0.0864354 -0.223667 -0.142145 -0.227887 -0.197874 -0.232473 -0.256831 
4.215 -0.448048 0.192015 -0.447098 0.132789 -0.447775 0.0796051 -0.4495 0.0275646 -0.452583 -0.0269177 -0.456931 -0.0805012 -0.462107 -0.13647 
4.109 -0.423394 0.261868 -0.420895 0.201413 -0.420078 0.147592 -0.420244 0.0952747 -0.421654 0.0409833 -0.424238 -0.0119912 -0.42761 -0.0669918 
4.125 -0.192604 0.211875 -0.192591 0.152418 -0.193283 0.0993766 -0.194441 0.0476632 -0.196319 -0.00619067 -0.198753 -0.0591907 -0.201482 -0.114512 
4.133 -0.435721 0.245432 -0.433471 0.185356 -0.432956 0.131724 -0.433442 0.0795118 -0.435246 0.0252088 -0.438206 -0.0278792 -0.442032 -0.0830565 
4.109 -0.43846 0.260499 -0.435854 0.200047 -0.435012 0.146228 -0.435218 0.0939004 -0.436672 0.039584 -0.43938 -0.013417 -0.44289 -0.0684281 
4.145 -0.452157 0.242008 -0.449904 0.181939 -0.449461 0.128256 -0.449995 0.0760439 -0.451961 0.0217308 -0.45515 -0.0313796 -0.459143 -0.0866117 
4.199 -0.0912478 0.135173 -0.0925634 0.0771222 -0.0940071 0.0246804 -0.0956439 -0.0269934 -0.0976119 -0.0814689 -0.0997662 -0.135638 -0.101921 -0.192908 
4.16 -0.454897 0.228311 -0.453033 0.168574 -0.45286 0.115103 -0.453707 0.0629507 -0.455942 0.00862843 -0.459404 -0.0445951 -0.463715 -0.10005 
4.238 -0.190549 0.138597 -0.19142 0.0802983 -0.19294 0.027733 -0.194906 -0.0240295 -0.197613 -0.0785828 -0.200902 -0.132784 -0.204412 -0.189861 
4.105 -0.408328 0.263238 -0.405903 0.202796 -0.405115 0.148963 -0.40525 0.0966777 -0.406586 0.0423531 -0.409068 -0.0106042 -0.412277 -0.0656067 
4.184 -0.191919 0.172154 -0.19241 0.113461 -0.193573 0.0607499 -0.195183 0.00912635 -0.197572 -0.0450502 -0.200501 -0.0985933 -0.203669 -0.154837 
4.242 -0.448048 0.176948 -0.447428 0.117881 -0.448422 0.0647954 -0.450369 0.0127212 -0.453818 -0.0418393 -0.458433 -0.0956053 -0.463973 -0.151818 
4.012 -0.220682 0.292001 -0.219524 0.230668 -0.219266 0.17643 -0.219439 0.123971 -0.220357 0.0699172 -0.221904 0.0174226 -0.223793 -0.036937 
4.113 -0.456266 0.261183 -0.453527 0.200712 -0.452631 0.146867 -0.452731 0.0945041 -0.4542 0.0401898 -0.456949 -0.0128285 -0.460467 -0.0678206 
4.242 -0.411752 0.173524 -0.411304 0.114513 -0.412335 0.0614502 -0.414257 0.00943315 -0.417586 -0.04512 -0.42202 -0.0988548 -0.427263 -0.155086 
3.98 -0.195343 0.304328 -0.194374 0.242555 -0.194147 0.188098 -0.194305 0.135522 -0.195136 0.0814713 -0.196517 0.0289908 -0.198114 -0.0251846 
4.066 -0.200137 0.252965 -0.199666 0.192755 -0.199874 0.139185 -0.200608 0.0871012 -0.202013 0.0333265 -0.203962 -0.0193232 -0.206249 -0.0740211 
4.02 0.00873853 0.043405 0.00726114 -0.0145075 0.00606614 -0.0677817 0.00494697 -0.120983 0.00387607 -0.17789 0.00301739 -0.23527 0.00251476 -0.296403 
4.09 -0.365183 0.270086 -0.362981 0.2094 -0.362295 0.155461 -0.36243 0.103114 -0.363667 0.0488796 -0.36599 -0.0039912 -0.368855 -0.0588298 
4.113 -0.350801 0.258444 -0.348942 0.198053 -0.348495 0.144338 -0.34886 0.0921171 -0.350301 0.0378919 -0.352687 -0.0149789 -0.355741 -0.069935 
3.961 -0.226161 0.322134 -0.224616 0.259905 -0.223973 0.205015 -0.223806 0.152064 -0.224334 0.0976674 -0.225509 0.0450659 -0.227024 -0.00918324 
4.066 -0.222737 0.261183 -0.221916 0.200672 -0.221954 0.146945 -0.222538 0.0948559 -0.223859 0.0409506 -0.225808 -0.0116132 -0.228146 -0.0662917 
2.477 0.0683194 0.00710862 0.0671698 -0.0512351 0.066508 -0.105119 0.0662623 -0.159146 0.0661675 -0.217196 0.0664307 -0.27571 0.0673362 -0.338189 
4.27 -0.218628 0.12627 -0.219601 0.0680487 -0.22141 0.0154663 -0.223659 -0.0365298 -0.226762 -0.0912919 -0.230488 -0.145845 -0.234523 -0.203295 
4.227 -0.215888 0.153664 -0.216472 0.0951549 -0.21787 0.0425259 -0.219731 -0.00925743 -0.222437 -0.06377 -0.225808 -0.117541 -0.22952 -0.174134 
4.242 -0.39737 0.172839 -0.396994 0.113812 -0.398003 0.0608125 -0.399957 0.00879032 -0.403187 -0.0457395 -0.407492 -0.0994787 -0.412643 -0.155688 
4.195 -0.238488 0.176264 -0.238536 0.117359 -0.239684 0.0645724 -0.241359 0.0128391 -0.243772 -0.0413364 -0.247049 -0.0948886 -0.250671 -0.151021 
4.199 -0.316559 0.196809 -0.316187 0.137644 -0.316921 0.0844856 -0.318317 0.0325525 -0.320962 -0.0216943 -0.324399 -0.0750895 -0.328374 -0.130924 
4.082 -0.200137 0.239269 -0.199824 0.179266 -0.200149 0.125883 -0.201057 0.0740733 -0.202575 0.0202201 -0.204723 -0.032423 -0.207165 -0.087356 
4.309 -0.217943 0.100247 -0.21928 0.0422988 -0.221471 -0.0104153 -0.224062 -0.0625816 -0.227487 -0.117898 -0.231507 -0.172893 -0.23587 -0.231159 
4.031 0.00873853 0.0125873 0.00727372 -0.0456304 0.00612324 -0.0993649 0.00513072 -0.153157 0.00412315 -0.211021 0.0031575 -0.269364 0.00272116 -0.331632 
4.215 -0.159732 0.143391 -0.160701 0.0851264 -0.16206 0.0326239 -0.163858 -0.0190949 -0.166212 -0.0736083 -0.16915 -0.127733 -0.172227 -0.184823 
4.09 -0.425449 0.27625 -0.422636 0.215459 -0.42156 0.16141 -0.421475 0.108931 -0.422636 0.0546004 -0.425008 0.00165516 -0.428097 -0.053211 
3.934 -0.235749 0.341309 -0.233933 0.278495 -0.232958 0.223289 -0.232559 0.170071 -0.232804 0.115501 -0.233722 0.0628851 -0.235 0.00877001 
4.258 -0.0460485 -0.0613752 -0.0480219 -0.120616 -0.0497732 -0.175803 -0.0516922 -0.231632 -0.0537547 -0.291681 -0.0559277 -0.352649 -0.0578236 -0.418042 
4.078 -0.348062 0.278989 -0.345879 0.218168 -0.345136 0.164141 -0.345204 0.111746 -0.346334 0.0575209 -0.348409 0.00467289 -0.35112 -0.0500795 
4.105 -0.220682 0.234475 -0.220175 0.174631 -0.220496 0.121238 -0.221411 0.0694672 -0.223029 0.0155929 -0.225342 -0.0372335 -0.228001 -0.0923035 
4.199 -0.113163 0.137228 -0.11437 0.0791195 -0.115788 0.0266553 -0.117517 -0.0249829 -0.119629 -0.0794931 -0.12207 -0.133631 -0.124508 -0.190863 
4.219 -0.196713 0.152294 -0.197397 0.0938636 -0.198791 0.0411866 -0.200659 -0.0104101 -0.203281 -0.0648342 -0.206476 -0.118682 -0.209939 -0.175489 
4.121 -0.113163 0.189275 -0.114116 0.130241 -0.115194 0.0775156 -0.116686 0.0260382 -0.118415 -0.0277491 -0.120603 -0.080823 -0.122718 -0.136438 
3.986 0.0121627 -0.0305575 0.0107947 -0.0892014 0.00972871 -0.143713 0.00880779 -0.198619 0.00782112 -0.257533 0.00696478 -0.317065 0.00661547 -0.38074 
4.238 -0.0460485 -0.0771264 -0.0479918 -0.13663 -0.0498586 -0.192519 -0.0517493 -0.248781 -0.0538994 -0.309507 -0.0560152 -0.371019 -0.0580114 -0.437163 
4.086 -0.389837 0.278304 -0.387318 0.217487 -0.386406 0.163471 -0.386374 0.111029 -0.387488 0.0567468 -0.389727 0.00387495 -0.392616 -0.0509483 
4.266 -0.173428 0.110519 -0.174726 0.052531 -0.176539 -0.000133468 -0.178821 -0.0520538 -0.181768 -0.107013 -0.185186 -0.161855 -0.18882 -0.21966 
4.121 -0.161786 0.202287 -0.162011 0.143151 -0.162927 0.0903146 -0.164149 0.0387146 -0.166058 -0.0150998 -0.168325 -0.068199 -0.170849 -0.123768 
1.666 0.0676346 0.0420353 0.0663752 -0.0160027 0.0656551 -0.0693887 0.065262 -0.122748 0.0651385 -0.17987 0.0653383 -0.237357 0.0660975 -0.298621 
4.09 -0.163841 0.224887 -0.163911 0.165254 -0.164627 0.112155 -0.165725 0.0604955 -0.167328 0.00670931 -0.169489 -0.0459851 -0.17181 -0.101061 
1.622 0.0149021 0.064635 0.0133342 0.00675955 0.0121238 -0.0461655 0.0110219 -0.0987718 0.00996596 -0.154942 0.00912588 -0.211471 0.00864298 -0.271472 
4.219 -0.315875 0.174894 -0.315901 0.115932 -0.316999 0.0629852 -0.318804 0.0110419 -0.321793 -0.043352 -0.325562 -0.0969935 -0.329908 -0.153144 
1.651 0.103931 -0.0059033 0.103261 -0.0646036 0.103344 -0.118997 0.103702 -0.173502 0.104567 -0.232101 0.105807 -0.291272 0.107822 -0.354559 
3.998 -0.200822 0.290631 -0.199942 0.229234 -0.199785 0.174936 -0.200048 0.122527 -0.201037 0.0686441 -0.202547 0.0162128 -0.204383 -0.0381346 
1.556 0.173784 -0.0209697 0.173974 -0.0801921 0.174912 -0.135003 0.176435 -0.190034 0.178678 -0.249099 0.181641 -0.308995 0.185763 -0.373162 
4.449 -0.0638543 -0.057951 -0.0660578 -0.117088 -0.0681487 -0.17226 -0.0703082 -0.227939 -0.0727827 -0.287817 -0.0753281 -0.348506 -0.0778208 -0.413655 
1.38 0.339515 -0.00247911 0.340268 -0.061693 0.342101 -0.116323 0.344778 -0.170891 0.349079 -0.229367 0.354128 -0.288174 0.361537 -0.350987 
4.09 -0.180277 0.23242 -0.180169 0.172559 -0.180692 0.119362 -0.181662 0.0675677 -0.183266 0.0137955 -0.185412 -0.0389203 -0.187747 -0.0939167 
4.266 -0.314505 0.154349 -0.314835 0.0956286 -0.316206 0.0428143 -0.318251 -0.00913651 -0.321513 -0.0637937 -0.325611 -0.117789 -0.330259 -0.174507 
3.996 -0.2289 0.305698 -0.227509 0.244009 -0.226879 0.18946 -0.226877 0.136804 -0.227596 0.0826238 -0.228947 0.0300606 -0.230635 -0.0242238 
4.383 -0.048103 -0.0394603 -0.0500051 -0.0981947 -0.0517814 -0.15287 -0.0535929 -0.207944 -0.0556913 -0.267258 -0.0577628 -0.327101 -0.0596741 -0.391143 
1.132 0.531955 -0.0298726 0.535768 -0.0901233 0.541138 -0.145926 0.547885 -0.201903 0.556728 -0.261856 0.567175 -0.322228 0.579781 -0.386666 
1.476 0.0916039 -0.0682235 0.0912759 -0.128133 0.0916006 -0.184148 0.0920842 -0.240621 0.0929529 -0.301605 0.0941363 -0.363694 0.0962107 -0.43064 
4.293 -0.172059 0.0954527 -0.173509 0.0376414 -0.175405 -0.0149989 -0.177837 -0.0671409 -0.180857 -0.122534 -0.184399 -0.177642 -0.188172 -0.236073 
4.191 -0.171374 0.161882 -0.172178 0.103279 -0.173389 0.0507269 -0.175071 -0.000874944 -0.177432 -0.0549648 -0.180188 -0.108648 -0.183173 -0.164984 
2.756 0.0333927 -0.0750719 0.0323201 -0.134709 0.0315524 -0.190444 0.0309359 -0.24672 0.0303686 -0.307345 0.0300118 -0.368976 0.0300498 -0.435337 
4.402 -0.0843994 -0.015491 -0.0865504 -0.0738571 -0.0887832 -0.127913 -0.0911281 -0.182252 -0.0938764 -0.240568 -0.0966781 -0.299431 -0.0994208 -0.362273 
4.105 -0.194658 0.226257 -0.194484 0.166557 -0.19501 0.113309 -0.196029 0.0614569 -0.197722 0.00770267 -0.200022 -0.045086 -0.202585 -0.100141 
4.215 -0.139871 0.139282 -0.140943 0.0811421 -0.142496 0.0286635 -0.144155 -0.0230328 -0.146598 -0.0775208 -0.149179 -0.131706 -0.151943 -0.188862 
1.674 0.123791 0.00710862 0.123099 -0.0514562 0.123321 -0.105566 0.124091 -0.159812 0.125253 -0.217962 0.126805 -0.276618 0.129318 -0.339183 
4.312 -0.0433091 -0.0134365 -0.0451484 -0.0717489 -0.0468404 -0.12591 -0.048623 -0.180282 -0.0506053 -0.238731 -0.0526083 -0.297538 -0.054423 -0.360312 
4.254 -0.0398849 0.043405 -0.0415874 -0.0143681 -0.0431577 -0.0674381 -0.0448139 -0.120339 -0.0465561 -0.176936 -0.0484044 -0.233819 -0.0499669 -0.294352 
4.184 -0.246021 0.195439 -0.245816 0.136317 -0.246711 0.0833777 -0.248213 0.031574 -0.250477 -0.0224692 -0.253657 -0.0757888 -0.257184 -0.131575 
4.285 -0.14672 0.0933982 -0.148213 0.0354344 -0.150059 -0.0169597 -0.152346 -0.0692834 -0.155161 -0.124547 -0.158337 -0.179772 -0.161677 -0.238389 
4.266 -0.147404 0.108465 -0.148786 0.0506901 -0.150541 -0.00198584 -0.152691 -0.0538185 -0.155411 -0.108713 -0.15853 -0.163551 -0.161728 -0.22149 
4.16 -0.0364608 0.0208054 -0.038202 -0.0370839 -0.0398044 -0.0905551 -0.0414414 -0.143897 -0.0432496 -0.201143 -0.0451254 -0.258736 -0.0466742 -0.320008 
4.102 -0.128914 0.205027 -0.129441 0.145895 -0.130459 0.0930378 -0.131655 0.0415266 -0.133435 -0.0122738 -0.135533 -0.0652333 -0.137767 -0.120737 
4.258 -0.0864539 0.0886043 -0.0880148 0.0308844 -0.0896737 -0.0216875 -0.0915846 -0.0738714 -0.0938269 -0.129327 -0.0962556 -0.184834 -0.0985969 -0.243671 
3.818 -0.252185 0.418696 -0.249209 0.35313 -0.247439 0.295922 -0.246072 0.241117 -0.24536 0.185331 -0.245222 0.131862 -0.245571 0.0774484 
4.25 -0.162471 0.122846 -0.163656 0.0648678 -0.165367 0.0122166 -0.167458 -0.0395052 -0.1702 -0.0943135 -0.17341 -0.14884 -0.176769 -0.206363 
3.826 -0.266566 0.419381 -0.263235 0.353773 -0.26113 0.296534 -0.259609 0.241714 -0.258936 0.185909 -0.258832 0.132424 -0.258983 0.0780064 
1.649 0.131324 0.0338173 0.130437 -0.0245626 0.130321 -0.0781903 0.130727 -0.131765 0.131571 -0.189211 0.133004 -0.246952 0.135254 -0.30822 
1.681 0.0792768 0.0345021 0.0780419 -0.0235454 0.0774585 -0.0770329 0.0773123 -0.130536 0.0773423 -0.187773 0.07781 -0.245395 0.0790042 -0.306841 
4.414 -0.243282 0.0249144 -0.245852 -0.0332944 -0.24934 -0.0868729 -0.253204 -0.140296 -0.257976 -0.197335 -0.263447 -0.254604 -0.269378 -0.315502 
1.165 0.542912 -0.0634297 0.547317 -0.124075 0.553463 -0.180387 0.56093 -0.236859 0.570546 -0.297521 0.581398 -0.358528 0.0151801 -0.142083 
1.673 0.0381865 0.0386111 0.0367938 -0.0193941 0.0357597 -0.0726952 0.035129 -0.126065 0.0343849 -0.182997 0.0340684 -0.240472 0.0341944 -0.301666 
1.629 0.0340775 0.0550473 0.0326135 -0.00282642 0.0315447 -0.0559744 0.0308669 -0.108905 0.0300673 -0.165391 0.0296992 -0.222294 0.0298662 -0.282842 
4.25 -0.243282 0.1475 -0.243672 0.0889435 -0.245157 0.0363032 -0.247258 -0.0155236 -0.250136 -0.0701135 -0.253888 -0.124043 -0.257991 -0.180897 
1.014 0.581948 -0.000424599 0.584661 -0.0602231 0.58928 -0.11523 0.595342 -0.170248 0.603498 -0.228919 0.613272 -0.287643 0.625561 -0.350092 
4.383 -0.267251 0.043405 -0.269628 -0.0147559 -0.272768 -0.0680915 -0.276585 -0.121212 -0.281428 -0.177746 -0.286909 -0.234297 -0.293025 -0.294428 
1.683 0.0977674 0.0242296 0.0968079 -0.0340312 0.0965283 -0.0877809 0.0965342 -0.141551 0.0970899 -0.199228 0.09792 -0.257259 0.0993485 -0.319117 
1.671 0.153239 0.00984797 0.152786 -0.0487643 0.153113 -0.102932 0.154029 -0.157211 0.155493 -0.215468 0.157463 -0.274032 0.160585 -0.336759 
4.047 -0.176168 0.259814 -0.175886 0.199224 -0.176201 0.145524 -0.176971 0.0935429 -0.178318 0.039712 -0.18018 -0.0127851 -0.182213 -0.0673665 
4.297 -0.158362 0.0844953 -0.1599 0.0264145 -0.161969 -0.0259404 -0.164312 -0.0785582 -0.167445 -0.13402 -0.170953 -0.189365 -0.174581 -0.248357 
4.234 -0.0960416 0.10641 -0.0975571 0.0485339 -0.0991225 -0.00396975 -0.100918 -0.0557703 -0.103136 -0.110611 -0.105491 -0.165352 -0.107857 -0.223285 
1.108 0.579208 -0.0415149 0.583279 -0.101815 0.589284 -0.157634 0.596612 -0.213556 0.60605 -0.273231 0.617114 -0.333508 0.631406 -0.39802 
4.352 -0.248076 0.0735379 -0.249766 0.0154483 -0.252393 -0.0374641 -0.255705 -0.0900582 -0.259807 -0.145878 -0.264472 -0.201638 -0.269658 -0.260688 
4.266 -0.109054 0.0927133 -0.110576 0.0348192 -0.112354 -0.0177595 -0.114361 -0.0699641 -0.116888 -0.125312 -0.119677 -0.180677 -0.122441 -0.239306 
1.616 0.156663 0.0420353 0.155792 -0.0162771 0.155848 -0.0698612 0.156372 -0.12331 0.157704 -0.180346 0.159327 -0.237621 0.161934 -0.298692 
4.355 -0.161101 0.0365566 -0.163263 -0.0213411 -0.165794 -0.074643 -0.16877 -0.127743 -0.172372 -0.184439 -0.176321 -0.241443 -0.180419 -0.30186 
4.305 -0.184386 0.0892891 -0.185883 0.0314621 -0.187959 -0.0211832 -0.190457 -0.0737283 -0.193713 -0.129078 -0.197478 -0.184403 -0.2014 -0.243041 
3.922 0.0648952 -0.0524723 0.0640671 -0.111639 0.063712 -0.166771 0.0636682 -0.222333 0.06377 -0.282247 0.0642021 -0.342785 0.0653511 -0.407949 
1.638 0.0477743 0.0529927 0.0463646 -0.0049 0.0454227 -0.0581662 0.0447729 -0.111081 0.044256 -0.16769 0.0440974 -0.224725 0.0443462 -0.284992 
4.184 -0.12549 0.153664 -0.126505 0.0953344 -0.127886 0.0428346 -0.129461 -0.0087135 -0.131606 -0.062972 -0.134153 -0.116698 -0.136721 -0.173343 
4.023 -0.168634 0.272826 -0.168228 0.211809 -0.168385 0.158024 -0.169001 0.105791 -0.170132 0.0519269 -0.171749 -0.000402488 -0.173551 -0.0548637 
4.375 -0.119326 0.0105328 -0.121518 -0.0475865 -0.123838 -0.101206 -0.126508 -0.154839 -0.129726 -0.212369 -0.13313 -0.270177 -0.136548 -0.331825 
4.332 -0.170004 0.0481989 -0.17199 -0.00969223 -0.17445 -0.0627804 -0.177284 -0.115653 -0.18083 -0.172067 -0.184775 -0.228652 -0.188749 -0.288647 
4.137 -0.121381 0.176948 -0.12227 0.118229 -0.123593 0.0656352 -0.124939 0.0141117 -0.126894 -0.0398084 -0.129195 -0.0931655 -0.131546 -0.149206 
3.951 0.0464046 0.00916313 0.0452356 -0.0490802 0.0445408 -0.102972 0.0439399 -0.156805 0.0437641 -0.214779 0.0437685 -0.273243 0.0442553 -0.33542 
4.23 -0.128229 0.124901 -0.129495 0.0670017 -0.131164 0.0143688 -0.13309 -0.0371453 -0.135511 -0.0917843 -0.138318 -0.146447 -0.141167 -0.203799 
4.387 -0.252869 0.0399808 -0.255236 -0.0182228 -0.258422 -0.071582 -0.26215 -0.12476 -0.266772 -0.181454 -0.272122 -0.238239 -0.277872 -0.298502 
4.27 -0.12412 0.094083 -0.125624 0.0362501 -0.127384 -0.0162693 -0.129517 -0.0685866 -0.132157 -0.123696 -0.135105 -0.178888 -0.138076 -0.237461 
4.363 -0.10289 0.00916313 -0.105089 -0.0488278 -0.107215 -0.102486 -0.109597 -0.156124 -0.112491 -0.213636 -0.115506 -0.271483 -0.118428 -0.333165 
4.207 -0.369977 0.1927 -0.369302 0.133544 -0.369993 0.0804471 -0.371542 0.0284285 -0.374241 -0.0259325 -0.377975 -0.0794729 -0.382459 -0.135411 
0.826 0.42649 -0.00316395 0.428594 -0.0628474 0.432395 -0.118024 0.437159 -0.173176 0.444111 -0.232468 0.452561 -0.292278 0.463353 -0.356214 
3.906 -0.330256 0.3824 -0.326306 0.318464 -0.323864 0.262327 -0.322262 0.208378 -0.321499 0.153181 -0.321663 0.100027 -0.322321 0.0456819 
1.131 0.563457 -0.0312423 0.567053 -0.091333 0.572367 -0.146817 0.579066 -0.202426 0.587948 -0.261843 0.598297 -0.321824 0.6113 -0.385552 
4.148 -0.139186 0.176948 -0.139921 0.118222 -0.141134 0.0656128 -0.142668 0.0141048 -0.144783 -0.0398354 -0.147173 -0.0932079 -0.149719 -0.149215 
0.787 0.505931 -0.0182304 0.509273 -0.0783067 0.514512 -0.133902 0.520942 -0.189503 0.529592 -0.24914 0.539457 -0.309239 0.551865 -0.373399 
4.188 -0.139186 0.155034 -0.140146 0.0966436 -0.141589 0.0441334 -0.143203 -0.00741919 -0.145536 -0.0615917 -0.148105 -0.115305 -0.150791 -0.171952 
4.23 -0.173428 0.137228 -0.174417 0.0789647 -0.175903 0.0264786 -0.177828 -0.0252674 -0.180444 -0.0798243 -0.183574 -0.133908 -0.186781 -0.191095 
1.505 0.199808 -0.0305575 0.200123 -0.0899466 0.201764 -0.145244 0.2037 -0.200644 0.206668 -0.260451 0.210298 -0.320865 0.214942 -0.385379 
3.922 0.00668402 -0.0586358 0.00535777 -0.117896 0.00423734 -0.173086 0.00325523 -0.228843 0.00229866 -0.288758 0.00138605 -0.349495 0.000960413 -0.415019 
4.32 -0.0426243 0.00368443 -0.0444441 -0.0545144 -0.0460727 -0.108402 -0.0478108 -0.161932 -0.0497369 -0.219726 -0.0516719 -0.277781 -0.0534054 -0.339897 
4.156 -0.113847 0.163936 -0.114933 0.105378 -0.116211 0.0529099 -0.117775 0.00140349 -0.119713 -0.0526263 -0.121967 -0.106101 -0.12426 -0.162363 
4.258 -0.185071 0.124216 -0.186129 0.0656935 -0.187857 0.0132901 -0.189987 -0.038986 -0.192877 -0.0933814 -0.196241 -0.147767 -0.199858 -0.205396 
1.421 0.434708 -0.04083 0.437135 -0.100856 0.441014 -0.15642 0.446486 -0.212321 0.453426 -0.272212 0.46161 -0.332526 0.472266 -0.39717 
4.188 -0.253554 0.178318 -0.253589 0.119438 -0.254633 0.0666678 -0.256271 0.0149254 -0.258776 -0.0392869 -0.262122 -0.0928126 -0.265813 -0.148939 
1.029 0.596329 -0.0059033 0.599256 -0.0657037 0.604246 -0.120731 0.610675 -0.175632 0.619054 -0.234306 0.629228 -0.293127 0.642561 -0.35615 
1.496 0.372387 -0.0106972 0.373429 -0.0700825 0.375817 -0.124888 0.379127 -0.179691 0.383914 -0.238279 0.389906 -0.297324 0.398346 -0.360611 
4.293 -0.224106 0.112574 -0.225329 0.0545407 -0.227266 0.0019027 -0.229781 -0.0502401 -0.23315 -0.105386 -0.237085 -0.160198 -0.241397 -0.217954 
3.779 0.0101082 0.0283386 0.00864996 -0.0297313 0.00749024 -0.0831755 0.00639849 -0.136545 0.00540751 -0.193825 0.00451665 -0.251417 0.00405853 -0.312723 
1.513 0.10667 -0.0285029 0.106283 -0.0875328 0.106521 -0.142379 0.10719 -0.197626 0.108253 -0.257047 0.10968 -0.317144 0.112041 -0.381791 
4.023 -0.188495 0.275565 -0.187833 0.214586 -0.1879 0.160719 -0.18837 0.108582 -0.189532 0.0545445 -0.191259 0.00210258 -0.193125 -0.0525106 
4.27 -0.10152 0.0810711 -0.103187 0.0232847 -0.10495 -0.0293442 -0.106936 -0.0816177 -0.109245 -0.137205 -0.111751 -0.192942 -0.114353 -0.251882 
4.199 -0.295329 0.174209 -0.295364 0.115154 -0.296431 0.062283 -0.29818 0.0104621 -0.30097 -0.0438531 -0.304574 -0.0973812 -0.308732 -0.153431 
4.242 -0.111108 0.107095 -0.112614 0.0492009 -0.114245 -0.00331614 -0.1162 -0.0552056 -0.118584 -0.110157 -0.121178 -0.164971 -0.123832 -0.223028 
4.23 -0.077551 0.0995617 -0.0790526 0.0416925 -0.080652 -0.0108394 -0.0824945 -0.0625847 -0.0845686 -0.117579 -0.086863 -0.17241 -0.0890538 -0.230518 
4.07 -0.0193398 0.0125873 -0.0210685 -0.0454225 -0.0227866 -0.0989118 -0.0240602 -0.152463 -0.0258298 -0.209897 -0.0273091 -0.26768 -0.0283157 -0.329259 
