0.809 -0.0727572 0.402945 -0.0586603 0.412176 -0.0458188 0.419876 -0.0327413 0.426726 -0.018293 0.433333 -0.00439557 0.438782 0.00949472 0.44352 
0.963 -0.199452 0.287207 -0.191158 0.303371 -0.183107 0.317537 -0.174503 0.330932 -0.164514 0.344877 -0.154267 0.357468 -0.143626 0.369485 
0.967 -0.184386 0.289947 -0.175968 0.305143 -0.167998 0.318388 -0.159268 0.330933 -0.149216 0.343987 -0.139058 0.35578 -0.128482 0.366954 
3.975 -0.0713875 -0.0572661 -0.0803383 -0.0515469 -0.0880914 -0.0460667 -0.0953005 -0.0403554 -0.102983 -0.0336787 -0.109716 -0.0270714 -0.116137 -0.0201127 
0.857 -0.0796055 0.37966 -0.0665833 0.389142 -0.0545802 0.397178 -0.0422372 0.404445 -0.0287156 0.411451 -0.0154643 0.417362 -0.00222669 0.422552 
3.17 -0.341898 -0.0257636 -0.349225 -0.0034731 -0.354774 0.016989 -0.359199 0.0369817 -0.362839 0.0590947 -0.36517 0.0800842 -0.366392 0.100914 
1.631 -0.465854 -0.136022 -0.481113 -0.105043 -0.493387 -0.0766728 -0.503882 -0.0484053 -0.513723 -0.0169867 -0.521378 0.0129871 -0.527334 0.0429864 
1.641 -0.443254 -0.113423 -0.457118 -0.0836797 -0.468324 -0.0565298 -0.477814 -0.0294717 -0.486637 0.000484992 -0.493296 0.0291048 -0.498416 0.0576657 
0.987 -0.215203 0.272826 -0.207473 0.289886 -0.199947 0.304865 -0.191657 0.319082 -0.182007 0.333939 -0.172127 0.347452 -0.161815 0.360307 
0.747 -0.052212 0.44609 -0.0361524 0.454585 -0.0215852 0.461597 -0.00688839 0.467712 0.00929529 0.473322 0.0249033 0.477818 0.0404208 0.481485 
1.62 -0.485714 -0.142871 -0.501416 -0.110696 -0.514089 -0.0812145 -0.524932 -0.0518855 -0.535057 -0.0192348 -0.542813 0.0118801 -0.548949 0.0430579 
0.93 -0.0933023 0.350897 -0.0817581 0.360982 -0.0710892 0.36958 -0.0601275 0.377403 -0.0478696 0.385223 -0.0359277 0.391884 -0.0238724 0.398002 
1.411 -0.122065 0.174894 -0.119572 0.185497 -0.116971 0.194925 -0.113932 0.204004 -0.110271 0.213695 -0.106193 0.222596 -0.101837 0.231252 
3.061 -0.422024 0.0523079 -0.426333 0.0808343 -0.429005 0.106418 -0.430184 0.131589 -0.430054 0.15911 -0.428447 0.184909 -0.425572 0.210267 
0.767 -0.0316669 0.439241 -0.0157486 0.446299 -0.00128475 0.452054 0.0132299 0.456907 0.0292658 0.461199 0.0444971 0.464426 0.0596815 0.466892 
1.666 -0.411752 -0.117532 -0.425907 -0.0898531 -0.437366 -0.0645179 -0.447153 -0.0391629 -0.456446 -0.0109841 -0.463648 0.0159108 -0.469404 0.0429527 
4.191 0.0895494 0.0112176 0.0842537 0.00752226 0.0793293 0.00455301 0.0744561 0.00188907 0.0688228 -0.000780937 0.0635729 -0.00299909 0.0581263 -0.00477205 
3.588 -0.339844 -0.205191 -0.357496 -0.18295 -0.372378 -0.16235 -0.385741 -0.141458 -0.399151 -0.117969 -0.410552 -0.095325 -0.420593 -0.0721698 
1.627 -0.477496 -0.156568 -0.493699 -0.125055 -0.50683 -0.0962267 -0.51818 -0.0674218 -0.52885 -0.035332 -0.537272 -0.0047216 -0.544023 0.0259294 
4.168 0.0676346 -0.283263 0.0447855 -0.285189 0.0243102 -0.285864 0.00443163 -0.28559 -0.0173238 -0.284046 -0.0375733 -0.281535 -0.057394 -0.277884 
4.188 0.078592 -0.275045 0.0561361 -0.277613 0.0359864 -0.278851 0.0163804 -0.27914 -0.005112 -0.278225 -0.0250916 -0.276312 -0.0447393 -0.273277 
4.109 0.0381865 -0.312711 0.0137306 -0.312825 -0.008068 -0.311794 -0.0292023 -0.309807 -0.052249 -0.30634 -0.0735997 -0.301911 -0.0944475 -0.296404 
4.105 0.0381865 -0.327092 0.0128943 -0.327019 -0.00961131 -0.325788 -0.0314006 -0.323572 -0.0551549 -0.31984 -0.0770931 -0.315126 -0.0984796 -0.309249 
0.877 -0.18644 0.321449 -0.176397 0.337164 -0.166893 0.350769 -0.156668 0.363711 -0.145034 0.376903 -0.133349 0.388775 -0.121305 0.399973 
4.102 0.027914 -0.302438 0.00399687 -0.301863 -0.0173138 -0.300264 -0.0379326 -0.297722 -0.0603311 -0.293679 -0.0810548 -0.288761 -0.101271 -0.282765 
0.996 -0.169319 0.292686 -0.160536 0.307044 -0.152163 0.319543 -0.143163 0.331308 -0.132932 0.343456 -0.122538 0.354401 -0.111985 0.364674 
4.207 0.0936584 -0.281893 0.0709447 -0.285044 0.0505996 -0.286813 0.0307282 -0.287613 0.00895706 -0.287277 -0.0113419 -0.285872 -0.0312503 -0.283337 
4.129 0.0539378 -0.328462 0.0283941 -0.329371 0.00558821 -0.328967 -0.0165342 -0.327579 -0.0406537 -0.324653 -0.063009 -0.320704 -0.0849058 -0.315618 
0.762 -0.069333 0.433078 -0.0538454 0.442462 -0.0396639 0.450335 -0.0253163 0.457258 -0.00946714 0.463808 0.00581204 0.469174 0.0210897 0.473788 
0.803 -0.0330366 0.422805 -0.0178606 0.429743 -0.00397511 0.435442 0.00979484 0.440239 0.0251037 0.444507 0.0396693 0.447758 0.0541183 0.450284 
4.164 0.0703739 -0.299014 0.0466822 -0.301103 0.0254277 -0.301892 0.00475578 -0.301643 -0.0178791 -0.30014 -0.038955 -0.297576 -0.059615 -0.293887 
4.082 0.0176414 -0.318189 -0.00704722 -0.316898 -0.0290073 -0.314615 -0.0502498 -0.31138 -0.0732506 -0.306571 -0.0945057 -0.300876 -0.115135 -0.294114 
4.129 0.0484591 -0.303123 0.0245754 -0.303708 0.00322075 -0.303142 -0.0174298 -0.301589 -0.0399503 -0.298615 -0.0607847 -0.294694 -0.0811574 -0.289686 
3.959 -0.0871387 -0.206561 -0.105108 -0.199393 -0.120782 -0.192209 -0.135516 -0.184451 -0.151546 -0.175209 -0.16592 -0.165701 -0.179562 -0.155464 
4.137 0.0457198 -0.289426 0.0224095 -0.289935 0.00160078 -0.289356 -0.0185083 -0.287827 -0.0405218 -0.284918 -0.0608603 -0.281056 -0.0807612 -0.276151 
1.736 -0.393261 -0.151089 -0.408071 -0.125499 -0.420195 -0.102065 -0.430705 -0.0786092 -0.440799 -0.0526438 -0.448806 -0.0277241 -0.45546 -0.00295433 
4.215 0.103246 -0.31408 0.0786129 -0.317776 0.056454 -0.319949 0.0349271 -0.321081 0.0111964 -0.320976 -0.0108553 -0.319671 -0.0325326 -0.317139 
4.184 0.0840707 -0.305177 0.0599724 -0.307824 0.0384122 -0.309096 0.0174022 -0.309357 -0.00556699 -0.308307 -0.0269395 -0.30618 -0.04789 -0.302889 
1.675 -0.404903 -0.130544 -0.419482 -0.103438 -0.431343 -0.078573 -0.4416 -0.0537089 -0.451421 -0.0260737 -0.459182 0.000465347 -0.465534 0.0268786 
4.02 -0.0371456 -0.10452 -0.0491181 -0.100573 -0.0596647 -0.0965013 -0.0697324 -0.0920366 -0.0805041 -0.0865729 -0.0902279 -0.0808997 -0.0995236 -0.0747159 
4.168 0.0792768 -0.331201 0.0536139 -0.333676 0.0306038 -0.334742 0.00823882 -0.33471 -0.0162507 -0.333284 -0.0390626 -0.330722 -0.0614554 -0.32694 
4.195 0.0970826 -0.340789 0.0707673 -0.344204 0.0472089 -0.345994 0.0241798 -0.34672 -0.00100515 -0.346046 -0.0244658 -0.344174 -0.047526 -0.341009 
3.943 -0.0980962 -0.1867 -0.114539 -0.179131 -0.128902 -0.171578 -0.142441 -0.163572 -0.156885 -0.154025 -0.169828 -0.144338 -0.182161 -0.134039 
0.834 -0.132338 0.366648 -0.120151 0.379483 -0.108848 0.390385 -0.0971378 0.400613 -0.0839709 0.410842 -0.0709306 0.419842 -0.0578567 0.428009 
4.008 -0.0501575 -0.114108 -0.0624878 -0.109602 -0.073354 -0.104956 -0.0836703 -0.0999599 -0.0947523 -0.0938932 -0.10476 -0.0876325 -0.114318 -0.0808549 
4.211 0.100507 -0.299014 0.0767927 -0.302511 0.0554645 -0.304562 0.0346854 -0.305578 0.0118618 -0.305416 -0.00937209 -0.304107 -0.0302391 -0.301633 
3.596 -0.329571 -0.233954 -0.349119 -0.212367 -0.365645 -0.192156 -0.380695 -0.171713 -0.395967 -0.148482 -0.409052 -0.125935 -0.420834 -0.102922 
4.129 0.0642104 -0.381194 0.0355767 -0.382707 0.00994657 -0.382707 -0.0149109 -0.38158 -0.0421039 -0.378794 -0.0673272 -0.374812 -0.0920067 -0.369521 
0.723 -0.0433091 0.459101 -0.0265283 0.467082 -0.0112689 0.473603 0.00413301 0.479179 0.0210296 0.484228 0.0372343 0.488096 0.0532989 0.491085 
3.375 -0.375455 -0.167525 -0.391069 -0.143044 -0.404027 -0.120595 -0.415521 -0.0980288 -0.426743 -0.0727572 -0.435848 -0.0484637 -0.44358 -0.0239294 
4.156 0.0690042 -0.312711 0.0445255 -0.31443 0.0226006 -0.314892 0.00131353 -0.314295 -0.0219012 -0.312354 -0.0435309 -0.309348 -0.064612 -0.305276 
3.326 -0.188495 0.109834 -0.189288 0.124155 -0.189566 0.137078 -0.189056 0.149638 -0.187999 0.163212 -0.186109 0.176009 -0.183663 0.188584 
0.876 -0.137817 0.346103 -0.126602 0.359016 -0.116158 0.37017 -0.105198 0.380527 -0.0928341 0.391023 -0.0805573 0.400348 -0.0681631 0.408904 
4.109 0.0450349 -0.343528 0.0187627 -0.343824 -0.00463328 -0.342912 -0.0273235 -0.340929 -0.052044 -0.337396 -0.0749037 -0.332817 -0.097226 -0.327086 
4.145 0.0696891 -0.349692 0.0431105 -0.351512 0.0193242 -0.351935 -0.00378124 -0.351277 -0.02901 -0.34915 -0.0524967 -0.345861 -0.0754722 -0.341372 
4.07 0.0121627 -0.340104 -0.0138163 -0.338647 -0.036965 -0.336221 -0.0593372 -0.332779 -0.0836372 -0.327649 -0.106059 -0.321631 -0.127822 -0.314436 
4.195 0.0943432 -0.325038 0.0689767 -0.328349 0.0462237 -0.330197 0.0240479 -0.330926 -0.000326166 -0.330374 -0.0229952 -0.328651 -0.0452983 -0.325686 
2.369 -0.417231 0.0276537 -0.422802 0.0556263 -0.426594 0.0810703 -0.428846 0.106043 -0.430012 0.133223 -0.429653 0.158772 -0.428013 0.184267 
0.86 -0.218628 0.312546 -0.209083 0.330408 -0.200061 0.345692 -0.19033 0.360346 -0.178955 0.375605 -0.167479 0.389366 -0.155541 0.402369 
4.082 -0.000164361 -0.138077 -0.0142915 -0.136255 -0.0268773 -0.133875 -0.0389032 -0.13107 -0.0519635 -0.127263 -0.0639387 -0.123003 -0.0755651 -0.118044 
4.246 0.247747 0.035187 0.24354 0.0218896 0.239205 0.0103225 0.234507 -0.000771951 0.228577 -0.0125687 0.222573 -0.0233245 0.216018 -0.0335095 
0.793 -0.144665 0.385824 -0.131664 0.399718 -0.119606 0.411504 -0.107219 0.422374 -0.0931307 0.433378 -0.0792068 0.443119 -0.0651953 0.451899 
4.168 0.0655801 -0.112053 0.0528087 -0.114084 0.0412732 -0.115294 0.0300819 -0.115926 0.017819 -0.115959 0.00629762 -0.115388 -0.00509997 -0.114069 
4.203 0.0909191 -0.268196 0.0688632 -0.271314 0.0490465 -0.273128 0.0297529 -0.273948 0.00858216 -0.273661 -0.0111555 -0.272345 -0.0305627 -0.269911 
4.117 0.0546227 -0.362704 0.0271214 -0.363662 0.00256345 -0.363266 -0.0212766 -0.361759 -0.0472997 -0.358679 -0.0714213 -0.354438 -0.0950319 -0.34897 
0.827 -0.174798 0.355006 -0.163342 0.370384 -0.152597 0.383598 -0.141276 0.395942 -0.12838 0.408697 -0.11556 0.420047 -0.10246 0.43058 
0.759 0.0231201 0.463895 0.0406184 0.467586 0.056197 0.47018 0.0716835 0.471847 0.0883703 0.472634 0.104187 0.472541 0.119636 0.471681 
0.887 -0.148089 0.336516 -0.137269 0.350015 -0.127038 0.361738 -0.116447 0.372595 -0.104305 0.38374 -0.0923239 0.393554 -0.0801431 0.402653 
4.094 0.0388714 -0.370237 0.0109639 -0.370226 -0.0138865 -0.368946 -0.0380006 -0.366578 -0.0642278 -0.362491 -0.0885335 -0.357375 -0.112226 -0.351 
4.098 0.0429804 -0.385303 0.0142388 -0.385448 -0.0114142 -0.384297 -0.0362626 -0.382011 -0.0633089 -0.378022 -0.0884278 -0.37289 -0.112866 -0.366484 
3.555 -0.352171 -0.186016 -0.368799 -0.16335 -0.382664 -0.142403 -0.395107 -0.121298 -0.40747 -0.0975226 -0.417823 -0.074592 -0.426967 -0.0513975 
4.09 0.0258595 -0.337365 -6.00721e-05 -0.336612 -0.0231516 -0.334774 -0.0454898 -0.331903 -0.069773 -0.327397 -0.0922211 -0.321959 -0.114042 -0.315364 
0.952 -0.2289 0.278989 -0.221205 0.296873 -0.213722 0.312551 -0.205394 0.327549 -0.195625 0.343238 -0.18556 0.357518 -0.175045 0.371145 
4.098 0.0381865 -0.355855 0.0110977 -0.355922 -0.0130244 -0.354755 -0.036447 -0.352509 -0.061949 -0.348616 -0.0855256 -0.34367 -0.108532 -0.337562 
3.664 -0.285057 -0.385988 -0.313623 -0.366931 -0.338243 -0.348689 -0.361368 -0.329735 -0.385459 -0.307673 -0.406994 -0.285787 -0.426996 -0.263056 
0.737 -0.0138611 0.463211 0.00337678 0.469302 0.0189039 0.474051 0.0344895 0.477906 0.0514187 0.481014 0.0675898 0.483088 0.0834846 0.48433 
4.109 0.0340775 -0.0168607 0.0272197 -0.0171561 0.0210263 -0.0170801 0.0151187 -0.0167136 0.00855846 -0.0159335 0.00266239 -0.0148499 -0.00324496 -0.0134422 
0.875 -0.098781 0.365279 -0.086428 0.37578 -0.0749639 0.384753 -0.0632302 0.392922 -0.0501487 0.40098 -0.0374086 0.407852 -0.0245458 0.414033 
4.066 0.000520477 -0.308602 -0.0237447 -0.306544 -0.0453359 -0.303604 -0.0661503 -0.299755 -0.0886768 -0.294282 -0.109416 -0.288024 -0.129543 -0.280688 
4.152 0.0799616 -0.375716 0.05165 -0.378166 0.0263156 -0.379058 0.00166795 -0.378783 -0.0252739 -0.376952 -0.0503958 -0.373942 -0.0749863 -0.369586 
0.714 -0.0843994 0.457732 -0.0677388 0.468201 -0.0525969 0.476956 -0.0371123 0.48474 -0.0200465 0.492237 -0.00349442 0.498356 0.0131038 0.50367 
4.277 0.134749 -0.123695 0.121462 -0.129636 0.109368 -0.134282 0.097455 -0.138299 0.0840781 -0.141896 0.071442 -0.144616 0.058817 -0.146535 
0.811 -0.121381 0.385824 -0.108411 0.398034 -0.0964157 0.408417 -0.0840464 0.417948 -0.0701555 0.427475 -0.0564877 0.435784 -0.0427191 0.443327 
0.915 -0.196713 0.302274 -0.187551 0.31852 -0.178853 0.332688 -0.169492 0.346019 -0.158589 0.359989 -0.147684 0.372496 -0.136342 0.384313 
4.047 -0.0241337 -0.149719 -0.0388881 -0.146422 -0.0519668 -0.142789 -0.0643837 -0.138661 -0.0778815 -0.133419 -0.0901447 -0.127824 -0.101932 -0.121518 
4.145 0.0436653 -0.151089 0.0288047 -0.151862 0.0154745 -0.151864 0.00263305 -0.151244 -0.0115447 -0.149772 -0.0246367 -0.147672 -0.0375625 -0.144828 
4.02 -0.0446788 -0.163416 -0.0599764 -0.158904 -0.0733938 -0.154135 -0.0862332 -0.148861 -0.0999512 -0.142417 -0.112475 -0.13561 -0.124432 -0.128196 
0.831 -0.0570059 0.400205 -0.042825 0.408526 -0.029904 0.415405 -0.0168801 0.421402 -0.00243017 0.427083 0.0115074 0.43166 0.0252598 0.435526 
4.168 0.0833858 -0.345583 0.0569 -0.348182 0.0331981 -0.349327 0.0101272 -0.349347 -0.0151099 -0.347942 -0.0386486 -0.345395 -0.0616841 -0.341581 
2.033 0.205972 0.161882 0.207828 0.15245 0.208942 0.143912 0.209788 0.135583 0.209936 0.126376 0.209761 0.117766 0.20901 0.109484 
0.938 -0.111108 0.33994 -0.0999368 0.351026 -0.0896065 0.360511 -0.0788294 0.369266 -0.0667991 0.378036 -0.0550547 0.385642 -0.0430948 0.392586 
0.797 -0.100151 0.398836 -0.086513 0.409858 -0.0739074 0.419185 -0.060996 0.427716 -0.0466448 0.436045 -0.0326523 0.443245 -0.0185519 0.449663 
4.137 0.0388714 -0.127804 0.0255586 -0.128419 0.0136781 -0.128289 0.00218417 -0.127649 -0.0104608 -0.126251 -0.0221075 -0.124335 -0.0335734 -0.121718 
0.841 -0.197398 0.331037 -0.187131 0.347533 -0.177366 0.361891 -0.16693 0.375434 -0.154953 0.389436 -0.142893 0.40206 -0.130477 0.413868 
1.652 -0.429558 -0.102465 -0.442812 -0.0735171 -0.453437 -0.047153 -0.462437 -0.0208054 -0.470769 0.0083595 -0.477019 0.0361359 -0.481871 0.0640466 
0.8 -0.0104369 0.433078 0.00529833 0.438552 0.0195215 0.44287 0.0337741 0.446324 0.0493448 0.449148 0.0641134 0.451018 0.0787359 0.452164 
0.931 -0.168634 0.313231 -0.159044 0.327734 -0.149913 0.340319 -0.140239 0.352121 -0.129136 0.364226 -0.118024 0.375072 -0.106726 0.385257 
0.917 -0.21041 0.29748 -0.201789 0.314423 -0.193312 0.329329 -0.184229 0.343421 -0.173602 0.358079 -0.162818 0.371362 -0.151567 0.384022 
0.806 -0.154253 0.374866 -0.141759 0.389175 -0.13017 0.40147 -0.118084 0.412989 -0.104376 0.424571 -0.0908497 0.434823 -0.0770646 0.444283 
3.957 -0.0850842 -0.175058 -0.10124 -0.16806 -0.11543 -0.161109 -0.128745 -0.153623 -0.142996 -0.144659 -0.155825 -0.135599 -0.168026 -0.12587 
0.776 0.00599918 0.448144 0.0226654 0.452797 0.0376218 0.456304 0.0525426 0.458949 0.0686663 0.460786 0.0840269 0.461732 0.0990019 0.461897 
1.33 0.0929736 0.313231 0.103064 0.310954 0.111854 0.308605 0.120492 0.305895 0.129469 0.302337 0.137852 0.298565 0.145903 0.294537 
4.102 0.00942337 -0.163416 -0.00608455 -0.162152 -0.0198981 -0.160286 -0.0331733 -0.157863 -0.047626 -0.154366 -0.0609171 -0.150384 -0.0738312 -0.145671 
3.996 -0.0604301 -0.16821 -0.0759899 -0.162765 -0.0897082 -0.15716 -0.102656 -0.151071 -0.116531 -0.143681 -0.129177 -0.136014 -0.141058 -0.127785 
0.833 -0.159732 0.36117 -0.14776 0.375787 -0.136425 0.388479 -0.124629 0.400268 -0.111344 0.412171 -0.0981114 0.422759 -0.0846891 0.432616 
4.043 -0.026873 -0.178482 -0.0433876 -0.175053 -0.0578666 -0.171205 -0.0718394 -0.166801 -0.0869038 -0.161145 -0.100499 -0.155036 -0.113706 -0.148233 
4.07 0.0224353 -0.375716 -0.00573138 -0.374814 -0.0307785 -0.372782 -0.0550836 -0.369628 -0.0814257 -0.364705 -0.105799 -0.358773 -0.129491 -0.351592 
4.141 0.0498288 -0.0846596 0.0391459 -0.0858048 0.0294905 -0.0861908 0.0201069 -0.0862225 0.0097986 -0.0856379 0.000222281 -0.0845897 -0.00926973 -0.0829929 
0.77 -0.139186 0.400205 -0.12546 0.413719 -0.11263 0.425234 -0.0994504 0.435836 -0.0845845 0.446433 -0.0699733 0.455675 -0.0552424 0.464073 
3.998 -0.0617998 -0.190809 -0.0790642 -0.185253 -0.0942218 -0.179553 -0.10861 -0.173282 -0.123969 -0.165543 -0.137926 -0.157534 -0.151419 -0.14875 
4.125 0.0340775 -0.111368 0.021954 -0.111485 0.0109834 -0.111066 0.000481144 -0.110106 -0.0111038 -0.108461 -0.0217665 -0.10636 -0.0322255 -0.10365 
0.916 -0.126174 0.33857 -0.115181 0.350555 -0.104973 0.360858 -0.0943198 0.370371 -0.0823052 0.379984 -0.0703559 0.388436 -0.0583474 0.396251 
3.379 -0.177537 -0.0387755 -0.185589 -0.0264203 -0.192341 -0.0150196 -0.198239 -0.00350156 -0.204135 0.00932974 -0.208958 0.0217046 -0.213044 0.0342603 
4.32 0.29911 0.0297083 0.294322 0.0136805 0.28929 -0.000332767 0.283895 -0.0137538 0.276982 -0.0280335 0.269985 -0.0411131 0.262337 -0.0535334 
0.721 -0.00358855 0.475538 0.0139794 0.481206 0.0296879 0.485476 0.0455017 0.48891 0.0626491 0.491549 0.0790316 0.493177 0.0952474 0.494127 
0.776 -0.077551 0.421435 -0.0626976 0.431344 -0.0491777 0.439598 -0.0353525 0.446987 -0.0200372 0.454065 -0.00524413 0.459975 0.00954747 0.465064 
0.753 -0.311081 0.311861 -0.302555 0.33599 -0.293971 0.357172 -0.284372 0.377574 -0.272955 0.398924 -0.26099 0.418456 -0.248258 0.437086 
3.197 -0.31382 -0.0168607 -0.32055 0.00375164 -0.325731 0.0224681 -0.329777 0.0409441 -0.333099 0.0613835 -0.335217 0.0806583 -0.336341 0.0998826 
0.823 -0.104945 0.383769 -0.09184 0.395022 -0.0796989 0.4046 -0.0672178 0.413401 -0.0532729 0.422006 -0.0396619 0.429415 -0.0258965 0.436125 
2.385 -0.365868 -0.140816 -0.379972 -0.117309 -0.391546 -0.0956812 -0.401663 -0.0739211 -0.411453 -0.0497857 -0.419342 -0.0265418 -0.425944 -0.00322519 
4.094 0.0135324 -0.135338 -0.000440737 -0.134346 -0.0127686 -0.132818 -0.0245546 -0.130704 -0.0375449 -0.12772 -0.049403 -0.124236 -0.0610436 -0.12013 
4.121 0.0292837 -0.156568 0.0138999 -0.156554 0.000318712 -0.155768 -0.0128148 -0.154391 -0.027165 -0.152089 -0.0404795 -0.149213 -0.0534716 -0.145547 
4.07 -0.00975209 -0.170264 -0.0256733 -0.167816 -0.0398568 -0.16493 -0.0533195 -0.161415 -0.067832 -0.156733 -0.0812727 -0.151619 -0.0943256 -0.145857 
1.264 0.0998219 0.23516 0.105075 0.232716 0.109611 0.230434 0.114036 0.227971 0.118474 0.224954 0.122582 0.221966 0.126391 0.218921 
1.418 -0.103575 0.120107 -0.104069 0.129481 -0.104155 0.137902 -0.103734 0.146335 -0.102889 0.155306 -0.101605 0.163673 -0.100025 0.172032 
2.199 -0.426133 -0.196973 -0.443957 -0.169354 -0.458756 -0.143862 -0.471872 -0.118296 -0.484752 -0.0896836 -0.495355 -0.0621664 -0.504449 -0.0344309 
3.939 -0.102205 -0.214094 -0.120571 -0.206111 -0.136666 -0.1981 -0.151933 -0.189592 -0.168075 -0.179337 -0.182639 -0.168931 -0.196588 -0.157869 
3.984 -0.0727572 -0.204506 -0.0905112 -0.198109 -0.106069 -0.191625 -0.120839 -0.184532 -0.136514 -0.175935 -0.150779 -0.167113 -0.164359 -0.157577 
4.539 0.275825 -0.111368 0.262726 -0.125931 0.250387 -0.138212 0.237919 -0.149682 0.22345 -0.161367 0.209418 -0.171609 0.195046 -0.180801 
3.652 -0.303547 -0.388728 -0.332193 -0.368353 -0.356873 -0.348955 -0.380011 -0.328891 -0.404011 -0.305578 -0.42534 -0.28248 -0.445225 -0.25855 
3.707 -0.252185 -0.386673 -0.280883 -0.369464 -0.305786 -0.352799 -0.329205 -0.335386 -0.353735 -0.315023 -0.375715 -0.294611 -0.396307 -0.273335 
4.078 0.0142172 -0.301753 -0.0097454 -0.300461 -0.0310885 -0.298197 -0.0517178 -0.295029 -0.0740497 -0.290294 -0.0947271 -0.284737 -0.114798 -0.278086 
0.897 -0.0823449 0.363909 -0.0702399 0.373281 -0.0590378 0.381316 -0.0475708 0.388549 -0.0348144 0.39568 -0.0223343 0.401742 -0.00982946 0.407152 
1.682 -0.0905629 0.072853 -0.0938211 0.0815649 -0.0964822 0.0895525 -0.0985098 0.0974584 -0.100467 0.106182 -0.101736 0.11448 -0.102618 0.122812 
2.186 -0.391892 -0.173689 -0.40791 -0.148759 -0.421049 -0.125786 -0.432629 -0.102697 -0.44397 -0.0768116 -0.453353 -0.0520085 -0.461461 -0.0269947 
0.858 -0.170689 0.336516 -0.160138 0.351332 -0.150056 0.364204 -0.139567 0.376185 -0.127577 0.38853 -0.115524 0.399675 -0.103185 0.409994 
3.592 -0.334365 -0.218888 -0.352996 -0.196962 -0.368674 -0.176603 -0.382917 -0.155969 -0.397257 -0.132608 -0.409497 -0.109886 -0.420449 -0.0870016 
4.246 0.108725 -0.123011 0.0953228 -0.127692 0.0830075 -0.131296 0.071143 -0.134148 0.0576865 -0.136583 0.0452638 -0.138147 0.0326083 -0.138962 
4.156 0.0553075 -0.121641 0.0423073 -0.123146 0.0306073 -0.123883 0.0192533 -0.124047 0.00690463 -0.123552 -0.00466346 -0.122476 -0.016164 -0.120707 
4.215 0.0874949 -0.133283 0.0737338 -0.13673 0.0611351 -0.139182 0.0490324 -0.140964 0.0355532 -0.142173 0.0230229 -0.142598 0.0103865 -0.142312 
3.9 -0.120696 -0.213409 -0.138877 -0.204419 -0.15477 -0.195627 -0.169756 -0.186321 -0.185627 -0.175287 -0.199952 -0.164123 -0.213447 -0.152333 
0.979 -0.156992 0.300904 -0.148028 0.314654 -0.139519 0.326609 -0.13054 0.337912 -0.120242 0.349491 -0.109974 0.359903 -0.0994089 0.369657 
0.865 -0.113847 0.362539 -0.101691 0.374066 -0.090448 0.383844 -0.0787487 0.392881 -0.0656665 0.40191 -0.0528528 0.409702 -0.0398822 0.416775 
3.938 -0.102205 -0.119586 -0.114865 -0.111903 -0.125824 -0.104441 -0.1361 -0.0966588 -0.147014 -0.0876089 -0.156706 -0.0784926 -0.165827 -0.0689985 
3.58 -0.325462 -0.157252 -0.340291 -0.136178 -0.352728 -0.116663 -0.363874 -0.0970472 -0.374814 -0.0749555 -0.38395 -0.053714 -0.391911 -0.0322332 
4.047 -0.0220792 -0.133968 -0.0354985 -0.130707 -0.0472809 -0.127134 -0.0586527 -0.123168 -0.0708707 -0.11813 -0.0820087 -0.112855 -0.0927683 -0.107001 
0.824 -0.219997 0.328982 -0.209807 0.346788 -0.200016 0.362303 -0.18958 0.376992 -0.177496 0.392189 -0.165353 0.405931 -0.152727 0.418839 
3.951 -0.0919326 -0.153828 -0.106518 -0.146625 -0.119298 -0.139565 -0.131357 -0.132087 -0.1441 -0.123171 -0.155523 -0.114181 -0.166489 -0.104689 
1.267 0.10941 0.174894 0.111592 0.172006 0.113273 0.169485 0.114873 0.166898 0.116311 0.16382 0.117631 0.160967 0.118719 0.158301 
4.043 -0.0220792 -0.116162 -0.0349078 -0.113085 -0.0462554 -0.109726 -0.0569958 -0.105951 -0.0685904 -0.101131 -0.079253 -0.0960204 -0.089569 -0.0903949 
3.68 -0.269306 -0.379825 -0.297426 -0.361816 -0.321718 -0.344581 -0.344521 -0.326578 -0.368441 -0.305586 -0.389724 -0.284706 -0.409705 -0.26296 
4.219 0.0991371 -0.0798658 0.0885011 -0.0839112 0.0787332 -0.0870586 0.0692654 -0.0896789 0.0584869 -0.0919356 0.0485221 -0.0934818 0.0384212 -0.0944581 
4.152 0.0484591 -0.16958 0.0322984 -0.170623 0.0177936 -0.170762 0.00378779 -0.170325 -0.0115681 -0.168996 -0.0258042 -0.16694 -0.0397994 -0.163985 
0.902 -0.159732 0.325558 -0.149319 0.339676 -0.139498 0.35191 -0.129173 0.363403 -0.117384 0.375088 -0.105761 0.385487 -0.0938439 0.395232 
0.764 -0.12275 0.409108 -0.10865 0.421669 -0.0956636 0.43229 -0.0823246 0.44209 -0.0673156 0.4519 -0.0526854 0.460265 -0.0378997 0.467881 
1.389 0.166251 0.156403 0.167556 0.149642 0.168497 0.143704 0.169077 0.137657 0.169248 0.131109 0.169165 0.124899 0.168662 0.118876 
4.207 0.0922887 -0.0545268 0.0831708 -0.0582897 0.0748535 -0.0611526 0.0665802 -0.063661 0.0572047 -0.0658405 0.0487073 -0.0673859 0.0400416 -0.0684229 
3.656 -0.283002 -0.268196 -0.304351 -0.249302 -0.322609 -0.231446 -0.33948 -0.213151 -0.356821 -0.192255 -0.372038 -0.171721 -0.386056 -0.150686 
4.117 0.0395562 -0.0380907 0.0313975 -0.0387745 0.0239593 -0.0389007 0.0168947 -0.0387109 0.00905278 -0.0380584 0.00187966 -0.0370482 -0.00520191 -0.035579 
4.172 0.061471 -0.140131 0.0470692 -0.141945 0.0340806 -0.142946 0.0215443 -0.143268 0.00768402 -0.142871 -0.0051607 -0.141775 -0.0177207 -0.139885 
0.734 -0.0898781 0.439926 -0.0743312 0.450795 -0.0600703 0.46003 -0.0456475 0.468325 -0.0295012 0.476318 -0.0139358 0.482977 0.00161449 0.48898 
4.527 0.268292 -0.091508 0.256365 -0.105804 0.245087 -0.117891 0.233656 -0.129344 0.220333 -0.141009 0.207368 -0.151276 0.194041 -0.160491 
1.271 -0.0460485 0.261868 -0.0384809 0.268207 -0.0316083 0.273581 -0.0244204 0.278531 -0.0164938 0.283353 -0.00874699 0.287503 -0.00102049 0.291242 
4.191 0.0772223 -0.241487 0.056868 -0.244159 0.0386039 -0.245561 0.0207735 -0.246106 0.00120686 -0.245571 -0.0169665 -0.244095 -0.0348822 -0.241663 
0.854 -0.159732 0.346103 -0.148557 0.360415 -0.138073 0.372758 -0.127106 0.384324 -0.114527 0.396132 -0.102124 0.406593 -0.0894224 0.416288 
3.422 -0.371346 -0.206561 -0.389306 -0.182673 -0.404368 -0.160487 -0.417828 -0.138155 -0.431321 -0.113055 -0.442583 -0.0887553 -0.452515 -0.0641422 
3.643 -0.29259 -0.249706 -0.313054 -0.23034 -0.330478 -0.212287 -0.346532 -0.193727 -0.36297 -0.172567 -0.377306 -0.151908 -0.390357 -0.13074 
4.164 0.0683194 0.000260238 0.0626316 -0.00225699 0.0573841 -0.00419296 0.0523061 -0.0058437 0.0464742 -0.00736004 0.0410286 -0.00846605 0.0353071 -0.00922044 
1.267 -0.0344062 0.241323 -0.0280162 0.24693 -0.0222571 0.251735 -0.0161893 0.256083 -0.00955626 0.260382 -0.00303655 0.264145 0.00353671 0.267574 
1.258 -0.0255034 0.263923 -0.0179453 0.269123 -0.0111855 0.27347 -0.00413503 0.277434 0.00368572 0.281219 0.011282 0.284309 0.0188159 0.287143 
3.6 -0.314505 -0.176428 -0.33048 -0.155709 -0.34395 -0.136526 -0.356048 -0.117144 -0.368202 -0.0953102 -0.378418 -0.0742285 -0.387436 -0.0530284 
0.818 -0.304232 0.288577 -0.296574 0.311894 -0.288879 0.332362 -0.280186 0.351993 -0.269653 0.37274 -0.258635 0.391667 -0.246915 0.409866 
4.066 -0.00221887 -0.10589 -0.0142247 -0.10377 -0.0248604 -0.101322 -0.0350489 -0.0984696 -0.0461007 -0.0947065 -0.0561473 -0.090612 -0.0658865 -0.0859533 
4.426 0.220353 -0.150404 0.204975 -0.161686 0.190799 -0.170946 0.176621 -0.179366 0.160566 -0.18757 0.145146 -0.194537 0.1296 -0.200445 
4.375 0.199123 -0.0339816 0.190917 -0.0444488 0.183079 -0.0533645 0.175138 -0.0616026 0.165862 -0.0701608 0.156798 -0.077625 0.147461 -0.0844184 
1.275 -0.0570059 0.238584 -0.0509055 0.245313 -0.0451183 0.251242 -0.0391941 0.256686 -0.0325732 0.262155 -0.0259684 0.266997 -0.0193542 0.27144 
0.725 -0.346007 0.31871 -0.337369 0.345024 -0.328578 0.368262 -0.318623 0.390507 -0.30664 0.41405 -0.294018 0.435515 -0.280693 0.456074 
0.832 -0.187125 0.341309 -0.176425 0.357312 -0.166253 0.371265 -0.155533 0.384341 -0.143237 0.397745 -0.130974 0.409839 -0.118297 0.421162 
3.359 -0.147404 -0.0278181 -0.154859 -0.017382 -0.161122 -0.00774719 -0.166708 0.00200882 -0.172248 0.0129393 -0.176807 0.0235006 -0.18087 0.0343416 
4.051 -0.00701274 -0.0558965 -0.0160086 -0.0540472 -0.0239942 -0.0520078 -0.0315954 -0.0496031 -0.0399097 -0.0466188 -0.0474845 -0.043278 -0.0548187 -0.0395643 
4.199 0.0854404 -0.0860293 0.0744454 -0.0895461 0.0644466 -0.0921291 0.0549604 -0.094128 0.0440274 -0.0958167 0.0339632 -0.096754 0.0239264 -0.0971261 
1.292 -0.0700178 0.246802 -0.0632364 0.254279 -0.0569108 0.260685 -0.05034 0.266643 -0.0428766 0.272642 -0.0356135 0.277908 -0.028187 0.282809 
1.351 0.101876 0.300904 0.11134 0.298294 0.119601 0.295662 0.127655 0.292683 0.136119 0.288829 0.143959 0.284838 0.151381 0.280601 
3.947 -0.094672 -0.0737022 -0.104473 -0.0662326 -0.113127 -0.0591531 -0.120972 -0.0518464 -0.129602 -0.0434135 -0.136796 -0.0350203 -0.143727 -0.0263974 
3.652 -0.285057 -0.329147 -0.310322 -0.310158 -0.332054 -0.291984 -0.35232 -0.273297 -0.373341 -0.251676 -0.391937 -0.230414 -0.409217 -0.208351 
3.75 -0.216573 -0.33805 -0.242221 -0.323185 -0.264456 -0.308599 -0.285374 -0.293416 -0.307339 -0.275463 -0.32703 -0.257683 -0.345522 -0.239089 
0.957 -0.133708 0.324873 -0.12329 0.337299 -0.11367 0.347924 -0.103617 0.357918 -0.0921855 0.368029 -0.080773 0.377039 -0.069336 0.385266 
3.688 -0.261772 -0.327092 -0.286912 -0.309439 -0.308661 -0.292465 -0.328914 -0.274972 -0.350048 -0.254641 -0.368809 -0.234416 -0.386237 -0.213523 
3.924 -0.113163 -0.0812354 -0.123562 -0.0727469 -0.132603 -0.064756 -0.140741 -0.056486 -0.149583 -0.047053 -0.157212 -0.0377078 -0.164059 -0.0280441 
3.607 -0.300808 -0.14698 -0.315048 -0.127374 -0.327046 -0.109149 -0.337706 -0.0908386 -0.348378 -0.0701863 -0.357249 -0.050328 -0.365023 -0.0301829 
4.133 0.0333927 -0.182591 0.0164789 -0.182843 0.00137213 -0.182268 -0.0131432 -0.181079 -0.0290801 -0.178891 -0.0438356 -0.176014 -0.0582668 -0.172291 
1.331 0.0909191 0.333091 0.102189 0.331062 0.112023 0.328945 0.121645 0.326408 0.131846 0.322895 0.141342 0.31914 0.150385 0.315083 
3.969 -0.0796055 -0.147665 -0.0940662 -0.14099 -0.106687 -0.134358 -0.118589 -0.127372 -0.13138 -0.119004 -0.142901 -0.11051 -0.153542 -0.101448 
3.57 0.0799616 0.116683 0.0800356 0.114297 0.0800048 0.112267 0.0800849 0.110263 0.0796135 0.10818 0.0792208 0.106188 0.0785845 0.103964 
1.296 0.0744829 0.335831 0.0862477 0.334558 0.0965684 0.33301 0.10674 0.330988 0.117398 0.328087 0.127387 0.324812 0.136831 0.321199 
3.635 -0.296699 -0.22916 -0.316041 -0.209569 -0.33246 -0.191198 -0.347496 -0.172558 -0.36285 -0.151269 -0.376179 -0.130489 -0.388247 -0.109401 
3.627 -0.280263 -0.129859 -0.293622 -0.111277 -0.304738 -0.0940919 -0.314674 -0.076804 -0.324522 -0.0574352 -0.332751 -0.0386265 -0.339846 -0.0197705 
0.818 -0.0857691 0.396096 -0.072169 0.406125 -0.05968 0.414612 -0.0468723 0.422348 -0.0327084 0.429741 -0.018925 0.436 -0.00521847 0.441531 
4.59 0.294316 -0.116162 0.280726 -0.131826 0.26792 -0.145076 0.254934 -0.157429 0.239892 -0.170065 0.225325 -0.181081 0.210299 -0.191147 
3.518 -0.361074 -0.155198 -0.375855 -0.131929 -0.38812 -0.110604 -0.398978 -0.0891256 -0.409544 -0.0651394 -0.41828 -0.0420691 -0.425749 -0.0187989 
3.562 -0.331626 -0.12712 -0.34492 -0.105568 -0.355801 -0.0857503 -0.365499 -0.0657916 -0.374854 -0.043556 -0.38254 -0.0221969 -0.388947 -0.000692825 
4.008 -0.0426243 -0.0784961 -0.0531959 -0.074368 -0.0624202 -0.0701191 -0.0711213 -0.0655381 -0.0804544 -0.0600003 -0.0887799 -0.054317 -0.0966729 -0.0481547 
1.255 -0.0193398 0.250226 -0.0126915 0.25511 -0.00666263 0.25922 -0.000438689 0.262943 0.00633462 0.26654 0.0129393 0.26956 0.0195742 0.272293 
4.586 0.29774 -0.155883 0.28214 -0.171945 0.267558 -0.185383 0.252791 -0.197869 0.235811 -0.210549 0.219437 -0.221462 0.202667 -0.231287 
3.623 -0.293275 -0.162731 -0.308397 -0.143415 -0.321128 -0.125558 -0.332592 -0.107502 -0.34407 -0.0871175 -0.353787 -0.0674922 -0.362359 -0.047602 
4.41 0.213505 -0.0737022 0.20295 -0.0846472 0.193034 -0.0938703 0.183059 -0.102442 0.171494 -0.111148 0.160362 -0.118626 0.148931 -0.125365 
0.756 -0.324777 0.309807 -0.316352 0.334702 -0.307865 0.356771 -0.298286 0.377847 -0.286766 0.400046 -0.27475 0.420367 -0.262007 0.439721 
1.108 -0.200137 0.268717 -0.192595 0.284733 -0.185164 0.298759 -0.177243 0.312029 -0.167855 0.325859 -0.158368 0.338394 -0.148324 0.350353 
1.376 0.112834 0.285153 0.121304 0.281908 0.128727 0.278707 0.135912 0.275221 0.143339 0.270895 0.150234 0.26649 0.15671 0.26194 
3.764 -0.191919 -0.184646 -0.208478 -0.171308 -0.222733 -0.158557 -0.235906 -0.145466 -0.24959 -0.130577 -0.261596 -0.115864 -0.272695 -0.100683 
3.674 -0.265881 -0.247651 -0.286107 -0.229843 -0.303444 -0.213146 -0.319467 -0.195954 -0.33597 -0.176249 -0.350407 -0.157029 -0.363697 -0.137179 
3.736 -0.211779 -0.199712 -0.229184 -0.18526 -0.244084 -0.171644 -0.257934 -0.157551 -0.272238 -0.141502 -0.284781 -0.125713 -0.296366 -0.109413 
0.922 -0.181646 0.308437 -0.172264 0.323826 -0.163355 0.337191 -0.153785 0.349967 -0.142811 0.363107 -0.131675 0.37491 -0.120325 0.386002 
3.744 -0.204931 -0.173689 -0.22092 -0.159638 -0.234649 -0.146471 -0.247322 -0.13288 -0.260485 -0.117353 -0.27191 -0.102085 -0.282474 -0.0863522 
3.707 -0.245336 -0.349007 -0.271701 -0.332164 -0.294459 -0.316097 -0.315844 -0.29925 -0.338193 -0.279607 -0.358095 -0.260066 -0.376755 -0.239834 
1.266 0.101876 0.209821 0.105813 0.207251 0.109149 0.204795 0.112518 0.20226 0.11572 0.199381 0.118658 0.196486 0.12135 0.193587 
4.086 0.00668402 -0.118217 -0.00606005 -0.117 -0.0174125 -0.11529 -0.0283045 -0.113044 -0.0401821 -0.109976 -0.0510678 -0.106475 -0.0616347 -0.102451 
3.676 -0.266566 -0.225736 -0.285492 -0.207813 -0.301708 -0.191049 -0.316679 -0.173902 -0.331944 -0.154232 -0.34521 -0.134978 -0.35734 -0.115333 
4.293 0.156663 -0.0545268 0.147193 -0.0620893 0.138361 -0.0683263 0.129553 -0.0739738 0.119456 -0.0795835 0.109853 -0.0843839 0.100102 -0.0885019 
4.309 0.166251 -0.087399 0.155143 -0.0955064 0.144872 -0.102223 0.134584 -0.108302 0.122913 -0.11426 0.111772 -0.119183 0.100516 -0.123335 
0.887 -0.246021 0.285153 -0.237874 0.304269 -0.229871 0.321017 -0.221077 0.336971 -0.210706 0.353688 -0.19996 0.368952 -0.188734 0.383423 
4.418 0.219669 -0.0264484 0.211811 -0.0378326 0.204214 -0.047696 0.196538 -0.0568806 0.187371 -0.0663705 0.178402 -0.074863 0.169111 -0.0826737 
4.559 0.284043 -0.140816 0.269377 -0.15576 0.255557 -0.168264 0.241654 -0.179883 0.225657 -0.191627 0.21016 -0.201793 0.194372 -0.21088 
1.214 0.0505136 0.248856 0.0569764 0.249413 0.0627389 0.249755 0.0684003 0.249697 0.0747755 0.249277 0.0803929 0.248593 0.085866 0.247681 
4.512 0.262813 -0.140816 0.248191 -0.154606 0.234512 -0.166074 0.220801 -0.17664 0.205021 -0.187276 0.189834 -0.196495 0.174338 -0.204464 
4.594 0.298425 -0.141501 0.283486 -0.157428 0.269441 -0.170842 0.255255 -0.183409 0.238851 -0.196106 0.222978 -0.20721 0.206727 -0.217184 
3.99 -0.0659088 -0.12575 -0.0789544 -0.11979 -0.0904492 -0.113872 -0.101226 -0.10761 -0.112808 -0.10014 -0.123113 -0.0924904 -0.132906 -0.0844024 
3.637 -0.273415 -0.146295 -0.287666 -0.128221 -0.299706 -0.11139 -0.310532 -0.0944592 -0.321362 -0.0753454 -0.33051 -0.0568858 -0.338623 -0.0381418 
3.658 -0.256978 -0.115477 -0.269413 -0.0985119 -0.27978 -0.0827886 -0.289056 -0.0670084 -0.298341 -0.0491806 -0.306067 -0.032008 -0.312862 -0.0146188 
3.682 -0.255609 -0.204506 -0.273395 -0.187352 -0.288548 -0.171303 -0.302514 -0.154818 -0.316818 -0.136126 -0.32919 -0.117837 -0.340485 -0.0990957 
3.711 -0.239173 -0.247651 -0.25937 -0.231458 -0.276722 -0.216067 -0.29285 -0.200236 -0.309557 -0.182046 -0.324286 -0.164085 -0.337871 -0.14569 
3.777 -0.188495 -0.215464 -0.206858 -0.202277 -0.222675 -0.189742 -0.237433 -0.176702 -0.252813 -0.161761 -0.266475 -0.146805 -0.279178 -0.131388 
3.676 -0.265881 -0.270251 -0.287481 -0.252265 -0.306047 -0.235289 -0.323228 -0.21782 -0.340985 -0.197785 -0.356557 -0.178087 -0.370982 -0.157769 
3.758 -0.191919 -0.167525 -0.207692 -0.154179 -0.221188 -0.141636 -0.233753 -0.128692 -0.246679 -0.113857 -0.257993 -0.099317 -0.268471 -0.0842605 
3.666 -0.256294 -0.153143 -0.270917 -0.136072 -0.283322 -0.120073 -0.294497 -0.103991 -0.30587 -0.0856639 -0.315518 -0.0679424 -0.324115 -0.0499256 
3.664 -0.276154 -0.236694 -0.295763 -0.2184 -0.312569 -0.201173 -0.328053 -0.183393 -0.34391 -0.163345 -0.357735 -0.143649 -0.370407 -0.123463 
3.689 -0.243967 -0.18807 -0.260878 -0.171617 -0.275315 -0.156204 -0.288584 -0.140479 -0.302218 -0.122511 -0.314007 -0.104977 -0.324751 -0.0869953 
3.711 -0.228215 -0.181907 -0.244785 -0.166506 -0.25901 -0.151885 -0.272062 -0.136982 -0.285405 -0.120036 -0.297089 -0.103386 -0.30773 -0.0862905 
2.58 0.21556 0.1927 0.219016 0.18274 0.221656 0.173848 0.224016 0.165014 0.225784 0.155203 0.227132 0.145927 0.227935 0.136847 
3.762 -0.204246 -0.322298 -0.229016 -0.307978 -0.250479 -0.294285 -0.270695 -0.27978 -0.291965 -0.262773 -0.311011 -0.245729 -0.328939 -0.228013 
3.621 -0.279578 -0.109314 -0.29162 -0.0908572 -0.30169 -0.0738364 -0.310571 -0.0567561 -0.319354 -0.0374516 -0.32647 -0.0190766 -0.332615 -0.000569684 
3.715 -0.237803 -0.323668 -0.262651 -0.307202 -0.284111 -0.291429 -0.30428 -0.27505 -0.325264 -0.256033 -0.343927 -0.237101 -0.361356 -0.217453 
3.682 -0.235064 -0.121641 -0.247808 -0.105789 -0.258634 -0.0910797 -0.268331 -0.0762468 -0.278142 -0.0594803 -0.286393 -0.0431928 -0.293742 -0.026654 
3.912 -0.115902 -0.140816 -0.12981 -0.132314 -0.141951 -0.12411 -0.15324 -0.115551 -0.16511 -0.10552 -0.175686 -0.0955062 -0.185672 -0.0850385 
3.654 -0.280948 -0.222997 -0.299792 -0.204353 -0.3158 -0.186857 -0.330515 -0.169006 -0.345524 -0.148753 -0.358534 -0.129065 -0.370427 -0.108909 
3.84 -0.120696 -0.0196001 -0.127727 -0.0106789 -0.133649 -0.00236834 -0.138967 0.00601335 -0.144381 0.0154476 -0.148841 0.0245855 -0.15283 0.0339144 
3.686 -0.261772 -0.306547 -0.285572 -0.28906 -0.30615 -0.272383 -0.325326 -0.255058 -0.345234 -0.235123 -0.362944 -0.215403 -0.379363 -0.194901 
3.703 -0.237803 -0.207246 -0.255672 -0.191197 -0.270994 -0.175919 -0.285119 -0.160361 -0.299647 -0.142724 -0.312287 -0.125217 -0.323923 -0.107415 
3.771 -0.200137 -0.288741 -0.222689 -0.274777 -0.242283 -0.261168 -0.260711 -0.24705 -0.280029 -0.230503 -0.297213 -0.214053 -0.313391 -0.197027 
4.375 0.198439 -0.0757567 0.187728 -0.085922 0.177693 -0.0944609 0.167645 -0.102239 0.156066 -0.110109 0.144961 -0.116918 0.133571 -0.122819 
3.646 -0.26999 -0.160677 -0.285114 -0.142641 -0.297827 -0.12598 -0.309394 -0.109054 -0.321023 -0.0899432 -0.330861 -0.071473 -0.339637 -0.0525493 
3.584 -0.317244 -0.126435 -0.33033 -0.105762 -0.341148 -0.0867605 -0.35073 -0.0676036 -0.360086 -0.0461972 -0.367748 -0.0256292 -0.37429 -0.0048829 
3.637 -0.289166 -0.205876 -0.307172 -0.186587 -0.322512 -0.168645 -0.336499 -0.150398 -0.35068 -0.129641 -0.362913 -0.109541 -0.373958 -0.0889119 
3.689 -0.233694 -0.144925 -0.247917 -0.129174 -0.259978 -0.114502 -0.270961 -0.0995329 -0.282075 -0.0825608 -0.29157 -0.0660801 -0.300174 -0.0492906 
3.918 -0.117272 -0.0613752 -0.126605 -0.0527972 -0.134644 -0.0446769 -0.142036 -0.0364108 -0.149758 -0.0269739 -0.156342 -0.0177614 -0.162293 -0.00822253 
3.67 -0.259033 -0.190809 -0.276127 -0.173529 -0.290721 -0.157375 -0.304118 -0.140962 -0.317754 -0.122173 -0.32959 -0.103877 -0.340324 -0.0851552 
3.916 -0.115902 -0.227791 -0.134785 -0.219133 -0.15131 -0.21058 -0.166919 -0.201435 -0.183472 -0.190518 -0.198383 -0.179484 -0.212511 -0.167751 
3.699 -0.247391 -0.221627 -0.266143 -0.205067 -0.282129 -0.189456 -0.296941 -0.173529 -0.312221 -0.155189 -0.325574 -0.137241 -0.337816 -0.118867 
3.729 -0.188495 -0.0545268 -0.197447 -0.041405 -0.204894 -0.029296 -0.211479 -0.0171593 -0.218074 -0.00351515 -0.22349 0.00962187 -0.228117 0.0228824 
3.633 -0.302178 -0.282578 -0.324682 -0.262584 -0.343961 -0.243829 -0.361732 -0.224598 -0.38009 -0.202507 -0.39613 -0.180905 -0.410834 -0.158747 
3.678 -0.25013 -0.16821 -0.265519 -0.151412 -0.278569 -0.13572 -0.290458 -0.119771 -0.302598 -0.101726 -0.312998 -0.0840659 -0.322332 -0.0661647 
4.441 0.228571 -0.0606903 0.218646 -0.0725875 0.209211 -0.0827411 0.199685 -0.0920936 0.188548 -0.10171 0.177698 -0.110231 0.166618 -0.117874 
4.164 0.0580468 -0.249021 0.0377501 -0.250478 0.0195508 -0.250852 0.00188698 -0.250408 -0.017477 -0.24877 -0.035485 -0.24635 -0.053124 -0.242906 
3.613 -0.31382 -0.246281 -0.334008 -0.22566 -0.351206 -0.206305 -0.36697 -0.186719 -0.383056 -0.16453 -0.396943 -0.142455 -0.409609 -0.120223 
3.727 -0.230955 -0.292165 -0.254055 -0.276443 -0.273991 -0.261479 -0.292667 -0.245909 -0.312163 -0.227877 -0.329464 -0.209868 -0.345646 -0.191147 
3.836 -0.107684 -0.0134365 -0.114125 -0.00544631 -0.119588 0.00202567 -0.1244 0.00962422 -0.129311 0.0181695 -0.133549 0.0264289 -0.137364 0.0348019 
4.359 0.192275 -0.126435 0.178766 -0.135957 0.16625 -0.143816 0.153775 -0.150952 0.139628 -0.157867 0.126111 -0.163761 0.112459 -0.168682 
4.188 0.078592 -0.0600055 0.069138 -0.0632139 0.060499 -0.0655819 0.0520512 -0.067492 0.0427047 -0.0690429 0.0337879 -0.0700457 0.02495 -0.0704601 
3.568 -0.330256 -0.143556 -0.344388 -0.122224 -0.356129 -0.102593 -0.366542 -0.0827974 -0.376788 -0.0605992 -0.385253 -0.0393655 -0.392421 -0.0176044 
4.07 0.000520477 -0.0819203 -0.0100166 -0.0803811 -0.0193461 -0.0786453 -0.028303 -0.0762846 -0.0380762 -0.0733736 -0.0470027 -0.0700686 -0.0556709 -0.0663441 
4.133 0.0470894 -0.0641145 0.0374674 -0.0652076 0.028708 -0.065455 0.0203304 -0.0654448 0.0110518 -0.064956 0.00253047 -0.0639305 -0.00585394 -0.0624837 
3.621 -0.302178 -0.182591 -0.318319 -0.162977 -0.331957 -0.144637 -0.344284 -0.126101 -0.356694 -0.105284 -0.367247 -0.085036 -0.376632 -0.0645231 
3.527 -0.362444 -0.2319 -0.381716 -0.208445 -0.397861 -0.186602 -0.412552 -0.164519 -0.427197 -0.139648 -0.439667 -0.115629 -0.450722 -0.0911449 
3.918 -0.111793 -0.156568 -0.126469 -0.148214 -0.139338 -0.140166 -0.151321 -0.131736 -0.164104 -0.121803 -0.175296 -0.111777 -0.185992 -0.101352 
3.551 -0.306972 -0.108629 -0.319241 -0.0883985 -0.329358 -0.0699028 -0.33824 -0.0513175 -0.346975 -0.0305083 -0.353937 -0.0105779 -0.359929 0.00950969 
3.736 -0.217258 -0.234639 -0.236645 -0.219784 -0.253408 -0.205588 -0.268986 -0.191058 -0.285176 -0.174202 -0.299461 -0.157517 -0.312722 -0.140341 
3.832 -0.156992 -0.27162 -0.178693 -0.259964 -0.197607 -0.248657 -0.215414 -0.236796 -0.234165 -0.222685 -0.25096 -0.208521 -0.266841 -0.193774 
3.691 -0.253554 -0.262033 -0.274741 -0.244992 -0.292948 -0.228838 -0.309905 -0.212142 -0.327389 -0.192881 -0.342764 -0.173901 -0.356979 -0.154345 
1.249 -0.0672785 0.305013 -0.0572535 0.312329 -0.0478992 0.318668 -0.0383954 0.324315 -0.0280243 0.329779 -0.0177894 0.334389 -0.00773444 0.338549 
3.654 -0.261088 -0.139447 -0.274967 -0.122078 -0.286628 -0.106059 -0.297111 -0.0898758 -0.307726 -0.0715334 -0.316664 -0.053769 -0.324608 -0.0357255 
2.188 -0.434351 -0.215464 -0.453555 -0.186975 -0.469561 -0.160832 -0.483854 -0.134486 -0.497907 -0.104917 -0.509492 -0.0763732 -0.519531 -0.0475924 
3.828 -0.159732 -0.306547 -0.183427 -0.295004 -0.204131 -0.283702 -0.223688 -0.27179 -0.244317 -0.257522 -0.262917 -0.243133 -0.280557 -0.227944 
3.773 -0.18644 -0.201082 -0.203996 -0.187903 -0.219112 -0.175356 -0.233192 -0.162456 -0.247793 -0.147553 -0.26069 -0.132856 -0.272639 -0.117621 
1.588 0.177893 0.292001 0.187072 0.284298 0.194871 0.277202 0.202283 0.269831 0.20977 0.261454 0.216429 0.253166 0.222539 0.244652 
4.32 0.167621 -0.196288 0.149634 -0.204139 0.133243 -0.210263 0.117124 -0.215529 0.0990695 -0.220249 0.0820061 -0.22377 0.0649816 -0.226191 
3.758 -0.204246 -0.225051 -0.223262 -0.210866 -0.239665 -0.197353 -0.254939 -0.183431 -0.270867 -0.167302 -0.284856 -0.151461 -0.297926 -0.135133 
3.674 -0.238488 -0.102465 -0.250163 -0.0863194 -0.259982 -0.0713493 -0.26869 -0.0563721 -0.277375 -0.03956 -0.28456 -0.023366 -0.290897 -0.0069538 
1.301 -0.0960416 0.247487 -0.0893241 0.256573 -0.0830799 0.264416 -0.0763839 0.271849 -0.0688204 0.279447 -0.0611795 0.286253 -0.0534335 0.292543 
1.259 0.102561 0.194069 0.105531 0.191516 0.108058 0.188994 0.110593 0.186457 0.112993 0.183705 0.115161 0.180932 0.117022 0.178141 
3.578 -0.259033 -0.091508 -0.27024 -0.0743456 -0.279577 -0.058531 -0.28781 -0.0426214 -0.295905 -0.0247239 -0.302565 -0.00757832 -0.308267 0.00980675 
3.791 -0.183016 -0.310656 -0.207105 -0.297769 -0.227956 -0.285263 -0.247693 -0.272033 -0.268465 -0.256466 -0.28709 -0.240784 -0.304733 -0.224418 
4.34 0.182002 -0.151089 0.166871 -0.159954 0.153067 -0.167153 0.139382 -0.173493 0.12392 -0.179625 0.109242 -0.184501 0.0945466 -0.188449 
3.416 -0.372031 -0.190125 -0.388986 -0.165885 -0.403116 -0.143571 -0.415732 -0.121204 -0.428169 -0.0962228 -0.43856 -0.0716421 -0.447517 -0.0470283 
4.051 -0.0152308 -0.0764416 -0.0255807 -0.0735563 -0.0347631 -0.0704753 -0.0434508 -0.0670511 -0.0527996 -0.062838 -0.0612287 -0.0583911 -0.0693561 -0.0534824 
3.756 -0.208355 -0.306547 -0.232039 -0.292262 -0.252606 -0.27845 -0.271959 -0.26398 -0.292263 -0.247122 -0.310392 -0.230264 -0.327436 -0.21261 
3.672 -0.246021 -0.132598 -0.259447 -0.116179 -0.270812 -0.100831 -0.281034 -0.0853769 -0.291341 -0.0678904 -0.30002 -0.050964 -0.307785 -0.0337179 
1.571 0.202548 0.186536 0.205445 0.177293 0.207646 0.169041 0.209463 0.160818 0.210772 0.151803 0.211698 0.143388 0.212015 0.134926 
4.301 0.160088 -0.179852 0.143137 -0.187504 0.127635 -0.193453 0.112455 -0.198648 0.0953981 -0.203304 0.0792673 -0.206874 0.0631713 -0.209396 
3.189 -0.323408 -0.0928777 -0.334777 -0.0718198 -0.343784 -0.0524141 -0.351702 -0.0330549 -0.359154 -0.0114863 -0.365091 0.00915795 -0.36998 0.0299073 
3.973 -0.0741268 -0.095617 -0.0855369 -0.0892776 -0.0954576 -0.0830601 -0.104673 -0.0765573 -0.114525 -0.0689437 -0.123341 -0.0612409 -0.131553 -0.0532136 
4.309 0.164882 -0.0189152 0.157838 -0.0271864 0.151174 -0.0342687 0.144437 -0.0408044 0.1365 -0.0474943 0.128859 -0.0533896 0.120973 -0.0586479 
3.631 -0.245336 -0.0867141 -0.256312 -0.07025 -0.265443 -0.0551192 -0.273466 -0.0398752 -0.281409 -0.0227935 -0.287986 -0.00635423 -0.293603 0.0102185 
4.223 0.105301 -0.0415149 0.0968861 -0.0459702 0.0891769 -0.0494649 0.0815987 -0.0525824 0.0730068 -0.0554578 0.0648309 -0.0576826 0.0567225 -0.0593935 
4.172 0.0737981 -0.0127517 0.0671266 -0.015616 0.0609518 -0.0178651 0.0550009 -0.019779 0.0481087 -0.0214668 0.041733 -0.0227601 0.0352931 -0.0235512 
3.707 -0.237803 -0.232585 -0.257102 -0.216401 -0.273729 -0.20103 -0.289068 -0.185297 -0.304966 -0.167249 -0.318869 -0.149485 -0.331684 -0.131253 
1.097 -0.0241337 0.35843 -0.01143 0.363459 0.00010399 0.367625 0.0116939 0.371126 0.0243104 0.373974 0.0364494 0.376239 0.0483652 0.377892 
3.895 -0.133023 -0.0839748 -0.14336 -0.0744509 -0.152116 -0.065522 -0.160122 -0.0563612 -0.16875 -0.0459866 -0.175938 -0.0358012 -0.182829 -0.0253511 
3.898 -0.126174 -0.114792 -0.138704 -0.105712 -0.149407 -0.0970425 -0.159343 -0.0880394 -0.169801 -0.0776761 -0.179058 -0.0674136 -0.187651 -0.056798 
3.803 -0.180277 -0.29559 -0.203391 -0.282737 -0.223517 -0.270229 -0.242397 -0.257086 -0.262287 -0.24169 -0.280154 -0.226116 -0.296987 -0.209859 
3.799 -0.176852 -0.328462 -0.201887 -0.315956 -0.223737 -0.303556 -0.244342 -0.290518 -0.266116 -0.275208 -0.285704 -0.259606 -0.304299 -0.243234 
3.938 -0.098781 -0.101096 -0.110309 -0.0934222 -0.120363 -0.0860613 -0.129628 -0.0783882 -0.139495 -0.0695043 -0.148189 -0.0606781 -0.156234 -0.0514474 
3.822 -0.163841 -0.291481 -0.186718 -0.279652 -0.206683 -0.268145 -0.225456 -0.256051 -0.245269 -0.241636 -0.263109 -0.227113 -0.279983 -0.211816 
3.74 -0.217943 -0.281893 -0.240509 -0.266905 -0.260035 -0.252518 -0.278265 -0.237559 -0.297396 -0.220254 -0.314357 -0.202988 -0.330277 -0.185013 
3.754 -0.211094 -0.255184 -0.231678 -0.240471 -0.249388 -0.226551 -0.266047 -0.211843 -0.28325 -0.195075 -0.29853 -0.178482 -0.312751 -0.161253 
3.609 -0.296699 -0.129174 -0.309929 -0.109532 -0.320951 -0.0913798 -0.330696 -0.0732057 -0.340316 -0.0527967 -0.348267 -0.0331752 -0.355177 -0.0134307 
3.5 -0.328202 -0.112738 -0.340745 -0.0914418 -0.351032 -0.0718815 -0.360026 -0.0523362 -0.368862 -0.0303745 -0.375825 -0.00948612 -0.381792 0.0115799 
2.178 -0.430927 -0.249021 -0.452147 -0.220501 -0.469799 -0.19405 -0.48574 -0.167364 -0.501538 -0.137391 -0.514772 -0.108455 -0.526533 -0.0792178 
3.775 -0.191919 -0.333941 -0.217273 -0.320355 -0.239355 -0.30715 -0.260193 -0.293106 -0.282152 -0.276632 -0.301846 -0.260063 -0.320359 -0.242565 
1.236 0.0758526 0.285838 0.08464 0.284638 0.0923166 0.283235 0.0998697 0.281487 0.10772 0.279019 0.11508 0.276357 0.122156 0.273359 
4.574 0.283358 -0.0798658 0.272081 -0.0949416 0.261372 -0.107792 0.250449 -0.120103 0.23759 -0.132369 0.225032 -0.143505 0.212083 -0.153541 
4.172 0.0703739 -0.0791809 0.059717 -0.0818463 0.0500589 -0.083728 0.0406601 -0.0850913 0.0301373 -0.0860923 0.020455 -0.086381 0.0106701 -0.086157 
3.773 -0.195343 -0.248336 -0.215506 -0.234659 -0.232843 -0.221623 -0.24915 -0.207947 -0.266205 -0.192031 -0.281256 -0.176429 -0.295282 -0.160243 
3.809 -0.174113 -0.262717 -0.195598 -0.250313 -0.214217 -0.238327 -0.231734 -0.225768 -0.250163 -0.211015 -0.266615 -0.196258 -0.282192 -0.180778 
3.475 -0.359019 -0.123695 -0.372349 -0.100543 -0.383181 -0.0792268 -0.392603 -0.0577015 -0.401693 -0.0336117 -0.408992 -0.0105874 -0.414993 0.0124773 
1.533 0.164197 0.270771 0.172083 0.263955 0.178751 0.257765 0.185109 0.251292 0.191313 0.244023 0.196847 0.237032 0.201849 0.230086 
3.725 -0.223421 -0.218888 -0.242039 -0.203605 -0.258012 -0.189175 -0.272835 -0.174422 -0.288147 -0.157409 -0.301642 -0.140662 -0.314085 -0.123326 
3.785 -0.18781 -0.273675 -0.209863 -0.26044 -0.228979 -0.247606 -0.246893 -0.234339 -0.265762 -0.218685 -0.28261 -0.203031 -0.29842 -0.186537 
1.303 -0.0919326 0.271456 -0.0838998 0.280265 -0.0762268 0.28796 -0.0683532 0.295004 -0.0595057 0.302109 -0.0503936 0.308445 -0.0418366 0.31415 
4.238 0.112149 -0.0716477 0.102079 -0.0764606 0.0927985 -0.0802322 0.0836806 -0.0835145 0.0734833 -0.0864659 0.0639056 -0.0887441 0.0541377 -0.0903967 
4.473 0.242268 -0.015491 0.235173 -0.0285893 0.228176 -0.0397803 0.22095 -0.0504261 0.212214 -0.0615161 0.203664 -0.0713033 0.194584 -0.0804842 
1.238 -0.00769758 0.309122 0.00250594 0.313195 0.0116024 0.316421 0.0208559 0.319164 0.030918 0.321479 0.0406032 0.323175 0.0500916 0.324376 
3.963 -0.0857691 -0.0545268 -0.0946163 -0.0474886 -0.102247 -0.0408269 -0.10931 -0.0339554 -0.116668 -0.0260659 -0.122903 -0.0182805 -0.129092 -0.0102613 
1.258 -0.0282427 0.281044 -0.0199757 0.286184 -0.0124647 0.290488 -0.00476641 0.294366 0.00363452 0.298037 0.0118496 0.301112 0.0200202 0.303789 
1.32 0.133379 0.14887 0.133957 0.144477 0.134223 0.140551 0.134402 0.136656 0.134235 0.132411 0.1339 0.128424 0.133302 0.124592 
1.275 -0.0850842 0.286522 -0.0760832 0.295006 -0.0676411 0.302375 -0.0588551 0.309079 -0.0493149 0.315714 -0.039762 0.321497 -0.0302433 0.326779 
4.102 0.0265443 -0.0524723 0.0174944 -0.0523452 0.00947783 -0.0519025 0.00171259 -0.0510406 -0.00679129 -0.0496492 -0.0146459 -0.0479392 -0.0222882 -0.0456422 
3.66 -0.27273 -0.199712 -0.29028 -0.181687 -0.305247 -0.16488 -0.318948 -0.147771 -0.332933 -0.128193 -0.344989 -0.109189 -0.355922 -0.0896951 
3.734 -0.222052 -0.318874 -0.246477 -0.303593 -0.267619 -0.289015 -0.287457 -0.273776 -0.308259 -0.255848 -0.326784 -0.23808 -0.34423 -0.219626 
4.027 -0.0234488 -0.0168607 -0.0301797 -0.0139121 -0.0360797 -0.0110155 -0.0415743 -0.00789896 -0.0475386 -0.00416947 -0.0528159 -0.000360521 -0.057916 0.00379591 
3.777 -0.183016 -0.0791809 -0.193253 -0.0664103 -0.201873 -0.0545622 -0.209607 -0.042584 -0.217401 -0.0291142 -0.2239 -0.0160526 -0.229811 -0.00277681 
1.352 0.112149 0.261183 0.118899 0.258093 0.12521 0.254937 0.130931 0.251742 0.137119 0.247641 0.142754 0.243581 0.14794 0.239424 
4.277 0.149815 -0.0880838 0.13874 -0.0955451 0.128475 -0.101567 0.118334 -0.106991 0.106797 -0.112138 0.0958097 -0.116431 0.0847312 -0.119955 
3.549 -0.349432 -0.146295 -0.363726 -0.123378 -0.375551 -0.102548 -0.385931 -0.0814872 -0.396005 -0.058026 -0.404136 -0.0356742 -0.411102 -0.0131731 
4.375 0.197754 -0.144241 0.183079 -0.15411 0.169517 -0.162205 0.156128 -0.169394 0.140856 -0.176386 0.126359 -0.182245 0.111733 -0.18712 
3.639 -0.296014 -0.297644 -0.319188 -0.27801 -0.33904 -0.259337 -0.357483 -0.240166 -0.376467 -0.218228 -0.39313 -0.196771 -0.408492 -0.174667 
3.936 -0.0994658 -0.134653 -0.113114 -0.126968 -0.12501 -0.119492 -0.136176 -0.11167 -0.148145 -0.102465 -0.158773 -0.093221 -0.168961 -0.0835181 
1.041 -0.135077 0.284468 -0.12671 0.2969 -0.118814 0.307683 -0.110503 0.317848 -0.100973 0.32827 -0.0913852 0.337595 -0.0815155 0.346358 
3.73 -0.230955 -0.346268 -0.257116 -0.330383 -0.279793 -0.315023 -0.301121 -0.299006 -0.323446 -0.280232 -0.343384 -0.261465 -0.362066 -0.242009 
4.188 0.0840707 -0.00179427 0.0779431 -0.00532706 0.0723162 -0.00812204 0.0668184 -0.0105914 0.0604957 -0.0129539 0.0545941 -0.0148497 0.0486257 -0.0162281 
4.406 0.21419 -0.137392 0.199871 -0.148151 0.186601 -0.157108 0.173376 -0.165211 0.158372 -0.173188 0.143998 -0.179865 0.129436 -0.185636 
1.402 0.133379 0.248856 0.139874 0.244005 0.145412 0.239532 0.150692 0.235088 0.155952 0.229814 0.16069 0.224521 0.165057 0.219207 
4.191 0.0758526 -0.166155 0.0598407 -0.168571 0.0454329 -0.169996 0.0313901 -0.170773 0.0159224 -0.170772 0.00160161 -0.169898 -0.0125347 -0.168226 
4.234 0.10941 -0.0894535 0.0979825 -0.0940945 0.0876872 -0.0976325 0.077377 -0.100688 0.0660541 -0.103285 0.0552619 -0.105171 0.0445198 -0.106339 
4.395 0.209396 -0.123695 0.195479 -0.134329 0.182531 -0.143184 0.169669 -0.151205 0.155055 -0.159066 0.141048 -0.16569 0.126862 -0.171351 
0.841 -0.236433 0.310492 -0.227245 0.329143 -0.218392 0.345468 -0.208814 0.360982 -0.197502 0.377229 -0.186004 0.391904 -0.174068 0.405843 
4.363 0.189536 -0.109314 0.176585 -0.118769 0.164611 -0.126635 0.152719 -0.133743 0.139182 -0.140764 0.126178 -0.146703 0.113076 -0.151713 
3.635 -0.308341 -0.367498 -0.335854 -0.346904 -0.359533 -0.327296 -0.381688 -0.306995 -0.404645 -0.283512 -0.424981 -0.260337 -0.443721 -0.236474 
3.557 -0.273415 -0.0969867 -0.284895 -0.0790075 -0.294433 -0.0625011 -0.302882 -0.0458341 -0.311199 -0.027102 -0.317896 -0.009148 -0.323758 0.00893382 
3.59 -0.33368 -0.190125 -0.350711 -0.167951 -0.364978 -0.147499 -0.377842 -0.126779 -0.39067 -0.103458 -0.401459 -0.0808631 -0.410905 -0.0579834 
4.48 0.245692 -0.14835 0.230724 -0.161143 0.216731 -0.171694 0.202801 -0.181398 0.186865 -0.191124 0.171486 -0.199427 0.155973 -0.206645 
3.633 -0.283687 -0.175058 -0.299429 -0.156304 -0.312769 -0.138707 -0.324808 -0.12108 -0.336907 -0.101085 -0.347232 -0.0816719 -0.356498 -0.0620695 
3.598 -0.311766 -0.160677 -0.326969 -0.140057 -0.339648 -0.121173 -0.351055 -0.101988 -0.362393 -0.080565 -0.371887 -0.059803 -0.380202 -0.0388918 
4.074 0.00668402 -0.0593206 -0.00268201 -0.0579907 -0.0110843 -0.0564135 -0.0190678 -0.0545436 -0.0278171 -0.0519584 -0.0358054 -0.0491073 -0.0435468 -0.0456931 
1.376 0.139543 0.210505 0.143684 0.205541 0.147245 0.200836 0.150443 0.196247 0.153541 0.190811 0.156267 0.185748 0.158635 0.180691 
3.775 -0.196028 -0.347637 -0.222156 -0.333764 -0.24491 -0.320301 -0.266317 -0.305966 -0.28887 -0.289139 -0.309155 -0.272349 -0.328204 -0.254765 
4.422 0.214875 -0.0428845 0.205975 -0.0539202 0.197486 -0.0632679 0.188981 -0.0722088 0.178908 -0.081373 0.169113 -0.0894373 0.159006 -0.097079 
3.984 -0.0528969 -0.0332968 -0.0601652 -0.0286021 -0.0667249 -0.0242151 -0.072764 -0.0194863 -0.0792897 -0.0141781 -0.0847454 -0.00889169 -0.0900766 -0.00334281 
4.273 0.142967 -0.0545268 0.133537 -0.0614775 0.124681 -0.0671549 0.115997 -0.0722763 0.105963 -0.0773056 0.0965667 -0.0815312 0.0867935 -0.0850361 
3.693 -0.265881 -0.396261 -0.295114 -0.378367 -0.320439 -0.361129 -0.344251 -0.343138 -0.369196 -0.322116 -0.391485 -0.30107 -0.4124 -0.279159 
2.176 -0.395316 -0.327092 -0.421131 -0.300933 -0.443072 -0.27648 -0.463309 -0.251424 -0.48392 -0.223165 -0.501699 -0.195432 -0.517798 -0.167249 
3.838 -0.150144 -0.29422 -0.173123 -0.283103 -0.193226 -0.272205 -0.212206 -0.260557 -0.23228 -0.246771 -0.250291 -0.232876 -0.267442 -0.218234 
4.465 0.238159 -0.102465 0.225563 -0.114778 0.213757 -0.125037 0.201895 -0.134506 0.18822 -0.144043 0.17501 -0.152518 0.16159 -0.159975 
3.934 -0.0933023 -0.011382 -0.0996584 -0.00421984 -0.105026 0.002473 -0.109815 0.00928819 -0.114808 0.0169775 -0.119026 0.0244493 -0.122819 0.0320541 
3.58 -0.339159 -0.173689 -0.355026 -0.151715 -0.368336 -0.131235 -0.380134 -0.1109 -0.391909 -0.0878352 -0.401729 -0.0655154 -0.41041 -0.0431091 
1.215 0.0464046 0.263923 0.0535319 0.264729 0.0598733 0.26527 0.0664846 0.265441 0.0732698 0.265159 0.0797967 0.26455 0.0860433 0.26375 
4.352 0.184057 -0.0483632 0.175184 -0.0579253 0.166911 -0.0660809 0.158615 -0.0735762 0.148827 -0.0811822 0.139399 -0.0878709 0.129813 -0.0938089 
3.809 -0.167265 -0.120271 -0.179848 -0.108475 -0.190543 -0.0975525 -0.20043 -0.0862259 -0.210624 -0.0732161 -0.219464 -0.0606091 -0.227622 -0.0476593 
4.289 0.155979 -0.0730174 0.145468 -0.0805032 0.135772 -0.0868916 0.126099 -0.092429 0.115083 -0.0979523 0.104562 -0.102766 0.0939387 -0.106725 
1.193 0.0642104 0.389248 0.0784984 0.389156 0.0912392 0.388569 0.103838 0.387345 0.117145 0.385135 0.12966 0.382446 0.141714 0.379312 
4.289 0.147761 -0.143556 0.132994 -0.150422 0.119518 -0.155758 0.106272 -0.160619 0.0914039 -0.164873 0.0773091 -0.168242 0.0632268 -0.170605 
2.186 -0.385043 -0.340104 -0.411574 -0.314335 -0.434201 -0.290081 -0.455028 -0.265409 -0.476357 -0.237198 -0.494854 -0.209849 -0.511648 -0.181685 
2.18 -0.44257 -0.198343 -0.460702 -0.169594 -0.475738 -0.143158 -0.489101 -0.116506 -0.50215 -0.0865427 -0.51272 -0.0579255 -0.521743 -0.0291227 
1.31 -0.109738 0.257074 -0.102394 0.26703 -0.0955213 0.27567 -0.0882893 0.283695 -0.0800988 0.291961 -0.0717481 0.299341 -0.0634935 0.306213 
3.621 -0.309026 -0.261348 -0.330062 -0.240862 -0.347942 -0.221921 -0.364416 -0.202447 -0.381401 -0.180171 -0.396023 -0.158448 -0.409444 -0.136231 
3.791 -0.176852 -0.095617 -0.187936 -0.0834082 -0.197483 -0.0717969 -0.206076 -0.0601567 -0.214893 -0.0468269 -0.222295 -0.0339569 -0.229084 -0.0207408 
1.271 -0.0289275 0.218039 -0.024169 0.22317 -0.0197085 0.227709 -0.0150335 0.231794 -0.0100625 0.235957 -0.00513997 0.239603 -0.000117295 0.243004 
1.286 -0.0707026 0.27625 -0.0624623 0.283889 -0.0548974 0.290434 -0.0469011 0.296486 -0.0380872 0.30246 -0.0293365 0.307695 -0.0207163 0.312422 
4.43 0.223778 -0.117532 0.210314 -0.128678 0.197675 -0.137708 0.185153 -0.146144 0.170799 -0.154452 0.157096 -0.161568 0.143177 -0.167675 
1.284 -0.043994 0.208451 -0.0397731 0.214411 -0.0358035 0.219645 -0.0311347 0.224556 -0.0263472 0.229588 -0.0214206 0.234169 -0.0162718 0.238384 
4.086 0.00325983 -0.175743 -0.0128105 -0.174001 -0.0270983 -0.171684 -0.0408732 -0.168798 -0.0557607 -0.164801 -0.0695348 -0.160339 -0.0827907 -0.155092 
1.293 -0.0754965 0.23242 -0.0697791 0.24024 -0.0642494 0.247176 -0.0584359 0.253582 -0.0518642 0.260214 -0.0451974 0.266114 -0.038482 0.271637 
1.437 0.183372 0.176948 0.185807 0.169023 0.187527 0.16206 0.18905 0.155101 0.190021 0.147449 0.190652 0.140295 0.190796 0.133149 
1.386 0.136803 0.228311 0.142036 0.223356 0.146537 0.218781 0.150708 0.21406 0.15476 0.208573 0.15843 0.20335 0.161609 0.1979 
4.105 0.0251746 -0.0716477 0.0152288 -0.0713581 0.00648647 -0.0705802 -0.00196474 -0.069449 -0.0112375 -0.0678131 -0.0196482 -0.0657671 -0.0280034 -0.0632827 
2.172 -0.411067 -0.309971 -0.435997 -0.282644 -0.457098 -0.257051 -0.47639 -0.231152 -0.495932 -0.201847 -0.512741 -0.173306 -0.527879 -0.14428 
2.176 -0.376825 -0.373661 -0.405469 -0.348018 -0.430014 -0.323889 -0.452715 -0.299224 -0.476046 -0.270922 -0.496353 -0.243244 -0.514968 -0.214924 
3.688 -0.258348 -0.340789 -0.284132 -0.323219 -0.306423 -0.306354 -0.327212 -0.289003 -0.348913 -0.2688 -0.368244 -0.248741 -0.386294 -0.227943 
2.188 -0.427503 -0.232585 -0.447665 -0.204658 -0.464575 -0.178798 -0.479836 -0.152631 -0.49489 -0.123389 -0.5074 -0.0950392 -0.51834 -0.0663517 
4.582 0.287467 -0.103835 0.274863 -0.119258 0.262931 -0.13235 0.25076 -0.144622 0.236607 -0.157215 0.222857 -0.168264 0.208661 -0.178209 
1.356 -0.111793 0.185166 -0.108542 0.195198 -0.105261 0.204218 -0.101376 0.212753 -0.0969887 0.221842 -0.0922356 0.230074 -0.0872324 0.23797 
1.017 0.10941 0.407739 0.124754 0.404933 0.138218 0.40187 0.151284 0.398188 0.165001 0.393152 0.177883 0.387848 0.190094 0.382046 
3.695 -0.252185 -0.239433 -0.271981 -0.222388 -0.288952 -0.206093 -0.304685 -0.189326 -0.320886 -0.170265 -0.334997 -0.151383 -0.348006 -0.132055 
4.008 -0.0385153 -0.057951 -0.0475832 -0.0539354 -0.0555833 -0.0498914 -0.063097 -0.0455367 -0.0711641 -0.0403778 -0.0783871 -0.0350533 -0.0852708 -0.0294027 
4.031 -0.0296124 -0.0908232 -0.0405863 -0.087371 -0.0502718 -0.0837243 -0.0593886 -0.0797407 -0.0692062 -0.0748714 -0.0781224 -0.0698037 -0.0866541 -0.0642905 
4.496 0.25391 -0.0613752 0.243951 -0.0747424 0.234475 -0.0864616 0.224841 -0.0971692 0.213435 -0.108273 0.20235 -0.118144 0.19081 -0.127003 
2.184 -0.41997 -0.257239 -0.441598 -0.229486 -0.459763 -0.203986 -0.476258 -0.177896 -0.492761 -0.148564 -0.506541 -0.120195 -0.518748 -0.0915657 
4.215 0.0963978 -0.0942474 0.0848929 -0.0982063 0.0745547 -0.101121 0.0640665 -0.103585 0.0523019 -0.105651 0.0412524 -0.106957 0.0302697 -0.107574 
2.17 -0.400794 -0.342159 -0.427728 -0.315444 -0.450441 -0.29063 -0.471525 -0.265193 -0.493015 -0.23605 -0.511555 -0.207961 -0.528541 -0.178913 
1.266 -0.0535817 0.290631 -0.0442882 0.297521 -0.036088 0.30333 -0.0274907 0.308553 -0.0179208 0.313685 -0.00887527 0.317953 0.000248615 0.321809 
1.297 -0.106314 0.202287 -0.102415 0.212042 -0.0984296 0.220691 -0.0939864 0.228933 -0.0888058 0.237463 -0.0834146 0.245293 -0.0776946 0.252561 
4.023 -0.0282427 -0.0332968 -0.0361731 -0.0299539 -0.0431885 -0.0265741 -0.049767 -0.0229372 -0.056924 -0.0186369 -0.0633081 -0.0142236 -0.0693311 -0.00939261 
3.961 -0.0843994 -0.128489 -0.0978036 -0.121748 -0.10956 -0.115111 -0.120507 -0.108078 -0.132145 -0.0997295 -0.142287 -0.0912622 -0.152232 -0.082364 
3.627 -0.317244 -0.378455 -0.345159 -0.357676 -0.369207 -0.337988 -0.391615 -0.317628 -0.414934 -0.294103 -0.435599 -0.270815 -0.454804 -0.246686 
4.336 0.184057 0.035187 0.179738 0.0260005 0.175573 0.017999 0.171143 0.0104682 0.165711 0.00255669 0.160367 -0.00470617 0.15467 -0.0112517 
4.328 0.262128 0.0358718 0.258053 0.0216475 0.253842 0.0092634 0.249265 -0.00264079 0.243251 -0.0152774 0.237018 -0.0268621 0.230199 -0.0378592 
4.176 0.0703739 -0.221627 0.0512936 -0.223716 0.0342237 -0.224617 0.0176367 -0.224735 -0.000648688 -0.22385 -0.0175852 -0.222108 -0.034347 -0.219472 
2.158 -0.434351 -0.298329 -0.458571 -0.269906 -0.479084 -0.243055 -0.497578 -0.216275 -0.516156 -0.185818 -0.532133 -0.156285 -0.546421 -0.126345 
0.785 -0.233694 0.331722 -0.224037 0.351006 -0.214696 0.367885 -0.204599 0.383889 -0.19275 0.400583 -0.180582 0.415807 -0.168021 0.430125 
3.914 -0.113163 -0.269566 -0.134805 -0.260605 -0.15375 -0.25167 -0.171775 -0.242124 -0.190857 -0.230571 -0.208124 -0.218771 -0.224513 -0.206154 
4.43 0.223093 -0.0839748 0.212028 -0.0957005 0.201586 -0.105544 0.191103 -0.114677 0.178976 -0.123925 0.167224 -0.131908 0.155186 -0.138952 
4.008 -0.0494727 -0.136022 -0.0629967 -0.131776 -0.0749342 -0.127322 -0.0862761 -0.122388 -0.0984588 -0.116342 -0.109507 -0.109991 -0.120121 -0.103085 
1.227 -0.014546 0.3372 -0.00273417 0.341472 0.00780386 0.345097 0.0184899 0.347998 0.0301295 0.350156 0.0412531 0.352093 0.0521653 0.353042 
1.254 0.0833858 0.267347 0.0908627 0.265762 0.0972627 0.264251 0.103682 0.262319 0.110087 0.259985 0.116145 0.257339 0.121917 0.254449 
4.488 0.249117 -0.0421997 0.240108 -0.0551919 0.231491 -0.0662045 0.222704 -0.076586 0.212316 -0.0875566 0.202143 -0.0973256 0.191617 -0.106182 
2.148 -0.435036 -0.340104 -0.461678 -0.311385 -0.484278 -0.284542 -0.504837 -0.257227 -0.525884 -0.22627 -0.543929 -0.196178 -0.560256 -0.165492 
1.341 0.117628 0.229681 0.123005 0.225697 0.127685 0.22244 0.13221 0.218619 0.136527 0.214478 0.140659 0.210147 0.144464 0.206175 
3.668 -0.293275 -0.399 -0.322413 -0.379653 -0.347608 -0.361058 -0.371294 -0.341685 -0.39599 -0.319097 -0.418033 -0.29664 -0.438561 -0.273331 
4.434 0.227202 -0.0127517 0.220126 -0.02455 0.213294 -0.034638 0.206365 -0.044283 0.197907 -0.0542814 0.189729 -0.0631869 0.180932 -0.0713907 
