0.79 -0.246706 0.324188 -0.237294 0.344357 -0.228069 0.362082 -0.218058 0.378946 -0.206253 0.3966 -0.194228 0.412624 -0.181559 0.427823 
4.164 0.231311 0.0913437 0.230238 0.0788632 0.22872 0.0679375 0.226876 0.0573146 0.223945 0.04587 0.220764 0.0353165 0.217059 0.0251906 
1.457 0.242953 0.274195 0.251422 0.262188 0.258214 0.251064 0.264728 0.240111 0.270602 0.227439 0.275655 0.215548 0.280086 0.203685 
0.821 -0.445309 0.261868 -0.439515 0.29364 -0.433012 0.32192 -0.42518 0.349272 -0.415041 0.378259 -0.403932 0.405221 -0.391639 0.431165 
3.547 0.293631 0.156403 0.296082 0.140206 0.297529 0.12567 0.298446 0.111523 0.298254 0.0959324 0.297283 0.0814436 0.295708 0.0672867 
0.959 -0.199452 0.287207 -0.191103 0.30339 -0.183031 0.317545 -0.174472 0.330958 -0.164446 0.344859 -0.154244 0.357476 -0.143605 0.36944 
0.925 -0.0933023 0.350897 -0.0817515 0.360963 -0.0710767 0.369539 -0.0601358 0.377375 -0.0478891 0.38518 -0.0359849 0.391835 -0.0238594 0.397969 
0.99 -0.176852 0.285838 -0.168558 0.300431 -0.160487 0.313172 -0.151897 0.325266 -0.142044 0.337714 -0.131937 0.349126 -0.121557 0.359743 
0.856 -0.0796055 0.37966 -0.0665642 0.389148 -0.0545556 0.397174 -0.0422391 0.404456 -0.0286871 0.411415 -0.0154645 0.417345 -0.00217662 0.422533 
3.975 -0.0713875 -0.0572661 -0.0803361 -0.0515387 -0.0880815 -0.0460436 -0.0952965 -0.0403465 -0.10298 -0.033669 -0.109758 -0.0270584 -0.116125 -0.0201093 
2.305 0.592905 0.122846 0.591031 0.0897288 0.587882 0.0603622 0.583577 0.0319443 0.576859 0.00129815 0.569149 -0.0269738 0.560068 -0.0541966 
1.642 -0.443254 -0.113423 -0.457139 -0.0836587 -0.468292 -0.0565241 -0.477815 -0.0294633 -0.486621 0.000496947 -0.493336 0.0291021 -0.498391 0.0576506 
0.984 -0.215203 0.272826 -0.207497 0.289894 -0.199918 0.304842 -0.191682 0.319087 -0.181992 0.333926 -0.172236 0.347444 -0.161814 0.360271 
1.667 -0.411752 -0.117532 -0.425883 -0.0898285 -0.437326 -0.0644904 -0.44717 -0.0391417 -0.456423 -0.0109642 -0.46366 0.0159135 -0.469366 0.0429715 
3.982 -0.0645391 -0.0784961 -0.0748557 -0.0731978 -0.0838734 -0.0679479 -0.0923372 -0.0624753 -0.101366 -0.0559601 -0.109456 -0.0493987 -0.117103 -0.0423564 
4.047 -0.0138611 -0.0339816 -0.0215087 -0.0317438 -0.0282541 -0.0294135 -0.0346778 -0.0268257 -0.0416411 -0.0236027 -0.0479854 -0.0202588 -0.0541003 -0.0166173 
4.195 0.0895494 0.0112176 0.0842389 0.00752101 0.0793276 0.00456359 0.0744746 0.00189116 0.0688223 -0.000771449 0.0635158 -0.00298685 0.0581639 -0.00474454 
4.105 0.0381865 -0.327092 0.0128922 -0.326988 -0.00960278 -0.325752 -0.0313938 -0.323568 -0.0551373 -0.319794 -0.0771263 -0.315106 -0.0984725 -0.309222 
0.847 -0.141926 0.357061 -0.130347 0.370295 -0.119518 0.381655 -0.108292 0.392305 -0.0955412 0.403005 -0.0828986 0.412467 -0.0700417 0.421276 
0.862 -0.221367 0.314601 -0.211815 0.332553 -0.202569 0.348054 -0.192729 0.362873 -0.181133 0.37821 -0.169482 0.392146 -0.157285 0.405282 
1.677 -0.404903 -0.130544 -0.419479 -0.103436 -0.431319 -0.0785721 -0.441621 -0.0537224 -0.451412 -0.0260823 -0.459201 0.000446704 -0.4655 0.0268617 
3.941 -0.0953568 -0.180537 -0.111762 -0.172991 -0.126081 -0.165522 -0.139632 -0.157574 -0.154041 -0.148117 -0.167024 -0.138483 -0.179268 -0.128227 
4.148 0.0505136 0.000260238 0.044579 -0.001405 0.0391833 -0.0026196 0.0339349 -0.00355373 0.0280666 -0.00422803 0.0225198 -0.0046013 0.017094 -0.00455766 
4.004 -0.0494727 -0.10452 -0.0614093 -0.099973 -0.0718983 -0.0953458 -0.0818684 -0.0903859 -0.092489 -0.0843352 -0.102155 -0.0781147 -0.111267 -0.0714167 
1.401 -0.122065 0.175579 -0.119593 0.186187 -0.116963 0.195602 -0.113947 0.20469 -0.110236 0.214345 -0.106172 0.22324 -0.101758 0.231879 
3.584 -0.343953 -0.199712 -0.361383 -0.177382 -0.375982 -0.156688 -0.389173 -0.135741 -0.402355 -0.112207 -0.413563 -0.0894991 -0.423332 -0.0663526 
3.324 -0.188495 0.109834 -0.189337 0.124138 -0.189549 0.137064 -0.189082 0.149625 -0.188019 0.163191 -0.186144 0.176011 -0.183681 0.188532 
0.827 -0.174798 0.355006 -0.163279 0.370385 -0.152561 0.38357 -0.14123 0.395958 -0.12832 0.408686 -0.115574 0.420031 -0.102414 0.43055 
3.961 -0.0871387 -0.206561 -0.105095 -0.199387 -0.120766 -0.1922 -0.135506 -0.184448 -0.151512 -0.175189 -0.165923 -0.165699 -0.179478 -0.155451 
4.203 0.0936584 -0.281893 0.070937 -0.285019 0.0506037 -0.286809 0.0307247 -0.287618 0.00895743 -0.287249 -0.0113939 -0.285844 -0.0312493 -0.283301 
4.262 0.236789 0.00984797 0.230842 -0.00284536 0.225077 -0.0137876 0.219068 -0.0242053 0.211537 -0.03513 0.203993 -0.0450456 0.196086 -0.0542289 
3.975 0.207341 0.0995617 0.206765 0.0883183 0.205654 0.0783804 0.204267 0.0688307 0.201882 0.0584418 0.199224 0.048925 0.196143 0.0397939 
2.27 0.566881 0.126955 0.565923 0.0949451 0.563522 0.0666025 0.560018 0.0390806 0.554291 0.00935683 0.54747 -0.018123 0.539365 -0.0447 
4.207 0.101192 -0.301068 0.0773172 -0.304609 0.0558273 -0.306727 0.0349515 -0.307786 0.011945 -0.307638 -0.00947003 -0.30639 -0.0304583 -0.303933 
4.211 0.10667 -0.31682 0.0817951 -0.320638 0.0594868 -0.322904 0.0377361 -0.324127 0.0138129 -0.32408 -0.00847609 -0.322867 -0.0302944 -0.320417 
0.877 -0.18644 0.321449 -0.176415 0.337125 -0.166858 0.350749 -0.156662 0.363693 -0.145033 0.376874 -0.133371 0.388746 -0.121313 0.399925 
4.238 0.247747 0.035187 0.243495 0.0218901 0.239155 0.0103227 0.234462 -0.000787416 0.22852 -0.0125679 0.222474 -0.0233231 0.215977 -0.0335166 
0.893 -0.234379 0.293371 -0.226257 0.311728 -0.218165 0.327889 -0.209364 0.343304 -0.198951 0.359474 -0.188346 0.374139 -0.177041 0.388109 
1.931 -0.169319 0.188591 -0.164896 0.201289 -0.160518 0.212422 -0.15562 0.223113 -0.149828 0.234362 -0.143794 0.244606 -0.137382 0.254457 
4.359 0.271716 0.0194357 0.266356 0.00470826 0.260907 -0.00811026 0.255018 -0.0203508 0.247654 -0.0332982 0.240147 -0.0450816 0.232265 -0.0561358 
0.796 -0.100151 0.398836 -0.0865174 0.409843 -0.07394 0.419146 -0.0610549 0.427706 -0.0466996 0.436015 -0.0327285 0.443214 -0.0185521 0.449606 
4.168 0.0655801 -0.112053 0.0528314 -0.114055 0.0412907 -0.115287 0.0301138 -0.115923 0.0178333 -0.11595 0.00627831 -0.115383 -0.00507472 -0.114061 
4.027 -0.0344062 -0.10589 -0.0463245 -0.102027 -0.0568573 -0.0980265 -0.0669184 -0.0936833 -0.0776964 -0.0882733 -0.0875009 -0.0826543 -0.0967704 -0.0765564 
4.129 0.0484591 -0.303123 0.0245721 -0.303655 0.00323492 -0.303095 -0.0174082 -0.301572 -0.0399231 -0.298564 -0.0608077 -0.294663 -0.0811188 -0.289641 
4.012 -0.0487878 -0.16547 -0.0641684 -0.160694 -0.0776995 -0.155696 -0.0906085 -0.150255 -0.104376 -0.143571 -0.116949 -0.136555 -0.128869 -0.128957 
3.59 -0.337105 -0.228476 -0.356232 -0.206691 -0.372395 -0.186338 -0.387125 -0.165787 -0.40199 -0.14247 -0.414847 -0.119862 -0.426344 -0.0968438 
3.561 -0.352171 -0.186016 -0.36879 -0.16331 -0.382623 -0.142366 -0.395073 -0.121257 -0.407432 -0.097488 -0.417847 -0.0745455 -0.426896 -0.0513579 
4.207 0.214875 0.0707985 0.212707 0.0592773 0.210285 0.049196 0.207559 0.0394937 0.203724 0.0291166 0.199733 0.0195595 0.195299 0.01047 
0.875 -0.098781 0.365279 -0.0864325 0.375774 -0.0750063 0.384716 -0.0632424 0.392923 -0.0501273 0.400954 -0.037496 0.407811 -0.0245727 0.414022 
0.759 -0.464484 0.31871 -0.455949 0.352174 -0.446919 0.381769 -0.43657 0.41022 -0.423594 0.440397 -0.409812 0.468251 -0.394807 0.494789 
4.211 0.277195 0.0851801 0.275638 0.0699887 0.273454 0.056674 0.270919 0.0437713 0.267137 0.0299544 0.263022 0.0170808 0.258264 0.0049073 
4.141 0.0436653 -0.151089 0.0287702 -0.151852 0.01544 -0.151856 0.00256492 -0.151254 -0.011619 -0.149758 -0.0247969 -0.147687 -0.0376391 -0.144819 
4.164 0.0676346 -0.29559 0.0442379 -0.297347 0.023293 -0.297892 0.00294629 -0.297499 -0.0193029 -0.295776 -0.0400685 -0.293088 -0.0602613 -0.289252 
0.886 -0.147404 0.3372 -0.136563 0.350654 -0.126355 0.362312 -0.115758 0.373178 -0.103626 0.384236 -0.0917181 0.39404 -0.0795504 0.403116 
4.047 -0.0241337 -0.149719 -0.0388871 -0.146402 -0.0519703 -0.142762 -0.0643903 -0.138645 -0.077885 -0.133401 -0.0901934 -0.127808 -0.101947 -0.121504 
4.34 0.286098 0.0228599 0.280689 0.00730457 0.275154 -0.00619481 0.269293 -0.0191446 0.261894 -0.0328005 0.254405 -0.0452468 0.24635 -0.0569513 
4.211 0.228571 0.0612108 0.225959 0.048964 0.223019 0.0382428 0.219782 0.0279134 0.215407 0.0168765 0.210823 0.00678939 0.205747 -0.00284623 
4.113 0.0333927 -0.0127517 0.0267077 -0.0129902 0.0207151 -0.0128697 0.0149796 -0.0124982 0.00859432 -0.0116687 0.00282106 -0.0105886 -0.0028538 -0.00915574 
2.424 -0.27273 0.177633 -0.26849 0.195691 -0.264036 0.211597 -0.258814 0.226963 -0.252329 0.243448 -0.245391 0.258564 -0.237849 0.273228 
0.913 -0.196713 0.302274 -0.187505 0.318529 -0.178772 0.332686 -0.169511 0.346033 -0.158589 0.359982 -0.147702 0.372492 -0.136353 0.384295 
1.933 0.205972 0.161882 0.207831 0.152454 0.208925 0.143926 0.209787 0.135599 0.209924 0.126385 0.20971 0.117758 0.208975 0.109453 
0.942 -0.167265 0.307068 -0.157724 0.321398 -0.148632 0.333789 -0.13925 0.345507 -0.128529 0.35751 -0.117891 0.368317 -0.106975 0.378482 
0.953 -0.229585 0.278989 -0.22191 0.296909 -0.214443 0.312571 -0.206096 0.327646 -0.196321 0.343324 -0.186358 0.357625 -0.175744 0.371266 
0.844 -0.197398 0.331037 -0.187177 0.347495 -0.177358 0.361871 -0.166933 0.375424 -0.154945 0.389409 -0.142923 0.402039 -0.130434 0.41385 
0.789 -0.0713875 0.416642 -0.0566153 0.426155 -0.0431541 0.434075 -0.0294208 0.441094 -0.0142894 0.447783 0.00035374 0.453358 0.0150224 0.458146 
0.787 -0.12549 0.396781 -0.111861 0.409575 -0.0991879 0.420442 -0.086114 0.430586 -0.0714919 0.440558 -0.0571399 0.449222 -0.042575 0.457102 
4.082 -0.000164361 -0.138077 -0.0142847 -0.136259 -0.0268691 -0.133888 -0.0388854 -0.131105 -0.0519585 -0.12729 -0.0639828 -0.123019 -0.0755715 -0.11807 
0.947 -0.118641 0.331722 -0.10803 0.343148 -0.0981992 0.352945 -0.0879081 0.362076 -0.0763464 0.371207 -0.0649808 0.379219 -0.0532563 0.386654 
4.133 0.0388714 -0.127804 0.0255604 -0.128396 0.0136715 -0.128272 0.00218032 -0.127661 -0.0104653 -0.126214 -0.0221787 -0.124335 -0.033572 -0.121704 
3.967 -0.0830297 -0.172319 -0.0991068 -0.165537 -0.113183 -0.158687 -0.126497 -0.151427 -0.140696 -0.14259 -0.153472 -0.133646 -0.165598 -0.124045 
3.988 -0.0672785 -0.16821 -0.0829762 -0.162345 -0.096891 -0.156388 -0.109968 -0.149934 -0.123972 -0.142043 -0.136758 -0.133989 -0.148679 -0.125316 
0.998 -0.253554 0.259814 -0.24656 0.278945 -0.239589 0.295758 -0.231906 0.311857 -0.222584 0.328833 -0.212859 0.344331 -0.202355 0.359199 
0.916 -0.21041 0.29748 -0.201732 0.314432 -0.193273 0.329297 -0.18422 0.343416 -0.17362 0.358057 -0.16284 0.37134 -0.151556 0.383979 
0.806 -0.154253 0.374866 -0.141768 0.389147 -0.130213 0.401433 -0.118092 0.412982 -0.104351 0.424559 -0.0908863 0.434799 -0.0770643 0.444234 
1.328 0.0929736 0.313231 0.103068 0.31094 0.111831 0.308565 0.120506 0.305852 0.129468 0.302261 0.137818 0.298504 0.145888 0.294461 
0.822 -0.104945 0.383769 -0.0918461 0.395017 -0.0796569 0.404565 -0.0671742 0.413389 -0.0532527 0.421961 -0.0396669 0.429377 -0.0258795 0.436067 
4.008 -0.0501575 -0.12438 -0.0630734 -0.119671 -0.0744402 -0.114892 -0.0852163 -0.109753 -0.0967824 -0.103548 -0.107296 -0.0971264 -0.117258 -0.0902756 
0.75 -0.311081 0.311861 -0.302568 0.335983 -0.293983 0.357142 -0.284352 0.377575 -0.27297 0.398911 -0.261014 0.41844 -0.248243 0.437047 
4.098 0.0101082 -0.162731 -0.00542266 -0.161506 -0.019189 -0.159675 -0.0325103 -0.157326 -0.0469488 -0.153843 -0.0602983 -0.149904 -0.0731861 -0.145195 
3.662 0.332667 0.155718 0.335268 0.137272 0.3366 0.120745 0.33725 0.104584 0.336719 0.0869621 0.335318 0.0704927 0.333071 0.0544452 
0.869 -0.161101 0.337885 -0.150329 0.352183 -0.140181 0.364561 -0.129526 0.376166 -0.117484 0.38799 -0.105537 0.398551 -0.0932372 0.408335 
0.981 -0.152883 0.302958 -0.143607 0.316305 -0.134854 0.327912 -0.125681 0.338871 -0.11514 0.350025 -0.10473 0.36006 -0.0940176 0.369455 
1.423 0.1505 0.189275 0.152967 0.183691 0.15484 0.178635 0.156564 0.173691 0.157991 0.168238 0.159072 0.163024 0.159883 0.157968 
0.833 -0.159732 0.36117 -0.147752 0.375763 -0.136429 0.388435 -0.124657 0.40026 -0.11135 0.41214 -0.0981882 0.422723 -0.0847029 0.432575 
3.996 -0.0617998 -0.190809 -0.0790442 -0.185239 -0.0942028 -0.179534 -0.108594 -0.173286 -0.12397 -0.165534 -0.137976 -0.157529 -0.151412 -0.148752 
0.922 -0.105629 0.341994 -0.0943686 0.352775 -0.083954 0.362037 -0.0731333 0.370539 -0.0610859 0.378985 -0.0492669 0.386342 -0.0371805 0.39308 
0.85 -0.12549 0.363224 -0.113346 0.375665 -0.102051 0.386181 -0.0903979 0.39604 -0.0773043 0.405824 -0.06435 0.414474 -0.0511979 0.422324 
0.943 -0.14535 0.320079 -0.135145 0.333211 -0.125583 0.344526 -0.11552 0.3552 -0.104102 0.365939 -0.092835 0.375579 -0.0811072 0.384463 
0.77 -0.139186 0.400205 -0.125411 0.413691 -0.112578 0.425194 -0.0993941 0.435843 -0.0845512 0.446395 -0.0700313 0.455641 -0.0552166 0.464033 
4.27 0.290892 0.0543624 0.287291 0.0384449 0.283368 0.0245352 0.279084 0.0111372 0.273321 -0.00315751 0.267329 -0.0162164 0.260817 -0.0285779 
1.332 -0.0953568 0.189275 -0.0923889 0.19842 -0.0890517 0.206518 -0.0854066 0.214319 -0.0812413 0.222475 -0.0767955 0.230055 -0.0720102 0.23738 
1.22 -0.272045 0.231735 -0.265624 0.251037 -0.259184 0.267946 -0.252007 0.284291 -0.243274 0.301473 -0.234183 0.317235 -0.22432 0.332222 
0.831 -0.0570059 0.400205 -0.0428603 0.40851 -0.0299278 0.415338 -0.0168925 0.421399 -0.00245713 0.427039 0.0114207 0.431609 0.0252923 0.43548 
3.385 -0.177537 -0.0387755 -0.185589 -0.0264377 -0.19234 -0.0150459 -0.198258 -0.00352518 -0.204143 0.00933003 -0.209026 0.0217087 -0.213058 0.0342468 
4.043 -0.026873 -0.178482 -0.0432912 -0.174996 -0.0578217 -0.17119 -0.0718271 -0.166799 -0.0868726 -0.16112 -0.100548 -0.155018 -0.113715 -0.148199 
0.771 -0.296699 0.305013 -0.28853 0.32789 -0.280063 0.348204 -0.270899 0.367577 -0.25967 0.387919 -0.248197 0.406546 -0.235874 0.42438 
0.895 -0.171374 0.323504 -0.161352 0.338266 -0.151806 0.351162 -0.141703 0.363278 -0.130169 0.375648 -0.118735 0.386722 -0.106972 0.397099 
0.897 -0.0823449 0.363909 -0.0702795 0.373277 -0.0590622 0.381284 -0.0476014 0.388573 -0.034814 0.395683 -0.0224307 0.401733 -0.0098305 0.407134 
0.76 -0.40011 0.287892 -0.392932 0.317443 -0.385402 0.343482 -0.376628 0.368546 -0.365575 0.395229 -0.353862 0.419743 -0.341061 0.443267 
4.375 0.25528 0.00710862 0.248987 -0.00650847 0.242802 -0.0183159 0.236383 -0.0295768 0.228448 -0.041332 0.220583 -0.0519949 0.212318 -0.0618718 
3.902 -0.120696 -0.213409 -0.138875 -0.204386 -0.15476 -0.195593 -0.169767 -0.186317 -0.185636 -0.175264 -0.200003 -0.164097 -0.213435 -0.152299 
1.421 -0.103575 0.120107 -0.104089 0.129474 -0.104161 0.137894 -0.10375 0.146323 -0.102897 0.155284 -0.101661 0.163661 -0.100024 0.172002 
2.732 0.152554 0.145446 0.153414 0.139325 0.153806 0.133827 0.154036 0.128457 0.153709 0.122458 0.153196 0.116905 0.152283 0.11152 
1.015 -0.197398 0.27351 -0.18976 0.289391 -0.182191 0.303305 -0.174244 0.316489 -0.164757 0.330241 -0.155139 0.342711 -0.144882 0.354549 
4.117 0.0395562 -0.0380907 0.0313783 -0.0387615 0.0239631 -0.038894 0.0168965 -0.0387081 0.00905365 -0.0380657 0.00183356 -0.0370289 -0.00521027 -0.0355782 
4.246 0.110779 -0.123011 0.0974172 -0.127814 0.0852052 -0.131507 0.0734199 -0.134487 0.0600792 -0.137013 0.0477505 -0.138674 0.0352228 -0.139639 
0.88 -0.130284 0.348158 -0.118856 0.360584 -0.108262 0.37116 -0.0973037 0.380933 -0.0848074 0.390887 -0.0726182 0.399629 -0.0601934 0.407599 
4.285 0.282674 0.0721682 0.280126 0.0567437 0.277212 0.0431969 0.273875 0.0301097 0.269205 0.016057 0.264237 0.00323876 0.258702 -0.00905011 
0.765 -0.422709 0.275565 -0.416395 0.306332 -0.409473 0.333567 -0.40122 0.359943 -0.390704 0.388038 -0.379401 0.413969 -0.36696 0.43885 
2.445 -0.365868 -0.140816 -0.379995 -0.117276 -0.391568 -0.0956414 -0.401679 -0.0739063 -0.411453 -0.0497588 -0.419401 -0.02654 -0.42594 -0.0032129 
4.121 0.0292837 -0.156568 0.0138917 -0.156537 0.000296015 -0.155759 -0.0128615 -0.154414 -0.0272288 -0.152087 -0.0405957 -0.149229 -0.0535628 -0.145543 
2.195 -0.424764 -0.201082 -0.442876 -0.173514 -0.457898 -0.148099 -0.471238 -0.122642 -0.484378 -0.0940391 -0.495278 -0.0665432 -0.504541 -0.0388664 
3.984 -0.0727572 -0.204506 -0.0905454 -0.198097 -0.106069 -0.191602 -0.120845 -0.184532 -0.136537 -0.175928 -0.150822 -0.167102 -0.164359 -0.15756 
4.539 0.275825 -0.129174 0.261633 -0.143805 0.248273 -0.156189 0.234858 -0.16771 0.219349 -0.179368 0.204301 -0.189592 0.188995 -0.198677 
1.246 -0.248076 0.222832 -0.241981 0.240547 -0.235884 0.256139 -0.229045 0.271066 -0.220799 0.286721 -0.212173 0.301003 -0.203008 0.314796 
4.027 0.223778 0.104356 0.223292 0.0923236 0.222261 0.0816702 0.220881 0.0713508 0.218529 0.0601705 0.215856 0.0498806 0.212727 0.0400594 
3.938 -0.102205 -0.119586 -0.11487 -0.111887 -0.125826 -0.104427 -0.136115 -0.0966553 -0.147025 -0.0875882 -0.156719 -0.0784814 -0.165854 -0.0689957 
1.269 0.0998219 0.23516 0.105075 0.232727 0.109591 0.230444 0.114022 0.227954 0.118441 0.224937 0.12252 0.221967 0.126365 0.218894 
0.798 -0.351486 0.283098 -0.344425 0.309348 -0.336942 0.332623 -0.32858 0.354981 -0.318059 0.378629 -0.306859 0.400421 -0.294864 0.421265 
1.257 -0.0255034 0.263923 -0.0179573 0.269155 -0.011185 0.273476 -0.0041263 0.277422 0.00368238 0.281221 0.0112376 0.284307 0.0188351 0.287117 
3.938 -0.102205 -0.213409 -0.120563 -0.205405 -0.13665 -0.197423 -0.151915 -0.188963 -0.16804 -0.178726 -0.182678 -0.168377 -0.196535 -0.157321 
3.951 -0.0919326 -0.153143 -0.106503 -0.145924 -0.119205 -0.138835 -0.131301 -0.131388 -0.144067 -0.122481 -0.155547 -0.113495 -0.166471 -0.103993 
1.247 0.107355 0.1475 0.107701 0.144491 0.107799 0.141868 0.107962 0.139399 0.107706 0.136649 0.107437 0.13416 0.106984 0.131752 
1.276 0.10941 0.174894 0.111589 0.172027 0.113236 0.169481 0.114849 0.166926 0.116263 0.1638 0.117522 0.160969 0.118672 0.15825 
3.645 -0.289166 -0.249021 -0.309561 -0.229649 -0.326883 -0.211582 -0.342912 -0.193053 -0.359271 -0.171908 -0.373595 -0.151277 -0.386552 -0.130117 
4.094 0.0135324 -0.135338 -0.000428323 -0.134335 -0.0127536 -0.132809 -0.0245393 -0.1307 -0.0375402 -0.127717 -0.0494534 -0.124233 -0.0610184 -0.120119 
4.078 0.0724284 0.0844953 0.0717168 0.0814684 0.0708372 0.0789326 0.0699911 0.0763728 0.068681 0.0736055 0.0673854 0.0710354 0.0659354 0.0686165 
1.214 0.0696891 0.257759 0.0762782 0.256989 0.0821165 0.256189 0.0878051 0.255149 0.093832 0.253601 0.0993867 0.25182 0.104785 0.249912 
1.292 -0.0700178 0.246802 -0.06323 0.254225 -0.0568912 0.260641 -0.0503532 0.266616 -0.0428782 0.272621 -0.03571 0.2779 -0.0281781 0.282778 
1.796 -0.278893 0.196124 -0.274035 0.215106 -0.269019 0.231983 -0.263135 0.248266 -0.255898 0.265569 -0.248135 0.281443 -0.23965 0.296675 
4.043 -0.0220792 -0.116162 -0.0349162 -0.113077 -0.0462817 -0.109728 -0.0569957 -0.105961 -0.0686251 -0.101133 -0.0793058 -0.0960161 -0.089599 -0.0903965 
1.687 -0.0905629 0.072853 -0.0938323 0.0815491 -0.0964858 0.0895121 -0.0984937 0.0974393 -0.100497 0.106179 -0.101809 0.114462 -0.102598 0.122771 
1.477 0.166251 0.156403 0.167548 0.149626 0.168466 0.143684 0.169076 0.137639 0.169227 0.131082 0.169111 0.124897 0.168675 0.118857 
2.111 -0.391892 -0.173689 -0.407842 -0.148739 -0.421 -0.12577 -0.432617 -0.102697 -0.443924 -0.0768092 -0.453374 -0.0520141 -0.461407 -0.0269845 
4.066 -0.00975209 -0.172319 -0.0257628 -0.169835 -0.0399463 -0.166943 -0.0534289 -0.163422 -0.0680091 -0.158724 -0.0815002 -0.153611 -0.0945329 -0.147834 
4.211 0.244323 0.0612108 0.241476 0.0478588 0.238329 0.0361498 0.234839 0.0248637 0.23007 0.0128713 0.225063 0.00181216 0.219589 -0.00863651 
0.709 -0.23027 0.384454 -0.218193 0.404284 -0.206524 0.421527 -0.194152 0.43788 -0.179731 0.454663 -0.165459 0.469812 -0.150444 0.484053 
1.345 0.132009 0.163252 0.133165 0.159 0.133883 0.155191 0.134633 0.151483 0.134881 0.14726 0.135043 0.143332 0.135083 0.139607 
3.584 -0.326147 -0.157252 -0.340987 -0.136162 -0.353371 -0.116652 -0.364575 -0.0970716 -0.375516 -0.0749723 -0.38468 -0.0537534 -0.392565 -0.0322285 
4.539 0.275825 -0.111368 0.262717 -0.125914 0.250364 -0.138224 0.237919 -0.149674 0.223428 -0.161367 0.209319 -0.171614 0.194992 -0.18078 
0.828 -0.219312 0.328982 -0.20914 0.346738 -0.19929 0.362242 -0.18886 0.37687 -0.176719 0.391991 -0.164559 0.405684 -0.151851 0.418502 
4.148 0.0484591 -0.16958 0.0322946 -0.170599 0.0178014 -0.170727 0.00377688 -0.170295 -0.011575 -0.168935 -0.0258641 -0.166891 -0.0397999 -0.163933 
4.172 0.0607862 -0.140816 0.046368 -0.142564 0.0333167 -0.143533 0.0207838 -0.143841 0.00687813 -0.143358 -0.00597198 -0.142222 -0.0184884 -0.140285 
4.035 -0.0357759 -0.158622 -0.0508808 -0.154683 -0.0640682 -0.150489 -0.0767146 -0.145767 -0.090372 -0.13983 -0.102635 -0.133618 -0.114555 -0.126768 
1.267 -0.0392001 0.251596 -0.0324574 0.257376 -0.026117 0.262352 -0.0197054 0.266882 -0.0125978 0.271294 -0.00566271 0.275168 0.00129088 0.278632 
4.375 0.199123 -0.0339816 0.190912 -0.0444752 0.183071 -0.0533905 0.175143 -0.0616361 0.165825 -0.0701655 0.156732 -0.0776419 0.147446 -0.0844276 
0.785 -0.33642 0.293371 -0.328881 0.31887 -0.321154 0.341223 -0.312346 0.362856 -0.301531 0.38567 -0.2902 0.40665 -0.277979 0.426744 
4.531 0.271031 -0.0921929 0.259085 -0.106541 0.247763 -0.11864 0.23632 -0.130075 0.222979 -0.141743 0.209933 -0.152038 0.196667 -0.161234 
0.833 -0.187125 0.341309 -0.17648 0.357294 -0.166279 0.371253 -0.155541 0.384349 -0.14331 0.397729 -0.131021 0.409813 -0.118329 0.421134 
0.789 -0.367922 0.283098 -0.360864 0.310405 -0.353373 0.33462 -0.344766 0.357927 -0.334107 0.382585 -0.322784 0.405296 -0.310528 0.427072 
4.207 0.0922887 -0.0545268 0.0830801 -0.0582939 0.0748226 -0.0611606 0.0665479 -0.063661 0.0571637 -0.0658384 0.0486052 -0.0673851 0.0399799 -0.0684034 
4.211 0.0874949 -0.133283 0.073686 -0.136707 0.0610754 -0.139189 0.0490568 -0.140956 0.0354709 -0.142164 0.0229013 -0.142592 0.0102807 -0.142296 
0.71 -0.217258 0.396781 -0.204703 0.415923 -0.192608 0.432575 -0.179961 0.448228 -0.165325 0.464307 -0.150734 0.478772 -0.135651 0.492295 
3.656 -0.283002 -0.268196 -0.304328 -0.249264 -0.322571 -0.231425 -0.33946 -0.213146 -0.356758 -0.192224 -0.37207 -0.171722 -0.386006 -0.15067 
4.156 0.0553075 -0.121641 0.0423421 -0.123138 0.0306131 -0.123886 0.019274 -0.12407 0.00689577 -0.123565 -0.00468895 -0.122497 -0.0161562 -0.120729 
3.318 -0.197398 0.0317628 -0.20182 0.0451248 -0.204892 0.0573917 -0.207424 0.0694586 -0.209406 0.0827665 -0.210399 0.0954013 -0.210657 0.107882 
2.465 0.597699 0.0536776 0.591769 0.0203086 0.584937 -0.00911603 0.577072 -0.03738 0.566518 -0.0676629 0.555273 -0.0954221 0.542685 -0.122051 
4.227 0.21145 0.0571018 0.208694 0.0458175 0.20572 0.0359385 0.202488 0.0264322 0.198159 0.0162619 0.193546 0.00697101 0.188596 -0.00182533 
1.275 -0.0535817 0.263923 -0.0460356 0.270442 -0.0390394 0.276021 -0.0318709 0.281216 -0.0239224 0.286289 -0.0161889 0.290695 -0.00832774 0.294636 
1.117 -0.291905 0.247487 -0.284019 0.267276 -0.276181 0.284384 -0.26748 0.301014 -0.257175 0.318246 -0.246575 0.33407 -0.235323 0.349461 
3.588 -0.33642 -0.211355 -0.354615 -0.189185 -0.369973 -0.168661 -0.383834 -0.147908 -0.397721 -0.124446 -0.409614 -0.1017 -0.420085 -0.0786814 
4.219 0.0991371 -0.0798658 0.088505 -0.0839036 0.0787978 -0.0870456 0.0693022 -0.0896619 0.0585432 -0.0919145 0.0485526 -0.0934722 0.0385058 -0.0944584 
3.461 -0.371346 -0.206561 -0.389321 -0.182609 -0.404342 -0.160429 -0.417841 -0.138122 -0.431252 -0.113004 -0.442594 -0.0886793 -0.452445 -0.064094 
4.223 0.0970826 -0.233269 0.0774079 -0.236686 0.0596868 -0.238819 0.042432 -0.240134 0.0234231 -0.240422 0.00564476 -0.239824 -0.0117041 -0.238169 
0.816 -0.289851 0.292686 -0.281982 0.315157 -0.273933 0.3351 -0.265134 0.354113 -0.254383 0.37419 -0.243227 0.392527 -0.231332 0.410054 
0.819 -0.304232 0.288577 -0.296562 0.31188 -0.288824 0.33232 -0.280201 0.35195 -0.269671 0.372679 -0.258688 0.391609 -0.2469 0.409781 
4.207 0.186796 0.0879195 0.185527 0.0780855 0.183886 0.0694542 0.182056 0.0611063 0.179288 0.0521646 0.176334 0.0439211 0.173045 0.0361685 
3.6 -0.314505 -0.176428 -0.330502 -0.155666 -0.343955 -0.136491 -0.35608 -0.117138 -0.368194 -0.0953059 -0.378455 -0.0742492 -0.387425 -0.0530244 
4.199 0.0854404 -0.0860293 0.0744969 -0.0894931 0.0644879 -0.0920829 0.054973 -0.0940969 0.044039 -0.095765 0.0339674 -0.0967262 0.0238872 -0.0970868 
0.696 -0.283687 0.361855 -0.273073 0.385076 -0.262432 0.405459 -0.251072 0.42482 -0.23759 0.44491 -0.223775 0.463242 -0.20921 0.48061 
0.885 -0.114532 0.354321 -0.102833 0.365764 -0.0920807 0.375529 -0.0808995 0.38459 -0.0683427 0.393593 -0.0561527 0.401467 -0.0437515 0.4087 
4.168 0.0683194 0.000945076 0.0626671 -0.00154519 0.0574113 -0.00349876 0.0523709 -0.00513695 0.0465123 -0.00667161 0.0410503 -0.00778314 0.0353812 -0.00853535 
0.696 -0.267936 0.381715 -0.256043 0.403881 -0.244578 0.423293 -0.232154 0.441636 -0.217777 0.460695 -0.203263 0.478028 -0.188069 0.494288 
1.278 -0.0570059 0.238584 -0.0508657 0.245317 -0.0451516 0.251236 -0.0392305 0.256685 -0.0326104 0.262135 -0.0260373 0.266971 -0.0193815 0.271419 
3.369 -0.147404 -0.0278181 -0.154847 -0.0173621 -0.161088 -0.00772169 -0.166687 0.00201693 -0.172239 0.0129539 -0.176891 0.0234846 -0.180866 0.0343241 
0.749 -0.361759 0.300219 -0.353993 0.327371 -0.346048 0.351269 -0.336871 0.374423 -0.325573 0.398914 -0.313745 0.42132 -0.300938 0.442806 
4.168 0.248432 0.0920285 0.247333 0.0784664 0.245875 0.0665284 0.243811 0.0549082 0.240706 0.0423652 0.237139 0.0307657 0.233091 0.0196406 
1.349 0.101876 0.300904 0.111345 0.298253 0.119607 0.295645 0.127665 0.292654 0.136101 0.288797 0.143879 0.284802 0.15136 0.280568 
0.744 -0.348747 0.309807 -0.340452 0.336228 -0.331995 0.3596 -0.3224 0.38202 -0.310627 0.40575 -0.298378 0.427456 -0.285203 0.448226 
4.09 0.260759 0.100247 0.260058 0.0860349 0.258857 0.0734082 0.257212 0.0612415 0.254412 0.0481035 0.251263 0.035936 0.247569 0.0241995 
4.258 0.199123 0.0769621 0.197389 0.0662305 0.195286 0.0567354 0.192912 0.0476776 0.189594 0.0378485 0.186056 0.0287635 0.182197 0.0202201 
0.699 -0.253554 0.383769 -0.241492 0.405169 -0.229865 0.423765 -0.217475 0.441391 -0.202941 0.459616 -0.188364 0.476116 -0.173144 0.491604 
3.637 -0.296699 -0.22916 -0.316015 -0.20956 -0.332416 -0.191202 -0.347477 -0.172562 -0.362803 -0.151221 -0.376211 -0.130457 -0.388191 -0.109353 
4.586 0.29774 -0.155883 0.282115 -0.171911 0.267541 -0.185378 0.252823 -0.197847 0.235779 -0.210548 0.219377 -0.22147 0.202664 -0.231293 
4.426 0.220353 -0.150404 0.20496 -0.161685 0.190779 -0.170936 0.176608 -0.179352 0.160512 -0.187558 0.145077 -0.194506 0.129559 -0.2004 
3.922 -0.113163 -0.0812354 -0.123539 -0.0727146 -0.132568 -0.0647238 -0.140733 -0.0564655 -0.149576 -0.0470225 -0.157213 -0.0376825 -0.163998 -0.0280147 
4.191 0.0765375 -0.25039 0.0558949 -0.252664 0.0374455 -0.25378 0.0194472 -0.254082 -0.000292225 -0.253209 -0.0186482 -0.251476 -0.0366315 -0.248727 
3.801 0.0799616 0.117367 0.0800247 0.114966 0.0800291 0.112933 0.0800912 0.110972 0.0796544 0.10882 0.0791806 0.106879 0.0786186 0.104642 
3.566 -0.331626 -0.130544 -0.345057 -0.10903 -0.356115 -0.0892353 -0.365923 -0.0692987 -0.375383 -0.0470657 -0.383248 -0.0257251 -0.389729 -0.00422147 
4.211 0.238844 0.0749075 0.236922 0.0619763 0.234594 0.0505896 0.231958 0.0396384 0.228221 0.0278648 0.224171 0.0169906 0.219694 0.00659741 
4.41 0.210766 -0.0627448 0.200537 -0.0735867 0.190951 -0.0827209 0.181274 -0.0912005 0.170078 -0.0999419 0.159246 -0.107469 0.148231 -0.114217 
4.586 0.294316 -0.116847 0.280664 -0.13249 0.267847 -0.14573 0.254856 -0.158086 0.239788 -0.17072 0.225126 -0.181812 0.210107 -0.191841 
0.729 -0.37614 0.306383 -0.368246 0.334573 -0.360111 0.3595 -0.350719 0.383491 -0.339156 0.408945 -0.327006 0.432307 -0.313757 0.454692 
2.803 0.29774 0.1927 0.302203 0.176705 0.305213 0.162254 0.307535 0.148009 0.308981 0.132341 0.309641 0.117669 0.309544 0.103256 
1.254 -0.0193398 0.250226 -0.0126993 0.255112 -0.00662258 0.25918 -0.000447174 0.262926 0.00630122 0.266507 0.0128389 0.269524 0.0195837 0.272262 
3.736 -0.211779 -0.199712 -0.229142 -0.185349 -0.244047 -0.171675 -0.25792 -0.157577 -0.272201 -0.141492 -0.284829 -0.125745 -0.296337 -0.109438 
4.008 -0.0426243 -0.0784961 -0.0532079 -0.0743464 -0.0624197 -0.0700988 -0.0711309 -0.0655443 -0.0804839 -0.0600067 -0.0888493 -0.0543234 -0.0966924 -0.0481768 
1.6 0.189536 0.233105 0.195335 0.224524 0.200049 0.216708 0.204433 0.20888 0.208434 0.199996 0.211881 0.191619 0.214782 0.183092 
4.008 -0.0392001 -0.0415149 -0.0475755 -0.0377748 -0.0549888 -0.0340175 -0.0618403 -0.0299774 -0.0692367 -0.0251379 -0.075865 -0.0201809 -0.0821203 -0.0148942 
4.055 -0.00701274 -0.0558965 -0.0160016 -0.0540734 -0.0239697 -0.052035 -0.0315842 -0.0496494 -0.039904 -0.0466441 -0.0475344 -0.0433131 -0.0548223 -0.0396062 
3.609 -0.300808 -0.14698 -0.315056 -0.12735 -0.327053 -0.109133 -0.337733 -0.0908401 -0.348395 -0.0701589 -0.357318 -0.0503073 -0.365024 -0.030146 
0.743 -0.327517 0.311861 -0.319041 0.336927 -0.310495 0.359084 -0.300849 0.380341 -0.289185 0.402706 -0.277067 0.423247 -0.264007 0.442826 
3.625 -0.280263 -0.129859 -0.293614 -0.111267 -0.304722 -0.0940914 -0.314694 -0.0767848 -0.324533 -0.0574164 -0.332785 -0.0386441 -0.339835 -0.0198029 
3.621 -0.293275 -0.162731 -0.308405 -0.143348 -0.321109 -0.125481 -0.332626 -0.107448 -0.344073 -0.0870785 -0.353856 -0.0674428 -0.362356 -0.0475742 
3.652 -0.259033 -0.116162 -0.271474 -0.099095 -0.281874 -0.0832717 -0.291199 -0.067403 -0.300485 -0.0494496 -0.308264 -0.0321759 -0.315008 -0.014616 
0.889 -0.246021 0.285838 -0.237789 0.304987 -0.229703 0.321757 -0.220888 0.337739 -0.210403 0.354508 -0.199696 0.36976 -0.188331 0.384164 
1.376 0.112834 0.285153 0.121289 0.281908 0.128729 0.278678 0.135943 0.275222 0.14336 0.270872 0.150207 0.26647 0.156715 0.261928 
1.184 -0.258348 0.23516 -0.251736 0.253472 -0.245176 0.269629 -0.237913 0.285178 -0.229201 0.301418 -0.220153 0.31648 -0.210415 0.330748 
4.559 0.27788 -0.0600055 0.2678 -0.0748712 0.25816 -0.0877613 0.248243 -0.0997713 0.236505 -0.112306 0.224979 -0.123284 0.213109 -0.133454 
1.291 -0.0700178 0.262553 -0.062662 0.269923 -0.0558946 0.276335 -0.0489073 0.282215 -0.0410352 0.288167 -0.0333251 0.29336 -0.0254805 0.298154 
3.684 -0.255609 -0.204506 -0.273383 -0.187328 -0.288523 -0.171316 -0.302535 -0.154862 -0.316796 -0.136124 -0.329227 -0.117825 -0.340448 -0.0990802 
4.293 0.156663 -0.0545268 0.147211 -0.062133 0.138365 -0.0683327 0.129562 -0.0739706 0.11945 -0.0795509 0.109804 -0.0843592 0.100084 -0.0884837 
1.27 0.101876 0.209821 0.105831 0.207286 0.109146 0.204803 0.112525 0.202276 0.115699 0.199385 0.11862 0.196477 0.121351 0.193552 
3.119 0.596329 -0.247651 0.57319 -0.280294 0.551141 -0.308241 0.528696 -0.334611 0.502359 -0.361683 0.476454 -0.385859 0.449826 -0.408039 
3.637 -0.274099 -0.146295 -0.288351 -0.128187 -0.30035 -0.111327 -0.311179 -0.0943879 -0.321962 -0.0752833 -0.33119 -0.0567907 -0.339197 -0.0380043 
1.487 0.155979 0.259814 0.163213 0.253314 0.16924 0.247316 0.175087 0.241149 0.180777 0.234039 0.185875 0.227147 0.190518 0.220146 
3.764 -0.191919 -0.184646 -0.208472 -0.17134 -0.222708 -0.158618 -0.235917 -0.145543 -0.24959 -0.130628 -0.261662 -0.115911 -0.272697 -0.100751 
3.99 -0.0659088 -0.12575 -0.0789686 -0.119794 -0.0904685 -0.113878 -0.1012 -0.107618 -0.112797 -0.100136 -0.123138 -0.0924961 -0.132901 -0.0844067 
0.707 -0.341214 0.330352 -0.332085 0.356542 -0.322937 0.379645 -0.312677 0.401836 -0.300236 0.425143 -0.287452 0.446448 -0.27364 0.466889 
1.313 -0.0926174 0.23242 -0.0867843 0.241495 -0.0811508 0.249426 -0.075229 0.256949 -0.0684168 0.264618 -0.0616203 0.271519 -0.0545145 0.278013 
3.188 0.57236 -0.233269 0.550386 -0.264545 0.529571 -0.291209 0.507953 -0.316519 0.482836 -0.342522 0.458077 -0.365615 0.432576 -0.386966 
1.438 -0.165895 0.269401 -0.156863 0.281816 -0.148364 0.292497 -0.139437 0.302587 -0.129221 0.312825 -0.119039 0.321979 -0.108621 0.330604 
3.648 -0.279578 -0.202452 -0.297303 -0.184034 -0.312342 -0.166867 -0.326189 -0.149371 -0.340251 -0.129508 -0.352469 -0.110037 -0.363382 -0.0902313 
3.756 -0.191919 -0.167525 -0.207708 -0.154157 -0.221189 -0.141619 -0.233747 -0.128676 -0.246676 -0.113785 -0.258045 -0.0992877 -0.268462 -0.0842272 
1.213 0.0505136 0.248856 0.0569751 0.249408 0.0629221 0.249643 0.0684583 0.249668 0.0747842 0.249226 0.0803995 0.248552 0.0858341 0.2476 
3.689 -0.243967 -0.18807 -0.260853 -0.171612 -0.275302 -0.156179 -0.288597 -0.14047 -0.302209 -0.122456 -0.314063 -0.104942 -0.324716 -0.0869497 
3.674 -0.266566 -0.225736 -0.285536 -0.207777 -0.301732 -0.191012 -0.316703 -0.173852 -0.331956 -0.154193 -0.345272 -0.134961 -0.357354 -0.11529 
0.702 -0.241912 0.392672 -0.229719 0.413361 -0.217872 0.431346 -0.205302 0.448385 -0.190759 0.465965 -0.176227 0.481848 -0.160977 0.496648 
3.744 -0.204931 -0.173689 -0.220904 -0.159643 -0.234624 -0.146466 -0.24732 -0.132933 -0.260446 -0.117324 -0.271962 -0.1021 -0.282432 -0.0863568 
3.855 -0.120696 -0.0196001 -0.127694 -0.0106705 -0.13362 -0.0023984 -0.138956 0.00598522 -0.144358 0.0154252 -0.148871 0.0245545 -0.152824 0.0338672 
1.69 -0.215203 0.231051 -0.208304 0.246272 -0.201533 0.259503 -0.194248 0.272352 -0.185479 0.285571 -0.17665 0.297618 -0.167375 0.30909 
3.676 -0.265881 -0.247651 -0.28609 -0.229869 -0.303414 -0.213189 -0.319463 -0.196027 -0.335949 -0.176345 -0.350429 -0.15706 -0.363677 -0.137255 
3.656 -0.280948 -0.222997 -0.299781 -0.204296 -0.315775 -0.186798 -0.330517 -0.169039 -0.345513 -0.148724 -0.358585 -0.129042 -0.370399 -0.108876 
4.316 0.172415 0.0427202 0.16865 0.0338598 0.164804 0.0261184 0.16087 0.0188377 0.155926 0.0110803 0.150974 0.0040885 0.145793 -0.00241161 
0.688 -0.283687 0.38103 -0.27193 0.404492 -0.260504 0.424797 -0.248212 0.444231 -0.233854 0.464383 -0.219245 0.482644 -0.204013 0.499859 
3.691 -0.253554 -0.262033 -0.274726 -0.244981 -0.292932 -0.228808 -0.309916 -0.212164 -0.327378 -0.192869 -0.34282 -0.173905 -0.356963 -0.154357 
4.594 0.299795 -0.139447 0.284867 -0.155381 0.270874 -0.16876 0.256798 -0.181282 0.240454 -0.19398 0.22466 -0.204998 0.208564 -0.214972 
3.711 -0.239173 -0.247651 -0.259371 -0.23144 -0.276699 -0.216044 -0.292865 -0.200205 -0.309542 -0.182018 -0.32432 -0.164078 -0.337832 -0.145646 
1.257 -0.0282427 0.281044 -0.0200193 0.286195 -0.0124929 0.290476 -0.0047917 0.294374 0.00362816 0.298044 0.0117785 0.301119 0.0200052 0.303769 
1.263 -0.0830297 0.312546 -0.0725204 0.320764 -0.0628946 0.327464 -0.0529383 0.333698 -0.0418432 0.339772 -0.0310226 0.344994 -0.0199346 0.349808 
3.676 -0.265197 -0.270251 -0.286784 -0.252353 -0.305346 -0.235434 -0.322584 -0.217987 -0.340311 -0.197934 -0.355977 -0.178297 -0.370344 -0.158083 
1.903 -0.197398 0.185166 -0.19339 0.199381 -0.189352 0.211904 -0.184571 0.223956 -0.178565 0.236823 -0.172334 0.248583 -0.16571 0.259722 
3.688 -0.233694 -0.144925 -0.247878 -0.129139 -0.259929 -0.114488 -0.270935 -0.0994876 -0.282001 -0.0825336 -0.291563 -0.0660317 -0.300083 -0.0492784 
4.086 0.00668402 -0.118217 -0.00606248 -0.117006 -0.0174158 -0.115304 -0.0283035 -0.113069 -0.0401852 -0.109981 -0.0511273 -0.106495 -0.061629 -0.102458 
3.664 -0.276154 -0.236694 -0.295759 -0.218375 -0.312544 -0.201114 -0.328036 -0.183373 -0.343863 -0.163347 -0.357751 -0.143652 -0.370351 -0.123437 
3.664 -0.256294 -0.153143 -0.270916 -0.136004 -0.283283 -0.120091 -0.294521 -0.10396 -0.305856 -0.0856514 -0.31556 -0.0679412 -0.324086 -0.0499085 
4.441 0.229256 -0.0627448 0.219204 -0.0746458 0.209683 -0.0848275 0.200083 -0.094242 0.188816 -0.10375 0.177812 -0.112335 0.166618 -0.119957 
0.835 -0.115217 0.372812 -0.102607 0.384528 -0.0908767 0.39458 -0.0788136 0.403816 -0.0653414 0.41293 -0.0521077 0.420893 -0.0386818 0.428132 
1.624 0.202548 0.187221 0.205505 0.177945 0.207741 0.16966 0.20965 0.161461 0.211022 0.152399 0.211975 0.143957 0.212437 0.135493 
3.547 -0.306972 -0.108629 -0.319244 -0.0883854 -0.329365 -0.0699536 -0.338265 -0.0513155 -0.346966 -0.0305185 -0.354001 -0.0105354 -0.359912 0.00952014 
3.396 0.434023 -0.032612 0.424709 -0.056464 0.415279 -0.0772642 0.405322 -0.0970993 0.393026 -0.118126 0.380421 -0.136987 0.367177 -0.15493 
4.164 0.0580468 -0.249021 0.0377535 -0.250469 0.0195388 -0.250863 0.00186123 -0.250396 -0.0175096 -0.248764 -0.0355489 -0.246335 -0.0531357 -0.242909 
0.936 -0.132338 0.325558 -0.121845 0.337884 -0.112111 0.348461 -0.101915 0.358375 -0.0904974 0.368357 -0.0790926 0.377281 -0.067544 0.385391 
3.678 -0.235064 -0.117532 -0.247636 -0.101746 -0.258225 -0.0871041 -0.267784 -0.072394 -0.277386 -0.0556671 -0.285567 -0.0394618 -0.292689 -0.0229169 
4.188 0.078592 -0.0600055 0.0691943 -0.063168 0.0605295 -0.0655286 0.0519883 -0.0674834 0.0426253 -0.0690229 0.0336704 -0.0700216 0.0249699 -0.07042 
0.724 -0.322038 0.324873 -0.312905 0.349728 -0.303792 0.371458 -0.293586 0.392588 -0.281319 0.414741 -0.268661 0.434914 -0.255116 0.454201 
3.709 -0.228215 -0.181907 -0.244791 -0.166481 -0.259 -0.151847 -0.272066 -0.136999 -0.285399 -0.120002 -0.297116 -0.103351 -0.307712 -0.0862544 
3.732 -0.188495 -0.0545268 -0.197442 -0.041381 -0.204868 -0.0292887 -0.211482 -0.0171394 -0.218063 -0.00347172 -0.223534 0.00962785 -0.228079 0.0229306 
0.715 -0.300808 0.334461 -0.291313 0.35824 -0.281743 0.37912 -0.271308 0.399077 -0.258961 0.419918 -0.24611 0.439065 -0.232565 0.457201 
3.67 -0.259033 -0.190809 -0.276122 -0.17351 -0.2907 -0.157312 -0.304173 -0.140906 -0.317755 -0.122067 -0.329655 -0.10382 -0.340352 -0.0850901 
3.699 -0.247391 -0.221627 -0.266134 -0.205019 -0.282095 -0.18942 -0.296927 -0.17349 -0.312192 -0.155128 -0.325593 -0.137214 -0.337779 -0.118788 
3.443 0.401835 0.0297083 0.39636 0.00735682 0.390366 -0.0121692 0.383764 -0.0308712 0.375247 -0.0509314 0.366226 -0.0692352 0.35644 -0.0866001 
3.775 -0.190549 -0.212724 -0.208783 -0.199436 -0.224553 -0.186664 -0.23922 -0.173606 -0.254513 -0.158508 -0.268085 -0.143451 -0.280578 -0.127964 
3.746 -0.215203 -0.242172 -0.235188 -0.227426 -0.252416 -0.213284 -0.268527 -0.1988 -0.285267 -0.181967 -0.300079 -0.165241 -0.313837 -0.14809 
3.771 -0.200137 -0.288741 -0.222649 -0.274762 -0.242254 -0.261162 -0.260704 -0.247028 -0.280002 -0.230496 -0.297217 -0.214064 -0.313342 -0.197019 
4.223 0.295686 0.089974 0.294528 0.0735506 0.292669 0.0591061 0.290335 0.0451345 0.286624 0.0300757 0.28247 0.0161796 0.277573 0.00285927 
3.756 -0.21041 -0.355855 -0.236928 -0.341232 -0.259974 -0.327008 -0.281642 -0.312107 -0.304529 -0.294354 -0.32505 -0.276764 -0.344248 -0.258254 
4.418 0.219669 -0.0264484 0.2118 -0.0378925 0.204212 -0.0476888 0.196535 -0.0568992 0.187376 -0.0663861 0.178365 -0.0748993 0.169121 -0.0826205 
4.316 0.167621 -0.196288 0.149615 -0.204143 0.133218 -0.210274 0.117091 -0.215551 0.0990176 -0.220278 0.0819173 -0.223765 0.0649554 -0.226205 
0.92 -0.181646 0.308437 -0.172199 0.323816 -0.163306 0.337143 -0.153746 0.349948 -0.142795 0.363062 -0.131724 0.374852 -0.120298 0.385929 
4.137 0.0470894 -0.0641145 0.0374312 -0.0651304 0.0287045 -0.0654255 0.0203095 -0.0654106 0.0110468 -0.0648648 0.0024743 -0.0639013 -0.00585578 -0.0624272 
3.691 -0.253554 -0.360649 -0.280345 -0.343408 -0.303547 -0.326829 -0.325337 -0.309534 -0.348027 -0.289268 -0.368374 -0.26933 -0.38726 -0.248495 
3.641 -0.291905 -0.214779 -0.310264 -0.195353 -0.325847 -0.177279 -0.340071 -0.15889 -0.354544 -0.137944 -0.367099 -0.117727 -0.378377 -0.0969622 
3.619 -0.302178 -0.182591 -0.318326 -0.162943 -0.331959 -0.144601 -0.344307 -0.126089 -0.356696 -0.105237 -0.367308 -0.0849703 -0.376638 -0.0644768 
3.668 -0.246021 -0.132598 -0.259409 -0.116179 -0.270764 -0.100834 -0.281018 -0.0853917 -0.291301 -0.067883 -0.300058 -0.050957 -0.307753 -0.0337551 
4.074 0.000520477 -0.0819203 -0.0100248 -0.0803805 -0.0193355 -0.0786623 -0.0283139 -0.0762747 -0.0380886 -0.073342 -0.0470679 -0.070089 -0.0556597 -0.0663653 
1.588 0.177893 0.292001 0.187109 0.284394 0.194855 0.27713 0.202333 0.269841 0.209805 0.261499 0.216441 0.25316 0.222572 0.244597 
3.633 -0.243282 -0.0867141 -0.25419 -0.0704648 -0.263336 -0.0554373 -0.271348 -0.0403207 -0.279282 -0.0234098 -0.285914 -0.00708204 -0.291462 0.00929638 
4.398 0.217614 0.00162991 0.211682 -0.0101287 0.205818 -0.020322 0.199786 -0.0299321 0.192359 -0.040021 0.184999 -0.0491121 0.177311 -0.0575872 
3.645 -0.26999 -0.160677 -0.285078 -0.142631 -0.297807 -0.125959 -0.309362 -0.109088 -0.320983 -0.0899298 -0.330903 -0.0714537 -0.339598 -0.0525281 
2.475 0.21556 0.1927 0.219043 0.182792 0.221686 0.173866 0.224051 0.165053 0.225796 0.155239 0.227062 0.145981 0.227967 0.136872 
4.379 0.197754 -0.0757567 0.187045 -0.085852 0.177004 -0.0943811 0.167009 -0.102171 0.155418 -0.110081 0.144261 -0.116832 0.132916 -0.122751 
3.713 -0.238488 -0.324353 -0.263362 -0.307828 -0.28483 -0.292044 -0.305042 -0.275622 -0.326014 -0.256484 -0.344748 -0.237552 -0.362102 -0.217875 
3.379 -0.141241 0.100931 -0.140913 0.110658 -0.140279 0.119308 -0.139134 0.127768 -0.137542 0.136888 -0.135597 0.145459 -0.133201 0.153714 
4.051 -0.0152308 -0.0757567 -0.025586 -0.0728534 -0.0347097 -0.0697825 -0.043348 -0.0663966 -0.0526691 -0.0621957 -0.0610964 -0.0577731 -0.0691615 -0.0528582 
3.914 -0.115902 -0.227791 -0.134763 -0.219106 -0.151315 -0.210576 -0.166888 -0.201427 -0.183441 -0.190501 -0.198406 -0.17946 -0.212461 -0.167754 
4.375 0.195014 -0.12575 0.181467 -0.135393 0.168925 -0.143341 0.156359 -0.150652 0.142137 -0.157627 0.128482 -0.163645 0.11494 -0.168639 
3.912 -0.115902 -0.140816 -0.129883 -0.132318 -0.141942 -0.12411 -0.153267 -0.115558 -0.165119 -0.105496 -0.175707 -0.0955005 -0.185707 -0.08503 
1.317 -0.0960416 0.247487 -0.0893777 0.256577 -0.0830081 0.264448 -0.0763977 0.271832 -0.0687932 0.279446 -0.0612279 0.286213 -0.0534828 0.292522 
3.822 -0.16521 -0.264087 -0.186656 -0.252252 -0.205319 -0.240829 -0.222944 -0.228669 -0.241429 -0.214432 -0.25808 -0.200165 -0.273645 -0.185086 
3.992 0.246377 0.113943 0.246318 0.100574 0.245617 0.0887655 0.244551 0.0772601 0.24242 0.0647653 0.239856 0.0532145 0.23687 0.0421102 
3.717 -0.2289 -0.203821 -0.246633 -0.188219 -0.261825 -0.173514 -0.275907 -0.158433 -0.290343 -0.141278 -0.303039 -0.124448 -0.314592 -0.107143 
0.781 -0.319984 0.29474 -0.312319 0.319028 -0.304516 0.340418 -0.295658 0.361035 -0.284873 0.382769 -0.273596 0.402684 -0.261451 0.421855 
1.407 -0.392576 0.224202 -0.38687 0.250536 -0.380719 0.27386 -0.373478 0.296465 -0.364193 0.320483 -0.354324 0.342618 -0.343411 0.363937 
1.262 0.102561 0.194069 0.105546 0.191498 0.108075 0.188951 0.11061 0.186363 0.112977 0.183643 0.115104 0.180899 0.116999 0.178104 
4.176 0.0737981 -0.0127517 0.0671355 -0.015625 0.0609638 -0.017868 0.0549634 -0.0197676 0.0481461 -0.0214944 0.0416826 -0.0227562 0.0352836 -0.023576 
4.25 0.233365 0.0358718 0.229437 0.023077 0.225254 0.0119353 0.220852 0.00121903 0.215055 -0.0101411 0.209149 -0.0204946 0.202821 -0.0302678 
1.601 0.19433 0.199548 0.198088 0.190741 0.201055 0.182831 0.203722 0.175008 0.205929 0.166386 0.20762 0.157992 0.208886 0.149895 
3.916 -0.117272 -0.0613752 -0.126608 -0.0527804 -0.13466 -0.0446779 -0.142065 -0.0364588 -0.149718 -0.0269918 -0.156399 -0.0177724 -0.162305 -0.00823532 
1.398 -0.114532 0.163936 -0.112725 0.174273 -0.110724 0.183441 -0.108154 0.192364 -0.104911 0.201863 -0.101318 0.21063 -0.0973872 0.219125 
3.965 -0.0789207 -0.0853445 -0.0897904 -0.0787486 -0.0992122 -0.0723788 -0.108063 -0.0657272 -0.117428 -0.0579635 -0.125907 -0.0501869 -0.133616 -0.0420056 
3.793 -0.178907 -0.228476 -0.197872 -0.215728 -0.214322 -0.203429 -0.229656 -0.190634 -0.245673 -0.175866 -0.259991 -0.161119 -0.273246 -0.145888 
1.538 0.188851 0.161197 0.190508 0.152731 0.191554 0.145141 0.192427 0.137651 0.19264 0.129403 0.192544 0.121605 0.192065 0.114018 
3.676 -0.25013 -0.16821 -0.265526 -0.151427 -0.278562 -0.135726 -0.290458 -0.119777 -0.302581 -0.10171 -0.313034 -0.0840678 -0.322322 -0.0661699 
3.92 -0.111793 -0.156568 -0.126494 -0.148211 -0.139375 -0.140224 -0.15134 -0.131761 -0.16412 -0.121816 -0.175351 -0.111802 -0.185993 -0.101376 
4.305 0.160088 -0.00179427 0.153718 -0.00984709 0.147668 -0.0167222 0.141551 -0.0231825 0.134274 -0.0297655 0.12709 -0.0356325 0.119867 -0.0408988 
3.938 -0.098781 -0.101096 -0.110323 -0.0934113 -0.120276 -0.0860225 -0.12959 -0.0783637 -0.139451 -0.0694878 -0.148183 -0.0606652 -0.156189 -0.0514438 
3.666 -0.244651 -0.107259 -0.256516 -0.0910124 -0.266484 -0.0759634 -0.27542 -0.0608804 -0.284262 -0.0438621 -0.291769 -0.0274539 -0.298242 -0.0108224 
3.654 -0.261088 -0.139447 -0.274938 -0.122076 -0.286596 -0.106034 -0.297103 -0.0898978 -0.307678 -0.0715492 -0.316685 -0.053788 -0.324559 -0.0357433 
1.233 0.0984523 0.159827 0.0992913 0.157228 0.0996604 0.155242 0.100317 0.152886 0.100615 0.150582 0.100771 0.148434 0.100821 0.146193 
4.223 0.103931 -0.0312423 0.0960056 -0.0356285 0.0886421 -0.0391135 0.0814821 -0.0422379 0.0733519 -0.0451385 0.0656226 -0.0473971 0.0579189 -0.049225 
3.801 -0.180277 -0.29559 -0.203398 -0.282748 -0.223476 -0.27025 -0.242386 -0.257081 -0.262284 -0.241707 -0.280196 -0.226125 -0.296948 -0.20984 
1.229 0.0162717 0.339255 0.0282013 0.341896 0.0389727 0.343562 0.0496297 0.344748 0.0611073 0.345256 0.0718947 0.345308 0.0825515 0.345081 
1.242 -0.00769758 0.309122 0.00246786 0.313175 0.0116129 0.316405 0.020854 0.319148 0.0309519 0.321483 0.0405504 0.323126 0.0500925 0.324344 
3.709 -0.237803 -0.232585 -0.257119 -0.216367 -0.273733 -0.201009 -0.289103 -0.185261 -0.304981 -0.167193 -0.318923 -0.149458 -0.331675 -0.131176 
3.879 0.266922 0.131064 0.268148 0.116563 0.268563 0.103695 0.268518 0.0910404 0.267406 0.0773258 0.265849 0.064425 0.263622 0.051997 
1.271 -0.0672785 0.305013 -0.05718 0.312341 -0.0479103 0.318638 -0.0384458 0.324305 -0.0278849 0.32975 -0.0177503 0.334381 -0.00753138 0.338515 
4.336 0.182002 -0.151089 0.166866 -0.159928 0.153055 -0.16714 0.1394 -0.173492 0.123921 -0.179598 0.109187 -0.184478 0.0945435 -0.188423 
1.489 0.166251 0.21393 0.170092 0.207137 0.173129 0.201088 0.175977 0.195015 0.178448 0.188224 0.180506 0.181725 0.182244 0.175446 
3.582 -0.259033 -0.091508 -0.270231 -0.0743758 -0.279538 -0.0585524 -0.287786 -0.0426587 -0.295866 -0.0247694 -0.302575 -0.00758651 -0.308231 0.00976951 
3.775 -0.191919 -0.333941 -0.217306 -0.32024 -0.239354 -0.30708 -0.260228 -0.292995 -0.282154 -0.276491 -0.301892 -0.259936 -0.320362 -0.242441 
4.086 0.160088 0.085865 0.15885 0.0776249 0.157349 0.0704006 0.155557 0.0634231 0.152868 0.0559112 0.150153 0.0490719 0.147139 0.0425755 
4.188 0.0758526 -0.166155 0.0598472 -0.168582 0.0454252 -0.169969 0.0314317 -0.170776 0.015921 -0.170742 0.00158017 -0.169888 -0.0125318 -0.168186 
1.233 0.0758526 0.285838 0.084598 0.284688 0.0923176 0.283208 0.0998574 0.281509 0.107714 0.279052 0.115019 0.276376 0.122144 0.273349 
4.504 0.25665 -0.116847 0.243171 -0.130254 0.230539 -0.141669 0.217867 -0.152146 0.203169 -0.162739 0.189002 -0.171856 0.174579 -0.180019 
3.828 -0.159732 -0.306547 -0.183424 -0.294975 -0.204129 -0.283702 -0.223666 -0.271809 -0.244318 -0.257542 -0.262975 -0.24317 -0.280555 -0.227942 
3.967 -0.0796055 -0.135338 -0.0933982 -0.128796 -0.105359 -0.122295 -0.116825 -0.115486 -0.128799 -0.10731 -0.139565 -0.0989734 -0.149682 -0.0901599 
3.719 -0.237118 -0.305862 -0.260746 -0.289498 -0.281189 -0.273893 -0.30033 -0.257603 -0.320237 -0.238864 -0.337924 -0.220196 -0.354341 -0.200915 
4.035 -0.0200247 -0.0120668 -0.0265857 -0.00949711 -0.0323881 -0.00691434 -0.0377993 -0.00412587 -0.0437262 -0.000795609 -0.0490446 0.00269266 -0.0540745 0.00647151 
3.613 -0.310396 -0.256554 -0.331073 -0.235865 -0.348622 -0.21669 -0.364833 -0.197089 -0.381357 -0.174626 -0.395703 -0.152862 -0.408685 -0.130646 
1.302 -0.0857691 0.286522 -0.076756 0.295019 -0.0682765 0.302376 -0.0596422 0.309156 -0.0499509 0.315843 -0.0406157 0.321626 -0.0309254 0.326946 
3.182 0.448404 0.0927133 0.446299 0.067648 0.443342 0.0454759 0.43955 0.0240181 0.433956 0.000998621 0.427589 -0.0203114 0.42017 -0.0408149 
3.496 -0.328202 -0.112738 -0.340748 -0.0914394 -0.350958 -0.0719155 -0.360016 -0.052433 -0.368839 -0.030414 -0.375883 -0.00957862 -0.381782 0.011518 
3.758 -0.204246 -0.225051 -0.223253 -0.210884 -0.23964 -0.197334 -0.254931 -0.183481 -0.270871 -0.16734 -0.28493 -0.151466 -0.297921 -0.135173 
3.773 -0.195343 -0.247651 -0.215513 -0.23405 -0.232802 -0.220947 -0.24912 -0.207303 -0.266081 -0.19141 -0.281201 -0.175805 -0.295182 -0.159534 
1.322 -0.128914 0.275565 -0.120456 0.28644 -0.112702 0.29577 -0.10442 0.304521 -0.0950127 0.313449 -0.0857714 0.32131 -0.0761855 0.328676 
1.311 -0.0912478 0.271456 -0.0831458 0.28025 -0.0754807 0.287865 -0.0676579 0.294908 -0.0586747 0.301985 -0.0499034 0.308211 -0.0411256 0.313943 
3.791 -0.176168 -0.209985 -0.194148 -0.197403 -0.20967 -0.185471 -0.224126 -0.172953 -0.239199 -0.158578 -0.252701 -0.144343 -0.265134 -0.129511 
1.536 0.164197 0.270771 0.172079 0.263981 0.178742 0.257675 0.185109 0.251178 0.191294 0.243916 0.19677 0.236978 0.201775 0.230008 
1.34 0.133379 0.149555 0.133971 0.145155 0.134218 0.141217 0.134457 0.137388 0.134268 0.133132 0.133905 0.129146 0.133385 0.125315 
1.358 0.112149 0.261183 0.119144 0.258084 0.125351 0.254888 0.131079 0.251711 0.137289 0.247562 0.142868 0.243539 0.147976 0.239399 
3.754 -0.20904 -0.306547 -0.232734 -0.292217 -0.253287 -0.278423 -0.272676 -0.2639 -0.292975 -0.246966 -0.311188 -0.23011 -0.32815 -0.212442 
3.729 -0.223421 -0.219573 -0.242092 -0.204245 -0.258088 -0.189847 -0.272974 -0.175029 -0.288305 -0.15796 -0.301886 -0.141235 -0.314299 -0.123873 
3.295 0.438817 0.0338173 0.433157 0.00947972 0.427137 -0.011827 0.420401 -0.0324097 0.411498 -0.0542554 0.402106 -0.0743242 0.391855 -0.0934721 
4.27 0.140227 0.00984797 0.134665 0.00288297 0.129339 -0.00292691 0.123996 -0.00844344 0.1176 -0.0140222 0.111395 -0.0189948 0.105035 -0.0236332 
1.332 -0.109738 0.218039 -0.104573 0.227875 -0.0996032 0.236402 -0.0941809 0.244586 -0.0879147 0.25299 -0.0815158 0.260687 -0.0747677 0.267912 
3.115 0.584687 -0.192179 0.564832 -0.224403 0.545812 -0.252002 0.526117 -0.278042 0.502914 -0.305123 0.479966 -0.329311 0.45621 -0.351644 
1.818 -0.203561 0.198178 -0.198412 0.212486 -0.193292 0.225182 -0.187499 0.237416 -0.180579 0.250265 -0.173412 0.26204 -0.165699 0.273238 
4.422 0.223093 -0.011382 0.21606 -0.0231572 0.209198 -0.0332487 0.202303 -0.0428409 0.193757 -0.0528309 0.185554 -0.0617509 0.176822 -0.069936 
0.871 -0.202876 0.31597 -0.193127 0.332833 -0.183719 0.347509 -0.173867 0.361532 -0.162229 0.37592 -0.150602 0.388906 -0.138433 0.401118 
4.473 0.242268 -0.015491 0.23515 -0.0285193 0.228139 -0.0396646 0.22092 -0.0502881 0.212169 -0.0614319 0.203586 -0.0712231 0.194549 -0.0803332 
4.352 0.188851 -0.109999 0.175885 -0.119455 0.163914 -0.127363 0.152046 -0.134476 0.138433 -0.141477 0.125372 -0.147401 0.112284 -0.152436 
4.277 0.1505 -0.087399 0.13947 -0.0949931 0.129169 -0.100976 0.119059 -0.106389 0.107534 -0.111518 0.0965145 -0.115842 0.0854925 -0.119391 
4.301 0.160088 -0.179852 0.143138 -0.18751 0.127657 -0.19348 0.112448 -0.198682 0.0953892 -0.203318 0.0792068 -0.206877 0.0631673 -0.209406 
4.574 0.283358 -0.0798658 0.272064 -0.0949392 0.261358 -0.107942 0.250439 -0.120176 0.237564 -0.132385 0.224952 -0.143562 0.21205 -0.153605 
3.898 -0.126174 -0.115477 -0.138742 -0.106403 -0.149567 -0.0977433 -0.15964 -0.0887799 -0.170136 -0.0784115 -0.179463 -0.068145 -0.188201 -0.0575267 
3.477 -0.359019 -0.123695 -0.372319 -0.100571 -0.383162 -0.0792579 -0.392607 -0.0577483 -0.401658 -0.0336423 -0.409008 -0.0106153 -0.414921 0.0124439 
0.844 -0.235749 0.310492 -0.226608 0.329089 -0.217714 0.345389 -0.208126 0.360892 -0.196841 0.377062 -0.185417 0.391711 -0.173386 0.405575 
3.822 -0.163841 -0.291481 -0.18674 -0.279627 -0.206705 -0.268138 -0.225497 -0.256073 -0.245276 -0.241601 -0.263175 -0.227119 -0.279981 -0.211801 
4.172 0.0703739 -0.0798658 0.0596641 -0.0825443 0.0500027 -0.0844202 0.0406196 -0.0857954 0.0300365 -0.0867609 0.0202657 -0.0870633 0.010536 -0.0868308 
0.987 -0.269306 0.262553 -0.262274 0.28288 -0.255188 0.300772 -0.247202 0.317938 -0.237473 0.336124 -0.227388 0.352685 -0.216713 0.368502 
4.152 0.0566772 -0.0483632 0.0477256 -0.0504807 0.0397092 -0.0518456 0.0318596 -0.0528251 0.0229626 -0.0534125 0.0149775 -0.0534925 0.00707254 -0.0531293 
3.6 -0.311766 -0.160677 -0.326962 -0.140061 -0.339641 -0.121126 -0.35106 -0.102 -0.362389 -0.0805538 -0.371916 -0.0597808 -0.380181 -0.0388983 
1.332 -0.119326 0.246117 -0.112729 0.256372 -0.106306 0.265412 -0.0995263 0.273777 -0.0918017 0.282551 -0.0839284 0.29032 -0.0759825 0.297681 
4.152 0.0580468 -0.011382 0.0515051 -0.0135182 0.0455036 -0.0150425 0.0397164 -0.016269 0.0331029 -0.0172144 0.0269292 -0.0178442 0.0208881 -0.0180165 
4.465 0.239529 -0.0880838 0.227788 -0.100762 0.216728 -0.11143 0.205561 -0.12111 0.192649 -0.131324 0.180096 -0.14008 0.167269 -0.14806 
3.664 -0.274099 -0.362019 -0.301077 -0.343501 -0.324283 -0.325776 -0.345969 -0.307368 -0.368652 -0.285953 -0.388744 -0.264867 -0.407536 -0.242922 
3.721 -0.236433 -0.359964 -0.263283 -0.343524 -0.286518 -0.327719 -0.308457 -0.311103 -0.331305 -0.291648 -0.35181 -0.272316 -0.370904 -0.252163 
3.775 -0.196028 -0.347637 -0.222162 -0.333795 -0.244903 -0.320326 -0.266339 -0.305958 -0.288857 -0.289139 -0.309183 -0.272383 -0.328178 -0.254774 
3.637 -0.296014 -0.297644 -0.319216 -0.277994 -0.339046 -0.25932 -0.357502 -0.240171 -0.376457 -0.218212 -0.393175 -0.196739 -0.408458 -0.174614 
2.738 0.389508 0.211875 0.393882 0.190488 0.396782 0.171325 0.398992 0.152554 0.400001 0.131945 0.399996 0.112757 0.399155 0.0938853 
4.191 0.0833858 -0.00110944 0.0773035 -0.00460786 0.0717417 -0.00738153 0.0662818 -0.00984112 0.060011 -0.0121755 0.0541035 -0.0140401 0.0481999 -0.0154046 
3.805 -0.171374 -0.342843 -0.197084 -0.330577 -0.219516 -0.318503 -0.240734 -0.305616 -0.263214 -0.290177 -0.283466 -0.274759 -0.302517 -0.258355 
3.201 0.54976 -0.179852 0.531022 -0.210084 0.513028 -0.235964 0.494336 -0.260528 0.472239 -0.286065 0.450418 -0.308793 0.427732 -0.329857 
4.344 0.179948 -0.032612 0.171673 -0.0420029 0.16382 -0.0498182 0.155967 -0.0570439 0.146711 -0.0645307 0.137729 -0.0711821 0.128606 -0.077013 
3.824 -0.161101 -0.277784 -0.183171 -0.266156 -0.202449 -0.254784 -0.220557 -0.242874 -0.239687 -0.228748 -0.256922 -0.214509 -0.273105 -0.199636 
4.234 0.10941 -0.0894535 0.0980421 -0.0940497 0.0876913 -0.0976212 0.0774832 -0.100664 0.0661426 -0.103248 0.0552011 -0.105141 0.0446011 -0.106311 
3.129 0.452513 0.130379 0.452609 0.104888 0.451594 0.0821856 0.449664 0.0601022 0.446032 0.0363267 0.44129 0.0142493 0.435516 -0.00684094 
0.992 -0.0597452 0.346103 -0.0476947 0.353311 -0.0366895 0.359503 -0.0254065 0.364941 -0.0131053 0.37007 -0.00117632 0.374409 0.0108564 0.378063 
3.992 -0.0515272 -0.0312423 -0.0590297 -0.0266277 -0.0655362 -0.0220352 -0.0716471 -0.0174232 -0.0780714 -0.0119968 -0.0836819 -0.00645618 -0.0889699 -0.000724843 
1.41 0.134064 0.248171 0.140554 0.243232 0.146042 0.238925 0.151325 0.234373 0.156533 0.229105 0.161209 0.223878 0.165637 0.218727 
1.213 0.0464046 0.263923 0.0536118 0.264746 0.06005 0.265169 0.0665627 0.265448 0.0733871 0.265136 0.0798553 0.264491 0.0861849 0.263695 
4.391 0.206657 -0.0120668 0.199506 -0.0228718 0.192631 -0.0321666 0.18564 -0.0409941 0.177163 -0.0500983 0.168966 -0.0582502 0.160435 -0.0656381 
4.395 0.209396 -0.123695 0.195437 -0.134329 0.182546 -0.14315 0.169667 -0.151167 0.155052 -0.159028 0.140982 -0.165669 0.126854 -0.17129 
1.399 0.138858 0.209821 0.142969 0.204858 0.146489 0.200179 0.149657 0.195554 0.152711 0.190199 0.155335 0.185094 0.157714 0.180085 
4.277 0.142967 -0.0606903 0.13315 -0.0676359 0.124048 -0.0733163 0.115131 -0.0783989 0.104835 -0.0834355 0.0950536 -0.0876685 0.0851755 -0.0911609 
4.023 -0.0337214 -0.0894535 -0.0446122 -0.0859585 -0.0541724 -0.082314 -0.0632359 -0.0783444 -0.072996 -0.0734341 -0.0819045 -0.0682961 -0.0903546 -0.0625992 
4.355 0.184057 -0.0483632 0.175186 -0.057916 0.166884 -0.0660496 0.158586 -0.0735406 0.148784 -0.0811488 0.139304 -0.0878234 0.129754 -0.0937695 
4.16 0.0676346 0.0639501 0.0656363 0.0611003 0.0636025 0.0588395 0.0617805 0.0565813 0.0593445 0.0542188 0.0569866 0.0521749 0.0548257 0.0503397 
4.422 0.214875 -0.0428845 0.205991 -0.0540615 0.197489 -0.0634194 0.188978 -0.0724248 0.178875 -0.0814413 0.169005 -0.0894674 0.158983 -0.0971658 
4.469 0.242268 -0.150404 0.227213 -0.163163 0.213191 -0.173638 0.199188 -0.18333 0.183129 -0.192921 0.167707 -0.201232 0.15216 -0.208347 
3.609 -0.319299 -0.227791 -0.338263 -0.206839 -0.354324 -0.187204 -0.368986 -0.167283 -0.383848 -0.144646 -0.396588 -0.122808 -0.408024 -0.100459 
3.842 -0.148774 -0.317504 -0.173258 -0.306274 -0.194657 -0.295124 -0.214897 -0.283381 -0.236327 -0.269208 -0.255722 -0.254942 -0.273973 -0.239815 
4.113 0.032023 0.00231475 0.0259827 0.00237068 0.0206127 0.00265149 0.0155076 0.0031555 0.00981929 0.00406146 0.00461441 0.00518564 -0.000498838 0.00666617 
3.938 -0.0994658 -0.134653 -0.113096 -0.126964 -0.124941 -0.119489 -0.136134 -0.11168 -0.148015 -0.102456 -0.158835 -0.0932449 -0.16909 -0.0835285 
1.288 -0.0707026 0.27625 -0.0623245 0.283971 -0.0546153 0.290498 -0.0466631 0.296552 -0.0379074 0.302531 -0.0293929 0.30772 -0.0205993 0.312457 
4.199 0.113519 0.0694288 0.111853 0.0641176 0.109876 0.0594542 0.107836 0.0550167 0.105299 0.0503065 0.102702 0.0459966 0.0998159 0.0420219 
4.375 0.197754 -0.144241 0.18308 -0.154131 0.169524 -0.162186 0.156101 -0.16941 0.140843 -0.17635 0.126289 -0.182228 0.111727 -0.18709 
1.328 -0.110423 0.257074 -0.103148 0.267024 -0.0963566 0.275636 -0.089005 0.283865 -0.0808211 0.292143 -0.0725189 0.299569 -0.0641727 0.3065 
4.289 0.147761 -0.143556 0.132987 -0.150501 0.119519 -0.155814 0.106303 -0.160753 0.0913975 -0.164929 0.0772469 -0.168336 0.0632061 -0.170683 
4.023 -0.0412546 -0.181907 -0.0578698 -0.177534 -0.0725627 -0.172927 -0.0865605 -0.167801 -0.101733 -0.1613 -0.115448 -0.154472 -0.128514 -0.146891 
3.414 0.385399 0.094083 0.38377 0.0725901 0.381404 0.0536633 0.378325 0.0353105 0.373435 0.0154323 0.368024 -0.0028813 0.361838 -0.0203115 
3.582 -0.339159 -0.176428 -0.355344 -0.15413 -0.368795 -0.13361 -0.380893 -0.113107 -0.392888 -0.0899296 -0.402981 -0.0676264 -0.411718 -0.0449504 
3.545 -0.273415 -0.0969867 -0.284899 -0.0789663 -0.294389 -0.0625238 -0.302887 -0.0458194 -0.311158 -0.0271242 -0.317955 -0.0091837 -0.323706 0.00894586 
3.166 0.461416 0.0673743 0.457629 0.0416803 0.453134 0.0189191 0.447831 -0.00308863 0.440415 -0.0266599 0.432438 -0.0483119 0.42347 -0.0691659 
4.105 0.0285988 -0.0558965 0.0194125 -0.0559357 0.0111933 -0.05548 0.00334982 -0.0547496 -0.00534888 -0.0534741 -0.0134275 -0.051819 -0.0211765 -0.0496245 
4.293 0.155979 0.0166963 0.150701 0.00877536 0.145551 0.00197915 0.140367 -0.00439698 0.134095 -0.0110099 0.127994 -0.0169198 0.12158 -0.0223425 
3.92 -0.113163 -0.102465 -0.124814 -0.0939856 -0.134832 -0.0858856 -0.144144 -0.0775202 -0.153879 -0.0678757 -0.162587 -0.0583159 -0.170302 -0.0483633 
4.461 0.238159 -0.102465 0.225565 -0.114709 0.213764 -0.125002 0.201964 -0.134546 0.188241 -0.144061 0.174997 -0.152478 0.16162 -0.159976 
1.329 -0.12412 0.261183 -0.116399 0.271822 -0.109232 0.280976 -0.101663 0.28957 -0.0929786 0.298384 -0.0843254 0.306241 -0.0754818 0.313575 
3.932 -0.0926174 -0.0120668 -0.0989453 -0.00496311 -0.104302 0.00169336 -0.10911 0.00847858 -0.11406 0.0161021 -0.118337 0.0235333 -0.122017 0.0311505 
1.269 -0.043994 0.274195 -0.0358769 0.280108 -0.028391 0.28519 -0.0207553 0.289767 -0.0124487 0.294189 -0.00446784 0.297936 0.00359669 0.30129 
1.304 -0.0782359 0.233105 -0.0725159 0.241196 -0.0670782 0.248306 -0.0612632 0.254927 -0.0547063 0.261726 -0.0481303 0.26774 -0.041375 0.273473 
3.145 0.547021 -0.101096 0.53282 -0.131507 0.518751 -0.157692 0.504134 -0.182654 0.486454 -0.208836 0.468629 -0.232378 0.449958 -0.254733 
1.399 0.136803 0.228311 0.142019 0.223305 0.146531 0.2187 0.150722 0.213893 0.15473 0.208462 0.158342 0.203203 0.161581 0.197799 
1.355 -0.118641 0.18996 -0.11507 0.200068 -0.111676 0.209319 -0.107765 0.218101 -0.103126 0.227353 -0.0982346 0.235801 -0.0929547 0.243947 
3.59 -0.33368 -0.190125 -0.350676 -0.167948 -0.364939 -0.147476 -0.377816 -0.126764 -0.390601 -0.10344 -0.401467 -0.080871 -0.410865 -0.0579936 
4.301 0.159403 -0.0716477 0.149007 -0.0794887 0.139381 -0.0859812 0.129794 -0.0919087 0.118782 -0.097489 0.108295 -0.102466 0.0977108 -0.106456 
1.63 -0.261772 0.207081 -0.256114 0.225098 -0.250341 0.240786 -0.243837 0.25598 -0.236054 0.271991 -0.227924 0.286743 -0.219061 0.300753 
1.271 -0.0282427 0.218039 -0.0236297 0.223102 -0.0191012 0.227572 -0.0145372 0.23165 -0.00959442 0.235757 -0.00463758 0.239371 0.000412802 0.242759 
4.074 0.00668402 -0.0593206 -0.00269768 -0.0580568 -0.0111299 -0.0564211 -0.0190588 -0.0545728 -0.0278403 -0.0519854 -0.0358604 -0.0491551 -0.043562 -0.0457018 
4.43 0.223778 -0.117532 0.210265 -0.12857 0.197646 -0.137614 0.185131 -0.146046 0.170741 -0.154337 0.157 -0.161448 0.143119 -0.16757 
4.316 0.172415 0.022175 0.167366 0.0132139 0.162487 0.00550206 0.157471 -0.00170077 0.151356 -0.00935545 0.145195 -0.0162013 0.138873 -0.0224564 
1.289 0.116943 0.161882 0.117891 0.158268 0.118575 0.15522 0.119223 0.152174 0.119545 0.148858 0.119748 0.145763 0.11984 0.142773 
3.125 0.5299 -0.0565813 0.51842 -0.0861085 0.506828 -0.111806 0.494567 -0.136268 0.47943 -0.162053 0.464115 -0.185479 0.447879 -0.207531 
3.838 -0.150144 -0.294905 -0.173189 -0.283693 -0.19332 -0.27276 -0.212361 -0.26109 -0.232464 -0.247281 -0.250542 -0.233326 -0.267629 -0.218663 
0.709 -0.444624 0.336516 -0.435336 0.3694 -0.425674 0.398292 -0.414728 0.426071 -0.401057 0.455567 -0.386846 0.482491 -0.371348 0.508447 
3.1 0.497713 0.0639501 0.493664 0.0358535 0.488651 0.0112779 0.482866 -0.0123932 0.474805 -0.037823 0.466114 -0.061213 0.456356 -0.0835681 
3.834 -0.150144 -0.334625 -0.175419 -0.323482 -0.197528 -0.312385 -0.218445 -0.300416 -0.240645 -0.28621 -0.260728 -0.271816 -0.279617 -0.256524 
4.301 0.318285 0.0906588 0.317097 0.0730283 0.315308 0.0574189 0.312825 0.0423383 0.30908 0.0260543 0.304665 0.0108254 0.299531 -0.00366123 
1.31 -0.0850842 0.257759 -0.0780745 0.266109 -0.0713609 0.273379 -0.0644599 0.280138 -0.0566758 0.287007 -0.0489009 0.293105 -0.0410674 0.298804 
4.008 -0.0385153 -0.0572661 -0.047547 -0.0532137 -0.0555065 -0.0491456 -0.062979 -0.0447752 -0.071007 -0.0395971 -0.0782367 -0.0342661 -0.085024 -0.0286352 
4.07 0.00736885 -0.0106972 0.0010994 -0.00956646 -0.00458324 -0.00823106 -0.00990712 -0.0067025 -0.0157882 -0.00468394 -0.0210902 -0.00251452 -0.0262559 8.74439e-07 
4.102 0.0217504 -0.0730174 0.0117518 -0.0725319 0.00293137 -0.0715516 -0.0055302 -0.0702898 -0.0148668 -0.0684469 -0.0234047 -0.0661797 -0.0316931 -0.0635089 
4.297 0.155294 -0.166155 0.139203 -0.173513 0.124416 -0.179081 0.109993 -0.184202 0.0938236 -0.188796 0.0784444 -0.192317 0.0632068 -0.194979 
3.209 0.503191 -0.0716477 0.49101 -0.0996829 0.478662 -0.123782 0.465772 -0.146862 0.450058 -0.171067 0.43425 -0.192986 0.417483 -0.213563 
3.328 0.464156 -0.0600055 0.452761 -0.0856561 0.441699 -0.107965 0.429985 -0.129266 0.415606 -0.15143 0.401099 -0.171662 0.385785 -0.190531 
3.1 0.481961 0.117367 0.481193 0.0901656 0.479206 0.0660993 0.476281 0.0428985 0.471391 0.0176599 0.465739 -0.00560594 0.458935 -0.028003 
1.214 -0.223421 0.252965 -0.215762 0.2685 -0.208257 0.282429 -0.200091 0.295589 -0.190438 0.309377 -0.180627 0.321922 -0.170301 0.333829 
2.176 -0.44257 -0.196288 -0.460609 -0.167359 -0.475598 -0.140718 -0.488862 -0.113987 -0.501743 -0.0839216 -0.512249 -0.0552757 -0.521052 -0.0264449 
1.694 -0.321353 0.205712 -0.316244 0.227308 -0.311082 0.246574 -0.304314 0.265034 -0.295762 0.284597 -0.286538 0.302431 -0.276928 0.319584 
1.21 -0.159047 0.289262 -0.150314 0.302911 -0.142253 0.314711 -0.133303 0.326002 -0.123158 0.337488 -0.112896 0.347837 -0.102324 0.357479 
1.286 -0.0528969 0.218039 -0.04803 0.224451 -0.0437039 0.229942 -0.0389232 0.235504 -0.033577 0.2411 -0.0282837 0.246059 -0.0228842 0.250767 
3.695 -0.2515 -0.240118 -0.271331 -0.223114 -0.288313 -0.206961 -0.304058 -0.190393 -0.320238 -0.171362 -0.334459 -0.152746 -0.347456 -0.13356 
3.357 0.437447 -0.00932749 0.429571 -0.0336755 0.421075 -0.0547763 0.412214 -0.0749815 0.401006 -0.0964655 0.389594 -0.115908 0.377566 -0.134319 
3.113 0.46621 0.130379 0.466258 0.10403 0.46497 0.0805007 0.462775 0.0580001 0.458698 0.0333865 0.453927 0.0108556 0.447991 -0.0111157 
1.21 0.0607862 0.268717 0.0678977 0.268569 0.0741812 0.268298 0.0803862 0.267678 0.0869479 0.266475 0.0932381 0.265219 0.0992072 0.263786 
4.582 0.288152 -0.103835 0.275524 -0.119275 0.263601 -0.132384 0.251435 -0.144674 0.237258 -0.157267 0.223445 -0.168353 0.209265 -0.178267 
4.5 0.25391 -0.0613752 0.243895 -0.0746611 0.23441 -0.0862747 0.224809 -0.0970049 0.213401 -0.108172 0.202293 -0.118027 0.190795 -0.126937 
4.434 0.223093 -0.08329 0.212024 -0.0949712 0.201614 -0.104801 0.191162 -0.113922 0.179034 -0.12317 0.167263 -0.131164 0.155303 -0.138224 
1.526 0.182687 0.177633 0.185137 0.169863 0.186899 0.162773 0.18848 0.155874 0.189461 0.148321 0.190111 0.141246 0.190361 0.134004 
3.133 0.537433 -0.0743871 0.524788 -0.104156 0.512182 -0.12977 0.498902 -0.154388 0.482806 -0.180251 0.466483 -0.203551 0.449315 -0.225523 
4.34 0.184057 0.035187 0.179766 0.0259603 0.175551 0.0179662 0.171164 0.0104718 0.165727 0.00247054 0.160309 -0.00478651 0.154684 -0.0113401 
4.176 0.0703739 -0.221627 0.0513086 -0.223704 0.0343554 -0.224643 0.0176264 -0.224815 -0.000549206 -0.223882 -0.0176069 -0.222169 -0.0341972 -0.219537 
4.223 0.21145 0.0173812 0.20622 0.0058811 0.200972 -0.00398852 0.195566 -0.0133646 0.18884 -0.0232121 0.182147 -0.0321217 0.175062 -0.0400126 
3.975 0.117628 0.0968224 0.117178 0.0914206 0.116538 0.0866363 0.115588 0.0820324 0.11435 0.0770715 0.112969 0.0724521 0.111428 0.0680049 
1.25 0.0833858 0.267347 0.0908625 0.265795 0.0972917 0.264296 0.103619 0.262459 0.110145 0.259898 0.116141 0.257287 0.121975 0.254485 
1.333 -0.106314 0.202287 -0.102219 0.212113 -0.0982313 0.220656 -0.0938981 0.228797 -0.0886556 0.237382 -0.0833007 0.24522 -0.077496 0.2526 
3.789 -0.180277 -0.192179 -0.197299 -0.179474 -0.212022 -0.167375 -0.225681 -0.155026 -0.239919 -0.140621 -0.252569 -0.126431 -0.264184 -0.111672 
3.391 0.405944 0.0468292 0.40154 0.0242533 0.396611 0.0044519 0.391094 -0.0145898 0.383574 -0.0350626 0.375613 -0.0536618 0.366853 -0.0715388 
1.91 -0.14535 0.196809 -0.140594 0.208013 -0.136013 0.217828 -0.130905 0.22721 -0.12504 0.237049 -0.118918 0.246024 -0.11245 0.254694 
3.914 -0.113163 -0.270251 -0.134807 -0.26132 -0.153811 -0.252401 -0.171823 -0.242881 -0.190947 -0.231357 -0.208311 -0.219562 -0.224646 -0.206981 
1.353 0.117628 0.229681 0.122995 0.225548 0.127626 0.222161 0.132129 0.218141 0.136438 0.213873 0.140476 0.209713 0.144313 0.205742 
1.172 -0.236433 0.244062 -0.229265 0.261319 -0.222239 0.276455 -0.214307 0.290847 -0.20488 0.305832 -0.195213 0.319516 -0.184998 0.332537 
1.282 -0.0392001 0.209821 -0.0349353 0.215638 -0.0308506 0.220794 -0.0265204 0.225528 -0.0217869 0.230435 -0.0170837 0.23483 -0.0121147 0.238907 
