1.408 0.356636 -0.00453363 0.357212 -0.0637762 0.359504 -0.118477 0.362632 -0.173102 0.367224 -0.231601 0.373048 -0.290475 0.380685 -0.353303 
4.16 -0.387098 0.226942 -0.385604 0.167212 -0.385611 0.113828 -0.386517 0.061754 -0.388573 0.00749534 -0.391705 -0.0456793 -0.395578 -0.101093 
4.215 -0.381619 0.190645 -0.380969 0.131467 -0.381731 0.0784023 -0.38334 0.0263823 -0.386178 -0.0280177 -0.390069 -0.0815708 -0.394732 -0.137567 
4.137 -0.353541 0.242693 -0.35196 0.182693 -0.351758 0.129128 -0.352401 0.0770331 -0.354116 0.0227896 -0.356801 -0.0301833 -0.360158 -0.0853594 
1.017 0.271031 0.3824 0.265095 0.318708 0.260861 0.262639 0.257436 0.208876 0.254709 0.153684 0.253021 0.100415 0.252551 0.04584 
4.191 -0.363813 0.205027 -0.362952 0.145667 -0.363468 0.0924748 -0.36481 0.0404672 -0.367331 -0.0138171 -0.370843 -0.0671391 -0.375059 -0.122829 
4.238 -0.348062 0.174209 -0.347864 0.115285 -0.348958 0.0623095 -0.350781 0.0102984 -0.353818 -0.0441426 -0.357808 -0.09788 -0.362443 -0.154125 
4.168 -0.348062 0.220778 -0.346951 0.161132 -0.347167 0.107796 -0.34823 0.0558123 -0.350385 0.00156721 -0.353486 -0.0515753 -0.357283 -0.106987 
4.219 -0.411752 0.188591 -0.411057 0.129415 -0.411888 0.076309 -0.413609 0.0242671 -0.416698 -0.0301375 -0.420907 -0.0836958 -0.425923 -0.139709 
4.242 -0.382304 0.176264 -0.381961 0.117303 -0.383002 0.0642648 -0.384842 0.0122704 -0.387973 -0.0422192 -0.392125 -0.0959632 -0.397051 -0.152183 
4.215 -0.362444 0.187906 -0.36194 0.128786 -0.362817 0.07574 -0.364474 0.0237549 -0.367358 -0.030606 -0.371201 -0.0841596 -0.375774 -0.140109 
4.188 -0.415861 0.207766 -0.414691 0.148349 -0.415045 0.0950651 -0.416377 0.0430277 -0.419001 -0.0113133 -0.422824 -0.0646719 -0.427366 -0.120386 
4.168 -0.363128 0.220093 -0.361962 0.160459 -0.362169 0.107082 -0.363285 0.0550767 -0.365509 0.000835479 -0.368734 -0.0522919 -0.372649 -0.107735 
4.215 -0.348747 0.190645 -0.34824 0.13151 -0.349015 0.078481 -0.350553 0.0265016 -0.353294 -0.0278523 -0.356961 -0.0814024 -0.361328 -0.137353 
4.16 -0.41997 0.226942 -0.418298 0.167209 -0.418239 0.113787 -0.419131 0.061681 -0.421289 0.00737233 -0.424625 -0.0458387 -0.428756 -0.101279 
4.129 -0.406273 0.245432 -0.404248 0.185389 -0.403811 0.131766 -0.404331 0.0795772 -0.406025 0.0252973 -0.408875 -0.0277426 -0.412481 -0.0829431 
4.16 -0.404219 0.227626 -0.402601 0.167881 -0.402539 0.114468 -0.403414 0.0623737 -0.405496 0.00809127 -0.408746 -0.0451143 -0.412722 -0.100496 
4.191 -0.398055 0.206396 -0.397003 0.147013 -0.397446 0.0937486 -0.398801 0.041745 -0.401406 -0.0125872 -0.405129 -0.0659746 -0.40961 -0.121669 
0.734 0.474428 0.385139 0.466984 0.322021 0.461879 0.266295 0.458084 0.2125 0.455444 0.157239 0.454388 0.103785 0.455052 0.0488208 
4.137 -0.370662 0.239269 -0.369091 0.179302 -0.368963 0.125751 -0.36965 0.0736546 -0.371491 0.0193896 -0.374364 -0.0336136 -0.377876 -0.088783 
4.121 -0.363813 0.252281 -0.362011 0.192002 -0.361596 0.1383 -0.362118 0.0861228 -0.36369 0.0319081 -0.366335 -0.021026 -0.369581 -0.0760497 
4.156 -0.439145 0.229681 -0.437289 0.169904 -0.437082 0.116435 -0.437907 0.0642869 -0.440025 0.00998068 -0.443351 -0.0432487 -0.447529 -0.0987119 
4.191 -0.380934 0.205712 -0.379979 0.146327 -0.380468 0.0931161 -0.381824 0.0410901 -0.384359 -0.0131948 -0.387981 -0.0665489 -0.392291 -0.122202 
4.195 -0.430927 0.206396 -0.429712 0.146977 -0.430073 0.0936763 -0.43146 0.0416252 -0.434181 -0.0127689 -0.438126 -0.0661487 -0.4429 -0.121856 
0.803 0.460047 -0.011382 0.462588 -0.0712532 0.466815 -0.126566 0.472237 -0.182011 0.479524 -0.241417 0.488267 -0.301377 0.499283 -0.365289 
4.191 -0.348747 0.206396 -0.347926 0.147031 -0.348417 0.0938175 -0.349705 0.0418512 -0.352124 -0.0124042 -0.355502 -0.0657275 -0.359565 -0.121421 
0.735 0.48744 0.481016 0.477837 0.415138 0.47066 0.357176 0.464764 0.301743 0.460027 0.245003 0.456987 0.190695 0.45554 0.135396 
4.129 -0.42134 0.244062 -0.41923 0.184 -0.418806 0.130368 -0.419299 0.0781701 -0.421116 0.0239011 -0.424082 -0.0291573 -0.4278 -0.0843815 
4.105 -0.390522 0.262553 -0.388262 0.202114 -0.387551 0.148337 -0.387726 0.096003 -0.389054 0.0417477 -0.391499 -0.0112048 -0.394653 -0.066157 
4.137 -0.221367 0.21256 -0.221132 0.153099 -0.221776 0.0999434 -0.222954 0.0482041 -0.224873 -0.00572532 -0.22747 -0.0587474 -0.230459 -0.114116 
4.129 -0.384358 0.244062 -0.382525 0.184026 -0.382182 0.130426 -0.382732 0.0782897 -0.38442 0.0240222 -0.38723 -0.0290056 -0.390734 -0.0841794 
4.039 -0.200822 0.269401 -0.200173 0.208641 -0.200231 0.154746 -0.200752 0.10259 -0.201986 0.0486866 -0.203797 -0.00376695 -0.205861 -0.0583046 
4.16 -0.454897 0.228311 -0.453035 0.168559 -0.452862 0.115088 -0.453712 0.0629381 -0.455942 0.00861435 -0.459403 -0.0446036 -0.463715 -0.100064 
0.889 0.31897 0.286522 0.314491 0.225651 0.311765 0.171486 0.309835 0.118986 0.308985 0.0643746 0.309286 0.0111358 0.310977 -0.0440472 
4.047 -0.162471 0.255705 -0.162323 0.195171 -0.162778 0.141542 -0.163633 0.0895972 -0.165059 0.0358144 -0.166794 -0.0166658 -0.168942 -0.0712249 
0.734 0.471004 0.415272 0.462884 0.351353 0.457203 0.295022 0.452712 0.240801 0.449374 0.185113 0.447623 0.13144 0.447533 0.0765128 
0.736 0.462786 0.428969 0.454494 0.364646 0.448707 0.308059 0.44395 0.253497 0.440413 0.197708 0.438494 0.143925 0.438191 0.0889431 
4.34 -0.213149 0.0769621 -0.214739 0.0189313 -0.217143 -0.0339005 -0.219934 -0.0864216 -0.223674 -0.142168 -0.227891 -0.197885 -0.232488 -0.256838 
4.129 -0.192604 0.211875 -0.192586 0.15241 -0.193276 0.0993669 -0.194434 0.0476445 -0.196323 -0.00619138 -0.198752 -0.0591973 -0.201491 -0.114536 
4.238 -0.363128 0.173524 -0.362881 0.114589 -0.36397 0.0615934 -0.365822 0.00959554 -0.368902 -0.0448373 -0.372974 -0.0985956 -0.377787 -0.154821 
1.495 0.0847555 0.370757 0.0813848 0.307056 0.0787343 0.251222 0.0763949 0.197565 0.0743275 0.142756 0.0727249 0.0901535 0.0717581 0.0359956 
0.91 0.309382 0.305698 0.304509 0.24439 0.301437 0.189938 0.299207 0.137209 0.297895 0.0827087 0.297754 0.0295577 0.298945 -0.0254018 
4.207 -0.395316 0.192015 -0.394536 0.132844 -0.39526 0.0797519 -0.396871 0.0277167 -0.399739 -0.0266771 -0.403709 -0.0802273 -0.408452 -0.13619 
4.133 -0.435721 0.245432 -0.433467 0.185355 -0.432949 0.131723 -0.433437 0.079509 -0.435238 0.0252065 -0.438201 -0.027887 -0.442026 -0.083058 
4.238 -0.190549 0.138597 -0.191417 0.0802951 -0.192948 0.0277344 -0.194912 -0.0240178 -0.197617 -0.0785879 -0.200907 -0.132787 -0.204429 -0.189867 
4.109 -0.423394 0.261868 -0.420893 0.20141 -0.420077 0.14759 -0.420243 0.0952719 -0.421651 0.0409796 -0.424239 -0.0119945 -0.427607 -0.0669932 
0.731 0.503876 0.397466 0.495911 0.334042 0.49043 0.278136 0.486135 0.224203 0.483148 0.168698 0.481889 0.11511 0.482431 0.0601862 
0.893 0.327873 0.225572 0.324361 0.165798 0.322708 0.112245 0.321836 0.0599104 0.322063 0.00514397 0.323573 -0.0486513 0.326533 -0.104838 
4.109 -0.408328 0.263238 -0.405899 0.202799 -0.405117 0.148968 -0.405247 0.0966813 -0.406584 0.0423566 -0.409063 -0.0106003 -0.412274 -0.065603 
4.016 -0.220682 0.292001 -0.21953 0.230678 -0.219271 0.17644 -0.219445 0.123984 -0.220358 0.0699362 -0.221909 0.0174264 -0.223787 -0.0369287 
4.109 -0.44257 0.260499 -0.439966 0.200049 -0.439131 0.146222 -0.439313 0.0938736 -0.440776 0.039563 -0.443472 -0.0134391 -0.44699 -0.0684632 
4.184 -0.191919 0.172154 -0.192414 0.113462 -0.193575 0.0607581 -0.19519 0.00913968 -0.197581 -0.04505 -0.200501 -0.0985993 -0.203663 -0.154843 
0.731 0.516888 0.37966 0.509287 0.316982 0.504153 0.261338 0.500283 0.20765 0.497736 0.152416 0.496965 0.0988408 0.497976 0.0438138 
0.737 0.460047 0.398151 0.452438 0.334667 0.447284 0.278705 0.443258 0.22476 0.440442 0.169283 0.439172 0.115765 0.439567 0.0608888 
0.731 0.496343 0.434447 0.487602 0.370213 0.481352 0.313361 0.476245 0.258809 0.47249 0.202824 0.470356 0.149029 0.469898 0.0939336 
3.072 0.132694 0.367333 0.128687 0.303858 0.125666 0.248085 0.123013 0.194466 0.120722 0.139575 0.119166 0.0868228 0.118291 0.0325946 
0.87 0.330612 0.309122 0.32558 0.247781 0.322473 0.19336 0.320198 0.14055 0.318956 0.0858929 0.318972 0.0326365 0.320371 -0.0224889 
4.09 -0.365183 0.270086 -0.362979 0.209408 -0.36229 0.155448 -0.362432 0.103116 -0.363665 0.0488876 -0.365989 -0.00399333 -0.368852 -0.0588318 
4.109 -0.459006 0.263923 -0.456148 0.203417 -0.455167 0.149547 -0.455178 0.0971724 -0.456564 0.0428475 -0.459213 -0.0101775 -0.462657 -0.0651749 
4.082 -0.221367 0.252281 -0.220622 0.191981 -0.22076 0.138427 -0.221441 0.0864431 -0.222845 0.0326084 -0.224906 -0.0200558 -0.227313 -0.0748276 
3.982 -0.195343 0.303643 -0.194395 0.241906 -0.194165 0.187452 -0.194338 0.134874 -0.195171 0.0808304 -0.196558 0.0283507 -0.198181 -0.0258106 
4.07 -0.200137 0.252965 -0.199656 0.192754 -0.199868 0.139182 -0.200608 0.0871045 -0.202008 0.0333374 -0.203954 -0.0193111 -0.206238 -0.0740068 
4.113 -0.350801 0.258444 -0.348941 0.198055 -0.348488 0.144338 -0.348861 0.0921264 -0.350301 0.0378994 -0.352687 -0.0149846 -0.355739 -0.0699315 
3.965 -0.226161 0.322134 -0.224628 0.259907 -0.223986 0.205006 -0.223816 0.152026 -0.224343 0.0976643 -0.225525 0.0450443 -0.227034 -0.00919185 
1.021 0.267607 0.352952 0.262124 0.29023 0.258283 0.234928 0.255179 0.181588 0.252905 0.126733 0.251609 0.0737143 0.251614 0.0191062 
0.738 0.456622 0.44472 0.448231 0.379764 0.441953 0.322698 0.436877 0.267925 0.432979 0.211959 0.430616 0.158127 0.429776 0.103249 
4.195 -0.238488 0.176264 -0.238482 0.117361 -0.239656 0.0645975 -0.241334 0.0128592 -0.243763 -0.041335 -0.247059 -0.0948842 -0.250704 -0.151002 
4.09 -0.439145 0.276935 -0.43617 0.216112 -0.43496 0.162051 -0.434824 0.109563 -0.436008 0.0551963 -0.438338 0.00225126 -0.441509 -0.052651 
1.046 0.258019 0.396781 0.252042 0.3326 0.247679 0.276315 0.24411 0.222184 0.241164 0.166906 0.239303 0.113557 0.238437 0.059112 
3.109 0.0251746 0.372127 0.0227384 0.308098 0.0207397 0.251943 0.0189266 0.198098 0.0172256 0.143262 0.0157696 0.0906521 0.0148012 0.0366263 
0.732 0.48744 0.400205 0.479584 0.336748 0.474174 0.280778 0.469978 0.226858 0.46706 0.171525 0.465755 0.117921 0.46613 0.0629544 
4.27 -0.218628 0.12627 -0.219596 0.0680733 -0.221413 0.0155228 -0.223655 -0.0364689 -0.226771 -0.0912727 -0.230488 -0.1458 -0.234526 -0.203214 
4.227 -0.215888 0.153664 -0.216461 0.0951332 -0.217868 0.0424949 -0.219735 -0.00929698 -0.222445 -0.0637723 -0.22581 -0.117549 -0.229526 -0.174187 
4.082 -0.200137 0.239269 -0.199829 0.179264 -0.20015 0.125877 -0.201065 0.074079 -0.202595 0.0202315 -0.204713 -0.0324307 -0.207161 -0.0873621 
4.309 -0.217943 0.100247 -0.21928 0.0423278 -0.22147 -0.0103983 -0.224063 -0.0625572 -0.227497 -0.117872 -0.231509 -0.172846 -0.235868 -0.231116 
0.821 0.366909 0.251596 0.363082 0.191521 0.361218 0.137757 0.36003 0.0852133 0.360238 0.0305457 0.361796 -0.0231532 0.365022 -0.0789499 
4.203 -0.316559 0.196809 -0.316178 0.13765 -0.316917 0.0845041 -0.318326 0.0325756 -0.320966 -0.0216897 -0.324385 -0.0751051 -0.32836 -0.130933 
4.086 -0.407643 0.278989 -0.404958 0.218196 -0.403932 0.164151 -0.403847 0.111687 -0.404997 0.0573671 -0.407225 0.00447811 -0.410208 -0.05039 
4.086 -0.46106 0.281729 -0.4578 0.220834 -0.456483 0.166785 -0.456204 0.114247 -0.457239 0.0598915 -0.459522 0.00688169 -0.462653 -0.0479722 
4.082 -0.352856 0.27625 -0.350676 0.215454 -0.34996 0.161432 -0.350052 0.109051 -0.351192 0.0547966 -0.353308 0.00194922 -0.356066 -0.0528367 
0.731 0.513464 0.444035 0.504347 0.379487 0.497805 0.32258 0.492518 0.267824 0.488473 0.211811 0.486104 0.157895 0.485357 0.102758 
3.934 -0.235749 0.341309 -0.233929 0.278507 -0.232939 0.223289 -0.232557 0.170098 -0.232808 0.115518 -0.23372 0.0629047 -0.234992 0.00877013 
3.895 -0.221367 0.356376 -0.219533 0.293107 -0.218615 0.237423 -0.218178 0.183919 -0.218375 0.129115 -0.219177 0.0763825 -0.22036 0.0222222 
4.109 -0.220682 0.234475 -0.220167 0.174613 -0.220491 0.121226 -0.221412 0.06947 -0.223026 0.0155905 -0.225334 -0.0372446 -0.227996 -0.0923154 
4.09 -0.42134 0.27625 -0.418543 0.21547 -0.417481 0.161453 -0.417411 0.10897 -0.418578 0.0546676 -0.420941 0.0017202 -0.424022 -0.053151 
0.73 0.516888 0.405684 0.508726 0.341949 0.503068 0.285819 0.498729 0.231785 0.495626 0.176097 0.494257 0.122522 0.494633 0.0676275 
4.246 -0.0460485 -0.0771264 -0.0479862 -0.136622 -0.0498438 -0.192497 -0.0517632 -0.248754 -0.0539036 -0.309526 -0.0560374 -0.371029 -0.0580178 -0.437177 
4.094 -0.164525 0.225572 -0.164587 0.165952 -0.165297 0.112841 -0.166382 0.0611558 -0.167987 0.00737559 -0.170126 -0.0453222 -0.172442 -0.100348 
0.731 0.501137 0.461841 0.491911 0.396658 0.485143 0.3392 0.479589 0.284182 0.475302 0.227949 0.472624 0.173917 0.47151 0.118794 
4.223 -0.324093 0.179688 -0.323976 0.120707 -0.324937 0.0677724 -0.326715 0.0158269 -0.32963 -0.0385549 -0.333347 -0.0922067 -0.337729 -0.148365 
4.121 -0.161786 0.202287 -0.162021 0.143146 -0.162948 0.0903135 -0.164153 0.0387067 -0.166072 -0.0151058 -0.168333 -0.0682025 -0.170864 -0.123771 
4.086 -0.389837 0.27762 -0.387318 0.216793 -0.386425 0.162789 -0.3864 0.110357 -0.387532 0.0560632 -0.389776 0.00319788 -0.392679 -0.0516309 
4.27 -0.173428 0.110519 -0.174727 0.0525246 -0.176539 -0.000141159 -0.178822 -0.0520545 -0.181769 -0.107015 -0.185189 -0.161862 -0.188821 -0.219641 
4.004 -0.200822 0.290631 -0.19995 0.229241 -0.19979 0.174955 -0.200059 0.122531 -0.201038 0.0686343 -0.20255 0.0161992 -0.204384 -0.0381289 
1.369 0.3402 -0.00247911 0.340884 -0.0616918 0.342745 -0.116312 0.345415 -0.17088 0.349657 -0.229351 0.354858 -0.288169 0.362204 -0.350974 
0.732 0.490864 0.383769 0.483241 0.320783 0.478171 0.265266 0.474246 0.21159 0.471619 0.156077 0.470699 0.102572 0.471511 0.047709 
4.383 -0.048103 -0.0394603 -0.0500008 -0.0982042 -0.0517748 -0.152896 -0.0535849 -0.207958 -0.0556743 -0.267275 -0.0577433 -0.327143 -0.0596758 -0.391177 
3.998 -0.2289 0.305698 -0.227512 0.243996 -0.226882 0.189456 -0.226881 0.136802 -0.227603 0.0826279 -0.228952 0.030059 -0.230636 -0.024232 
4.262 -0.314505 0.154349 -0.314814 0.0956335 -0.316195 0.0427985 -0.318231 -0.00914968 -0.321496 -0.063806 -0.325603 -0.117808 -0.330243 -0.174512 
4.434 -0.0638543 -0.057951 -0.0660471 -0.117068 -0.0681417 -0.172211 -0.0703147 -0.227954 -0.0727906 -0.28781 -0.0753382 -0.348465 -0.0778623 -0.413627 
4.094 -0.180277 0.23242 -0.180165 0.172578 -0.180684 0.119358 -0.181656 0.0675606 -0.18326 0.0137847 -0.185401 -0.0389407 -0.187749 -0.0939437 
0.785 0.386769 0.250911 0.382852 0.190829 0.380987 0.137063 0.38012 0.0846306 0.380438 0.0299309 0.382062 -0.0237854 0.3857 -0.0796903 
1.126 0.531955 -0.0298726 0.535774 -0.0900975 0.541163 -0.145907 0.547872 -0.20189 0.556695 -0.261846 0.567201 -0.322227 0.579836 -0.386625 
3.914 -0.235749 0.355691 -0.233722 0.292386 -0.232653 0.236686 -0.232097 0.18319 -0.232209 0.128378 -0.232946 0.0755656 -0.234022 0.0213981 
4.191 -0.171374 0.161882 -0.172157 0.103328 -0.173373 0.050756 -0.17506 -0.000845893 -0.177407 -0.0549366 -0.180175 -0.108585 -0.18318 -0.164938 
4.398 -0.0843994 -0.015491 -0.0865246 -0.073869 -0.0887922 -0.127912 -0.0911019 -0.18226 -0.093856 -0.240613 -0.0966962 -0.299461 -0.0994163 -0.362275 
4.105 -0.194658 0.226257 -0.194484 0.166566 -0.195009 0.113318 -0.196034 0.061461 -0.197737 0.0076964 -0.200025 -0.0450833 -0.202584 -0.100141 
4.363 -0.179592 0.0345021 -0.181873 -0.0234473 -0.184552 -0.0767173 -0.187563 -0.129849 -0.191466 -0.186603 -0.195685 -0.243572 -0.200141 -0.304064 
4.152 -0.0364608 0.0208054 -0.0381993 -0.03709 -0.0398043 -0.0906734 -0.0414342 -0.143949 -0.0432618 -0.201214 -0.0451238 -0.258813 -0.0466886 -0.320141 
0.742 0.464156 0.481701 0.454804 0.415641 0.44805 0.357807 0.442231 0.302114 0.437749 0.245613 0.434624 0.191185 0.433198 0.136071 
4.188 -0.246021 0.195439 -0.245814 0.136312 -0.24673 0.08337 -0.24822 0.0315644 -0.250503 -0.0224791 -0.253664 -0.0758026 -0.257178 -0.131555 
0.782 0.391563 0.535118 0.382078 0.46652 0.374554 0.406521 0.368078 0.349495 0.362466 0.291633 0.358315 0.236625 0.355493 0.180822 
4.309 -0.0433091 -0.0134365 -0.0451362 -0.0717083 -0.0468352 -0.125869 -0.0486189 -0.180253 -0.0506022 -0.238782 -0.0526056 -0.29759 -0.0544215 -0.360355 
4.254 -0.0398849 0.0427202 -0.0415911 -0.0149973 -0.0431641 -0.0680671 -0.0448093 -0.120969 -0.0465744 -0.177584 -0.0484229 -0.234465 -0.0499778 -0.29503 
1.245 0.48744 -0.0476784 0.490619 -0.107849 0.495496 -0.163724 0.501658 -0.219721 0.509634 -0.27982 0.519168 -0.340411 0.530966 -0.405152 
0.732 0.477168 0.428284 0.468774 0.364033 0.462713 0.307265 0.457868 0.252704 0.454296 0.1969 0.452315 0.143102 0.452016 0.0881248 
0.886 0.327873 0.252965 0.323892 0.192806 0.321783 0.139113 0.320479 0.086776 0.320316 0.0322061 0.32141 -0.021261 0.323718 -0.0770217 
2.254 0.166251 0.385139 0.161337 0.320773 0.157642 0.264411 0.15441 0.210415 0.151633 0.155122 0.149521 0.102118 0.148444 0.0478464 
1.003 0.581948 -0.000424599 0.58467 -0.0602402 0.589255 -0.115271 0.59536 -0.170289 0.603453 -0.228957 0.613233 -0.287583 0.625562 -0.350033 
0.867 0.342254 0.252965 0.338202 0.192804 0.335986 0.139066 0.334718 0.086689 0.334454 0.032098 0.335452 -0.0213334 0.338007 -0.0771278 
4.387 -0.138502 0.0105328 -0.140816 -0.0475484 -0.143401 -0.101165 -0.146324 -0.154833 -0.149884 -0.212354 -0.153687 -0.270182 -0.15762 -0.331797 
4.047 -0.176168 0.259814 -0.175905 0.199235 -0.176225 0.145537 -0.176989 0.0935758 -0.178338 0.0397244 -0.180206 -0.0127755 -0.182237 -0.067351 
0.826 0.42649 -0.00316395 0.428651 -0.0628768 0.432417 -0.118059 0.437199 -0.173204 0.444125 -0.232487 0.452576 -0.292303 0.463472 -0.356242 
3.883 -0.313135 0.387878 -0.309446 0.323584 -0.307177 0.267202 -0.305717 0.213109 -0.30508 0.157801 -0.305223 0.104657 -0.305903 0.0502365 
4.336 -0.170004 0.0481989 -0.171995 -0.00972028 -0.174434 -0.0628045 -0.177271 -0.115668 -0.180812 -0.172092 -0.184747 -0.228687 -0.188728 -0.288671 
4.359 -0.161101 0.0372415 -0.163244 -0.0206533 -0.16579 -0.0739728 -0.168744 -0.12705 -0.172364 -0.183759 -0.176313 -0.240743 -0.180401 -0.301169 
4.375 -0.121381 0.00916313 -0.123607 -0.0489822 -0.12592 -0.102621 -0.128631 -0.156284 -0.131831 -0.213837 -0.135263 -0.271711 -0.138713 -0.333411 
4.301 -0.184386 0.0892891 -0.185915 0.0314113 -0.187975 -0.0211521 -0.190478 -0.0737245 -0.19372 -0.12908 -0.197477 -0.184444 -0.201444 -0.243097 
4.512 -0.276154 -0.015491 -0.279566 -0.0742434 -0.283979 -0.128644 -0.288544 -0.183056 -0.294221 -0.241402 -0.300818 -0.30024 -0.307816 -0.36314 
1.358 0.253226 0.270086 0.249107 0.209266 0.246467 0.155272 0.244559 0.102749 0.243407 0.0484655 0.24344 -0.0047292 0.244454 -0.0596999 
0.788 0.388823 0.268032 0.384383 0.207578 0.382196 0.153657 0.38095 0.101128 0.38088 0.0464898 0.382093 -0.00710833 0.385272 -0.0627144 
4.363 -0.10289 0.00916313 -0.105086 -0.0488547 -0.107218 -0.102493 -0.109586 -0.15613 -0.112493 -0.213637 -0.115507 -0.271494 -0.118419 -0.333172 
0.816 0.471689 -0.0237091 0.474553 -0.083725 0.479919 -0.139453 0.486515 -0.195337 0.494984 -0.255169 0.503717 -0.31526 0.514292 -0.379279 
0.785 0.513464 -0.0230242 0.516451 -0.0830965 0.522569 -0.138959 0.529738 -0.194894 0.538959 -0.254825 0.549385 -0.315293 0.561716 -0.379523 
4.188 -0.139186 0.155034 -0.140135 0.0966195 -0.141578 0.0441319 -0.1432 -0.00741631 -0.145528 -0.0616048 -0.1481 -0.115303 -0.150793 -0.171962 
0.928 0.304588 0.287892 0.300058 0.226959 0.297239 0.172915 0.295288 0.120313 0.294241 0.0658437 0.294416 0.0126255 0.295862 -0.0424635 
3.904 -0.330256 0.3824 -0.326314 0.318472 -0.323867 0.262322 -0.32226 0.20839 -0.321512 0.153201 -0.321679 0.100032 -0.322329 0.045689 
1.125 0.563457 -0.0312423 0.567054 -0.0912944 0.572368 -0.146814 0.579021 -0.202442 0.587932 -0.261757 0.598284 -0.321781 0.611287 -0.385569 
4.148 -0.139186 0.176948 -0.139907 0.118213 -0.141143 0.065609 -0.142667 0.0140895 -0.144792 -0.0398576 -0.14718 -0.0932254 -0.14972 -0.14924 
3.205 0.1279 0.380345 0.123814 0.3165 0.120719 0.260374 0.117942 0.206612 0.115564 0.1515 0.113964 0.0984795 0.113015 0.0442847 
1.398 0.435392 -0.0415149 0.437745 -0.101498 0.441579 -0.157014 0.447129 -0.212962 0.454114 -0.272883 0.462246 -0.33318 0.472902 -0.39783 
4.312 -0.0426243 0.00368443 -0.0444388 -0.0544245 -0.0460665 -0.108104 -0.0478064 -0.161792 -0.0497394 -0.219455 -0.0516577 -0.277659 -0.0533936 -0.339901 
1.486 0.372387 -0.0106972 0.373293 -0.0699846 0.375663 -0.124797 0.379048 -0.17953 0.38373 -0.23826 0.389846 -0.297318 0.398256 -0.36056 
4.27 -0.0974113 0.0776469 -0.0990897 0.0198737 -0.100892 -0.0327541 -0.102796 -0.0850474 -0.105214 -0.1406 -0.107724 -0.196326 -0.110289 -0.255291 
4.488 -0.263827 -0.00658814 -0.266967 -0.0651635 -0.270738 -0.119264 -0.265616 -0.123079 -0.270236 -0.179738 -0.275571 -0.236527 -0.281318 -0.296693 
4.23 -0.176852 0.138597 -0.177821 0.0803271 -0.179293 0.0278337 -0.181238 -0.0239013 -0.183855 -0.0784626 -0.186954 -0.132582 -0.190218 -0.18975 
3.904 -0.270675 0.369388 -0.267814 0.305639 -0.266289 0.249645 -0.265277 0.195928 -0.26497 0.140949 -0.265512 0.0880654 -0.266391 0.03372 
4.023 -0.188495 0.275565 -0.18782 0.214592 -0.187888 0.16076 -0.188371 0.108534 -0.18952 0.0545095 -0.191254 0.00211458 -0.193114 -0.0524805 
4.188 -0.253554 0.178318 -0.253593 0.11943 -0.254615 0.0666724 -0.256277 0.0149231 -0.258796 -0.0393168 -0.262134 -0.0928463 -0.265814 -0.148939 
0.769 0.5073 -0.00795781 0.510876 -0.067993 0.516201 -0.123619 0.522834 -0.179295 0.531487 -0.239119 0.541877 -0.299335 0.554487 -0.363375 
1.232 0.500452 -0.0600055 0.504193 -0.120497 0.509604 -0.176717 0.516357 -0.23299 0.524882 -0.293493 0.535174 -0.354551 0.547444 -0.419657 
0.717 0.588796 0.0742227 0.590839 0.0150008 0.594647 -0.0393002 0.599894 -0.0932769 0.607534 -0.150435 0.616655 -0.20762 0.628317 -0.268036 
0.725 0.566881 0.307068 0.561146 0.246132 0.557829 0.191481 0.555973 0.138851 0.555552 0.0837178 0.556983 0.030308 0.56043 -0.0252911 
0.792 0.484016 -0.015491 0.486923 -0.0754759 0.491714 -0.13096 0.497651 -0.186505 0.505543 -0.246044 0.514936 -0.305933 0.526638 -0.369958 
4.062 -0.0200247 0.0125873 -0.0217585 -0.0454066 -0.0232508 -0.0988829 -0.0245934 -0.152455 -0.0262985 -0.209896 -0.0278536 -0.267673 -0.0288316 -0.329194 
