4.168 0.231311 0.0906588 0.230234 0.0781788 0.228684 0.0672451 0.226801 0.0566254 0.223879 0.0451732 0.220693 0.0346197 0.216918 0.0244949 
0.792 -0.246706 0.324188 -0.237309 0.344335 -0.228089 0.362077 -0.218075 0.37894 -0.206284 0.396598 -0.19425 0.412623 -0.181556 0.427825 
3.139 -0.372716 0.0612108 -0.374784 0.0853581 -0.375712 0.107081 -0.37549 0.128132 -0.373882 0.15127 -0.371283 0.172686 -0.367547 0.193815 
1.514 -0.593919 -0.0469936 -0.604118 -0.00826211 -0.611516 0.0267707 -0.616983 0.0612727 -0.620836 0.0992476 -0.622526 0.135003 -0.622365 0.170513 
0.809 -0.0727572 0.402945 -0.05871 0.412151 -0.045867 0.419847 -0.0327923 0.426733 -0.0183253 0.433299 -0.00451503 0.438756 0.00943277 0.44347 
0.992 -0.176852 0.285838 -0.168565 0.300413 -0.160479 0.313164 -0.151909 0.325256 -0.142049 0.337697 -0.131971 0.349112 -0.121589 0.359727 
0.825 -0.445309 0.261868 -0.439488 0.293617 -0.432973 0.321903 -0.425121 0.349244 -0.415006 0.37824 -0.403938 0.40521 -0.391625 0.431149 
0.959 -0.199452 0.287207 -0.19109 0.303385 -0.183027 0.31754 -0.174448 0.330964 -0.164414 0.344866 -0.154236 0.357477 -0.143605 0.369437 
0.857 -0.0796055 0.37966 -0.0665952 0.389143 -0.054571 0.39718 -0.0422448 0.40447 -0.0287224 0.411426 -0.0154919 0.417344 -0.00221089 0.422548 
3.166 -0.341898 -0.0257636 -0.349184 -0.0034527 -0.354746 0.0169664 -0.359168 0.036977 -0.362821 0.0591326 -0.365173 0.0800803 -0.366378 0.100897 
0.984 -0.215203 0.272826 -0.207465 0.289888 -0.199944 0.30484 -0.191702 0.319073 -0.182009 0.333924 -0.172242 0.347442 -0.161861 0.360286 
0.926 -0.0933023 0.350897 -0.0817306 0.360968 -0.0710529 0.369545 -0.0601194 0.377389 -0.0478626 0.385196 -0.0359554 0.391845 -0.0238725 0.397972 
1.403 -0.122065 0.174894 -0.119597 0.185508 -0.116984 0.194926 -0.113956 0.204016 -0.110275 0.213682 -0.106248 0.222593 -0.101882 0.23125 
1.638 -0.466539 -0.137392 -0.481874 -0.106385 -0.494226 -0.0779948 -0.504818 -0.0496953 -0.514752 -0.0182145 -0.52251 0.0118017 -0.528469 0.0418609 
0.747 -0.052212 0.44609 -0.0361971 0.454562 -0.0216191 0.461554 -0.00690419 0.4677 0.00925011 0.473314 0.0248129 0.477788 0.0403689 0.481473 
1.669 -0.411752 -0.117532 -0.425898 -0.0898225 -0.43735 -0.0644946 -0.447179 -0.0391356 -0.45643 -0.010953 -0.463682 0.0159112 -0.46937 0.0429641 
4.102 0.027914 -0.302438 0.00399825 -0.301844 -0.0173111 -0.300241 -0.0379204 -0.29771 -0.060325 -0.293644 -0.0811029 -0.288733 -0.101253 -0.282731 
1.644 -0.443939 -0.113423 -0.457819 -0.0836279 -0.468964 -0.0564657 -0.478482 -0.0293795 -0.487245 0.00063664 -0.493922 0.0292934 -0.498975 0.0579099 
0.75 -0.0220792 0.450883 -0.00570576 0.457414 0.0090909 0.462657 0.0239003 0.466981 0.040191 0.470703 0.0556415 0.47337 0.0709252 0.475185 
3.062 -0.422024 0.0523079 -0.426336 0.0808218 -0.428991 0.106393 -0.430226 0.13157 -0.430059 0.15905 -0.428523 0.184892 -0.425586 0.210256 
4.078 0.0114779 -0.312026 -0.0129952 -0.310476 -0.0347586 -0.307979 -0.0558272 -0.304598 -0.078607 -0.299542 -0.0997213 -0.29372 -0.120104 -0.286731 
3.59 -0.339844 -0.205191 -0.357511 -0.182929 -0.372357 -0.162315 -0.385737 -0.141434 -0.399132 -0.117931 -0.4106 -0.0952899 -0.420558 -0.0721341 
1.584 -0.469278 0.0831256 -0.471868 0.114461 -0.472923 0.142558 -0.472489 0.170062 -0.470393 0.199849 -0.466909 0.228005 -0.461998 0.255443 
1.625 -0.48366 -0.142871 -0.499295 -0.110854 -0.511927 -0.0815279 -0.522789 -0.0523253 -0.53289 -0.0198194 -0.540745 0.0112071 -0.546843 0.0422393 
4.18 0.0758526 -0.275045 0.0533178 -0.277401 0.0331564 -0.278453 0.0135544 -0.278609 -0.00793545 -0.277483 -0.027975 -0.275424 -0.0475426 -0.272193 
4.191 0.0895494 0.0112176 0.0842472 0.00753037 0.0793219 0.00456367 0.0744625 0.00189864 0.0688345 -0.000771115 0.0635206 -0.00298016 0.0581789 -0.00473598 
4.133 0.0642104 -0.381194 0.0355776 -0.382659 0.0099558 -0.382672 -0.0149164 -0.381564 -0.0421044 -0.378744 -0.0673809 -0.374781 -0.0920069 -0.369462 
0.762 -0.069333 0.433078 -0.0538712 0.442435 -0.0397139 0.450282 -0.0253718 0.457244 -0.00943525 0.463782 0.00577969 0.469146 0.0210749 0.473759 
4.129 0.0539378 -0.328462 0.0283898 -0.329334 0.00559335 -0.328942 -0.016523 -0.327561 -0.0406494 -0.324622 -0.0630654 -0.320701 -0.0848941 -0.315587 
1.683 -0.394631 -0.113423 -0.408675 -0.0865645 -0.420177 -0.0619517 -0.430102 -0.0373602 -0.439452 -0.0100408 -0.446888 0.0161022 -0.452693 0.0424089 
4.199 0.0991371 -0.340104 0.0728799 -0.343681 0.0493791 -0.345686 0.0263782 -0.346589 0.00121744 -0.346108 -0.0223151 -0.344478 -0.0453555 -0.341471 
0.767 -0.0316669 0.439241 -0.0157645 0.446274 -0.00130452 0.452019 0.0131917 0.45689 0.0292582 0.461166 0.0444121 0.464392 0.0596201 0.466865 
1.587 -0.463799 0.0680592 -0.466779 0.0991507 -0.4682 0.127001 -0.468154 0.154332 -0.466536 0.18399 -0.463514 0.211839 -0.458906 0.239092 
4.008 -0.0487878 -0.107259 -0.0608423 -0.102742 -0.0714695 -0.0981305 -0.0814888 -0.0931839 -0.0922408 -0.0871195 -0.101972 -0.0808947 -0.111207 -0.0741817 
4.113 0.0381865 -0.312711 0.0137179 -0.312782 -0.00806967 -0.31176 -0.0292105 -0.309794 -0.0522687 -0.306285 -0.0736512 -0.301906 -0.0944468 -0.296357 
4.152 0.0621559 -0.308602 0.0378876 -0.310022 0.0161451 -0.310212 -0.00493661 -0.309419 -0.027947 -0.307195 -0.049409 -0.304044 -0.0702765 -0.299688 
0.863 -0.221367 0.314601 -0.211779 0.332543 -0.202547 0.34806 -0.192691 0.362876 -0.181082 0.378225 -0.169508 0.39217 -0.157265 0.405299 
0.876 -0.137817 0.346103 -0.126573 0.359001 -0.116095 0.370153 -0.105176 0.380526 -0.0927805 0.391005 -0.0805465 0.400322 -0.0680953 0.408857 
3.322 -0.188495 0.109834 -0.189322 0.124148 -0.189554 0.137065 -0.189062 0.149628 -0.187954 0.16322 -0.186139 0.176012 -0.183651 0.188539 
1.68 -0.404903 -0.130544 -0.419481 -0.103458 -0.431335 -0.0786003 -0.441642 -0.0537412 -0.45141 -0.0260971 -0.459236 0.000433663 -0.465508 0.0268551 
0.878 -0.18644 0.321449 -0.176375 0.33713 -0.166848 0.350751 -0.156637 0.363709 -0.144998 0.376874 -0.133329 0.388759 -0.121286 0.399928 
4.191 0.0881797 -0.307232 0.0639227 -0.31023 0.0421906 -0.311827 0.0210205 -0.312394 -0.00219563 -0.31164 -0.0238654 -0.309838 -0.0450736 -0.30681 
4.191 0.082701 -0.290796 0.0593948 -0.293462 0.038545 -0.294824 0.0182052 -0.29524 -0.0040473 -0.294365 -0.0248298 -0.29252 -0.0451495 -0.289481 
1.789 -0.393261 -0.152459 -0.408118 -0.126834 -0.420232 -0.103404 -0.430791 -0.0799961 -0.44089 -0.053993 -0.449029 -0.0292169 -0.455698 -0.00439385 
4.258 0.236789 0.00984797 0.230794 -0.00284736 0.225066 -0.0137843 0.219018 -0.0242117 0.21148 -0.03513 0.203922 -0.0450426 0.196043 -0.0542233 
3.961 -0.0871387 -0.206561 -0.105088 -0.199383 -0.120761 -0.192199 -0.135507 -0.184447 -0.151498 -0.17518 -0.165921 -0.165705 -0.179474 -0.155448 
4.16 0.0621559 -0.279838 0.0393687 -0.281389 0.0189551 -0.281731 -0.000850453 -0.281174 -0.022494 -0.279323 -0.0426625 -0.276524 -0.0622816 -0.27257 
1.633 -0.455581 -0.101096 -0.468861 -0.0706874 -0.479439 -0.0429851 -0.488303 -0.015395 -0.496298 0.0151323 -0.502248 0.0442744 -0.5066 0.0734121 
4.074 0.0176414 -0.345583 -0.0088091 -0.344405 -0.0323454 -0.342158 -0.0551605 -0.338939 -0.079908 -0.333933 -0.102764 -0.328056 -0.124954 -0.320957 
3.404 -0.375455 -0.167525 -0.391025 -0.143023 -0.403991 -0.120583 -0.415503 -0.0980441 -0.426671 -0.0727486 -0.435825 -0.0484818 -0.44351 -0.0239292 
4.367 0.271716 0.0194357 0.266339 0.00471164 0.26089 -0.00809993 0.255 -0.0203392 0.247608 -0.0332869 0.240131 -0.0450764 0.232253 -0.05613 
0.836 -0.132338 0.366648 -0.120204 0.379431 -0.10891 0.390332 -0.0972213 0.400581 -0.0840248 0.410783 -0.0710701 0.41978 -0.0579074 0.427935 
0.723 -0.0433091 0.459101 -0.0265246 0.467077 -0.0112374 0.473588 0.00412336 0.479178 0.021048 0.484199 0.0371345 0.488075 0.0532402 0.491042 
4.137 0.0457198 -0.289426 0.0224226 -0.289913 0.00161649 -0.289319 -0.0185001 -0.287817 -0.0405039 -0.284892 -0.0609093 -0.281055 -0.0807399 -0.276112 
0.715 -0.0837146 0.458417 -0.0670296 0.468887 -0.0518297 0.47759 -0.0363425 0.485352 -0.0193114 0.492696 -0.00281259 0.498789 0.0138324 0.504037 
4.156 0.0799616 -0.375716 0.0516431 -0.378138 0.0263154 -0.379015 0.00165792 -0.378775 -0.0252739 -0.376918 -0.0504462 -0.373913 -0.0749737 -0.369538 
4.355 0.286098 0.0228599 0.280686 0.00730842 0.275149 -0.00619723 0.269263 -0.0191445 0.261885 -0.0327975 0.254377 -0.0452449 0.246361 -0.0569545 
0.893 -0.234379 0.293371 -0.226253 0.311727 -0.218176 0.327903 -0.209396 0.343303 -0.198964 0.359475 -0.188359 0.374148 -0.17704 0.388129 
3.945 -0.0953568 -0.180537 -0.111739 -0.172996 -0.12607 -0.165517 -0.139617 -0.15757 -0.154028 -0.14811 -0.167008 -0.138473 -0.179264 -0.128217 
4.121 0.0546227 -0.362704 0.0271111 -0.363635 0.00255948 -0.363257 -0.0212646 -0.361767 -0.0472889 -0.358638 -0.0714531 -0.354444 -0.095013 -0.348954 
0.829 -0.174798 0.354321 -0.163276 0.369691 -0.152565 0.38289 -0.141299 0.395249 -0.1284 0.407978 -0.115623 0.419334 -0.102487 0.429856 
4.168 0.0683194 -0.293535 0.0450831 -0.295364 0.0242481 -0.295977 0.00402897 -0.295671 -0.0181008 -0.294029 -0.0387483 -0.291441 -0.0588391 -0.287704 
4.172 0.0833858 -0.345583 0.0569043 -0.348182 0.0332119 -0.349322 0.0101325 -0.349355 -0.0150949 -0.347947 -0.038689 -0.345405 -0.0616784 -0.341582 
0.795 -0.144665 0.385824 -0.131649 0.39972 -0.119597 0.411507 -0.107192 0.422366 -0.0931425 0.433355 -0.0793028 0.443067 -0.0651626 0.45188 
4.211 0.214875 0.0707985 0.212724 0.0592642 0.210297 0.0491971 0.207568 0.0394972 0.203745 0.0291215 0.199748 0.0195613 0.195301 0.0104881 
2.441 -0.417231 0.0269689 -0.422844 0.0549357 -0.426652 0.0803431 -0.429005 0.105293 -0.430159 0.13248 -0.429904 0.158036 -0.428263 0.183484 
4.172 0.0655801 -0.112053 0.052801 -0.114057 0.0412705 -0.115294 0.0300754 -0.115911 0.0178229 -0.115953 0.00626778 -0.115384 -0.00509696 -0.114065 
3.592 -0.331626 -0.234639 -0.351136 -0.213033 -0.367685 -0.192829 -0.382773 -0.172421 -0.398082 -0.149191 -0.411281 -0.126642 -0.423025 -0.103659 
1.63 -0.477496 -0.156568 -0.493694 -0.125033 -0.506816 -0.096217 -0.518195 -0.067397 -0.528857 -0.0353094 -0.537305 -0.00469823 -0.543972 0.0259294 
4.211 0.0916039 -0.266142 0.0696586 -0.269249 0.0499139 -0.271091 0.0307042 -0.271963 0.00959704 -0.271694 -0.0101226 -0.270427 -0.0294119 -0.268003 
1.238 0.33883 0.314601 0.348983 0.296961 0.357024 0.280848 0.364234 0.264786 0.370854 0.246691 0.376229 0.229529 0.380547 0.212502 
4.27 0.272401 0.0824408 0.270795 0.0673662 0.268622 0.054073 0.266012 0.0411706 0.262146 0.0273807 0.257912 0.0145623 0.253065 0.00246761 
4.031 -0.0282427 -0.095617 -0.0394565 -0.0921102 -0.0493694 -0.0884511 -0.0587897 -0.0844556 -0.0689267 -0.0795022 -0.0781399 -0.0743597 -0.0868964 -0.0687471 
0.784 -0.048103 0.425544 -0.0329728 0.433401 -0.0192075 0.439862 -0.00530144 0.445596 0.0098954 0.450697 0.0245899 0.454829 0.0391629 0.458133 
0.759 0.0231201 0.463895 0.0406089 0.467552 0.0562324 0.470137 0.0716496 0.471821 0.0884051 0.472577 0.104187 0.472514 0.119642 0.471636 
4.082 0.0190111 -0.323668 -0.00616442 -0.32249 -0.0285704 -0.32032 -0.0502727 -0.317163 -0.0737731 -0.312371 -0.0955773 -0.306737 -0.116587 -0.29989 
4.094 0.0313382 -0.353801 0.00440103 -0.353373 -0.0195542 -0.351783 -0.0428321 -0.34916 -0.0681036 -0.344788 -0.0915379 -0.339479 -0.114255 -0.332926 
0.762 -0.464484 0.31871 -0.455932 0.352126 -0.446903 0.381766 -0.436566 0.410217 -0.423566 0.44043 -0.409821 0.468177 -0.394835 0.494758 
0.737 -0.0138611 0.463211 0.00339601 0.469246 0.0189295 0.473984 0.0344931 0.477863 0.0514568 0.480904 0.0675155 0.482994 0.0835056 0.484196 
1.633 -0.463115 -0.113423 -0.476752 -0.0826854 -0.487673 -0.0547568 -0.496953 -0.0268989 -0.505507 0.0039185 -0.511941 0.0333118 -0.516682 0.062655 
0.888 -0.148089 0.336516 -0.137287 0.349987 -0.127061 0.361673 -0.116444 0.372579 -0.104325 0.383669 -0.0924331 0.393501 -0.0801788 0.402599 
4.203 0.104616 -0.35654 0.0773877 -0.360413 0.0529319 -0.362652 0.0290594 -0.36375 0.00290303 -0.363396 -0.0215983 -0.361795 -0.0455294 -0.358828 
4.145 0.0436653 -0.151089 0.028777 -0.151855 0.0154422 -0.151855 0.00260985 -0.151252 -0.0115725 -0.149759 -0.0247432 -0.147686 -0.037586 -0.144812 
4.098 0.0388714 -0.370237 0.0109602 -0.3702 -0.013892 -0.36894 -0.0379952 -0.366589 -0.0642043 -0.362474 -0.0885893 -0.357405 -0.112219 -0.350991 
4.109 0.0333927 -0.0127517 0.0267016 -0.0129854 0.0207098 -0.0128644 0.0149744 -0.0124981 0.0086003 -0.011669 0.00282186 -0.0105883 -0.00286087 -0.0091661 
4.047 -0.0241337 -0.149719 -0.0388935 -0.146411 -0.0519766 -0.14277 -0.0644069 -0.138659 -0.0778902 -0.133405 -0.0901943 -0.127817 -0.101945 -0.121504 
3.338 -0.179592 0.0262841 -0.183665 0.0389746 -0.186775 0.0504135 -0.189254 0.0617548 -0.191362 0.0741308 -0.192651 0.0859506 -0.1933 0.0976627 
0.854 -0.110423 0.368018 -0.0978252 0.379404 -0.0862825 0.389032 -0.0744295 0.397842 -0.0612378 0.406583 -0.0482871 0.414143 -0.0351532 0.420953 
0.801 -0.0104369 0.433078 0.00529779 0.438512 0.0195098 0.442815 0.0337774 0.446311 0.0493299 0.449087 0.0640543 0.450958 0.0786927 0.452091 
0.951 -0.229585 0.278989 -0.221891 0.296906 -0.214418 0.312592 -0.206085 0.327647 -0.196329 0.343318 -0.186345 0.357618 -0.175731 0.371259 
0.777 0.00599918 0.448144 0.0226004 0.452751 0.0375902 0.456266 0.052497 0.458936 0.0686362 0.460753 0.0839732 0.461689 0.0989744 0.46182 
0.845 -0.197398 0.331037 -0.18717 0.347494 -0.177367 0.361863 -0.166958 0.375428 -0.154943 0.389411 -0.142949 0.402053 -0.13043 0.413842 
0.789 -0.12549 0.396781 -0.111863 0.409565 -0.0991664 0.42045 -0.0861308 0.430599 -0.0714724 0.440581 -0.0571608 0.449217 -0.0426363 0.457097 
0.814 -0.10426 0.388563 -0.0908836 0.399794 -0.0784912 0.409308 -0.0658413 0.418044 -0.0517058 0.426564 -0.0380034 0.433928 -0.0239969 0.440471 
0.944 -0.167265 0.307068 -0.157703 0.321383 -0.148643 0.333798 -0.139234 0.345502 -0.128519 0.357509 -0.117899 0.368329 -0.106987 0.378488 
4.02 -0.0446788 -0.163416 -0.0599877 -0.158872 -0.0734055 -0.154104 -0.0862414 -0.148838 -0.0999528 -0.142382 -0.112544 -0.135591 -0.124438 -0.128167 
0.895 -0.203561 0.305013 -0.194451 0.321748 -0.185736 0.336288 -0.176389 0.350162 -0.165457 0.36454 -0.154279 0.377544 -0.142665 0.38981 
4.012 -0.0501575 -0.12438 -0.0630793 -0.119687 -0.0744498 -0.114904 -0.0852198 -0.109785 -0.0967804 -0.103568 -0.107299 -0.0971459 -0.117276 -0.0902854 
0.993 -0.253554 0.259814 -0.246549 0.278924 -0.239641 0.295739 -0.231923 0.311856 -0.222587 0.328847 -0.21287 0.344339 -0.202349 0.359214 
2.07 0.206657 0.161882 0.208543 0.152436 0.209697 0.143898 0.210543 0.135522 0.210653 0.126223 0.21043 0.117576 0.209668 0.10924 
4.102 0.0429804 -0.385303 0.0142252 -0.385438 -0.0114119 -0.384291 -0.036254 -0.382012 -0.0633127 -0.377988 -0.0884505 -0.372874 -0.112844 -0.366446 
4.082 -0.000164361 -0.138077 -0.0142859 -0.136243 -0.0268521 -0.133875 -0.0388799 -0.13108 -0.0519476 -0.127256 -0.0639759 -0.123 -0.0755569 -0.118046 
3.197 -0.31382 -0.0168607 -0.32057 0.00377776 -0.325698 0.022463 -0.329797 0.0409588 -0.333123 0.061397 -0.33527 0.0806681 -0.336291 0.0998951 
0.936 -0.111108 0.33994 -0.0999642 0.351028 -0.0896418 0.360486 -0.078904 0.369249 -0.06687 0.377999 -0.0551342 0.385589 -0.043165 0.392536 
1.654 -0.429558 -0.102465 -0.442799 -0.0735126 -0.453438 -0.0471455 -0.462468 -0.0207902 -0.470748 0.00839172 -0.477061 0.0361537 -0.481843 0.0640617 
3.992 -0.0672785 -0.16821 -0.0829618 -0.162316 -0.0968887 -0.156372 -0.109977 -0.149917 -0.123969 -0.142023 -0.136756 -0.133972 -0.14868 -0.125294 
4.07 0.0176414 -0.361334 -0.00969336 -0.360238 -0.0340297 -0.358075 -0.0575963 -0.354845 -0.0831838 -0.349839 -0.106849 -0.343889 -0.129824 -0.336755 
0.757 0.0402411 0.476907 0.0579973 0.479697 0.0737427 0.481494 0.089445 0.482538 0.106336 0.482505 0.122237 0.4817 0.13784 0.48016 
0.914 -0.126174 0.33857 -0.115178 0.350535 -0.104873 0.360856 -0.0943019 0.370373 -0.0822813 0.379929 -0.0704457 0.38838 -0.0582862 0.396195 
4.094 0.00736885 -0.166155 -0.00829668 -0.164714 -0.0221992 -0.162713 -0.0355934 -0.160174 -0.050142 -0.156503 -0.0636138 -0.152394 -0.076547 -0.1475 
0.914 -0.18781 0.307068 -0.178733 0.322644 -0.170085 0.336245 -0.160762 0.349205 -0.150004 0.362543 -0.139021 0.374575 -0.127656 0.38596 
0.777 -0.077551 0.421435 -0.0626828 0.431331 -0.0491654 0.439558 -0.035316 0.446983 -0.0200638 0.454042 -0.00529897 0.459962 0.00959123 0.465038 
0.754 -0.311081 0.311861 -0.302553 0.335979 -0.293964 0.357142 -0.284345 0.377557 -0.272945 0.398906 -0.26103 0.418445 -0.248249 0.437046 
4.137 0.0354472 -0.123695 0.0220988 -0.124065 0.010201 -0.123729 -0.00131271 -0.122849 -0.0139458 -0.121189 -0.0256512 -0.119031 -0.037022 -0.116145 
3.998 -0.0617998 -0.190809 -0.0790433 -0.185244 -0.0942149 -0.179544 -0.108587 -0.173284 -0.123956 -0.165525 -0.13797 -0.157517 -0.151406 -0.148738 
3.969 -0.0789207 -0.176428 -0.0949413 -0.169852 -0.108954 -0.163248 -0.122227 -0.156196 -0.136384 -0.147613 -0.149186 -0.138969 -0.16133 -0.129615 
4.09 0.0285988 -0.337365 0.00271159 -0.33684 -0.0203748 -0.335244 -0.042742 -0.332634 -0.0670376 -0.328354 -0.0896015 -0.323215 -0.111449 -0.316813 
4.066 0.0046295 -0.328462 -0.0207002 -0.326729 -0.0432344 -0.324047 -0.0649934 -0.320409 -0.0886063 -0.315071 -0.11042 -0.308906 -0.131463 -0.301586 
1.33 0.0929736 0.313231 0.103049 0.310934 0.111821 0.30857 0.120459 0.30588 0.129437 0.302266 0.1378 0.298519 0.145853 0.294475 
0.984 -0.152883 0.302958 -0.143611 0.316309 -0.13485 0.327914 -0.125668 0.338863 -0.11512 0.350026 -0.104708 0.360059 -0.0940014 0.369452 
4.074 0.0224353 -0.375716 -0.00572369 -0.374818 -0.0307795 -0.372773 -0.055071 -0.369649 -0.0814205 -0.364694 -0.105846 -0.358785 -0.129472 -0.35157 
3.383 -0.177537 -0.0387755 -0.185595 -0.0264252 -0.192346 -0.0150437 -0.198267 -0.00353429 -0.204143 0.00932882 -0.209022 0.0217049 -0.213057 0.0342488 
0.808 -0.154253 0.374866 -0.141749 0.38915 -0.130177 0.401446 -0.118064 0.41298 -0.104339 0.424551 -0.0908507 0.434799 -0.0770312 0.444225 
4.043 -0.026873 -0.178482 -0.0433006 -0.174997 -0.0578233 -0.171189 -0.0718204 -0.166798 -0.0868505 -0.161117 -0.100528 -0.155022 -0.113687 -0.148206 
0.771 -0.139186 0.400205 -0.125429 0.413683 -0.112559 0.425192 -0.0993885 0.435834 -0.0845785 0.446402 -0.0700186 0.455646 -0.0552132 0.464026 
3.707 -0.252185 -0.386673 -0.280885 -0.369417 -0.305784 -0.352756 -0.329207 -0.335372 -0.353739 -0.314959 -0.37577 -0.294563 -0.396286 -0.273279 
0.891 -0.0857691 0.362539 -0.0736563 0.372194 -0.0624314 0.380415 -0.0508791 0.387962 -0.0380904 0.395224 -0.0256968 0.401457 -0.0130657 0.407019 
4.262 0.290892 0.0543624 0.287285 0.0383912 0.283352 0.0244684 0.279073 0.0110844 0.273283 -0.00323777 0.267325 -0.0162615 0.260765 -0.0286685 
3.305 -0.21041 0.0166963 -0.214945 0.0309436 -0.21852 0.0438882 -0.221285 0.056779 -0.223626 0.0708711 -0.225043 0.08421 -0.225689 0.0974435 
0.897 -0.171374 0.323504 -0.161358 0.338251 -0.151803 0.351155 -0.141711 0.363252 -0.130165 0.375628 -0.118723 0.386708 -0.106961 0.397081 
0.775 -0.296699 0.305013 -0.288498 0.327885 -0.280037 0.348195 -0.270855 0.367595 -0.259637 0.387927 -0.248181 0.406553 -0.235845 0.42439 
4.082 0.0306533 -0.395576 0.00122776 -0.395103 -0.0249784 -0.39338 -0.0503823 -0.390528 -0.0779625 -0.385809 -0.103601 -0.38005 -0.128428 -0.372943 
1.216 0.0696891 0.257759 0.0762557 0.257053 0.082106 0.25625 0.0877946 0.255218 0.0938397 0.25369 0.0993943 0.251884 0.104768 0.249992 
1.333 -0.0953568 0.189275 -0.0923594 0.1984 -0.0891186 0.20649 -0.0855283 0.214307 -0.0813193 0.222487 -0.0770228 0.23012 -0.0722713 0.237416 
0.721 -0.00358855 0.475538 0.0139766 0.481162 0.0297323 0.485418 0.0454959 0.488882 0.0626889 0.491516 0.0789937 0.493166 0.0952457 0.494071 
4.379 0.25528 0.00710862 0.248988 -0.00651566 0.242831 -0.0183291 0.236386 -0.0295875 0.22847 -0.0413529 0.220609 -0.0520083 0.212349 -0.0618817 
0.729 0.0128476 0.476222 0.0307718 0.480836 0.0468401 0.484261 0.0628216 0.486776 0.0801425 0.488323 0.0965312 0.48895 0.112723 0.488788 
0.759 -0.40011 0.287892 -0.392927 0.317457 -0.385377 0.343497 -0.376583 0.368581 -0.365564 0.395235 -0.353828 0.419763 -0.341042 0.443264 
3.902 -0.120696 -0.213409 -0.138901 -0.204387 -0.154777 -0.195601 -0.16978 -0.186303 -0.185639 -0.175254 -0.199999 -0.164112 -0.213439 -0.152309 
4.25 0.108725 -0.123011 0.0953445 -0.127663 0.0830285 -0.131273 0.0711191 -0.134157 0.0576932 -0.136551 0.0451994 -0.138131 0.0325357 -0.138943 
4.156 0.0553075 -0.121641 0.0423065 -0.123117 0.0305906 -0.123868 0.0192588 -0.124048 0.00685631 -0.123548 -0.00471228 -0.122464 -0.0161995 -0.120703 
1.421 -0.103575 0.120107 -0.104068 0.129449 -0.10415 0.137865 -0.103744 0.146302 -0.102889 0.15527 -0.101672 0.163634 -0.100017 0.171973 
0.764 -0.422709 0.275565 -0.416378 0.306359 -0.409477 0.33365 -0.401198 0.359952 -0.390696 0.388066 -0.379402 0.414035 -0.366947 0.438903 
1.269 0.0998219 0.23516 0.105062 0.232713 0.109597 0.230438 0.114028 0.227961 0.118431 0.224952 0.122517 0.221975 0.126347 0.218914 
1.479 0.229941 0.285838 0.238537 0.274739 0.245761 0.264595 0.252427 0.254312 0.258753 0.242663 0.264196 0.231446 0.268906 0.220273 
4.047 -0.0220792 -0.133968 -0.0354594 -0.130685 -0.0472683 -0.127116 -0.0586232 -0.123157 -0.0708394 -0.118111 -0.0820667 -0.11286 -0.0927453 -0.106977 
3.654 -0.303547 -0.388728 -0.332166 -0.368358 -0.356839 -0.34894 -0.380003 -0.328884 -0.403968 -0.305548 -0.425359 -0.282455 -0.445177 -0.258533 
3.984 -0.0727572 -0.204506 -0.0904968 -0.198075 -0.106041 -0.191583 -0.120808 -0.18452 -0.136505 -0.175909 -0.150785 -0.167085 -0.164346 -0.15755 
3.939 -0.102205 -0.213409 -0.120557 -0.20539 -0.136641 -0.197413 -0.151913 -0.188953 -0.168028 -0.178714 -0.182668 -0.168363 -0.196522 -0.1573 
3.594 -0.334365 -0.218888 -0.352981 -0.196913 -0.368644 -0.176548 -0.382915 -0.155938 -0.397244 -0.132546 -0.409544 -0.109842 -0.420419 -0.0869491 
0.799 -0.351486 0.283098 -0.34442 0.309341 -0.336961 0.332625 -0.328555 0.354992 -0.318056 0.378619 -0.30688 0.400415 -0.29488 0.421255 
0.75 -0.106999 0.42486 -0.0921807 0.436589 -0.0785207 0.446507 -0.0645942 0.455521 -0.0490861 0.464321 -0.033989 0.471935 -0.0188192 0.478587 
2.49 0.152554 0.145446 0.153373 0.13927 0.153738 0.133816 0.153969 0.128433 0.153638 0.12243 0.153097 0.116887 0.152182 0.111494 
0.818 -0.126859 0.38103 -0.11409 0.39346 -0.10232 0.404022 -0.0900539 0.413856 -0.0763777 0.423588 -0.0628235 0.43215 -0.0491759 0.439945 
4.07 -0.00906725 -0.172319 -0.0250657 -0.169874 -0.0392225 -0.167015 -0.0526417 -0.163528 -0.0672075 -0.158874 -0.0807293 -0.153818 -0.0937564 -0.148068 
1.246 0.301849 0.311177 0.311281 0.296133 0.319116 0.282219 0.326264 0.268517 0.332861 0.253033 0.3384 0.238232 0.343006 0.22332 
4.121 0.0292837 -0.156568 0.0139176 -0.15652 0.000328535 -0.155751 -0.0128324 -0.154399 -0.0271959 -0.152081 -0.0405584 -0.149215 -0.0535108 -0.145533 
4.098 0.0135324 -0.135338 -0.000430538 -0.134337 -0.0127422 -0.132798 -0.024518 -0.130701 -0.0375147 -0.127699 -0.0494254 -0.124222 -0.060993 -0.12011 
0.829 -0.219312 0.328982 -0.209149 0.346714 -0.199342 0.362218 -0.188865 0.37684 -0.176755 0.392015 -0.164608 0.405686 -0.15191 0.418526 
4.535 0.275825 -0.129174 0.261617 -0.143773 0.248251 -0.156166 0.234837 -0.167652 0.219331 -0.179333 0.204284 -0.189538 0.18898 -0.198629 
1.293 0.0772223 0.309122 0.0872095 0.307709 0.0959943 0.306098 0.10458 0.304093 0.113608 0.301287 0.122006 0.298203 0.130158 0.294885 
1.249 0.107355 0.1475 0.107703 0.144486 0.107832 0.141892 0.107972 0.139399 0.107726 0.136661 0.107469 0.134165 0.106997 0.131725 
3.955 -0.0919326 -0.153828 -0.106486 -0.146602 -0.119246 -0.139512 -0.131316 -0.132049 -0.14408 -0.123129 -0.155585 -0.114156 -0.166501 -0.10465 
0.735 -0.0905629 0.439926 -0.0750829 0.450798 -0.0608948 0.460033 -0.0464697 0.468404 -0.0303253 0.476403 -0.0147734 0.483106 0.000864358 0.489087 
3.646 -0.29259 -0.25039 -0.313137 -0.231031 -0.330564 -0.212968 -0.346696 -0.194445 -0.363178 -0.173271 -0.377627 -0.152652 -0.39066 -0.131464 
0.767 -0.00769758 0.446774 0.00861535 0.452324 0.0233848 0.456674 0.0382128 0.460198 0.0542253 0.462973 0.0694609 0.464745 0.0845693 0.465806 
4.539 0.275825 -0.111368 0.262722 -0.125903 0.25037 -0.138219 0.237908 -0.149665 0.22342 -0.161353 0.209317 -0.171613 0.195013 -0.180768 
1.203 0.346364 0.327613 0.356696 0.309703 0.36514 0.293485 0.372728 0.27727 0.379738 0.259019 0.385409 0.241805 0.390124 0.22466 
4.043 -0.0220792 -0.116162 -0.0349193 -0.113072 -0.0462162 -0.109705 -0.0569762 -0.105942 -0.0685795 -0.101104 -0.079267 -0.0959995 -0.0895302 -0.0903794 
4.219 0.0874949 -0.133968 0.0737235 -0.137355 0.0610639 -0.139831 0.049084 -0.141591 0.0355491 -0.142771 0.0229487 -0.143206 0.0102669 -0.142928 
4.289 0.282674 0.0721682 0.280131 0.0567435 0.277214 0.043192 0.273884 0.0301158 0.269201 0.0160788 0.264241 0.00323605 0.258706 -0.00902896 
1.269 0.10941 0.174894 0.111572 0.171969 0.113226 0.169436 0.114816 0.166887 0.11624 0.16376 0.117493 0.160919 0.118652 0.158232 
3.58 -0.325462 -0.157252 -0.340284 -0.136162 -0.352699 -0.116641 -0.363877 -0.0970642 -0.374807 -0.0749592 -0.383988 -0.0537323 -0.391878 -0.0322123 
0.709 -0.223421 0.389248 -0.210994 0.408775 -0.199146 0.42577 -0.186671 0.44169 -0.172106 0.45815 -0.15763 0.472918 -0.142567 0.48673 
1.314 0.132009 0.163252 0.133157 0.158989 0.133853 0.155175 0.134586 0.151462 0.13485 0.147247 0.135051 0.143346 0.135052 0.139592 
1.699 -0.0905629 0.072853 -0.0938271 0.0815447 -0.096483 0.0895059 -0.0984984 0.0974296 -0.100495 0.10616 -0.101792 0.114447 -0.102617 0.122744 
3.947 -0.094672 -0.0737022 -0.104424 -0.0661768 -0.113121 -0.0591159 -0.120964 -0.051793 -0.129554 -0.0433679 -0.1368 -0.0349881 -0.143645 -0.0263514 
4.117 0.0395562 -0.0380907 0.0313952 -0.0387518 0.0239752 -0.0388754 0.016903 -0.0386887 0.00906523 -0.0380236 0.00184371 -0.037005 -0.00519962 -0.0355495 
0.856 -0.248076 0.29611 -0.239567 0.315437 -0.231256 0.332329 -0.222188 0.34845 -0.211483 0.365324 -0.200528 0.380714 -0.188872 0.395257 
0.769 -0.345323 0.299534 -0.337485 0.325624 -0.329439 0.348599 -0.320361 0.370747 -0.309239 0.394068 -0.297613 0.415494 -0.284927 0.436092 
4.211 0.244323 0.0612108 0.241486 0.0478376 0.238338 0.0361365 0.234839 0.0248408 0.230077 0.0128645 0.225055 0.00178846 0.21961 -0.00866409 
3.66 -0.283002 -0.268196 -0.304331 -0.249259 -0.322589 -0.231406 -0.339485 -0.213129 -0.356778 -0.192202 -0.372085 -0.171699 -0.38602 -0.150656 
1.31 0.0929736 0.289262 0.101769 0.287008 0.109448 0.284652 0.116984 0.282019 0.124744 0.27864 0.131932 0.275089 0.138808 0.271303 
0.97 0.0669497 0.411848 0.0821946 0.41159 0.0956332 0.410834 0.108879 0.409411 0.122889 0.406865 0.136085 0.40388 0.148839 0.400264 
4.211 0.0922887 -0.0545268 0.083091 -0.0582982 0.0748275 -0.0611792 0.0665174 -0.0636771 0.0571839 -0.0658469 0.0486332 -0.0673927 0.0399913 -0.0684133 
4.223 0.0991371 -0.0798658 0.0885173 -0.0838937 0.0787965 -0.0870356 0.0692815 -0.0896574 0.0585422 -0.0919087 0.0485211 -0.0934747 0.0384885 -0.0944565 
4.176 0.0607862 -0.140816 0.0463392 -0.142581 0.0333374 -0.143541 0.0207386 -0.143858 0.00679625 -0.143375 -0.00604166 -0.142241 -0.0185924 -0.140299 
4.527 0.271031 -0.0921929 0.259064 -0.106502 0.247755 -0.118588 0.236303 -0.130047 0.222957 -0.141709 0.20991 -0.152024 0.196646 -0.161204 
0.769 -0.118641 0.412533 -0.104518 0.424805 -0.0913929 0.435302 -0.0779062 0.444999 -0.0628262 0.454498 -0.0482315 0.4627 -0.0333264 0.470104 
1.56 0.19159 0.220093 0.196643 0.211526 0.200675 0.203781 0.204405 0.195984 0.207744 0.187008 0.210512 0.178853 0.212793 0.170387 
0.835 -0.187125 0.341309 -0.176458 0.357283 -0.166267 0.371245 -0.155561 0.384339 -0.143266 0.397738 -0.130985 0.409836 -0.118316 0.421123 
0.696 -0.283687 0.361855 -0.273055 0.385063 -0.262415 0.405466 -0.251033 0.424825 -0.237579 0.444906 -0.223759 0.463227 -0.20919 0.480592 
1.41 0.115573 0.331037 0.126762 0.326966 0.136418 0.322978 0.145831 0.318598 0.155611 0.313304 0.164516 0.307837 0.172919 0.301994 
0.886 -0.114532 0.354321 -0.102848 0.365754 -0.0920659 0.375519 -0.0809254 0.384585 -0.0683596 0.393581 -0.0560959 0.401457 -0.0437408 0.408681 
1.012 -0.163841 0.293371 -0.155135 0.307352 -0.146965 0.319445 -0.138209 0.33091 -0.128069 0.342744 -0.117984 0.353393 -0.107499 0.363389 
3.635 -0.296699 -0.22916 -0.316003 -0.209546 -0.332434 -0.19118 -0.347491 -0.172541 -0.362822 -0.151208 -0.3762 -0.130443 -0.388201 -0.109343 
4.199 0.0854404 -0.0860293 0.0745009 -0.0894955 0.0644753 -0.09208 0.054983 -0.0940912 0.0440307 -0.0957668 0.0339377 -0.096735 0.0238988 -0.0970899 
0.779 -0.328202 0.295425 -0.320364 0.320406 -0.312341 0.342418 -0.303372 0.363527 -0.292339 0.385883 -0.280827 0.406376 -0.268467 0.425936 
4.426 0.220353 -0.150404 0.204966 -0.161674 0.190783 -0.170942 0.176618 -0.179359 0.160536 -0.187563 0.145075 -0.194523 0.129551 -0.200401 
3.602 -0.315875 -0.181222 -0.331957 -0.160504 -0.345567 -0.141356 -0.357847 -0.122014 -0.370083 -0.100217 -0.380457 -0.0791602 -0.389525 -0.057956 
1.319 0.0854404 0.333776 0.0967193 0.331903 0.106472 0.329914 0.116149 0.327517 0.126319 0.324143 0.135652 0.32056 0.144696 0.316682 
4.191 0.0772223 -0.241487 0.0568657 -0.24415 0.0385995 -0.245572 0.0207697 -0.246128 0.00121543 -0.245581 -0.0170146 -0.24413 -0.0348758 -0.241647 
0.82 -0.304232 0.288577 -0.296548 0.311879 -0.288822 0.332362 -0.280137 0.351997 -0.269632 0.372691 -0.258671 0.391655 -0.246879 0.409823 
1.277 -0.0570059 0.238584 -0.0508415 0.245326 -0.0451384 0.251246 -0.0392269 0.256707 -0.0325992 0.262149 -0.0260072 0.266981 -0.0193811 0.271443 
4.375 0.199123 -0.0339816 0.190894 -0.0444613 0.183061 -0.0533666 0.175132 -0.0616091 0.165822 -0.0701499 0.156722 -0.0776282 0.147436 -0.0844114 
0.855 -0.159732 0.346103 -0.148559 0.360397 -0.138048 0.372721 -0.127065 0.384308 -0.11448 0.396102 -0.102127 0.406577 -0.0894534 0.416225 
3.562 -0.331626 -0.12712 -0.344871 -0.105539 -0.355765 -0.0857063 -0.365464 -0.0657847 -0.374792 -0.0435064 -0.382534 -0.0221894 -0.388895 -0.00067017 
3.971 -0.0796055 -0.147665 -0.094102 -0.141013 -0.106691 -0.134363 -0.118601 -0.127383 -0.131353 -0.118999 -0.14294 -0.110513 -0.153623 -0.101453 
0.818 -0.289851 0.292686 -0.281961 0.31518 -0.273899 0.335125 -0.265089 0.354146 -0.254346 0.374217 -0.24318 0.392561 -0.231287 0.410081 
0.696 -0.267936 0.381715 -0.256 0.403881 -0.244599 0.423298 -0.232145 0.44162 -0.217784 0.460726 -0.203289 0.478049 -0.188085 0.494301 
0.774 0.0792768 0.500877 0.0986485 0.500898 0.115792 0.500121 0.132661 0.498579 0.150716 0.495701 0.167394 0.492022 0.183737 0.487796 
0.75 -0.361759 0.300219 -0.353991 0.327376 -0.346053 0.35128 -0.336873 0.374448 -0.325595 0.398932 -0.313778 0.421335 -0.300972 0.442809 
4.211 0.238844 0.0749075 0.236891 0.0619852 0.234565 0.0505977 0.231924 0.0396305 0.228186 0.0278616 0.22415 0.0169861 0.21966 0.00660285 
0.819 -0.0857691 0.396096 -0.0722016 0.406098 -0.0596832 0.414577 -0.0469123 0.422319 -0.0327498 0.429696 -0.0190079 0.435966 -0.00521383 0.441484 
3.652 -0.285057 -0.329147 -0.310308 -0.310126 -0.332007 -0.291997 -0.352295 -0.273318 -0.373311 -0.251619 -0.391963 -0.230372 -0.409164 -0.208327 
0.971 0.123106 0.432393 0.139374 0.428629 0.153634 0.424733 0.167635 0.420338 0.182096 0.414355 0.195484 0.408149 0.208367 0.401439 
0.735 -0.450788 0.315286 -0.44231 0.348224 -0.433506 0.377266 -0.423214 0.405403 -0.410485 0.435114 -0.396958 0.462639 -0.382154 0.488989 
4.586 0.29774 -0.155883 0.282122 -0.171903 0.267545 -0.185374 0.252819 -0.197849 0.235778 -0.210508 0.219357 -0.221463 0.202626 -0.231283 
4.168 0.248432 0.0920285 0.247349 0.0784934 0.245852 0.0665277 0.243734 0.0548905 0.240728 0.0423806 0.237115 0.0307843 0.233104 0.0196477 
4.082 0.260759 0.100247 0.260096 0.0860211 0.258857 0.0734376 0.257189 0.0612784 0.254406 0.0481276 0.251266 0.0359839 0.247559 0.0242486 
0.726 -0.346007 0.31871 -0.337335 0.345003 -0.328543 0.368244 -0.318634 0.390481 -0.306587 0.413999 -0.294068 0.435476 -0.280673 0.456023 
3.666 -0.278208 -0.252445 -0.298821 -0.233873 -0.316437 -0.216524 -0.332694 -0.198652 -0.349413 -0.178164 -0.364108 -0.158188 -0.377448 -0.137549 
0.731 -0.37614 0.306383 -0.368259 0.334556 -0.360129 0.359497 -0.35073 0.383492 -0.339185 0.408941 -0.327022 0.432307 -0.313803 0.454683 
0.786 -0.104945 0.402945 -0.091057 0.414231 -0.078286 0.423724 -0.0651296 0.43249 -0.0505824 0.440977 -0.0363474 0.448325 -0.0220425 0.454829 
3.924 -0.113163 -0.0812354 -0.123542 -0.0727298 -0.132586 -0.0647267 -0.140793 -0.0564844 -0.149575 -0.0470334 -0.157277 -0.0376917 -0.163988 -0.0280304 
1.255 -0.0193398 0.250226 -0.0126467 0.25515 -0.00660867 0.259244 -0.000419461 0.262953 0.00636317 0.266534 0.0129173 0.269559 0.0196385 0.272302 
0.757 -0.324777 0.309807 -0.316352 0.334715 -0.307842 0.356775 -0.29827 0.377865 -0.286736 0.400029 -0.274802 0.420356 -0.262011 0.439685 
1.313 -0.0926174 0.23242 -0.0867819 0.241493 -0.0811659 0.249399 -0.0752138 0.256926 -0.068435 0.264609 -0.0617172 0.271488 -0.0546424 0.278007 
3.652 -0.300123 -0.427763 -0.330867 -0.407838 -0.357437 -0.388754 -0.382357 -0.368768 -0.408364 -0.345509 -0.431641 -0.322477 -0.453332 -0.298462 
3.627 -0.280263 -0.129859 -0.293606 -0.111276 -0.304717 -0.0940979 -0.314699 -0.0767893 -0.324534 -0.0574131 -0.332791 -0.0386414 -0.33983 -0.0197995 
1.216 0.314861 0.324873 0.325044 0.309075 0.333343 0.294661 0.340858 0.280202 0.347903 0.263913 0.353818 0.248338 0.35875 0.232768 
3.74 -0.211779 -0.199712 -0.22914 -0.18533 -0.244036 -0.171658 -0.257917 -0.157553 -0.272186 -0.141473 -0.28481 -0.125703 -0.296329 -0.109392 
3.609 -0.300808 -0.14698 -0.315052 -0.127344 -0.327067 -0.109129 -0.337735 -0.0908182 -0.348391 -0.0701404 -0.357312 -0.0502924 -0.365024 -0.0301408 
4.41 0.210766 -0.0627448 0.200535 -0.0735826 0.190962 -0.0827283 0.18128 -0.0911937 0.170074 -0.0999371 0.159236 -0.107485 0.148227 -0.114211 
1.382 0.125846 0.261868 0.133091 0.257098 0.139285 0.252969 0.145305 0.24847 0.15126 0.243133 0.156631 0.237918 0.161586 0.232621 
0.699 -0.253554 0.383769 -0.241508 0.405164 -0.22988 0.423784 -0.217439 0.441401 -0.202974 0.459631 -0.188347 0.476081 -0.173143 0.491622 
3.623 -0.293275 -0.162731 -0.308386 -0.143354 -0.321093 -0.125484 -0.332595 -0.107463 -0.344041 -0.0870924 -0.353828 -0.0674721 -0.362337 -0.0475901 
4.586 0.294316 -0.116847 0.280657 -0.132487 0.267834 -0.145731 0.254842 -0.158081 0.239774 -0.170706 0.225115 -0.181802 0.210085 -0.191849 
4.008 -0.0426243 -0.0784961 -0.0531924 -0.0743168 -0.0624225 -0.0701004 -0.0711249 -0.0655358 -0.0804816 -0.059991 -0.0888168 -0.0543037 -0.0966659 -0.0481462 
4.168 0.0683194 0.000945076 0.0626424 -0.00156275 0.0573802 -0.00351494 0.052326 -0.00516036 0.0464431 -0.00669682 0.0410423 -0.00779505 0.0353794 -0.00854317 
1.27 0.101876 0.209821 0.105819 0.207293 0.109153 0.204812 0.112533 0.202273 0.115706 0.199358 0.118637 0.196451 0.12136 0.193543 
3.656 -0.259033 -0.116162 -0.271448 -0.0990762 -0.281867 -0.0832734 -0.291177 -0.0673932 -0.300462 -0.0494495 -0.308239 -0.0321729 -0.314986 -0.0146183 
3.709 -0.245336 -0.349007 -0.271681 -0.33219 -0.294418 -0.316102 -0.315826 -0.299305 -0.338137 -0.279613 -0.358107 -0.260103 -0.376692 -0.239782 
4.559 0.284043 -0.140816 0.26936 -0.155778 0.25553 -0.168284 0.241642 -0.179926 0.225647 -0.191646 0.210108 -0.201825 0.194352 -0.2109 
4.133 0.0381865 -0.101096 0.0263587 -0.101475 0.0157301 -0.101309 0.00553634 -0.100583 -0.00575379 -0.0991385 -0.0162452 -0.0973287 -0.0264466 -0.0948226 
3.684 -0.255609 -0.204506 -0.273387 -0.187322 -0.288541 -0.171308 -0.302526 -0.154833 -0.316802 -0.13612 -0.329235 -0.117821 -0.340457 -0.0990777 
1.479 0.155979 0.259814 0.163195 0.253317 0.16925 0.247312 0.175108 0.241159 0.180783 0.234032 0.185861 0.227136 0.190476 0.220113 
3.689 -0.262457 -0.372291 -0.290407 -0.35438 -0.314612 -0.337243 -0.33735 -0.319368 -0.361053 -0.298486 -0.38226 -0.277723 -0.401985 -0.256068 
3.768 -0.191919 -0.184646 -0.208471 -0.171301 -0.222705 -0.158601 -0.235927 -0.14552 -0.249581 -0.130619 -0.261653 -0.115906 -0.272689 -0.100739 
3.639 -0.274099 -0.146295 -0.28833 -0.128147 -0.300332 -0.111249 -0.311154 -0.0943369 -0.32194 -0.0752277 -0.331171 -0.0567467 -0.339152 -0.0379684 
3.676 -0.266566 -0.225736 -0.285521 -0.207765 -0.301707 -0.190993 -0.316677 -0.173873 -0.331948 -0.15419 -0.345265 -0.134928 -0.357337 -0.115256 
1.184 -0.200137 0.268717 -0.192613 0.284694 -0.185157 0.29872 -0.177319 0.311986 -0.167888 0.32583 -0.15845 0.338357 -0.148377 0.350294 
3.666 -0.276154 -0.236694 -0.295757 -0.218383 -0.312541 -0.201132 -0.328034 -0.18341 -0.343865 -0.163377 -0.35775 -0.143666 -0.370352 -0.123462 
4.59 0.299795 -0.139447 0.284864 -0.155385 0.27088 -0.168774 0.256802 -0.181282 0.240452 -0.193974 0.224659 -0.205028 0.208554 -0.214954 
0.79 -0.385728 0.278989 -0.378822 0.30745 -0.371506 0.332668 -0.363023 0.356893 -0.352316 0.382675 -0.340974 0.406351 -0.328575 0.429126 
0.819 0.14913 0.526216 0.169867 0.521992 0.187942 0.51726 0.205575 0.511815 0.224143 0.504681 0.241147 0.497073 0.257583 0.488801 
3.688 -0.261772 -0.327092 -0.286935 -0.309398 -0.308679 -0.292431 -0.328946 -0.27497 -0.350053 -0.254598 -0.368879 -0.23438 -0.386244 -0.213468 
0.71 -0.322723 0.332407 -0.313439 0.357376 -0.304094 0.379401 -0.293742 0.400491 -0.281369 0.422605 -0.26858 0.442864 -0.254911 0.462151 
3.582 -0.317244 -0.126435 -0.330321 -0.105771 -0.341101 -0.0867575 -0.350733 -0.0676064 -0.360056 -0.046202 -0.367772 -0.025607 -0.374243 -0.00487086 
0.688 -0.283687 0.38103 -0.271964 0.404449 -0.260513 0.424755 -0.248271 0.444176 -0.233873 0.464342 -0.219224 0.482637 -0.204057 0.499866 
3.748 -0.204931 -0.173689 -0.220901 -0.159651 -0.234621 -0.14648 -0.247309 -0.13293 -0.260436 -0.117345 -0.271947 -0.102113 -0.282431 -0.0863779 
3.67 -0.243967 -0.116162 -0.25651 -0.0997838 -0.267058 -0.0844851 -0.27651 -0.0691518 -0.285958 -0.0518804 -0.293943 -0.0351193 -0.300901 -0.0181556 
3.76 -0.191919 -0.167525 -0.207687 -0.154151 -0.221185 -0.141588 -0.233738 -0.128622 -0.246657 -0.113789 -0.258037 -0.0992667 -0.268461 -0.0842149 
4.559 0.27788 -0.0600055 0.26779 -0.0748452 0.258151 -0.087707 0.248241 -0.0997812 0.236499 -0.112283 0.224969 -0.123285 0.213113 -0.133397 
1.582 0.193645 0.237214 0.199592 0.228568 0.204466 0.220712 0.209013 0.212895 0.213195 0.204002 0.216772 0.195529 0.219801 0.186941 
3.689 -0.243967 -0.18807 -0.260874 -0.171572 -0.275313 -0.156162 -0.288605 -0.14043 -0.302222 -0.122413 -0.314064 -0.104911 -0.324716 -0.0868943 
3.4 0.434023 -0.032612 0.424639 -0.056422 0.415282 -0.0772183 0.405315 -0.0970281 0.392998 -0.118045 0.380432 -0.13696 0.367169 -0.154854 
3.75 -0.216573 -0.33805 -0.242156 -0.323182 -0.264381 -0.308594 -0.285337 -0.293403 -0.307282 -0.275466 -0.32702 -0.257683 -0.345468 -0.239088 
3.713 -0.239173 -0.247651 -0.259376 -0.231441 -0.276702 -0.216029 -0.292866 -0.200216 -0.309537 -0.182022 -0.324322 -0.164096 -0.337828 -0.145646 
4.293 0.156663 -0.0545268 0.147194 -0.0621138 0.138342 -0.0682948 0.129553 -0.0739563 0.119442 -0.0795514 0.109799 -0.0843573 0.100079 -0.0884817 
1.257 -0.0282427 0.281044 -0.0200228 0.286195 -0.0125026 0.290496 -0.00481151 0.294364 0.00360747 0.298032 0.0117651 0.301119 0.0199823 0.30378 
3.713 -0.228215 -0.181907 -0.244785 -0.166461 -0.259005 -0.15184 -0.272081 -0.136992 -0.285411 -0.120001 -0.297144 -0.103357 -0.307733 -0.0862304 
4.086 0.00668402 -0.118217 -0.00606624 -0.117 -0.0174248 -0.115293 -0.0282994 -0.113074 -0.0401862 -0.109975 -0.0511209 -0.106493 -0.0616458 -0.102456 
1.903 -0.197398 0.185166 -0.193388 0.19939 -0.189334 0.211942 -0.184626 0.223964 -0.178522 0.236836 -0.172302 0.248598 -0.165729 0.259738 
3.654 -0.280948 -0.222997 -0.299779 -0.204298 -0.315769 -0.186801 -0.330516 -0.169044 -0.34551 -0.148742 -0.358584 -0.129072 -0.370402 -0.108875 
3.678 -0.265881 -0.270251 -0.287465 -0.252301 -0.306021 -0.235297 -0.323252 -0.217814 -0.340963 -0.197726 -0.356613 -0.178067 -0.370957 -0.157747 
0.722 -0.298069 0.333776 -0.288607 0.35748 -0.279009 0.378313 -0.268595 0.398245 -0.256303 0.41906 -0.243493 0.438165 -0.23006 0.456153 
0.754 0.0806465 0.519367 0.100907 0.519543 0.118781 0.518933 0.136328 0.517249 0.155165 0.514459 0.172718 0.511055 0.189786 0.506687 
3.727 -0.230955 -0.292165 -0.254031 -0.276415 -0.273938 -0.261434 -0.292646 -0.245848 -0.312135 -0.227725 -0.329506 -0.209774 -0.34561 -0.191079 
4.199 0.108725 0.0653198 0.106584 0.0601928 0.104386 0.055844 0.102233 0.0516779 0.0994333 0.0472729 0.096549 0.0432848 0.093548 0.0396553 
4.164 0.0580468 -0.249021 0.0377289 -0.250483 0.0195291 -0.250872 0.00185859 -0.250404 -0.0175036 -0.248776 -0.0355539 -0.246339 -0.0531508 -0.242907 
3.691 -0.233694 -0.144925 -0.247888 -0.129147 -0.259939 -0.114479 -0.27094 -0.0995073 -0.282013 -0.0825535 -0.291573 -0.066052 -0.300107 -0.0492741 
4.441 0.229256 -0.0627448 0.219188 -0.0746155 0.209673 -0.0848167 0.200075 -0.0942578 0.188808 -0.103808 0.177799 -0.112334 0.166626 -0.11995 
4.418 0.219669 -0.0264484 0.211802 -0.0378777 0.204224 -0.0476383 0.196542 -0.0568816 0.18739 -0.0663689 0.178373 -0.0748765 0.16913 -0.0826175 
3.771 -0.191234 -0.212724 -0.209471 -0.199422 -0.225237 -0.186614 -0.239865 -0.173543 -0.255149 -0.158453 -0.268686 -0.143367 -0.281196 -0.127844 
3.758 -0.21041 -0.355171 -0.236907 -0.340589 -0.259932 -0.326285 -0.281593 -0.311409 -0.304456 -0.29363 -0.32495 -0.276035 -0.344137 -0.2575 
1.61 0.202548 0.187221 0.205502 0.177938 0.207742 0.169673 0.209636 0.161449 0.211017 0.1524 0.211961 0.143947 0.212426 0.135472 
3.701 -0.247391 -0.221627 -0.266139 -0.205002 -0.282095 -0.189395 -0.296911 -0.173479 -0.312181 -0.155102 -0.325578 -0.137168 -0.33776 -0.118759 
3.639 -0.289166 -0.205876 -0.307202 -0.186568 -0.32248 -0.168653 -0.336492 -0.150395 -0.350643 -0.129626 -0.362973 -0.109514 -0.373944 -0.0889048 
3.449 0.401835 0.0297083 0.396289 0.00736718 0.390351 -0.0121348 0.383747 -0.0308876 0.375254 -0.0509875 0.366208 -0.0692459 0.356477 -0.0866227 
3.969 -0.0789207 -0.0853445 -0.0897701 -0.0787486 -0.0991997 -0.0723843 -0.108062 -0.0657441 -0.117405 -0.0579777 -0.125891 -0.0502118 -0.133632 -0.0420154 
4.188 0.078592 -0.0600055 0.0691571 -0.0631878 0.0605047 -0.0655594 0.0520164 -0.06749 0.0426338 -0.069027 0.0336997 -0.0700393 0.0249522 -0.0704172 
3.764 -0.203561 -0.322298 -0.228294 -0.308021 -0.249761 -0.294318 -0.269968 -0.279859 -0.291202 -0.262863 -0.310324 -0.245837 -0.328144 -0.228098 
4.379 0.197754 -0.0757567 0.187027 -0.0858639 0.176997 -0.0943871 0.166987 -0.102176 0.155397 -0.110016 0.144241 -0.116817 0.132905 -0.122727 
4.074 0.000520477 -0.0819203 -0.0100254 -0.080351 -0.0193376 -0.0786361 -0.0283047 -0.0762515 -0.038088 -0.0732944 -0.0470653 -0.0700429 -0.0556567 -0.0663029 
4.391 0.217614 0.00162991 0.211694 -0.0101384 0.205817 -0.0202987 0.199809 -0.0299323 0.192374 -0.0400312 0.185015 -0.0491093 0.177325 -0.0575749 
4.375 0.19433 -0.127804 0.180678 -0.13743 0.168001 -0.145359 0.155354 -0.152634 0.141055 -0.159579 0.127249 -0.165533 0.113438 -0.170492 
3.686 -0.261772 -0.306547 -0.28557 -0.28905 -0.306146 -0.272384 -0.325351 -0.255106 -0.345236 -0.235111 -0.362996 -0.215405 -0.379358 -0.194905 
3.666 -0.256294 -0.153143 -0.270912 -0.136028 -0.28328 -0.120057 -0.294519 -0.103981 -0.305855 -0.0856616 -0.315551 -0.0679678 -0.324096 -0.0499249 
3.633 -0.302178 -0.282578 -0.324673 -0.262588 -0.343928 -0.243774 -0.361736 -0.224568 -0.38006 -0.202412 -0.396132 -0.180876 -0.410797 -0.158682 
1.498 -0.363128 0.215984 -0.357397 0.240608 -0.351211 0.262381 -0.344118 0.283414 -0.335095 0.305747 -0.325678 0.326334 -0.315164 0.345989 
3.693 -0.253554 -0.262033 -0.274731 -0.244966 -0.292941 -0.228805 -0.30992 -0.212168 -0.327383 -0.192864 -0.342823 -0.173912 -0.356959 -0.154342 
3.691 -0.229585 -0.131229 -0.24283 -0.11565 -0.254098 -0.10124 -0.264275 -0.0865505 -0.274582 -0.0698521 -0.283379 -0.053793 -0.291176 -0.0372982 
4.32 0.167621 -0.196288 0.149603 -0.204136 0.133222 -0.210279 0.117093 -0.215563 0.0990253 -0.220273 0.0819242 -0.223755 0.0649498 -0.226197 
3.619 -0.302178 -0.182591 -0.318325 -0.16293 -0.331959 -0.144582 -0.344313 -0.126092 -0.356692 -0.105229 -0.367306 -0.0849918 -0.376641 -0.0644642 
3.732 -0.188495 -0.0545268 -0.19743 -0.0413818 -0.204874 -0.0293014 -0.211495 -0.0171351 -0.218073 -0.0034662 -0.223539 0.00963212 -0.22808 0.0229245 
3.764 -0.204246 -0.280523 -0.226743 -0.266195 -0.246192 -0.252437 -0.264506 -0.23819 -0.283618 -0.221493 -0.300703 -0.204868 -0.316633 -0.187456 
1.261 -0.626106 0.220778 -0.621656 0.262598 -0.61577 0.299766 -0.608203 0.335593 -0.597762 0.374171 -0.586014 0.409857 -0.572268 0.444671 
3.678 -0.263142 -0.251075 -0.283657 -0.233403 -0.301203 -0.216779 -0.317474 -0.199755 -0.334204 -0.180139 -0.348902 -0.160925 -0.362377 -0.141194 
1.583 0.155294 0.33994 0.167203 0.333073 0.177502 0.326496 0.187327 0.319519 0.197384 0.311492 0.206464 0.303447 0.214948 0.295296 
3.676 -0.246021 -0.132598 -0.259409 -0.116177 -0.270769 -0.100824 -0.281005 -0.0854011 -0.29129 -0.0678924 -0.30005 -0.0509671 -0.307749 -0.0337607 
3.646 -0.26999 -0.160677 -0.285076 -0.14264 -0.297807 -0.125967 -0.309359 -0.109071 -0.320993 -0.0899361 -0.330905 -0.0714459 -0.339613 -0.0525531 
4.137 0.0470894 -0.0641145 0.0374391 -0.0651222 0.0286884 -0.0653904 0.0203137 -0.0653956 0.0110394 -0.0648583 0.00246594 -0.0638527 -0.00585774 -0.0624008 
1.318 -0.0960416 0.247487 -0.0893664 0.256543 -0.0829979 0.26444 -0.0763923 0.271819 -0.0688139 0.279409 -0.0612317 0.286208 -0.0534732 0.292501 
3.787 -0.18781 -0.273675 -0.209849 -0.260388 -0.228947 -0.247582 -0.246898 -0.234362 -0.265742 -0.21867 -0.282639 -0.203023 -0.298396 -0.186575 
3.84 -0.107684 -0.0134365 -0.114154 -0.00544501 -0.119585 0.00202404 -0.124394 0.00963166 -0.12927 0.0181922 -0.133593 0.0264442 -0.137373 0.0348212 
3.615 -0.31382 -0.246281 -0.333999 -0.225627 -0.351179 -0.206292 -0.366962 -0.186673 -0.383011 -0.164467 -0.39695 -0.14254 -0.409558 -0.120275 
3.531 -0.362444 -0.2319 -0.381645 -0.208462 -0.397815 -0.186569 -0.412516 -0.164525 -0.42712 -0.139615 -0.439643 -0.115635 -0.450651 -0.0911376 
1.562 0.19433 0.199548 0.19809 0.190719 0.201074 0.182838 0.203713 0.175026 0.205958 0.166417 0.207618 0.158007 0.208902 0.149931 
4.051 -0.0152308 -0.0757567 -0.0255856 -0.0728583 -0.0347187 -0.0697789 -0.0433534 -0.0663934 -0.0526724 -0.0622101 -0.0611001 -0.0577802 -0.0691646 -0.0528659 
3.912 -0.115902 -0.140816 -0.129852 -0.132319 -0.141908 -0.12412 -0.153243 -0.115562 -0.165088 -0.105505 -0.175731 -0.0955011 -0.185608 -0.0850303 
3.746 -0.215203 -0.242172 -0.235151 -0.22742 -0.252405 -0.21329 -0.268495 -0.198786 -0.285225 -0.181949 -0.30006 -0.165232 -0.313789 -0.148068 
3.715 -0.239858 -0.319559 -0.264431 -0.303027 -0.285683 -0.287243 -0.305631 -0.270938 -0.326357 -0.251813 -0.344856 -0.232962 -0.362021 -0.213325 
0.736 -0.389152 0.301589 -0.381515 0.330462 -0.373603 0.355973 -0.364404 0.380548 -0.352989 0.40651 -0.341 0.430273 -0.327903 0.453236 
3.826 -0.16521 -0.264087 -0.186664 -0.252218 -0.205334 -0.240778 -0.222948 -0.228643 -0.241426 -0.214447 -0.258077 -0.200156 -0.273634 -0.185067 
3.719 -0.2289 -0.203821 -0.246646 -0.188163 -0.261834 -0.173444 -0.27589 -0.158425 -0.290327 -0.141226 -0.303029 -0.124375 -0.314567 -0.107089 
3.939 -0.098781 -0.101096 -0.110347 -0.0934165 -0.120329 -0.0860227 -0.129658 -0.0783634 -0.139475 -0.0694838 -0.14821 -0.06066 -0.156228 -0.0514356 
3.922 -0.111793 -0.156568 -0.126462 -0.148239 -0.139368 -0.140226 -0.151347 -0.131781 -0.164091 -0.121839 -0.175364 -0.111824 -0.186021 -0.101396 
3.797 -0.178907 -0.221627 -0.19764 -0.208787 -0.213882 -0.196564 -0.229045 -0.183801 -0.244861 -0.169125 -0.258975 -0.154426 -0.272016 -0.139264 
3.623 -0.279578 -0.109314 -0.29163 -0.0908582 -0.301679 -0.073818 -0.3106 -0.0567081 -0.319355 -0.0374707 -0.32653 -0.0191015 -0.332603 -0.000601034 
4.309 0.165566 -0.0189152 0.158515 -0.0272364 0.151839 -0.0342979 0.145138 -0.0408085 0.137175 -0.0475387 0.129482 -0.0534188 0.121628 -0.0586906 
1.59 0.193645 0.261183 0.201128 0.251995 0.207276 0.243592 0.213037 0.235143 0.2185 0.225493 0.223236 0.21639 0.227393 0.20728 
3.68 -0.25013 -0.16821 -0.265516 -0.151472 -0.278551 -0.135772 -0.290446 -0.119784 -0.302581 -0.10174 -0.313041 -0.0841131 -0.322324 -0.0661885 
3.916 -0.115902 -0.227791 -0.134769 -0.219147 -0.151308 -0.210586 -0.166892 -0.201453 -0.183438 -0.190518 -0.198413 -0.179467 -0.212479 -0.167744 
4.301 0.160772 0.000260238 0.154507 -0.00783534 0.148588 -0.0147386 0.142569 -0.0212075 0.135453 -0.0278409 0.128429 -0.0337204 0.121403 -0.0390555 
1.343 0.08681 0.352267 0.0990747 0.350236 0.109772 0.348041 0.120234 0.345458 0.131358 0.341844 0.141652 0.338023 0.151665 0.333801 
0.843 -0.236433 0.311177 -0.227265 0.329778 -0.218361 0.346103 -0.208767 0.361643 -0.19748 0.377881 -0.186054 0.392559 -0.174049 0.406477 
4.176 0.0737981 -0.0127517 0.0671104 -0.0156312 0.0609546 -0.0178889 0.0549656 -0.0197837 0.0481576 -0.0214972 0.0416883 -0.022765 0.035264 -0.0235732 
3.711 -0.237803 -0.232585 -0.257125 -0.216342 -0.273725 -0.200983 -0.289093 -0.185256 -0.304965 -0.167183 -0.318925 -0.149422 -0.33167 -0.131158 
3.803 -0.180277 -0.29559 -0.203395 -0.282705 -0.22349 -0.270227 -0.242391 -0.257065 -0.262279 -0.241704 -0.280199 -0.226103 -0.296968 -0.209805 
3.635 -0.243282 -0.0867141 -0.254195 -0.0704147 -0.263328 -0.0553775 -0.271329 -0.04027 -0.279256 -0.0233738 -0.285891 -0.00701478 -0.291447 0.00935001 
3.656 -0.261088 -0.139447 -0.27495 -0.122071 -0.286605 -0.106047 -0.29712 -0.0898598 -0.307689 -0.0715341 -0.316692 -0.0537711 -0.324551 -0.0357011 
4.504 0.255965 -0.117532 0.242454 -0.130926 0.229798 -0.142315 0.217075 -0.152766 0.202341 -0.163391 0.188116 -0.172455 0.173668 -0.180627 
4.34 0.182002 -0.151089 0.166871 -0.159926 0.153058 -0.167143 0.139399 -0.173491 0.123926 -0.1796 0.109191 -0.184497 0.0945479 -0.188425 
1.443 0.188851 0.161197 0.190512 0.152735 0.191558 0.145154 0.192418 0.137648 0.192639 0.129418 0.192549 0.121601 0.192044 0.11403 
3.77 -0.200137 -0.33668 -0.225703 -0.322462 -0.247868 -0.308917 -0.268841 -0.294446 -0.290828 -0.277492 -0.310619 -0.260474 -0.329149 -0.242555 
3.611 -0.296699 -0.129174 -0.309913 -0.109549 -0.320922 -0.0913773 -0.330692 -0.0732482 -0.340313 -0.0528322 -0.348311 -0.0332201 -0.355148 -0.0134765 
3.592 -0.259033 -0.091508 -0.270252 -0.0743377 -0.279566 -0.0585168 -0.287802 -0.0426434 -0.295864 -0.0247614 -0.3026 -0.00760256 -0.308237 0.00981574 
1.262 0.102561 0.194069 0.105551 0.191497 0.108073 0.188944 0.110599 0.186389 0.112992 0.183685 0.115097 0.180921 0.117 0.178117 
3.188 0.447035 0.0913437 0.444968 0.066306 0.441906 0.0440971 0.4382 0.0225452 0.432437 -0.00053683 0.426085 -0.0218482 0.418723 -0.0422116 
3.674 -0.238488 -0.102465 -0.250157 -0.0862906 -0.259958 -0.071358 -0.268701 -0.0563905 -0.277331 -0.0395872 -0.284607 -0.0233907 -0.290867 -0.00699246 
3.299 0.438132 0.0338173 0.432467 0.0095611 0.426451 -0.0117852 0.419661 -0.0323251 0.410783 -0.0542678 0.401404 -0.0743222 0.391133 -0.0934377 
0.705 -0.356965 0.328297 -0.347834 0.35529 -0.33868 0.378948 -0.328394 0.401879 -0.31584 0.425841 -0.302996 0.447837 -0.289024 0.468842 
4.223 0.103931 -0.0312423 0.0959817 -0.0356302 0.0886125 -0.039108 0.0814656 -0.0422275 0.0733366 -0.0451301 0.0655908 -0.0473871 0.0578858 -0.0492097 
3.725 -0.236433 -0.333256 -0.261876 -0.317023 -0.283889 -0.301398 -0.304591 -0.285133 -0.326209 -0.266037 -0.345516 -0.247131 -0.363433 -0.22745 
3.551 -0.348747 -0.146295 -0.362945 -0.123489 -0.374638 -0.102687 -0.385003 -0.0816963 -0.395042 -0.0582892 -0.403263 -0.0358977 -0.410159 -0.0134345 
3.807 -0.171374 -0.322298 -0.196193 -0.309777 -0.217788 -0.297571 -0.238172 -0.284659 -0.259793 -0.269305 -0.27919 -0.253943 -0.297442 -0.237666 
3.83 -0.159732 -0.306547 -0.183431 -0.294959 -0.204143 -0.283663 -0.223686 -0.271779 -0.244331 -0.257507 -0.262963 -0.243129 -0.280564 -0.227902 
1.354 0.112149 0.261183 0.119017 0.258064 0.125202 0.254905 0.131013 0.251737 0.137077 0.247658 0.142684 0.243581 0.147886 0.239433 
3.191 -0.323408 -0.0928777 -0.334756 -0.0717936 -0.343711 -0.0524062 -0.351641 -0.0330317 -0.359054 -0.0114658 -0.365027 0.00916238 -0.369865 0.0299116 
3.793 -0.183016 -0.311341 -0.207154 -0.298337 -0.228042 -0.285803 -0.247795 -0.272609 -0.268584 -0.256975 -0.287289 -0.241376 -0.304866 -0.224972 
3.76 -0.203561 -0.225051 -0.222587 -0.210828 -0.238981 -0.197357 -0.254268 -0.183436 -0.270178 -0.167284 -0.284235 -0.151456 -0.297214 -0.135154 
4.27 0.140227 0.00984797 0.134673 0.00289363 0.129347 -0.00291537 0.124005 -0.00843491 0.117611 -0.0140067 0.111413 -0.0189905 0.105046 -0.0236273 
3.721 -0.237118 -0.305862 -0.26074 -0.289517 -0.281186 -0.273908 -0.300327 -0.257612 -0.320231 -0.238872 -0.337926 -0.220222 -0.354337 -0.200913 
1.234 0.0751678 0.286522 0.0839223 0.285389 0.0916269 0.283998 0.099213 0.282251 0.107073 0.279832 0.114411 0.277167 0.121541 0.274162 
4.473 0.242268 -0.015491 0.235136 -0.028542 0.228125 -0.0395709 0.220893 -0.0502324 0.212152 -0.0614157 0.203566 -0.0712355 0.194535 -0.0802812 
3.777 -0.195343 -0.247651 -0.215522 -0.233954 -0.23282 -0.220889 -0.2491 -0.207172 -0.266089 -0.191328 -0.281196 -0.17569 -0.295177 -0.159444 
3.764 -0.204246 -0.301068 -0.227715 -0.286614 -0.248027 -0.272768 -0.267174 -0.258258 -0.287222 -0.241295 -0.305155 -0.224424 -0.321819 -0.206782 
3.898 -0.124805 -0.119586 -0.137541 -0.1106 -0.148396 -0.101958 -0.158539 -0.0930584 -0.169186 -0.0827163 -0.178501 -0.0724842 -0.187304 -0.0618664 
0.937 0.127215 0.44609 0.144131 0.442517 0.158848 0.438383 0.173254 0.433925 0.188459 0.428159 0.202492 0.42194 0.215846 0.415045 
4.191 0.0758526 -0.166155 0.0598188 -0.168578 0.0454135 -0.169978 0.0314015 -0.170771 0.0159242 -0.170737 0.00155162 -0.169885 -0.0125536 -0.168191 
4.027 -0.0234488 -0.0168607 -0.0301738 -0.0139056 -0.0360858 -0.0109938 -0.0415775 -0.00790168 -0.0475454 -0.00415551 -0.0528717 -0.000341544 -0.0579241 0.00379636 
2.791 0.389508 0.211875 0.393936 0.190486 0.396801 0.171294 0.399029 0.152527 0.40002 0.131935 0.400059 0.112754 0.399111 0.093837 
4.574 0.283358 -0.0798658 0.272066 -0.0949589 0.261357 -0.107953 0.25044 -0.120188 0.237567 -0.132426 0.224954 -0.143563 0.212052 -0.153591 
0.681 -0.309026 0.378291 -0.297352 0.403001 -0.286059 0.424655 -0.273713 0.445276 -0.259184 0.466784 -0.244454 0.486251 -0.228928 0.504784 
0.979 -0.269306 0.262553 -0.262309 0.282863 -0.255182 0.300762 -0.247207 0.317926 -0.237446 0.336129 -0.227406 0.352682 -0.216693 0.368506 
0.918 -0.250815 0.27762 -0.243112 0.297107 -0.235554 0.314152 -0.22741 0.330272 -0.217404 0.347404 -0.207143 0.363045 -0.196236 0.377902 
0.858 -0.489138 0.27625 -0.480568 0.308486 -0.471779 0.337243 -0.461923 0.365571 -0.449649 0.395787 -0.43662 0.423605 -0.42239 0.450243 
3.824 -0.163841 -0.291481 -0.18673 -0.279655 -0.206688 -0.268129 -0.225472 -0.256087 -0.245264 -0.241612 -0.263154 -0.227134 -0.279961 -0.211808 
1.333 -0.119326 0.246802 -0.112697 0.257017 -0.106253 0.266035 -0.0995202 0.274437 -0.0917501 0.283153 -0.0838451 0.290921 -0.0758311 0.29826 
1.333 -0.109738 0.218039 -0.104499 0.227875 -0.0994992 0.236381 -0.0940584 0.24454 -0.0878633 0.252941 -0.0814401 0.260655 -0.0746526 0.267853 
3.783 -0.183016 -0.0791809 -0.193185 -0.0664116 -0.201836 -0.0545796 -0.209529 -0.0426168 -0.217338 -0.0290958 -0.22388 -0.0160561 -0.229733 -0.00280757 
4.281 0.1505 -0.087399 0.139448 -0.0949203 0.129168 -0.100938 0.119058 -0.106361 0.107529 -0.111486 0.0965081 -0.115841 0.0854888 -0.119399 
3.453 -0.372031 -0.190125 -0.388951 -0.165874 -0.403093 -0.143488 -0.415741 -0.121166 -0.428165 -0.0961133 -0.438556 -0.0716845 -0.447468 -0.0470837 
3.633 -0.283687 -0.175058 -0.299427 -0.156263 -0.312745 -0.138698 -0.324764 -0.121042 -0.336878 -0.101118 -0.347246 -0.0816759 -0.356461 -0.0620643 
3.623 -0.316559 -0.375716 -0.34429 -0.354948 -0.368263 -0.335247 -0.390609 -0.314984 -0.4138 -0.291419 -0.434426 -0.268191 -0.453439 -0.244138 
3.666 -0.274099 -0.362019 -0.301074 -0.343439 -0.324255 -0.32577 -0.345953 -0.307398 -0.368643 -0.285967 -0.388732 -0.26487 -0.407537 -0.242773 
3.715 -0.233009 -0.219573 -0.251561 -0.203697 -0.267516 -0.188628 -0.282242 -0.17317 -0.297436 -0.15534 -0.31083 -0.137902 -0.322996 -0.120094 
4.363 0.189536 -0.109314 0.176604 -0.118782 0.164639 -0.126653 0.152761 -0.133779 0.139179 -0.140786 0.126161 -0.146685 0.113079 -0.151721 
4.301 0.160088 -0.179852 0.143134 -0.18748 0.127631 -0.193431 0.112477 -0.198644 0.0954153 -0.203283 0.0792358 -0.206856 0.0631807 -0.209359 
3.639 -0.296014 -0.297644 -0.319196 -0.277956 -0.339021 -0.259323 -0.357474 -0.240112 -0.376447 -0.218228 -0.393147 -0.196714 -0.40844 -0.17462 
3.6 -0.311766 -0.160677 -0.326974 -0.140029 -0.339651 -0.121107 -0.351082 -0.101954 -0.362405 -0.0804982 -0.371928 -0.0597406 -0.380193 -0.0388409 
1.379 0.138858 0.209821 0.142984 0.204833 0.146501 0.200146 0.149678 0.195618 0.152723 0.190281 0.155364 0.185187 0.157719 0.180155 
1.216 0.0464046 0.263238 0.0535593 0.264034 0.0600406 0.26451 0.0664871 0.26474 0.0732495 0.264421 0.0796841 0.263767 0.0860533 0.262992 
4.188 0.0833858 -0.00110944 0.0773085 -0.00459478 0.0717442 -0.00735557 0.0662757 -0.00982992 0.06003 -0.0121631 0.0541068 -0.014024 0.0482032 -0.0153886 
1.158 0.339515 0.346788 0.350741 0.329645 0.359992 0.314079 0.368455 0.298385 0.376343 0.280669 0.382948 0.26371 0.388459 0.246821 
3.742 -0.217943 -0.281893 -0.240512 -0.266881 -0.260023 -0.252526 -0.278258 -0.237626 -0.297337 -0.220278 -0.314377 -0.203017 -0.330193 -0.184998 
3.184 0.460731 0.0673743 0.457027 0.0416056 0.452536 0.0188332 0.447225 -0.00315195 0.439769 -0.0267524 0.431873 -0.0484433 0.422874 -0.069253 
4.238 0.10941 -0.0894535 0.0980084 -0.094081 0.0876252 -0.0976606 0.0774339 -0.100696 0.0660724 -0.103285 0.0551409 -0.105193 0.044525 -0.106342 
3.812 -0.167265 -0.120271 -0.179817 -0.108442 -0.190535 -0.0975363 -0.200443 -0.086101 -0.210591 -0.0732225 -0.219489 -0.060588 -0.227617 -0.0476511 
4.406 0.21419 -0.137392 0.199853 -0.148135 0.186598 -0.157137 0.173345 -0.165252 0.158358 -0.173182 0.143941 -0.179905 0.129429 -0.18564 
4.215 0.145706 0.0776469 0.143654 0.0700642 0.141925 0.0636367 0.140211 0.057449 0.13792 0.0508153 0.135034 0.0446961 0.132556 0.0389908 
1.079 -0.000849199 0.366648 0.0121077 0.370276 0.0238461 0.373048 0.0355556 0.375264 0.0481678 0.376826 0.0602112 0.377736 0.0720951 0.378023 
4.273 0.142967 -0.0606903 0.133141 -0.067647 0.124038 -0.0732787 0.115087 -0.0783612 0.104805 -0.0834149 0.0950213 -0.0876471 0.0851686 -0.0911341 
4.465 0.242268 -0.150404 0.227211 -0.16314 0.21319 -0.173656 0.199185 -0.183302 0.183132 -0.192926 0.167709 -0.201194 0.152175 -0.208286 
3.828 -0.161101 -0.277784 -0.183182 -0.266158 -0.202461 -0.254772 -0.220578 -0.242922 -0.239685 -0.228764 -0.256921 -0.214554 -0.273125 -0.199679 
4.355 0.184057 -0.0483632 0.175189 -0.0578917 0.166872 -0.0660263 0.15858 -0.0735467 0.148796 -0.0811688 0.139298 -0.0878208 0.129741 -0.0937799 
3.73 -0.230955 -0.346268 -0.257092 -0.330397 -0.279766 -0.315039 -0.301113 -0.299015 -0.323426 -0.280209 -0.343429 -0.261449 -0.362026 -0.24193 
3.609 -0.319299 -0.227791 -0.338285 -0.206847 -0.35434 -0.187191 -0.369 -0.16731 -0.383863 -0.144675 -0.396597 -0.122798 -0.408041 -0.100454 
3.842 -0.148774 -0.317504 -0.17325 -0.306282 -0.194641 -0.295151 -0.214879 -0.283399 -0.236306 -0.269212 -0.255711 -0.254922 -0.273961 -0.239801 
1.279 -0.0604301 0.265977 -0.0530085 0.272855 -0.0461421 0.278852 -0.0390163 0.284356 -0.0311521 0.289834 -0.0233874 0.294713 -0.0155778 0.29912 
4.375 0.197754 -0.144241 0.183067 -0.154124 0.169512 -0.162188 0.1561 -0.1694 0.140844 -0.176338 0.126276 -0.182212 0.11171 -0.187076 
3.693 -0.265881 -0.396261 -0.295101 -0.378365 -0.320435 -0.361101 -0.344265 -0.343138 -0.369171 -0.322094 -0.391529 -0.301068 -0.412385 -0.279148 
4.289 0.147761 -0.143556 0.132998 -0.150537 0.119547 -0.155884 0.106324 -0.160814 0.0914138 -0.164975 0.0772675 -0.168386 0.0632079 -0.170705 
3.135 0.452513 0.130379 0.452676 0.104928 0.451744 0.0821901 0.449798 0.0600092 0.446111 0.0363369 0.441368 0.0142426 0.435601 -0.00683622 
3.398 -0.123435 -0.00384879 -0.129485 0.00520567 -0.134472 0.0135819 -0.138853 0.0219954 -0.143164 0.0314209 -0.14666 0.0404932 -0.149591 0.0497487 
1.332 -0.115217 0.233105 -0.109334 0.243143 -0.103684 0.251957 -0.097724 0.260207 -0.0907707 0.268822 -0.0837452 0.276563 -0.0763753 0.283949 
3.939 -0.0994658 -0.134653 -0.113066 -0.126946 -0.124973 -0.119484 -0.136122 -0.111674 -0.148061 -0.102452 -0.158762 -0.0932442 -0.169047 -0.0835245 
3.418 0.385399 0.094083 0.383743 0.0725487 0.38139 0.053695 0.37825 0.0353587 0.3734 0.0154527 0.368031 -0.00285493 0.361842 -0.0202882 
3.58 -0.339159 -0.176428 -0.355338 -0.154152 -0.368814 -0.133645 -0.380911 -0.113118 -0.392897 -0.0899481 -0.402996 -0.0676304 -0.411728 -0.0449912 
3.99 -0.0515272 -0.0312423 -0.0590278 -0.0265759 -0.0655125 -0.0220211 -0.071627 -0.0173621 -0.0780864 -0.0119177 -0.083663 -0.00644222 -0.0889787 -0.000666324 
0.86 -0.0933023 0.374182 -0.080684 0.384423 -0.0691445 0.393066 -0.0573215 0.401029 -0.044226 0.408745 -0.0314401 0.415443 -0.0186068 0.421376 
4.418 0.214875 -0.0428845 0.205963 -0.0539859 0.197468 -0.0632505 0.18895 -0.0722378 0.17887 -0.0813017 0.169009 -0.0893367 0.158994 -0.0969332 
3.924 -0.113163 -0.102465 -0.124831 -0.093992 -0.13484 -0.0858825 -0.144158 -0.0775203 -0.153912 -0.0678674 -0.162558 -0.0583132 -0.17029 -0.0483513 
3.932 -0.0926174 -0.0120668 -0.0989618 -0.00494008 -0.104331 0.00169596 -0.109149 0.0084828 -0.114059 0.0161222 -0.118339 0.0235522 -0.122078 0.0311664 
4.105 0.0265443 -0.0531571 0.0174584 -0.0530971 0.00936639 -0.0526058 0.00160195 -0.0517101 -0.00692688 -0.0503319 -0.0148791 -0.0486185 -0.0225194 -0.0463238 
4.027 -0.0412546 -0.181907 -0.0579002 -0.177533 -0.072527 -0.172908 -0.0865758 -0.167789 -0.101743 -0.161301 -0.115435 -0.154472 -0.128517 -0.14688 
1.272 -0.0289275 0.218039 -0.0241773 0.223085 -0.0197122 0.227616 -0.0151709 0.231682 -0.0101756 0.235863 -0.0052591 0.239472 -0.000223632 0.242898 
1.354 -0.117272 0.18996 -0.113763 0.200103 -0.110391 0.209315 -0.106498 0.218095 -0.101847 0.227252 -0.0969611 0.235705 -0.0917504 0.243927 
1.331 -0.12412 0.261183 -0.116481 0.271764 -0.109254 0.280952 -0.101737 0.289541 -0.0929852 0.298363 -0.0844005 0.306213 -0.0754525 0.313568 
3.59 -0.33368 -0.190809 -0.350711 -0.168619 -0.365047 -0.14814 -0.377963 -0.127379 -0.390813 -0.104042 -0.401729 -0.0814412 -0.41117 -0.0584858 
4.461 0.238159 -0.102465 0.225587 -0.114773 0.21378 -0.125014 0.201962 -0.134612 0.188248 -0.14412 0.175007 -0.152551 0.161616 -0.160096 
4.301 0.159403 -0.0716477 0.149002 -0.0794401 0.139372 -0.0859358 0.129788 -0.0918672 0.118772 -0.0974484 0.108296 -0.102401 0.0977166 -0.106421 
1.388 0.136803 0.228311 0.142021 0.223257 0.146527 0.218709 0.150703 0.213927 0.154726 0.208462 0.158344 0.20324 0.161572 0.197847 
3.838 -0.150144 -0.294905 -0.173182 -0.283679 -0.193317 -0.272759 -0.212348 -0.261081 -0.23244 -0.247241 -0.250524 -0.233334 -0.267633 -0.218645 
3.797 -0.176852 -0.095617 -0.187967 -0.0833627 -0.197469 -0.0717337 -0.206079 -0.0600923 -0.214864 -0.0468264 -0.222349 -0.0338597 -0.229032 -0.0207209 
0.71 -0.444624 0.336516 -0.435327 0.369302 -0.425722 0.398191 -0.41472 0.426061 -0.401073 0.455522 -0.386882 0.482429 -0.371437 0.508312 
4.07 0.00805369 -0.0106972 0.00177424 -0.00961335 -0.00387939 -0.0082757 -0.00926295 -0.00673473 -0.0150791 -0.00472352 -0.0204052 -0.00254783 -0.0256054 -2.80924e-05 
1.298 -0.0754965 0.23242 -0.0697824 0.240306 -0.0642689 0.247231 -0.0583164 0.253733 -0.0518021 0.260292 -0.0451739 0.266159 -0.03848 0.271653 
4.008 -0.0385153 -0.0572661 -0.0475475 -0.053207 -0.0555049 -0.0491432 -0.0629926 -0.0447726 -0.071001 -0.0395943 -0.0782403 -0.0342581 -0.0850316 -0.0286189 
1.212 0.0607862 0.268717 0.0679701 0.268544 0.0742494 0.268295 0.0804157 0.267648 0.0869852 0.266482 0.0932673 0.265191 0.099218 0.263783 
1.426 0.123791 0.305013 0.133695 0.300296 0.142114 0.296139 0.150383 0.291555 0.158756 0.285821 0.166481 0.280285 0.173824 0.2742 
3.082 0.478537 0.117367 0.477784 0.090255 0.475812 0.0661329 0.472896 0.0429054 0.468003 0.0176728 0.462382 -0.00556652 0.455592 -0.0279502 
0.734 0.0594165 0.50704 0.0790551 0.508459 0.0964543 0.509062 0.113648 0.508757 0.13203 0.507236 0.149324 0.504856 0.166098 0.501594 
1.557 0.161457 0.29611 0.171091 0.288901 0.179174 0.282328 0.187051 0.27526 0.194749 0.267265 0.20164 0.259422 0.207987 0.251355 
1.332 -0.111108 0.27351 -0.102687 0.283486 -0.0949126 0.292095 -0.0867618 0.300119 -0.0776072 0.308167 -0.0684255 0.315379 -0.0593031 0.322019 
3.08 0.497713 0.0639501 0.493689 0.0359329 0.48868 0.0113701 0.4829 -0.0123451 0.474864 -0.0377647 0.466172 -0.0611826 0.456423 -0.0835287 
4.086 0.0135324 -0.0606903 0.00415483 -0.0598292 -0.00431272 -0.058573 -0.0123212 -0.0570382 -0.0211463 -0.0548781 -0.029232 -0.0523721 -0.0370669 -0.0494083 
3.697 -0.2515 -0.240118 -0.271326 -0.223095 -0.288326 -0.206921 -0.304063 -0.190389 -0.320257 -0.171294 -0.334458 -0.152702 -0.347462 -0.133507 
1.311 -0.0850842 0.257759 -0.0779293 0.266147 -0.0713163 0.273384 -0.0643429 0.28018 -0.056619 0.287023 -0.0488736 0.293122 -0.0409798 0.298815 
1.286 -0.0528969 0.218039 -0.0480128 0.224428 -0.0436956 0.23014 -0.0389494 0.235512 -0.0335956 0.241094 -0.0282998 0.246071 -0.0229205 0.250665 
1.274 0.112834 0.161197 0.11384 0.157795 0.114546 0.154784 0.115175 0.151807 0.115496 0.148539 0.11571 0.145539 0.115743 0.142607 
1.378 0.314176 0.298849 0.323233 0.282494 0.33074 0.267732 0.337468 0.253 0.343443 0.236353 0.34834 0.220631 0.352401 0.205043 
3.359 0.437447 -0.00932749 0.429388 -0.0337571 0.420986 -0.0548771 0.411939 -0.0750586 0.400901 -0.0965292 0.389299 -0.116016 0.377381 -0.134393 
4.328 0.182687 0.035187 0.178383 0.0260069 0.174194 0.0180148 0.16983 0.0104448 0.164442 0.00245077 0.159043 -0.00478538 0.153489 -0.0114433 
4.582 0.288152 -0.103835 0.275517 -0.119275 0.263604 -0.132386 0.251428 -0.144674 0.237248 -0.157259 0.223431 -0.168353 0.209256 -0.178276 
1.333 0.279934 0.292001 0.288833 0.277838 0.296062 0.264903 0.30259 0.251968 0.308647 0.237528 0.313679 0.223594 0.317816 0.209725 
2.191 -0.427503 -0.233269 -0.447706 -0.205154 -0.464646 -0.179219 -0.479971 -0.153056 -0.495014 -0.123864 -0.507681 -0.0954627 -0.518507 -0.0666574 
4.496 0.25391 -0.0613752 0.243892 -0.0746699 0.234429 -0.086353 0.224814 -0.0971067 0.213403 -0.108324 0.202284 -0.1181 0.190788 -0.127018 
3.963 -0.0837146 -0.128489 -0.0971137 -0.121789 -0.108857 -0.115174 -0.119739 -0.108166 -0.131472 -0.099896 -0.141878 -0.0914837 -0.151799 -0.0825924 
4.43 0.223093 -0.08329 0.212027 -0.0949946 0.201619 -0.104805 0.191165 -0.11392 0.179038 -0.123178 0.167263 -0.131164 0.155313 -0.13821 
1.441 0.182687 0.177633 0.185138 0.169782 0.186908 0.162741 0.188473 0.155873 0.189465 0.148251 0.190093 0.141054 0.19035 0.134015 
0.8 -0.23164 0.335146 -0.221757 0.354427 -0.212185 0.371247 -0.20188 0.387306 -0.189735 0.403988 -0.177527 0.419042 -0.164622 0.433335 
3.109 0.46621 0.130379 0.466213 0.103915 0.464916 0.080512 0.462715 0.0577841 0.458681 0.033262 0.453881 0.0106847 0.447962 -0.0111422 
1.276 -0.0604301 0.286522 -0.0513888 0.293612 -0.0432034 0.29964 -0.0348913 0.305044 -0.0256552 0.310328 -0.0167264 0.314815 -0.00755425 0.318906 
1.269 -0.0446788 0.276935 -0.0364086 0.28291 -0.0287907 0.288055 -0.0211163 0.292651 -0.0126047 0.297116 -0.00453722 0.30089 0.00365328 0.304241 
4.18 0.0703739 -0.221627 0.0513591 -0.223643 0.034331 -0.224637 0.0175986 -0.224768 -0.000560032 -0.223828 -0.0176385 -0.22209 -0.0342196 -0.219464 
1.25 0.0833858 0.267347 0.0909119 0.265739 0.0973264 0.264217 0.103647 0.262395 0.11009 0.259886 0.116092 0.257288 0.121961 0.254441 
3.389 0.405944 0.0488837 0.401529 0.0263392 0.396623 0.00659235 0.391128 -0.0124407 0.383543 -0.0328809 0.375619 -0.0515492 0.366893 -0.0694589 
3.898 -0.118641 -0.27162 -0.140216 -0.262634 -0.159158 -0.253632 -0.177205 -0.244081 -0.196352 -0.2326 -0.213755 -0.220787 -0.230176 -0.208312 
3.086 0.484701 0.085865 0.481871 0.0587215 0.478061 0.0345981 0.473415 0.0117059 0.466658 -0.0131159 0.459302 -0.0357162 0.450899 -0.0576237 
0.855 -0.20767 0.320764 -0.198019 0.337901 -0.188619 0.352837 -0.178699 0.367092 -0.167167 0.38175 -0.155659 0.395044 -0.143485 0.407482 
3.16 0.516888 -0.0613752 0.505563 -0.0900763 0.494143 -0.115076 0.481828 -0.138651 0.466761 -0.163947 0.451431 -0.186462 0.435059 -0.207657 
0.925 0.0183263 0.402945 0.0326211 0.405919 0.0455367 0.407977 0.058618 0.409706 0.072604 0.410244 0.0857342 0.410227 0.0988428 0.409512 
3.668 -0.293275 -0.399 -0.322401 -0.37962 -0.347592 -0.361051 -0.371284 -0.341706 -0.395944 -0.319132 -0.418039 -0.296713 -0.438512 -0.273472 
4.012 -0.0446788 -0.0928777 -0.0556911 -0.0884251 -0.0653832 -0.0841648 -0.0745521 -0.0795498 -0.0842456 -0.0738946 -0.0932398 -0.0682336 -0.101532 -0.0619112 
3.287 0.455938 0.00299959 0.448522 -0.0222846 0.440902 -0.0443946 0.432525 -0.06578 0.421974 -0.088284 0.4109 -0.108805 0.398654 -0.128057 
3.689 -0.259718 -0.345583 -0.285821 -0.328133 -0.30839 -0.311385 -0.329548 -0.294082 -0.351587 -0.273984 -0.371297 -0.253916 -0.389538 -0.233064 
