1.139 0.249117 0.453623 0.242385 0.38725 0.237343 0.329231 0.233125 0.273945 0.229497 0.217513 0.226848 0.163573 0.225327 0.108754 
1.213 0.23542 0.439926 0.228982 0.373911 0.224255 0.316276 0.22024 0.261199 0.216825 0.205044 0.21434 0.151239 0.212898 0.0964899 
3.232 0.0984523 0.438556 0.0945728 0.372367 0.0915344 0.314727 0.0888218 0.259581 0.0862867 0.20343 0.0842936 0.149974 0.0829538 0.0956266 
1.069 0.255965 0.431708 0.249471 0.366262 0.244692 0.308915 0.240666 0.254087 0.237305 0.198255 0.234939 0.144453 0.23365 0.0897892 
1.018 0.266922 0.370073 0.261164 0.306799 0.25712 0.251059 0.253851 0.197477 0.251313 0.142461 0.249762 0.0893391 0.249448 0.034764 
1.61 0.250486 0.384454 0.244672 0.320306 0.240594 0.263997 0.237216 0.209932 0.234507 0.154543 0.232854 0.101216 0.23212 0.046652 
3.064 0.199808 0.433078 0.193672 0.366967 0.188896 0.309163 0.184793 0.253996 0.181142 0.197851 0.178325 0.144195 0.176474 0.0895175 
4.016 -0.0919326 0.250911 -0.0926006 0.190522 -0.0935822 0.136971 -0.0946765 0.0851393 -0.0961034 0.0314487 -0.0977104 -0.0209488 -0.0992338 -0.0754757 
3.955 0.0183263 -0.0504178 0.0169875 -0.10942 0.0160899 -0.164384 0.0151772 -0.219855 0.0144137 -0.279546 0.0137743 -0.339829 0.0135914 -0.404519 
0.732 0.473058 0.396781 0.465322 0.333312 0.460048 0.277325 0.456005 0.223371 0.453154 0.167863 0.451937 0.114294 0.452444 0.0593574 
4.047 -0.200822 0.268717 -0.200173 0.20796 -0.200249 0.15407 -0.200791 0.101933 -0.202023 0.0480145 -0.20382 -0.00442612 -0.20592 -0.0589673 
0.732 0.471004 0.415272 0.462907 0.351364 0.457219 0.295018 0.452693 0.240797 0.44935 0.185065 0.447595 0.131408 0.447508 0.0764947 
1.126 0.250486 0.411163 0.244261 0.346282 0.239841 0.289657 0.236074 0.235243 0.232985 0.179589 0.230887 0.126206 0.229738 0.0716518 
3.014 0.163512 0.407739 0.158407 0.34271 0.154525 0.285838 0.15108 0.231294 0.148119 0.175665 0.145803 0.122245 0.144518 0.0678339 
4.051 -0.143295 0.247487 -0.143378 0.187214 -0.143912 0.133653 -0.144889 0.0818491 -0.146335 0.0280694 -0.148235 -0.0243842 -0.150229 -0.0790268 
1.347 0.176524 0.143391 0.174343 0.0848521 0.17329 0.0319491 0.172853 -0.0201379 0.173114 -0.0750878 0.174167 -0.129719 0.176218 -0.187346 
0.892 0.327873 0.225572 0.324368 0.165776 0.322719 0.112227 0.321842 0.0598892 0.322082 0.00511801 0.323552 -0.0486958 0.326559 -0.104842 
4.051 -0.162471 0.255705 -0.162301 0.195187 -0.162785 0.141547 -0.163637 0.0896053 -0.165043 0.0358055 -0.166789 -0.0166815 -0.168937 -0.0712137 
4.008 0.00873853 0.043405 0.00726657 -0.0145039 0.00607128 -0.0677915 0.00494977 -0.120998 0.00387164 -0.177906 0.00303361 -0.235271 0.00252441 -0.296393 
4.129 -0.192604 0.211875 -0.192597 0.152424 -0.193297 0.0993796 -0.194424 0.0476557 -0.196317 -0.00617721 -0.198721 -0.0591855 -0.201466 -0.114512 
4.078 -0.150829 0.23242 -0.151032 0.172478 -0.151706 0.119202 -0.152719 0.0675377 -0.154299 0.0137839 -0.156244 -0.0387215 -0.158337 -0.0936144 
2.93 0.132694 0.367333 0.128692 0.303832 0.125656 0.248079 0.123022 0.194507 0.120715 0.139579 0.119176 0.0868035 0.118289 0.0325748 
0.73 0.50867 0.409793 0.5005 0.346094 0.494781 0.289938 0.490376 0.235929 0.487152 0.180187 0.485621 0.126591 0.485864 0.0716729 
4.188 -0.191919 0.172154 -0.192404 0.113456 -0.193572 0.0607392 -0.195192 0.00911255 -0.19758 -0.0450527 -0.200496 -0.0986066 -0.203664 -0.154849 
4.238 -0.190549 0.138597 -0.19144 0.0802796 -0.192946 0.0277224 -0.194926 -0.0240173 -0.197622 -0.0785834 -0.200898 -0.132788 -0.204434 -0.189844 
1.503 0.0847555 0.370757 0.0813863 0.307052 0.0787343 0.251195 0.0763897 0.197577 0.0743215 0.142747 0.0727183 0.0901655 0.0717483 0.0359918 
0.87 0.330612 0.309122 0.325591 0.247758 0.322469 0.193348 0.320202 0.140522 0.318974 0.0858721 0.318957 0.0326173 0.320356 -0.0224886 
0.734 0.462786 0.428969 0.454489 0.364651 0.448693 0.308058 0.443943 0.2535 0.440397 0.197699 0.43846 0.143911 0.438162 0.0889591 
0.73 0.516888 0.37966 0.509286 0.316989 0.504156 0.261371 0.500279 0.20768 0.497737 0.152433 0.49693 0.0988727 0.497973 0.0438126 
0.732 0.48744 0.481016 0.477898 0.415174 0.470725 0.357176 0.464822 0.301731 0.460094 0.245003 0.457014 0.190696 0.455571 0.1354 
4.199 -0.0912478 0.135173 -0.0925552 0.0771004 -0.0940129 0.0246613 -0.0956394 -0.0270086 -0.0976007 -0.0814775 -0.0997594 -0.135638 -0.101909 -0.192932 
0.911 0.309382 0.305698 0.304515 0.244371 0.301459 0.189931 0.299204 0.137249 0.297899 0.0827245 0.297738 0.0295907 0.298932 -0.0253983 
0.729 0.496343 0.44472 0.487365 0.380127 0.480894 0.32318 0.475635 0.268432 0.471638 0.212383 0.469223 0.158506 0.46853 0.103449 
4.137 -0.221367 0.21256 -0.221131 0.153061 -0.221776 0.0999201 -0.222955 0.0481586 -0.224869 -0.00572845 -0.227467 -0.0587856 -0.230459 -0.114138 
0.73 0.481961 0.44472 0.473159 0.379986 0.466747 0.323157 0.46159 0.268403 0.457603 0.212373 0.455226 0.158474 0.454517 0.103481 
1.029 0.264183 0.385139 0.258266 0.321378 0.254042 0.265274 0.250561 0.21148 0.247807 0.15622 0.246053 0.102976 0.245536 0.0484628 
4.012 -0.220682 0.292001 -0.219508 0.230665 -0.219257 0.176425 -0.219432 0.123969 -0.220343 0.0699235 -0.221879 0.0174329 -0.223781 -0.0369339 
3.98 -0.195343 0.303643 -0.194349 0.241928 -0.194144 0.187445 -0.19432 0.134889 -0.195147 0.0808513 -0.19654 0.0283832 -0.198141 -0.025786 
1.438 0.0196959 0.204342 0.0178209 0.145397 0.0163483 0.0927081 0.0149768 0.0411132 0.0137363 -0.012764 0.0126809 -0.0659313 0.0121211 -0.121801 
4.066 -0.222737 0.261183 -0.22192 0.200692 -0.221972 0.146982 -0.222546 0.0949005 -0.22386 0.0409962 -0.225796 -0.0116015 -0.228131 -0.0662604 
4.07 -0.200137 0.252965 -0.199668 0.192751 -0.199865 0.139152 -0.200614 0.0871203 -0.202003 0.0333247 -0.20393 -0.0193045 -0.206235 -0.0740119 
0.732 0.481961 0.376236 0.474636 0.313523 0.46952 0.257871 0.465768 0.204231 0.463438 0.149127 0.462661 0.0956388 0.463624 0.0407517 
0.731 0.490864 0.400205 0.482978 0.336808 0.477619 0.28084 0.473416 0.226871 0.470449 0.171551 0.469109 0.117999 0.469513 0.0630551 
4.195 -0.238488 0.176264 -0.23854 0.117372 -0.239676 0.0645815 -0.241337 0.0128688 -0.243766 -0.0413224 -0.247052 -0.0948556 -0.250706 -0.151001 
0.913 0.308697 0.292001 0.304129 0.23098 0.30125 0.176844 0.299229 0.124201 0.298141 0.0697302 0.298227 0.0164516 0.299694 -0.0386444 
2.398 0.0683194 0.00710862 0.0671728 -0.0512391 0.0664939 -0.105164 0.0662342 -0.159144 0.0661586 -0.217199 0.0664213 -0.275703 0.0673309 -0.338194 
1.048 0.258019 0.397466 0.252035 0.333267 0.247669 0.276951 0.244091 0.222815 0.241144 0.167525 0.239274 0.114178 0.238387 0.0597965 
4.27 -0.218628 0.12627 -0.219614 0.0680857 -0.221428 0.0154899 -0.223669 -0.0364992 -0.226766 -0.0912724 -0.230476 -0.145795 -0.234527 -0.203242 
3.963 -0.226161 0.322134 -0.224605 0.259854 -0.223983 0.204975 -0.223805 0.152033 -0.224334 0.0976088 -0.225497 0.0450115 -0.227011 -0.00925651 
1.411 0.0217504 0.185166 0.0198732 0.126573 0.0184183 0.0739208 0.017099 0.0223864 0.015854 -0.0316056 0.0148721 -0.0850905 0.0143386 -0.141278 
4.098 -0.0898781 0.201603 -0.0909083 0.142587 -0.0920765 0.089761 -0.0934135 0.0383117 -0.0950472 -0.0154603 -0.0968251 -0.0684363 -0.0985525 -0.123963 
4.02 0.00873853 0.0125873 0.00723543 -0.0456341 0.00609519 -0.0993985 0.00509209 -0.153155 0.00410639 -0.211026 0.00316925 -0.269355 0.00270812 -0.331639 
1.021 0.267607 0.352952 0.262135 0.290237 0.258298 0.234925 0.25521 0.181598 0.252902 0.126737 0.251609 0.0737261 0.251604 0.0190993 
4.227 -0.215888 0.153664 -0.21647 0.0951346 -0.21787 0.0424809 -0.219732 -0.00926044 -0.222451 -0.0637681 -0.2258 -0.117613 -0.229509 -0.174161 
3.014 0.224462 0.454308 0.21793 0.387492 0.212952 0.329183 0.208635 0.273615 0.204927 0.217099 0.202022 0.163088 0.200196 0.108275 
4.293 -0.223421 0.109834 -0.224686 0.0517785 -0.226679 -0.00085743 -0.229218 -0.0529484 -0.232614 -0.108074 -0.236581 -0.162955 -0.240929 -0.220722 
1.568 0.0251746 0.367333 0.0227507 0.303317 0.0207743 0.247109 0.0189703 0.193278 0.0172541 0.1384 0.0157998 0.0857768 0.0148711 0.0317687 
0.728 0.519627 0.468004 0.510087 0.402785 0.503039 0.345385 0.497197 0.2904 0.492596 0.233974 0.489648 0.179894 0.488411 0.124812 
0.82 0.366909 0.251596 0.363107 0.191528 0.361201 0.137744 0.360114 0.085229 0.360268 0.0305749 0.361846 -0.0231491 0.365094 -0.0789262 
4.215 -0.159732 0.143391 -0.1607 0.0851349 -0.162067 0.0326178 -0.163879 -0.0190847 -0.166218 -0.0736043 -0.169154 -0.127724 -0.172238 -0.184809 
0.729 0.51004 0.454992 0.500835 0.390064 0.494198 0.332767 0.488766 0.277862 0.484398 0.221661 0.481808 0.167731 0.480948 0.112594 
4.082 -0.200137 0.239269 -0.199823 0.179286 -0.20015 0.12588 -0.201057 0.0740973 -0.202597 0.0202293 -0.204684 -0.0323974 -0.207158 -0.0873416 
4.199 -0.113163 0.137228 -0.114355 0.0791388 -0.115771 0.0266618 -0.117502 -0.0249593 -0.119632 -0.0794807 -0.12206 -0.133592 -0.124521 -0.190841 
0.729 0.50867 0.438556 0.499779 0.374178 0.493399 0.31727 0.48829 0.262568 0.484379 0.206563 0.482168 0.152691 0.481645 0.0976386 
1.665 0.0683194 0.0420353 0.0670558 -0.0159959 0.0663217 -0.0693867 0.0659251 -0.122736 0.0658192 -0.179854 0.0660275 -0.237346 0.0667891 -0.298576 
3.934 -0.235749 0.341309 -0.233909 0.278523 -0.232926 0.223282 -0.232547 0.170117 -0.232796 0.115493 -0.233702 0.0628627 -0.234961 0.00878092 
1.345 0.190221 0.1475 0.187956 0.0888989 0.186915 0.0359815 0.186507 -0.0161396 0.186868 -0.0710851 0.187958 -0.125616 0.190205 -0.183129 
0.73 0.516888 0.394042 0.509009 0.330966 0.503556 0.275242 0.499442 0.221327 0.496644 0.16586 0.495515 0.112344 0.496182 0.0574583 
4.277 -0.0460485 -0.0613752 -0.0479932 -0.120612 -0.0497579 -0.175809 -0.0516643 -0.23161 -0.0537456 -0.291649 -0.0558895 -0.352619 -0.05779 -0.418 
3.896 -0.221367 0.356376 -0.219539 0.293101 -0.218623 0.237412 -0.21818 0.183925 -0.21835 0.129112 -0.21918 0.0763896 -0.220361 0.0222235 
1.518 0.180633 -0.0243939 0.180851 -0.0835813 0.181864 -0.138396 0.183572 -0.193439 0.185903 -0.252564 0.188971 -0.312404 0.193269 -0.376647 
4.219 -0.196713 0.152294 -0.197392 0.0938193 -0.198782 0.0411754 -0.200659 -0.0104434 -0.203295 -0.0648707 -0.206474 -0.1187 -0.20994 -0.175536 
3.207 0.120367 0.479647 0.115459 0.410935 0.111698 0.351382 0.108326 0.294745 0.105177 0.237363 0.102573 0.182825 0.100767 0.127764 
3.197 0.182002 0.430338 0.17644 0.364207 0.172071 0.306559 0.168516 0.251466 0.165078 0.195321 0.162627 0.141713 0.160996 0.0871254 
2.871 0.216244 0.434447 0.210055 0.368274 0.205444 0.310584 0.201472 0.255408 0.198035 0.199262 0.195396 0.145521 0.193855 0.0908643 
4.105 -0.220682 0.234475 -0.220161 0.174615 -0.220512 0.121215 -0.221416 0.0694301 -0.22303 0.0155738 -0.225334 -0.0372779 -0.227988 -0.0923386 
4.254 -0.0460485 -0.0771264 -0.0479883 -0.136636 -0.0498637 -0.192511 -0.0517568 -0.248775 -0.053911 -0.309511 -0.0560609 -0.370991 -0.0580452 -0.437168 
0.73 0.491549 0.425544 0.483115 0.361461 0.477227 0.304832 0.472479 0.250368 0.468902 0.194437 0.467086 0.140729 0.466923 0.0857108 
4.09 -0.164525 0.225572 -0.164598 0.165941 -0.165304 0.112781 -0.166386 0.0611283 -0.167991 0.00737295 -0.170112 -0.0453535 -0.172443 -0.100399 
4.094 -0.180277 0.23242 -0.180165 0.172526 -0.180692 0.119343 -0.181672 0.067571 -0.183259 0.0137705 -0.185399 -0.0389613 -0.187744 -0.0939696 
3.98 0.0121627 -0.0312423 0.0107955 -0.0898557 0.00970304 -0.144383 0.00876482 -0.19925 0.00779048 -0.258195 0.00695905 -0.317702 0.00657839 -0.381416 
0.729 0.492919 0.461841 0.483691 0.396627 0.476961 0.339183 0.471476 0.284187 0.467165 0.227959 0.464404 0.173862 0.463303 0.11878 
4.27 -0.173428 0.110519 -0.174741 0.0524942 -0.176546 -0.000133928 -0.178839 -0.0520573 -0.181776 -0.107014 -0.185193 -0.161847 -0.188834 -0.219692 
4.125 -0.161101 0.202287 -0.161325 0.143148 -0.162258 0.090303 -0.163482 0.0387161 -0.165378 -0.0151059 -0.167637 -0.0681941 -0.170189 -0.123763 
1.614 0.0149021 0.064635 0.0133181 0.00677865 0.0120824 -0.0461643 0.0110124 -0.0987594 0.00995668 -0.154919 0.00911556 -0.211421 0.00862061 -0.271463 
3.312 0.023805 0.337885 0.0214935 0.274842 0.0195164 0.219317 0.017911 0.166211 0.0162979 0.111741 0.0149338 0.0593131 0.0140595 0.00531347 
4 -0.200822 0.290631 -0.19993 0.22924 -0.199777 0.174944 -0.200051 0.122543 -0.20104 0.0686251 -0.202537 0.0162023 -0.204363 -0.0381085 
0.736 0.458677 0.40226 0.45099 0.33874 0.445777 0.282725 0.441716 0.228722 0.438803 0.173225 0.437464 0.119635 0.43777 0.0647615 
3.992 -0.223421 0.305698 -0.222081 0.244016 -0.221635 0.189466 -0.221635 0.136825 -0.222378 0.0826738 -0.223739 0.0301041 -0.225431 -0.0241874 
1.441 0.184742 0.104356 0.183009 0.0459621 0.182568 -0.00714566 0.182426 -0.0595469 0.183481 -0.115236 0.185005 -0.170772 0.187407 -0.22942 
4.438 -0.0631694 -0.0469936 -0.0652206 -0.105772 -0.0673605 -0.160594 -0.0695525 -0.215878 -0.0720395 -0.275305 -0.0745494 -0.335333 -0.0770173 -0.399635 
1.552 0.120367 0.0591563 0.119223 0.00109689 0.118877 -0.0521579 0.118991 -0.105258 0.119519 -0.161725 0.120602 -0.218556 0.122534 -0.279098 
1.633 0.103931 -0.0059033 0.103257 -0.0645865 0.103303 -0.118942 0.103683 -0.173489 0.104555 -0.232082 0.10576 -0.291199 0.107768 -0.354477 
3.955 -0.139186 0.303643 -0.138985 0.241726 -0.139249 0.187167 -0.139782 0.134652 -0.14082 0.0806258 -0.142178 0.0282429 -0.143626 -0.0257885 
1.358 0.134749 0.252965 0.131584 0.192735 0.129424 0.139113 0.127707 0.0870666 0.126507 0.0331551 0.126051 -0.0196918 0.126304 -0.0746298 
1.608 0.103246 0.0529927 0.102096 -0.00512216 0.101617 -0.0584166 0.101535 -0.111445 0.101844 -0.168159 0.102733 -0.225158 0.104206 -0.285655 
0.785 0.387454 0.251596 0.383549 0.191512 0.38169 0.137726 0.380818 0.085349 0.381112 0.0306017 0.382691 -0.0230976 0.386422 -0.0789882 
3.062 0.163512 0.425544 0.158304 0.359543 0.154326 0.301979 0.150812 0.24706 0.147708 0.190974 0.145275 0.137426 0.143783 0.082915 
4.105 -0.194658 0.226257 -0.194476 0.166636 -0.195018 0.113369 -0.196041 0.0615207 -0.197738 0.0077578 -0.199992 -0.0449979 -0.202575 -0.100073 
1.476 0.0183263 0.12764 0.0165732 0.0696361 0.0152798 0.0170731 0.0139217 -0.034762 0.0128316 -0.0896024 0.011867 -0.144297 0.0112801 -0.202325 
4.391 -0.048103 -0.0394603 -0.0500013 -0.0982037 -0.0517846 -0.152936 -0.0536005 -0.207985 -0.0556766 -0.26726 -0.0577437 -0.327115 -0.0596633 -0.391167 
4.398 -0.0843994 -0.015491 -0.0865366 -0.0738849 -0.088791 -0.127927 -0.0911357 -0.182248 -0.093844 -0.24058 -0.0966853 -0.29943 -0.0994087 -0.362282 
1.33 0.237474 0.421435 0.231232 0.356091 0.226674 0.298821 0.222828 0.244219 0.219535 0.188331 0.21731 0.13484 0.216026 0.0800896 
3.914 -0.235749 0.355691 -0.233725 0.292401 -0.232659 0.23668 -0.232087 0.183206 -0.232198 0.128382 -0.232912 0.0755828 -0.233997 0.0213857 
0.781 0.391563 0.535118 0.381775 0.466619 0.374349 0.406548 0.367847 0.349522 0.362275 0.291607 0.358051 0.236578 0.355263 0.180793 
1.967 0.192275 0.416642 0.186809 0.351406 0.182735 0.294384 0.179126 0.239773 0.175955 0.184089 0.173596 0.130649 0.17219 0.0761817 
4.215 -0.139871 0.139282 -0.140952 0.0811166 -0.142507 0.0286472 -0.144104 -0.0230454 -0.146565 -0.0775322 -0.149118 -0.131724 -0.151898 -0.188885 
4.191 -0.170689 0.161882 -0.171421 0.103343 -0.172674 0.0507572 -0.174372 -0.000834398 -0.176699 -0.054981 -0.179452 -0.108602 -0.182472 -0.164946 
1.534 0.17036 0.0632653 0.169297 0.0050192 0.169264 -0.0482995 0.169704 -0.101463 0.171006 -0.157833 0.172842 -0.214531 0.175628 -0.274804 
4.293 -0.172059 0.0954527 -0.173511 0.0376144 -0.175425 -0.0150128 -0.177844 -0.0671203 -0.180868 -0.122527 -0.184397 -0.177597 -0.188177 -0.236104 
3.965 -0.174798 0.306383 -0.174126 0.244444 -0.174033 0.18983 -0.17436 0.137259 -0.175238 0.0831882 -0.176592 0.03065 -0.178139 -0.0234162 
1.616 0.216244 0.370073 0.210778 0.306238 0.206679 0.250238 0.203371 0.196448 0.200586 0.141383 0.198463 0.0882034 0.197578 0.0338272 
4.121 -0.113163 0.189275 -0.114075 0.130249 -0.115198 0.0775245 -0.116682 0.0260353 -0.118443 -0.0277417 -0.1206 -0.0808077 -0.122678 -0.13644 
4.289 -0.14672 0.0933982 -0.148216 0.0353893 -0.150059 -0.0170455 -0.152353 -0.0693671 -0.155162 -0.124576 -0.158334 -0.17987 -0.161696 -0.238423 
4.359 -0.168634 0.0331324 -0.170703 -0.0248295 -0.173329 -0.0780895 -0.176341 -0.131262 -0.179981 -0.188025 -0.183971 -0.245024 -0.188265 -0.305565 
1.464 0.0505136 0.117367 0.0488147 0.0593604 0.0476304 0.00672828 0.0467064 -0.045291 0.0460472 -0.100331 0.0457114 -0.155358 0.0459101 -0.213844 
3.764 -0.202191 0.441981 -0.199797 0.375408 -0.198342 0.317428 -0.197331 0.262057 -0.19687 0.20575 -0.196863 0.152047 -0.196991 0.0975097 
4.266 -0.147404 0.108465 -0.148775 0.05066 -0.150556 -0.00199805 -0.152692 -0.0537676 -0.15542 -0.108731 -0.158541 -0.163601 -0.161735 -0.221515 
1.019 0.29911 0.525531 0.290753 0.456614 0.284244 0.39658 0.278643 0.339332 0.273736 0.281483 0.26991 0.226304 0.267379 0.170773 
1.374 0.212135 0.134488 0.210051 0.0759471 0.209244 0.0227698 0.208941 -0.0293915 0.209629 -0.0846036 0.211173 -0.139497 0.213622 -0.197323 
1.335 0.142967 0.208451 0.14019 0.149233 0.138524 0.0961361 0.137249 0.0444054 0.13651 -0.00982151 0.136534 -0.0631989 0.137426 -0.119054 
1.672 0.123791 0.00710862 0.123135 -0.0514335 0.123323 -0.105508 0.124091 -0.1598 0.12525 -0.217922 0.126849 -0.276593 0.129355 -0.339174 
3.852 -0.0392001 0.313231 -0.0405532 0.251042 -0.0417963 0.196313 -0.0430708 0.143713 -0.0444051 0.0896506 -0.0456948 0.0373754 -0.0468244 -0.0165446 
0.885 0.327873 0.252965 0.323969 0.192828 0.321799 0.139132 0.320498 0.0868073 0.320333 0.0322214 0.321452 -0.021252 0.323657 -0.0770334 
0.73 0.477168 0.428284 0.468773 0.364013 0.462711 0.307287 0.45787 0.252715 0.454309 0.196949 0.452305 0.143126 0.452027 0.0881546 
1.669 0.0381865 0.0386111 0.036798 -0.0194086 0.0357693 -0.0726951 0.0351009 -0.125994 0.0343531 -0.183015 0.0340427 -0.240477 0.0341974 -0.301699 
1.644 0.132009 0.0338173 0.131137 -0.0245642 0.130997 -0.0781856 0.131415 -0.131779 0.132261 -0.189244 0.133705 -0.246909 0.135992 -0.308243 
3.99 -0.174113 0.292686 -0.173543 0.23118 -0.173535 0.176898 -0.173931 0.124554 -0.174917 0.070569 -0.176361 0.0182623 -0.178001 -0.0359666 
3.799 -0.214519 0.419381 -0.212072 0.353744 -0.210528 0.296389 -0.209492 0.241501 -0.208996 0.18562 -0.209082 0.132187 -0.209304 0.077888 
4.059 -0.121381 0.231051 -0.121928 0.171324 -0.122786 0.11813 -0.12394 0.066504 -0.12544 0.0127014 -0.127214 -0.0399863 -0.128981 -0.0951367 
2.283 0.166251 0.385139 0.16135 0.320812 0.157629 0.264465 0.154389 0.210404 0.151636 0.155078 0.149504 0.10211 0.148432 0.0478653 
1.478 0.0272291 0.115313 0.0255889 0.0573327 0.0242522 0.00472205 0.0231939 -0.0472715 0.02218 -0.102383 0.0214376 -0.157437 0.0213317 -0.21595 
3.971 -0.0994658 0.279674 -0.0999476 0.218405 -0.10062 0.164576 -0.101569 0.112362 -0.102792 0.05871 -0.104216 0.00636033 -0.105602 -0.0478668 
3.723 -0.105629 0.433078 -0.105332 0.366636 -0.10522 0.308806 -0.105399 0.253446 -0.105847 0.197287 -0.106454 0.14374 -0.106982 0.0894455 
1.218 0.236789 0.461841 0.230052 0.394877 0.224946 0.33641 0.22065 0.280674 0.216913 0.22409 0.214144 0.169909 0.212343 0.114959 
4.102 -0.128914 0.205027 -0.129439 0.145901 -0.130449 0.0930283 -0.131685 0.0415223 -0.133443 -0.0122783 -0.135518 -0.0652346 -0.137764 -0.120704 
4.25 -0.162471 0.122846 -0.163643 0.0648453 -0.165357 0.0122032 -0.167469 -0.0395302 -0.170202 -0.0942774 -0.173384 -0.148803 -0.176776 -0.206318 
1.624 0.0340775 0.0550473 0.0326043 -0.00280757 0.0315597 -0.0559586 0.0308885 -0.108874 0.0300527 -0.16533 0.029715 -0.222231 0.0298708 -0.282823 
3.938 -0.100151 0.300219 -0.100539 0.238638 -0.101146 0.184056 -0.10195 0.131665 -0.103082 0.0777681 -0.104434 0.0254451 -0.105725 -0.0285347 
4.32 -0.0433091 -0.0134365 -0.045126 -0.071663 -0.0468297 -0.125793 -0.0486089 -0.180056 -0.0505955 -0.238629 -0.0525973 -0.297457 -0.0544114 -0.360256 
4.332 -0.222052 0.0886043 -0.223575 0.0305259 -0.225869 -0.0222046 -0.228648 -0.0745501 -0.232325 -0.130302 -0.236538 -0.185639 -0.241112 -0.244301 
4.25 -0.098781 0.0975072 -0.100295 0.0396876 -0.101941 -0.0128211 -0.10388 -0.0649164 -0.106167 -0.120044 -0.108659 -0.175158 -0.111167 -0.233707 
3.789 -0.185755 0.416642 -0.183929 0.351049 -0.182817 0.293783 -0.182077 0.238945 -0.181823 0.183173 -0.181998 0.12982 -0.182339 0.0755211 
0.865 0.342254 0.252965 0.338238 0.192834 0.336002 0.139121 0.334761 0.0867676 0.334499 0.0321991 0.335461 -0.021254 0.338045 -0.07708 
0.787 0.388823 0.268032 0.384432 0.207556 0.382237 0.153625 0.38095 0.101103 0.38089 0.0464775 0.382097 -0.0071462 0.385259 -0.0627363 
3.865 -0.0309821 0.283783 -0.0323707 0.222531 -0.0336578 0.168539 -0.0349698 0.116331 -0.0363014 0.0625663 -0.0376236 0.0102856 -0.0387559 -0.0439195 
3.805 -0.198082 0.409108 -0.196042 0.343703 -0.194682 0.286644 -0.193903 0.231946 -0.193633 0.17626 -0.193858 0.122922 -0.194233 0.0687149 
4.074 -0.135762 0.225572 -0.136107 0.165877 -0.136974 0.112696 -0.138084 0.0610536 -0.13969 0.00731916 -0.14161 -0.0452988 -0.143719 -0.100341 
1.494 0.0484591 0.103671 0.0467982 0.0457888 0.0456801 -0.00694974 0.0447373 -0.0590598 0.0440314 -0.114422 0.0436957 -0.169815 0.0438712 -0.228608 
4.188 -0.0707026 0.131749 -0.0720859 0.0737344 -0.0735648 0.0213161 -0.0751483 -0.0303517 -0.0769921 -0.0848633 -0.0789657 -0.139008 -0.0808531 -0.196275 
4.387 -0.139186 0.0105328 -0.141499 -0.0475019 -0.144055 -0.101113 -0.147003 -0.154797 -0.150535 -0.212319 -0.154351 -0.270122 -0.158263 -0.331777 
1.692 0.21556 0.385139 0.209791 0.320789 0.205599 0.264466 0.201951 0.21036 0.198921 0.154969 0.196751 0.101836 0.19553 0.0473309 
3.957 -0.12275 0.298849 -0.122781 0.237224 -0.123156 0.182812 -0.123825 0.130427 -0.124932 0.0764808 -0.126293 0.0241064 -0.127668 -0.0299463 
1.354 0.253226 0.270086 0.249137 0.209262 0.246458 0.155262 0.244591 0.102738 0.243384 0.0484707 0.243464 -0.00470617 0.244435 -0.0596973 
4.023 -0.168634 0.272826 -0.168239 0.21179 -0.168404 0.158043 -0.16903 0.10582 -0.170166 0.0519067 -0.171737 -0.000479231 -0.173542 -0.0548324 
4.074 -0.0974113 0.216669 -0.0982778 0.157104 -0.0993448 0.104059 -0.100595 0.0525162 -0.102192 -0.00118848 -0.103969 -0.0538883 -0.105738 -0.108934 
4.008 -0.150144 0.278989 -0.149883 0.217906 -0.150166 0.163924 -0.150786 0.111741 -0.151941 0.058 -0.153509 0.00557521 -0.155176 -0.0486628 
4.168 -0.12549 0.163936 -0.12642 0.105436 -0.127789 0.0529038 -0.129286 0.00137356 -0.1314 -0.0527018 -0.133798 -0.106241 -0.136257 -0.162603 
3.9 -0.0467333 0.292686 -0.0480102 0.231118 -0.0491521 0.176839 -0.0504165 0.124552 -0.051723 0.0707124 -0.0530028 0.0184239 -0.0541758 -0.0356101 
1.422 0.0299685 0.148185 0.0280835 0.090011 0.0267421 0.0374687 0.0256331 -0.0142583 0.0246024 -0.0688355 0.023809 -0.12304 0.0235836 -0.180349 
1.613 0.160088 0.0420353 0.159285 -0.0164318 0.159437 -0.0699811 0.160073 -0.123488 0.161433 -0.180642 0.163346 -0.238006 0.166184 -0.299014 
4.047 -0.176168 0.259814 -0.175896 0.199242 -0.176217 0.14554 -0.176984 0.0935504 -0.178315 0.0397202 -0.180164 -0.0127611 -0.182205 -0.0673503 
4.012 -0.126174 0.268032 -0.126312 0.207201 -0.126869 0.153383 -0.127636 0.101354 -0.128911 0.0476252 -0.130477 -0.00477777 -0.132093 -0.0591314 
1.619 0.182687 0.371442 0.17765 0.30778 0.173928 0.251827 0.170791 0.198089 0.167946 0.143122 0.166286 0.0899671 0.165158 0.0358913 
3.967 -0.0426243 0.262553 -0.0439795 0.201807 -0.0451949 0.148037 -0.0464861 0.0961567 -0.0478399 0.0424432 -0.0492134 -0.00986072 -0.0504308 -0.0643 
0.727 0.527846 0.480331 0.518003 0.41486 0.510675 0.357043 0.504591 0.301538 0.49967 0.244945 0.496598 0.190551 0.495182 0.135223 
4 -0.0665936 0.250226 -0.0675907 0.189873 -0.0687269 0.136405 -0.0698818 0.084591 -0.0713283 0.030912 -0.0728255 -0.0215058 -0.0742098 -0.0759988 
4 -0.0426243 0.241323 -0.0439875 0.181173 -0.0452557 0.127919 -0.0466035 0.0760819 -0.0479712 0.0225193 -0.0493321 -0.0299268 -0.0505903 -0.0845662 
4.238 -0.135762 0.123531 -0.137031 0.0656883 -0.138664 0.0129243 -0.140676 -0.0386257 -0.143148 -0.0933682 -0.146033 -0.147829 -0.149017 -0.205383 
3.934 -0.0802904 0.296795 -0.0808747 0.235057 -0.0817057 0.180747 -0.0825963 0.128368 -0.0838623 0.0744938 -0.0852229 0.0221958 -0.0864287 -0.031873 
1.528 0.10941 0.0701137 0.108112 0.0120522 0.107568 -0.0411258 0.107478 -0.0938212 0.107859 -0.150078 0.108737 -0.20649 0.110337 -0.266303 
1.764 0.197069 0.40226 0.191342 0.337159 0.187173 0.280249 0.183487 0.225715 0.180312 0.169994 0.17804 0.116588 0.176637 0.0621998 
4.148 -0.139186 0.176948 -0.139876 0.118221 -0.141135 0.0655919 -0.142602 0.0140773 -0.144747 -0.0398558 -0.14715 -0.0932277 -0.149689 -0.14926 
4.398 -0.103575 -0.00864265 -0.10577 -0.0669237 -0.108108 -0.120908 -0.110635 -0.175073 -0.113555 -0.233274 -0.116645 -0.291859 -0.119678 -0.354291 
3.988 -0.0843994 0.264608 -0.0851123 0.203717 -0.0859713 0.150091 -0.086984 0.0982123 -0.0883173 0.0445845 -0.0897798 -0.0077637 -0.0911866 -0.0621623 
4.141 -0.121381 0.178318 -0.122277 0.119598 -0.123547 0.0670223 -0.124933 0.0154733 -0.126835 -0.0384444 -0.129056 -0.0917789 -0.131418 -0.147807 
4.043 -0.10426 0.23379 -0.104869 0.173995 -0.105741 0.120662 -0.106886 0.0691756 -0.108483 0.0156129 -0.11001 -0.0373488 -0.111685 -0.0923257 
1.487 0.107355 -0.0332968 0.107076 -0.0925426 0.107424 -0.147599 0.10808 -0.20315 0.109236 -0.262851 0.110762 -0.323347 0.113191 -0.388401 
3.525 -0.0172853 0.289947 -0.0190229 0.228581 -0.0205023 0.174448 -0.0218384 0.122145 -0.0233176 0.068403 -0.0247034 0.0161015 -0.0256021 -0.0380478 
1.366 0.196384 0.135173 0.19428 0.0766352 0.193365 0.0236195 0.193123 -0.0285726 0.193624 -0.0837181 0.194915 -0.138505 0.197319 -0.196418 
4.047 -0.0748117 0.222832 -0.0759249 0.163123 -0.0771161 0.110162 -0.078437 0.0585782 -0.0798921 0.00487767 -0.0815414 -0.0476952 -0.0830518 -0.102664 
4.316 -0.0426243 0.00368443 -0.0444531 -0.0545355 -0.0460774 -0.108175 -0.0478252 -0.161915 -0.0497396 -0.21935 -0.0516727 -0.277829 -0.0533919 -0.339902 
1.673 0.123106 0.0228599 0.122363 -0.035487 0.122453 -0.0893332 0.122904 -0.143217 0.123973 -0.201053 0.125456 -0.25911 0.127778 -0.321191 
4.199 -0.126174 0.142022 -0.127158 0.0838284 -0.128646 0.0313796 -0.130234 -0.0203128 -0.132474 -0.0747376 -0.135135 -0.128822 -0.137844 -0.186005 
4.266 -0.0974113 0.0803862 -0.0990597 0.0226084 -0.10085 -0.0300311 -0.102738 -0.082304 -0.105157 -0.137872 -0.107645 -0.193586 -0.110207 -0.252565 
4.188 -0.139186 0.155034 -0.140143 0.0966218 -0.141579 0.0441307 -0.143186 -0.00741844 -0.145512 -0.0616056 -0.14813 -0.115288 -0.15078 -0.171931 
4.25 -0.112478 0.104356 -0.113947 0.046487 -0.115681 -0.00610757 -0.117644 -0.0579895 -0.120064 -0.113002 -0.122698 -0.167842 -0.125395 -0.225971 
4.23 -0.173428 0.137228 -0.174423 0.0789726 -0.175931 0.0264643 -0.17785 -0.0252628 -0.180463 -0.0798246 -0.183594 -0.133894 -0.186809 -0.191104 
4.023 -0.188495 0.275565 -0.187804 0.214652 -0.187875 0.160746 -0.188348 0.108527 -0.1895 0.0545547 -0.191227 0.00204164 -0.193107 -0.0525636 
2.24 0.0142172 0.109149 0.0125935 0.0512332 0.0112832 -0.00134995 0.0100442 -0.0533344 0.00897925 -0.108492 0.00806059 -0.163612 0.00753965 -0.222097 
1.452 0.1505 0.0995617 0.148929 0.0412639 0.148263 -0.0117661 0.148178 -0.0640922 0.148676 -0.119814 0.149822 -0.175404 0.151947 -0.23418 
3.953 -0.154253 0.306383 -0.153785 0.244504 -0.153846 0.18982 -0.154251 0.13732 -0.155189 0.0831604 -0.156527 0.0307938 -0.157977 -0.0230666 
1.979 0.176524 0.412533 0.171116 0.347334 0.167017 0.290371 0.163419 0.235719 0.160279 0.17999 0.157955 0.126559 0.156488 0.0720784 
4.27 -0.110423 0.0879195 -0.11196 0.0300516 -0.113712 -0.0225981 -0.115747 -0.0748009 -0.118226 -0.130276 -0.120962 -0.185805 -0.123665 -0.244657 
3.59 -0.0364608 0.447459 -0.0376732 0.380477 -0.0387567 0.322039 -0.0398872 0.266408 -0.0410819 0.209872 -0.042221 0.156272 -0.0430687 0.101846 
4.176 -0.113847 0.152294 -0.114993 0.0938804 -0.116336 0.041482 -0.117999 -0.0101516 -0.120024 -0.0642559 -0.122367 -0.118006 -0.124719 -0.174625 
1.924 0.208711 0.421435 0.202715 0.355775 0.19838 0.298507 0.194608 0.243699 0.191303 0.187778 0.188773 0.134247 0.187419 0.079753 
0.886 0.325818 0.268032 0.321589 0.207637 0.319176 0.153952 0.31764 0.101611 0.317127 0.0471739 0.317743 -0.00605946 0.319848 -0.061699 
1.337 0.14913 0.220778 0.14646 0.16124 0.144604 0.108093 0.14314 0.0561388 0.142344 0.00205656 0.142322 -0.0511455 0.143196 -0.106818 
3.961 -0.0837146 0.282413 -0.084356 0.220942 -0.0851963 0.166988 -0.0861206 0.114673 -0.0874198 0.060929 -0.0888561 0.00868415 -0.0901831 -0.0454068 
1.368 0.0375017 0.19133 0.0355262 0.132582 0.0339728 0.0800886 0.0327215 0.0283574 0.0316493 -0.0255679 0.0308625 -0.0789486 0.0308307 -0.135339 
