1.065 -0.296014 0.303643 -0.290722 0.316818 -0.231651 0.311831 -0.17543 0.307188 -0.118638 0.302765 -0.0636227 0.300073 -0.00950894 0.298156 
4.234 -0.118641 -0.299699 -0.0600806 -0.298548 -0.00655859 -0.297326 0.0459722 -0.297915 0.100404 -0.300278 0.155062 -0.302844 0.210457 -0.30649 
4.211 -0.131653 -0.309971 -0.072898 -0.308557 -0.0192533 -0.307084 0.033231 -0.307425 0.0875817 -0.309585 0.141995 -0.311957 0.197102 -0.315463 
4.051 -0.200137 -0.14698 -0.139995 -0.145688 -0.0857417 -0.144012 -0.0332653 -0.143664 0.0205972 -0.144501 0.0741476 -0.145281 0.128072 -0.146748 
4.25 -0.107684 -0.31545 -0.0491736 -0.314496 0.0043487 -0.313555 0.056927 -0.314371 0.111414 -0.317081 0.166204 -0.320024 0.221728 -0.324122 
3.377 0.122422 0.0749075 0.182209 0.0744343 0.238568 0.0752713 0.295511 0.0756139 0.356262 0.0752416 0.418773 0.0759482 0.483645 0.0767463 
4.148 -0.172743 -0.325723 -0.113292 -0.323272 -0.0593102 -0.320945 -0.00664946 -0.320443 0.0474672 -0.321793 0.101459 -0.323453 0.155862 -0.326298 
4.16 -0.161101 -0.296274 -0.101805 -0.294303 -0.0479542 -0.292396 0.00462311 -0.292222 0.0587435 -0.293742 0.112814 -0.295563 0.167315 -0.298456 
4.129 -0.184386 -0.300384 -0.12475 -0.297928 -0.0706373 -0.295477 -0.0179991 -0.294865 0.0361079 -0.295932 0.08998 -0.297269 0.144216 -0.299704 
4.211 -0.130968 -0.344213 -0.0721873 -0.342592 -0.0185036 -0.341087 0.0340185 -0.341458 0.0883432 -0.343777 0.142786 -0.346373 0.197861 -0.3502 
4.195 -0.139871 -0.332571 -0.0809636 -0.330828 -0.0272562 -0.329113 0.0252708 -0.329347 0.0795335 -0.331371 0.133863 -0.333713 0.188794 -0.337209 
4.262 -0.0960416 -0.289426 -0.0376503 -0.28876 0.0158075 -0.288 0.0683738 -0.288968 0.123017 -0.291713 0.177931 -0.294623 0.233724 -0.29861 
4.035 -0.178222 -0.0387755 -0.118484 -0.0389212 -0.0646545 -0.0382801 -0.0122933 -0.0384808 0.041578 -0.0395956 0.0951921 -0.0401887 0.149281 -0.0411263 
4.184 -0.14535 -0.292165 -0.0863956 -0.290549 -0.0326664 -0.288925 0.019833 -0.289043 0.0740688 -0.290908 0.128274 -0.29297 0.183088 -0.29609 
4.207 -0.139186 -0.372976 -0.0803634 -0.371026 -0.0266225 -0.369165 0.0259187 -0.369303 0.080238 -0.371502 0.134565 -0.374032 0.189562 -0.377944 
4.184 -0.146035 -0.309286 -0.087026 -0.307523 -0.0332905 -0.305807 0.0192361 -0.305918 0.0734501 -0.307782 0.127686 -0.30992 0.182456 -0.313172 
4.254 -0.10426 -0.345583 -0.0457856 -0.344548 0.00771282 -0.343533 0.0603515 -0.344449 0.114894 -0.347246 0.169762 -0.350436 0.225409 -0.354798 
0.893 -0.352171 0.350212 -0.285457 0.341703 -0.226447 0.336106 -0.170217 0.33102 -0.113374 0.326259 -0.0583529 0.323258 -0.00425863 0.321075 
4.234 -0.117956 -0.338734 -0.0593903 -0.337425 -0.0058317 -0.33616 0.0467574 -0.336777 0.101205 -0.339283 0.155844 -0.342115 0.211243 -0.346162 
3.998 -0.2289 -0.141501 -0.167997 -0.139963 -0.113252 -0.138052 -0.0603347 -0.137433 -0.00642709 -0.137968 0.0469995 -0.138371 0.100529 -0.139496 
4.18 -0.150829 -0.38051 -0.0917979 -0.378186 -0.0379539 -0.376059 0.0146329 -0.375983 0.068834 -0.377868 0.123037 -0.380186 0.177807 -0.383829 
3.975 -0.243967 -0.146295 -0.182509 -0.144513 -0.127349 -0.142396 -0.074227 -0.141548 -0.0201285 -0.141904 0.0332112 -0.142171 0.086565 -0.143213 
0.959 -0.254924 0.336516 -0.368916 0.404363 -0.306475 0.395886 -0.247303 0.388136 -0.188174 0.380907 -0.131358 0.375772 -0.0760921 0.371584 
4.18 -0.151513 -0.348322 -0.0924723 -0.346215 -0.0386776 -0.344193 0.0138934 -0.344101 0.0680853 -0.345855 0.12233 -0.348021 0.177067 -0.351352 
0.864 -0.0843994 0.378291 -0.024836 0.374547 0.0293865 0.373375 0.082657 0.372688 0.138081 0.372328 0.19356 0.373892 0.249665 0.376416 
4.246 -0.111108 -0.362704 -0.0525221 -0.361515 0.00102336 -0.360368 0.0536634 -0.361201 0.108098 -0.363982 0.16283 -0.367192 0.218272 -0.371605 
4.133 -0.185755 -0.33531 -0.126082 -0.332499 -0.0719458 -0.329889 -0.0192349 -0.329092 0.0348629 -0.330168 0.0887759 -0.331525 0.142996 -0.334113 
0.861 -0.0255034 0.391303 0.0335442 0.388825 0.0878215 0.388887 0.141445 0.389476 0.197674 0.390292 0.25428 0.393239 0.311833 0.397131 
3.375 -0.258348 0.0755924 -0.195996 0.0738833 -0.140323 0.0735196 -0.0869237 0.0726459 -0.0324952 0.0713973 0.0209541 0.0710384 0.0742268 0.0707765 
4.027 -0.217258 -0.167525 -0.156657 -0.165811 -0.102099 -0.163776 -0.0494118 -0.163114 0.00452325 -0.163798 0.0580121 -0.164349 0.111728 -0.165743 
4.18 -0.153568 -0.333941 -0.0945202 -0.331854 -0.0407245 -0.329884 0.0118262 -0.329773 0.0660342 -0.331453 0.120215 -0.333497 0.174947 -0.336692 
4.109 -0.196713 -0.313395 -0.136732 -0.310601 -0.0824467 -0.307933 -0.029686 -0.307061 0.0244185 -0.308011 0.0782356 -0.309173 0.132259 -0.311527 
4.133 -0.183016 -0.31545 -0.123392 -0.312896 -0.0692839 -0.31042 -0.0166301 -0.309779 0.0374738 -0.310906 0.091392 -0.312305 0.145614 -0.314847 
4.168 -0.159732 -0.317504 -0.100435 -0.315482 -0.0465674 -0.313495 0.00600921 -0.313342 0.0601701 -0.314935 0.114233 -0.316903 0.168752 -0.319935 
4.156 -0.167265 -0.365443 -0.107969 -0.362824 -0.0539877 -0.360407 -0.00134611 -0.359978 0.052781 -0.36149 0.10685 -0.363321 0.161333 -0.36646 
4.152 -0.167265 -0.344898 -0.107945 -0.342415 -0.0540009 -0.340068 -0.00141002 -0.339695 0.0527447 -0.341136 0.106813 -0.342953 0.161282 -0.345957 
4.258 -0.098781 -0.303123 -0.040388 -0.302286 0.0130199 -0.301479 0.0656523 -0.302391 0.120268 -0.305161 0.175192 -0.308141 0.230932 -0.312246 
4.25 -0.113847 -0.388728 -0.055228 -0.387333 -0.00166027 -0.386086 0.0509626 -0.38692 0.105399 -0.389766 0.160088 -0.39305 0.21543 -0.397657 
0.806 -0.313135 0.396781 -0.247587 0.387715 -0.189688 0.38192 -0.134064 0.376681 -0.0777726 0.371906 -0.0230435 0.369111 0.0311835 0.367108 
3.99 -0.243282 -0.173004 -0.181953 -0.170896 -0.126893 -0.168511 -0.073729 -0.167522 -0.0195527 -0.167806 0.0338028 -0.168049 0.0872968 -0.169173 
0.826 -0.16795 0.533064 -0.106581 0.525141 -0.051176 0.520673 0.00272091 0.517046 0.0582276 0.514156 0.113146 0.513617 0.168096 0.514387 
3.312 -0.299438 0.152979 -0.235447 0.149509 -0.178475 0.147855 -0.123959 0.146017 -0.0688684 0.143908 -0.0150423 0.143016 0.0383079 0.142466 
4.141 -0.178222 -0.353801 -0.118624 -0.351107 -0.0645142 -0.348563 -0.0118401 -0.348 0.0422862 -0.349274 0.0962112 -0.350879 0.150535 -0.353741 
0.937 -0.287111 0.346103 -0.222815 0.338928 -0.165476 0.334599 -0.110534 0.330651 -0.0546857 0.326974 -0.000127912 0.325127 0.0538465 0.324097 
4.203 -0.135077 -0.35928 -0.0762848 -0.357432 -0.0225792 -0.355737 0.0299455 -0.355982 0.0842531 -0.358169 0.138657 -0.360719 0.19369 -0.36454 
1.381 0.000520477 0.239269 0.0590234 0.238157 0.113118 0.238987 0.166974 0.239884 0.223648 0.240753 0.281095 0.243027 0.339867 0.245857 
4.125 -0.187125 -0.370237 -0.12743 -0.367125 -0.0732954 -0.364239 -0.020546 -0.363373 0.0335335 -0.364382 0.0874838 -0.365786 0.141694 -0.368489 
4.207 -0.130968 -0.29285 -0.0722335 -0.291539 -0.0186119 -0.290154 0.0338682 -0.290505 0.0882175 -0.292645 0.14263 -0.294967 0.197756 -0.298365 
4.215 -0.130968 -0.391467 -0.0721909 -0.389575 -0.0184685 -0.387931 0.0340873 -0.388337 0.0884386 -0.390755 0.142832 -0.393628 0.197945 -0.397841 
3.445 0.0820162 0.0680592 0.140692 0.0673839 0.195843 0.0679981 0.251371 0.0681379 0.31033 0.0675586 0.370542 0.0679235 0.432841 0.068463 
4.18 -0.150829 -0.364073 -0.0917864 -0.361864 -0.0379953 -0.359792 0.0145675 -0.359718 0.0687834 -0.361559 0.122997 -0.363798 0.17776 -0.367305 
1.394 0.00736885 0.226942 0.0658444 0.225882 0.119968 0.226822 0.173941 0.227698 0.230703 0.228463 0.288317 0.230718 0.347261 0.233427 
0.804 -0.50215 0.372127 -0.428418 0.360762 -0.363747 0.352639 -0.302916 0.345059 -0.242231 0.338093 -0.184341 0.332864 -0.128245 0.328461 
4.156 -0.165895 -0.38051 -0.106569 -0.377859 -0.0525935 -0.37541 3.86993e-05 -0.375028 0.0541772 -0.376609 0.108268 -0.378583 0.162735 -0.38194 
4.105 -0.200137 -0.299699 -0.140103 -0.296987 -0.0858001 -0.294344 -0.0330562 -0.293505 0.0210528 -0.294354 0.0748408 -0.295455 0.128836 -0.297685 
4.145 -0.171374 -0.307917 -0.111992 -0.305623 -0.0580276 -0.303419 -0.00540426 -0.302984 0.0487027 -0.304327 0.102703 -0.305979 0.157083 -0.308736 
4.16 -0.168634 -0.40037 -0.109275 -0.397458 -0.0552928 -0.39488 -0.00265133 -0.394388 0.0514942 -0.395897 0.105558 -0.397819 0.159988 -0.401151 
1.071 -0.341214 0.302958 -0.275402 0.295957 -0.216987 0.291636 -0.161217 0.2876 -0.10491 0.283671 -0.0501021 0.281459 0.00374156 0.279919 
3.912 0.147076 0.0105328 0.20739 0.00943775 0.264413 0.00940464 0.322132 0.0087323 0.383817 0.00712559 0.447563 0.00632985 0.513948 0.0054397 
4.102 -0.201507 -0.33531 -0.141495 -0.332243 -0.0871833 -0.329429 -0.0343667 -0.328417 0.0197348 -0.3293 0.0735664 -0.330439 0.127584 -0.33283 
1.892 0.118997 0.15024 0.178679 0.150452 0.234801 0.152191 0.291381 0.153567 0.351739 0.154588 0.413738 0.156991 0.478122 0.159671 
1.165 -0.322723 0.278989 -0.257813 0.27296 -0.200292 0.269448 -0.145063 0.265979 -0.0891623 0.262692 -0.0347436 0.260936 0.0190056 0.259833 
1.473 -0.225476 0.137228 -0.164022 0.134556 -0.108923 0.133485 -0.0556933 0.132209 -0.00133988 0.130768 0.0522827 0.130367 0.105864 0.130271 
3.947 0.131324 0.0105328 0.191221 0.00941413 0.247711 0.00941158 0.304923 0.00872252 0.365988 0.00717144 0.428918 0.00638833 0.494423 0.00551055 
0.788 -0.299438 0.435132 -0.234357 0.425672 -0.17644 0.419377 -0.121121 0.413978 -0.0647431 0.408935 -0.0099745 0.406075 0.0441892 0.404284 
0.854 -0.069333 0.383085 -0.00994081 0.379528 0.0442891 0.378568 0.0977036 0.378134 0.153336 0.378024 0.208985 0.379908 0.265537 0.382719 
3.434 -0.23027 0.085865 -0.168726 0.0841008 -0.113438 0.0835446 -0.0604522 0.0827721 -0.00612467 0.0815047 0.0474073 0.0811755 0.100863 0.0807745 
2.416 -0.315875 0.219408 -0.251413 0.214791 -0.194091 0.212268 -0.139196 0.209667 -0.0835451 0.207066 -0.0294217 0.205847 0.0240336 0.205265 
1.447 -0.2515 0.285153 -0.188949 0.279966 -0.132983 0.27708 -0.0791179 0.274368 -0.0240211 0.271766 0.029981 0.270805 0.0837838 0.270484 
4.113 -0.199452 -0.40037 -0.13945 -0.396673 -0.0850889 -0.393393 -0.0321954 -0.392235 0.0219021 -0.393042 0.075771 -0.394362 0.129802 -0.396992 
4.133 -0.183016 -0.386673 -0.123356 -0.383559 -0.0692183 -0.380745 -0.0164803 -0.379956 0.0376181 -0.381138 0.0915627 -0.382718 0.145812 -0.385675 
0.943 -0.366553 0.333776 -0.299083 0.325639 -0.239581 0.320286 -0.182992 0.315299 -0.125784 0.310674 -0.0705647 0.307682 -0.0162617 0.305568 
4.109 -0.198082 -0.352431 -0.138062 -0.34927 -0.0838112 -0.346359 -0.0309397 -0.345392 0.0231185 -0.346246 0.0769731 -0.347495 0.131007 -0.349991 
4.133 -0.183701 -0.40037 -0.124008 -0.397099 -0.0698484 -0.394168 -0.0171236 -0.393352 0.0369879 -0.394519 0.0909477 -0.396145 0.145162 -0.39913 
3.975 -0.257663 -0.173689 -0.195985 -0.171421 -0.14057 -0.168892 -0.0872813 -0.167746 -0.032989 -0.167857 0.0204331 -0.167969 0.0737642 -0.168913 
4.191 -0.149459 -0.395576 -0.0904098 -0.393229 -0.0365983 -0.391107 0.015989 -0.391028 0.0702181 -0.393033 0.124448 -0.395441 0.179189 -0.399242 
0.83 -0.299438 0.395412 -0.234527 0.386841 -0.176874 0.381161 -0.12163 0.3762 -0.0655635 0.371658 -0.0108655 0.369038 0.0432657 0.367498 
1.399 -0.0570059 0.0797014 0.00113856 0.0785274 0.054419 0.0786956 0.107143 0.0784373 0.162405 0.077682 0.218351 0.0778808 0.275382 0.0780891 
0.878 -0.159732 0.522107 -0.0984975 0.514483 -0.0432653 0.510494 0.0104802 0.507234 0.0659683 0.504635 0.120833 0.50443 0.175758 0.50545 
4.254 -0.104945 -0.331201 -0.0464653 -0.330219 0.00700345 -0.329265 0.0596301 -0.330141 0.114182 -0.332893 0.169013 -0.335974 0.224693 -0.340255 
1.661 0.0847555 0.123531 0.14359 0.12315 0.198816 0.124301 0.254419 0.125094 0.313449 0.125321 0.373851 0.126777 0.436254 0.128583 
1.658 0.133379 0.169415 0.193297 0.169735 0.249805 0.171662 0.30675 0.17323 0.367569 0.174546 0.430098 0.177226 0.495073 0.180379 
4.109 -0.196713 -0.38051 -0.136724 -0.37705 -0.0824208 -0.373929 -0.0295376 -0.372861 0.0245394 -0.373739 0.0784151 -0.375057 0.132469 -0.377703 
0.854 -0.452157 0.355006 -0.380778 0.344816 -0.318238 0.33777 -0.259107 0.331293 -0.200004 0.325069 -0.143161 0.320764 -0.0879984 0.317143 
0.841 -0.482975 0.3598 -0.410185 0.349117 -0.346354 0.341502 -0.286228 0.334534 -0.226238 0.327903 -0.168821 0.323058 -0.113099 0.319052 
1.087 -0.324777 0.29611 -0.259595 0.289478 -0.20182 0.285434 -0.146381 0.281611 -0.0903321 0.277936 -0.0357261 0.27588 0.0180339 0.274587 
4.223 -0.12549 -0.371607 -0.0667709 -0.369956 -0.0131132 -0.368471 0.0394376 -0.369003 0.0938083 -0.371495 0.148322 -0.37439 0.203503 -0.378599 
1.666 0.0813313 0.105725 0.140103 0.105284 0.195241 0.106086 0.25086 0.106786 0.309816 0.106772 0.370143 0.107838 0.432472 0.109045 
1.38 0.00325983 0.255705 0.0618264 0.254592 0.115984 0.255546 0.169925 0.256582 0.226715 0.257529 0.284255 0.260072 0.343153 0.26324 
3.926 -0.279578 -0.16958 -0.217148 -0.167158 -0.161241 -0.16443 -0.107513 -0.163101 -0.0530853 -0.163023 0.000417274 -0.162958 0.0536378 -0.163665 
0.803 -0.149459 0.531694 -0.088451 0.52443 -0.0333232 0.52056 0.0203988 0.51757 0.075913 0.515172 0.130847 0.51526 0.18591 0.51662 
0.853 -0.466539 0.352267 -0.394474 0.342023 -0.331275 0.334843 -0.271707 0.328242 -0.212088 0.322035 -0.155026 0.317582 -0.0995596 0.313806 
1.603 -0.264512 0.17147 -0.201573 0.168052 -0.145313 0.166448 -0.0914825 0.164646 -0.0364164 0.162886 0.0173904 0.162269 0.0709707 0.162025 
3.98 -0.2289 -0.0867141 -0.167788 -0.0859414 -0.113003 -0.0845625 -0.0602175 -0.0843167 -0.00630721 -0.0850532 0.0470465 -0.0854775 0.100483 -0.0863885 
0.853 -0.409697 0.353636 -0.340422 0.344116 -0.279407 0.337678 -0.221668 0.331741 -0.163572 0.326186 -0.107683 0.322365 -0.0529814 0.319401 
1.17 -0.304917 0.271456 -0.240705 0.265994 -0.183433 0.262621 -0.128584 0.259508 -0.0729063 0.256444 -0.0186179 0.254943 0.0350606 0.254215 
0.828 -0.429558 0.362539 -0.359211 0.352408 -0.297639 0.345423 -0.23916 0.338977 -0.180623 0.332907 -0.124316 0.328683 -0.0694534 0.325278 
1.374 -0.00495822 0.215299 0.053326 0.214137 0.107362 0.214962 0.161055 0.215593 0.217639 0.216265 0.274808 0.218088 0.333413 0.220536 
1.797 0.0655801 0.0735379 0.124036 0.0728307 0.178702 0.073393 0.233665 0.0735378 0.291958 0.0729487 0.351442 0.0733484 0.412735 0.0739375 
0.803 -0.480236 0.374866 -0.407451 0.363733 -0.343719 0.355787 -0.283675 0.348425 -0.223773 0.341486 -0.166375 0.33636 -0.110724 0.332204 
0.816 -0.452842 0.369388 -0.381512 0.358805 -0.318895 0.351372 -0.259744 0.344505 -0.200579 0.338061 -0.14374 0.333412 -0.0885411 0.32964 
0.958 -0.324777 0.337885 -0.259192 0.330314 -0.201052 0.325478 -0.145517 0.32117 -0.0892981 0.317093 -0.0345213 0.314705 0.0193886 0.313189 
0.871 -0.436406 0.347473 -0.365838 0.337732 -0.303818 0.331039 -0.245093 0.324816 -0.186275 0.319073 -0.129827 0.31498 -0.0748738 0.31163 
1.335 -0.0316669 0.115998 0.0262555 0.114805 0.0797286 0.115101 0.132825 0.115134 0.188598 0.114856 0.245115 0.11556 0.302787 0.116319 
2.381 -0.285057 0.163252 -0.22169 0.159713 -0.165303 0.157958 -0.111081 0.156154 -0.056068 0.154116 -0.00228571 0.153364 0.051043 0.152859 
3.926 0.10941 0.00847829 0.168728 0.00739728 0.224696 0.00739586 0.281216 0.00672256 0.341411 0.00516637 0.403319 0.00438899 0.467473 0.00341457 
0.832 -0.0926174 0.393357 -0.0329896 0.38929 0.0212959 0.387882 0.074629 0.386965 0.129948 0.386382 0.185388 0.387838 0.241288 0.390246 
0.982 -0.343953 0.328982 -0.277764 0.321251 -0.219148 0.316317 -0.163214 0.311796 -0.106652 0.307503 -0.0517764 0.304965 0.00227888 0.303191 
3.287 0.140227 0.0660047 0.200434 0.0655134 0.257345 0.0662223 0.314828 0.0664335 0.376121 0.065974 0.439488 0.0664438 0.50544 0.0670723 
0.904 -0.406273 0.339255 -0.33709 0.330282 -0.276306 0.324351 -0.218657 0.31883 -0.16074 0.313592 -0.104757 0.310025 -0.0502608 0.307269 
3.955 -0.235749 -0.0483632 -0.174376 -0.0481603 -0.119624 -0.0471817 -0.0666893 -0.0471102 -0.0126356 -0.0479091 0.0406878 -0.0482169 0.0940496 -0.0489388 
0.862 -0.135762 0.528955 -0.0749792 0.522068 -0.0199492 0.518534 0.0336661 0.515863 0.089157 0.51381 0.144126 0.514207 0.199324 0.51579 
1.54 0.0244898 0.089974 0.0825057 0.0890103 0.136498 0.0896198 0.190556 0.0896645 0.247719 0.0893683 0.305904 0.0897798 0.365556 0.0904479 
3.699 -0.378195 -0.0305575 -0.311923 -0.030113 -0.253098 -0.0288306 -0.197141 -0.0283819 -0.140929 -0.0286876 -0.0865942 -0.0285253 -0.0332318 -0.0287241 
1.444 -0.259718 0.268717 -0.196917 0.263528 -0.140771 0.260645 -0.0866263 0.258086 -0.0314052 0.255566 0.0226062 0.254529 0.0764071 0.254313 
0.881 -0.389152 0.342679 -0.320626 0.33378 -0.260333 0.327792 -0.203027 0.322324 -0.145334 0.317065 -0.0896783 0.313566 -0.0351935 0.31095 
3.873 -0.241227 0.013957 -0.179837 0.0130534 -0.124843 0.0133496 -0.071876 0.0130635 -0.0177609 0.012026 0.0355358 0.0117891 0.088863 0.0115173 
4.242 -0.105629 -0.268881 -0.0471978 -0.268105 0.00622719 -0.267242 0.0587792 -0.26809 0.113299 -0.270728 0.168182 -0.27338 0.223857 -0.277254 
1.416 -0.0131763 0.0797014 0.0446984 0.0786836 0.0982145 0.0790264 0.151432 0.078937 0.207571 0.0783503 0.26431 0.078661 0.322486 0.0790777 
3.936 -0.279578 -0.183276 -0.217164 -0.180647 -0.161219 -0.177721 -0.107513 -0.176261 -0.0530395 -0.176119 0.000514708 -0.176007 0.0537254 -0.176753 
3.023 -0.322038 0.23516 -0.257292 0.230012 -0.199812 0.227131 -0.144875 0.224234 -0.0891756 0.221356 -0.0349829 0.219951 0.0185392 0.219107 
1.668 0.0888645 0.141337 0.147821 0.14121 0.203235 0.142518 0.258991 0.143538 0.318107 0.144034 0.378751 0.145763 0.441364 0.147867 
1.123 -0.344638 0.284468 -0.278964 0.278022 -0.220603 0.274148 -0.165087 0.270357 -0.108483 0.266888 -0.0540027 0.264766 -0.000183798 0.263431 
3.994 -0.23164 -0.122326 -0.17041 -0.121075 -0.115603 -0.119319 -0.0627185 -0.118788 -0.00867722 -0.119407 0.0446734 -0.119858 0.098085 -0.120901 
3.771 -0.361759 -0.12438 -0.296347 -0.12196 -0.238143 -0.119165 -0.182676 -0.117569 -0.126927 -0.116878 -0.0727197 -0.116142 -0.0194597 -0.115979 
4.301 0.164882 -0.0127517 0.225646 -0.0142434 0.283151 -0.0146424 0.299879 0.00723648 0.360935 0.00564431 0.423844 0.00488824 0.489311 0.00399437 
4.223 -0.122065 -0.260663 -0.0634061 -0.259696 -0.00986411 -0.258583 0.0426288 -0.259144 0.0970079 -0.261488 0.151633 -0.263879 0.206863 -0.267297 
1.363 -0.0111218 0.261868 0.0474177 0.260577 0.101602 0.26126 0.15531 0.262088 0.211782 0.262914 0.268908 0.265334 0.327405 0.268334 
4.102 -0.202876 -0.367498 -0.142849 -0.364137 -0.0885032 -0.361018 -0.035629 -0.359946 0.018431 -0.360689 0.0723014 -0.361871 0.126303 -0.364391 
0.902 -0.337105 0.360485 -0.270743 0.352047 -0.212019 0.346594 -0.156025 0.341613 -0.099341 0.336993 -0.0443396 0.334164 0.00983342 0.332246 
3.727 -0.371346 -0.070278 -0.305457 -0.0688844 -0.246848 -0.0669436 -0.191034 -0.065926 -0.134992 -0.0656835 -0.0806842 -0.0653551 -0.0273408 -0.0653052 
0.814 -0.182331 0.533064 -0.120687 0.524968 -0.0651258 0.520244 -0.0111985 0.5164 0.0443566 0.513241 0.0991392 0.512505 0.153897 0.51301 
0.786 -0.31245 0.441981 -0.247015 0.43225 -0.188941 0.425847 -0.13355 0.42019 -0.0771203 0.415031 -0.0223437 0.411994 0.0317607 0.410011 
1.75 0.103931 0.0927133 0.162997 0.0922323 0.218667 0.0931783 0.274834 0.0937404 0.334502 0.0936373 0.395748 0.0945122 0.458989 0.0957015 
4.371 0.0833858 -0.0285029 0.142104 -0.0298643 0.197299 -0.0302064 0.253047 -0.0314527 0.312253 -0.0337273 0.372884 -0.0351973 0.435659 -0.0369898 
2.924 0.152554 0.0851801 0.213037 0.084918 0.270314 0.0859306 0.328228 0.0864238 0.390181 0.0863184 0.454162 0.0873658 0.520938 0.088401 
1.177 -0.29122 0.264608 -0.227529 0.259328 -0.170737 0.256322 -0.116222 0.253406 -0.0608073 0.250604 -0.00668098 0.249304 0.0469782 0.248631 
1.474 0.0368169 0.244062 0.0954714 0.24356 0.149943 0.244799 0.204438 0.246203 0.261895 0.247312 0.320508 0.250185 0.380526 0.253649 
3.934 -0.205616 0.013957 -0.145171 0.0132373 -0.090794 0.0135478 -0.0382327 0.0132535 0.0157033 0.0122142 0.0691545 0.0119059 0.122815 0.0114242 
0.84 -0.498726 0.35843 -0.425155 0.347522 -0.360597 0.339722 -0.299951 0.332477 -0.239403 0.325686 -0.18166 0.320595 -0.125645 0.316421 
4.012 -0.217258 -0.120271 -0.156971 -0.11913 -0.102408 -0.117485 -0.0496083 -0.117081 0.0041458 -0.117786 0.0577492 -0.118302 0.111226 -0.119424 
1.117 -0.310396 0.287892 -0.245955 0.281797 -0.188632 0.278179 -0.133625 0.274784 -0.0778246 0.271438 -0.023343 0.269772 0.0303438 0.268846 
3.359 -0.277524 0.0865498 -0.214656 0.0845494 -0.158638 0.0839995 -0.104777 0.082934 -0.0501308 0.0815743 0.00346402 0.0812708 0.0565996 0.0808679 
3.971 0.027914 0.0153267 0.0859414 0.0143315 0.140068 0.0144311 0.194305 0.0139308 0.251913 0.0125714 0.310665 0.0120105 0.370836 0.0113246 
1.292 -0.277524 0.270086 -0.214335 0.264816 -0.157826 0.261915 -0.103561 0.259053 -0.0482296 0.256397 0.00590388 0.255264 0.0596805 0.254888 
1.63 0.078592 0.162567 0.137416 0.162362 0.192525 0.163782 0.247947 0.164963 0.306676 0.165814 0.366732 0.167948 0.428703 0.170411 
1.639 0.0265443 0.0762772 0.0845798 0.0754706 0.138517 0.0759533 0.192577 0.0759606 0.249647 0.0754377 0.307829 0.0758289 0.36749 0.0761854 
3.824 -0.338474 -0.155198 -0.273985 -0.152324 -0.216416 -0.149298 -0.16144 -0.147366 -0.106078 -0.146672 -0.0521015 -0.14587 0.00105279 -0.145865 
3.717 -0.375455 -0.0545268 -0.309376 -0.0536659 -0.250608 -0.0519435 -0.194748 -0.0512803 -0.138596 -0.0512934 -0.0842333 -0.0510164 -0.0309018 -0.0510847 
0.784 -0.381619 0.400205 -0.313344 0.389756 -0.253065 0.382653 -0.195853 0.376234 -0.138159 0.370125 -0.0824223 0.366136 -0.0278313 0.363138 
4.027 -0.215888 -0.147665 -0.155293 -0.146183 -0.100643 -0.144377 -0.0479267 -0.143826 0.00595913 -0.144511 0.059431 -0.145127 0.113067 -0.146414 
3.734 -0.35628 -0.0401452 -0.290906 -0.03961 -0.232654 -0.0381941 -0.177167 -0.0377599 -0.1214 -0.0379485 -0.0672941 -0.0378298 -0.0140773 -0.0380034 
4.004 -0.205616 -0.0469936 -0.14538 -0.0468745 -0.0910993 -0.0460412 -0.0385623 -0.0460862 0.0151258 -0.0469787 0.0685618 -0.0474687 0.122226 -0.0482732 
1.608 0.0737981 0.179688 0.132627 0.179449 0.187731 0.180905 0.243044 0.182108 0.301709 0.182996 0.361706 0.185296 0.423509 0.187952 
4.387 0.0347624 -0.146295 0.0928686 -0.147916 0.147011 -0.148965 0.201361 -0.151301 0.258753 -0.154829 0.317277 -0.158119 0.377567 -0.162128 
1.415 0.00805369 0.107095 0.0660418 0.10618 0.119858 0.106737 0.173591 0.106929 0.230405 0.106801 0.288165 0.107638 0.347198 0.108616 
1.688 0.101192 0.159143 0.160518 0.159209 0.216281 0.160725 0.272384 0.161993 0.332034 0.162856 0.393262 0.165073 0.456566 0.16767 
0.852 -0.043994 0.389933 0.0152011 0.387023 0.0693786 0.386456 0.12283 0.386523 0.178836 0.386893 0.235023 0.389359 0.292212 0.392726 
1.366 -0.022764 0.0968224 0.0350741 0.0957291 0.0886124 0.096107 0.141788 0.0960877 0.197749 0.0956415 0.254502 0.0961189 0.312396 0.0966939 
4.145 0.123106 -0.00316395 0.18289 -0.00443506 0.239177 -0.00469668 0.296229 -0.00555716 0.357007 -0.00751044 0.41956 -0.00858158 0.4846 -0.00984588 
1.672 0.0943432 0.192015 0.153549 0.192157 0.209051 0.193823 0.264974 0.195491 0.324226 0.19685 0.385087 0.19968 0.447851 0.202861 
3.814 -0.366553 -0.218203 -0.301164 -0.213809 -0.242936 -0.209582 -0.187479 -0.20681 -0.13157 -0.205207 -0.0772258 -0.203816 -0.0237629 -0.203357 
3.986 -0.189864 0.00916313 -0.129899 0.00849752 -0.0759484 0.00873285 -0.0235642 0.00850007 0.0303512 0.00739352 0.0839886 0.00706569 0.137868 0.00643494 
3.818 -0.373401 -0.238063 -0.307815 -0.233293 -0.249463 -0.228682 -0.193864 -0.225688 -0.137914 -0.224013 -0.08354 -0.222434 -0.0299785 -0.221791 
3.984 -0.224791 -0.070278 -0.163934 -0.0697767 -0.109279 -0.0685537 -0.0565878 -0.0683843 -0.00270688 -0.0691568 0.0507377 -0.0695281 0.104135 -0.0704384 
3.797 -0.372031 -0.196973 -0.306444 -0.193029 -0.248083 -0.188913 -0.192431 -0.186377 -0.13645 -0.184931 -0.0820803 -0.183493 -0.028618 -0.183175 
1.218 -0.298754 0.251596 -0.234843 0.24651 -0.177892 0.243651 -0.123236 0.240841 -0.0678304 0.238078 -0.0135653 0.236802 0.0400034 0.236136 
4.199 -0.122065 -0.190809 -0.063453 -0.190221 -0.0100924 -0.189367 0.0422551 -0.189964 0.0965481 -0.192049 0.151121 -0.194093 0.206334 -0.19683 
1.574 0.0696891 0.230366 0.128608 0.230389 0.183857 0.232118 0.239038 0.233894 0.297645 0.235427 0.357422 0.238691 0.419072 0.242377 
3.85 -0.348062 -0.222997 -0.283436 -0.218854 -0.225857 -0.214743 -0.170781 -0.212097 -0.115348 -0.210759 -0.0612037 -0.209625 -0.0078789 -0.209342 
3.855 -0.33505 -0.209985 -0.270835 -0.206134 -0.213466 -0.202282 -0.158652 -0.199857 -0.103303 -0.198672 -0.0493019 -0.197732 0.00397192 -0.197635 
1.387 -0.272045 0.237899 -0.208922 0.233173 -0.152597 0.230647 -0.0984745 0.228157 -0.0433463 0.225682 0.0105756 0.224781 0.0641837 0.224508 
0.8 -0.429558 0.378291 -0.359194 0.367848 -0.2975 0.360684 -0.238963 0.353991 -0.180395 0.34779 -0.123923 0.343321 -0.0690051 0.339856 
1.429 0.000520477 0.0927133 0.0583963 0.0916824 0.112062 0.0921551 0.165675 0.0922976 0.222276 0.0919857 0.2797 0.0927084 0.338519 0.0935369 
1.049 -0.362444 0.307068 -0.295512 0.299735 -0.23641 0.294977 -0.179959 0.290652 -0.12323 0.286348 -0.0681507 0.283685 -0.0140759 0.281837 
1.021 -0.37888 0.310492 -0.311293 0.302825 -0.251618 0.297809 -0.194758 0.293235 -0.137534 0.288816 -0.0822701 0.286014 -0.0279968 0.283908 
1.7 0.08681 0.0913437 0.145653 0.0909034 0.200903 0.0916502 0.256626 0.0921894 0.31575 0.0919661 0.376241 0.0928433 0.43874 0.0938764 
3.729 -0.355595 -0.0243939 -0.290174 -0.0240813 -0.231925 -0.022932 -0.176506 -0.0226221 -0.12075 -0.0229845 -0.066633 -0.0229006 -0.0134588 -0.0231179 
3.863 -0.350116 -0.253815 -0.285477 -0.249063 -0.227909 -0.244575 -0.17286 -0.241593 -0.11742 -0.240082 -0.0632445 -0.238748 -0.00978122 -0.238473 
4.422 0.0450349 -0.177798 0.10332 -0.179728 0.157686 -0.181178 0.212301 -0.183864 0.269973 -0.18802 0.328913 -0.192033 0.38964 -0.19678 
3.738 -0.35628 -0.0545268 -0.290936 -0.0535044 -0.23266 -0.0520094 -0.17721 -0.051286 -0.121512 -0.0513783 -0.0673325 -0.0510768 -0.014125 -0.0512701 
1.247 -0.0878236 0.311861 -0.0286859 0.308901 0.0253852 0.308098 0.0784443 0.307713 0.133785 0.307553 0.189225 0.309075 0.245353 0.311321 
3.785 -0.363813 -0.150404 -0.298411 -0.147589 -0.240229 -0.144411 -0.184699 -0.142412 -0.128856 -0.14145 -0.0746456 -0.140488 -0.0213262 -0.140366 
3.883 -0.221367 0.0125873 -0.160475 0.0119943 -0.105901 0.0122654 -0.0532219 0.0120414 0.000780718 0.0109536 0.054168 0.0107283 0.107647 0.0101859 
0.936 -0.31382 0.346788 -0.248637 0.339192 -0.190776 0.334464 -0.135417 0.330152 -0.0793142 0.326136 -0.0246696 0.323871 0.0292427 0.32244 
3.922 0.0525681 0.0187509 0.110761 0.0177201 0.165302 0.0178323 0.220127 0.0173096 0.278497 0.0159539 0.33798 0.0153573 0.399442 0.0146642 
3.705 -0.363813 -0.00727298 -0.298007 -0.00756173 -0.239504 -0.00661485 -0.183879 -0.00657878 -0.127926 -0.00719164 -0.0737213 -0.00718725 -0.0204724 -0.00767901 
3.826 -0.374086 -0.255869 -0.308516 -0.250601 -0.250173 -0.245704 -0.194636 -0.24236 -0.138706 -0.240424 -0.0842345 -0.238722 -0.0306467 -0.23802 
3.686 0.0813313 0.013957 0.139993 0.0129014 0.195227 0.0129587 0.250972 0.0123052 0.310328 0.0108186 0.370942 0.0101168 0.433848 0.00925534 
3.973 -0.222052 -0.0476784 -0.160825 -0.0474676 -0.106174 -0.0465818 -0.0535894 -0.046548 0.000380617 -0.0473652 0.0536552 -0.0478012 0.107194 -0.048562 
4.41 0.0299685 -0.196288 0.0882259 -0.197977 0.142299 -0.199316 0.196651 -0.202019 0.253925 -0.206336 0.312376 -0.210384 0.372531 -0.215294 
2.943 0.13064 0.122161 0.190794 0.122213 0.247625 0.123719 0.304841 0.124793 0.366067 0.125388 0.429044 0.127205 0.494495 0.129322 
3.975 -0.221367 -0.0319271 -0.160583 -0.0319861 -0.105922 -0.031139 -0.0532813 -0.0312219 0.000629572 -0.0321122 0.0539804 -0.0324649 0.107535 -0.033185 
3.682 -0.378195 -0.00384879 -0.311913 -0.00403977 -0.25306 -0.00320312 -0.197023 -0.00314623 -0.140795 -0.00369079 -0.0863827 -0.00363804 -0.0330451 -0.00405473 
0.788 -0.448048 0.383085 -0.376677 0.372224 -0.314109 0.364633 -0.255016 0.357565 -0.195847 0.35106 -0.139038 0.346399 -0.0838718 0.342517 
3.449 -0.211094 0.035187 -0.150709 0.0341565 -0.0963457 0.0343457 -0.0437708 0.0337725 0.0101509 0.032767 0.0636463 0.0323926 0.117326 0.0321673 
4.363 0.0327078 -0.10589 0.0907423 -0.107448 0.144878 -0.108218 0.199254 -0.110112 0.256713 -0.113283 0.315293 -0.116007 0.375618 -0.119295 
1.403 0.0114779 0.271456 0.070152 0.270493 0.124347 0.271328 0.178477 0.272457 0.235405 0.273626 0.293251 0.276473 0.352387 0.279942 
4.211 0.0950281 0.00984797 0.15411 0.0087071 0.209865 0.00869824 0.265946 0.00802147 0.325604 0.00646462 0.386854 0.00570057 0.450514 0.00468614 
3.865 -0.343268 -0.240118 -0.278825 -0.235723 -0.221318 -0.231395 -0.16635 -0.228616 -0.110851 -0.227202 -0.056767 -0.225926 -0.00341069 -0.225714 
4.352 0.0217504 -0.114108 0.0796414 -0.115586 0.133592 -0.116223 0.187705 -0.118057 0.244829 -0.121107 0.303019 -0.123774 0.36284 -0.126928 
1.743 0.114204 0.21393 0.173992 0.214216 0.2301 0.216627 0.286553 0.218362 0.346842 0.220533 0.408728 0.223794 0.472783 0.227776 
1.238 -0.0665936 0.311177 -0.0076098 0.308593 0.0463764 0.30817 0.0996474 0.308161 0.155249 0.308313 0.211018 0.310226 0.26776 0.312813 
1.735 0.118997 0.233105 0.178756 0.233777 0.234939 0.236212 0.29161 0.238484 0.351834 0.240698 0.413903 0.244681 0.478037 0.24928 
1.749 0.116258 0.181742 0.175824 0.181989 0.231845 0.183782 0.288341 0.185436 0.348477 0.18683 0.410268 0.189615 0.474284 0.19287 
0.802 -0.325462 0.389933 -0.259544 0.380823 -0.201068 0.375029 -0.145121 0.36969 -0.0886027 0.364767 -0.03363 0.361739 0.020494 0.359618 
4.016 -0.168634 0.0105328 -0.109181 0.00975074 -0.0554985 0.0100045 -0.00328638 0.00966689 0.0506861 0.0085983 0.104568 0.00826562 0.158822 0.0077239 
3.965 0.0669497 0.0125873 0.125472 0.0115469 0.18036 0.0116154 0.235645 0.0110199 0.294317 0.00957092 0.354245 0.00887977 0.416177 0.00810068 
4.012 -0.191234 -0.0312423 -0.1315 -0.031375 -0.077411 -0.0307044 -0.0249664 -0.0308474 0.0287139 -0.0317969 0.0822725 -0.0322996 0.135982 -0.0330972 
1.453 -0.226846 0.254335 -0.165123 0.249951 -0.109673 0.247857 -0.0561904 0.245801 -0.00139029 0.243821 0.0525065 0.243474 0.106494 0.243682 
0.81 -0.409012 0.374866 -0.339637 0.364816 -0.278624 0.357942 -0.220723 0.351592 -0.162615 0.345768 -0.10652 0.341687 -0.0517476 0.338407 
4.379 0.0580468 -0.0654842 0.116356 -0.0669269 0.170982 -0.0674696 0.226006 -0.0690969 0.28435 -0.0717873 0.343996 -0.0738499 0.405557 -0.0762901 
4.023 -0.174798 -0.0134365 -0.115052 -0.0138348 -0.0612765 -0.0133934 -0.0088894 -0.0136935 0.0449657 -0.0147958 0.0986339 -0.0152409 0.152693 -0.0160286 
0.816 -0.466539 0.370073 -0.394523 0.359221 -0.331415 0.351522 -0.271871 0.344417 -0.212355 0.337736 -0.155308 0.332855 -0.0998161 0.328892 
1.41 -0.27273 0.251596 -0.209562 0.246764 -0.153179 0.244035 -0.0990499 0.241278 -0.0438265 0.238731 0.0101067 0.237593 0.0637639 0.237039 
0.793 -0.394631 0.389933 -0.325829 0.37957 -0.265289 0.372496 -0.207775 0.366068 -0.149739 0.360029 -0.0940744 0.35597 -0.0393011 0.352659 
4.363 0.0196959 -0.141501 0.0776767 -0.142973 0.131653 -0.143628 0.185754 -0.145914 0.24281 -0.149303 0.300996 -0.152493 0.360784 -0.156353 
1.407 -0.258348 0.237899 -0.195755 0.233438 -0.139834 0.231101 -0.0858247 0.228849 -0.0308611 0.226642 0.0229889 0.226017 0.0766474 0.225931 
4.355 -0.00153404 -0.192179 0.0563314 -0.193512 0.110043 -0.194473 0.163654 -0.196612 0.219921 -0.200277 0.277212 -0.203886 0.335928 -0.208171 
3.869 -0.348747 -0.27162 -0.284125 -0.266383 -0.226453 -0.261579 -0.171373 -0.258308 -0.115875 -0.25657 -0.0616435 -0.2552 -0.0081768 -0.254765 
0.775 -0.404219 0.405684 -0.334946 0.394564 -0.273903 0.386977 -0.216043 0.380074 -0.157734 0.37368 -0.1018 0.369175 -0.0469759 0.365661 
1.667 0.0950281 0.225572 0.154355 0.225815 0.20993 0.22774 0.265823 0.229624 0.325165 0.231315 0.385974 0.234702 0.448718 0.238585 
0.77 -0.302178 0.454992 -0.237003 0.445055 -0.17908 0.438539 -0.123554 0.43282 -0.0672743 0.427633 -0.012499 0.42451 0.0417014 0.422565 
1.482 0.0402411 0.309807 0.0991099 0.309307 0.153812 0.310878 0.208373 0.312702 0.26592 0.314515 0.324453 0.318231 0.384427 0.32262 
3.994 -0.223421 -0.105205 -0.162682 -0.104152 -0.108009 -0.102644 -0.0553491 -0.102225 -0.00147431 -0.102904 0.0519261 -0.10341 0.105618 -0.104411 
0.831 -0.0172853 0.402945 0.0417391 0.40045 0.0960695 0.400344 0.149859 0.400983 0.2063 0.402 0.263075 0.404978 0.321023 0.408984 
4.07 -0.183701 -0.12712 -0.123844 -0.126212 -0.0699171 -0.124913 -0.0174576 -0.124817 0.036474 -0.125953 0.0901059 -0.126863 0.144129 -0.1284 
1.329 -0.0433091 0.10641 0.0146837 0.1051 0.068007 0.105335 0.120858 0.105325 0.176311 0.104886 0.232446 0.105321 0.289725 0.106006 
1.579 0.0690042 0.21256 0.127835 0.212363 0.182958 0.214067 0.238168 0.215571 0.296721 0.216845 0.356418 0.219644 0.418125 0.222993 
0.967 -0.405588 0.324188 -0.337154 0.315606 -0.276973 0.309844 -0.219825 0.304504 -0.162138 0.299434 -0.106466 0.296086 -0.0520761 0.293481 
1.452 0.0258595 0.215299 0.0843605 0.214565 0.138735 0.21554 0.192982 0.216738 0.250336 0.217695 0.308491 0.219952 0.368265 0.222741 
3.643 -0.369292 0.013957 -0.30323 0.0134539 -0.244733 0.0138354 -0.188973 0.0136544 -0.132906 0.0128236 -0.0787281 0.0125467 -0.025499 0.0122515 
0.785 -0.505575 0.385824 -0.432564 0.374326 -0.368631 0.365993 -0.307827 0.358141 -0.247118 0.350672 -0.189366 0.345166 -0.133155 0.340485 
1.618 0.0765375 0.199548 0.135443 0.199379 0.190638 0.200864 0.245892 0.202382 0.304617 0.203328 0.364585 0.205994 0.426504 0.20883 
0.786 -0.463799 0.385824 -0.392231 0.374811 -0.329247 0.366972 -0.269681 0.359738 -0.210124 0.352991 -0.15312 0.348051 -0.0978277 0.3441 
3.426 0.0957129 0.0680592 0.154719 0.0674512 0.210048 0.0681514 0.265983 0.0682958 0.325317 0.0677874 0.38635 0.0682016 0.449397 0.0687175 
0.716 -0.0316669 0.483756 0.0277367 0.480148 0.0822095 0.479053 0.135931 0.479119 0.187715 0.477524 0.243978 0.480681 0.3013 0.484501 
0.826 -0.0412546 0.404314 0.0179167 0.401184 0.0722033 0.400809 0.125765 0.400776 0.181752 0.401259 0.237942 0.403753 0.295133 0.407283 
0.756 -0.505575 0.407739 -0.432155 0.395027 -0.367531 0.385733 -0.306425 0.377229 -0.245752 0.369054 -0.187585 0.363043 -0.13131 0.35793 
3.342 0.0457198 0.039296 0.103931 0.0383815 0.158437 0.0387939 0.213293 0.0384699 0.271339 0.0375895 0.330692 0.0374606 0.39165 0.0373254 
1.433 0.0224353 0.234475 0.0809986 0.233695 0.135279 0.234605 0.189678 0.235898 0.247066 0.237043 0.305262 0.239647 0.365048 0.242843 
4.406 0.0916039 -0.0394603 0.150458 -0.0409706 0.20585 -0.0416324 0.261807 -0.0429491 0.321267 -0.0452165 0.382226 -0.0470258 0.445384 -0.0489214 
3.525 0.0874949 0.035187 0.146273 0.0342055 0.201742 0.0343758 0.257554 0.0342064 0.317008 0.0330133 0.377866 0.0328925 0.440743 0.0328275 
3.934 -0.291905 -0.220257 -0.229195 -0.216862 -0.172961 -0.213272 -0.119104 -0.211379 -0.0644151 -0.210738 -0.0107449 -0.210239 0.0425397 -0.210753 
0.747 -0.507629 0.421435 -0.433304 0.408311 -0.368026 0.398798 -0.306652 0.389825 -0.245485 0.381422 -0.187133 0.375074 -0.1307 0.369703 
1.414 -0.261088 0.224202 -0.198275 0.219999 -0.14223 0.217932 -0.0882782 0.215716 -0.0333355 0.213581 0.020458 0.212882 0.074022 0.21273 
4.02 -0.229585 -0.173689 -0.168604 -0.171746 -0.113826 -0.169456 -0.0609132 -0.168627 -0.00685428 -0.16911 0.0466181 -0.169482 0.100137 -0.170721 
3.691 -0.350116 0.0160115 -0.284885 0.0154105 -0.22671 0.0157647 -0.171586 0.0155695 -0.116104 0.0146968 -0.0618708 0.0144139 -0.00902896 0.0141101 
1.762 0.118313 0.163936 0.177996 0.164176 0.233959 0.165808 0.290547 0.167165 0.350698 0.168183 0.412621 0.170531 0.476734 0.173287 
3.914 -0.309711 -0.260663 -0.246501 -0.256412 -0.189957 -0.252364 -0.135641 -0.249909 -0.0807738 -0.248805 -0.0270146 -0.248061 0.0263472 -0.248338 
1.691 0.101192 0.118737 0.160375 0.118566 0.216139 0.119861 0.272207 0.120588 0.331737 0.120603 0.392864 0.122056 0.45614 0.123763 
3.428 0.0607862 0.0365566 0.119245 0.0355746 0.173922 0.0359606 0.229007 0.0356099 0.287412 0.0345983 0.347197 0.034515 0.408772 0.0342066 
3.951 -0.239173 -0.0627448 -0.177988 -0.062233 -0.123047 -0.0609677 -0.0702706 -0.0607847 -0.0159863 -0.0614537 0.0370286 -0.0617606 0.0902549 -0.0624741 
