0.783 -0.0261882 0.433078 0.0329249 0.430279 0.0873999 0.4301 0.141018 0.430463 0.197246 0.431168 0.253692 0.434119 0.311134 0.438102 
4.23 -0.118641 -0.299699 -0.060113 -0.298561 -0.00650734 -0.297328 0.0459799 -0.297918 0.100432 -0.300271 0.155056 -0.30284 0.210445 -0.306488 
4.051 -0.200137 -0.14698 -0.140055 -0.145714 -0.0856642 -0.144014 -0.033242 -0.143663 0.0206334 -0.144515 0.0741658 -0.14527 0.128064 -0.14677 
4.211 -0.131653 -0.309971 -0.0729393 -0.308573 -0.0192067 -0.3071 0.033242 -0.307439 0.0876078 -0.309593 0.142 -0.311933 0.197106 -0.315475 
1.467 -0.224106 0.187906 -0.16253 0.184367 -0.107242 0.182836 -0.0540507 0.181252 0.000520895 0.179527 0.0542633 0.179177 0.108054 0.17923 
4.066 -0.177537 -0.0990412 -0.117876 -0.0985542 -0.0639247 -0.0974658 -0.0116254 -0.0974928 0.0422228 -0.0986718 0.0958702 -0.09953 0.149941 -0.100954 
4.344 -0.0063279 -0.157937 0.0514157 -0.159038 0.105145 -0.159614 0.158568 -0.161514 0.214944 -0.164813 0.272175 -0.167829 0.330963 -0.171502 
4.035 -0.178222 -0.0387755 -0.118545 -0.0389578 -0.064595 -0.0383033 -0.012301 -0.0385021 0.0415513 -0.0396035 0.0951783 -0.0402142 0.149251 -0.0411237 
4.152 -0.167265 -0.31545 -0.107986 -0.313227 -0.0540021 -0.311041 -0.00144057 -0.310685 0.0527247 -0.312095 0.106728 -0.313783 0.161207 -0.316615 
4.25 -0.107684 -0.31545 -0.0492256 -0.314513 0.00438452 -0.313552 0.0569166 -0.314375 0.111447 -0.317085 0.166204 -0.319994 0.221724 -0.32412 
4.184 -0.146035 -0.309286 -0.0870687 -0.307543 -0.033252 -0.305817 0.0192324 -0.305919 0.0734917 -0.30779 0.127681 -0.309906 0.182457 -0.313174 
4.18 -0.14535 -0.292165 -0.0864377 -0.290564 -0.0325994 -0.288927 0.0198421 -0.289042 0.0740698 -0.290911 0.128273 -0.292947 0.183086 -0.296101 
4.195 -0.139871 -0.332571 -0.0810388 -0.330851 -0.0272107 -0.329135 0.0252682 -0.32936 0.0795556 -0.331389 0.133851 -0.333719 0.188786 -0.337225 
1.245 0.21556 0.195439 0.277431 0.196544 0.33615 0.199291 0.395907 0.201875 0.460247 0.204251 0.526609 0.208134 0.595523 0.212479 
1.359 0.188851 0.166676 0.250149 0.167449 0.308117 0.169722 0.366896 0.171805 0.429856 0.173351 0.495201 0.176194 0.562888 0.179898 
4.129 -0.184386 -0.300384 -0.1248 -0.297924 -0.0706001 -0.295478 -0.0180158 -0.294875 0.0361173 -0.295929 0.0899649 -0.297254 0.144215 -0.299708 
4.234 -0.117956 -0.338734 -0.0594282 -0.337436 -0.00576261 -0.336158 0.0467488 -0.336774 0.101226 -0.339285 0.155837 -0.342097 0.211235 -0.346161 
0.927 -0.352171 0.350212 -0.285536 0.341635 -0.226416 0.336094 -0.17022 0.331007 -0.113337 0.326255 -0.0583435 0.32322 -0.004284 0.321044 
3.373 -0.258348 0.0755924 -0.19608 0.0738614 -0.140254 0.073545 -0.0869121 0.0726788 -0.0324481 0.0714293 0.0209685 0.0710568 0.0742408 0.0708046 
4 -0.2289 -0.141501 -0.168071 -0.139974 -0.113228 -0.138056 -0.0603792 -0.137419 -0.00642575 -0.137975 0.0469681 -0.138356 0.100483 -0.139502 
4.168 -0.159047 -0.303808 -0.0998359 -0.301887 -0.0459127 -0.299971 0.00661764 -0.299838 0.0607737 -0.30142 0.114832 -0.303338 0.169393 -0.30634 
4.18 -0.153568 -0.333941 -0.0945569 -0.331888 -0.0406499 -0.329883 0.011824 -0.329772 0.0660445 -0.331447 0.120208 -0.333488 0.174945 -0.336687 
4.266 -0.0974113 -0.289426 -0.0390744 -0.288763 0.0144968 -0.287967 0.0670211 -0.288923 0.12166 -0.291659 0.176546 -0.294535 0.232347 -0.298532 
4.129 -0.185755 -0.33531 -0.126115 -0.332536 -0.0718803 -0.329897 -0.0192341 -0.329108 0.0348856 -0.330172 0.0887803 -0.331511 0.142992 -0.33412 
4.211 -0.130968 -0.344213 -0.072222 -0.342623 -0.0184637 -0.341098 0.0340172 -0.341467 0.0883703 -0.343781 0.14278 -0.346369 0.197866 -0.350214 
4.262 -0.0994658 -0.340104 -0.0410675 -0.339187 0.0125103 -0.338211 0.0650933 -0.339189 0.119697 -0.342008 0.174558 -0.345208 0.23027 -0.349635 
1.851 -0.324093 0.248856 -0.25947 0.243573 -0.201851 0.24066 -0.146814 0.237715 -0.0909732 0.234803 -0.0366032 0.233293 0.0169979 0.232559 
4.176 -0.151513 -0.348322 -0.0925126 -0.346225 -0.0386196 -0.344212 0.0138785 -0.344114 0.0681155 -0.345869 0.12232 -0.348002 0.177055 -0.351349 
4.227 -0.0802904 -0.142186 -0.022232 -0.142418 0.0310938 -0.142096 0.0835151 -0.143122 0.13834 -0.145425 0.193531 -0.147489 0.249874 -0.150199 
3.975 -0.243967 -0.146295 -0.182572 -0.144537 -0.127295 -0.142409 -0.074231 -0.141543 -0.0201228 -0.141917 0.0332073 -0.142162 0.0865673 -0.143222 
4.246 -0.110423 -0.352431 -0.051916 -0.35129 0.0017166 -0.350189 0.0542761 -0.351083 0.108784 -0.353857 0.163491 -0.356983 0.218933 -0.361421 
4.18 -0.150829 -0.38051 -0.0918354 -0.37821 -0.0379314 -0.376066 0.0146111 -0.375989 0.0688448 -0.377887 0.123019 -0.38018 0.177801 -0.383842 
4.281 -0.0542665 -0.163416 0.00349407 -0.163928 0.0569018 -0.163931 0.10968 -0.165296 0.164958 -0.168086 0.220935 -0.170648 0.278052 -0.173878 
0.862 -0.0255034 0.391303 0.0334792 0.388806 0.0878843 0.388877 0.141483 0.389483 0.197706 0.390296 0.254265 0.393188 0.311875 0.397103 
4.031 -0.217258 -0.167525 -0.156708 -0.165858 -0.102064 -0.163803 -0.0494449 -0.163143 0.00449412 -0.163813 0.0579718 -0.164357 0.111703 -0.165761 
4.246 -0.113163 -0.371607 -0.0546003 -0.370324 -0.000917164 -0.36911 0.0516393 -0.369952 0.10612 -0.372733 0.160735 -0.375972 0.216144 -0.380472 
4.152 -0.168634 -0.350377 -0.109335 -0.347866 -0.0552987 -0.345465 -0.00272736 -0.345046 0.0514607 -0.346463 0.105488 -0.348189 0.159967 -0.351191 
4.129 -0.183016 -0.31545 -0.123421 -0.312907 -0.0692337 -0.310417 -0.0166087 -0.309783 0.0375354 -0.310901 0.0914104 -0.31229 0.145635 -0.31485 
4.211 -0.133708 -0.361334 -0.0749593 -0.35956 -0.0211944 -0.357906 0.0313304 -0.358191 0.085663 -0.360422 0.140059 -0.363024 0.19512 -0.366945 
4.25 -0.113847 -0.388728 -0.0552821 -0.387359 -0.00163373 -0.386119 0.0509518 -0.386934 0.105426 -0.389766 0.160056 -0.393033 0.215424 -0.397677 
4.148 -0.172059 -0.370237 -0.112772 -0.367503 -0.0587321 -0.364966 -0.00609495 -0.364426 0.0480453 -0.365785 0.102097 -0.367445 0.156496 -0.370521 
0.952 -0.293275 0.341994 -0.228802 0.334757 -0.171335 0.330397 -0.116402 0.326431 -0.060528 0.322681 -0.00600701 0.320786 0.0479414 0.319701 
0.862 -0.0843994 0.378291 -0.0248724 0.374517 0.0294249 0.373357 0.0826395 0.372648 0.138113 0.372317 0.193573 0.373878 0.249592 0.376404 
4.258 -0.098781 -0.303123 -0.0404535 -0.30232 0.0130775 -0.301492 0.0656433 -0.3024 0.120269 -0.305166 0.175157 -0.30812 0.230914 -0.312253 
4.207 -0.130968 -0.29285 -0.0722819 -0.291564 -0.0185654 -0.290154 0.0338549 -0.290521 0.0882426 -0.292658 0.14262 -0.29495 0.197746 -0.298363 
4.133 -0.181646 -0.381194 -0.122029 -0.378147 -0.0678156 -0.375353 -0.0151028 -0.374636 0.0390134 -0.375863 0.0929547 -0.377461 0.147181 -0.380485 
4.105 -0.196713 -0.313395 -0.136794 -0.310623 -0.0823964 -0.30794 -0.0296785 -0.307075 0.0244315 -0.308023 0.0782259 -0.309159 0.132256 -0.311527 
3.994 -0.243282 -0.173004 -0.181967 -0.170914 -0.126845 -0.168519 -0.0737129 -0.16753 -0.0195361 -0.167818 0.0338143 -0.168038 0.087289 -0.169169 
1.391 0.00736885 0.226942 0.0658003 0.225858 0.12 0.226808 0.173907 0.227724 0.23071 0.228451 0.288272 0.23071 0.347243 0.233417 
0.809 -0.311081 0.396781 -0.24568 0.387761 -0.187584 0.381956 -0.132139 0.376817 -0.0758409 0.372065 -0.0211603 0.369275 0.0329927 0.367383 
4.188 -0.148089 -0.364758 -0.0890881 -0.362684 -0.0352121 -0.360706 0.0172874 -0.360728 0.0715365 -0.362702 0.125737 -0.365025 0.180509 -0.368635 
4.102 -0.129599 -0.0360362 -0.0711343 -0.036449 -0.0177237 -0.0360219 0.0343777 -0.0363908 0.0886019 -0.0376957 0.142962 -0.0384441 0.198234 -0.0394991 
4.215 -0.132338 -0.3764 -0.0735694 -0.374619 -0.0197821 -0.372937 0.0327261 -0.373276 0.0870942 -0.375639 0.14144 -0.378332 0.196513 -0.382426 
4.16 -0.168634 -0.40037 -0.109332 -0.397488 -0.0552917 -0.394874 -0.00266266 -0.394381 0.0514963 -0.395885 0.105547 -0.397788 0.159971 -0.401137 
4.105 -0.200137 -0.299699 -0.140156 -0.297033 -0.085745 -0.29437 -0.0330429 -0.293515 0.0210685 -0.294376 0.074845 -0.295453 0.128845 -0.297702 
4.215 -0.130968 -0.391467 -0.072219 -0.389608 -0.0184262 -0.387946 0.0340708 -0.388348 0.0884593 -0.390778 0.14282 -0.393612 0.197947 -0.397866 
4.27 -0.100151 -0.389412 -0.041746 -0.388296 0.0118934 -0.387227 0.0644688 -0.388244 0.119044 -0.39132 0.173896 -0.394746 0.229573 -0.39962 
1.904 -0.263827 0.194754 -0.201235 0.190952 -0.145128 0.189192 -0.0914401 0.187205 -0.0365561 0.185385 0.0171654 0.184651 0.0707115 0.184507 
4.102 -0.201507 -0.33531 -0.141549 -0.332257 -0.0871052 -0.329422 -0.0343862 -0.328421 0.0197585 -0.329293 0.0735494 -0.330422 0.127575 -0.33282 
4.152 -0.16795 -0.333256 -0.108695 -0.330899 -0.054683 -0.328612 -0.00209327 -0.328172 0.0520584 -0.329581 0.106109 -0.331311 0.160568 -0.334212 
0.816 -0.504205 0.370073 -0.430473 0.358771 -0.36563 0.350689 -0.304863 0.34314 -0.244096 0.336183 -0.186178 0.330872 -0.130036 0.326521 
1.175 -0.322723 0.278989 -0.257891 0.272913 -0.200275 0.269457 -0.145109 0.266 -0.0891806 0.262706 -0.0347627 0.260932 0.0189679 0.259852 
1.451 -0.2515 0.285153 -0.189041 0.279927 -0.132946 0.277073 -0.0791186 0.274358 -0.0240043 0.271735 0.0299543 0.270797 0.0837734 0.270482 
4.184 -0.151513 -0.398315 -0.0925012 -0.395898 -0.0386085 -0.393694 0.0139151 -0.393549 0.068152 -0.395476 0.122337 -0.397812 0.177074 -0.401547 
4.109 -0.198082 -0.352431 -0.138126 -0.349307 -0.0837496 -0.346376 -0.0309502 -0.345408 0.0231327 -0.346279 0.0769584 -0.347491 0.130998 -0.349999 
4.125 -0.18644 -0.364073 -0.126782 -0.361002 -0.072574 -0.358146 -0.0198698 -0.357293 0.0342363 -0.358318 0.0881555 -0.359719 0.142391 -0.362429 
1.472 -0.225476 0.137228 -0.16406 0.134495 -0.108842 0.133441 -0.0556966 0.132173 -0.00129729 0.130754 0.0522959 0.130317 0.10587 0.130242 
1.076 -0.332311 0.303643 -0.266655 0.296747 -0.208302 0.292497 -0.152719 0.288557 -0.0964385 0.284732 -0.041743 0.282512 0.012106 0.281129 
3.449 0.10941 0.0680592 0.168666 0.0676874 0.224499 0.0681808 0.280752 0.0683604 0.340638 0.0679099 0.401997 0.0682515 0.465704 0.0689905 
4.109 -0.200137 -0.367498 -0.140153 -0.364189 -0.0857159 -0.361103 -0.0329066 -0.360088 0.021175 -0.360891 0.0750213 -0.362117 0.129053 -0.364677 
0.851 -0.069333 0.383085 -0.00992104 0.379521 0.0444234 0.378568 0.0977455 0.378137 0.153438 0.378059 0.209085 0.37993 0.265553 0.382731 
0.79 -0.299438 0.435817 -0.234481 0.426286 -0.176399 0.419978 -0.12116 0.414597 -0.0647841 0.409559 -0.00999682 0.406703 0.0441526 0.404928 
4.156 -0.165895 -0.384619 -0.106605 -0.381981 -0.0525577 -0.379533 4.27957e-05 -0.379129 0.0542205 -0.380729 0.108268 -0.382675 0.16276 -0.386076 
4.066 -0.187125 -0.142186 -0.127221 -0.1411 -0.0730985 -0.139554 -0.0207565 -0.139333 0.0331275 -0.140388 0.0867655 -0.141292 0.140715 -0.142893 
4.133 -0.183701 -0.40037 -0.124078 -0.397152 -0.0698006 -0.394178 -0.0171212 -0.393372 0.0370275 -0.394536 0.0909481 -0.396132 0.145182 -0.399144 
3.977 -0.257663 -0.173689 -0.196031 -0.171458 -0.140479 -0.168905 -0.0872807 -0.167761 -0.0329549 -0.167868 0.0204535 -0.167962 0.0737643 -0.168917 
2.131 -0.315875 0.219408 -0.251454 0.214776 -0.194043 0.212254 -0.139206 0.209676 -0.0835262 0.20705 -0.0294449 0.205855 0.0240232 0.205273 
1.299 0.206657 0.180373 0.268294 0.18141 0.326801 0.183962 0.38612 0.18631 0.449978 0.188413 0.515991 0.191821 0.584422 0.19578 
0.915 -0.140556 0.528955 -0.0798397 0.521924 -0.0246551 0.518315 0.0289003 0.515502 0.0844233 0.513411 0.139354 0.5136 0.194535 0.515092 
0.895 -0.159732 0.522107 -0.0985471 0.514445 -0.0431886 0.510476 0.010472 0.507263 0.0660054 0.504629 0.120846 0.504403 0.175767 0.505453 
4.113 -0.199452 -0.40037 -0.139477 -0.396699 -0.0850014 -0.393413 -0.0321865 -0.39224 0.0219416 -0.393062 0.0757806 -0.394317 0.129817 -0.397008 
1.651 0.133379 0.169415 0.193232 0.169732 0.249879 0.171674 0.306797 0.173268 0.367653 0.174571 0.430153 0.177238 0.495069 0.180388 
0.873 -0.427503 0.350212 -0.357434 0.340541 -0.295766 0.33402 -0.237423 0.327927 -0.178934 0.322276 -0.12262 0.318243 -0.0677773 0.31514 
0.854 -0.466539 0.352267 -0.394539 0.341981 -0.331266 0.334862 -0.271742 0.328265 -0.212109 0.322046 -0.155008 0.317575 -0.0995875 0.313809 
0.842 -0.482975 0.3598 -0.410234 0.349095 -0.3463 0.341492 -0.286238 0.334531 -0.22618 0.327919 -0.168809 0.323019 -0.113097 0.319045 
0.965 -0.324777 0.337885 -0.259299 0.330293 -0.201004 0.325475 -0.145551 0.321183 -0.0892519 0.317086 -0.0345119 0.314691 0.0193617 0.313191 
0.975 -0.366553 0.333776 -0.299216 0.325518 -0.239571 0.320218 -0.183089 0.315211 -0.12591 0.310531 -0.0705843 0.307612 -0.0163487 0.305462 
0.854 -0.452157 0.355006 -0.380839 0.344767 -0.318189 0.337732 -0.259117 0.331287 -0.200007 0.325069 -0.143163 0.320698 -0.088039 0.317123 
1.019 -0.435036 0.322819 -0.365394 0.31431 -0.303887 0.308585 -0.245891 0.303342 -0.187475 0.298199 -0.131277 0.294713 -0.0765243 0.291991 
1.71 0.0135324 0.0701137 0.0714036 0.0694604 0.125245 0.0698347 0.179002 0.0698083 0.235829 0.0692298 0.293581 0.0695514 0.352878 0.0698242 
4.266 -0.098781 -0.374346 -0.0403654 -0.3733 0.0132416 -0.372267 0.0657921 -0.373308 0.1204 -0.376286 0.17525 -0.379705 0.230937 -0.384412 
0.847 -0.554198 0.420066 -0.478693 0.406997 -0.41214 0.397196 -0.349671 0.387956 -0.287363 0.379286 -0.228247 0.372493 -0.171099 0.366866 
3.979 -0.2289 -0.0867141 -0.167918 -0.0859606 -0.11296 -0.084583 -0.0602375 -0.0843293 -0.00629354 -0.0850495 0.0469609 -0.0854827 0.100451 -0.0864008 
0.817 -0.452842 0.369388 -0.381589 0.358793 -0.318873 0.351342 -0.259753 0.344496 -0.200596 0.338065 -0.143737 0.3334 -0.0885565 0.32964 
1.184 -0.302178 0.267347 -0.238169 0.261908 -0.180908 0.258588 -0.126211 0.255553 -0.0704741 0.25248 -0.0162524 0.251024 0.0374127 0.250336 
3.928 -0.279578 -0.16958 -0.21721 -0.167172 -0.16119 -0.164445 -0.107518 -0.163134 -0.0530654 -0.16303 0.000397712 -0.162946 0.0536216 -0.163676 
1.631 -0.264512 0.17147 -0.201672 0.16802 -0.145286 0.166437 -0.0915153 0.164631 -0.0364167 0.162863 0.017354 0.162238 0.0709278 0.161999 
1.47 0.161457 0.242693 0.221971 0.243885 0.279151 0.24689 0.336813 0.249779 0.398594 0.252652 0.462204 0.257227 0.528062 0.262361 
0.869 -0.401479 0.350897 -0.332584 0.341624 -0.271885 0.335388 -0.2143 0.329692 -0.156442 0.324328 -0.100642 0.320603 -0.0460214 0.317825 
4.113 -0.199452 -0.383249 -0.139501 -0.379737 -0.0850237 -0.37657 -0.0322214 -0.375442 0.0219131 -0.376243 0.0757412 -0.377508 0.129766 -0.380174 
4.219 -0.103575 -0.183961 -0.0452738 -0.183712 0.00811183 -0.183045 0.0604177 -0.183786 0.114944 -0.186096 0.16977 -0.188236 0.225462 -0.191063 
1.137 -0.335735 0.288577 -0.270323 0.282134 -0.212158 0.278221 -0.156616 0.274532 -0.100313 0.270948 -0.0457243 0.26893 0.0081041 0.267686 
0.887 -0.389837 0.342679 -0.321382 0.333698 -0.26091 0.327801 -0.203653 0.322319 -0.145927 0.317085 -0.0902533 0.313571 -0.0357875 0.310942 
1.359 0.233365 0.157773 0.295956 0.158725 0.355429 0.161139 0.415908 0.163391 0.481232 0.165164 0.548799 0.168416 0.619118 0.172 
3.953 -0.235749 -0.0483632 -0.174453 -0.0481805 -0.119586 -0.0471914 -0.0666499 -0.0471387 -0.0126204 -0.0479176 0.0406585 -0.048221 0.0939771 -0.0489421 
1.302 0.223778 0.174894 0.285839 0.175975 0.345047 0.178585 0.405179 0.181023 0.469991 0.183237 0.536987 0.186794 0.60657 0.19078 
0.747 -0.522011 0.449514 -0.4475 0.435561 -0.381805 0.425227 -0.320056 0.415734 -0.258472 0.406722 -0.199805 0.399824 -0.143059 0.394014 
4.242 -0.10152 -0.259293 -0.0431195 -0.258803 0.0104255 -0.258044 0.0629169 -0.258958 0.117478 -0.261617 0.172307 -0.264325 0.228002 -0.268087 
3.938 -0.279578 -0.183276 -0.21722 -0.180636 -0.161178 -0.177724 -0.107523 -0.176264 -0.0530244 -0.176112 0.000514917 -0.17599 0.0537219 -0.176736 
3.867 -0.241227 0.013957 -0.179862 0.0130165 -0.124754 0.0133237 -0.0718595 0.0130464 -0.0177337 0.0119903 0.0355506 0.0117637 0.0888919 0.0115114 
4.223 -0.122065 -0.260663 -0.06344 -0.259723 -0.00979477 -0.258577 0.0426424 -0.259148 0.0970277 -0.261493 0.151636 -0.263865 0.206879 -0.267312 
0.84 -0.43846 0.35843 -0.367781 0.34827 -0.305527 0.341381 -0.246894 0.334955 -0.188035 0.328988 -0.131546 0.324685 -0.0765493 0.321307 
3.992 -0.23164 -0.120956 -0.170459 -0.119726 -0.115597 -0.117964 -0.0627866 -0.117423 -0.00866172 -0.118038 0.0446549 -0.11848 0.0980719 -0.119515 
1.664 0.0888645 0.141337 0.147751 0.141164 0.203308 0.142485 0.259002 0.143502 0.318157 0.144002 0.378731 0.145716 0.44136 0.147824 
0.804 -0.480236 0.374866 -0.407527 0.363691 -0.343655 0.355765 -0.283685 0.348407 -0.223744 0.341467 -0.166331 0.336323 -0.110715 0.33219 
4.285 -0.022764 -0.091508 0.0347774 -0.0924624 0.088337 -0.0926348 0.141456 -0.0938871 0.197519 -0.0963091 0.254219 -0.0983174 0.312548 -0.100724 
1.473 0.0368169 0.244062 0.0953923 0.243521 0.150001 0.244782 0.204421 0.246178 0.261915 0.24731 0.320482 0.250197 0.380499 0.253639 
3.824 -0.338474 -0.155198 -0.274043 -0.15238 -0.216392 -0.149296 -0.16145 -0.147402 -0.106047 -0.146684 -0.0521133 -0.145896 0.0010489 -0.145894 
0.991 -0.343953 0.328982 -0.277833 0.321189 -0.219072 0.316278 -0.163237 0.311773 -0.106646 0.307494 -0.0517758 0.30496 0.00225347 0.303183 
3.699 -0.378195 -0.0305575 -0.311951 -0.0301503 -0.253064 -0.0288377 -0.197128 -0.0283852 -0.140899 -0.0287231 -0.0865824 -0.0285408 -0.0332196 -0.0287464 
1.478 -0.259718 0.268717 -0.196993 0.263479 -0.140741 0.260575 -0.0866488 0.258039 -0.0314332 0.25552 0.0225613 0.254515 0.0764203 0.254346 
3.773 -0.361759 -0.12438 -0.296369 -0.121966 -0.238097 -0.119235 -0.18269 -0.117624 -0.126902 -0.116878 -0.0727125 -0.116173 -0.0194626 -0.116025 
0.785 -0.311766 0.441981 -0.246442 0.432244 -0.188324 0.425846 -0.132878 0.420244 -0.0764218 0.41509 -0.0217364 0.412053 0.0323374 0.410119 
1.385 -0.151513 0.223517 -0.0916581 0.220339 -0.0374589 0.219202 0.0153647 0.218233 0.070017 0.217164 0.124147 0.217587 0.179006 0.218551 
0.84 -0.416546 0.360485 -0.346878 0.350587 -0.285603 0.343874 -0.227663 0.33768 -0.169445 0.331889 -0.113358 0.327854 -0.0586855 0.324723 
1.29 0.238159 0.174209 0.300776 0.175394 0.360446 0.178056 0.421088 0.18062 0.486523 0.182801 0.554298 0.186413 0.624662 0.190401 
0.746 -0.0152308 0.453623 0.0438692 0.450707 0.0984773 0.450849 0.152205 0.451354 0.2087 0.452497 0.265375 0.455555 0.323122 0.45992 
1.376 -0.317244 0.235844 -0.252599 0.2307 -0.195018 0.227832 -0.140125 0.224972 -0.084404 0.222076 -0.0302189 0.220716 0.0233019 0.219887 
1.12 -0.310396 0.287892 -0.246039 0.281765 -0.188598 0.278207 -0.133642 0.274806 -0.0778444 0.271453 -0.023377 0.269779 0.0303294 0.268854 
1.749 0.103931 0.0927133 0.162944 0.0921868 0.218722 0.0931379 0.27484 0.0937174 0.334517 0.0936091 0.3957 0.0944912 0.458974 0.0956903 
0.852 -0.043994 0.389933 0.0151449 0.386996 0.0694451 0.386472 0.12286 0.386565 0.178889 0.386912 0.235045 0.389372 0.292239 0.392767 
0.892 -0.415176 0.341309 -0.345787 0.332214 -0.284471 0.326029 -0.226742 0.320398 -0.168618 0.314994 -0.112526 0.311234 -0.0580138 0.308354 
1.201 0.231996 0.215299 0.294266 0.21682 0.353599 0.21992 0.413772 0.222963 0.478344 0.225755 0.54533 0.230153 0.61489 0.235105 
3.932 -0.205616 0.013957 -0.145218 0.0131998 -0.0907278 0.0135141 -0.0382394 0.0132228 0.0157226 0.0121866 0.0691492 0.0118748 0.122822 0.0113928 
3.727 -0.371346 -0.070278 -0.305481 -0.0689329 -0.246783 -0.0669294 -0.191049 -0.0659225 -0.134957 -0.0656671 -0.0806694 -0.0653399 -0.0273436 -0.0653092 
1.628 0.078592 0.162567 0.137368 0.162344 0.192596 0.163773 0.247924 0.164964 0.306736 0.165805 0.366745 0.167956 0.428723 0.170437 
4.383 0.0354472 -0.123695 0.0934485 -0.125206 0.147702 -0.126189 0.20203 -0.128235 0.259503 -0.131587 0.318028 -0.134453 0.37836 -0.138034 
4.199 -0.122065 -0.190809 -0.0635323 -0.190282 -0.0100283 -0.189382 0.0422351 -0.189973 0.0965325 -0.192015 0.151079 -0.194104 0.206308 -0.196838 
1.018 -0.37888 0.319395 -0.311317 0.311403 -0.251585 0.306118 -0.194869 0.301206 -0.137694 0.296394 -0.082458 0.293533 -0.0282789 0.291102 
1.293 -0.277524 0.270086 -0.214404 0.26475 -0.157776 0.26188 -0.103618 0.258974 -0.0482499 0.256325 0.00586818 0.255205 0.059635 0.254863 
1.114 -0.410382 0.306383 -0.341853 0.298653 -0.281248 0.293601 -0.223914 0.28885 -0.166238 0.284324 -0.110601 0.281326 -0.0561939 0.279072 
3.801 -0.363128 -0.175058 -0.29777 -0.171451 -0.239423 -0.167893 -0.18398 -0.165495 -0.128096 -0.164249 -0.0738544 -0.1631 -0.0204696 -0.162755 
3.984 -0.189864 0.00916313 -0.129903 0.00846245 -0.0759118 0.00875358 -0.0235922 0.00849054 0.0303795 0.00736016 0.0839432 0.00707576 0.137849 0.00645341 
0.74 -0.0323517 0.454308 0.0268341 0.450914 0.0813639 0.450561 0.134989 0.450591 0.191232 0.451166 0.24759 0.453989 0.304895 0.457896 
4.027 -0.214519 -0.144241 -0.15399 -0.142827 -0.0993026 -0.140978 -0.0466604 -0.140464 0.00723539 -0.141134 0.0606859 -0.141759 0.114362 -0.143088 
3.719 -0.375455 -0.0545268 -0.309403 -0.0536573 -0.250575 -0.0519371 -0.194753 -0.0512569 -0.138576 -0.0513048 -0.0842309 -0.0509677 -0.0309093 -0.0510676 
4.383 0.0347624 -0.146295 0.0927883 -0.147907 0.147058 -0.148978 0.201355 -0.151312 0.258797 -0.154823 0.317283 -0.158084 0.377582 -0.162054 
3.729 -0.356965 -0.0271333 -0.291499 -0.0267679 -0.233143 -0.0255308 -0.177717 -0.0252532 -0.121867 -0.025518 -0.0677808 -0.0254536 -0.0146207 -0.0256235 
3.834 -0.374771 -0.27162 -0.309237 -0.266032 -0.250797 -0.26082 -0.195308 -0.257504 -0.139333 -0.255268 -0.0848362 -0.253617 -0.0312634 -0.25275 
1.062 -0.351486 0.309122 -0.285091 0.301666 -0.226333 0.296958 -0.170155 0.292605 -0.113535 0.288395 -0.0585679 0.285829 -0.00447975 0.28408 
3.816 -0.363813 -0.201767 -0.298516 -0.197996 -0.240284 -0.193875 -0.184878 -0.191327 -0.129067 -0.189957 -0.0747504 -0.188594 -0.0213813 -0.188374 
3.824 -0.367237 -0.233954 -0.301844 -0.229351 -0.243525 -0.224761 -0.188043 -0.221867 -0.13209 -0.220196 -0.0777459 -0.218598 -0.0242422 -0.218015 
3.99 -0.219312 -0.070278 -0.158509 -0.0698252 -0.103801 -0.0686238 -0.051148 -0.0684879 0.00274423 -0.0692931 0.0562021 -0.0697444 0.109705 -0.070635 
1.411 -0.220682 0.287207 -0.158927 0.282136 -0.103462 0.279488 -0.0500114 0.277066 0.0048474 0.274788 0.058994 0.274208 0.113055 0.274354 
3.85 -0.348062 -0.222997 -0.283479 -0.218891 -0.225807 -0.214694 -0.170783 -0.212115 -0.115328 -0.210772 -0.0612166 -0.209582 -0.00786766 -0.20935 
3.734 -0.356965 -0.0435694 -0.291563 -0.0429155 -0.233205 -0.0414903 -0.177749 -0.0409446 -0.121906 -0.0411026 -0.0678516 -0.0409868 -0.0146337 -0.0411255 
1.437 0.201178 0.155034 0.262699 0.155561 0.321244 0.157877 0.380334 0.159503 0.444021 0.160947 0.509877 0.16379 0.578397 0.166967 
0.787 -0.381619 0.400205 -0.313373 0.38973 -0.25299 0.382646 -0.195831 0.376207 -0.138167 0.370142 -0.0823752 0.366133 -0.027758 0.363125 
1.249 -0.0905629 0.311861 -0.0314658 0.308872 0.0226604 0.308061 0.0757102 0.307625 0.131036 0.307427 0.186455 0.308904 0.242608 0.311099 
3.855 -0.33505 -0.209985 -0.270871 -0.206147 -0.213431 -0.202277 -0.158643 -0.199926 -0.103281 -0.198708 -0.0493068 -0.197712 0.00396586 -0.197585 
1.432 -0.222737 0.236529 -0.161239 0.232403 -0.105749 0.230484 -0.0524265 0.228582 0.00229213 0.226675 0.0562658 0.226486 0.110094 0.226683 
0.914 -0.337105 0.360485 -0.270845 0.351989 -0.212036 0.346558 -0.156063 0.341594 -0.0994731 0.336888 -0.0444159 0.334081 0.00977707 0.332223 
4.086 -0.14398 -0.0380907 -0.0851363 -0.0384293 -0.0315347 -0.0379473 0.0205794 -0.0382771 0.0746118 -0.0395187 0.128615 -0.04023 0.183386 -0.0412553 
1.238 -0.0665936 0.311177 -0.00761297 0.30854 0.0464429 0.308161 0.0996741 0.308177 0.155303 0.308296 0.211062 0.31018 0.267807 0.312776 
1.286 -0.301493 0.248171 -0.237599 0.242998 -0.180568 0.240198 -0.125872 0.237406 -0.0703881 0.234595 -0.0161586 0.233281 0.0373781 0.232584 
4.027 -0.194658 -0.066169 -0.134744 -0.0658729 -0.0805629 -0.0648644 -0.0281816 -0.0648561 0.0255743 -0.0658207 0.07903 -0.0663427 0.132932 -0.0673918 
4.406 0.027914 -0.21067 0.0860088 -0.212369 0.140197 -0.213711 0.194387 -0.216502 0.251439 -0.221021 0.309646 -0.225294 0.369562 -0.230508 
3.723 -0.35491 -0.00795781 -0.289566 -0.00815506 -0.231189 -0.00720275 -0.175764 -0.00717851 -0.120009 -0.00776909 -0.0658795 -0.00781156 -0.0127465 -0.00825898 
1.41 -0.200822 0.249541 -0.139759 0.245471 -0.0848043 0.243674 -0.0315971 0.241981 0.0229061 0.240327 0.0772289 0.240231 0.131272 0.240799 
4.438 0.0457198 -0.1867 0.10393 -0.188891 0.158429 -0.190326 0.212969 -0.193112 0.270625 -0.197531 0.329453 -0.201751 0.390248 -0.206792 
0.803 -0.429558 0.378291 -0.359242 0.367814 -0.297435 0.360658 -0.238961 0.353998 -0.180312 0.347818 -0.123856 0.343355 -0.068997 0.339875 
3.828 -0.373401 -0.255869 -0.30785 -0.250733 -0.249433 -0.24581 -0.193953 -0.242505 -0.138005 -0.240591 -0.0835346 -0.23898 -0.0299864 -0.238276 
1.405 -0.200137 0.264608 -0.139128 0.260373 -0.0840802 0.258478 -0.0307511 0.256689 0.0238252 0.255013 0.0781223 0.254955 0.13223 0.255507 
3.861 -0.350116 -0.253815 -0.285504 -0.249075 -0.227841 -0.244558 -0.172869 -0.241626 -0.117391 -0.240092 -0.0632385 -0.238716 -0.00978277 -0.238482 
1.404 -0.272045 0.237899 -0.208986 0.233148 -0.152551 0.230684 -0.0984644 0.228149 -0.0433236 0.225688 0.0105696 0.224809 0.064179 0.224541 
0.762 -0.128914 0.521422 -0.0683767 0.514764 -0.0134615 0.511377 0.040027 0.508822 0.0955986 0.506984 0.150573 0.50731 0.205814 0.509013 
1.491 -0.244651 0.263238 -0.182614 0.258713 -0.126843 0.256327 -0.0732005 0.25408 -0.018255 0.251957 0.0358093 0.251418 0.0896367 0.251558 
1.432 -0.204246 0.189275 -0.143161 0.185694 -0.0882242 0.184369 -0.0350915 0.182906 0.0193299 0.181519 0.073114 0.181472 0.12715 0.181537 
1.126 -0.220682 0.306383 -0.159109 0.301013 -0.10368 0.29815 -0.0502351 0.295596 0.00474905 0.293208 0.0588671 0.292602 0.112874 0.292707 
3.793 -0.364498 -0.158622 -0.299184 -0.155435 -0.240852 -0.152216 -0.185393 -0.150023 -0.129545 -0.148886 -0.0753021 -0.14795 -0.0219852 -0.147633 
3.971 -0.222052 -0.0469936 -0.160887 -0.0468374 -0.106134 -0.0459231 -0.0536016 -0.045898 0.000435248 -0.0467141 0.05362 -0.0471367 0.107189 -0.0479074 
0.94 -0.31382 0.346788 -0.248674 0.339182 -0.190694 0.334481 -0.135409 0.330178 -0.0792762 0.326156 -0.024636 0.323873 0.0292616 0.322487 
3.881 -0.221367 0.0125873 -0.16052 0.0119639 -0.105875 0.012253 -0.0532221 0.0120272 0.000753716 0.0109564 0.0541634 0.0107327 0.107628 0.0101668 
3.977 -0.215888 -0.0271333 -0.15543 -0.0272733 -0.100777 -0.0264757 -0.0482178 -0.0265704 0.00571712 -0.0274708 0.0591362 -0.0278569 0.112667 -0.0285808 
4.41 0.0306533 -0.196288 0.088878 -0.197993 0.143047 -0.199335 0.19731 -0.202042 0.254633 -0.206345 0.313056 -0.210408 0.373221 -0.21533 
1.4 0.010793 0.272141 0.0693831 0.271137 0.12371 0.272005 0.17782 0.273166 0.234709 0.274268 0.292541 0.277099 0.351653 0.280614 
4.016 -0.168634 0.0119025 -0.109241 0.01108 -0.0554402 0.0113936 -0.00327464 0.0109831 0.0506967 0.0099347 0.104531 0.00954158 0.158737 0.00912012 
4.023 -0.174798 -0.0134365 -0.115116 -0.0138859 -0.0612033 -0.0134356 -0.00888459 -0.0137232 0.0449816 -0.0148109 0.0986309 -0.0152515 0.152705 -0.0160398 
4.305 -0.018655 -0.129174 0.0390376 -0.13016 0.0926118 -0.130466 0.1459 -0.13203 0.201936 -0.134903 0.25879 -0.13743 0.317095 -0.140542 
0.831 -0.0172853 0.402945 0.0417204 0.400562 0.0961041 0.400417 0.149858 0.401027 0.206315 0.401964 0.263054 0.405033 0.321011 0.409158 
0.806 -0.325462 0.389933 -0.259611 0.380775 -0.201025 0.374979 -0.145121 0.369663 -0.0886255 0.364711 -0.0336678 0.361677 0.0204557 0.359578 
1.421 0.166251 0.165306 0.226817 0.165845 0.284226 0.167919 0.342129 0.169747 0.404172 0.171232 0.467926 0.174086 0.534315 0.177351 
4.441 0.0450349 -0.209985 0.103308 -0.212104 0.157766 -0.213757 0.212253 -0.216663 0.269819 -0.221356 0.328611 -0.225932 0.389247 -0.2314 
4.555 0.0881797 -0.22916 0.147028 -0.23212 0.20235 -0.234384 0.257836 -0.238282 0.316875 -0.24378 0.3774 -0.249236 0.440162 -0.256099 
3.441 -0.211094 0.035187 -0.150755 0.0341502 -0.0962677 0.0343363 -0.0437572 0.0337703 0.0101936 0.0327758 0.0636487 0.0324306 0.117347 0.0321531 
4.27 -0.0761813 -0.18944 -0.0181649 -0.189517 0.0351945 -0.189193 0.0876933 -0.190365 0.142597 -0.192992 0.197988 -0.195574 0.254518 -0.198822 
1.422 -0.201507 0.235844 -0.140574 0.231926 -0.0855767 0.230212 -0.0324329 0.228572 0.0221709 0.226994 0.0763265 0.226906 0.130322 0.227343 
1.745 0.116258 0.181742 0.175742 0.181974 0.231866 0.18381 0.288274 0.185413 0.348438 0.186793 0.410185 0.189602 0.474243 0.192833 
0.74 -0.487769 0.438556 -0.415498 0.425486 -0.35178 0.415964 -0.291474 0.407097 -0.231592 0.398851 -0.173795 0.392501 -0.118012 0.387352 
1.447 -0.27273 0.251596 -0.209631 0.246687 -0.153154 0.243922 -0.0990631 0.241269 -0.043828 0.238662 0.0100857 0.237556 0.0637493 0.237024 
4.199 -0.0891933 -0.107259 -0.0312206 -0.107603 0.0220221 -0.107334 0.074279 -0.108119 0.128941 -0.11015 0.184052 -0.111877 0.240113 -0.114136 
0.795 -0.354225 0.393357 -0.287168 0.383736 -0.227811 0.377265 -0.171346 0.371311 -0.114217 0.366004 -0.0589276 0.362372 -0.00464732 0.359887 
0.791 -0.448048 0.383085 -0.37678 0.372188 -0.314089 0.364662 -0.255086 0.357567 -0.195861 0.351046 -0.139052 0.346386 -0.0838685 0.342545 
0.729 -0.226846 0.525531 -0.164131 0.516251 -0.10773 0.510635 -0.0532646 0.505651 0.00252182 0.501538 0.0571995 0.499686 0.111646 0.499107 
1.412 -0.258348 0.237214 -0.195798 0.232746 -0.139681 0.230514 -0.0857896 0.228237 -0.0307554 0.226048 0.023039 0.225397 0.076683 0.22536 
1.463 -0.226846 0.254335 -0.165285 0.249923 -0.109633 0.247846 -0.0562445 0.245776 -0.00143944 0.243817 0.0524792 0.24342 0.106486 0.243676 
0.927 -0.283687 0.354321 -0.219633 0.347097 -0.162417 0.342712 -0.107602 0.338774 -0.0518131 0.33512 0.00272463 0.333226 0.0567823 0.332288 
1.74 0.114888 0.21393 0.17456 0.214247 0.230836 0.216596 0.287233 0.218418 0.347542 0.220531 0.40938 0.223742 0.473443 0.227767 
1.272 0.199808 0.194069 0.261621 0.195289 0.320147 0.197921 0.379248 0.200475 0.443036 0.202895 0.509047 0.20671 0.576979 0.210843 
4.066 -0.150144 -0.0216546 -0.0913422 -0.0221259 -0.0377019 -0.0216922 0.0143827 -0.0219899 0.0683655 -0.0231433 0.122397 -0.0237786 0.177063 -0.0247166 
4.355 -0.00153404 -0.192179 0.0563212 -0.193608 0.110108 -0.19452 0.163613 -0.196676 0.219917 -0.200381 0.277201 -0.20389 0.335947 -0.208222 
0.816 -0.466539 0.370757 -0.394543 0.35986 -0.331324 0.352172 -0.271872 0.345087 -0.212333 0.33839 -0.155281 0.333486 -0.0998 0.329548 
0.813 -0.409012 0.372812 -0.339661 0.362761 -0.278589 0.355902 -0.220753 0.349661 -0.162689 0.343776 -0.106602 0.339681 -0.0517948 0.336526 
1.563 0.155979 0.154349 0.216418 0.154696 0.273642 0.156697 0.33121 0.158177 0.393055 0.159422 0.456512 0.161929 0.522682 0.164696 
3.869 -0.348747 -0.27162 -0.284137 -0.266458 -0.226383 -0.261652 -0.17138 -0.25836 -0.11585 -0.256633 -0.0616457 -0.255188 -0.00820201 -0.254766 
0.778 -0.404219 0.405684 -0.33503 0.394559 -0.273873 0.387001 -0.216119 0.3801 -0.157821 0.37365 -0.101869 0.369146 -0.0470449 0.365653 
4.543 0.0922887 -0.183961 0.151263 -0.186753 0.206718 -0.188883 0.262434 -0.192248 0.321688 -0.197345 0.38253 -0.202021 0.445727 -0.207577 
0.796 -0.394631 0.389933 -0.325844 0.379538 -0.265128 0.372475 -0.207645 0.366065 -0.149639 0.360005 -0.0939027 0.35593 -0.0391631 0.352674 
4.441 0.0505136 -0.173689 0.108769 -0.175773 0.163308 -0.177168 0.217959 -0.179904 0.275768 -0.184035 0.334841 -0.187923 0.395839 -0.192708 
4.082 -0.148089 -0.0524723 -0.089315 -0.0526732 -0.0357902 -0.052107 0.0162922 -0.0524117 0.0703338 -0.0536446 0.124326 -0.0543987 0.179104 -0.0555187 
4.156 -0.0891933 -0.0223394 -0.0311569 -0.0230926 0.022028 -0.0228631 0.0743367 -0.0233448 0.129063 -0.0247109 0.184193 -0.0255035 0.240522 -0.0265949 
3.373 0.0957129 0.0680592 0.154587 0.067424 0.210083 0.068119 0.265953 0.0682764 0.325347 0.0677745 0.386125 0.0682205 0.449227 0.068715 
1.479 0.0402411 0.309807 0.0990783 0.309264 0.153884 0.310857 0.208363 0.312632 0.265958 0.314468 0.324466 0.318165 0.384421 0.322628 
4.07 -0.183701 -0.12712 -0.123943 -0.126236 -0.0698639 -0.124917 -0.0174765 -0.124824 0.0364681 -0.125952 0.0900882 -0.126846 0.144122 -0.128398 
0.939 -0.401479 0.331722 -0.332508 0.322894 -0.271859 0.317089 -0.214555 0.31175 -0.156672 0.306613 -0.100785 0.303103 -0.0463101 0.300455 
1.237 0.237474 0.188591 0.300155 0.189874 0.359639 0.192742 0.420271 0.195401 0.485855 0.197923 0.553376 0.201889 0.623652 0.20622 
0.788 -0.463799 0.385824 -0.392178 0.374799 -0.329114 0.366972 -0.269588 0.359756 -0.210072 0.353011 -0.153074 0.348042 -0.0977393 0.344108 
3.961 -0.233009 -0.0668539 -0.171732 -0.0663995 -0.116842 -0.0651538 -0.0642976 -0.0649729 -0.0100959 -0.0657085 0.0432279 -0.0660302 0.0965161 -0.0668484 
1.321 0.19296 0.181057 0.254201 0.181926 0.312319 0.184292 0.371081 0.186389 0.434217 0.188319 0.499481 0.191608 0.567366 0.195301 
3.994 -0.223421 -0.105205 -0.162702 -0.10417 -0.108083 -0.102658 -0.0553636 -0.102234 -0.00141938 -0.102909 0.0520727 -0.103398 0.10581 -0.10442 
4.359 -0.00290371 -0.215464 0.0549423 -0.216847 0.108773 -0.217864 0.162276 -0.220266 0.218565 -0.224068 0.275728 -0.227876 0.33447 -0.23258 
0.827 -0.0412546 0.404314 0.0178872 0.401152 0.0722642 0.400756 0.125738 0.400818 0.181757 0.401337 0.237923 0.403769 0.295141 0.407299 
0.803 -0.339844 0.389933 -0.273485 0.380549 -0.214564 0.374386 -0.158458 0.368871 -0.101764 0.363669 -0.0465715 0.360338 0.00755189 0.358015 
0.772 -0.302863 0.454308 -0.237816 0.444288 -0.179724 0.43783 -0.124248 0.432087 -0.0678733 0.426916 -0.0131148 0.423758 0.0409953 0.421818 
1.356 0.213505 0.164621 0.275378 0.165717 0.334285 0.168134 0.393913 0.17016 0.458182 0.172043 0.524618 0.175184 0.593772 0.178902 
3.646 -0.369292 0.013957 -0.303446 0.0134289 -0.24472 0.0138207 -0.189059 0.0136412 -0.132985 0.0128079 -0.0788125 0.0125385 -0.0256151 0.0122609 
0.784 -0.367237 0.40363 -0.299493 0.393287 -0.239807 0.386337 -0.183047 0.380023 -0.12577 0.374215 -0.0701856 0.370352 -0.0158465 0.367536 
1.44 -0.237118 0.207766 -0.175346 0.204048 -0.120019 0.20235 -0.066479 0.200509 -0.0119769 0.198739 0.0414404 0.198483 0.0950374 0.198636 
1.438 -0.215888 0.199548 -0.154466 0.19579 -0.0992635 0.194143 -0.046055 0.192531 0.00850571 0.190797 0.0623186 0.190566 0.116114 0.190839 
3.783 -0.363128 -0.142186 -0.297776 -0.139259 -0.239489 -0.136242 -0.18408 -0.134384 -0.128211 -0.133508 -0.0740423 -0.132651 -0.0207407 -0.132485 
4.016 -0.229585 -0.173689 -0.168656 -0.171782 -0.113773 -0.169472 -0.0609523 -0.168645 -0.00686966 -0.169128 0.0465703 -0.169474 0.100077 -0.170726 
3.697 -0.350116 0.0160115 -0.284899 0.0153652 -0.226665 0.0157421 -0.171544 0.0155681 -0.116065 0.014679 -0.061856 0.0144131 -0.00898436 0.0141003 
4.539 0.0909191 -0.202452 0.149867 -0.20526 0.205307 -0.207413 0.260974 -0.210797 0.320174 -0.215953 0.380962 -0.220914 0.443997 -0.227211 
0.788 -0.344638 0.404314 -0.277761 0.394422 -0.218571 0.38785 -0.162549 0.382033 -0.105801 0.37661 -0.0503538 0.373092 0.00425548 0.370591 
0.762 -0.515847 0.411163 -0.441221 0.398235 -0.375626 0.388834 -0.314076 0.380177 -0.252653 0.372107 -0.194207 0.365889 -0.137627 0.360819 
4.227 -0.106314 -0.240118 -0.0479329 -0.239562 0.00560179 -0.238715 0.0577553 -0.239533 0.112408 -0.242034 0.167186 -0.244573 0.222746 -0.248005 
3.936 -0.291905 -0.220257 -0.229232 -0.216893 -0.172907 -0.213244 -0.119073 -0.21134 -0.0643842 -0.210723 -0.0107458 -0.210214 0.0425266 -0.210785 
1.5 0.0450349 0.217354 0.103617 0.216891 0.15834 0.217968 0.212955 0.219365 0.270797 0.220116 0.329511 0.222826 0.390122 0.225935 
4.219 -0.105629 -0.199028 -0.0473647 -0.19866 0.00603788 -0.197894 0.0583099 -0.198676 0.112871 -0.201003 0.167685 -0.203166 0.223392 -0.206134 
0.738 -0.502835 0.44472 -0.429153 0.431125 -0.364114 0.421117 -0.303028 0.411945 -0.242101 0.403292 -0.184069 0.396737 -0.128121 0.391375 
1.414 0.220353 0.150925 0.282654 0.151756 0.341855 0.153968 0.402007 0.155886 0.46695 0.157447 0.534129 0.160409 0.604095 0.163649 
4.062 -0.159732 -0.0374058 -0.10093 -0.0376476 -0.0471116 -0.0371137 0.00488556 -0.037369 0.0587802 -0.038503 0.112522 -0.0391148 0.166972 -0.0401028 
