1.491 -0.569264 0.117367 -0.569665 0.154577 -0.568524 0.187729 -0.565636 0.220238 -0.560582 0.255248 -0.553975 0.28792 -0.545923 0.319884 
4.176 0.231311 0.0913437 0.230276 0.0788642 0.228755 0.0679354 0.226893 0.0573099 0.223984 0.045863 0.220838 0.0353149 0.217105 0.0252003 
0.809 -0.0727572 0.402945 -0.058673 0.412171 -0.0458281 0.419887 -0.032746 0.426738 -0.0183326 0.433327 -0.00437634 0.438756 0.00950997 0.443521 
1.484 -0.621997 0.022175 -0.628092 0.0625598 -0.631847 0.0989211 -0.633561 0.134564 -0.63333 0.173521 -0.631138 0.210078 -0.627105 0.24592 
0.96 -0.199452 0.287207 -0.191078 0.303372 -0.18305 0.317541 -0.17448 0.33093 -0.164468 0.344873 -0.15425 0.357461 -0.143612 0.369477 
0.824 -0.445309 0.261868 -0.439486 0.293633 -0.432996 0.321958 -0.425161 0.349279 -0.415017 0.378306 -0.403887 0.405265 -0.391662 0.431217 
0.991 -0.176852 0.285838 -0.16853 0.30044 -0.160496 0.313211 -0.151899 0.325275 -0.141994 0.337759 -0.131895 0.349147 -0.121597 0.359784 
0.746 -0.052212 0.44609 -0.0361571 0.454605 -0.0215826 0.461615 -0.00688575 0.467696 0.00929809 0.473334 0.0248914 0.477818 0.0404232 0.48151 
0.856 -0.0796055 0.37966 -0.0666104 0.389131 -0.0545851 0.397198 -0.0423024 0.404454 -0.0286933 0.411451 -0.0154395 0.417364 -0.00224115 0.422578 
1.396 -0.122065 0.174894 -0.119582 0.185497 -0.116988 0.194915 -0.113966 0.204011 -0.110287 0.213699 -0.106196 0.222585 -0.10186 0.231253 
0.925 -0.0933023 0.350897 -0.0817198 0.360979 -0.0710584 0.369594 -0.0601061 0.377404 -0.0478568 0.38522 -0.0359004 0.39188 -0.0238308 0.39802 
1.584 -0.469278 0.0831256 -0.471902 0.114434 -0.472962 0.14255 -0.472526 0.170036 -0.470434 0.199853 -0.466898 0.227993 -0.462082 0.255453 
0.766 -0.0316669 0.439241 -0.0157403 0.446303 -0.00131747 0.45206 0.0132221 0.456932 0.0292367 0.46121 0.0444445 0.4644 0.0596276 0.466908 
0.983 -0.214519 0.272826 -0.206782 0.289854 -0.199326 0.30477 -0.191092 0.318965 -0.181487 0.333759 -0.171621 0.347238 -0.161303 0.360104 
3.586 -0.339844 -0.205191 -0.357505 -0.182954 -0.372372 -0.162344 -0.385743 -0.141466 -0.399155 -0.117975 -0.410547 -0.0953146 -0.42061 -0.0721646 
4.191 0.0895494 0.0112176 0.0842664 0.00752544 0.079349 0.004563 0.0744784 0.00189316 0.0688344 -0.000787709 0.0635839 -0.00297573 0.0581445 -0.00476448 
3.061 -0.422024 0.0523079 -0.42633 0.0808388 -0.428994 0.106413 -0.430177 0.131594 -0.430036 0.159073 -0.428413 0.184883 -0.425569 0.210263 
1.793 -0.393261 -0.152459 -0.408094 -0.126963 -0.420219 -0.103561 -0.430745 -0.0801246 -0.440868 -0.0541343 -0.448932 -0.0293785 -0.455715 -0.00456109 
0.879 -0.18644 0.321449 -0.176383 0.337154 -0.166865 0.350777 -0.15663 0.363703 -0.145014 0.376903 -0.133325 0.388755 -0.121284 0.399977 
3.961 -0.0871387 -0.206561 -0.105098 -0.199404 -0.120769 -0.192199 -0.135519 -0.184448 -0.151517 -0.175197 -0.165889 -0.165695 -0.179528 -0.15546 
0.762 -0.0713875 0.433078 -0.0559831 0.442532 -0.0419612 0.450469 -0.0276737 0.45748 -0.0118647 0.464172 0.00335634 0.469598 0.0185959 0.474363 
1.637 -0.454897 -0.117532 -0.469151 -0.0873877 -0.480594 -0.0598121 -0.490237 -0.0322994 -0.499267 -0.00183908 -0.505968 0.0272463 -0.511148 0.0563991 
0.847 -0.141926 0.357061 -0.130346 0.370309 -0.119547 0.381694 -0.108247 0.392299 -0.0955279 0.403026 -0.0828531 0.412462 -0.070035 0.421306 
0.802 -0.0330366 0.422805 -0.0178511 0.429751 -0.00395868 0.435454 0.00984265 0.440229 0.0251032 0.444513 0.0396981 0.447741 0.0541093 0.450305 
3.941 -0.0953568 -0.180537 -0.111753 -0.173004 -0.126101 -0.165534 -0.139628 -0.157587 -0.154033 -0.148124 -0.166974 -0.138475 -0.179296 -0.128243 
4.211 0.214875 0.0707985 0.212756 0.0592828 0.210329 0.0492025 0.207585 0.0395153 0.203781 0.0291388 0.199828 0.019585 0.195341 0.0105121 
4.242 0.247747 0.035187 0.243534 0.0218916 0.239192 0.0103178 0.234492 -0.000781773 0.228561 -0.0125658 0.222552 -0.023312 0.216013 -0.0334989 
0.721 -0.0433091 0.459101 -0.0265187 0.467081 -0.0112509 0.473606 0.00414538 0.479177 0.0210456 0.484236 0.0372039 0.488102 0.0532458 0.491109 
3.445 -0.375455 -0.167525 -0.391067 -0.143042 -0.404023 -0.120597 -0.415509 -0.0980382 -0.426722 -0.0727725 -0.435832 -0.0484779 -0.443577 -0.0239419 
1.507 -0.519271 0.21256 -0.513823 0.246951 -0.507559 0.277426 -0.499821 0.306848 -0.489731 0.338443 -0.478484 0.367584 -0.465994 0.395665 
0.895 -0.234379 0.293371 -0.22625 0.311728 -0.218168 0.327923 -0.209361 0.343317 -0.198935 0.35949 -0.188291 0.374158 -0.177109 0.38817 
4.02 -0.0371456 -0.10452 -0.0491249 -0.100581 -0.0596789 -0.0965077 -0.0697339 -0.0920432 -0.0805028 -0.0865822 -0.0902535 -0.0809046 -0.0995497 -0.074715 
2.266 -0.417231 0.0276537 -0.422822 0.0556342 -0.426611 0.0810892 -0.428877 0.106067 -0.430032 0.133241 -0.429682 0.158787 -0.428055 0.184245 
4.305 0.268292 0.0153267 0.262847 0.000779175 0.257313 -0.0118778 0.251381 -0.0239817 0.243966 -0.0368037 0.23639 -0.0484574 0.228393 -0.0593715 
3.326 -0.188495 0.109834 -0.189302 0.12415 -0.189573 0.137083 -0.189037 0.149648 -0.187954 0.163212 -0.186094 0.176001 -0.183671 0.188562 
4.215 0.228571 0.0612108 0.225987 0.0489439 0.223018 0.0382362 0.219784 0.02791 0.215429 0.0168991 0.210871 0.00678467 0.205747 -0.00284824 
0.756 0.0231201 0.463895 0.0405761 0.467573 0.0561787 0.470175 0.0716653 0.471841 0.0883521 0.472614 0.104187 0.47251 0.119611 0.471667 
1.965 -0.211094 0.172154 -0.207382 0.187282 -0.20352 0.200629 -0.198904 0.213456 -0.193331 0.226996 -0.187162 0.239479 -0.180635 0.251528 
0.714 -0.0843994 0.457732 -0.0677256 0.468189 -0.0525664 0.476944 -0.0370797 0.484766 -0.0200132 0.492203 -0.0034481 0.498335 0.0130648 0.503655 
3.594 -0.331626 -0.234639 -0.351153 -0.213042 -0.367709 -0.192856 -0.382785 -0.172411 -0.398121 -0.149216 -0.411244 -0.126633 -0.423059 -0.103669 
0.783 -0.048103 0.425544 -0.0329842 0.433416 -0.0191974 0.439915 -0.00530215 0.445592 0.00990949 0.450735 0.024671 0.454846 0.0391816 0.458173 
0.887 -0.148089 0.336516 -0.137262 0.350023 -0.127033 0.361741 -0.11646 0.372589 -0.104316 0.38373 -0.0923356 0.393529 -0.0801574 0.40265 
0.794 -0.144665 0.385824 -0.131647 0.399719 -0.119588 0.411508 -0.107229 0.422369 -0.0931525 0.43339 -0.0792617 0.443093 -0.0651826 0.451924 
4.172 0.0655801 -0.112053 0.0528325 -0.114086 0.0412804 -0.115303 0.0300946 -0.115921 0.017846 -0.115979 0.00631021 -0.115386 -0.00509825 -0.114081 
4.02 -0.0446788 -0.163416 -0.0599698 -0.1589 -0.0733806 -0.154143 -0.0862231 -0.148871 -0.0999329 -0.142425 -0.112466 -0.135609 -0.124431 -0.128222 
3.559 -0.352171 -0.186016 -0.368804 -0.163368 -0.382657 -0.142407 -0.395108 -0.121292 -0.407472 -0.0975227 -0.417822 -0.074582 -0.426989 -0.0513974 
0.813 -0.10426 0.388563 -0.0908443 0.399815 -0.0785095 0.409342 -0.0658527 0.418082 -0.0517086 0.426606 -0.0379388 0.433961 -0.02401 0.440544 
4.043 -0.0309821 -0.153828 -0.0458789 -0.150121 -0.0590162 -0.146137 -0.0715412 -0.141684 -0.0851216 -0.136015 -0.0972399 -0.130052 -0.109121 -0.123437 
4.082 -0.000164361 -0.138077 -0.0142842 -0.136249 -0.0268667 -0.13388 -0.0388904 -0.131078 -0.0519523 -0.127268 -0.063935 -0.122992 -0.07557 -0.118038 
0.865 -0.111108 0.362539 -0.09886 0.373937 -0.0875202 0.383591 -0.0757684 0.392449 -0.0626594 0.401325 -0.049707 0.408948 -0.0367944 0.415833 
0.846 -0.197398 0.331037 -0.18715 0.34753 -0.177375 0.3619 -0.166942 0.375444 -0.154932 0.389449 -0.142879 0.402068 -0.130411 0.41391 
0.896 -0.202876 0.305013 -0.193806 0.321722 -0.185113 0.336251 -0.175678 0.350068 -0.164747 0.364419 -0.153589 0.377382 -0.141989 0.38964 
2.152 0.206657 0.161882 0.20856 0.152401 0.209705 0.143841 0.210537 0.13547 0.210656 0.12617 0.210467 0.11753 0.209689 0.109219 
0.863 -0.2289 0.307752 -0.219703 0.326065 -0.210776 0.342076 -0.201134 0.357339 -0.189878 0.373212 -0.178366 0.387596 -0.166416 0.401247 
4.352 0.286098 0.0228599 0.280716 0.0073057 0.275176 -0.00620079 0.269298 -0.0191411 0.261901 -0.0328022 0.254411 -0.0452324 0.246321 -0.0569553 
3.338 -0.179592 0.0262841 -0.183646 0.0389656 -0.186753 0.0504119 -0.189251 0.0617549 -0.191361 0.0741664 -0.192541 0.0859696 -0.193311 0.0977091 
4.145 0.0436653 -0.151089 0.0288093 -0.151866 0.0154831 -0.151871 0.00263476 -0.151249 -0.0115429 -0.149769 -0.0246374 -0.147675 -0.0375889 -0.144831 
4.105 0.0333927 -0.0127517 0.0267138 -0.0130142 0.0207055 -0.0128807 0.0149781 -0.0124988 0.00859181 -0.0117123 0.00286219 -0.0105902 -0.00287738 -0.00918596 
1.104 -0.266566 0.247487 -0.25922 0.266526 -0.252017 0.283395 -0.244048 0.299555 -0.234552 0.316431 -0.224602 0.331931 -0.214187 0.34654 
0.989 -0.253554 0.260499 -0.246522 0.279617 -0.239597 0.296433 -0.231892 0.312543 -0.222554 0.329503 -0.212766 0.345005 -0.202332 0.359886 
0.828 -0.174798 0.354321 -0.163346 0.369699 -0.152625 0.382907 -0.141349 0.395247 -0.128431 0.408011 -0.115648 0.419317 -0.102581 0.429882 
0.735 -0.0138611 0.463211 0.00342991 0.469295 0.0189217 0.474021 0.034495 0.47791 0.0514358 0.481005 0.0676378 0.483049 0.083467 0.48427 
0.953 -0.2289 0.278989 -0.221223 0.29686 -0.213763 0.312539 -0.205471 0.327532 -0.195667 0.343224 -0.185622 0.35749 -0.175121 0.371138 
0.799 -0.0104369 0.433078 0.00527258 0.438558 0.0195016 0.44287 0.0337688 0.446347 0.0492898 0.449146 0.064137 0.451012 0.078705 0.452176 
0.775 0.00599918 0.448144 0.0226185 0.452812 0.0376004 0.456329 0.0525009 0.458975 0.0686415 0.460818 0.0839542 0.461738 0.0989496 0.461915 
0.85 -0.10152 0.372812 -0.0888376 0.383648 -0.0771099 0.392896 -0.0650736 0.401307 -0.051564 0.409634 -0.0384429 0.416721 -0.0251706 0.423134 
0.752 0.0402411 0.476907 0.0580239 0.479735 0.0738257 0.481583 0.0895185 0.482579 0.10639 0.482567 0.122339 0.481764 0.137934 0.480243 
0.831 -0.0570059 0.400205 -0.0428226 0.408527 -0.0299108 0.415397 -0.0169073 0.42142 -0.00247498 0.427081 0.0114118 0.431623 0.025213 0.435523 
0.811 -0.121381 0.385824 -0.108428 0.398018 -0.0964258 0.408413 -0.0840967 0.417944 -0.0701325 0.427459 -0.0564872 0.435755 -0.0427527 0.443323 
3.975 -0.0761813 -0.171634 -0.0921457 -0.16523 -0.106091 -0.15878 -0.119282 -0.151832 -0.133404 -0.143417 -0.146138 -0.134879 -0.158273 -0.125679 
4.289 0.290892 0.0543624 0.287316 0.0384211 0.283401 0.0245173 0.279102 0.0111155 0.273361 -0.00320061 0.267395 -0.0162524 0.260853 -0.0286063 
0.943 -0.167265 0.307068 -0.157709 0.321399 -0.148636 0.333816 -0.1392 0.345491 -0.128485 0.35751 -0.117802 0.368314 -0.10695 0.378498 
4.098 0.00942337 -0.163416 -0.00609755 -0.162163 -0.0198878 -0.160277 -0.0331535 -0.157857 -0.047614 -0.154357 -0.0609286 -0.150376 -0.0738389 -0.145649 
1.331 0.0929736 0.313231 0.103075 0.310946 0.111864 0.308607 0.120501 0.305892 0.129456 0.302328 0.137843 0.298543 0.145919 0.294526 
3.998 -0.0617998 -0.190809 -0.0790279 -0.18525 -0.0942057 -0.179557 -0.108577 -0.173285 -0.123957 -0.165552 -0.137898 -0.157526 -0.151394 -0.148757 
3.998 -0.0604301 -0.16821 -0.0759813 -0.162771 -0.0897151 -0.157177 -0.102662 -0.151079 -0.11652 -0.143683 -0.129173 -0.136013 -0.141067 -0.127799 
4.133 0.0354472 -0.123695 0.0221205 -0.124079 0.0102142 -0.123753 -0.00128855 -0.122848 -0.0139328 -0.121218 -0.0255877 -0.11903 -0.0370569 -0.116175 
4.055 -0.0166005 -0.152459 -0.0312018 -0.149691 -0.0441761 -0.14654 -0.0565325 -0.142815 -0.0698267 -0.138 -0.0820426 -0.132865 -0.0938419 -0.127006 
1.294 0.0772223 0.309122 0.0872233 0.307677 0.0960165 0.306105 0.104577 0.304075 0.113646 0.301285 0.122059 0.298226 0.130185 0.294896 
3.545 -0.356965 -0.16547 -0.37235 -0.142461 -0.385122 -0.121289 -0.396478 -0.100024 -0.40767 -0.0761507 -0.416884 -0.0531238 -0.424844 -0.0299631 
0.97 -0.143295 0.310492 -0.133436 0.323339 -0.124155 0.33449 -0.114534 0.344866 -0.103374 0.355442 -0.0924538 0.364884 -0.0811878 0.373701 
1.09 0.425805 0.385139 0.438667 0.36305 0.449197 0.342993 0.458605 0.322874 0.467411 0.300426 0.474511 0.278855 0.480456 0.257508 
0.933 -0.111108 0.33994 -0.0999169 0.351022 -0.0895937 0.360509 -0.078842 0.369254 -0.0667968 0.378035 -0.055035 0.385622 -0.0431195 0.392595 
0.759 -0.400794 0.287892 -0.393618 0.317461 -0.386083 0.343546 -0.377259 0.368695 -0.366245 0.395338 -0.354447 0.419909 -0.341726 0.44351 
0.771 -0.296699 0.305013 -0.288528 0.327895 -0.280058 0.348246 -0.270876 0.367595 -0.259659 0.387953 -0.248122 0.406559 -0.235837 0.424443 
0.915 -0.187125 0.307068 -0.178049 0.322633 -0.169351 0.336227 -0.160023 0.349127 -0.149212 0.362463 -0.138179 0.374449 -0.126812 0.385808 
0.834 -0.159732 0.36117 -0.147759 0.375787 -0.136388 0.388475 -0.124601 0.400276 -0.111351 0.412166 -0.0981187 0.422754 -0.0846809 0.432624 
0.771 -0.139186 0.400205 -0.125416 0.413712 -0.112608 0.425226 -0.0994143 0.435847 -0.0845184 0.446437 -0.069972 0.455657 -0.0552221 0.464072 
4.039 -0.026873 -0.178482 -0.0433776 -0.175061 -0.0578472 -0.171203 -0.0718079 -0.166803 -0.0868888 -0.161138 -0.100452 -0.15503 -0.113667 -0.148242 
1.332 -0.094672 0.189275 -0.0915884 0.198354 -0.0884196 0.20647 -0.0847465 0.214233 -0.0805243 0.222342 -0.075951 0.229934 -0.0712331 0.237138 
0.913 -0.126174 0.33857 -0.115156 0.350554 -0.104954 0.360875 -0.0942853 0.37039 -0.082318 0.379994 -0.0703438 0.388428 -0.0583259 0.396271 
0.89 -0.0857691 0.362539 -0.0735762 0.372244 -0.0623716 0.380457 -0.0508146 0.387976 -0.0380274 0.395263 -0.0255362 0.401495 -0.0130561 0.407065 
0.807 -0.154253 0.374866 -0.141747 0.389184 -0.130213 0.401492 -0.118089 0.413014 -0.104329 0.4246 -0.0908733 0.434835 -0.077061 0.444311 
3.938 -0.102205 -0.214094 -0.120539 -0.206103 -0.136643 -0.198105 -0.15191 -0.189584 -0.168044 -0.179335 -0.182623 -0.168914 -0.196561 -0.157867 
4.379 0.25528 0.00710862 0.249021 -0.00651574 0.242831 -0.018308 0.236397 -0.0295714 0.228504 -0.0413537 0.220644 -0.0519714 0.212373 -0.0618812 
3.383 -0.177537 -0.0387755 -0.185602 -0.0264203 -0.192357 -0.0150318 -0.198243 -0.00351799 -0.204146 0.00931758 -0.20896 0.0216932 -0.213051 0.0342515 
1.217 0.0696891 0.257759 0.0762475 0.257077 0.0820855 0.256266 0.0877778 0.255238 0.0938391 0.253703 0.0994481 0.251895 0.104771 0.250026 
0.75 -0.311081 0.311861 -0.302568 0.33599 -0.294016 0.357185 -0.284371 0.377582 -0.272971 0.398941 -0.261005 0.418462 -0.248271 0.437111 
0.718 -0.00358855 0.475538 0.0139609 0.481221 0.0297322 0.485486 0.0454864 0.488924 0.0626959 0.491568 0.0790683 0.493176 0.0953079 0.494148 
0.896 -0.171374 0.323504 -0.161424 0.338272 -0.151842 0.351188 -0.141711 0.363275 -0.130183 0.375674 -0.118701 0.386758 -0.106992 0.397156 
3.9 -0.120696 -0.213409 -0.138879 -0.204404 -0.154779 -0.19563 -0.169757 -0.186314 -0.185624 -0.175271 -0.199948 -0.164114 -0.213462 -0.152328 
2.643 -0.365868 -0.140816 -0.379972 -0.117302 -0.39155 -0.0956766 -0.401649 -0.073919 -0.411425 -0.0497721 -0.419317 -0.0265348 -0.425922 -0.00322397 
4.07 -0.00975209 -0.170264 -0.0256771 -0.167816 -0.0398942 -0.164943 -0.0533053 -0.161408 -0.0678534 -0.156742 -0.0812882 -0.151619 -0.0943197 -0.145856 
4.25 0.108725 -0.123011 0.095297 -0.127717 0.0829707 -0.131314 0.071049 -0.134183 0.0576469 -0.136608 0.0452023 -0.138151 0.0325116 -0.138982 
1.274 0.0998219 0.23516 0.105074 0.232726 0.109589 0.230441 0.11403 0.227972 0.118447 0.224949 0.122565 0.221958 0.126373 0.218904 
0.851 -0.12549 0.363224 -0.113368 0.375664 -0.102054 0.386199 -0.0904493 0.396009 -0.0773095 0.40585 -0.0642745 0.414491 -0.0512284 0.422366 
3.594 -0.334365 -0.218888 -0.35298 -0.196961 -0.368666 -0.176603 -0.38289 -0.155988 -0.397242 -0.132638 -0.409479 -0.109878 -0.420449 -0.0870077 
4.539 0.275825 -0.111368 0.262741 -0.125915 0.250413 -0.138218 0.237929 -0.149676 0.223462 -0.161378 0.209399 -0.171601 0.195046 -0.180793 
0.746 0.0539378 0.486495 0.0724696 0.488398 0.0890044 0.489511 0.105318 0.489688 0.122782 0.488751 0.13932 0.487047 0.155328 0.484605 
0.773 0.078592 0.500877 0.09802 0.500946 0.11518 0.500221 0.132101 0.498707 0.150128 0.495837 0.16686 0.492143 0.183243 0.487975 
4.539 0.275825 -0.129174 0.261662 -0.143812 0.248313 -0.156208 0.234887 -0.167666 0.219385 -0.179362 0.204381 -0.189548 0.189035 -0.19867 
4.094 0.0135324 -0.135338 -0.00040805 -0.134339 -0.0127295 -0.132813 -0.024536 -0.13071 -0.0375242 -0.127728 -0.0494037 -0.124237 -0.0610146 -0.120136 
0.75 -0.106999 0.42486 -0.0921771 0.436604 -0.0784951 0.44656 -0.0646031 0.455549 -0.049072 0.464366 -0.0339559 0.471969 -0.0187973 0.478647 
0.734 -0.0898781 0.439926 -0.0743304 0.450795 -0.060049 0.460037 -0.0456224 0.468335 -0.0294776 0.476326 -0.0138885 0.48299 0.00168245 0.489001 
4.531 0.271031 -0.0921929 0.259095 -0.106539 0.247805 -0.118639 0.236329 -0.130081 0.222979 -0.14174 0.209988 -0.152054 0.196688 -0.161233 
3.578 -0.325462 -0.157252 -0.340287 -0.1362 -0.352733 -0.116661 -0.363867 -0.0970658 -0.374847 -0.0749826 -0.383946 -0.0537216 -0.391935 -0.032232 
0.829 -0.219997 0.328982 -0.209828 0.346746 -0.200027 0.362293 -0.189622 0.376996 -0.17754 0.392206 -0.165388 0.40593 -0.152771 0.418855 
1.559 0.19159 0.220093 0.196634 0.211546 0.200683 0.20382 0.204407 0.196014 0.20776 0.187028 0.210567 0.178839 0.21281 0.170427 
4.215 0.0874949 -0.133283 0.073674 -0.13676 0.0610132 -0.139227 0.0490383 -0.140982 0.0354592 -0.142205 0.022957 -0.142603 0.010293 -0.14232 
1.42 -0.103575 0.120107 -0.104065 0.129467 -0.104165 0.137886 -0.103735 0.146322 -0.1029 0.155275 -0.101617 0.163653 -0.100039 0.171998 
0.798 -0.351486 0.283783 -0.344394 0.310048 -0.336878 0.333357 -0.328445 0.355673 -0.317861 0.379341 -0.306628 0.401133 -0.294614 0.422007 
2.201 -0.426133 -0.196973 -0.44396 -0.169353 -0.458773 -0.143855 -0.471867 -0.118299 -0.484752 -0.0896644 -0.495338 -0.0621695 -0.504453 -0.0344244 
4.172 0.0607862 -0.140816 0.046338 -0.142596 0.0333316 -0.143548 0.0207619 -0.143849 0.00689895 -0.143385 -0.00598034 -0.142245 -0.0185448 -0.14031 
1.769 -0.0905629 0.072853 -0.0938102 0.0815417 -0.0964757 0.0895254 -0.0984909 0.0974453 -0.100466 0.106182 -0.101728 0.114467 -0.102626 0.122802 
4.281 0.282674 0.0721682 0.280158 0.0567443 0.277269 0.0431903 0.273924 0.0301044 0.269258 0.0160849 0.264333 0.00323233 0.258749 -0.00902612 
0.861 -0.212464 0.31734 -0.203017 0.334718 -0.193794 0.349881 -0.183961 0.364285 -0.172481 0.379231 -0.160865 0.392691 -0.148905 0.40543 
1.307 0.132009 0.163252 0.133153 0.159011 0.133881 0.155224 0.134583 0.151488 0.134859 0.147269 0.135061 0.143324 0.135028 0.139613 
4.117 0.0395562 -0.0380907 0.0314017 -0.0387581 0.0239762 -0.0389114 0.016909 -0.0386955 0.00906465 -0.0380469 0.00188522 -0.0370266 -0.00520513 -0.0355801 
1.077 0.360745 0.404314 0.375041 0.386333 0.386936 0.369902 0.397838 0.353199 0.408362 0.334277 0.417453 0.316085 0.425336 0.297746 
4.043 -0.0220792 -0.116162 -0.0349208 -0.113107 -0.046252 -0.109735 -0.0569972 -0.105964 -0.0686174 -0.101143 -0.0792609 -0.096015 -0.089573 -0.0904122 
0.727 0.0128476 0.476222 0.0307855 0.48089 0.0468855 0.484329 0.0628624 0.486826 0.0801941 0.488378 0.0965808 0.488975 0.112753 0.488869 
0.765 -0.12275 0.409108 -0.108643 0.421662 -0.0956206 0.432299 -0.0822441 0.442111 -0.0672879 0.451903 -0.0526251 0.460246 -0.0378659 0.467885 
4.207 0.0922887 -0.0545268 0.0830723 -0.0583307 0.0748026 -0.0611778 0.0664981 -0.0636985 0.057111 -0.0658604 0.0486714 -0.0674011 0.0399722 -0.068435 
0.746 -0.389837 0.29611 -0.382424 0.324959 -0.374598 0.350447 -0.365549 0.375044 -0.354284 0.401105 -0.342312 0.42499 -0.329448 0.447996 
4.219 0.0991371 -0.0798658 0.0884965 -0.0839245 0.0787739 -0.0870531 0.0692652 -0.0896867 0.0585366 -0.0919305 0.0485481 -0.0934811 0.0384978 -0.0944525 
1.708 -0.150829 0.224202 -0.144248 0.2358 -0.138002 0.245911 -0.131206 0.255521 -0.123468 0.265404 -0.115558 0.274364 -0.107384 0.282872 
3.953 -0.0919326 -0.153143 -0.10647 -0.145927 -0.119244 -0.138863 -0.131296 -0.131381 -0.144046 -0.122481 -0.155488 -0.113503 -0.166476 -0.104015 
1.291 -0.0700178 0.246802 -0.0632491 0.25425 -0.0569029 0.260666 -0.050329 0.266607 -0.0428534 0.272612 -0.0355973 0.277888 -0.0281743 0.282797 
1.053 -0.152883 0.29748 -0.143979 0.310894 -0.135546 0.322594 -0.126718 0.333641 -0.116607 0.344923 -0.106518 0.355026 -0.0962185 0.36463 
0.835 -0.187125 0.341309 -0.176473 0.357316 -0.16627 0.371269 -0.155525 0.384361 -0.143251 0.397761 -0.130973 0.409845 -0.118304 0.421183 
1.312 0.0929736 0.289262 0.101786 0.287017 0.109432 0.284665 0.117002 0.282061 0.124754 0.278697 0.131981 0.275124 0.138854 0.271394 
3.645 -0.29259 -0.249706 -0.313047 -0.23034 -0.33047 -0.212266 -0.346529 -0.193714 -0.362961 -0.172555 -0.377297 -0.1519 -0.390365 -0.130743 
4.148 0.0484591 -0.16958 0.0322983 -0.170664 0.0178212 -0.170765 0.00379519 -0.170279 -0.0115708 -0.168959 -0.0258079 -0.166945 -0.0397991 -0.163996 
4.156 0.0518833 -0.121641 0.0387681 -0.122895 0.0270115 -0.123413 0.0155988 -0.123393 0.00312862 -0.122676 -0.00849088 -0.121359 -0.0199735 -0.119392 
0.854 -0.159732 0.346103 -0.148557 0.360408 -0.138065 0.37276 -0.127078 0.384316 -0.1145 0.39612 -0.102094 0.406593 -0.0894407 0.41627 
4.375 0.199123 -0.0339816 0.190918 -0.0444536 0.183087 -0.0533918 0.175137 -0.0616289 0.165844 -0.0701766 0.156783 -0.0776392 0.147467 -0.0844299 
1.272 -0.0474182 0.252965 -0.0405492 0.259215 -0.0342517 0.264576 -0.0276814 0.269519 -0.0204059 0.274409 -0.0131874 0.278654 -0.00596676 0.282569 
3.945 -0.094672 -0.0737022 -0.104446 -0.0662106 -0.113137 -0.0591169 -0.120968 -0.0518242 -0.129627 -0.0433977 -0.136748 -0.0349938 -0.1437 -0.0263686 
3.6 -0.314505 -0.176428 -0.330488 -0.155718 -0.343925 -0.136529 -0.356042 -0.117158 -0.368185 -0.0953192 -0.378395 -0.0742305 -0.387443 -0.0530408 
4.23 0.21145 0.0571018 0.208681 0.045844 0.205727 0.0359963 0.202488 0.0264523 0.19817 0.0162854 0.193615 0.00699137 0.188605 -0.00181233 
1.96 0.152554 0.145446 0.153396 0.139294 0.153789 0.133841 0.154013 0.128455 0.153709 0.122451 0.153267 0.116918 0.152264 0.111511 
1.278 -0.0570059 0.238584 -0.0508796 0.245319 -0.0451686 0.251238 -0.0392273 0.256697 -0.0326095 0.262151 -0.0260082 0.266991 -0.0194288 0.271442 
1.205 0.346364 0.327613 0.356709 0.309722 0.365184 0.293489 0.372725 0.277241 0.379772 0.259016 0.385522 0.241806 0.390202 0.224652 
0.819 -0.304232 0.288577 -0.296566 0.311882 -0.288875 0.33233 -0.280176 0.351981 -0.269664 0.372721 -0.258627 0.391652 -0.246915 0.409857 
4.168 0.0683194 0.000945076 0.0626565 -0.00157475 0.0573996 -0.00350758 0.0523555 -0.00515865 0.0465292 -0.00667621 0.0410856 -0.00778025 0.0353526 -0.008541 
3.492 -0.371346 -0.206561 -0.389291 -0.182614 -0.404353 -0.160443 -0.417829 -0.138135 -0.431275 -0.113002 -0.442505 -0.0886666 -0.452466 -0.064064 
1.267 -0.0344062 0.241323 -0.0280222 0.246891 -0.0222565 0.251716 -0.01619 0.256086 -0.0095489 0.260408 -0.00303015 0.264148 0.00353299 0.26758 
4.195 0.0854404 -0.0860293 0.0744513 -0.0895434 0.0644442 -0.0921339 0.0549387 -0.0941382 0.0439847 -0.0958139 0.0339655 -0.0967462 0.0239038 -0.0971198 
0.761 -0.33505 0.300904 -0.327203 0.326315 -0.319209 0.348715 -0.31016 0.370271 -0.299085 0.392989 -0.287435 0.413846 -0.275035 0.433904 
4.191 0.0772223 -0.241487 0.0568779 -0.244155 0.0386063 -0.24556 0.0207868 -0.246109 0.00123888 -0.245566 -0.0169767 -0.244104 -0.0348757 -0.241651 
4.117 0.29774 0.115998 0.297967 0.0999345 0.297416 0.0857158 0.296341 0.0717317 0.29402 0.0565702 0.291218 0.0425513 0.287594 0.0289191 
0.956 -0.133708 0.324873 -0.12323 0.337325 -0.113642 0.347937 -0.103541 0.357928 -0.0921743 0.368029 -0.0807715 0.377019 -0.0693383 0.385259 
1.331 0.0909191 0.333091 0.102206 0.331061 0.112023 0.328951 0.121637 0.326439 0.131847 0.322916 0.14134 0.319141 0.150377 0.315098 
0.756 -0.349432 0.301589 -0.341404 0.327932 -0.333224 0.351226 -0.323924 0.373527 -0.312574 0.397142 -0.300587 0.418824 -0.28783 0.439555 
4.426 0.220353 -0.150404 0.205001 -0.161666 0.190791 -0.170945 0.17662 -0.17936 0.160539 -0.187575 0.145133 -0.19448 0.129608 -0.200404 
4.195 0.258019 0.0906588 0.257153 0.0765658 0.255689 0.0641095 0.253837 0.0520118 0.250878 0.0389908 0.247541 0.0269663 0.243501 0.015382 
3.775 0.0799616 0.116683 0.0799615 0.114281 0.079964 0.112251 0.0800433 0.110245 0.0795934 0.108129 0.0791873 0.106159 0.0785848 0.103945 
3.637 -0.296699 -0.22916 -0.316023 -0.209561 -0.332455 -0.191197 -0.347482 -0.172564 -0.362843 -0.151273 -0.376169 -0.130483 -0.388261 -0.109393 
4.215 0.238844 0.0749075 0.236948 0.0619869 0.234603 0.0506067 0.231964 0.0396464 0.228239 0.0278661 0.224246 0.0169863 0.219698 0.00660042 
1.354 0.101876 0.300904 0.11135 0.298281 0.119594 0.295685 0.127656 0.292678 0.136127 0.288827 0.143943 0.284809 0.151378 0.280597 
4.594 0.294316 -0.116162 0.280722 -0.131826 0.267926 -0.145067 0.254947 -0.157426 0.23989 -0.170073 0.225309 -0.181084 0.210289 -0.191148 
3.605 -0.300808 -0.14698 -0.315055 -0.127373 -0.327041 -0.109137 -0.337712 -0.0908135 -0.348377 -0.070174 -0.35724 -0.0502975 -0.36502 -0.0301777 
0.785 -0.10426 0.40363 -0.0903524 0.414897 -0.0775742 0.424365 -0.0644421 0.43307 -0.0498551 0.441557 -0.0355518 0.448879 -0.0212275 0.455377 
3.926 -0.113163 -0.0812354 -0.123567 -0.0727473 -0.132616 -0.0647446 -0.140812 -0.0564946 -0.149662 -0.0470528 -0.157307 -0.037708 -0.164128 -0.0280381 
0.722 -0.346007 0.31871 -0.337375 0.345028 -0.328565 0.368271 -0.318635 0.390518 -0.306581 0.414041 -0.293975 0.435509 -0.280663 0.456076 
3.557 -0.331626 -0.12712 -0.344929 -0.10554 -0.355812 -0.0857281 -0.365499 -0.0657829 -0.374828 -0.0435239 -0.382514 -0.0221715 -0.388942 -0.000660054 
3.736 -0.211779 -0.199712 -0.229164 -0.185261 -0.244079 -0.171645 -0.257926 -0.157556 -0.272214 -0.141487 -0.284762 -0.125684 -0.296355 -0.109396 
3.666 -0.278208 -0.252445 -0.298826 -0.233908 -0.316439 -0.21655 -0.332704 -0.198685 -0.349434 -0.178192 -0.364068 -0.158218 -0.377486 -0.137597 
0.818 -0.0857691 0.396096 -0.0721763 0.406118 -0.0596598 0.414618 -0.0469175 0.42232 -0.0327513 0.429714 -0.0189574 0.435981 -0.00522641 0.441514 
3.623 -0.280263 -0.129859 -0.293612 -0.111308 -0.304737 -0.0941254 -0.314674 -0.0768293 -0.32453 -0.0574758 -0.332729 -0.0386424 -0.339858 -0.0197992 
4.41 0.213505 -0.0743871 0.202952 -0.0853466 0.193017 -0.0945974 0.183024 -0.103159 0.171424 -0.111851 0.160235 -0.119336 0.148807 -0.12605 
3.682 -0.235064 -0.121641 -0.247816 -0.105769 -0.258628 -0.0910743 -0.26834 -0.0762131 -0.278149 -0.05946 -0.286391 -0.0431882 -0.293748 -0.0266555 
1.217 -0.200137 0.268717 -0.192571 0.284717 -0.185159 0.298727 -0.177267 0.312007 -0.167895 0.325837 -0.158386 0.338364 -0.148354 0.350325 
1.271 -0.052212 0.265977 -0.0445925 0.272433 -0.0375688 0.277958 -0.0303573 0.283024 -0.022385 0.288016 -0.0145513 0.292282 -0.00673143 0.296206 
1.591 0.189536 0.239269 0.195644 0.230707 0.200617 0.222926 0.205262 0.215085 0.209617 0.206185 0.213318 0.197731 0.216442 0.189167 
4.129 0.0354472 -0.100411 0.0236916 -0.100766 0.0131203 -0.100507 0.00292991 -0.0996902 -0.00821626 -0.0982118 -0.0186012 -0.096381 -0.0288044 -0.0938387 
1.254 -0.0193398 0.250226 -0.0126894 0.25511 -0.00665335 0.259237 -0.000477771 0.262932 0.00627773 0.266518 0.0129481 0.269561 0.0195629 0.272284 
1.475 0.155979 0.259814 0.163195 0.253312 0.169255 0.247325 0.175104 0.241155 0.180776 0.234059 0.185908 0.227157 0.190532 0.220189 
3.744 -0.204931 -0.173689 -0.22091 -0.159643 -0.234652 -0.146455 -0.247311 -0.132911 -0.26048 -0.117351 -0.271888 -0.10207 -0.28248 -0.0863672 
3.621 -0.293275 -0.162731 -0.308405 -0.143403 -0.321122 -0.12556 -0.332594 -0.107504 -0.34408 -0.0871372 -0.353782 -0.0674926 -0.36237 -0.047637 
3.756 -0.191919 -0.167525 -0.207697 -0.154181 -0.221189 -0.141641 -0.233772 -0.128654 -0.246679 -0.113825 -0.257992 -0.0992999 -0.268477 -0.084264 
1.383 0.126531 0.260499 0.133676 0.255687 0.139754 0.251551 0.145655 0.247009 0.151476 0.241681 0.15683 0.236391 0.161613 0.231127 
3.764 -0.191919 -0.184646 -0.208476 -0.171318 -0.222734 -0.15855 -0.235917 -0.145469 -0.24958 -0.130561 -0.261588 -0.115833 -0.272692 -0.100692 
1.742 -0.24876 0.193384 -0.243949 0.210904 -0.238965 0.226403 -0.233226 0.241323 -0.226134 0.257123 -0.21856 0.27157 -0.210523 0.285557 
1.284 -0.0659088 0.262553 -0.058491 0.269812 -0.051723 0.276125 -0.0446755 0.281899 -0.0368229 0.287717 -0.0290761 0.292821 -0.0212631 0.297514 
1.379 -0.261772 0.221463 -0.255664 0.240174 -0.249561 0.256723 -0.242579 0.272543 -0.234163 0.289172 -0.225276 0.304371 -0.21586 0.319017 
1.379 0.112834 0.285153 0.121294 0.281915 0.128732 0.278711 0.135925 0.275229 0.143369 0.270897 0.150241 0.266482 0.156711 0.261982 
3.736 -0.188495 -0.0545268 -0.197414 -0.0414055 -0.204899 -0.0292744 -0.21149 -0.0171552 -0.218109 -0.0034838 -0.223503 0.00962125 -0.228149 0.0229036 
3.637 -0.289166 -0.205876 -0.307207 -0.186597 -0.322554 -0.168639 -0.336533 -0.150402 -0.350735 -0.129642 -0.362925 -0.109516 -0.373993 -0.0889186 
4.562 0.27788 -0.0600055 0.267804 -0.0748684 0.258187 -0.087785 0.248263 -0.0996991 0.23653 -0.11223 0.225033 -0.123266 0.213142 -0.133391 
3.67 -0.259033 -0.190809 -0.2761 -0.173515 -0.290724 -0.157319 -0.304091 -0.140951 -0.317721 -0.122146 -0.32953 -0.103859 -0.340324 -0.0851278 
3.396 0.434023 -0.032612 0.424642 -0.0564365 0.415299 -0.0772068 0.405281 -0.0971048 0.393006 -0.118112 0.380482 -0.136971 0.367183 -0.154897 
1.313 -0.0926174 0.231735 -0.0867979 0.240837 -0.0811993 0.248762 -0.0752171 0.256291 -0.0685464 0.264 -0.0616963 0.270809 -0.0546179 0.277347 
0.711 -0.318614 0.332407 -0.309365 0.357124 -0.300022 0.378926 -0.289743 0.399774 -0.277402 0.421742 -0.264607 0.441737 -0.251069 0.460889 
0.916 -0.156307 0.324873 -0.145933 0.338743 -0.136137 0.35073 -0.125786 0.36203 -0.114059 0.373512 -0.102476 0.383734 -0.0906039 0.393292 
3.674 -0.266566 -0.225736 -0.2855 -0.207795 -0.301712 -0.191022 -0.316666 -0.173878 -0.331954 -0.154234 -0.345208 -0.134966 -0.357345 -0.115319 
3.662 -0.276154 -0.236694 -0.295764 -0.218405 -0.312559 -0.201167 -0.328042 -0.183442 -0.34389 -0.163392 -0.357719 -0.143676 -0.3704 -0.123478 
4.422 0.219669 -0.0264484 0.211825 -0.0378789 0.204213 -0.0476736 0.196543 -0.0568928 0.18737 -0.0663571 0.178407 -0.0748485 0.169119 -0.0826612 
1.273 0.101876 0.209821 0.105828 0.207264 0.109142 0.204835 0.112509 0.202294 0.115707 0.199399 0.118649 0.196482 0.121368 0.19357 
4.086 0.00668402 -0.118217 -0.00604835 -0.117021 -0.0174213 -0.115286 -0.0283054 -0.113056 -0.0401766 -0.109967 -0.0510605 -0.106489 -0.0616477 -0.102461 
3.635 -0.273415 -0.146295 -0.287667 -0.128224 -0.299705 -0.111402 -0.310539 -0.0944453 -0.321373 -0.0753605 -0.330508 -0.0568877 -0.338622 -0.0381062 
1.334 0.102561 0.271456 0.110656 0.268569 0.117558 0.265773 0.12434 0.262704 0.13128 0.258799 0.137708 0.25477 0.143735 0.250594 
3.711 -0.239173 -0.247651 -0.259368 -0.231472 -0.276726 -0.216103 -0.292841 -0.20027 -0.309578 -0.182105 -0.324285 -0.164143 -0.337885 -0.145729 
3.77 -0.191234 -0.212724 -0.209496 -0.199411 -0.225221 -0.186626 -0.239868 -0.173536 -0.255139 -0.15843 -0.268616 -0.143355 -0.281203 -0.127864 
3.664 -0.256294 -0.153143 -0.270914 -0.136038 -0.283305 -0.120068 -0.2945 -0.104001 -0.305873 -0.0856509 -0.315509 -0.0679354 -0.324116 -0.0499402 
4.293 0.156663 -0.0545268 0.147195 -0.0621349 0.138373 -0.0683685 0.129565 -0.0740078 0.119457 -0.0796098 0.109842 -0.0844117 0.100094 -0.0885204 
3.684 -0.255609 -0.204506 -0.27339 -0.187373 -0.288537 -0.171352 -0.302511 -0.154862 -0.31681 -0.136163 -0.329157 -0.117893 -0.340458 -0.099134 
3.703 -0.237803 -0.207246 -0.255667 -0.191158 -0.270991 -0.175901 -0.285103 -0.160346 -0.299636 -0.142674 -0.312275 -0.125174 -0.323916 -0.10737 
4.316 0.168991 0.039296 0.165239 0.0305134 0.161385 0.0228344 0.157458 0.0155756 0.152507 0.00788646 0.147635 0.000990428 0.142442 -0.00548899 
3.619 -0.279578 -0.109314 -0.291621 -0.0908411 -0.301696 -0.0738046 -0.310577 -0.0567291 -0.319356 -0.0374094 -0.326471 -0.0190392 -0.332633 -0.000553299 
3.854 -0.107684 -0.0134365 -0.114081 -0.00542959 -0.119558 0.00203453 -0.124363 0.00963019 -0.129266 0.0181782 -0.133555 0.0264494 -0.137389 0.0347988 
3.572 -0.329571 -0.143556 -0.343694 -0.122252 -0.355441 -0.102633 -0.365865 -0.0828354 -0.376107 -0.0606117 -0.384563 -0.0394153 -0.391746 -0.0176866 
3.678 -0.263142 -0.25039 -0.28362 -0.232697 -0.301147 -0.216119 -0.317377 -0.199055 -0.334099 -0.179446 -0.348686 -0.160289 -0.362229 -0.140537 
3.654 -0.280948 -0.222997 -0.299792 -0.204373 -0.315804 -0.18687 -0.330517 -0.169026 -0.345542 -0.148752 -0.35854 -0.129068 -0.370432 -0.108939 
2.605 0.21556 0.1927 0.219021 0.182765 0.221696 0.173891 0.224051 0.165031 0.22581 0.155225 0.227143 0.145964 0.227946 0.136865 
3.645 -0.26999 -0.160677 -0.285082 -0.142699 -0.297811 -0.126037 -0.309379 -0.109111 -0.321018 -0.0899863 -0.330855 -0.0715036 -0.339653 -0.0526194 
4.441 0.228571 -0.0606903 0.218646 -0.0725828 0.209219 -0.0827167 0.19969 -0.092092 0.188558 -0.101712 0.177692 -0.110204 0.16661 -0.11784 
3.549 -0.362444 -0.2319 -0.38173 -0.208455 -0.397867 -0.18661 -0.412536 -0.164535 -0.427172 -0.139649 -0.439634 -0.115637 -0.450734 -0.0911813 
3.689 -0.242597 -0.18807 -0.259454 -0.171868 -0.273831 -0.156616 -0.287046 -0.141071 -0.30064 -0.123255 -0.312394 -0.105867 -0.323168 -0.0879998 
3.914 -0.115902 -0.227791 -0.134749 -0.219125 -0.151308 -0.210603 -0.166893 -0.201439 -0.183433 -0.190516 -0.198341 -0.179466 -0.212484 -0.167765 
3.666 -0.248076 -0.138762 -0.261879 -0.122222 -0.273536 -0.106876 -0.284064 -0.0913606 -0.294689 -0.0738459 -0.303748 -0.0568505 -0.311825 -0.0395323 
3.699 -0.247391 -0.221627 -0.266141 -0.205071 -0.28212 -0.189433 -0.296928 -0.173537 -0.31221 -0.155203 -0.325562 -0.137214 -0.33781 -0.118857 
3.633 -0.301493 -0.282578 -0.324027 -0.262569 -0.343291 -0.243772 -0.361088 -0.224569 -0.379446 -0.202437 -0.395464 -0.180877 -0.410169 -0.15871 
0.781 -0.319984 0.29474 -0.312288 0.319053 -0.304494 0.34048 -0.295609 0.361079 -0.28482 0.382829 -0.273489 0.402714 -0.261424 0.421916 
4.074 0.000520477 -0.0819203 -0.0100224 -0.080322 -0.0193492 -0.0786106 -0.0283109 -0.0762425 -0.0380847 -0.0733556 -0.0470064 -0.0700542 -0.0556756 -0.0663233 
3.691 -0.233009 -0.147665 -0.247354 -0.131909 -0.259511 -0.117232 -0.27063 -0.102235 -0.281898 -0.0852407 -0.2915 -0.068747 -0.300237 -0.0519573 
3.678 -0.25013 -0.16821 -0.265523 -0.151439 -0.278566 -0.135737 -0.290454 -0.119755 -0.302599 -0.101722 -0.312986 -0.0840667 -0.322335 -0.0661104 
0.89 -0.246021 0.285153 -0.237849 0.304272 -0.229855 0.321008 -0.2211 0.336921 -0.210669 0.353699 -0.199947 0.368951 -0.188767 0.383398 
3.617 -0.302178 -0.182591 -0.318295 -0.162962 -0.33195 -0.144618 -0.344267 -0.126091 -0.356672 -0.105251 -0.367225 -0.0849848 -0.37664 -0.06449 
3.449 0.40389 0.0290234 0.398526 0.00669689 0.392521 -0.0128482 0.385952 -0.0315053 0.377487 -0.051638 0.368572 -0.0698912 0.358784 -0.0873026 
3.711 -0.228215 -0.181907 -0.244787 -0.166455 -0.259007 -0.151832 -0.272069 -0.136976 -0.285411 -0.11998 -0.297072 -0.10335 -0.307741 -0.0862264 
4.133 0.0470894 -0.0641145 0.0374498 -0.0651716 0.0287018 -0.0654213 0.0203262 -0.0654392 0.0110557 -0.0649227 0.00253298 -0.0639178 -0.00586711 -0.0624834 
3.576 -0.311081 -0.118217 -0.323692 -0.0978412 -0.334145 -0.0789909 -0.34329 -0.0601754 -0.352268 -0.0390555 -0.359503 -0.0187973 -0.36574 0.00152797 
1.229 0.0162717 0.339255 0.0281845 0.341987 0.0388779 0.343776 0.0495614 0.344943 0.0610683 0.345332 0.0719156 0.345686 0.0825205 0.34534 
4.379 0.198439 -0.0757567 0.187744 -0.0859077 0.177689 -0.0944384 0.167649 -0.102225 0.156056 -0.110059 0.144943 -0.116849 0.133573 -0.122791 
4.398 0.217614 0.00162991 0.211698 -0.0101442 0.20583 -0.0203144 0.199813 -0.0299162 0.192379 -0.0400371 0.185055 -0.0491031 0.177347 -0.0575762 
3.617 -0.31382 -0.246281 -0.333986 -0.225687 -0.351203 -0.206359 -0.366971 -0.1867 -0.383036 -0.164528 -0.396909 -0.142499 -0.409595 -0.120313 
3.744 -0.215203 -0.242172 -0.235189 -0.227486 -0.252429 -0.213324 -0.268511 -0.198825 -0.285267 -0.182 -0.30002 -0.16526 -0.313827 -0.148133 
3.795 -0.178907 -0.221627 -0.197661 -0.208819 -0.2139 -0.196546 -0.229069 -0.18378 -0.244888 -0.169116 -0.258917 -0.154438 -0.272066 -0.139221 
1.188 -0.0213943 0.3598 -0.00857193 0.364794 0.00299582 0.368755 0.0146087 0.372128 0.0273269 0.374918 0.0394474 0.376962 0.051424 0.378446 
3.693 -0.253554 -0.262033 -0.274732 -0.244983 -0.292941 -0.228845 -0.30989 -0.212174 -0.327374 -0.192906 -0.34276 -0.173908 -0.356982 -0.154378 
4.25 0.23405 0.035187 0.230112 0.0223486 0.225937 0.0111912 0.221434 0.000502088 0.215642 -0.0108727 0.209791 -0.0212465 0.203331 -0.0309965 
3.967 -0.0789207 -0.0853445 -0.0897752 -0.0787805 -0.0992437 -0.0724175 -0.108111 -0.0657559 -0.117445 -0.0580146 -0.125835 -0.0502044 -0.133627 -0.0420274 
1.661 0.201863 0.193384 0.205348 0.184148 0.208057 0.175858 0.210419 0.167622 0.212287 0.158511 0.2137 0.149907 0.214532 0.141322 
1.318 -0.0960416 0.247487 -0.089318 0.256631 -0.0830081 0.264519 -0.0763962 0.27186 -0.0688035 0.279474 -0.0611511 0.286273 -0.0534802 0.292595 
3.189 -0.323408 -0.0928777 -0.334792 -0.0718307 -0.343767 -0.0524284 -0.351687 -0.0330561 -0.359092 -0.0114991 -0.365047 0.00914315 -0.369939 0.0298942 
3.467 -0.359019 -0.123695 -0.372339 -0.100544 -0.383187 -0.0792019 -0.392627 -0.0577086 -0.401685 -0.0335908 -0.408979 -0.0105661 -0.41498 0.0124567 
4.32 0.167621 -0.196288 0.149622 -0.204142 0.133242 -0.210262 0.11712 -0.215542 0.0990382 -0.220279 0.0819902 -0.223756 0.0649866 -0.2262 
1.241 -0.00769758 0.309122 0.00246719 0.313168 0.0116505 0.316415 0.0208439 0.319131 0.0309217 0.321479 0.0406413 0.323106 0.0500916 0.324362 
3.486 -0.372031 -0.190125 -0.388974 -0.165818 -0.403121 -0.143479 -0.415736 -0.121107 -0.428188 -0.0961003 -0.438531 -0.0715228 -0.44752 -0.0469291 
3.893 -0.133023 -0.0839748 -0.143338 -0.074449 -0.152058 -0.065496 -0.160074 -0.0563505 -0.168666 -0.0459746 -0.175847 -0.0357768 -0.182829 -0.0253408 
4.156 0.0621559 -0.011382 0.0555927 -0.0136365 0.0495508 -0.0151592 0.0437547 -0.0164578 0.0371586 -0.0174857 0.0310236 -0.0181746 0.0249122 -0.0185093 
4.223 0.295686 0.089974 0.294531 0.073532 0.292682 0.0591905 0.290341 0.045046 0.286661 0.0299705 0.282529 0.0160852 0.277569 0.00281956 
3.98 -0.0720723 -0.10315 -0.0837614 -0.0968792 -0.0939555 -0.0907399 -0.103437 -0.0843298 -0.113648 -0.0767794 -0.122653 -0.0691505 -0.131197 -0.0611211 
3.297 0.438132 0.0338173 0.432528 0.00944987 0.426545 -0.0117761 0.419706 -0.0323651 0.410856 -0.0541952 0.401493 -0.0742642 0.391238 -0.0933808 
3.828 -0.159732 -0.306547 -0.183436 -0.29498 -0.204135 -0.283677 -0.223681 -0.271774 -0.24433 -0.257507 -0.262925 -0.243101 -0.280548 -0.227937 
3.756 -0.208355 -0.306547 -0.232034 -0.292207 -0.252608 -0.278435 -0.271944 -0.263982 -0.292244 -0.247102 -0.310371 -0.230238 -0.32743 -0.212594 
3.969 -0.0796055 -0.135338 -0.0933386 -0.128787 -0.105306 -0.122273 -0.11674 -0.11545 -0.128687 -0.107287 -0.13938 -0.0989414 -0.149616 -0.0901454 
4.301 0.160088 -0.179852 0.143139 -0.187513 0.127658 -0.193478 0.112452 -0.198656 0.0954252 -0.203288 0.0792518 -0.206865 0.0631798 -0.209415 
4.508 0.25665 -0.116847 0.243177 -0.130276 0.23055 -0.141657 0.217869 -0.152091 0.203237 -0.162724 0.189082 -0.171868 0.174624 -0.179987 
3.824 -0.163841 -0.291481 -0.186718 -0.279663 -0.206693 -0.268157 -0.225465 -0.256089 -0.245267 -0.241645 -0.263095 -0.227112 -0.27997 -0.211839 
3.939 -0.103575 -0.102465 -0.115238 -0.0945722 -0.125265 -0.086982 -0.134654 -0.0790762 -0.144476 -0.0699518 -0.153222 -0.060906 -0.161355 -0.0514414 
3.588 -0.313135 -0.136022 -0.326824 -0.115455 -0.338206 -0.0965028 -0.34831 -0.077439 -0.358279 -0.0561372 -0.366417 -0.0355823 -0.373544 -0.0148396 
3.709 -0.237803 -0.232585 -0.257119 -0.216364 -0.273727 -0.201007 -0.289088 -0.185256 -0.304975 -0.167239 -0.318853 -0.14947 -0.331692 -0.131227 
4.363 0.19159 -0.108629 0.17869 -0.118129 0.166764 -0.126008 0.154923 -0.133135 0.141372 -0.14018 0.128377 -0.146087 0.115302 -0.15114 
3.727 -0.223421 -0.218888 -0.242031 -0.203586 -0.258015 -0.189222 -0.272833 -0.174401 -0.288154 -0.157438 -0.30161 -0.140666 -0.314075 -0.1233 
3.92 -0.111793 -0.156568 -0.126498 -0.14819 -0.139394 -0.140193 -0.151374 -0.131762 -0.164138 -0.121823 -0.175358 -0.111793 -0.186061 -0.101372 
1.439 0.188851 0.161197 0.190528 0.152723 0.191589 0.145143 0.192434 0.137649 0.192646 0.1294 0.1926 0.121591 0.192105 0.114015 
3.756 -0.203561 -0.225051 -0.222571 -0.21094 -0.23899 -0.197364 -0.25427 -0.183485 -0.27018 -0.167349 -0.284188 -0.151442 -0.297267 -0.135143 
3.787 -0.18781 -0.273675 -0.209881 -0.26043 -0.22899 -0.247591 -0.246909 -0.234305 -0.265778 -0.218627 -0.282622 -0.202982 -0.298429 -0.186509 
1.591 0.177893 0.292001 0.187062 0.284329 0.194869 0.277177 0.202268 0.269809 0.209745 0.261489 0.216428 0.253159 0.222561 0.244624 
4.051 -0.0152308 -0.0757567 -0.0255355 -0.0728735 -0.034691 -0.0698086 -0.0433277 -0.0664082 -0.0526431 -0.0622305 -0.0610402 -0.0577783 -0.0691456 -0.0529074 
1.531 0.164197 0.270771 0.172075 0.263999 0.178769 0.257792 0.1851 0.251279 0.191311 0.24401 0.196834 0.237046 0.201845 0.230096 
4.422 0.223093 -0.011382 0.216044 -0.0231708 0.209174 -0.0332709 0.202269 -0.042865 0.193748 -0.052861 0.185573 -0.0617394 0.176793 -0.0699533 
4.277 0.145021 -0.00316395 0.139093 -0.0102477 0.13305 -0.016386 0.127531 -0.0219198 0.120829 -0.0276428 0.114293 -0.032769 0.107596 -0.0373514 
3.605 -0.296699 -0.129174 -0.309923 -0.109559 -0.320951 -0.0914494 -0.330694 -0.0732557 -0.340324 -0.0528576 -0.348258 -0.0332122 -0.35518 -0.0134736 
4.312 0.165566 -0.0189152 0.15855 -0.0272118 0.151874 -0.0342719 0.14517 -0.0408046 0.137206 -0.0475008 0.129566 -0.0534204 0.121657 -0.0586534 
1.236 0.0751678 0.286522 0.0839523 0.285363 0.0916578 0.283992 0.0992437 0.282269 0.107104 0.279822 0.114465 0.277163 0.121576 0.27419 
3.938 -0.0994658 -0.134653 -0.11315 -0.126969 -0.125072 -0.119498 -0.136234 -0.11169 -0.148279 -0.1025 -0.158847 -0.0932423 -0.169067 -0.0835274 
4.191 0.0758526 -0.166155 0.059855 -0.168589 0.0454278 -0.16998 0.0314147 -0.170769 0.0159357 -0.170785 0.00161072 -0.169899 -0.0125366 -0.168216 
4.473 0.242268 -0.015491 0.235163 -0.0285865 0.228156 -0.0397545 0.220939 -0.0503249 0.212207 -0.0615213 0.203657 -0.0713434 0.194575 -0.0805053 
3.543 -0.348747 -0.146295 -0.36295 -0.123495 -0.374665 -0.10277 -0.384997 -0.0817394 -0.395076 -0.0582936 -0.403237 -0.0359812 -0.410202 -0.0134873 
1.256 -0.0282427 0.281044 -0.0199713 0.286184 -0.0124669 0.290481 -0.00477548 0.294359 0.00363096 0.298045 0.0118523 0.301113 0.0199894 0.303789 
3.961 -0.0857691 -0.0545268 -0.0945941 -0.0474835 -0.102248 -0.0408344 -0.109288 -0.0339612 -0.116601 -0.0260625 -0.122851 -0.0182682 -0.129168 -0.0102526 
3.662 -0.27273 -0.199712 -0.290277 -0.181677 -0.305261 -0.164873 -0.318956 -0.147745 -0.33295 -0.128156 -0.344989 -0.109151 -0.355929 -0.0896852 
1.305 -0.0857691 0.286522 -0.0766606 0.29508 -0.0681623 0.302477 -0.0594433 0.309236 -0.0499792 0.315874 -0.0405221 0.321682 -0.0310172 0.327013 
1.332 -0.109738 0.218039 -0.104453 0.227852 -0.0995164 0.236397 -0.0941695 0.24451 -0.0879196 0.252921 -0.081423 0.260661 -0.0746625 0.267903 
3.781 -0.183016 -0.0791809 -0.193249 -0.0664237 -0.201869 -0.054575 -0.209562 -0.0425914 -0.217377 -0.0291144 -0.223888 -0.0160567 -0.229779 -0.00278558 
4.273 0.142967 -0.0606903 0.133156 -0.0675407 0.124079 -0.0732615 0.115132 -0.0783628 0.104877 -0.0834216 0.0951376 -0.0876076 0.0852062 -0.0910924 
1.072 -0.000849199 0.366648 0.0121138 0.370325 0.023827 0.373135 0.0354964 0.375356 0.0481961 0.376905 0.0603292 0.377794 0.0721162 0.378156 
0.987 -0.0597452 0.346103 -0.0476863 0.353357 -0.0366549 0.359477 -0.0253965 0.364934 -0.0130996 0.37007 -0.00112624 0.374437 0.0108509 0.378101 
4.184 0.0792768 -0.011382 0.0726238 -0.0144296 0.0665128 -0.0168399 0.060554 -0.0189004 0.0538668 -0.0207816 0.0474882 -0.0222443 0.0411812 -0.0232559 
4.277 0.149815 -0.0880838 0.138758 -0.0956523 0.128472 -0.101639 0.118335 -0.107063 0.106799 -0.112207 0.0958065 -0.116489 0.0847172 -0.119971 
1.331 -0.115217 0.27625 -0.106676 0.286483 -0.0987458 0.295441 -0.0906294 0.303556 -0.0811266 0.311961 -0.0717306 0.319364 -0.0623384 0.326265 
4.102 0.0265443 -0.0524723 0.0174933 -0.0524028 0.00947386 -0.0519162 0.00171639 -0.0510448 -0.00677641 -0.0496497 -0.0146391 -0.047983 -0.0222689 -0.0456819 
3.809 -0.174113 -0.262717 -0.195615 -0.250322 -0.214234 -0.238333 -0.23176 -0.225756 -0.250153 -0.211043 -0.266631 -0.196278 -0.282203 -0.180756 
1.356 0.112149 0.261183 0.119036 0.258071 0.125261 0.254904 0.131027 0.251704 0.137137 0.247643 0.142868 0.243527 0.147959 0.239428 
3.6 -0.311766 -0.160677 -0.326974 -0.140057 -0.339665 -0.121132 -0.351056 -0.101975 -0.362418 -0.0805219 -0.371897 -0.0597493 -0.380214 -0.0388472 
3.631 -0.283687 -0.175058 -0.299438 -0.156305 -0.31277 -0.138714 -0.324799 -0.121087 -0.336897 -0.101125 -0.347214 -0.0816785 -0.356482 -0.0620775 
3.945 -0.0974113 -0.0880838 -0.108423 -0.0805813 -0.118003 -0.0733561 -0.126805 -0.0658837 -0.136145 -0.0571985 -0.144337 -0.0485727 -0.15211 -0.0395785 
4.457 0.238844 -0.139447 0.224096 -0.151892 0.210337 -0.16195 0.196608 -0.17156 0.180871 -0.180982 0.165756 -0.188902 0.150476 -0.195913 
1.215 0.0464046 0.263923 0.0535358 0.264753 0.0599546 0.265287 0.0664753 0.265437 0.0733188 0.265127 0.0797851 0.264519 0.0860639 0.263744 
4.289 0.147761 -0.143556 0.133021 -0.150476 0.11954 -0.155822 0.106285 -0.160704 0.0914129 -0.164953 0.0773066 -0.168272 0.0632124 -0.170642 
1.312 -0.0912478 0.271456 -0.0830636 0.280253 -0.0755082 0.287869 -0.0676208 0.294861 -0.0587828 0.301927 -0.0496802 0.308215 -0.0409641 0.313924 
1.389 0.136118 0.235844 0.141781 0.230952 0.146619 0.226432 0.151112 0.221697 0.155663 0.216227 0.159651 0.210843 0.163311 0.205512 
1.354 -0.117956 0.189275 -0.114457 0.199391 -0.111132 0.208678 -0.107193 0.217393 -0.10257 0.226678 -0.097623 0.235087 -0.0924641 0.243239 
1.378 0.139543 0.210505 0.143648 0.205598 0.147213 0.200901 0.150415 0.19631 0.153507 0.190858 0.156234 0.185788 0.158616 0.180738 
3.586 -0.33368 -0.190809 -0.350749 -0.168654 -0.365097 -0.148148 -0.37799 -0.127431 -0.390872 -0.104059 -0.401681 -0.0815063 -0.411213 -0.0585292 
4.422 0.214875 -0.0428845 0.205945 -0.053846 0.197465 -0.0632087 0.188982 -0.0721943 0.178903 -0.0813165 0.169089 -0.0893304 0.159023 -0.0969445 
3.811 -0.167265 -0.120271 -0.179811 -0.108553 -0.19052 -0.0975891 -0.20041 -0.086257 -0.210587 -0.0733011 -0.219438 -0.0606575 -0.227595 -0.0476725 
4.355 0.184057 -0.0483632 0.175208 -0.0579042 0.166932 -0.0660585 0.158617 -0.0735254 0.148877 -0.0811456 0.139405 -0.0878788 0.129817 -0.0938169 
4.012 -0.048103 -0.141501 -0.0618064 -0.137153 -0.0738688 -0.132626 -0.0853375 -0.127612 -0.0976836 -0.121439 -0.108827 -0.11507 -0.119576 -0.10807 
3.846 -0.131653 -0.0291878 -0.138886 -0.0195847 -0.144979 -0.0106725 -0.15038 -0.00169814 -0.155885 0.00836309 -0.160341 0.0181482 -0.164339 0.0279028 
1.271 -0.0289275 0.218039 -0.02417 0.223155 -0.0196879 0.227701 -0.0151662 0.231736 -0.0101467 0.235915 -0.00521287 0.239554 -0.000231073 0.242977 
4.188 0.113519 0.0694288 0.11186 0.0640903 0.109826 0.0594612 0.107798 0.0550039 0.10525 0.0502959 0.102706 0.0459836 0.0997758 0.0420246 
4.027 -0.0412546 -0.181907 -0.0578486 -0.177558 -0.0725107 -0.172941 -0.0865085 -0.167807 -0.101723 -0.161347 -0.115397 -0.154511 -0.1285 -0.14692 
3.609 -0.319299 -0.227791 -0.338277 -0.206804 -0.354342 -0.187125 -0.368982 -0.167276 -0.383876 -0.144652 -0.396497 -0.122773 -0.408035 -0.100438 
3.418 0.385399 0.094083 0.383856 0.0725065 0.381402 0.0536491 0.37835 0.035289 0.373456 0.01537 0.368141 -0.00288022 0.361909 -0.0203662 
1.288 -0.0707026 0.27625 -0.0623237 0.283979 -0.0547536 0.290455 -0.046737 0.296552 -0.0379373 0.302533 -0.0292553 0.307733 -0.0206568 0.312444 
3.941 -0.10289 -0.0606903 -0.112139 -0.0528824 -0.120153 -0.0455023 -0.127369 -0.037884 -0.135009 -0.0292231 -0.141468 -0.0206427 -0.147655 -0.0118362 
1.018 0.10941 0.407739 0.124736 0.404904 0.138156 0.401847 0.151208 0.398096 0.16504 0.393144 0.177885 0.387829 0.190057 0.382044 
3.934 -0.0933023 -0.0120668 -0.0996241 -0.00488215 -0.104969 0.0018392 -0.109733 0.00866522 -0.114731 0.0163549 -0.118953 0.0238736 -0.122764 0.0315189 
3.793 -0.176852 -0.095617 -0.187965 -0.0834886 -0.197504 -0.0718836 -0.206117 -0.0601927 -0.214926 -0.0469131 -0.222331 -0.0340545 -0.229117 -0.0208365 
1.383 0.314176 0.298849 0.32326 0.282523 0.330808 0.267782 0.337493 0.253005 0.343459 0.236433 0.348464 0.220719 0.352362 0.205103 
3.623 -0.309026 -0.261348 -0.330061 -0.240878 -0.347926 -0.221916 -0.364454 -0.202399 -0.381403 -0.180197 -0.39601 -0.158486 -0.409437 -0.136243 
3.109 0.444295 0.170785 0.446877 0.145578 0.448125 0.123149 0.448245 0.101339 0.446907 0.0774106 0.444515 0.0553146 0.440762 0.0337072 
3.578 -0.339159 -0.173689 -0.355039 -0.151669 -0.36831 -0.131259 -0.380118 -0.110896 -0.391901 -0.087837 -0.401702 -0.0655599 -0.410412 -0.0431297 
1.205 0.0642104 0.389248 0.0786138 0.389138 0.0913306 0.388684 0.103878 0.387297 0.117227 0.385091 0.129747 0.382464 0.141791 0.379337 
4.293 0.318285 0.0906588 0.317124 0.0730518 0.315321 0.0574869 0.312878 0.0423263 0.309064 0.0260394 0.304753 0.0108567 0.299579 -0.00362813 
4.102 0.0217504 -0.0730174 0.0118024 -0.0725254 0.00298872 -0.071565 -0.00546579 -0.0702749 -0.0147947 -0.0684554 -0.023297 -0.0661826 -0.0316404 -0.0635368 
1.329 -0.110423 0.257074 -0.103054 0.267075 -0.0962572 0.275754 -0.0889325 0.283867 -0.0806931 0.292161 -0.0723813 0.299583 -0.0640822 0.30655 
4.086 0.00325983 -0.175743 -0.0128322 -0.174016 -0.0270992 -0.171687 -0.0408575 -0.168801 -0.0557737 -0.164816 -0.0695363 -0.160332 -0.0827903 -0.155092 
4.008 -0.0385153 -0.057951 -0.0475683 -0.0539324 -0.0555746 -0.0498918 -0.0630794 -0.0455455 -0.0711547 -0.0403718 -0.0783893 -0.035046 -0.0852735 -0.029387 
2.182 -0.440515 -0.199712 -0.458661 -0.171073 -0.473804 -0.144676 -0.487223 -0.118087 -0.500317 -0.0881543 -0.510971 -0.0595624 -0.520092 -0.0306785 
4.586 0.288152 -0.103835 0.275535 -0.119271 0.263609 -0.132372 0.251445 -0.144654 0.237276 -0.157269 0.223493 -0.168303 0.209281 -0.178252 
1.432 0.179263 0.176264 0.181658 0.168445 0.183317 0.161519 0.184827 0.154743 0.185774 0.147198 0.186398 0.140072 0.186545 0.13311 
1.287 -0.043994 0.208451 -0.039703 0.214406 -0.0357657 0.219631 -0.0311184 0.224615 -0.0263655 0.229615 -0.0213952 0.234163 -0.0162609 0.238398 
1.298 -0.0748117 0.233105 -0.0689788 0.240951 -0.0633767 0.247873 -0.0574309 0.254301 -0.0507557 0.260869 -0.0440697 0.266677 -0.0374189 0.272176 
4.496 0.25391 -0.0613752 0.243941 -0.074667 0.234477 -0.0864229 0.22484 -0.0971284 0.213441 -0.108289 0.202359 -0.11807 0.19083 -0.126986 
4.031 -0.0296124 -0.0908232 -0.0405795 -0.0873765 -0.0502536 -0.0837282 -0.0593765 -0.0797518 -0.0692058 -0.0748823 -0.0781226 -0.0698103 -0.0866577 -0.0643015 
4.332 0.182687 0.035187 0.17842 0.025972 0.17422 0.0179732 0.16983 0.0103722 0.164448 0.0024144 0.159119 -0.00486459 0.153508 -0.0115388 
4.215 0.0963978 -0.0942474 0.0848624 -0.0981913 0.0745448 -0.10111 0.0640353 -0.103581 0.0521526 -0.105644 0.0411352 -0.106945 0.0301676 -0.107552 
4.082 0.010793 -0.057951 0.00148332 -0.0568751 -0.00680838 -0.0554438 -0.0147592 -0.0537494 -0.0234363 -0.0513551 -0.0313489 -0.0487522 -0.0390669 -0.0456461 
3.951 -0.0891933 -0.109314 -0.10133 -0.102196 -0.112005 -0.0953074 -0.121874 -0.0880603 -0.132636 -0.0796259 -0.142033 -0.0711199 -0.150917 -0.0622044 
4.227 0.25391 0.0721682 0.251786 0.0584071 0.249441 0.0464465 0.246614 0.0347911 0.242571 0.0222555 0.238141 0.0107089 0.233193 -0.000145882 
1.265 -0.0419395 0.278304 -0.0335516 0.284152 -0.0256962 0.289284 -0.0176644 0.293829 -0.00905028 0.298122 -0.000683172 0.30182 0.00754621 0.305002 
3.955 0.117628 0.0968224 0.117103 0.0914092 0.116407 0.0866965 0.115619 0.0820923 0.114347 0.0771215 0.112974 0.0725015 0.111321 0.0681629 
1.332 -0.106314 0.202287 -0.102308 0.211982 -0.0983436 0.220735 -0.0938958 0.228892 -0.0887433 0.23745 -0.0833283 0.245164 -0.0775167 0.252647 
3.652 -0.261088 -0.133283 -0.274553 -0.115835 -0.285896 -0.0997601 -0.29609 -0.0834636 -0.306338 -0.0650845 -0.314899 -0.0473839 -0.322547 -0.0293454 
3.908 -0.119326 -0.100411 -0.130959 -0.0915669 -0.141156 -0.0831471 -0.150498 -0.074461 -0.160437 -0.0644514 -0.169197 -0.0545785 -0.177157 -0.044269 
3.283 0.455938 0.00299959 0.44844 -0.022238 0.440947 -0.0442825 0.432638 -0.0656662 0.422016 -0.0883907 0.410716 -0.108656 0.398635 -0.128088 
1.27 -0.0535817 0.290631 -0.0444119 0.297423 -0.0360532 0.303307 -0.0274607 0.308531 -0.0180744 0.313667 -0.00896785 0.317971 7.728e-05 0.321807 
0.776 -0.0754965 0.419381 -0.0606395 0.429222 -0.0472338 0.437341 -0.0335533 0.444543 -0.0183744 0.451523 -0.00372293 0.457305 0.0109158 0.462336 
1.758 -0.167265 0.111889 -0.168493 0.125111 -0.169065 0.137052 -0.168972 0.148803 -0.16842 0.161439 -0.167212 0.173416 -0.165303 0.185242 
3.898 -0.118641 -0.27162 -0.140239 -0.262636 -0.159197 -0.253615 -0.177259 -0.244095 -0.196395 -0.232617 -0.213737 -0.220854 -0.230229 -0.208313 
1.613 0.200493 0.209136 0.204821 0.200091 0.208299 0.191805 0.211386 0.183737 0.214027 0.174535 0.216125 0.16572 0.217631 0.157054 
4.32 0.264183 0.0345021 0.260068 0.0201434 0.255759 0.00765564 0.251078 -0.00431422 0.244984 -0.0170878 0.238602 -0.028734 0.231696 -0.0397991 
1.459 0.351842 0.307068 0.361434 0.288712 0.369368 0.272226 0.376269 0.255182 0.382517 0.236307 0.387678 0.218442 0.3917 0.200829 
1.252 0.0813313 0.266662 0.088579 0.265205 0.0950129 0.263775 0.101319 0.262062 0.10783 0.259647 0.113877 0.257134 0.119684 0.254417 
