0.78 -0.0261882 0.433078 0.0329 0.430225 0.0873266 0.430055 0.141012 0.430466 0.197243 0.431188 0.253697 0.434127 0.311138 0.438102 
1.064 -0.296014 0.303643 -0.290136 0.317073 -0.231003 0.312132 -0.174747 0.307557 -0.117913 0.303232 -0.0629224 0.300506 -0.00891744 0.29852 
4.23 -0.118641 -0.299699 -0.0601177 -0.29856 -0.00654944 -0.29733 0.0459748 -0.297921 0.100439 -0.30028 0.155063 -0.302841 0.210444 -0.306491 
4.051 -0.200137 -0.14698 -0.140077 -0.145729 -0.085721 -0.144048 -0.0332462 -0.143671 0.0206471 -0.144508 0.0741817 -0.145271 0.128095 -0.146761 
4.207 -0.131653 -0.309971 -0.0729476 -0.308571 -0.0192458 -0.307089 0.0332366 -0.307428 0.0876064 -0.309589 0.141989 -0.311946 0.1971 -0.315469 
1.468 -0.224106 0.187906 -0.162531 0.184372 -0.107334 0.182859 -0.0540087 0.181266 0.000565035 0.179554 0.0542913 0.179221 0.108088 0.179247 
4.035 -0.178222 -0.0387755 -0.118529 -0.038939 -0.0646585 -0.0383053 -0.0122846 -0.0384855 0.0415812 -0.0395775 0.0952062 -0.040183 0.149281 -0.0411123 
4.25 -0.107684 -0.31545 -0.0492315 -0.314514 0.0043734 -0.313558 0.0569413 -0.314372 0.11146 -0.31708 0.166216 -0.319996 0.221745 -0.324115 
4.066 -0.177537 -0.0990412 -0.117878 -0.0985514 -0.0639725 -0.0974627 -0.0116261 -0.0974781 0.042227 -0.0986599 0.0958741 -0.0995331 0.149947 -0.100942 
4.129 -0.115902 -0.036721 -0.0574595 -0.0372796 -0.00422026 -0.0368627 0.0479647 -0.0373453 0.102226 -0.038749 0.156746 -0.0395439 0.212205 -0.0407269 
4.344 -0.0063279 -0.157937 0.0513979 -0.159061 0.105078 -0.159628 0.158561 -0.161519 0.214929 -0.16482 0.272166 -0.167849 0.33095 -0.171508 
3.367 0.122422 0.0755924 0.182108 0.0751145 0.238565 0.0759335 0.295484 0.0763459 0.35629 0.0759876 0.418739 0.0766606 0.483637 0.0774737 
4.184 -0.146035 -0.309286 -0.0870818 -0.307544 -0.033278 -0.30581 0.0192337 -0.305929 0.0734844 -0.307793 0.127684 -0.309914 0.182454 -0.313179 
4.129 -0.184386 -0.300384 -0.124802 -0.297944 -0.0706392 -0.295485 -0.0180174 -0.294874 0.0361134 -0.295933 0.0899656 -0.297249 0.144213 -0.299707 
4.145 -0.172743 -0.325723 -0.113353 -0.323292 -0.0592992 -0.320948 -0.0066579 -0.320442 0.0474831 -0.321791 0.101452 -0.323439 0.155855 -0.326292 
4.152 -0.169319 -0.306547 -0.110017 -0.304291 -0.0560443 -0.30211 -0.00344806 -0.301681 0.0506925 -0.303045 0.104673 -0.304678 0.159102 -0.307452 
4.234 -0.117956 -0.338734 -0.0594261 -0.337429 -0.00581034 -0.336165 0.0467582 -0.336777 0.101227 -0.339276 0.155838 -0.342099 0.211239 -0.346164 
0.893 -0.352171 0.350212 -0.285519 0.341631 -0.226426 0.336097 -0.170205 0.331024 -0.113335 0.326276 -0.0583361 0.32325 -0.00427401 0.321059 
4.094 -0.159732 -0.0969867 -0.100611 -0.0967089 -0.0469967 -0.0957494 0.00521285 -0.0958756 0.0591882 -0.0971181 0.113 -0.0980868 0.167501 -0.0995582 
3.975 -0.243967 -0.146295 -0.182566 -0.14453 -0.127342 -0.142403 -0.0742143 -0.141537 -0.02012 -0.141907 0.0332207 -0.14214 0.08658 -0.143202 
4.184 -0.14535 -0.292165 -0.0864396 -0.29056 -0.0326453 -0.288927 0.0198331 -0.28904 0.0740841 -0.290904 0.128259 -0.292949 0.183082 -0.296085 
4.254 -0.10426 -0.345583 -0.0458437 -0.344569 0.00771466 -0.343545 0.0603447 -0.344452 0.11492 -0.347249 0.169764 -0.350417 0.2254 -0.354805 
4.184 -0.14535 -0.341474 -0.0863866 -0.339576 -0.0325874 -0.337734 0.0199841 -0.337831 0.0742235 -0.33984 0.128442 -0.342165 0.183229 -0.345687 
4.258 -0.100151 -0.292165 -0.0418074 -0.29145 0.0117161 -0.290646 0.0642949 -0.291533 0.118931 -0.294245 0.173807 -0.29714 0.229563 -0.301091 
4.16 -0.164525 -0.348322 -0.105259 -0.345937 -0.0512363 -0.34366 0.00133385 -0.343354 0.0555338 -0.344903 0.109566 -0.34681 0.164074 -0.349939 
4.184 -0.14535 -0.325038 -0.0863514 -0.323218 -0.0325227 -0.321459 0.0199981 -0.321572 0.0742373 -0.323536 0.128425 -0.325784 0.183209 -0.329195 
3.307 -0.299438 0.152979 -0.235533 0.149472 -0.178469 0.147867 -0.123949 0.146045 -0.0688289 0.143945 -0.0150507 0.143042 0.0383167 0.142493 
4.129 -0.185755 -0.33531 -0.126113 -0.332517 -0.071927 -0.329885 -0.0192302 -0.3291 0.0348945 -0.330166 0.0887838 -0.331516 0.142998 -0.334107 
3.998 -0.2289 -0.141501 -0.168058 -0.139985 -0.113266 -0.138064 -0.060352 -0.137421 -0.00641447 -0.137959 0.0469971 -0.138353 0.100539 -0.139491 
4.281 -0.0542665 -0.163416 0.0035069 -0.16392 0.0568986 -0.163931 0.109734 -0.165279 0.165022 -0.168067 0.22095 -0.170628 0.278121 -0.173862 
4.211 -0.130968 -0.344213 -0.0722356 -0.342624 -0.0184875 -0.341107 0.0340131 -0.341474 0.0883717 -0.343787 0.142783 -0.346364 0.197862 -0.350203 
0.862 -0.0843994 0.378291 -0.0248781 0.374513 0.0294095 0.373375 0.0826749 0.372692 0.138129 0.372355 0.193549 0.3739 0.249677 0.376441 
4.246 -0.111108 -0.362704 -0.0525765 -0.361528 0.00102307 -0.360385 0.0536531 -0.361221 0.108129 -0.363986 0.162804 -0.367183 0.218265 -0.371616 
4.207 -0.139186 -0.372976 -0.0803882 -0.371034 -0.026607 -0.369172 0.0259286 -0.369312 0.080277 -0.371515 0.134575 -0.374039 0.189572 -0.377953 
0.859 -0.0255034 0.391303 0.0334776 0.388799 0.0878662 0.388879 0.141476 0.389479 0.197723 0.390296 0.25426 0.393219 0.311846 0.397113 
4.027 -0.217258 -0.167525 -0.156718 -0.165844 -0.102126 -0.16379 -0.049438 -0.163108 0.00450937 -0.163801 0.0579849 -0.16434 0.111699 -0.165736 
2.834 -0.324777 0.248856 -0.26014 0.243576 -0.202572 0.240657 -0.147485 0.237742 -0.0916454 0.234815 -0.0372754 0.233324 0.0163299 0.232554 
4.18 -0.150829 -0.38051 -0.0918351 -0.378205 -0.0379392 -0.376066 0.0146171 -0.375993 0.0688462 -0.377884 0.123033 -0.380183 0.177801 -0.383835 
4.18 -0.111793 -0.142871 -0.0533009 -0.142709 7.00905e-05 -0.142004 0.0522834 -0.142634 0.106541 -0.144556 0.161276 -0.146295 0.217047 -0.148681 
0.805 -0.311081 0.396781 -0.245693 0.387747 -0.18763 0.381963 -0.132078 0.376829 -0.0757849 0.372086 -0.0210662 0.36933 0.0330516 0.367401 
4.223 -0.126174 -0.364758 -0.0675028 -0.363183 -0.0137884 -0.361711 0.0387681 -0.362223 0.093143 -0.364643 0.147609 -0.367437 0.202744 -0.371565 
4.145 -0.172059 -0.370237 -0.112751 -0.367485 -0.0587166 -0.364955 -0.00608074 -0.364406 0.0480623 -0.365776 0.102108 -0.367434 0.156507 -0.370509 
4.078 -0.18644 -0.16958 -0.126693 -0.16828 -0.0726178 -0.166579 -0.0202306 -0.166336 0.0336956 -0.167414 0.0874365 -0.168405 0.141426 -0.170212 
4.086 -0.172743 -0.143556 -0.113131 -0.142607 -0.0594034 -0.141213 -0.00707264 -0.141148 0.0468863 -0.142395 0.100659 -0.143432 0.154912 -0.145205 
4.207 -0.0645391 -0.036721 -0.00681298 -0.0374488 0.046418 -0.0372762 0.0989833 -0.0378952 0.154143 -0.0395355 0.209985 -0.040552 0.267085 -0.0419403 
4.168 -0.159732 -0.317504 -0.100486 -0.315488 -0.0465451 -0.313506 0.00602518 -0.313351 0.0601955 -0.314936 0.114231 -0.316903 0.168763 -0.319938 
4.141 -0.178222 -0.353801 -0.118662 -0.351113 -0.0645038 -0.348571 -0.0118443 -0.348009 0.0423157 -0.349287 0.0962123 -0.350874 0.150532 -0.353742 
4.23 -0.122065 -0.381194 -0.0634889 -0.379605 -0.00983498 -0.378116 0.0427599 -0.378668 0.097199 -0.381214 0.151763 -0.384132 0.20705 -0.388406 
4.227 -0.0802904 -0.142186 -0.0222579 -0.142407 0.0310727 -0.142089 0.0835268 -0.143115 0.138334 -0.145413 0.193565 -0.147469 0.249926 -0.150169 
4.105 -0.129599 -0.0360362 -0.0711234 -0.0364519 -0.0178021 -0.0360158 0.0343939 -0.0363743 0.0886103 -0.0376881 0.142993 -0.0384257 0.198254 -0.0394797 
4.129 -0.183016 -0.31545 -0.123435 -0.3129 -0.0692558 -0.310418 -0.0166227 -0.309777 0.0375267 -0.310899 0.091396 -0.312295 0.145623 -0.314848 
3.992 -0.243282 -0.173004 -0.181988 -0.17091 -0.12687 -0.168514 -0.0737181 -0.167522 -0.0195711 -0.167805 0.0338141 -0.168029 0.0873012 -0.169165 
4.18 -0.152198 -0.359964 -0.0931769 -0.357719 -0.0393078 -0.355599 0.0132381 -0.355496 0.0674801 -0.357294 0.12166 -0.359449 0.176412 -0.362924 
4.27 -0.100836 -0.374346 -0.0424083 -0.373231 0.0111588 -0.372154 0.063771 -0.373182 0.118367 -0.376119 0.173239 -0.379522 0.228904 -0.384207 
4.109 -0.196713 -0.313395 -0.136788 -0.310623 -0.0824295 -0.307936 -0.029697 -0.30707 0.0244353 -0.30802 0.0782343 -0.30916 0.132266 -0.31153 
0.949 -0.293275 0.341994 -0.228858 0.334741 -0.171358 0.330398 -0.116411 0.326449 -0.0605054 0.3227 -0.00601813 0.32081 0.047932 0.319704 
4.16 -0.168634 -0.40037 -0.109311 -0.397501 -0.0552799 -0.394889 -0.00263582 -0.394389 0.0515182 -0.395891 0.105571 -0.397801 0.159992 -0.401144 
4.156 -0.162471 -0.29422 -0.103223 -0.292276 -0.0493175 -0.290302 0.00324365 -0.29009 0.0573704 -0.291589 0.111417 -0.293324 0.165902 -0.296171 
4.125 -0.187125 -0.370237 -0.127467 -0.367138 -0.0732845 -0.364242 -0.0205471 -0.363376 0.0335651 -0.364385 0.0874776 -0.36577 0.141691 -0.368494 
4.207 -0.130968 -0.29285 -0.0722816 -0.29155 -0.0185931 -0.29015 0.0338709 -0.290507 0.0882449 -0.292645 0.142634 -0.294942 0.197757 -0.298353 
4.211 -0.130284 -0.327092 -0.0715769 -0.32563 -0.0178571 -0.324152 0.0346559 -0.324563 0.0889967 -0.326787 0.143404 -0.329309 0.198495 -0.33299 
1.069 -0.332311 0.303643 -0.266579 0.296749 -0.208274 0.29252 -0.152657 0.288568 -0.096389 0.284742 -0.0416866 0.282537 0.0121812 0.281145 
4.168 -0.157677 -0.334625 -0.0985414 -0.332519 -0.044633 -0.330442 0.00791964 -0.330317 0.0621196 -0.331939 0.116248 -0.333964 0.17084 -0.337132 
4.105 -0.200137 -0.299699 -0.140173 -0.297031 -0.0857912 -0.294358 -0.0330627 -0.293513 0.0210662 -0.294372 0.0748453 -0.295441 0.128834 -0.297685 
4.117 -0.151513 -0.139447 -0.092399 -0.138839 -0.0388345 -0.1377 0.01335 -0.137851 0.0672934 -0.139278 0.121324 -0.140598 0.176009 -0.14257 
3.441 0.0820162 0.0680592 0.140664 0.0673604 0.195867 0.0679935 0.251378 0.0681608 0.310398 0.0675835 0.370575 0.0679407 0.432876 0.0684657 
4.125 -0.159047 -0.167525 -0.099842 -0.166541 -0.0461431 -0.165186 0.00608044 -0.165234 0.0602171 -0.166632 0.1141 -0.167944 0.168658 -0.170058 
4.266 -0.100151 -0.389412 -0.0417252 -0.388288 0.0118586 -0.387233 0.0644986 -0.388249 0.119067 -0.391297 0.173923 -0.394752 0.229599 -0.399618 
1.391 0.00736885 0.226942 0.0657932 0.225854 0.119967 0.226813 0.173936 0.227738 0.230748 0.228487 0.288303 0.230719 0.347272 0.233452 
4.156 -0.170004 -0.385303 -0.110706 -0.382475 -0.0566572 -0.379903 -0.00402803 -0.379372 0.050141 -0.380779 0.10419 -0.38257 0.158663 -0.385798 
1.462 -0.2515 0.285153 -0.189019 0.27991 -0.132974 0.27701 -0.0790921 0.274331 -0.0239954 0.271757 0.03001 0.270782 0.083805 0.270471 
3.908 0.147076 0.0105328 0.207294 0.0093985 0.264414 0.00938642 0.322132 0.00874986 0.383844 0.00715535 0.447536 0.00633224 0.513928 0.00545458 
1.889 0.118997 0.15024 0.178605 0.150401 0.234803 0.152161 0.291362 0.153551 0.351783 0.154608 0.413725 0.156997 0.478131 0.159672 
1.167 -0.322723 0.278989 -0.257916 0.272941 -0.200317 0.269433 -0.145088 0.265998 -0.08916 0.26271 -0.0347478 0.260944 0.0189621 0.259876 
0.952 -0.366553 0.333776 -0.29914 0.325591 -0.239565 0.320279 -0.182971 0.315335 -0.125795 0.310671 -0.0705243 0.307729 -0.0162877 0.305545 
4.102 -0.201507 -0.33531 -0.141553 -0.332281 -0.0871705 -0.329446 -0.0343727 -0.328426 0.0197745 -0.329306 0.0735594 -0.330443 0.127584 -0.332828 
4.207 -0.136447 -0.392152 -0.077661 -0.390149 -0.0238922 -0.388257 0.0286699 -0.388449 0.083015 -0.390715 0.137346 -0.393344 0.192425 -0.397416 
2.254 -0.315875 0.219408 -0.25145 0.214761 -0.194097 0.212246 -0.139181 0.20969 -0.0835057 0.20708 -0.0294247 0.205871 0.0240428 0.205289 
4.32 -0.0309821 -0.162731 0.0266548 -0.163633 0.080165 -0.163882 0.133259 -0.165516 0.18917 -0.168607 0.245583 -0.17142 0.303479 -0.174924 
1.473 -0.225476 0.137228 -0.16406 0.134485 -0.108909 0.133458 -0.0556786 0.132206 -0.00129649 0.130771 0.0523093 0.13038 0.105879 0.130279 
4.109 -0.198082 -0.352431 -0.138124 -0.349318 -0.0838013 -0.346386 -0.0309313 -0.345406 0.0231463 -0.346267 0.0769789 -0.347491 0.131002 -0.350006 
4.113 -0.199452 -0.40037 -0.1395 -0.396703 -0.0850755 -0.393418 -0.0321974 -0.392241 0.0219368 -0.393049 0.0757786 -0.394334 0.129807 -0.397001 
0.787 -0.299438 0.435132 -0.2345 0.425632 -0.176516 0.419336 -0.121165 0.413983 -0.0647779 0.408922 -0.0100258 0.40607 0.0441513 0.40431 
3.961 0.131324 0.0112176 0.191117 0.0100823 0.247745 0.0101117 0.304948 0.00944406 0.366004 0.00789381 0.428917 0.00711957 0.494422 0.00624475 
4.184 -0.151513 -0.398315 -0.0925169 -0.395892 -0.0386447 -0.393705 0.0139125 -0.393552 0.0681572 -0.39546 0.122325 -0.397804 0.17707 -0.401526 
3.975 -0.257663 -0.173689 -0.196037 -0.171461 -0.140612 -0.168912 -0.0872969 -0.167761 -0.0329717 -0.167863 0.0204274 -0.167966 0.073763 -0.168915 
4.254 -0.104945 -0.331201 -0.0465183 -0.330236 0.00700779 -0.329292 0.0596289 -0.330149 0.114213 -0.332898 0.169011 -0.335954 0.2247 -0.34025 
4.215 -0.0665936 -0.0586358 -0.00890026 -0.0593203 0.0442927 -0.059107 0.0968611 -0.0598525 0.152009 -0.0616481 0.207763 -0.0629838 0.264768 -0.0646486 
4.137 -0.183701 -0.40037 -0.124078 -0.397147 -0.0698401 -0.394184 -0.0171212 -0.393358 0.0370226 -0.394524 0.0909572 -0.396129 0.145175 -0.399129 
1.659 0.0847555 0.123531 0.143529 0.123122 0.198833 0.124281 0.254428 0.125102 0.313477 0.125324 0.373839 0.126776 0.436288 0.128596 
4.141 -0.137132 -0.142871 -0.0784278 -0.142354 -0.0249704 -0.141367 0.027276 -0.141695 0.0814111 -0.143251 0.135666 -0.144724 0.190629 -0.146854 
1.652 0.133379 0.169415 0.193264 0.169745 0.249849 0.171698 0.306852 0.173289 0.367724 0.1746 0.430204 0.177278 0.495147 0.180436 
1.666 0.0813313 0.105725 0.14006 0.105254 0.19531 0.106109 0.250894 0.106809 0.309901 0.106796 0.370149 0.107868 0.432537 0.109078 
4.109 -0.151513 -0.109999 -0.0926075 -0.109683 -0.03902 -0.108714 0.0131825 -0.108893 0.0672157 -0.110232 0.121203 -0.111366 0.175816 -0.113032 
4.27 -0.0960416 -0.306547 -0.0376963 -0.305812 0.01577 -0.304984 0.0683938 -0.305946 0.123014 -0.308747 0.177921 -0.31171 0.233665 -0.315859 
4.109 -0.196713 -0.38051 -0.136785 -0.377065 -0.0824103 -0.373933 -0.0295519 -0.372856 0.0245749 -0.373726 0.078404 -0.375033 0.132464 -0.377684 
1.377 0.00394467 0.255705 0.0624186 0.254569 0.116704 0.255577 0.170647 0.256622 0.227477 0.257582 0.284986 0.260122 0.343893 0.263313 
4.227 -0.0727572 -0.105205 -0.0150917 -0.105533 0.0382143 -0.10538 0.0906556 -0.106285 0.145641 -0.108324 0.201292 -0.110239 0.258137 -0.112465 
1.17 -0.304917 0.271456 -0.240745 0.265932 -0.183426 0.262586 -0.128585 0.259513 -0.0728602 0.256449 -0.0186152 0.254947 0.0350754 0.25422 
4.246 -0.0672785 -0.136022 -0.00940775 -0.136397 0.0438233 -0.136227 0.0963837 -0.13724 0.151395 -0.139675 0.207051 -0.141823 0.263793 -0.144558 
4.242 -0.0823449 -0.170264 -0.024295 -0.17031 0.0288752 -0.169946 0.0814305 -0.170984 0.136213 -0.173438 0.191485 -0.175749 0.247683 -0.17878 
3.979 -0.2289 -0.0867141 -0.167961 -0.0859631 -0.113073 -0.0845719 -0.0602342 -0.0843172 -0.00634031 -0.0850448 0.0469281 -0.0854727 0.100428 -0.0863971 
4.219 -0.103575 -0.183961 -0.0452767 -0.183742 0.00805754 -0.183021 0.0604326 -0.183773 0.114967 -0.186094 0.169785 -0.188196 0.225487 -0.191022 
4.066 -0.187125 -0.142186 -0.127229 -0.141084 -0.0731348 -0.139557 -0.0207649 -0.139315 0.0331309 -0.140388 0.086754 -0.141293 0.140697 -0.142883 
1.616 -0.264512 0.17147 -0.20163 0.168014 -0.145299 0.16643 -0.0914908 0.164634 -0.0363759 0.162891 0.0173799 0.162259 0.0709583 0.162017 
0.857 -0.452157 0.355006 -0.380837 0.344775 -0.318288 0.33776 -0.259109 0.331303 -0.200008 0.325082 -0.143152 0.320748 -0.0880083 0.317142 
3.926 -0.279578 -0.16958 -0.21723 -0.167189 -0.161235 -0.164459 -0.10753 -0.163122 -0.0530686 -0.163026 0.000408037 -0.162953 0.0536257 -0.163671 
0.831 -0.429558 0.362539 -0.359276 0.352391 -0.297583 0.345415 -0.23913 0.338983 -0.180559 0.332939 -0.12427 0.3287 -0.069437 0.325314 
4.141 -0.129599 -0.107259 -0.0710736 -0.107077 -0.0177493 -0.106309 0.0344684 -0.106648 0.0886803 -0.10818 0.143107 -0.109483 0.198374 -0.111327 
1.766 0.0655801 0.0735379 0.124005 0.0728096 0.178726 0.0733717 0.233661 0.0735316 0.291977 0.0729559 0.351423 0.0733334 0.412721 0.0739414 
4.242 -0.105629 -0.268881 -0.0472534 -0.268159 0.006246 -0.267221 0.0587878 -0.268078 0.11335 -0.270684 0.168191 -0.273339 0.22386 -0.277172 
1.121 -0.335735 0.288577 -0.270304 0.282132 -0.21215 0.27821 -0.156579 0.274528 -0.100272 0.270965 -0.0456924 0.268946 0.00814695 0.267679 
4.105 -0.157677 -0.12712 -0.0986033 -0.126469 -0.0449068 -0.125347 0.00730361 -0.125418 0.0612676 -0.126769 0.115246 -0.127938 0.169811 -0.129683 
0.874 -0.401479 0.350897 -0.332569 0.341618 -0.271923 0.335369 -0.214302 0.329701 -0.156436 0.324349 -0.100637 0.320609 -0.0460346 0.317829 
3.969 -0.226161 -0.0476784 -0.164964 -0.0474977 -0.110247 -0.0465625 -0.0576727 -0.0464982 -0.00366768 -0.0473048 0.0495335 -0.0476676 0.103074 -0.0484413 
3.908 0.10941 0.00847829 0.168698 0.00735147 0.224709 0.00738194 0.28123 0.00672937 0.341489 0.00516717 0.403325 0.0044114 0.467512 0.00343919 
4.262 -0.0255034 -0.0339816 0.0321245 -0.0349355 0.0855557 -0.0349113 0.138608 -0.0356996 0.19467 -0.037517 0.251535 -0.03869 0.30981 -0.040197 
0.875 -0.420655 0.349527 -0.350809 0.340008 -0.289369 0.333528 -0.231176 0.327551 -0.172807 0.321961 -0.11665 0.318051 -0.0618266 0.315014 
4.203 -0.137817 -0.357225 -0.0790524 -0.355358 -0.0252588 -0.353568 0.0272614 -0.353762 0.0815578 -0.355924 0.1359 -0.358393 0.190876 -0.362182 
1.536 0.0244898 0.089974 0.0824547 0.0889405 0.136514 0.0896214 0.19056 0.0896713 0.247758 0.0893337 0.305881 0.0897734 0.365565 0.0904338 
2.768 0.00257499 0.043405 0.0603332 0.042378 0.114031 0.0427014 0.167754 0.042493 0.22464 0.0417136 0.282375 0.0415166 0.341604 0.0413416 
4.277 -0.0398849 -0.118902 0.0179111 -0.119716 0.0711679 -0.119843 0.124075 -0.12114 0.179699 -0.123718 0.236137 -0.125961 0.29371 -0.128719 
1.495 -0.259718 0.268717 -0.197007 0.263437 -0.140809 0.260545 -0.0866732 0.257981 -0.0314274 0.255508 0.0226005 0.254554 0.0764101 0.254329 
1.473 0.0368169 0.244062 0.0953618 0.243494 0.149976 0.244778 0.204412 0.246164 0.261902 0.247324 0.320485 0.250185 0.380477 0.253606 
0.89 -0.389837 0.342679 -0.321378 0.333706 -0.26096 0.3278 -0.203678 0.322349 -0.145928 0.317103 -0.0902624 0.313607 -0.0357985 0.310965 
3.936 -0.279578 -0.183276 -0.217215 -0.18064 -0.161206 -0.177716 -0.107522 -0.176218 -0.0530129 -0.176078 0.000519766 -0.175955 0.0537371 -0.17671 
1.752 0.103931 0.0927133 0.162932 0.0921775 0.218654 0.0931561 0.274788 0.0937404 0.334501 0.0936448 0.395673 0.0944924 0.458937 0.0956914 
2.383 -0.285057 0.163252 -0.221784 0.159645 -0.165306 0.15793 -0.111095 0.156146 -0.056054 0.15411 -0.00229963 0.153362 0.0510573 0.15286 
1.646 0.08681 0.240638 0.146035 0.240872 0.201551 0.242898 0.25726 0.244964 0.316461 0.246914 0.376961 0.250579 0.439396 0.254676 
4.137 -0.117272 -0.0593206 -0.0588208 -0.0596495 -0.00555478 -0.0591138 0.0466332 -0.0597027 0.100865 -0.0611639 0.155362 -0.0622106 0.210728 -0.0637269 
3.77 -0.361759 -0.12438 -0.296385 -0.12197 -0.238127 -0.119218 -0.182699 -0.117615 -0.126901 -0.116905 -0.0727108 -0.116177 -0.0194813 -0.116025 
2.926 0.152554 0.0851801 0.212982 0.0849035 0.270246 0.0859558 0.328178 0.0864623 0.390157 0.0864031 0.454128 0.0874013 0.520905 0.0884579 
1.666 0.0888645 0.141337 0.147746 0.141192 0.203243 0.14252 0.259029 0.143545 0.318187 0.144052 0.378744 0.14575 0.441358 0.147855 
3.697 -0.378195 -0.0305575 -0.311963 -0.0301954 -0.253087 -0.0288707 -0.197135 -0.0284064 -0.140897 -0.0287137 -0.0865863 -0.0285513 -0.0332156 -0.0287709 
3.869 -0.241227 0.013957 -0.179846 0.0130258 -0.124793 0.0133269 -0.0718401 0.0130477 -0.0177159 0.0120116 0.0355709 0.0117813 0.088887 0.0115127 
3.234 0.140227 0.0660047 0.20031 0.0654713 0.257284 0.0662198 0.314738 0.0664157 0.376119 0.0659701 0.439374 0.0664479 0.505384 0.0670674 
4.199 -0.0967265 -0.125065 -0.038668 -0.125136 0.0146297 -0.124648 0.0669472 -0.125359 0.121502 -0.12738 0.17655 -0.129149 0.23247 -0.131557 
4.297 -0.0248185 -0.116847 0.0328508 -0.117735 0.0863005 -0.117983 0.139439 -0.119377 0.195378 -0.122048 0.252251 -0.124356 0.310331 -0.127215 
3.992 -0.23164 -0.120956 -0.170466 -0.119732 -0.115581 -0.117968 -0.0627222 -0.117422 -0.00868082 -0.118042 0.0446561 -0.118488 0.0980798 -0.119522 
1.177 -0.291905 0.264608 -0.228251 0.25932 -0.171372 0.256365 -0.116865 0.253446 -0.0614206 0.250635 -0.00733313 0.249313 0.0463332 0.24866 
3.01 -0.322038 0.23516 -0.257405 0.230063 -0.199865 0.227134 -0.144904 0.224285 -0.0891765 0.221379 -0.0349977 0.220007 0.0185058 0.219148 
4.223 -0.122065 -0.260663 -0.0634544 -0.259699 -0.0098647 -0.25859 0.0426347 -0.259125 0.0970634 -0.261478 0.151649 -0.263867 0.206885 -0.26731 
4.27 -0.0378304 -0.0921929 0.0198761 -0.0930522 0.0731649 -0.0931546 0.12589 -0.0943106 0.181729 -0.0966295 0.238043 -0.0985603 0.295694 -0.100909 
1.36 -0.00769758 0.263238 0.050801 0.261943 0.105068 0.262739 0.158729 0.26364 0.215314 0.264512 0.27236 0.266935 0.330825 0.270016 
0.875 -0.435036 0.346788 -0.364674 0.337096 -0.302631 0.330541 -0.243956 0.324372 -0.185219 0.318587 -0.128745 0.314511 -0.0738205 0.311302 
4.289 -0.022764 -0.091508 0.0347804 -0.0924681 0.0883021 -0.0926276 0.14146 -0.0938878 0.197522 -0.0963021 0.254281 -0.0983098 0.31261 -0.100728 
4.078 -0.158362 -0.0689084 -0.0993245 -0.0688955 -0.0456932 -0.0680942 0.0065358 -0.0682736 0.0605642 -0.0694678 0.114495 -0.0702925 0.169195 -0.0714671 
0.901 -0.337105 0.360485 -0.270778 0.352038 -0.211974 0.346631 -0.156011 0.341637 -0.0993208 0.337029 -0.0443037 0.3342 0.0099102 0.332328 
4.008 -0.217258 -0.120271 -0.15697 -0.119158 -0.102355 -0.117494 -0.0496313 -0.117082 0.00416227 -0.117788 0.0577385 -0.118296 0.111156 -0.119417 
4.102 -0.172743 -0.171634 -0.113223 -0.170416 -0.0593329 -0.168875 -0.00694369 -0.168739 0.0470593 -0.169973 0.100801 -0.17117 0.155063 -0.173155 
4.383 0.0354472 -0.123695 0.0934385 -0.125258 0.147672 -0.12619 0.202023 -0.128207 0.259501 -0.131604 0.318037 -0.134515 0.378354 -0.138061 
4.203 -0.094672 -0.142186 -0.036536 -0.142273 0.0166713 -0.141766 0.0690447 -0.142617 0.123599 -0.144714 0.178612 -0.146659 0.234522 -0.149198 
0.785 -0.31245 0.441981 -0.247103 0.432187 -0.188961 0.425794 -0.133484 0.420187 -0.0770527 0.415032 -0.022322 0.411994 0.0317857 0.410022 
1.63 0.078592 0.162567 0.13737 0.16234 0.192573 0.163779 0.247944 0.164985 0.306729 0.165821 0.366723 0.167968 0.428728 0.170427 
3.75 -0.370662 -0.101781 -0.304828 -0.100047 -0.246247 -0.0975038 -0.190508 -0.0960752 -0.134458 -0.0955948 -0.0801165 -0.0949657 -0.0268103 -0.0949433 
1.512 -0.239173 0.183112 -0.177323 0.179456 -0.12145 0.177931 -0.0676899 0.176414 -0.0127646 0.174714 0.0409608 0.174234 0.0947051 0.174229 
4.102 -0.202191 -0.367498 -0.142214 -0.364154 -0.0878287 -0.361054 -0.0349614 -0.359992 0.0191359 -0.36075 0.0729777 -0.361927 0.126993 -0.364467 
0.985 -0.343953 0.328982 -0.277818 0.321217 -0.219124 0.316323 -0.163217 0.311837 -0.106625 0.307563 -0.0517543 0.305015 0.00227153 0.30322 
3.727 -0.371346 -0.070278 -0.305482 -0.068937 -0.246826 -0.0669647 -0.191037 -0.0659411 -0.134942 -0.0657069 -0.0806737 -0.0653829 -0.0273221 -0.0653367 
1.117 -0.310396 0.287892 -0.246038 0.281751 -0.188637 0.278195 -0.133635 0.27479 -0.0778179 0.271459 -0.023373 0.26978 0.0303366 0.268856 
3.822 -0.338474 -0.155198 -0.274035 -0.15235 -0.216391 -0.149258 -0.161441 -0.147372 -0.106055 -0.146695 -0.0521164 -0.145899 0.00104836 -0.145866 
1.688 0.101192 0.159143 0.160455 0.159132 0.216304 0.160723 0.272369 0.161996 0.33207 0.162846 0.393225 0.165084 0.456574 0.167672 
4.023 -0.214519 -0.144241 -0.153964 -0.142817 -0.0993231 -0.140971 -0.0465906 -0.140463 0.00727848 -0.141131 0.0607365 -0.141769 0.114418 -0.143081 
1.052 -0.351486 0.309122 -0.285116 0.301673 -0.226346 0.296954 -0.170113 0.292642 -0.113519 0.288419 -0.0585299 0.285873 -0.00447298 0.284114 
1.674 0.0943432 0.19133 0.153495 0.191432 0.209084 0.193085 0.264936 0.194793 0.324226 0.196161 0.385066 0.198935 0.447848 0.202197 
1.3 -0.277524 0.270086 -0.214365 0.264776 -0.157806 0.26189 -0.103557 0.259049 -0.04821 0.256421 0.00590358 0.255261 0.0596842 0.254913 
3.732 -0.35628 -0.0401452 -0.290913 -0.0396828 -0.232643 -0.0382529 -0.17715 -0.0377769 -0.121364 -0.037945 -0.0673027 -0.0378293 -0.0140689 -0.0380167 
4.203 -0.122065 -0.190809 -0.0635427 -0.190281 -0.0100966 -0.189347 0.0422422 -0.18995 0.09655 -0.19202 0.151085 -0.19408 0.206333 -0.196824 
3.799 -0.363128 -0.175058 -0.297765 -0.171481 -0.239455 -0.167887 -0.18399 -0.165424 -0.128106 -0.164272 -0.0738309 -0.163093 -0.0204612 -0.162732 
1.701 0.08681 0.0913437 0.145607 0.0908784 0.200902 0.0916398 0.256639 0.0921719 0.315787 0.0919855 0.376219 0.0928543 0.438733 0.0938849 
4.219 -0.0679633 -0.0853445 -0.0102183 -0.0858153 0.0429843 -0.0855244 0.0955343 -0.086407 0.15064 -0.0883596 0.206376 -0.0898253 0.263288 -0.0919176 
1.608 0.0737981 0.179688 0.132526 0.179411 0.18776 0.180865 0.243076 0.182116 0.301744 0.183009 0.361709 0.185307 0.42351 0.18797 
1.637 0.0265443 0.0762772 0.0845284 0.0754172 0.138494 0.0759106 0.192561 0.0759427 0.249633 0.0754126 0.307801 0.075803 0.367446 0.07615 
3.83 -0.374771 -0.27162 -0.309206 -0.266015 -0.250774 -0.260817 -0.195264 -0.257363 -0.139302 -0.255203 -0.0848026 -0.253538 -0.0312285 -0.252684 
0.785 -0.381619 0.400205 -0.313401 0.389742 -0.253079 0.382685 -0.195833 0.376246 -0.138168 0.370169 -0.0824078 0.366157 -0.0277753 0.363158 
4.383 0.0347624 -0.146295 0.0927754 -0.147922 0.14702 -0.148991 0.201358 -0.151293 0.258783 -0.15483 0.317269 -0.158106 0.377555 -0.162081 
1.021 -0.37888 0.310492 -0.311346 0.302784 -0.251606 0.297809 -0.194772 0.293225 -0.137472 0.288837 -0.0822538 0.286036 -0.0280028 0.283913 
3.736 -0.35628 -0.0545268 -0.290966 -0.0535896 -0.232653 -0.052023 -0.177189 -0.0513255 -0.121473 -0.0514073 -0.0673361 -0.0510982 -0.0141303 -0.0512835 
4.25 -0.0494727 -0.0771264 0.00833584 -0.077868 0.0614793 -0.0778088 0.114157 -0.0788115 0.169644 -0.0809489 0.225602 -0.0826404 0.282902 -0.0847535 
1.221 -0.298754 0.251596 -0.234907 0.246443 -0.177882 0.243628 -0.123211 0.24086 -0.0677773 0.238118 -0.0135532 0.23681 0.0400084 0.236167 
3.816 -0.373401 -0.238063 -0.307824 -0.233314 -0.24944 -0.228686 -0.19387 -0.225675 -0.13791 -0.224025 -0.0835413 -0.222418 -0.0299797 -0.221783 
3.709 -0.37614 -0.0545268 -0.31006 -0.0536518 -0.251227 -0.0519744 -0.195374 -0.0512461 -0.139195 -0.0512798 -0.0848435 -0.0509623 -0.0315201 -0.0510681 
1.575 0.0696891 0.230366 0.128551 0.23036 0.1839 0.232128 0.239042 0.233897 0.297673 0.235445 0.357432 0.238745 0.4191 0.242411 
4.121 -0.130968 -0.0764416 -0.0724366 -0.0765013 -0.0191088 -0.0758484 0.033086 -0.0762198 0.0872385 -0.0776041 0.141602 -0.0787203 0.196839 -0.0802633 
3.982 -0.224791 -0.070278 -0.163959 -0.06979 -0.10927 -0.0685687 -0.0566007 -0.0683866 -0.00267503 -0.0691616 0.0507176 -0.0695254 0.104179 -0.0704429 
3.855 -0.33505 -0.209985 -0.270884 -0.206142 -0.213467 -0.202345 -0.158669 -0.199928 -0.103291 -0.198693 -0.0493098 -0.19775 0.0039756 -0.197676 
3.812 -0.363813 -0.201767 -0.298528 -0.197994 -0.240318 -0.19388 -0.184877 -0.191336 -0.129071 -0.18993 -0.0747667 -0.188551 -0.0213776 -0.188365 
4.426 0.0409259 -0.185331 0.0991139 -0.187388 0.153535 -0.188769 0.20808 -0.191537 0.265723 -0.195848 0.324489 -0.199937 0.385156 -0.204848 
1.516 -0.242597 0.263923 -0.18057 0.259332 -0.124845 0.257011 -0.0711312 0.254828 -0.0161776 0.252695 0.0378045 0.252167 0.0917356 0.252354 
3.631 0.0813313 0.013957 0.139966 0.0128821 0.195354 0.0129467 0.251028 0.0123139 0.310333 0.0108268 0.371107 0.0101293 0.433791 0.0092754 
3.852 -0.348062 -0.225736 -0.283498 -0.221512 -0.225877 -0.217378 -0.170825 -0.214707 -0.115351 -0.213288 -0.0612372 -0.212114 -0.00789445 -0.211865 
1.404 -0.200137 0.272826 -0.139027 0.268483 -0.0840722 0.266503 -0.0306231 0.264727 0.0240407 0.263009 0.0783599 0.262959 0.132502 0.263539 
3.727 -0.355595 -0.0243939 -0.290225 -0.0241149 -0.231902 -0.0229338 -0.176517 -0.0226089 -0.120732 -0.0229533 -0.0666193 -0.0228966 -0.0134696 -0.0231563 
1.439 -0.222737 0.236529 -0.161222 0.232377 -0.105822 0.230508 -0.0524634 0.228595 0.00229849 0.22667 0.0562438 0.226542 0.110085 0.226678 
3.873 -0.343953 -0.262717 -0.279507 -0.257896 -0.221852 -0.253251 -0.166862 -0.250306 -0.111427 -0.248774 -0.0572395 -0.247448 -0.00380862 -0.247137 
1.411 -0.220682 0.287207 -0.158987 0.282132 -0.10352 0.279501 -0.0500542 0.27707 0.0048734 0.274827 0.0589689 0.27426 0.113037 0.274365 
4.023 -0.174798 -0.0134365 -0.115098 -0.0138667 -0.0612603 -0.0134166 -0.00884672 -0.0136857 0.0450139 -0.0147668 0.0986485 -0.0152216 0.152718 -0.0160159 
3.881 -0.221367 0.0125873 -0.160542 0.0119675 -0.105892 0.0122607 -0.0532216 0.0120313 0.000778378 0.0109514 0.0541576 0.0107219 0.107632 0.0101674 
4.207 0.0669497 0.0119025 0.125562 0.0108509 0.180432 0.010931 0.235768 0.0103647 0.29452 0.00890314 0.354341 0.00822599 0.41628 0.0074377 
4.254 -0.0563211 -0.110683 0.00136256 -0.111338 0.0546946 -0.11133 0.107357 -0.11247 0.162795 -0.114876 0.218717 -0.116944 0.275964 -0.119494 
1.401 0.0114779 0.272141 0.0700603 0.27112 0.124342 0.272013 0.178489 0.273158 0.235426 0.274306 0.293241 0.277164 0.352371 0.280634 
4.406 0.027914 -0.21067 0.0860224 -0.212379 0.140211 -0.213711 0.194376 -0.216491 0.251457 -0.221011 0.309635 -0.225288 0.369561 -0.230499 
3.824 -0.373401 -0.255869 -0.307851 -0.250633 -0.249469 -0.245743 -0.193952 -0.242414 -0.137991 -0.240504 -0.0835443 -0.238894 -0.0299887 -0.238182 
4.273 -0.0124914 -0.0401452 0.0451436 -0.0411166 0.0987398 -0.0411716 0.152188 -0.0420425 0.208618 -0.0439661 0.265974 -0.0452604 0.324753 -0.0468306 
3.785 -0.363813 -0.150404 -0.298449 -0.147554 -0.24017 -0.14441 -0.184667 -0.14241 -0.128804 -0.141469 -0.0746164 -0.14049 -0.0213118 -0.140341 
0.802 -0.429558 0.378291 -0.359297 0.367789 -0.297463 0.360664 -0.238955 0.353984 -0.180271 0.347784 -0.123905 0.343354 -0.0690252 0.339857 
0.736 -0.487084 0.437187 -0.414795 0.42409 -0.35113 0.414578 -0.290714 0.405772 -0.230842 0.397514 -0.173126 0.391212 -0.117351 0.386039 
3.832 0.0525681 0.0187509 0.110714 0.0177087 0.165406 0.0178272 0.220158 0.0173268 0.278606 0.0159784 0.338071 0.0153741 0.399394 0.0146726 
3.859 -0.350116 -0.244912 -0.2855 -0.240389 -0.227891 -0.235918 -0.172884 -0.233026 -0.117336 -0.231497 -0.0632159 -0.23018 -0.00979652 -0.229951 
4.363 0.0327078 -0.10589 0.0906713 -0.107473 0.144905 -0.108227 0.199252 -0.110121 0.256771 -0.113276 0.315297 -0.115981 0.375653 -0.119278 
4.188 -0.0843994 -0.0675387 -0.0264644 -0.0680812 0.0266978 -0.0677653 0.0790125 -0.0684755 0.133784 -0.070186 0.189044 -0.0715725 0.245332 -0.0732164 
4.41 0.0306533 -0.196288 0.0888753 -0.198001 0.143023 -0.199323 0.197326 -0.202046 0.254613 -0.20635 0.313049 -0.210409 0.37322 -0.21532 
4.309 -0.018655 -0.129174 0.0390905 -0.130151 0.0926022 -0.130472 0.145748 -0.132013 0.201796 -0.134877 0.258835 -0.137416 0.317078 -0.140542 
2.924 0.132694 0.121477 0.192665 0.121513 0.249447 0.123004 0.306749 0.124148 0.367916 0.124764 0.430859 0.126549 0.496304 0.128663 
4.191 0.0950281 0.00984797 0.154064 0.00868344 0.209787 0.00870217 0.265868 0.00804157 0.325687 0.00647753 0.386818 0.00569911 0.450559 0.00469969 
4.082 -0.14535 -0.0421997 -0.0865089 -0.0424925 -0.0329763 -0.0419646 0.0191974 -0.0422819 0.0732383 -0.0435292 0.127256 -0.0442674 0.182017 -0.0453758 
4.309 -0.0111218 -0.106574 0.0463833 -0.107625 0.100052 -0.107942 0.153492 -0.109417 0.209572 -0.112162 0.266848 -0.11448 0.325329 -0.117296 
3.682 -0.378195 -0.00384879 -0.311937 -0.00404529 -0.253048 -0.00318878 -0.197048 -0.00313858 -0.140778 -0.0036683 -0.0863883 -0.00362265 -0.0330589 -0.00402322 
1.416 -0.272045 0.237899 -0.208988 0.233058 -0.152601 0.230664 -0.0984766 0.228197 -0.0433329 0.225703 0.0105715 0.22483 0.0641896 0.224553 
3.959 -0.223421 -0.0278181 -0.162602 -0.02794 -0.107925 -0.0271023 -0.0552686 -0.0271814 -0.001298 -0.0280709 0.0520548 -0.0284244 0.105578 -0.0291232 
0.959 -0.328886 0.3372 -0.263365 0.329537 -0.205107 0.324705 -0.149502 0.320397 -0.093174 0.316243 -0.0384224 0.31382 0.0155191 0.312252 
4.27 -0.0754965 -0.188755 -0.0174808 -0.188822 0.0358516 -0.188513 0.0883569 -0.189666 0.143273 -0.192315 0.198651 -0.194931 0.255162 -0.198155 
4.016 -0.168634 0.0119025 -0.10922 0.0110405 -0.0554083 0.0113679 -0.00330005 0.0109689 0.0507818 0.00992458 0.104548 0.00953978 0.158783 0.00910783 
4.277 -0.0241337 -0.0689084 0.0333286 -0.0698675 0.0868512 -0.0699561 0.139898 -0.0710219 0.195978 -0.0732672 0.252763 -0.0749351 0.311006 -0.0770476 
0.813 -0.409012 0.372812 -0.33957 0.362765 -0.278573 0.355901 -0.220741 0.349651 -0.162702 0.343799 -0.106608 0.33972 -0.0517671 0.336571 
0.922 -0.283687 0.353636 -0.219644 0.346405 -0.162453 0.342037 -0.107614 0.338098 -0.0518072 0.334461 0.0026868 0.332586 0.0567343 0.331639 
1.428 -0.258348 0.237899 -0.195838 0.233435 -0.139855 0.231166 -0.0857841 0.228885 -0.030816 0.226687 0.0230206 0.226063 0.0766658 0.225995 
4.199 -0.0891933 -0.107944 -0.0312233 -0.108212 0.0219897 -0.10794 0.0743219 -0.108696 0.128921 -0.110734 0.184077 -0.112458 0.240134 -0.11473 
4.441 0.0450349 -0.2093 0.103306 -0.211419 0.157725 -0.213073 0.212236 -0.215983 0.269834 -0.220677 0.328613 -0.225254 0.389214 -0.2307 
4.543 0.0840707 -0.229845 0.14286 -0.232698 0.198121 -0.235037 0.253609 -0.238838 0.312562 -0.244227 0.372981 -0.249745 0.435658 -0.25648 
1.424 -0.201507 0.235844 -0.140597 0.231941 -0.0857037 0.230196 -0.0324681 0.228583 0.0221925 0.226987 0.0763045 0.226933 0.130359 0.22736 
1.736 0.118997 0.233105 0.178651 0.233749 0.234977 0.236124 0.291559 0.238507 0.351761 0.240756 0.413872 0.244758 0.478066 0.249305 
4.297 -0.00975209 -0.0771264 0.0476616 -0.0781461 0.101366 -0.0783611 0.154827 -0.0796223 0.21116 -0.0820604 0.26864 -0.0839738 0.327318 -0.0863131 
0.817 -0.466539 0.370073 -0.394601 0.35917 -0.331431 0.351515 -0.2719 0.344443 -0.212369 0.337745 -0.155329 0.332848 -0.0998398 0.328906 
4.223 0.00873853 0.0119025 0.0665437 0.0108907 0.120402 0.0109916 0.174221 0.0105288 0.231264 0.00911773 0.28925 0.00854429 0.348757 0.00785235 
1.749 0.116258 0.181742 0.175782 0.181951 0.231872 0.183776 0.288344 0.185436 0.348538 0.186797 0.410293 0.189594 0.47426 0.192827 
1.526 -0.237118 0.250911 -0.175167 0.246482 -0.119602 0.244381 -0.0661049 0.242318 -0.0112625 0.240284 0.0426043 0.23983 0.0965685 0.239983 
4.355 -0.00153404 -0.192179 0.0563031 -0.193576 0.11008 -0.194499 0.163641 -0.196625 0.219929 -0.200318 0.277205 -0.203902 0.335934 -0.208169 
1.462 -0.270675 0.257074 -0.207695 0.251928 -0.151283 0.249153 -0.0970857 0.246614 -0.0419047 0.244002 0.0121089 0.243035 0.0657534 0.242461 
0.804 -0.325462 0.389933 -0.259572 0.380778 -0.201057 0.374956 -0.145103 0.369687 -0.0885577 0.364736 -0.033637 0.361656 0.020486 0.359543 
4.371 0.0594165 -0.0552116 0.117703 -0.0566316 0.17244 -0.0571414 0.227442 -0.0587251 0.285794 -0.0613352 0.345375 -0.0633286 0.406918 -0.0657907 
0.793 -0.353541 0.395412 -0.286515 0.385693 -0.22719 0.379219 -0.170625 0.373268 -0.113478 0.367874 -0.0582292 0.36434 -0.0039428 0.36177 
0.795 -0.394631 0.389933 -0.325997 0.379595 -0.265382 0.372518 -0.207941 0.366164 -0.149804 0.360074 -0.0941857 0.355995 -0.0394261 0.352673 
3.986 -0.209725 -0.0312423 -0.149394 -0.0313323 -0.0947854 -0.0305117 -0.0423396 -0.0306335 0.0114684 -0.0315572 0.0649309 -0.0319917 0.11855 -0.0327433 
4.363 0.0196959 -0.141501 0.0776272 -0.14301 0.131662 -0.143801 0.185752 -0.145897 0.24285 -0.149305 0.300976 -0.152493 0.360785 -0.156349 
0.757 -0.432297 0.418011 -0.361759 0.406129 -0.299583 0.397754 -0.240815 0.39006 -0.181817 0.382941 -0.125173 0.377796 -0.070155 0.373727 
1.477 0.0402411 0.309807 0.0990784 0.309239 0.153838 0.310862 0.208391 0.31264 0.265984 0.314454 0.324468 0.318191 0.384424 0.322618 
1.73 0.119682 0.248856 0.17955 0.249519 0.235765 0.252099 0.292396 0.254596 0.352806 0.257303 0.414746 0.261401 0.478761 0.266237 
4.352 0.0217504 -0.114108 0.0795989 -0.115652 0.133572 -0.11632 0.18771 -0.118101 0.244849 -0.121157 0.302995 -0.123778 0.362834 -0.127008 
4.07 -0.183701 -0.12712 -0.123919 -0.126231 -0.0699049 -0.124926 -0.0174492 -0.124812 0.0364907 -0.125929 0.0901168 -0.12685 0.144149 -0.128395 
4.094 -0.152883 -0.0819203 -0.0938807 -0.0817684 -0.040311 -0.0809655 0.0119011 -0.0811837 0.0658986 -0.0824946 0.11984 -0.0834689 0.174443 -0.0849095 
0.776 -0.404219 0.405684 -0.33497 0.394551 -0.273914 0.386982 -0.216088 0.380094 -0.157827 0.373661 -0.101856 0.369154 -0.0470572 0.365693 
4.359 -0.00290371 -0.215464 0.054952 -0.216819 0.108738 -0.217847 0.162272 -0.220277 0.218587 -0.224069 0.275757 -0.227856 0.334453 -0.232614 
4.156 -0.104945 -0.0675387 -0.0467633 -0.0679451 0.00648798 -0.0674402 0.0586696 -0.0680455 0.113156 -0.0695112 0.167971 -0.0707577 0.22381 -0.072304 
1.256 -0.137132 0.312546 -0.0774035 0.308628 -0.0231321 0.307119 0.0298762 0.305959 0.0847203 0.304883 0.139497 0.305756 0.19459 0.307159 
4.523 0.0765375 -0.215464 0.135183 -0.21798 0.19024 -0.220078 0.245417 -0.22348 0.304011 -0.228549 0.363971 -0.233575 0.426093 -0.239721 
0.801 -0.339844 0.389933 -0.2735 0.380548 -0.2146 0.374383 -0.15852 0.368949 -0.101779 0.363736 -0.0465672 0.360442 0.00753078 0.358078 
1.579 0.0690042 0.21256 0.127811 0.21249 0.183026 0.214121 0.238189 0.215518 0.296785 0.216816 0.356448 0.219801 0.418123 0.222946 
1.601 0.0758526 0.200233 0.134697 0.200049 0.189925 0.20155 0.245157 0.202961 0.303855 0.204006 0.363724 0.206684 0.42558 0.209519 
1.678 0.0470894 0.0776469 0.105189 0.0767981 0.159699 0.0773926 0.214265 0.0774592 0.272119 0.0769415 0.330823 0.0773791 0.3916 0.0777984 
0.787 -0.365868 0.401575 -0.298368 0.391372 -0.238745 0.384539 -0.181865 0.378267 -0.124573 0.372517 -0.0690316 0.368742 -0.0146961 0.365981 
1.514 0.171045 0.150925 0.231863 0.151405 0.289335 0.153333 0.34757 0.154941 0.410032 0.156178 0.474392 0.158759 0.541223 0.16161 
0.767 -0.302863 0.454308 -0.237814 0.444359 -0.179751 0.437838 -0.124313 0.432079 -0.0679468 0.426967 -0.013241 0.423772 0.040919 0.421835 
3.643 -0.369292 0.013957 -0.303368 0.0134261 -0.244738 0.0138325 -0.188934 0.0136628 -0.132839 0.0128185 -0.0786818 0.0125476 -0.0254286 0.0122617 
3.994 -0.223421 -0.105205 -0.162594 -0.104174 -0.107965 -0.102655 -0.0553205 -0.102233 -0.0014557 -0.102912 0.0520291 -0.103405 0.105824 -0.104424 
4.539 0.0909191 -0.202452 0.149871 -0.205148 0.205274 -0.207345 0.260995 -0.210882 0.320188 -0.215977 0.380962 -0.221142 0.443998 -0.227297 
0.957 -0.380249 0.326928 -0.312763 0.318673 -0.253131 0.313304 -0.196432 0.308237 -0.139275 0.303435 -0.0841171 0.300298 -0.0300472 0.297853 
4.082 -0.149459 -0.0558965 -0.0906556 -0.0560761 -0.0371548 -0.055427 0.0150139 -0.0556871 0.0690878 -0.0568748 0.123053 -0.0576722 0.177836 -0.0587879 
1.521 0.0484591 0.196809 0.10704 0.19656 0.16181 0.197757 0.216426 0.199015 0.274284 0.199744 0.333042 0.202089 0.393713 0.204656 
3.504 0.0874949 0.035187 0.146249 0.0341839 0.201806 0.0343566 0.257539 0.0342269 0.317077 0.0330478 0.377887 0.0329253 0.440751 0.0328096 
3.203 0.0457198 0.0386111 0.103939 0.0376786 0.158448 0.0381029 0.213318 0.0378283 0.271469 0.0368456 0.330767 0.0367324 0.391694 0.0366595 
1.711 0.102561 0.178318 0.161877 0.178428 0.217781 0.180142 0.273977 0.18169 0.333753 0.18293 0.395134 0.185596 0.458602 0.188739 
0.831 -0.0878236 0.394727 -0.028215 0.390673 0.0262512 0.389335 0.0796489 0.388503 0.135074 0.388026 0.190541 0.389545 0.246587 0.392025 
4.238 -0.0672785 -0.119586 -0.0094549 -0.119989 0.0437616 -0.119783 0.0963373 -0.120757 0.151403 -0.123031 0.20708 -0.124984 0.263933 -0.127512 
2.846 0.0101082 0.0557321 0.0678268 0.0546554 0.121621 0.0550103 0.175425 0.0547955 0.232467 0.0541296 0.29041 0.0541495 0.349939 0.054398 
4.191 -0.0898781 -0.0839748 -0.0318549 -0.0842636 0.0213157 -0.0839187 0.0736037 -0.0845743 0.128281 -0.0864567 0.183445 -0.0878443 0.239618 -0.089809 
0.755 -0.506259 0.408424 -0.43283 0.395653 -0.36806 0.386264 -0.306909 0.377767 -0.245989 0.369611 -0.187859 0.363533 -0.131588 0.358423 
3.369 0.0607862 0.0365566 0.119173 0.0355476 0.173906 0.03601 0.229006 0.0356908 0.287565 0.0344844 0.347218 0.0345288 0.408975 0.0344717 
4.254 -0.0378304 -0.0552116 0.019861 -0.0561176 0.073192 -0.0561613 0.126071 -0.0570165 0.18176 -0.0589592 0.238242 -0.060384 0.296028 -0.062132 
3.934 -0.291905 -0.220257 -0.229225 -0.21693 -0.172973 -0.213274 -0.119081 -0.21143 -0.0642981 -0.210686 -0.0107415 -0.210255 0.0425285 -0.210799 
4.23 -0.106314 -0.240118 -0.0478582 -0.239531 0.00557366 -0.238705 0.0577871 -0.239566 0.112531 -0.242007 0.16718 -0.244557 0.222762 -0.247915 
4.219 -0.105629 -0.199028 -0.0473684 -0.19864 0.00597305 -0.197879 0.0583065 -0.198653 0.112821 -0.200966 0.167682 -0.203137 0.223389 -0.206105 
1.761 0.118313 0.163936 0.177928 0.164137 0.234033 0.165824 0.290593 0.167211 0.350816 0.168237 0.412777 0.170629 0.476756 0.173256 
