3.191 0.226517 0.0338173 0.289132 0.0329149 0.348743 0.0331572 0.409362 0.0328888 0.474997 0.0317053 0.543096 0.0315415 0.614282 0.0312304 
1.034 -0.319299 0.310492 -0.293305 0.319915 -0.23397 0.314782 -0.177389 0.310139 -0.120318 0.305566 -0.0650703 0.30279 -0.0108341 0.300896 
4.234 -0.118641 -0.299699 -0.0600778 -0.298587 -0.00657589 -0.297375 0.0459762 -0.297958 0.100417 -0.300305 0.155032 -0.302844 0.210445 -0.306541 
3.344 0.122422 0.0749075 0.182209 0.0744644 0.238539 0.075229 0.295471 0.0756447 0.356244 0.0752407 0.418685 0.0759567 0.483656 0.07678 
4.145 -0.172743 -0.325723 -0.113293 -0.323281 -0.0593265 -0.320983 -0.00667425 -0.320489 0.047463 -0.321818 0.101429 -0.323464 0.155846 -0.326344 
4.152 -0.169319 -0.306547 -0.109987 -0.304304 -0.0560819 -0.302135 -0.00347193 -0.301703 0.0506754 -0.303064 0.104657 -0.30469 0.159077 -0.307502 
4.18 -0.14535 -0.292165 -0.0863632 -0.290569 -0.0326804 -0.288963 0.0198365 -0.289074 0.0740755 -0.290932 0.128265 -0.292971 0.183089 -0.296131 
4.25 -0.107684 -0.31545 -0.0491719 -0.314546 0.00432675 -0.313593 0.0569156 -0.314401 0.111424 -0.317084 0.16618 -0.320018 0.221714 -0.324162 
4.23 -0.043994 -0.0264484 0.0138025 -0.0273267 0.0669472 -0.0272691 0.119822 -0.027957 0.175407 -0.0296212 0.231763 -0.0306843 0.289506 -0.0319975 
4.34 -0.0063279 -0.157937 0.0514863 -0.159036 0.105062 -0.159658 0.158568 -0.161533 0.214933 -0.164836 0.272148 -0.167843 0.33095 -0.17154 
4.211 -0.133023 -0.344213 -0.0742223 -0.342542 -0.0205963 -0.340977 0.0319397 -0.341271 0.0862926 -0.343495 0.140689 -0.346005 0.195767 -0.349815 
4.129 -0.182331 -0.298329 -0.122725 -0.295955 -0.0686652 -0.293595 -0.0160068 -0.293007 0.0381198 -0.294098 0.0919813 -0.29547 0.146233 -0.297996 
4.184 -0.150829 -0.38051 -0.0917698 -0.378237 -0.0380054 -0.376115 0.0145991 -0.376023 0.0688248 -0.377904 0.123013 -0.38019 0.177779 -0.383887 
4.199 -0.136447 -0.321613 -0.0776256 -0.319989 -0.023974 -0.318408 0.0285754 -0.318626 0.0828929 -0.320709 0.137245 -0.323061 0.19226 -0.326587 
4.191 -0.144665 -0.307917 -0.0856569 -0.306235 -0.0319415 -0.30457 0.0205891 -0.304718 0.0748285 -0.306642 0.129026 -0.308796 0.183835 -0.312135 
4.258 -0.100151 -0.292165 -0.0417332 -0.29144 0.0116803 -0.290668 0.0642885 -0.29157 0.118903 -0.294266 0.173781 -0.297143 0.229562 -0.30114 
4.246 -0.111108 -0.362704 -0.052518 -0.361537 0.000994354 -0.360405 0.0536549 -0.361228 0.108117 -0.364011 0.162794 -0.367192 0.218264 -0.371653 
4.164 -0.164525 -0.349692 -0.105193 -0.347308 -0.0512642 -0.345058 0.00133142 -0.344737 0.0555264 -0.346255 0.109556 -0.34818 0.16408 -0.351324 
4.148 -0.172059 -0.377085 -0.1127 -0.374282 -0.0587383 -0.371702 -0.00607564 -0.371143 0.0480905 -0.372492 0.102128 -0.374197 0.156547 -0.377371 
2.297 -0.324093 0.248856 -0.259396 0.243625 -0.201933 0.240639 -0.146817 0.237742 -0.090974 0.234785 -0.0366063 0.233309 0.0169944 0.232571 
0.9 -0.352171 0.350212 -0.285454 0.341721 -0.22647 0.336127 -0.170224 0.331061 -0.113367 0.326243 -0.0583568 0.323232 -0.00427351 0.321109 
4.18 -0.152198 -0.359964 -0.0931145 -0.357736 -0.0393458 -0.355652 0.013236 -0.355553 0.0674659 -0.357329 0.121632 -0.359471 0.176406 -0.363005 
4.234 -0.117956 -0.338734 -0.0593841 -0.337449 -0.00587187 -0.336192 0.0467395 -0.336798 0.101184 -0.339288 0.155799 -0.3421 0.211226 -0.346199 
1.244 0.21556 0.195439 0.277548 0.196592 0.336084 0.199264 0.395896 0.201894 0.460245 0.204255 0.526653 0.208144 0.595592 0.212538 
1.364 0.188851 0.166676 0.250176 0.167521 0.307974 0.169739 0.366827 0.171829 0.429831 0.173356 0.495135 0.176213 0.562813 0.179922 
4.262 -0.0994658 -0.340104 -0.0409967 -0.339184 0.0124031 -0.338263 0.0650674 -0.339202 0.119653 -0.34204 0.174519 -0.345215 0.230265 -0.349665 
4.285 -0.0542665 -0.163416 0.00361821 -0.163905 0.0568402 -0.163959 0.109716 -0.165292 0.164976 -0.168085 0.22092 -0.170639 0.278084 -0.173892 
4.176 -0.150829 -0.331201 -0.09178 -0.329228 -0.0380331 -0.327347 0.0145289 -0.327279 0.0687667 -0.328999 0.122952 -0.33107 0.177723 -0.334351 
0.858 -0.0255034 0.391303 0.0335584 0.388843 0.0878214 0.388873 0.141453 0.389485 0.197678 0.390281 0.254223 0.393198 0.31184 0.397139 
4.215 -0.130284 -0.374346 -0.0714721 -0.372627 -0.0177892 -0.371055 0.0347582 -0.371443 0.0891282 -0.373883 0.143499 -0.376653 0.19859 -0.380828 
4.129 -0.184386 -0.313395 -0.12474 -0.310812 -0.07066 -0.308313 -0.0180004 -0.307636 0.0361352 -0.308702 0.0900169 -0.310045 0.144238 -0.312555 
4.168 -0.159732 -0.31682 -0.10043 -0.31481 -0.046585 -0.312855 0.00599312 -0.312696 0.0601727 -0.314282 0.114211 -0.316202 0.168745 -0.319264 
0.808 -0.311081 0.396781 -0.245558 0.387807 -0.187629 0.381934 -0.132058 0.376834 -0.0757375 0.372039 -0.0210492 0.369257 0.0330546 0.367413 
4.266 -0.100836 -0.374346 -0.0423596 -0.373255 0.0110947 -0.37221 0.0637354 -0.373211 0.118325 -0.376148 0.173173 -0.379524 0.228883 -0.384248 
4.102 -0.197398 -0.297644 -0.137379 -0.295023 -0.0831253 -0.29243 -0.0303163 -0.2916 0.0237715 -0.292458 0.0775431 -0.293578 0.131553 -0.295848 
1.073 -0.332311 0.303643 -0.266584 0.296802 -0.208377 0.292506 -0.152736 0.288571 -0.09645 0.284714 -0.0417459 0.282506 0.0120996 0.281146 
4.129 -0.185071 -0.334625 -0.125385 -0.331872 -0.0712837 -0.32928 -0.0185622 -0.328523 0.0355586 -0.329586 0.0894486 -0.330959 0.143683 -0.333594 
4.203 -0.0645391 -0.036721 -0.00674585 -0.0374335 0.0463771 -0.0372698 0.0989572 -0.0379061 0.154111 -0.0395415 0.209965 -0.0405668 0.267088 -0.0419488 
4.25 -0.113847 -0.388728 -0.0552113 -0.387374 -0.00167369 -0.38615 0.0509624 -0.386952 0.105419 -0.389776 0.160061 -0.393051 0.215446 -0.397711 
0.935 -0.287111 0.346103 -0.222711 0.338946 -0.16546 0.334571 -0.110504 0.330664 -0.0546114 0.326963 -9.99067e-05 0.325101 0.0538694 0.324124 
4.211 -0.129599 -0.307917 -0.0708421 -0.306569 -0.0172344 -0.305194 0.0352632 -0.305586 0.089658 -0.307783 0.144045 -0.310213 0.199174 -0.313821 
4.23 -0.0802904 -0.142186 -0.0222031 -0.142381 0.0309958 -0.14211 0.0834904 -0.143119 0.138294 -0.145428 0.193503 -0.147474 0.249898 -0.150193 
4.156 -0.162471 -0.293535 -0.103167 -0.291589 -0.0493508 -0.289635 0.00321489 -0.289409 0.0573542 -0.290922 0.111405 -0.292639 0.165904 -0.295513 
4.102 -0.129599 -0.0360362 -0.0710296 -0.0364252 -0.0178341 -0.0360461 0.034367 -0.03639 0.0885862 -0.0377059 0.14297 -0.0384398 0.198246 -0.0395098 
4.211 -0.130968 -0.29285 -0.0722029 -0.291566 -0.0186433 -0.290177 0.0338687 -0.290516 0.0882258 -0.292663 0.142625 -0.294963 0.197731 -0.298403 
4.27 -0.100151 -0.389412 -0.0416522 -0.388294 0.011822 -0.387264 0.0644933 -0.388255 0.119045 -0.39132 0.173907 -0.394761 0.229602 -0.399668 
4.168 -0.164525 -0.395576 -0.105185 -0.392887 -0.0512381 -0.39042 0.0014256 -0.39005 0.0556243 -0.391675 0.109673 -0.39374 0.164172 -0.397268 
4.215 -0.130968 -0.391467 -0.0721537 -0.389606 -0.0184951 -0.387979 0.0340589 -0.388362 0.0884568 -0.390783 0.142808 -0.393601 0.197943 -0.39789 
4.195 -0.102205 -0.141501 -0.0439227 -0.141453 0.00916534 -0.140856 0.0615533 -0.141602 0.11606 -0.143559 0.17096 -0.145394 0.22686 -0.147874 
4.133 -0.180962 -0.363389 -0.121294 -0.360534 -0.0672026 -0.357903 -0.0144833 -0.357253 0.0396305 -0.358467 0.0935407 -0.360062 0.147804 -0.362965 
4.266 -0.098781 -0.355171 -0.0403087 -0.354204 0.0131398 -0.353246 0.06581 -0.354235 0.120382 -0.357159 0.175258 -0.360417 0.230971 -0.365023 
4.203 -0.135077 -0.35928 -0.0762639 -0.357461 -0.0226124 -0.355795 0.0299529 -0.356016 0.0842532 -0.358196 0.138642 -0.360716 0.193699 -0.364593 
1.392 0.00736885 0.226942 0.0658681 0.225882 0.119936 0.226785 0.173932 0.227719 0.23071 0.228436 0.288288 0.230683 0.347287 0.233413 
3.412 0.0820162 0.0680592 0.140706 0.0673726 0.195824 0.0679309 0.251367 0.0681261 0.310328 0.0675319 0.370516 0.0679099 0.432858 0.0684414 
1.379 0.000520477 0.239269 0.0590351 0.238175 0.113087 0.238984 0.166937 0.239892 0.223641 0.240724 0.281047 0.243018 0.339863 0.245879 
1.884 0.118997 0.15024 0.178743 0.150455 0.234797 0.152127 0.291417 0.15358 0.351754 0.1546 0.413682 0.156992 0.478147 0.159699 
4.141 -0.180277 -0.349692 -0.120626 -0.347 -0.0665631 -0.344426 -0.0138826 -0.34381 0.0402747 -0.345034 0.0941613 -0.346587 0.148454 -0.349419 
4.184 -0.147404 -0.346268 -0.0883684 -0.344322 -0.0346302 -0.342429 0.0179566 -0.342467 0.0721684 -0.344379 0.126372 -0.346633 0.181142 -0.350129 
4.105 -0.198767 -0.332571 -0.138771 -0.3296 -0.0845175 -0.326842 -0.0316682 -0.325867 0.0224237 -0.326763 0.0762577 -0.327952 0.130276 -0.330397 
4.109 -0.198082 -0.314765 -0.138075 -0.311962 -0.0838038 -0.309292 -0.0310165 -0.308359 0.0231047 -0.309279 0.0769099 -0.310415 0.130929 -0.312809 
4.32 -0.0309821 -0.162731 0.0266828 -0.163648 0.0801289 -0.163916 0.133245 -0.165553 0.189156 -0.168643 0.245567 -0.171448 0.303495 -0.174973 
3.977 0.131324 0.0112176 0.191235 0.0101019 0.247684 0.0100668 0.304943 0.00941271 0.365986 0.00784704 0.428909 0.00708859 0.494468 0.00622222 
0.838 -0.505575 0.3598 -0.431666 0.348813 -0.366848 0.340869 -0.306033 0.333495 -0.245227 0.326473 -0.187392 0.321277 -0.131249 0.317034 
1.463 -0.2515 0.285153 -0.188961 0.279961 -0.133001 0.277039 -0.0791327 0.274382 -0.0240141 0.271731 0.0299676 0.270767 0.0837708 0.27051 
4.109 -0.198082 -0.348322 -0.138069 -0.345207 -0.0838097 -0.342286 -0.0309525 -0.341294 0.0231643 -0.342157 0.0769962 -0.343363 0.131008 -0.345909 
1.166 -0.323408 0.27625 -0.25856 0.270271 -0.201073 0.266678 -0.145868 0.263327 -0.0899391 0.259999 -0.0355307 0.258223 0.0181505 0.257181 
4.191 -0.149459 -0.395576 -0.0903802 -0.393254 -0.036615 -0.39114 0.0159932 -0.391051 0.0702249 -0.393058 0.124419 -0.395416 0.179193 -0.399276 
1.179 0.25391 0.214614 0.316876 0.21643 0.376714 0.219723 0.437906 0.223116 0.503488 0.226165 0.571443 0.230882 0.641986 0.236064 
1.705 0.0135324 0.0701137 0.0714768 0.0694776 0.12517 0.0698118 0.179055 0.0697957 0.235845 0.0691627 0.293618 0.0695404 0.352926 0.0698079 
4.211 -0.0665936 -0.0586358 -0.00881909 -0.0592852 0.0442743 -0.0591469 0.0968562 -0.0598532 0.151993 -0.0616694 0.207747 -0.0629807 0.264778 -0.0646548 
1.773 -0.316559 0.224202 -0.251918 0.219507 -0.194562 0.216895 -0.13964 0.214322 -0.0839679 0.211616 -0.0298738 0.210408 0.0236055 0.209781 
4.133 -0.183016 -0.385303 -0.123352 -0.382193 -0.06922 -0.379389 -0.0164885 -0.378629 0.0376305 -0.379782 0.0915522 -0.381336 0.145807 -0.384356 
4.156 -0.167265 -0.363389 -0.107937 -0.360798 -0.0539973 -0.358377 -0.00136926 -0.357964 0.0528051 -0.359444 0.106817 -0.36126 0.161332 -0.364436 
4.113 -0.199452 -0.40037 -0.139423 -0.396712 -0.085117 -0.393458 -0.0321856 -0.392271 0.0219342 -0.39307 0.0757596 -0.394337 0.12981 -0.39705 
1.654 0.0854404 0.12764 0.144316 0.12727 0.199486 0.128359 0.255187 0.129273 0.314199 0.129485 0.374587 0.131031 0.437051 0.132853 
0.956 -0.366553 0.333776 -0.299115 0.325637 -0.239622 0.320251 -0.183016 0.315333 -0.125867 0.310584 -0.0705957 0.307635 -0.0163238 0.305552 
1.646 0.136803 0.168045 0.196811 0.168432 0.253346 0.170323 0.310469 0.171958 0.371428 0.173253 0.434035 0.175975 0.499181 0.179205 
1.178 -0.302178 0.267347 -0.238114 0.261946 -0.181012 0.258578 -0.126235 0.255577 -0.0704917 0.252466 -0.0162588 0.251039 0.0374032 0.250355 
4.27 -0.0960416 -0.306547 -0.0376543 -0.305825 0.0157398 -0.305014 0.0683712 -0.305984 0.122973 -0.308752 0.177899 -0.311745 0.233652 -0.315898 
1.396 -0.0576907 0.0797014 0.000433367 0.0785201 0.0536902 0.0786495 0.106438 0.0784456 0.161729 0.0776466 0.217656 0.0778453 0.274693 0.0780804 
4.227 -0.0720723 -0.105205 -0.0142398 -0.105532 0.0388858 -0.105426 0.0914293 -0.106295 0.146528 -0.108347 0.20214 -0.110251 0.25905 -0.112471 
4.242 -0.0830297 -0.16958 -0.0248645 -0.169595 0.0282195 -0.169281 0.0807742 -0.170287 0.135564 -0.17273 0.190762 -0.175027 0.247095 -0.178079 
1.304 0.206657 0.180373 0.268423 0.18145 0.326778 0.183962 0.386195 0.186326 0.450033 0.188417 0.516053 0.191848 0.58455 0.195788 
1.389 0.00873853 0.254335 0.0673251 0.253269 0.121535 0.254223 0.175564 0.25532 0.232484 0.256264 0.290168 0.258833 0.349332 0.262086 
0.84 -0.48229 0.3598 -0.409521 0.349152 -0.345746 0.341512 -0.285652 0.334586 -0.225659 0.327921 -0.168253 0.323094 -0.112583 0.31915 
4.109 -0.196713 -0.38051 -0.136713 -0.377059 -0.0824477 -0.373955 -0.0295634 -0.37288 0.024551 -0.373731 0.0783864 -0.375014 0.132455 -0.377712 
1.376 -0.0344062 0.0803862 0.0234207 0.0792706 0.0767042 0.0794678 0.12969 0.079361 0.185307 0.0786576 0.241833 0.079011 0.299489 0.0793437 
0.854 -0.466539 0.352267 -0.39443 0.342058 -0.331265 0.334796 -0.271638 0.328251 -0.21202 0.322017 -0.154908 0.317555 -0.0995086 0.313813 
4.246 -0.0672785 -0.136022 -0.00936549 -0.136386 0.0437727 -0.136247 0.0963533 -0.137272 0.151363 -0.139687 0.207013 -0.141837 0.263765 -0.144602 
1.372 -0.00495822 0.215299 0.0533553 0.21413 0.107313 0.214939 0.161034 0.215594 0.217641 0.216267 0.274786 0.218086 0.333404 0.220549 
1.306 0.223778 0.174894 0.286027 0.176009 0.345006 0.17858 0.40523 0.181032 0.469994 0.18323 0.536972 0.186788 0.606566 0.190789 
4.137 -0.183701 -0.40037 -0.123997 -0.39714 -0.0698821 -0.394232 -0.0171293 -0.39339 0.037002 -0.394546 0.0909349 -0.396136 0.145157 -0.399177 
2.82 0.114888 0.123531 0.17437 0.123532 0.23029 0.124979 0.28668 0.126045 0.346693 0.126659 0.408283 0.128321 0.472192 0.130456 
0.96 -0.324777 0.337885 -0.259255 0.330314 -0.201118 0.325454 -0.14558 0.321183 -0.0892772 0.31706 -0.0345389 0.314676 0.0193476 0.313208 
1.475 0.161457 0.242008 0.222077 0.243279 0.27908 0.246182 0.336813 0.249138 0.398593 0.251954 0.462172 0.256541 0.528111 0.261702 
0.854 -0.452157 0.355006 -0.38078 0.34486 -0.318255 0.337756 -0.259127 0.331328 -0.19999 0.325069 -0.143156 0.320727 -0.088032 0.317186 
1.664 0.0813313 0.105725 0.140136 0.105311 0.195261 0.106073 0.25085 0.106795 0.309856 0.106768 0.370105 0.107848 0.432521 0.109075 
1.366 0.233365 0.157773 0.29601 0.158772 0.355275 0.161101 0.415852 0.163418 0.481151 0.165178 0.548748 0.168433 0.619098 0.172055 
4.258 -0.0255034 -0.0339816 0.0321293 -0.0349049 0.0854749 -0.0349218 0.13857 -0.0357044 0.194616 -0.0375249 0.25147 -0.0387058 0.309771 -0.0402185 
0.989 -0.435036 0.322819 -0.365309 0.314371 -0.304 0.30859 -0.245865 0.303341 -0.187443 0.298171 -0.131305 0.294745 -0.0765194 0.292031 
0.903 -0.406273 0.339255 -0.337104 0.330316 -0.276366 0.32428 -0.218661 0.318845 -0.160744 0.313574 -0.104792 0.309988 -0.0503088 0.307281 
4.219 -0.103575 -0.183961 -0.0452122 -0.183701 0.00800692 -0.18311 0.0604148 -0.183831 0.114939 -0.18609 0.169748 -0.188204 0.225477 -0.191086 
0.827 -0.429558 0.362539 -0.359253 0.35244 -0.29766 0.345408 -0.239199 0.338999 -0.180604 0.332896 -0.124308 0.328664 -0.0694801 0.325319 
1.619 -0.264512 0.17147 -0.201592 0.168051 -0.145385 0.16641 -0.091479 0.164659 -0.0363757 0.162875 0.0173284 0.162241 0.0709459 0.162028 
1.779 0.0655801 0.0735379 0.124055 0.0728175 0.178672 0.0733323 0.233644 0.0735078 0.291931 0.0728909 0.351381 0.0732918 0.412733 0.0739113 
2.322 -0.285057 0.163252 -0.221707 0.159727 -0.165327 0.157938 -0.111068 0.156177 -0.0560469 0.154108 -0.00228847 0.153362 0.0510579 0.152899 
4.277 -0.0398849 -0.118902 0.0180618 -0.119705 0.0711759 -0.119864 0.124127 -0.121159 0.179716 -0.12373 0.236125 -0.125978 0.293753 -0.128745 
3.953 0.10941 0.00847829 0.168752 0.00737116 0.224664 0.00734127 0.281206 0.00670412 0.341441 0.00512896 0.403266 0.00436567 0.467519 0.00340446 
0.814 -0.448048 0.368703 -0.376801 0.358192 -0.314221 0.350741 -0.255122 0.344035 -0.195977 0.33758 -0.139184 0.333012 -0.0840193 0.329398 
1.744 0.103931 0.0927133 0.163033 0.0922555 0.218602 0.0931493 0.274784 0.0937755 0.334448 0.0936116 0.395631 0.094478 0.458922 0.0956825 
1.124 -0.344638 0.284468 -0.278967 0.278037 -0.220659 0.274123 -0.16515 0.270352 -0.10857 0.266855 -0.0540603 0.264724 -0.000244323 0.26344 
1.663 0.0888645 0.141337 0.147869 0.14117 0.203212 0.142474 0.259013 0.143531 0.318139 0.143999 0.378692 0.145712 0.441357 0.14783 
4.246 -0.10152 -0.259293 -0.0430383 -0.258821 0.0103315 -0.258089 0.0629261 -0.258993 0.117459 -0.261642 0.172301 -0.26432 0.227995 -0.268139 
4.223 -0.122065 -0.260663 -0.063376 -0.2597 -0.00989542 -0.258612 0.0426418 -0.259164 0.097047 -0.261499 0.15162 -0.263865 0.206909 -0.267336 
1.537 0.0244898 0.089974 0.0825427 0.0890336 0.13649 0.0895837 0.190574 0.0896316 0.247734 0.0892734 0.305886 0.0897921 0.365596 0.0904714 
1.481 -0.259718 0.268717 -0.196912 0.26357 -0.140799 0.260614 -0.0866855 0.258022 -0.0314334 0.255521 0.0226291 0.254593 0.076392 0.254359 
1.117 -0.310396 0.287892 -0.245971 0.281814 -0.188678 0.278164 -0.13365 0.274817 -0.0778365 0.271444 -0.0233755 0.269788 0.0303267 0.268892 
1.334 -0.0316669 0.115998 0.0262478 0.114768 0.0797169 0.115058 0.132836 0.11513 0.188626 0.114835 0.245085 0.115546 0.302796 0.116312 
0.87 -0.420655 0.350212 -0.350768 0.340714 -0.289402 0.334153 -0.231198 0.328175 -0.172856 0.322545 -0.116684 0.318624 -0.061837 0.315638 
0.839 -0.407643 0.359115 -0.338419 0.349485 -0.277657 0.342897 -0.21992 0.33692 -0.16194 0.331225 -0.106052 0.327346 -0.0514081 0.324389 
1.642 0.08681 0.240638 0.146086 0.240903 0.201471 0.242836 0.257258 0.244935 0.316378 0.246934 0.3769 0.250598 0.439412 0.254735 
2.852 0.00257499 0.043405 0.0604245 0.0424222 0.114048 0.0427972 0.167746 0.0424218 0.224635 0.0416749 0.282335 0.041491 0.341642 0.0413765 
0.88 -0.389152 0.342679 -0.320615 0.333782 -0.260368 0.327747 -0.203054 0.322335 -0.145334 0.317056 -0.0896554 0.313547 -0.0352219 0.310956 
4.203 -0.0898781 -0.116847 -0.0317895 -0.117014 0.0213134 -0.116708 0.0737017 -0.11741 0.128249 -0.119432 0.183366 -0.121114 0.239374 -0.123474 
3.182 0.140227 0.0660047 0.20044 0.0654928 0.257327 0.066198 0.31478 0.0664298 0.376112 0.0659482 0.439395 0.0664145 0.505475 0.0670417 
1.468 0.0224353 0.109834 0.0805491 0.109064 0.134494 0.109666 0.188508 0.110071 0.245549 0.109958 0.303496 0.110947 0.362958 0.112086 
4.285 -0.022764 -0.091508 0.0347926 -0.0924515 0.0882444 -0.0926417 0.141451 -0.093883 0.197473 -0.0963142 0.254198 -0.0982989 0.312585 -0.100738 
1.421 -0.0131763 0.0797014 0.04469 0.0786631 0.0981792 0.0789884 0.15147 0.0789381 0.207526 0.0783224 0.264346 0.0786527 0.32249 0.079071 
4.383 0.0354472 -0.123695 0.0935142 -0.125241 0.147637 -0.126256 0.202018 -0.12826 0.259474 -0.131662 0.31801 -0.134519 0.378357 -0.138143 
4.27 -0.0378304 -0.0921929 0.0199734 -0.0930445 0.0731807 -0.0931712 0.125991 -0.0942924 0.181713 -0.096641 0.238056 -0.0985754 0.295748 -0.100921 
1.361 -0.0111218 0.261868 0.0474173 0.260581 0.101591 0.261212 0.155279 0.262103 0.211801 0.26287 0.268879 0.265292 0.32739 0.268334 
0.802 -0.469963 0.372812 -0.397657 0.36187 -0.334374 0.354047 -0.274643 0.346951 -0.21504 0.340173 -0.157865 0.335236 -0.102366 0.331269 
1.474 0.0368169 0.244062 0.095485 0.243577 0.149937 0.244787 0.204427 0.246204 0.261895 0.247329 0.320455 0.250235 0.380513 0.253656 
0.988 -0.343953 0.328982 -0.277713 0.321226 -0.219151 0.316254 -0.163224 0.311802 -0.106631 0.307458 -0.0517613 0.304932 0.00227236 0.30319 
4.375 0.0833858 -0.0285029 0.142104 -0.0298965 0.197251 -0.0302548 0.253032 -0.0314789 0.312247 -0.0337625 0.372818 -0.0352149 0.435637 -0.0370272 
0.87 -0.435721 0.347473 -0.36518 0.337734 -0.303256 0.33101 -0.244553 0.324825 -0.185765 0.319046 -0.129298 0.31494 -0.0743827 0.311672 
1.386 -0.150829 0.219408 -0.0909946 0.216309 -0.0369369 0.215209 0.0159962 0.214254 0.0705756 0.2132 0.124802 0.213609 0.179666 0.214616 
4.301 -0.0248185 -0.116847 0.0329391 -0.117744 0.0863107 -0.118019 0.13939 -0.119405 0.195377 -0.122072 0.252217 -0.124391 0.31036 -0.127256 
1.607 0.0737981 0.179688 0.132701 0.17946 0.187747 0.180862 0.243067 0.182113 0.301781 0.18298 0.361716 0.185291 0.423605 0.187977 
1.2 0.231996 0.214614 0.294344 0.216171 0.353526 0.219239 0.41368 0.222258 0.478383 0.225072 0.54503 0.229334 0.614612 0.234262 
0.783 -0.381619 0.400205 -0.313374 0.389795 -0.253108 0.382632 -0.195882 0.376255 -0.138181 0.370106 -0.0824673 0.366122 -0.0278388 0.363147 
1.294 -0.277524 0.270086 -0.214307 0.26481 -0.157836 0.26186 -0.103555 0.259108 -0.0481853 0.256386 0.00591382 0.255229 0.0596925 0.254925 
4.387 0.0347624 -0.146295 0.0928852 -0.147896 0.146998 -0.148953 0.201358 -0.151303 0.258764 -0.154833 0.317246 -0.158075 0.377578 -0.162061 
1.67 0.0943432 0.192015 0.153594 0.192161 0.209072 0.193789 0.265008 0.195514 0.324236 0.196806 0.385081 0.199654 0.447911 0.202891 
1.628 0.078592 0.162567 0.137457 0.162364 0.192538 0.163763 0.247934 0.16497 0.306672 0.165788 0.366696 0.167921 0.428687 0.17042 
1.685 0.101192 0.159143 0.160533 0.159211 0.216229 0.160681 0.272424 0.162002 0.332081 0.162846 0.393234 0.165068 0.456611 0.167662 
4.203 -0.122065 -0.190125 -0.0634901 -0.189572 -0.010134 -0.188722 0.0422396 -0.189306 0.0965308 -0.191368 0.151055 -0.193424 0.206319 -0.196178 
1.415 0.00805369 0.107095 0.0661141 0.106226 0.11985 0.106711 0.173591 0.106919 0.230476 0.106833 0.288121 0.107622 0.347222 0.108635 
1.021 -0.37888 0.310492 -0.31129 0.302854 -0.251669 0.29778 -0.194804 0.293243 -0.13753 0.288823 -0.0823051 0.28601 -0.0280509 0.283966 
1.367 -0.022764 0.0968224 0.0351014 0.0957425 0.0885599 0.0960812 0.141786 0.0960663 0.197681 0.0955627 0.254445 0.0961067 0.31241 0.0966788 
1.701 0.08681 0.0913437 0.145721 0.090927 0.200889 0.0916195 0.256619 0.0921651 0.315748 0.0919142 0.376195 0.0928208 0.438757 0.0938771 
1.055 -0.351486 0.309122 -0.28506 0.301726 -0.226396 0.296938 -0.170199 0.292619 -0.113541 0.288398 -0.0585864 0.285833 -0.00450863 0.284107 
0.798 -0.429558 0.378291 -0.359207 0.367907 -0.297539 0.360658 -0.23895 0.354018 -0.180295 0.3478 -0.123937 0.343361 -0.0690243 0.339919 
3.959 0.0306533 0.0132722 0.0888404 0.01227 0.14293 0.0123345 0.19726 0.0118441 0.254889 0.0104467 0.313668 0.00991376 0.373898 0.00919331 
4.215 -0.0686481 -0.0853445 -0.0108153 -0.0857506 0.0422993 -0.0855773 0.0948657 -0.0863926 0.149943 -0.0883579 0.205675 -0.0897685 0.262614 -0.0919146 
1.406 -0.200137 0.272826 -0.139019 0.268542 -0.084104 0.266466 -0.0307074 0.264707 0.0240198 0.262964 0.0782222 0.262916 0.132405 0.263532 
4.422 0.0450349 -0.177798 0.103343 -0.179768 0.157656 -0.181231 0.212287 -0.183888 0.269991 -0.188058 0.328872 -0.192031 0.389681 -0.196814 
0.85 -0.043994 0.389933 0.0151866 0.387016 0.0693343 0.386434 0.122839 0.386537 0.178855 0.386823 0.235018 0.389264 0.292219 0.392755 
3.873 0.197069 0.0208054 0.258754 0.0197273 0.317243 0.0197125 0.376816 0.0190903 0.440744 0.0175521 0.507149 0.0168906 0.576573 0.016115 
1.229 -0.0905629 0.311861 -0.0313915 0.308889 0.022616 0.30804 0.0757169 0.307629 0.131096 0.307425 0.186446 0.308898 0.242596 0.311113 
1.637 0.0265443 0.0762772 0.0845991 0.0754849 0.138467 0.075906 0.192545 0.0759445 0.249617 0.0753979 0.307806 0.0757883 0.367477 0.076143 
1.217 -0.298754 0.251596 -0.234866 0.246498 -0.177931 0.243592 -0.123238 0.240839 -0.0678149 0.238063 -0.0136042 0.236779 0.0399882 0.236154 
4.246 -0.0494727 -0.0771264 0.00841015 -0.0778548 0.0614446 -0.0778516 0.114147 -0.0788294 0.169569 -0.0809679 0.225572 -0.0826679 0.282918 -0.0847698 
1.506 -0.244651 0.263238 -0.182572 0.25875 -0.127022 0.256276 -0.0732032 0.254092 -0.0182701 0.25194 0.0357143 0.251434 0.0896184 0.25158 
3.65 0.0813313 0.013957 0.140009 0.012908 0.195312 0.0129172 0.251002 0.0122966 0.310263 0.0107862 0.371033 0.0101087 0.433858 0.00923749 
1.034 -0.410382 0.307068 -0.341745 0.299347 -0.281381 0.294284 -0.223943 0.289564 -0.166236 0.284979 -0.110613 0.282011 -0.056227 0.279795 
1.44 0.201178 0.155034 0.26278 0.155573 0.321086 0.157839 0.380333 0.1595 0.443985 0.160914 0.509795 0.163757 0.578356 0.166969 
0.907 -0.337105 0.360485 -0.270701 0.352104 -0.21211 0.346521 -0.155996 0.341675 -0.099234 0.337072 -0.0442618 0.334214 0.00991171 0.332363 
1.402 -0.272045 0.237899 -0.208945 0.233195 -0.152634 0.230595 -0.0984959 0.228158 -0.043341 0.225637 0.0105555 0.224757 0.0641713 0.2245 
4.18 -0.112478 -0.131913 -0.0539559 -0.131775 -0.000465775 -0.13123 0.0517831 -0.131774 0.106357 -0.133665 0.16112 -0.135301 0.216862 -0.13761 
4.41 0.027914 -0.21067 0.0860962 -0.212355 0.140139 -0.213727 0.194403 -0.2165 0.251438 -0.22101 0.309648 -0.225287 0.369591 -0.230508 
1.437 -0.222737 0.236529 -0.161153 0.232486 -0.105864 0.230526 -0.0524781 0.22863 0.00227483 0.226719 0.0562162 0.226546 0.110085 0.226694 
1.375 -0.152198 0.244747 -0.0921727 0.241284 -0.0379184 0.24 0.0150426 0.238905 0.0697515 0.237718 0.124084 0.238224 0.178927 0.239313 
3.896 0.0525681 0.0187509 0.110854 0.0177347 0.165282 0.0177993 0.220146 0.0173284 0.278518 0.0159413 0.338012 0.0153649 0.399411 0.0146835 
4.254 -0.0563211 -0.110683 0.0014694 -0.111327 0.0546586 -0.111361 0.107289 -0.112479 0.162803 -0.114893 0.218719 -0.116959 0.275956 -0.119501 
4.414 0.0299685 -0.196288 0.0882475 -0.197972 0.1423 -0.199339 0.196606 -0.202039 0.253887 -0.206332 0.312329 -0.210382 0.372482 -0.215317 
1.434 0.000520477 0.0933982 0.0584188 0.0923978 0.11207 0.0928577 0.165725 0.0930183 0.222361 0.0927259 0.279726 0.0934443 0.338551 0.0942594 
0.787 -0.448048 0.3824 -0.376731 0.371592 -0.314137 0.363943 -0.255051 0.35694 -0.195854 0.350359 -0.139025 0.345695 -0.0838964 0.341901 
1.417 -0.220682 0.287207 -0.158924 0.282182 -0.103614 0.279481 -0.0500656 0.277082 0.0048375 0.274789 0.0589548 0.274226 0.112994 0.274379 
1.104 -0.326832 0.290631 -0.261646 0.284173 -0.203899 0.280261 -0.148474 0.276693 -0.0923603 0.273099 -0.037822 0.271152 0.0159865 0.269962 
4.184 -0.0843994 -0.0675387 -0.0264265 -0.0680178 0.026646 -0.0677469 0.0790298 -0.0684638 0.133764 -0.0701763 0.189009 -0.0715216 0.245365 -0.0731794 
4.277 -0.0241337 -0.0689084 0.0334555 -0.0698443 0.0868692 -0.0699802 0.139932 -0.0710341 0.195954 -0.0732876 0.252809 -0.0749614 0.311123 -0.0770625 
3.924 0.0669497 0.0125873 0.125568 0.011541 0.180299 0.011577 0.235718 0.0110226 0.294313 0.00954818 0.3542 0.00888621 0.416083 0.00811334 
1.423 -0.201507 0.235844 -0.140501 0.231998 -0.0856756 0.230175 -0.0324747 0.228582 0.0222399 0.226975 0.0761772 0.22686 0.130359 0.227358 
4.445 0.0457198 -0.193549 0.104029 -0.195788 0.158411 -0.197246 0.213005 -0.200026 0.270649 -0.204537 0.329484 -0.208771 0.390278 -0.213858 
1.741 0.114204 0.21393 0.173996 0.214254 0.230085 0.216585 0.28657 0.218447 0.346823 0.220573 0.408698 0.223782 0.472796 0.227838 
4.363 0.0327078 -0.10589 0.0907405 -0.107407 0.144873 -0.108243 0.19924 -0.110127 0.256717 -0.113279 0.315283 -0.115992 0.375656 -0.119287 
4.309 -0.018655 -0.129174 0.0390425 -0.130163 0.0925185 -0.130528 0.14586 -0.13203 0.201805 -0.134907 0.258697 -0.137455 0.31716 -0.140574 
4.273 -0.0124914 -0.0401452 0.0452397 -0.0411254 0.0987054 -0.0412193 0.152184 -0.04207 0.208603 -0.0439972 0.265962 -0.0452693 0.324767 -0.0468805 
4.355 -0.00153404 -0.192179 0.0564114 -0.193569 0.110038 -0.194509 0.163642 -0.196626 0.219954 -0.200347 0.277199 -0.203889 0.335959 -0.208159 
4.441 0.0450349 -0.2093 0.103375 -0.2114 0.157683 -0.213104 0.212248 -0.215997 0.269791 -0.220701 0.328577 -0.225268 0.389219 -0.230748 
4.191 -0.0652239 -0.0141214 -0.0074495 -0.0148975 0.0456363 -0.0147213 0.0982673 -0.0153023 0.153437 -0.0167496 0.209266 -0.0175531 0.266374 -0.0185998 
4.211 0.0950281 0.00984797 0.154183 0.00871337 0.209589 0.00868641 0.265804 0.00803534 0.325413 0.00646332 0.3867 0.00569852 0.450374 0.00470529 
4.27 -0.0761813 -0.18944 -0.0180987 -0.189489 0.0350812 -0.189221 0.0876555 -0.190354 0.142559 -0.193029 0.197936 -0.195567 0.254481 -0.198851 
4.309 -0.0104369 -0.113423 0.0470379 -0.114462 0.100736 -0.114846 0.154188 -0.116346 0.210269 -0.119096 0.267599 -0.121455 0.32624 -0.124342 
4.223 0.00873853 0.0119025 0.0665465 0.0109439 0.12037 0.0109899 0.174172 0.0105425 0.231179 0.00910795 0.289193 0.0085519 0.348713 0.00784127 
0.79 -0.352856 0.394042 -0.285854 0.384416 -0.226633 0.377899 -0.170093 0.372043 -0.112954 0.366653 -0.05764 0.363126 -0.00335573 0.360631 
1.46 -0.226846 0.254335 -0.165205 0.249987 -0.109769 0.247806 -0.0562605 0.245819 -0.00142114 0.243813 0.0524475 0.243454 0.106455 0.24371 
1.422 0.166251 0.165306 0.226917 0.165947 0.284132 0.167923 0.342112 0.169783 0.404095 0.171254 0.467948 0.174115 0.53435 0.177354 
0.802 -0.328886 0.391303 -0.262878 0.382157 -0.204384 0.376132 -0.148429 0.370848 -0.091779 0.365784 -0.03685 0.362744 0.0172878 0.360705 
4.371 0.0594165 -0.0552116 0.117792 -0.0566185 0.172413 -0.0571811 0.227435 -0.0587501 0.285788 -0.0613682 0.345356 -0.0633319 0.406923 -0.065793 
1.453 -0.27273 0.251596 -0.209576 0.246758 -0.153231 0.243938 -0.0990862 0.241208 -0.0438363 0.238663 0.010082 0.237525 0.0637373 0.237046 
1.416 -0.258348 0.237899 -0.195823 0.233412 -0.139904 0.231075 -0.0858897 0.228864 -0.0308621 0.226587 0.0229622 0.226027 0.0765846 0.225949 
4.23 -0.00495822 0.0255992 0.0528418 0.0246684 0.106379 0.0249893 0.16009 0.0246143 0.216724 0.0235231 0.27439 0.0231793 0.333621 0.0227524 
0.775 -0.403534 0.405684 -0.334366 0.394626 -0.273495 0.387011 -0.215593 0.380146 -0.157371 0.37371 -0.101452 0.369225 -0.0466444 0.365812 
4.363 0.0196959 -0.141501 0.077702 -0.142978 0.131635 -0.14384 0.185727 -0.145974 0.242806 -0.149305 0.300931 -0.152508 0.360773 -0.15645 
0.809 -0.409012 0.374182 -0.339572 0.364169 -0.278591 0.357253 -0.220702 0.350916 -0.162566 0.345062 -0.106486 0.340978 -0.051704 0.337757 
1.56 0.155979 0.154349 0.216536 0.154753 0.273555 0.156674 0.331218 0.158184 0.393051 0.159418 0.456517 0.161924 0.522726 0.164701 
4.25 -0.0398849 -0.04083 0.0178546 -0.0417315 0.0710027 -0.0417232 0.123891 -0.0425081 0.179543 -0.0442609 0.235905 -0.0454325 0.293689 -0.046881 
1.744 0.116258 0.181742 0.175877 0.182022 0.231819 0.183766 0.288374 0.185448 0.348507 0.186822 0.410289 0.18961 0.474348 0.192884 
4.539 0.0922887 -0.183961 0.151349 -0.186737 0.206671 -0.18888 0.262453 -0.192198 0.321696 -0.197398 0.382543 -0.202044 0.445753 -0.207561 
1.257 0.23542 0.185851 0.298018 0.187137 0.357357 0.189907 0.417921 0.192562 0.483173 0.195051 0.550621 0.19898 0.620604 0.203286 
3.391 0.0957129 0.0680592 0.154715 0.0674464 0.210008 0.0680732 0.266007 0.0682603 0.325403 0.0677364 0.386251 0.0681626 0.449508 0.0686744 
0.792 -0.394631 0.389933 -0.325783 0.379625 -0.26517 0.372459 -0.207702 0.366133 -0.149631 0.360003 -0.0939791 0.355939 -0.039276 0.352686 
1.665 0.0950281 0.225572 0.154418 0.22578 0.209841 0.227926 0.265771 0.229738 0.325152 0.231402 0.385917 0.23489 0.448727 0.238659 
0.935 -0.309711 0.346103 -0.244626 0.338625 -0.186898 0.333951 -0.131562 0.329733 -0.0754973 0.325738 -0.0209302 0.32356 0.0329278 0.322248 
4.391 0.0772223 -0.0483632 0.135867 -0.0498973 0.19092 -0.0505254 0.24647 -0.0519157 0.305553 -0.0543246 0.365917 -0.0560822 0.42841 -0.0582479 
0.737 -0.487769 0.438556 -0.415664 0.425607 -0.352121 0.415948 -0.291662 0.407154 -0.231517 0.398772 -0.173744 0.392479 -0.117762 0.387343 
1.487 0.0402411 0.309807 0.099127 0.309203 0.153765 0.310777 0.208343 0.312603 0.265924 0.314378 0.324449 0.31812 0.384437 0.322582 
4.27 -0.022764 -0.0545268 0.0349508 -0.0554588 0.0883643 -0.0555636 0.1416 -0.0566098 0.197785 -0.0587277 0.254841 -0.0602752 0.313295 -0.0622114 
4.152 -0.105629 -0.0675387 -0.0473296 -0.0679059 0.00573396 -0.067463 0.0579686 -0.0680557 0.112445 -0.0695123 0.167235 -0.0707331 0.223077 -0.0722673 
4.352 0.0217504 -0.114108 0.0796571 -0.115547 0.133591 -0.116275 0.187716 -0.118017 0.244834 -0.121118 0.302974 -0.123758 0.362848 -0.126928 
0.758 -0.432297 0.418696 -0.36175 0.406848 -0.299523 0.398362 -0.240711 0.390708 -0.18177 0.383501 -0.125113 0.378346 -0.0700155 0.374311 
4.363 -0.00290371 -0.215464 0.0549785 -0.216788 0.10866 -0.217883 0.162246 -0.220299 0.218524 -0.224066 0.275686 -0.227857 0.334445 -0.232598 
0.785 -0.463799 0.385824 -0.392212 0.374875 -0.329279 0.367011 -0.269698 0.359789 -0.210135 0.353015 -0.1531 0.348081 -0.0978711 0.344195 
0.781 -0.364498 0.402945 -0.296973 0.392762 -0.237497 0.385783 -0.180516 0.379511 -0.12326 0.373728 -0.0677213 0.369903 -0.0135067 0.367177 
4.258 -0.0193398 -0.0209697 0.0382936 -0.0218989 0.091678 -0.0218885 0.144919 -0.0226139 0.201103 -0.024317 0.258198 -0.0253478 0.316793 -0.0266523 
0.823 -0.0419395 0.407054 0.0172957 0.403948 0.0714859 0.403481 0.125039 0.403482 0.181087 0.40393 0.237251 0.406417 0.294464 0.409978 
1.448 0.0251746 0.215299 0.0836476 0.214551 0.13799 0.215309 0.192278 0.216589 0.24961 0.217599 0.307738 0.219848 0.36752 0.222722 
0.966 -0.405588 0.324188 -0.337034 0.315585 -0.276878 0.309722 -0.219723 0.304453 -0.162087 0.299332 -0.106528 0.296081 -0.0521044 0.293517 
1.278 -0.137132 0.312546 -0.0773139 0.308697 -0.023128 0.307134 0.0298774 0.30597 0.0847457 0.30484 0.139458 0.305741 0.194578 0.307156 
1.617 0.0765375 0.199548 0.135533 0.199387 0.1906 0.200804 0.245927 0.202279 0.304628 0.203241 0.364562 0.205912 0.426537 0.208748 
1.363 0.213505 0.164621 0.275454 0.165738 0.334247 0.168103 0.39399 0.170193 0.458244 0.172082 0.524664 0.175235 0.593801 0.17897 
1.678 0.0464046 0.0776469 0.104665 0.0768388 0.158924 0.0773947 0.213405 0.0774749 0.271113 0.0769184 0.32982 0.0773519 0.390335 0.0777639 
4.512 0.0881797 -0.162046 0.147123 -0.16462 0.202416 -0.166643 0.258098 -0.169631 0.317355 -0.174215 0.377857 -0.178541 0.440737 -0.183667 
1.325 0.192275 0.181057 0.253531 0.181964 0.311431 0.184274 0.370306 0.18642 0.433288 0.188312 0.498475 0.191615 0.566159 0.195323 
1.731 0.123106 0.163936 0.182835 0.164171 0.238926 0.165821 0.295631 0.167308 0.356136 0.168443 0.41829 0.170976 0.482649 0.173779 
4.184 -0.0912478 -0.0853445 -0.0331299 -0.0856359 0.0199103 -0.0853152 0.0722612 -0.0859353 0.126914 -0.087822 0.182081 -0.0892219 0.238244 -0.0911667 
4.25 -0.0371456 -0.0552116 0.0206365 -0.0560986 0.0738409 -0.0561667 0.12674 -0.0570362 0.182367 -0.0589391 0.23888 -0.0604017 0.296714 -0.0621574 
1.509 0.171045 0.150925 0.231951 0.151454 0.289363 0.153295 0.347593 0.154935 0.410074 0.156125 0.474455 0.158735 0.541309 0.161615 
3.463 0.0840707 0.035187 0.142873 0.0341782 0.198303 0.034329 0.254155 0.0341601 0.313551 0.0330016 0.374392 0.032873 0.437256 0.0328132 
3.193 0.0457198 0.0386111 0.103916 0.0377259 0.158293 0.0380592 0.213097 0.0378057 0.271161 0.036866 0.330611 0.0366996 0.391674 0.0366393 
0.755 -0.505575 0.407739 -0.432242 0.394907 -0.367652 0.385443 -0.306554 0.377029 -0.245782 0.368827 -0.187684 0.362742 -0.131428 0.357633 
4.406 0.0916039 -0.0394603 0.150538 -0.0409764 0.205849 -0.0417093 0.261823 -0.0430326 0.321291 -0.0452092 0.382246 -0.0470182 0.445404 -0.0488263 
4.227 -0.106314 -0.240118 -0.0478907 -0.239564 0.00544037 -0.238828 0.0577308 -0.239645 0.112321 -0.242096 0.167109 -0.244598 0.2228 -0.248017 
4.242 -0.0672785 -0.120956 -0.0093917 -0.121315 0.0437047 -0.121166 0.096329 -0.122114 0.151374 -0.124386 0.207066 -0.126343 0.263925 -0.128897 
3.352 0.0607862 0.0365566 0.119248 0.035586 0.173907 0.0358807 0.229001 0.0356302 0.287432 0.0346448 0.347188 0.0344052 0.408862 0.0343024 
2.941 0.0101082 0.0564169 0.0679165 0.0552696 0.121644 0.0557239 0.175389 0.0554396 0.232454 0.0547122 0.290306 0.0546824 0.349945 0.0550358 
1.319 -0.0659088 0.208451 -0.00737255 0.206572 0.0462723 0.206564 0.0991761 0.206561 0.15464 0.206408 0.210261 0.207745 0.266767 0.209405 
