2.191 0.628517 0.136543 0.62755 0.101367 0.625047 0.0702484 0.621313 0.0399916 0.615099 0.00733834 0.607731 -0.0228402 0.598941 -0.0520461 
1.448 0.651801 0.0694288 0.647225 0.0327427 0.641256 0.000329667 0.634082 -0.030962 0.624079 -0.0645441 0.613098 -0.0955109 0.600697 -0.125147 
0.809 -0.0727572 0.402945 -0.0586865 0.412165 -0.0458322 0.41987 -0.0327607 0.426739 -0.0183393 0.433326 -0.00441621 0.438758 0.00948326 0.443522 
0.857 -0.0796055 0.37966 -0.0665961 0.389142 -0.0545972 0.397195 -0.0422835 0.404455 -0.0287017 0.411452 -0.015433 0.41736 -0.00219488 0.422584 
2.262 0.610026 0.072853 0.60543 0.0387106 0.599706 0.00873916 0.592865 -0.02027 0.583446 -0.0513406 0.573098 -0.0799689 0.561412 -0.107429 
3.977 -0.0713875 -0.0572661 -0.0803208 -0.0515461 -0.0880887 -0.0460517 -0.0952918 -0.0403419 -0.102972 -0.0336825 -0.109708 -0.0270558 -0.116124 -0.0200904 
2.205 0.592905 0.122846 0.591068 0.0897132 0.587923 0.0603504 0.58358 0.0319404 0.576911 0.00128398 0.569204 -0.0269706 0.560109 -0.0542137 
1.188 -0.287796 0.23379 -0.280822 0.254053 -0.273868 0.271909 -0.266009 0.289061 -0.256416 0.307092 -0.246522 0.323466 -0.235915 0.339199 
2.203 0.626462 0.0817559 0.621968 0.0468344 0.616308 0.0160659 0.609582 -0.0136276 0.60034 -0.045414 0.590075 -0.0746477 0.578459 -0.102803 
1.163 -0.443939 0.228311 -0.437208 0.257673 -0.429916 0.283556 -0.421482 0.308512 -0.410777 0.334925 -0.399275 0.359304 -0.386871 0.382726 
0.961 -0.199452 0.287207 -0.1912 0.303371 -0.183104 0.317525 -0.174498 0.330942 -0.164494 0.344888 -0.154256 0.357462 -0.143662 0.36949 
0.93 -0.0933023 0.350897 -0.0817561 0.360976 -0.0710641 0.369566 -0.0600904 0.377407 -0.0478641 0.385216 -0.0358967 0.391864 -0.0238394 0.398015 
0.966 -0.184386 0.289947 -0.175946 0.30515 -0.167978 0.318379 -0.159217 0.33095 -0.14917 0.344003 -0.138988 0.355774 -0.128422 0.366976 
0.985 -0.214519 0.272826 -0.206837 0.289847 -0.1993 0.30476 -0.191076 0.318968 -0.181515 0.333751 -0.171662 0.347229 -0.161334 0.360088 
3.59 -0.339844 -0.205191 -0.357521 -0.182958 -0.372374 -0.16234 -0.385743 -0.141461 -0.399145 -0.117966 -0.410524 -0.0953127 -0.420578 -0.0721685 
0.762 -0.069333 0.433078 -0.0538473 0.44247 -0.0396874 0.450339 -0.025314 0.457266 -0.00941749 0.463847 0.00582011 0.469169 0.0211321 0.473832 
0.848 -0.141926 0.357061 -0.130357 0.370321 -0.119529 0.381703 -0.108269 0.392305 -0.0955353 0.403026 -0.0828646 0.41246 -0.0700509 0.421321 
0.766 -0.0316669 0.439241 -0.0157027 0.446306 -0.00124763 0.452055 0.0133002 0.456905 0.0293144 0.461193 0.0445308 0.464385 0.0596892 0.466901 
4.191 0.0895494 0.0112176 0.0842534 0.00750817 0.0793212 0.00456221 0.0744651 0.00189275 0.0688232 -0.000788419 0.0635556 -0.00299654 0.0581492 -0.00477171 
0.747 -0.052212 0.44609 -0.0361398 0.454585 -0.0215924 0.461578 -0.00687426 0.46771 0.00930574 0.473354 0.0248918 0.477815 0.0404431 0.481511 
1.421 -0.122065 0.174894 -0.119602 0.185483 -0.11698 0.194921 -0.113942 0.204006 -0.110264 0.213689 -0.106162 0.22257 -0.101826 0.231234 
0.786 -0.0885084 0.409793 -0.0742404 0.420291 -0.0611575 0.429122 -0.0478363 0.437032 -0.0329694 0.444814 -0.0185604 0.451318 -0.00411417 0.457084 
4.043 -0.0138611 -0.0339816 -0.0214999 -0.0317453 -0.0282647 -0.0293948 -0.0346814 -0.026826 -0.0416368 -0.0236108 -0.0479363 -0.0202697 -0.0540914 -0.016617 
3.961 -0.0871387 -0.206561 -0.105096 -0.199394 -0.120781 -0.192193 -0.135511 -0.184457 -0.151539 -0.175203 -0.16588 -0.16569 -0.179539 -0.155452 
0.994 -0.169319 0.292686 -0.160542 0.307038 -0.152227 0.319526 -0.143193 0.331296 -0.132949 0.343458 -0.122586 0.354368 -0.11198 0.364694 
3.943 -0.0953568 -0.180537 -0.111739 -0.172999 -0.126086 -0.165534 -0.139635 -0.157588 -0.154039 -0.148121 -0.166954 -0.138475 -0.179277 -0.128238 
0.877 -0.18644 0.321449 -0.176382 0.337145 -0.166833 0.350776 -0.156647 0.363696 -0.145011 0.376902 -0.133316 0.388753 -0.121294 0.399957 
4.242 0.247747 0.035187 0.243529 0.0218906 0.239198 0.010317 0.234507 -0.000795525 0.228566 -0.0125816 0.222555 -0.0233224 0.216016 -0.0335228 
0.783 -0.048103 0.425544 -0.0329617 0.433435 -0.0191651 0.439899 -0.00529492 0.44562 0.00989131 0.450748 0.024668 0.454862 0.0391907 0.458202 
0.862 -0.221367 0.314601 -0.211757 0.332552 -0.202506 0.348081 -0.192729 0.362884 -0.181067 0.378243 -0.169405 0.392187 -0.157262 0.405336 
4.359 0.271716 0.0194357 0.26636 0.00470065 0.260891 -0.00811372 0.255009 -0.0203394 0.247632 -0.0332953 0.240184 -0.0450875 0.232296 -0.0561421 
1.952 -0.21041 0.172154 -0.206697 0.187258 -0.202833 0.200578 -0.198244 0.213357 -0.192678 0.226902 -0.186492 0.239348 -0.179975 0.251385 
4.008 -0.0494727 -0.10452 -0.0613999 -0.0999691 -0.0718974 -0.0953299 -0.0818466 -0.0903767 -0.0924849 -0.0843407 -0.102079 -0.0781164 -0.111258 -0.0714238 
0.828 -0.174798 0.354321 -0.163304 0.369694 -0.152575 0.382917 -0.141273 0.395279 -0.128375 0.408013 -0.115595 0.419347 -0.102506 0.429905 
0.802 -0.0330366 0.422805 -0.0178114 0.42977 -0.00390146 0.435466 0.00988291 0.440262 0.0251502 0.444528 0.0397273 0.447759 0.0541864 0.45032 
3.406 -0.375455 -0.167525 -0.391049 -0.143059 -0.403999 -0.120597 -0.4155 -0.0980589 -0.426705 -0.0727697 -0.435792 -0.0484925 -0.443542 -0.0239404 
2.203 0.611396 0.0968224 0.608088 0.0627849 0.60359 0.0326536 0.597849 0.00357642 0.589617 -0.027752 0.580448 -0.0566296 0.570127 -0.0843053 
4.172 0.0655801 -0.112053 0.0528349 -0.114077 0.0412896 -0.115293 0.0300963 -0.115921 0.0178357 -0.11598 0.00631037 -0.115375 -0.0050914 -0.114061 
3.598 -0.329571 -0.233954 -0.349118 -0.212378 -0.365654 -0.192184 -0.3807 -0.171734 -0.395965 -0.148494 -0.409033 -0.125927 -0.420832 -0.102935 
0.722 -0.0433091 0.459101 -0.0264452 0.467111 -0.0111734 0.47363 0.00418016 0.479187 0.0210584 0.484233 0.0372731 0.488083 0.0532996 0.491111 
0.886 -0.218628 0.300904 -0.209624 0.318752 -0.201151 0.334095 -0.191718 0.348847 -0.180817 0.364158 -0.169685 0.378007 -0.158172 0.391157 
4.082 -0.000164361 -0.138077 -0.0142829 -0.136242 -0.0268685 -0.133876 -0.0388875 -0.13109 -0.0519637 -0.127258 -0.0639411 -0.122995 -0.0755692 -0.118051 
0.715 -0.0843994 0.457732 -0.0677565 0.468195 -0.0525747 0.476933 -0.0371647 0.484746 -0.0200467 0.492188 -0.00347607 0.498324 0.0130809 0.503617 
4.105 0.0340775 -0.0168607 0.0272246 -0.0171323 0.0210288 -0.0170611 0.0151076 -0.0167141 0.00857288 -0.0159206 0.00266072 -0.0148613 -0.00323848 -0.0134286 
2.195 0.629201 0.098192 0.626352 0.0627964 0.622095 0.0314624 0.616555 0.00114726 0.608475 -0.0315371 0.599256 -0.0617005 0.588528 -0.0907157 
0.814 -0.10426 0.388563 -0.0908938 0.399814 -0.0785269 0.409316 -0.0658529 0.418076 -0.0517631 0.426588 -0.0379899 0.433929 -0.0239963 0.440553 
4.047 -0.0241337 -0.149719 -0.0388874 -0.146398 -0.0519644 -0.142744 -0.064377 -0.13863 -0.0778778 -0.133374 -0.0901334 -0.127775 -0.10192 -0.121478 
2.139 0.205972 0.161882 0.207817 0.152438 0.208938 0.14391 0.209781 0.135578 0.209941 0.126393 0.209742 0.117757 0.208983 0.109471 
3.672 -0.280948 -0.385988 -0.309415 -0.366957 -0.334017 -0.348734 -0.357064 -0.32982 -0.381116 -0.307769 -0.40251 -0.285887 -0.422498 -0.26318 
4.031 -0.0282427 -0.095617 -0.0394616 -0.0921313 -0.0493828 -0.0884608 -0.0587932 -0.0844626 -0.0689462 -0.0795177 -0.0781177 -0.0743615 -0.0869678 -0.0687436 
4.211 0.228571 0.0612108 0.225977 0.0489787 0.223008 0.0382801 0.219786 0.0279204 0.215428 0.0169424 0.210876 0.0068133 0.205775 -0.00282216 
3.982 -0.0645391 -0.0791809 -0.0749039 -0.0738785 -0.0839418 -0.0686549 -0.0924402 -0.0631814 -0.101517 -0.0566526 -0.10959 -0.050051 -0.117326 -0.0430296 
4.02 -0.0446788 -0.163416 -0.0599935 -0.158883 -0.0733913 -0.154123 -0.0862389 -0.148854 -0.0999567 -0.142402 -0.112463 -0.135598 -0.124424 -0.128197 
0.842 -0.197398 0.331037 -0.187126 0.347534 -0.177369 0.361885 -0.166938 0.375435 -0.154952 0.389417 -0.142851 0.402043 -0.130419 0.413874 
0.851 -0.10152 0.372812 -0.0888553 0.383638 -0.0770741 0.392885 -0.0650175 0.401313 -0.0515476 0.409633 -0.0384226 0.41671 -0.0251884 0.423131 
0.887 -0.148089 0.336516 -0.137229 0.350042 -0.127023 0.361748 -0.116424 0.372609 -0.104322 0.38374 -0.0923422 0.393541 -0.0801654 0.402659 
1.919 -0.169319 0.188591 -0.164892 0.201288 -0.160509 0.212455 -0.155632 0.223122 -0.149824 0.234382 -0.143759 0.244638 -0.137426 0.254539 
0.736 -0.0138611 0.463211 0.00343162 0.469322 0.018941 0.474045 0.0345066 0.477924 0.0514326 0.481005 0.0676117 0.483037 0.0834473 0.484288 
0.972 -0.143295 0.310492 -0.133446 0.323342 -0.124093 0.334515 -0.114494 0.344884 -0.103461 0.355452 -0.0924829 0.364877 -0.081226 0.373694 
4.098 0.0101082 -0.162731 -0.00540991 -0.161531 -0.0191919 -0.159686 -0.0324871 -0.157326 -0.0469407 -0.153854 -0.0602446 -0.14991 -0.0731705 -0.145217 
0.931 -0.16795 0.313231 -0.158327 0.327719 -0.149134 0.34025 -0.139521 0.352017 -0.128408 0.364088 -0.117384 0.374912 -0.106145 0.385082 
4.008 -0.0501575 -0.125065 -0.0631037 -0.120397 -0.074531 -0.115646 -0.0853286 -0.110507 -0.0969369 -0.104287 -0.107417 -0.0978534 -0.117483 -0.090992 
0.914 -0.196713 0.302274 -0.187555 0.318525 -0.178817 0.332685 -0.169478 0.346027 -0.158582 0.359994 -0.147625 0.372472 -0.136309 0.384326 
1.076 -0.266566 0.247487 -0.259234 0.26653 -0.252017 0.283376 -0.244061 0.299545 -0.234546 0.31643 -0.224598 0.331915 -0.214167 0.346546 
0.815 -0.117956 0.386509 -0.104826 0.398546 -0.0926849 0.408807 -0.0801762 0.418209 -0.0661054 0.427536 -0.0522877 0.435622 -0.0383949 0.442994 
4.043 -0.026873 -0.178482 -0.0433356 -0.175015 -0.0578239 -0.171185 -0.0717931 -0.166788 -0.0868319 -0.161118 -0.100445 -0.155005 -0.113645 -0.148218 
0.799 -0.0104369 0.433078 0.00526393 0.438547 0.0195481 0.442854 0.0338131 0.446336 0.0493393 0.449127 0.0641274 0.450972 0.0787241 0.452135 
0.831 -0.0570059 0.400205 -0.0427966 0.408552 -0.0298966 0.415412 -0.0168941 0.421426 -0.00245358 0.427093 0.0114742 0.431649 0.0252553 0.435535 
1.33 -0.094672 0.189275 -0.0917034 0.198369 -0.0883944 0.206457 -0.0847666 0.214202 -0.0804821 0.222353 -0.0759562 0.229938 -0.0713604 0.237202 
0.866 -0.111108 0.362539 -0.0987785 0.373946 -0.0874762 0.383584 -0.0757117 0.39245 -0.0625716 0.401318 -0.0496727 0.40892 -0.0367744 0.415813 
4.133 0.0354472 -0.123695 0.0221259 -0.124069 0.0102115 -0.12371 -0.00129047 -0.12284 -0.0138974 -0.121199 -0.0255831 -0.119033 -0.0370176 -0.11615 
1.33 0.0929736 0.313916 0.103132 0.311661 0.111955 0.309323 0.120642 0.306602 0.129673 0.303043 0.138115 0.29925 0.14617 0.295207 
3.332 -0.208355 0.109149 -0.207493 0.123331 -0.206286 0.136024 -0.204352 0.148411 -0.201576 0.16154 -0.198251 0.173791 -0.194399 0.185864 
0.771 -0.139186 0.400205 -0.125392 0.413735 -0.11262 0.425232 -0.0994245 0.435854 -0.0845456 0.446459 -0.0699503 0.455686 -0.055189 0.464094 
4.352 0.286098 0.0228599 0.280701 0.00729433 0.275179 -0.00619472 0.269308 -0.0191495 0.261865 -0.0328101 0.254409 -0.0452556 0.246327 -0.0569582 
4.07 0.0176414 -0.361334 -0.00969746 -0.360264 -0.0340549 -0.358051 -0.057605 -0.354844 -0.0832056 -0.349844 -0.106804 -0.343874 -0.129841 -0.336754 
3.967 -0.0830297 -0.172319 -0.0990948 -0.165525 -0.113188 -0.158667 -0.126482 -0.151417 -0.140681 -0.142574 -0.153388 -0.133615 -0.165619 -0.124035 
3.996 -0.0617998 -0.190809 -0.0790364 -0.185267 -0.0942156 -0.179566 -0.108597 -0.173302 -0.123955 -0.165551 -0.137906 -0.157527 -0.151404 -0.148765 
2.166 0.642898 0.089974 0.639369 0.0539574 0.634569 0.022114 0.628446 -0.00869641 0.619693 -0.0418046 0.609956 -0.0724651 0.598703 -0.101976 
3.197 -0.31382 -0.0168607 -0.320585 0.00377613 -0.325736 0.0224949 -0.329795 0.0409719 -0.333098 0.0614124 -0.335202 0.0806954 -0.336349 0.0999274 
0.938 -0.111108 0.33994 -0.0999222 0.351044 -0.0896059 0.360517 -0.0788287 0.369276 -0.0667747 0.378041 -0.0550493 0.385604 -0.0430806 0.392596 
2.297 0.599069 0.039296 0.592924 0.00576837 0.585906 -0.0236282 0.577852 -0.0520456 0.567126 -0.0823263 0.555613 -0.110168 0.542763 -0.136697 
0.915 -0.126174 0.33857 -0.115108 0.350572 -0.104855 0.360897 -0.0942352 0.370402 -0.0822418 0.379993 -0.070272 0.38843 -0.0582077 0.396281 
3.996 -0.0604301 -0.16821 -0.076006 -0.16274 -0.0897435 -0.157138 -0.102687 -0.151056 -0.116539 -0.14365 -0.129194 -0.135976 -0.141098 -0.127756 
1.374 0.1505 0.189275 0.152956 0.183654 0.154832 0.178599 0.156537 0.173627 0.157936 0.168156 0.159066 0.162962 0.159845 0.157929 
0.807 -0.154253 0.374866 -0.141775 0.389168 -0.130229 0.401462 -0.118058 0.412999 -0.104383 0.424574 -0.0908562 0.434809 -0.0770716 0.444282 
3.305 -0.211094 0.0173812 -0.215623 0.0316105 -0.219208 0.0445738 -0.221943 0.0574379 -0.22426 0.0715543 -0.225646 0.0848744 -0.226302 0.0981261 
4.141 0.0498288 -0.0846596 0.0391782 -0.0858601 0.0294874 -0.0862244 0.020132 -0.0862764 0.00980102 -0.0856792 0.000226378 -0.0845888 -0.00926576 -0.0830079 
3.381 -0.177537 -0.0387755 -0.185601 -0.0263932 -0.192352 -0.0150056 -0.198244 -0.00350265 -0.204159 0.00933906 -0.208945 0.0217245 -0.213055 0.0342795 
2.209 0.639474 0.0440899 0.632998 0.00837082 0.625559 -0.0230054 0.616905 -0.0532977 0.605426 -0.0856685 0.593091 -0.115358 0.579483 -0.143681 
4.145 0.0436653 -0.151089 0.028826 -0.151846 0.0154382 -0.151855 0.00260768 -0.151239 -0.011549 -0.149755 -0.0247142 -0.14767 -0.0376095 -0.144823 
4.336 0.29911 0.0297083 0.294355 0.0136582 0.289284 -0.000343634 0.283918 -0.0137825 0.276995 -0.0280664 0.269989 -0.0411125 0.262341 -0.0535644 
4.289 0.290892 0.0543624 0.287322 0.0384259 0.283398 0.0245092 0.279099 0.0111104 0.273337 -0.00320621 0.267389 -0.016251 0.260816 -0.0286341 
0.783 0.00189015 0.441296 0.0177735 0.446167 0.0321108 0.449924 0.0463758 0.452825 0.0620072 0.455069 0.0768092 0.456374 0.0913795 0.456986 
0.777 -0.077551 0.421435 -0.062667 0.43137 -0.0491484 0.439617 -0.0353183 0.447014 -0.0200209 0.454092 -0.00521462 0.459978 0.00959173 0.465085 
4.066 0.0046295 -0.328462 -0.0206676 -0.326739 -0.0432117 -0.324047 -0.0649655 -0.32042 -0.0885813 -0.315088 -0.11034 -0.308886 -0.131466 -0.301593 
0.978 -0.156992 0.300904 -0.148013 0.314665 -0.139514 0.326586 -0.130496 0.337902 -0.120242 0.349495 -0.109959 0.359892 -0.0994086 0.369667 
1.217 0.0696891 0.257759 0.0762701 0.257081 0.0820916 0.256307 0.0878148 0.255224 0.0938339 0.253685 0.0994572 0.25192 0.104799 0.250039 
4.121 0.0292837 -0.156568 0.0139277 -0.156551 0.000343206 -0.155755 -0.0128353 -0.154418 -0.0271902 -0.152104 -0.040483 -0.149229 -0.053459 -0.145548 
4.094 0.0135324 -0.134653 -0.000384935 -0.133661 -0.0127127 -0.132131 -0.0244939 -0.13006 -0.0374782 -0.127069 -0.0493165 -0.123602 -0.0609408 -0.119504 
0.892 -0.0857691 0.362539 -0.0735823 0.372252 -0.0624074 0.380434 -0.0508337 0.387965 -0.0380136 0.395266 -0.0255571 0.401468 -0.0130531 0.407069 
1.018 -0.198082 0.27351 -0.190354 0.28946 -0.182927 0.303374 -0.174906 0.316616 -0.165389 0.330413 -0.155664 0.342877 -0.145533 0.354776 
4.215 0.252541 0.0173812 0.247218 0.00395265 0.241867 -0.00771722 0.236224 -0.0189487 0.229216 -0.0307477 0.222208 -0.0414377 0.214702 -0.0514829 
1.426 -0.103575 0.120107 -0.104087 0.129483 -0.104184 0.137895 -0.10375 0.146326 -0.102903 0.155298 -0.101636 0.163664 -0.100047 0.17202 
0.75 -0.106999 0.42486 -0.0921523 0.436596 -0.0785278 0.446526 -0.0646357 0.45553 -0.0490581 0.46437 -0.0339436 0.471938 -0.0188 0.478649 
3.9 -0.120696 -0.213409 -0.138883 -0.204391 -0.154772 -0.195594 -0.169768 -0.186303 -0.185632 -0.175277 -0.199951 -0.16409 -0.213459 -0.152316 
4.07 -0.00906725 -0.172319 -0.0250409 -0.169897 -0.0392072 -0.167036 -0.0526147 -0.163538 -0.0672365 -0.158915 -0.0807153 -0.153839 -0.093753 -0.148104 
4.25 0.108725 -0.123011 0.0953413 -0.127688 0.0830284 -0.13129 0.0711798 -0.134153 0.0577138 -0.136566 0.0452519 -0.138131 0.0326478 -0.138949 
1.268 0.0998219 0.23516 0.105087 0.232727 0.109588 0.230422 0.114026 0.227971 0.118447 0.22496 0.122568 0.221948 0.126375 0.218943 
3.938 -0.102205 -0.214094 -0.12056 -0.206103 -0.136661 -0.198095 -0.151935 -0.189593 -0.168072 -0.179322 -0.182639 -0.168903 -0.196582 -0.157871 
0.719 -0.00358855 0.475538 0.0139887 0.481197 0.0296938 0.485473 0.0455017 0.488899 0.0626804 0.491563 0.0790617 0.493167 0.0952716 0.494144 
1.792 -0.278893 0.196124 -0.274033 0.215102 -0.269012 0.231963 -0.263126 0.248243 -0.255884 0.265536 -0.248095 0.281388 -0.239678 0.296689 
1.392 0.166251 0.156403 0.167581 0.149671 0.168489 0.143726 0.169094 0.13767 0.169252 0.131129 0.169178 0.124922 0.168682 0.118877 
0.851 -0.12549 0.363224 -0.113361 0.375653 -0.102053 0.386205 -0.0904247 0.395985 -0.0773135 0.405844 -0.0643103 0.414477 -0.0512291 0.422345 
4.535 0.275825 -0.129174 0.261644 -0.143772 0.248283 -0.156162 0.234858 -0.167667 0.21936 -0.179343 0.20435 -0.189533 0.189023 -0.198641 
3.297 -0.239173 0.100247 -0.238893 0.116086 -0.238056 0.130287 -0.236411 0.143985 -0.233898 0.158923 -0.230695 0.172691 -0.226899 0.186329 
1.267 -0.263827 0.223517 -0.257645 0.242321 -0.251434 0.258931 -0.244401 0.274861 -0.235978 0.291624 -0.227022 0.306886 -0.217524 0.32161 
1.25 0.108725 0.146131 0.109004 0.143207 0.109069 0.140668 0.10916 0.138156 0.108866 0.135402 0.108556 0.132835 0.108035 0.130416 
1.198 -0.248076 0.222832 -0.241992 0.24057 -0.235903 0.256159 -0.229049 0.271077 -0.220804 0.286743 -0.212106 0.301011 -0.202985 0.314811 
0.712 -0.0344062 0.473483 -0.0171031 0.480931 -0.00152492 0.487047 0.0142443 0.492264 0.0315389 0.496849 0.0480562 0.500299 0.0643516 0.502935 
1.29 -0.0700178 0.246802 -0.0632257 0.254264 -0.0568887 0.260679 -0.0503448 0.266626 -0.0428831 0.272648 -0.0355933 0.277891 -0.0281736 0.282814 
1.313 0.132009 0.163252 0.133169 0.15903 0.133917 0.155232 0.134581 0.151453 0.134869 0.147238 0.135042 0.143328 0.135032 0.139593 
1.352 0.101876 0.300904 0.111344 0.29829 0.119607 0.295699 0.127663 0.292647 0.136148 0.288834 0.143947 0.28483 0.151391 0.280636 
3.951 -0.0919326 -0.153828 -0.106529 -0.1466 -0.119336 -0.13956 -0.131385 -0.132076 -0.1441 -0.123153 -0.15556 -0.114161 -0.166523 -0.104671 
0.901 -0.159732 0.325558 -0.149291 0.339697 -0.139501 0.351926 -0.129116 0.363429 -0.117385 0.375115 -0.105702 0.385509 -0.0938154 0.395273 
2.475 0.63468 0.00710862 0.626433 -0.0283901 0.617397 -0.059554 0.607273 -0.0894943 0.594233 -0.121399 0.580466 -0.150532 0.565388 -0.178374 
4.043 -0.022764 -0.116162 -0.0355752 -0.113032 -0.0469227 -0.109634 -0.0576178 -0.105814 -0.0692821 -0.100968 -0.0798794 -0.0958287 -0.0902082 -0.0901683 
3.648 -0.303547 -0.388728 -0.33216 -0.368382 -0.356845 -0.348963 -0.379982 -0.328905 -0.403984 -0.305569 -0.425297 -0.282515 -0.445194 -0.258585 
3.936 -0.102205 -0.119586 -0.114871 -0.111878 -0.125849 -0.104419 -0.136136 -0.0966405 -0.147014 -0.0875716 -0.156708 -0.0784448 -0.165851 -0.0689599 
4.117 0.0395562 -0.0380907 0.031406 -0.0387902 0.0239712 -0.038912 0.0169208 -0.0387213 0.00906924 -0.0380628 0.0018904 -0.0370487 -0.00519481 -0.0355972 
1.644 -0.0905629 0.072853 -0.0938409 0.081562 -0.0965217 0.0895263 -0.098527 0.097447 -0.100484 0.106179 -0.101729 0.11448 -0.102643 0.122802 
1.024 -0.463115 0.231735 -0.456177 0.262191 -0.448785 0.289096 -0.439969 0.31499 -0.429006 0.34257 -0.417203 0.36795 -0.404269 0.39233 
1.258 -0.0255034 0.263923 -0.0179456 0.269142 -0.011172 0.273462 -0.00409741 0.277435 0.00368447 0.281237 0.0113078 0.284327 0.0188535 0.28715 
1.266 -0.0344062 0.241323 -0.0280409 0.246922 -0.0222246 0.251721 -0.0161646 0.256081 -0.00953691 0.260391 -0.00297791 0.264137 0.00356588 0.267578 
3.982 -0.0727572 -0.204506 -0.0904948 -0.198098 -0.106043 -0.191612 -0.120832 -0.184552 -0.136508 -0.175923 -0.150759 -0.167104 -0.164362 -0.157574 
1.31 0.0929736 0.289262 0.101759 0.287006 0.10942 0.284656 0.116981 0.282015 0.124765 0.278644 0.132006 0.275096 0.138919 0.27138 
0.929 -0.180277 0.307068 -0.170861 0.322381 -0.161999 0.33567 -0.15243 0.348341 -0.141547 0.361333 -0.130508 0.373021 -0.119205 0.384031 
4.211 0.0874949 -0.133283 0.0738408 -0.136682 0.0611745 -0.139173 0.0491706 -0.140965 0.035616 -0.142161 0.0230598 -0.142589 0.0104218 -0.142304 
4.148 0.0484591 -0.16958 0.032305 -0.170622 0.0178081 -0.170767 0.00377015 -0.170319 -0.0115809 -0.168936 -0.0257876 -0.166907 -0.0397843 -0.163976 
4.031 -0.0241337 -0.0476784 -0.0326783 -0.0443954 -0.0402256 -0.0410353 -0.0472864 -0.0373876 -0.0548706 -0.0329671 -0.0616545 -0.0285019 -0.0681435 -0.0235631 
0.831 -0.137132 0.370757 -0.124928 0.383751 -0.113605 0.394845 -0.101768 0.405217 -0.0884437 0.41563 -0.075302 0.424753 -0.062131 0.433074 
4.172 0.0607862 -0.140816 0.0462678 -0.142625 0.0332586 -0.143573 0.0206857 -0.143878 0.00676256 -0.143405 -0.0061044 -0.14226 -0.0186679 -0.140327 
1.27 -0.0460485 0.261868 -0.0384627 0.268204 -0.0315924 0.273554 -0.024391 0.278544 -0.0164822 0.283347 -0.0087273 0.287464 -0.00102404 0.291212 
4.156 0.0553075 -0.121641 0.0423185 -0.123153 0.0305911 -0.123886 0.0192723 -0.124071 0.00690434 -0.123574 -0.00467558 -0.122475 -0.0161951 -0.12072 
0.833 -0.187125 0.341309 -0.17647 0.357302 -0.166283 0.371262 -0.155555 0.384347 -0.143306 0.397755 -0.131019 0.409818 -0.118364 0.421161 
1.255 -0.0193398 0.250226 -0.0126678 0.25511 -0.00667676 0.259188 -0.000418793 0.262928 0.00633938 0.266525 0.0129759 0.269543 0.0195976 0.272295 
4.207 0.0922887 -0.0545268 0.0829955 -0.0583375 0.0747505 -0.0611888 0.0664748 -0.0637007 0.0571457 -0.065863 0.0486167 -0.0673925 0.039949 -0.0684347 
3.646 -0.289166 -0.249021 -0.309544 -0.229666 -0.326882 -0.21161 -0.342898 -0.193076 -0.359271 -0.17194 -0.373537 -0.15126 -0.386558 -0.130133 
0.765 -0.123435 0.409108 -0.109315 0.421741 -0.0963629 0.432401 -0.0830032 0.442274 -0.0680514 0.452095 -0.0534657 0.460534 -0.0386842 0.468236 
4.227 0.21145 0.0571018 0.208719 0.0458382 0.205732 0.0360063 0.202484 0.0264473 0.198152 0.0162826 0.193619 0.00698426 0.188605 -0.00181066 
4.199 0.0854404 -0.0860293 0.0744556 -0.0895332 0.0644541 -0.0921121 0.0549579 -0.0941378 0.044016 -0.0958125 0.0339616 -0.0967663 0.0239464 -0.0971202 
4.371 0.199123 -0.0339816 0.190922 -0.0444552 0.183076 -0.0533678 0.175157 -0.0616149 0.165843 -0.0701768 0.156772 -0.0776381 0.147455 -0.0844393 
0.854 -0.159732 0.346103 -0.148592 0.360384 -0.138047 0.372736 -0.127075 0.384306 -0.114499 0.396126 -0.10211 0.406585 -0.0894383 0.416266 
1.572 0.19159 0.220093 0.196651 0.211512 0.200739 0.203755 0.204444 0.195976 0.207779 0.187027 0.210594 0.178819 0.212862 0.170388 
3.66 -0.283002 -0.268196 -0.304338 -0.249277 -0.322595 -0.231437 -0.339465 -0.213167 -0.356794 -0.192211 -0.371999 -0.171728 -0.386033 -0.150686 
3.373 -0.147404 -0.0278181 -0.15484 -0.0173876 -0.161089 -0.00773624 -0.166664 0.00200042 -0.172241 0.0129414 -0.176809 0.0234728 -0.180848 0.0343372 
4.203 0.258019 0.0906588 0.257136 0.0765678 0.255651 0.0640982 0.253803 0.0520021 0.250787 0.0389712 0.247452 0.0269453 0.243396 0.0153706 
3.689 -0.261772 -0.327092 -0.28689 -0.309418 -0.308661 -0.292437 -0.328908 -0.274966 -0.350036 -0.254619 -0.368776 -0.234358 -0.386223 -0.213479 
4.164 0.0683194 0.000945076 0.0626199 -0.00157939 0.057409 -0.00350018 0.0523397 -0.0051482 0.0465523 -0.00665732 0.0411127 -0.0077785 0.0354247 -0.00852628 
4.426 0.220353 -0.150404 0.204965 -0.161692 0.190764 -0.170955 0.176616 -0.179386 0.160537 -0.187581 0.145125 -0.194504 0.129584 -0.200446 
1.274 -0.0570059 0.238584 -0.0508199 0.245336 -0.0451002 0.251261 -0.0392064 0.256688 -0.0325662 0.262158 -0.0259493 0.267005 -0.0193588 0.27145 
0.785 -0.10426 0.40363 -0.0903585 0.414896 -0.0775918 0.424358 -0.0644315 0.433071 -0.0498303 0.441566 -0.0355863 0.448881 -0.021236 0.455392 
4.09 0.291576 0.107095 0.291505 0.0909988 0.290724 0.0768441 0.289454 0.0630645 0.286928 0.0480763 0.283962 0.0342514 0.280243 0.0208761 
3.512 -0.367237 -0.2093 -0.385272 -0.185373 -0.400367 -0.163239 -0.413918 -0.140929 -0.427448 -0.115836 -0.438795 -0.0915355 -0.448814 -0.0669716 
2.422 0.152554 0.145446 0.153414 0.139322 0.153794 0.133848 0.154019 0.128469 0.153672 0.12247 0.153211 0.116899 0.152234 0.111528 
0.819 -0.0857691 0.396096 -0.0721781 0.40613 -0.0596813 0.414619 -0.0469049 0.422328 -0.0327359 0.42972 -0.0189777 0.435973 -0.00522904 0.44152 
3.605 -0.300808 -0.14698 -0.315061 -0.127382 -0.327055 -0.109145 -0.337722 -0.090851 -0.348404 -0.0701657 -0.357239 -0.0503059 -0.365034 -0.0301629 
3.967 -0.0796055 -0.147665 -0.094037 -0.140997 -0.106617 -0.134348 -0.118558 -0.127376 -0.131349 -0.119016 -0.142835 -0.110494 -0.153534 -0.101455 
1.641 -0.278893 0.221463 -0.272927 0.241238 -0.266862 0.258713 -0.259919 0.275454 -0.251463 0.293006 -0.24254 0.30922 -0.233015 0.324729 
1.134 -0.252869 0.236529 -0.246329 0.254701 -0.239817 0.270611 -0.232545 0.286023 -0.223815 0.30209 -0.214719 0.316952 -0.205109 0.331097 
1.633 -0.150829 0.224202 -0.144218 0.235787 -0.137973 0.245965 -0.131194 0.255467 -0.123463 0.265395 -0.115538 0.274296 -0.107375 0.28287 
4.406 0.21145 -0.0627448 0.201242 -0.0736252 0.19165 -0.0827287 0.181968 -0.0911994 0.170774 -0.0999338 0.159979 -0.107451 0.148931 -0.114192 
3.736 -0.211779 -0.199712 -0.229158 -0.185302 -0.244077 -0.171658 -0.257929 -0.15758 -0.272229 -0.141513 -0.284784 -0.125696 -0.296361 -0.109373 
0.956 -0.133708 0.324873 -0.123294 0.337289 -0.11372 0.347899 -0.103638 0.357901 -0.0922335 0.368013 -0.0808046 0.377005 -0.0693519 0.385251 
3.623 -0.280263 -0.129859 -0.293598 -0.111319 -0.30474 -0.0941256 -0.314686 -0.0768386 -0.324541 -0.0574517 -0.33273 -0.0386825 -0.33988 -0.0198203 
4.012 -0.0426243 -0.0784961 -0.0531864 -0.0743448 -0.0624142 -0.0701002 -0.0711238 -0.0655432 -0.080463 -0.0599881 -0.0887934 -0.0543149 -0.0966729 -0.0481577 
4.129 0.0333927 -0.182591 0.0164934 -0.182862 0.00141418 -0.182292 -0.0131161 -0.181107 -0.0290559 -0.178895 -0.0438089 -0.176026 -0.0582407 -0.172315 
4.133 0.0381865 -0.101096 0.0263949 -0.101469 0.0157495 -0.101311 0.00550854 -0.100566 -0.00575053 -0.0991459 -0.0161676 -0.0973153 -0.0264282 -0.0948177 
1.331 0.0909191 0.333091 0.102208 0.331051 0.112017 0.328955 0.121643 0.326412 0.131859 0.322877 0.141325 0.319146 0.15038 0.315093 
3.648 -0.300123 -0.427763 -0.330858 -0.40788 -0.357428 -0.388797 -0.382356 -0.368799 -0.40839 -0.345542 -0.431596 -0.322482 -0.453355 -0.298502 
1.331 0.102561 0.271456 0.110653 0.268565 0.117567 0.265772 0.124321 0.262707 0.131254 0.258774 0.137718 0.254769 0.14373 0.250582 
4.055 -0.00701274 -0.0558965 -0.0160203 -0.0539921 -0.0239911 -0.0519533 -0.0315944 -0.0495583 -0.0399113 -0.046539 -0.047459 -0.0432286 -0.0548272 -0.039507 
1.287 -0.0659088 0.262553 -0.0584858 0.269789 -0.0517139 0.276109 -0.0446793 0.281846 -0.0368252 0.287676 -0.0290773 0.29276 -0.0212544 0.297488 
4.086 0.00668402 -0.118217 -0.00605299 -0.117005 -0.017426 -0.115291 -0.0283273 -0.113057 -0.0402027 -0.109972 -0.0510835 -0.106467 -0.0616504 -0.102467 
3.607 0.0799616 0.117367 0.0800351 0.114953 0.08005 0.112915 0.0801296 0.110945 0.0796305 0.108845 0.0792272 0.106887 0.0786605 0.104677 
3.926 -0.113163 -0.0812354 -0.123588 -0.07275 -0.132609 -0.0647433 -0.140798 -0.0565038 -0.149621 -0.0470532 -0.157298 -0.0377066 -0.164091 -0.0280312 
3.76 -0.191919 -0.167525 -0.207715 -0.154197 -0.221195 -0.141596 -0.233779 -0.128646 -0.246693 -0.113837 -0.257996 -0.0993175 -0.268476 -0.0842481 
3.711 -0.239173 -0.247651 -0.259372 -0.231425 -0.2767 -0.216091 -0.292862 -0.200211 -0.309543 -0.182015 -0.324275 -0.164058 -0.337873 -0.145627 
4.293 0.156663 -0.0545268 0.147199 -0.062102 0.138361 -0.0683371 0.129568 -0.0739659 0.119452 -0.0795484 0.109853 -0.0843643 0.100113 -0.0884479 
3.486 -0.128229 -0.0223394 -0.135378 -0.013032 -0.141385 -0.00430946 -0.146742 0.0044644 -0.152235 0.0142769 -0.15672 0.023815 -0.160719 0.0334742 
3.75 -0.216573 -0.33805 -0.242167 -0.323187 -0.264407 -0.308577 -0.285354 -0.29342 -0.307326 -0.275463 -0.326995 -0.257666 -0.345501 -0.239076 
3.746 -0.205616 -0.173689 -0.221608 -0.159653 -0.235375 -0.146368 -0.248095 -0.13279 -0.261244 -0.117205 -0.272668 -0.101924 -0.283242 -0.0861324 
1.729 -0.24876 0.193384 -0.243972 0.210902 -0.238976 0.226456 -0.233245 0.241355 -0.226144 0.257149 -0.218544 0.271563 -0.210538 0.285608 
4.598 0.29774 -0.141501 0.282817 -0.157434 0.268789 -0.170828 0.254643 -0.183403 0.238221 -0.196125 0.222355 -0.207181 0.206128 -0.217188 
3.396 0.434023 -0.032612 0.424706 -0.0564481 0.415322 -0.0772817 0.405323 -0.0971192 0.393019 -0.118103 0.380504 -0.136968 0.36725 -0.154994 
3.637 -0.273415 -0.146295 -0.287654 -0.128233 -0.299661 -0.111427 -0.310519 -0.0944638 -0.321351 -0.0753377 -0.330511 -0.0568787 -0.338615 -0.0381128 
1.303 -0.0926174 0.23242 -0.0867837 0.241481 -0.0812081 0.249401 -0.075264 0.25688 -0.0685387 0.264608 -0.0616982 0.271461 -0.0546334 0.278028 
3.656 -0.258348 -0.116162 -0.2708 -0.0991118 -0.281199 -0.083386 -0.290516 -0.0675127 -0.299835 -0.0495928 -0.307609 -0.0323621 -0.314422 -0.0148814 
1.214 0.0505136 0.248856 0.0569797 0.249467 0.0628411 0.249729 0.0684166 0.249759 0.0747628 0.249312 0.0804046 0.248562 0.0858385 0.247696 
3.654 -0.280948 -0.222997 -0.299797 -0.204309 -0.315789 -0.186791 -0.330522 -0.168973 -0.345533 -0.148716 -0.358538 -0.129008 -0.370423 -0.108845 
1.243 0.101192 0.200918 0.104554 0.198297 0.107457 0.195773 0.110266 0.193219 0.112951 0.19044 0.115484 0.18771 0.117687 0.184875 
3.717 -0.2289 -0.203821 -0.246621 -0.188229 -0.261832 -0.173548 -0.275877 -0.158463 -0.290361 -0.141261 -0.30297 -0.124399 -0.314605 -0.107138 
4.387 0.217614 0.00162991 0.21168 -0.0101428 0.205827 -0.0203019 0.199791 -0.0299199 0.192377 -0.0400088 0.185041 -0.0490916 0.17735 -0.0575693 
3.689 -0.233694 -0.144925 -0.247887 -0.129216 -0.259954 -0.11449 -0.270928 -0.0995151 -0.282039 -0.0825771 -0.291527 -0.0660963 -0.300122 -0.0493023 
3.678 -0.265197 -0.270251 -0.28678 -0.252391 -0.305355 -0.235442 -0.322567 -0.217986 -0.340345 -0.198003 -0.355924 -0.178333 -0.370373 -0.158105 
3.676 -0.266566 -0.225736 -0.285513 -0.207824 -0.301725 -0.191028 -0.316698 -0.173883 -0.331967 -0.154197 -0.345229 -0.134986 -0.357376 -0.115304 
3.688 -0.261772 -0.306547 -0.285556 -0.28908 -0.306146 -0.272389 -0.325323 -0.255106 -0.345254 -0.235088 -0.362934 -0.215393 -0.379366 -0.19492 
4.188 0.078592 -0.0600055 0.0691615 -0.0631771 0.0606192 -0.0655168 0.0520571 -0.0674761 0.0427209 -0.0690211 0.0338567 -0.070029 0.0250388 -0.0704328 
3.691 -0.253554 -0.262033 -0.274741 -0.244958 -0.292937 -0.228803 -0.309912 -0.212138 -0.327389 -0.192839 -0.342768 -0.173854 -0.356991 -0.154313 
3.678 -0.265881 -0.247651 -0.286114 -0.229868 -0.303424 -0.213179 -0.319479 -0.196019 -0.335971 -0.176308 -0.35039 -0.157048 -0.363694 -0.137205 
3.443 0.40389 0.0290234 0.398447 0.00668477 0.392489 -0.0127773 0.385855 -0.0315162 0.377418 -0.0515981 0.368503 -0.0698878 0.358741 -0.0873009 
3.709 -0.245336 -0.349007 -0.271674 -0.332208 -0.294428 -0.316086 -0.315844 -0.299239 -0.338167 -0.279572 -0.358068 -0.260018 -0.376738 -0.239799 
3.732 -0.188495 -0.0545268 -0.197438 -0.0413768 -0.204871 -0.0292705 -0.21148 -0.0171518 -0.218086 -0.00346131 -0.22347 0.00963212 -0.228119 0.0229437 
4.008 -0.0392001 -0.0415149 -0.0475786 -0.037787 -0.0549881 -0.0340272 -0.0618524 -0.0300052 -0.0692323 -0.0251515 -0.0758168 -0.0201885 -0.0821399 -0.0149045 
3.771 -0.191234 -0.212724 -0.209472 -0.199434 -0.225222 -0.186639 -0.239868 -0.173567 -0.25515 -0.158487 -0.268608 -0.143397 -0.281208 -0.127901 
3.766 -0.192604 -0.185331 -0.209217 -0.171894 -0.223482 -0.159096 -0.236719 -0.145963 -0.250424 -0.130921 -0.262477 -0.116041 -0.273593 -0.100749 
4.414 0.219669 -0.0264484 0.211816 -0.0378772 0.204232 -0.0476525 0.196553 -0.0568678 0.187382 -0.0663435 0.178415 -0.0748686 0.169146 -0.0825922 
3.762 -0.204246 -0.322298 -0.229013 -0.30803 -0.250495 -0.294272 -0.270683 -0.27979 -0.291963 -0.26275 -0.310995 -0.245733 -0.32892 -0.228019 
1.484 -0.363128 0.215984 -0.357396 0.240615 -0.351194 0.262384 -0.344082 0.283392 -0.335158 0.305803 -0.325608 0.326337 -0.31516 0.346009 
3.715 -0.238488 -0.323668 -0.263321 -0.307151 -0.284776 -0.291349 -0.304925 -0.274956 -0.325899 -0.255856 -0.344503 -0.236935 -0.361953 -0.217282 
1.378 0.112834 0.284468 0.121282 0.281221 0.128681 0.277998 0.135822 0.274539 0.143217 0.270257 0.150068 0.265842 0.156483 0.261372 
3.684 -0.235064 -0.121641 -0.247836 -0.105791 -0.258642 -0.0910984 -0.268331 -0.0762839 -0.278156 -0.0594998 -0.286371 -0.0432419 -0.293759 -0.026686 
3.666 -0.248076 -0.138762 -0.261878 -0.122255 -0.273545 -0.106912 -0.284065 -0.0914066 -0.29471 -0.0738414 -0.303749 -0.0568446 -0.311826 -0.0395304 
3.646 -0.26999 -0.160677 -0.285082 -0.142671 -0.297832 -0.12599 -0.309375 -0.109086 -0.321008 -0.0899286 -0.330841 -0.0714487 -0.339634 -0.0525624 
3.756 -0.21041 -0.355855 -0.236971 -0.341195 -0.26002 -0.32696 -0.281681 -0.312072 -0.304566 -0.294313 -0.325034 -0.276702 -0.344291 -0.258203 
3.795 -0.178907 -0.221627 -0.19767 -0.208841 -0.213903 -0.196559 -0.229064 -0.183803 -0.244899 -0.169131 -0.258919 -0.15448 -0.272046 -0.139241 
3.625 -0.245336 -0.0867141 -0.256291 -0.0702537 -0.265454 -0.055096 -0.273464 -0.0398467 -0.281409 -0.0227398 -0.287971 -0.00638876 -0.2936 0.0102475 
3.666 -0.256294 -0.153143 -0.2709 -0.136048 -0.283276 -0.120048 -0.294505 -0.103956 -0.305866 -0.0855909 -0.315492 -0.0679182 -0.324111 -0.0499183 
3.662 -0.276154 -0.236694 -0.295763 -0.218408 -0.312551 -0.201151 -0.328036 -0.18343 -0.343881 -0.163362 -0.357689 -0.143676 -0.370373 -0.123483 
3.605 -0.291905 -0.112053 -0.304134 -0.0928811 -0.314319 -0.0751206 -0.323301 -0.0573749 -0.332106 -0.0373813 -0.339255 -0.0183613 -0.345427 0.00096886 
3.764 -0.204246 -0.280523 -0.226745 -0.266235 -0.246219 -0.25245 -0.264517 -0.238175 -0.283635 -0.221489 -0.30066 -0.204881 -0.316658 -0.187502 
4.07 0.000520477 -0.0819203 -0.010013 -0.0803492 -0.0193433 -0.0786516 -0.0283057 -0.0762728 -0.0380898 -0.0733278 -0.0469979 -0.0700862 -0.0556655 -0.0663227 
1.25 -0.0672785 0.305013 -0.0571881 0.312427 -0.0479471 0.318708 -0.0384422 0.32438 -0.0279427 0.329841 -0.0178353 0.334432 -0.00765808 0.338594 
4.441 0.229256 -0.0627448 0.21923 -0.0746433 0.209704 -0.0848435 0.200093 -0.0942253 0.188849 -0.103791 0.177857 -0.112361 0.166657 -0.119964 
3.701 -0.247391 -0.221627 -0.266142 -0.205053 -0.282104 -0.189424 -0.296928 -0.173488 -0.312216 -0.155198 -0.325539 -0.137227 -0.337806 -0.118863 
3.615 -0.31382 -0.246281 -0.334006 -0.225665 -0.351192 -0.206335 -0.366975 -0.186669 -0.383043 -0.164475 -0.396911 -0.142487 -0.409571 -0.120281 
1.174 -0.0213943 0.3598 -0.00856315 0.364809 0.00299164 0.368777 0.0146189 0.372129 0.0273386 0.374937 0.0394414 0.376938 0.0514409 0.378447 
3.914 -0.115902 -0.227791 -0.134774 -0.219121 -0.151308 -0.210587 -0.166896 -0.201443 -0.183432 -0.190523 -0.198336 -0.179432 -0.212503 -0.167741 
2.607 0.216244 0.1927 0.219937 0.182736 0.222601 0.173799 0.224847 0.164922 0.226674 0.15502 0.227951 0.145774 0.22875 0.136675 
3.684 -0.255609 -0.204506 -0.27341 -0.187329 -0.288532 -0.17131 -0.302507 -0.154851 -0.316812 -0.136088 -0.329165 -0.117804 -0.34047 -0.0990956 
3.92 -0.111793 -0.156568 -0.126496 -0.148235 -0.139431 -0.140235 -0.151355 -0.13177 -0.164142 -0.121831 -0.17529 -0.111802 -0.186074 -0.101388 
4.375 0.197754 -0.0757567 0.187097 -0.0858877 0.177018 -0.0943915 0.167005 -0.10219 0.155444 -0.110054 0.144325 -0.116829 0.132947 -0.122737 
4.133 0.0470894 -0.0641145 0.0374463 -0.065134 0.0287202 -0.0654731 0.0203014 -0.0654478 0.0110564 -0.0649275 0.00252504 -0.0639221 -0.00585707 -0.0624814 
3.641 -0.291905 -0.214779 -0.310282 -0.195357 -0.325866 -0.177255 -0.340069 -0.158916 -0.354548 -0.137984 -0.367027 -0.117773 -0.378381 -0.0969856 
3.531 -0.362444 -0.2319 -0.381689 -0.208414 -0.397858 -0.186548 -0.412535 -0.164501 -0.427146 -0.139606 -0.439606 -0.115632 -0.450708 -0.091112 
3.83 -0.159732 -0.306547 -0.183394 -0.294994 -0.204115 -0.283722 -0.22365 -0.271812 -0.244282 -0.257546 -0.262894 -0.243155 -0.280523 -0.227951 
3.68 -0.25013 -0.16821 -0.265529 -0.151442 -0.27858 -0.135748 -0.290457 -0.11979 -0.302589 -0.101725 -0.312981 -0.0841167 -0.322341 -0.0661679 
3.912 -0.115902 -0.140816 -0.129752 -0.132311 -0.141845 -0.12409 -0.153127 -0.115532 -0.164986 -0.105511 -0.17557 -0.0955152 -0.185526 -0.0850357 
3.967 -0.0789207 -0.0853445 -0.0897608 -0.0787527 -0.0992607 -0.0723862 -0.108069 -0.0657497 -0.117459 -0.0579859 -0.125807 -0.0502009 -0.133606 -0.0420253 
1.227 0.0162717 0.339255 0.02821 0.341793 0.0389728 0.343502 0.0495867 0.344717 0.0610808 0.345208 0.0719223 0.34541 0.0825193 0.345155 
4.223 0.103931 -0.0312423 0.0959905 -0.0356249 0.0886082 -0.0391115 0.0814785 -0.0422186 0.073345 -0.0451378 0.0656897 -0.0474104 0.0578695 -0.0492261 
3.674 -0.238488 -0.102465 -0.250141 -0.0863569 -0.259959 -0.0713606 -0.268699 -0.0563991 -0.277351 -0.0396178 -0.284529 -0.023439 -0.290882 -0.00699823 
3.918 -0.117272 -0.0613752 -0.126622 -0.0527961 -0.134707 -0.0446977 -0.14214 -0.0364591 -0.149818 -0.0269852 -0.156443 -0.0177805 -0.162433 -0.00822073 
1.696 0.202548 0.187221 0.205493 0.177948 0.207753 0.169686 0.209679 0.161485 0.211051 0.152425 0.212015 0.143978 0.212465 0.135536 
3.574 -0.317244 -0.126435 -0.33033 -0.105758 -0.341134 -0.0867726 -0.350747 -0.0676256 -0.360088 -0.0462189 -0.367722 -0.0256709 -0.374296 -0.00489385 
3.922 -0.098781 -0.0148062 -0.10523 -0.00719857 -0.11075 -0.00011608 -0.115696 0.00709373 -0.120834 0.0152076 -0.12514 0.0230975 -0.128934 0.0311806 
1.272 0.102561 0.215299 0.106867 0.21283 0.110476 0.210308 0.114168 0.207739 0.117773 0.204829 0.120995 0.201885 0.123975 0.198823 
3.438 -0.111793 -0.00658814 -0.117807 0.00175113 -0.122853 0.00956055 -0.127186 0.0174336 -0.131647 0.0262497 -0.135295 0.0347747 -0.138398 0.0433526 
4.176 0.0731133 -0.0127517 0.0665201 -0.0156002 0.0603064 -0.0178383 0.0543343 -0.0197522 0.0474808 -0.0214449 0.0410423 -0.0227224 0.0346409 -0.0235034 
1.612 0.19433 0.200233 0.198134 0.191441 0.201167 0.183539 0.203867 0.175722 0.206143 0.16716 0.207888 0.158692 0.209172 0.150661 
3.793 -0.183016 -0.310656 -0.207111 -0.297733 -0.227976 -0.285239 -0.247668 -0.272064 -0.268483 -0.256502 -0.287073 -0.240783 -0.304725 -0.224454 
3.754 -0.211094 -0.255184 -0.231632 -0.240584 -0.249365 -0.226589 -0.266052 -0.211856 -0.283237 -0.195103 -0.298503 -0.178569 -0.312718 -0.161291 
1.307 -0.0960416 0.247487 -0.0893399 0.256581 -0.0829876 0.264446 -0.0763586 0.271842 -0.0688662 0.279448 -0.0611779 0.286231 -0.0534514 0.292572 
3.709 -0.237803 -0.232585 -0.25713 -0.216397 -0.273723 -0.201004 -0.289086 -0.185278 -0.304978 -0.167234 -0.318854 -0.149496 -0.331694 -0.131251 
4.27 0.140227 0.00984797 0.134637 0.00293154 0.129317 -0.00292009 0.123978 -0.00843177 0.117598 -0.014019 0.111457 -0.0189936 0.105036 -0.0236075 
3.188 0.447035 0.0913437 0.444995 0.0662758 0.442037 0.0440505 0.438224 0.0225518 0.432533 -0.000523956 0.426208 -0.0217954 0.418729 -0.0422402 
3.816 -0.16658 -0.264087 -0.18802 -0.252123 -0.206709 -0.240501 -0.224263 -0.228238 -0.24279 -0.213833 -0.259346 -0.199316 -0.275001 -0.184059 
3.721 -0.237118 -0.305862 -0.26077 -0.28951 -0.281203 -0.273933 -0.300341 -0.257612 -0.320274 -0.238851 -0.337862 -0.220206 -0.354377 -0.200909 
3.605 -0.296699 -0.129174 -0.309929 -0.109552 -0.320943 -0.0914187 -0.330714 -0.0732586 -0.340339 -0.0528454 -0.348262 -0.0331982 -0.355181 -0.013486 
4.309 0.165566 -0.0189152 0.158521 -0.027231 0.151853 -0.0343072 0.145122 -0.0408334 0.137183 -0.0475334 0.129516 -0.0534288 0.121629 -0.0586723 
3.787 -0.18781 -0.273675 -0.209863 -0.260397 -0.228973 -0.247551 -0.246894 -0.234309 -0.265756 -0.218643 -0.28259 -0.202975 -0.298414 -0.186488 
3.797 -0.176852 -0.328462 -0.201926 -0.315864 -0.223753 -0.303517 -0.244377 -0.290481 -0.266166 -0.275064 -0.285737 -0.259485 -0.304318 -0.243064 
3.471 -0.359019 -0.123695 -0.372334 -0.100607 -0.383197 -0.079248 -0.392617 -0.0577421 -0.401711 -0.0335705 -0.408983 -0.0105931 -0.414992 0.0124872 
3.947 -0.0796055 -0.00521846 -0.0854085 0.00112903 -0.0903984 0.00710368 -0.0951561 0.013043 -0.0999655 0.0198286 -0.103912 0.0264621 -0.107642 0.0332915 
3.939 -0.098781 -0.101096 -0.110331 -0.0934131 -0.120392 -0.0860383 -0.129724 -0.0783732 -0.139529 -0.0694803 -0.148216 -0.0606704 -0.156276 -0.0514321 
1.665 0.192275 0.161882 0.194008 0.153198 0.195126 0.145442 0.19601 0.137751 0.196247 0.129308 0.196222 0.121305 0.195696 0.113563 
3.572 -0.259033 -0.091508 -0.270219 -0.0743515 -0.279575 -0.0585611 -0.287772 -0.0426199 -0.295886 -0.0247151 -0.302524 -0.0075639 -0.308257 0.00981557 
3.895 -0.133023 -0.0839748 -0.14339 -0.0744854 -0.152136 -0.0655095 -0.160153 -0.0563664 -0.168678 -0.0459792 -0.175939 -0.0358027 -0.182799 -0.0253634 
3.729 -0.223421 -0.218888 -0.242046 -0.203548 -0.25802 -0.189138 -0.272838 -0.174346 -0.288166 -0.157314 -0.301621 -0.140567 -0.314098 -0.123219 
3.764 -0.204246 -0.301068 -0.227691 -0.286664 -0.248019 -0.272768 -0.26717 -0.258245 -0.28723 -0.241281 -0.305054 -0.224418 -0.321823 -0.206779 
3.801 -0.180277 -0.29559 -0.203416 -0.282703 -0.223501 -0.2702 -0.242417 -0.257025 -0.262303 -0.241597 -0.280151 -0.226056 -0.296987 -0.209774 
4.051 -0.0152308 -0.0757567 -0.0255773 -0.0728459 -0.034717 -0.0697795 -0.0433614 -0.0663874 -0.0526892 -0.0621908 -0.0610797 -0.0577567 -0.0691751 -0.0528733 
3.758 -0.204246 -0.225051 -0.223258 -0.210856 -0.239668 -0.197366 -0.254938 -0.183447 -0.270865 -0.167307 -0.284863 -0.151478 -0.297912 -0.135153 
3.805 -0.172743 -0.342843 -0.198468 -0.330527 -0.220914 -0.318463 -0.24217 -0.305562 -0.264614 -0.290115 -0.284829 -0.274596 -0.303975 -0.258237 
3.738 -0.217258 -0.234639 -0.236654 -0.219762 -0.253394 -0.205536 -0.268997 -0.191022 -0.285186 -0.174099 -0.299426 -0.157497 -0.312701 -0.140324 
4.02 -0.0453636 -0.142871 -0.0590865 -0.138509 -0.0711797 -0.133995 -0.082661 -0.12901 -0.0949903 -0.12286 -0.106142 -0.116493 -0.116857 -0.109569 
3.072 0.529215 0.0516231 0.524258 0.0221225 0.518486 -0.0037659 0.511727 -0.0287813 0.502616 -0.0555098 0.492793 -0.0800805 0.481925 -0.103595 
1.322 0.134064 0.14887 0.134662 0.144434 0.134947 0.140448 0.135145 0.136527 0.134962 0.132225 0.134615 0.12817 0.134008 0.124318 
4.188 0.0840707 -0.00179427 0.0779453 -0.00532083 0.0723132 -0.0081001 0.0668099 -0.0105714 0.0605025 -0.0129369 0.0545954 -0.0148431 0.048635 -0.0161942 
3.775 -0.195343 -0.247651 -0.215465 -0.234094 -0.232795 -0.22103 -0.249101 -0.207279 -0.266104 -0.191422 -0.281138 -0.175803 -0.295199 -0.159598 
2.172 0.647692 0.105725 0.644719 0.0692642 0.640457 0.0371457 0.634858 0.00596018 0.626738 -0.0276135 0.617428 -0.0584995 0.606793 -0.0883374 
3.77 -0.200137 -0.33668 -0.225746 -0.322429 -0.247908 -0.30887 -0.26886 -0.294394 -0.290854 -0.277487 -0.310588 -0.260468 -0.329185 -0.242513 
4.301 0.160088 -0.179852 0.143143 -0.18748 0.127668 -0.193451 0.112462 -0.198638 0.0953955 -0.203326 0.0792578 -0.206858 0.0631871 -0.209351 
3.303 0.438817 0.0297083 0.43323 0.00538992 0.427202 -0.0158813 0.420388 -0.0364492 0.411567 -0.0582751 0.402176 -0.0783822 0.391889 -0.0975068 
4.277 0.1505 -0.087399 0.139445 -0.0949084 0.129178 -0.100948 0.119053 -0.106336 0.10753 -0.111504 0.0965555 -0.115845 0.0854946 -0.119332 
1.354 0.112149 0.261183 0.119164 0.258071 0.125334 0.254908 0.131181 0.25168 0.137365 0.247583 0.142911 0.243501 0.148058 0.239382 
3.824 -0.163841 -0.291481 -0.186749 -0.279667 -0.206677 -0.268161 -0.225469 -0.256074 -0.245275 -0.241633 -0.263117 -0.227173 -0.279976 -0.211868 
3.74 -0.217258 -0.31545 -0.241481 -0.300233 -0.262548 -0.285611 -0.282266 -0.270375 -0.302986 -0.252356 -0.321326 -0.234567 -0.33858 -0.216072 
4.469 0.242268 -0.015491 0.235217 -0.0285558 0.22821 -0.039683 0.220985 -0.050282 0.212253 -0.0614462 0.203672 -0.0712925 0.194612 -0.0804083 
4.191 0.0758526 -0.16547 0.0598634 -0.167925 0.0454745 -0.169327 0.0314655 -0.170157 0.0160024 -0.170119 0.00169319 -0.169233 -0.0124328 -0.167578 
4.395 0.209396 -0.123695 0.195473 -0.134342 0.182523 -0.143159 0.169637 -0.151201 0.155037 -0.159054 0.140988 -0.165677 0.126822 -0.17132 
4.027 -0.0234488 -0.0168607 -0.0301541 -0.0139085 -0.0360756 -0.011 -0.0415612 -0.00790423 -0.0475286 -0.00415572 -0.0528111 -0.000341419 -0.0579133 0.00381217 
4.109 0.0217504 -0.123695 0.00846395 -0.123304 -0.00292432 -0.12216 -0.0138885 -0.12061 -0.0260308 -0.118219 -0.0374288 -0.115409 -0.0485108 -0.111994 
4.172 0.0703739 -0.0791809 0.0597352 -0.0818578 0.0501109 -0.0837218 0.0407356 -0.0850954 0.030142 -0.0860977 0.0204709 -0.0863915 0.0106782 -0.0861664 
3.938 -0.0994658 -0.134653 -0.113059 -0.126957 -0.124966 -0.1195 -0.136147 -0.11169 -0.148093 -0.10248 -0.15878 -0.0932449 -0.168994 -0.0835206 
1.237 0.0751678 0.287207 0.0840161 0.286025 0.0917261 0.284691 0.0993375 0.28295 0.107228 0.280518 0.114597 0.277856 0.12176 0.27488 
4.461 0.239529 -0.0880838 0.22778 -0.100837 0.216745 -0.111492 0.205606 -0.121212 0.192674 -0.131389 0.180158 -0.140212 0.167295 -0.148171 
1.534 0.164197 0.271456 0.172098 0.264704 0.178808 0.258394 0.185198 0.251944 0.191442 0.244603 0.196998 0.237591 0.202039 0.230609 
3.783 -0.183016 -0.0791809 -0.193246 -0.0663922 -0.201885 -0.0545494 -0.209591 -0.0425801 -0.217407 -0.0290932 -0.223915 -0.0160221 -0.229807 -0.00275854 
1.296 -0.0789207 0.27762 -0.0705136 0.285734 -0.0627775 0.292724 -0.0547141 0.299171 -0.0457296 0.305569 -0.0368243 0.311173 -0.0278204 0.316316 
1.24 -0.0487878 0.313916 -0.0381489 0.320552 -0.0284259 0.326144 -0.018507 0.331096 -0.00757786 0.335642 0.00296757 0.339493 0.0134338 0.342824 
1.308 -0.0912478 0.271456 -0.083062 0.280268 -0.0753945 0.287935 -0.0675443 0.294935 -0.058599 0.302024 -0.0496767 0.308261 -0.0408717 0.313996 
1.791 -0.202876 0.198178 -0.197761 0.212478 -0.192658 0.225199 -0.186808 0.237298 -0.17989 0.250251 -0.172654 0.261977 -0.165028 0.273163 
4.191 0.08681 0.0550473 0.0843659 0.0513066 0.0819958 0.0481643 0.0796977 0.0452205 0.0767913 0.0421747 0.0741299 0.0394159 0.071192 0.0369126 
3.639 -0.296014 -0.297644 -0.319238 -0.27796 -0.339075 -0.259262 -0.357499 -0.240149 -0.376478 -0.218192 -0.393122 -0.196783 -0.408486 -0.174665 
0.871 -0.202876 0.31597 -0.193228 0.332842 -0.183805 0.347538 -0.173815 0.361528 -0.16224 0.375949 -0.150549 0.388912 -0.138385 0.401164 
3.547 -0.348747 -0.146295 -0.362963 -0.123527 -0.374694 -0.102712 -0.385056 -0.0817478 -0.395095 -0.058266 -0.403241 -0.0359934 -0.410228 -0.0133856 
4.234 0.10941 -0.0894535 0.0980369 -0.0940678 0.0876769 -0.0976379 0.0774158 -0.100687 0.0660735 -0.103308 0.0552711 -0.105166 0.0445734 -0.10634 
1.037 -0.135762 0.284468 -0.127437 0.296941 -0.11951 0.307717 -0.111186 0.317884 -0.101618 0.328344 -0.0920242 0.337633 -0.0822002 0.346478 
1.276 -0.112478 0.227626 -0.106793 0.23758 -0.101449 0.246329 -0.095724 0.254532 -0.0889905 0.263027 -0.0820684 0.270726 -0.0749527 0.278087 
4.289 0.147761 -0.143556 0.132999 -0.150505 0.119511 -0.155821 0.106291 -0.160702 0.0914043 -0.1649 0.0773024 -0.168262 0.063198 -0.170644 
3.844 -0.147404 -0.324353 -0.172259 -0.31347 -0.193999 -0.302526 -0.21464 -0.290874 -0.23653 -0.276878 -0.256241 -0.262716 -0.274884 -0.24768 
3.742 -0.217943 -0.281893 -0.240498 -0.266944 -0.260036 -0.25257 -0.278311 -0.237608 -0.297388 -0.220316 -0.314367 -0.203062 -0.330288 -0.185064 
1.235 -0.00564306 0.311861 0.00468489 0.315836 0.0139258 0.318953 0.0232971 0.321582 0.033498 0.323751 0.0432521 0.32527 0.0528147 0.326416 
4.363 0.19159 -0.108629 0.178696 -0.118165 0.166759 -0.126025 0.154965 -0.133169 0.141396 -0.140157 0.12839 -0.146113 0.115319 -0.151173 
3.666 -0.274099 -0.361334 -0.30105 -0.342755 -0.324271 -0.325091 -0.345935 -0.306689 -0.368605 -0.285306 -0.388626 -0.264142 -0.407546 -0.242107 
4.137 0.131324 0.0803862 0.129976 0.0739821 0.128685 0.0684326 0.127041 0.0630229 0.12471 0.0572473 0.122522 0.0519675 0.119884 0.0470162 
4.102 0.027914 0.00573894 0.0219511 0.00576845 0.0166121 0.00607781 0.0114827 0.0066217 0.00578383 0.00756707 0.000596677 0.00875981 -0.00456143 0.0102702 
4.27 0.142967 -0.0606903 0.133158 -0.0676674 0.124064 -0.0733309 0.115117 -0.0784585 0.104841 -0.0834662 0.0951015 -0.0876736 0.0851796 -0.0911722 
1.275 -0.115217 0.276935 -0.10669 0.287157 -0.098679 0.296076 -0.0905165 0.304202 -0.0810648 0.312549 -0.071599 0.319956 -0.0622031 0.32686 
4.156 0.0683194 0.0639501 0.0663162 0.061134 0.0642705 0.0588076 0.0624032 0.0565207 0.0599758 0.0541797 0.0577621 0.0521954 0.0555179 0.0502593 
1.216 0.0464046 0.263238 0.0535965 0.264037 0.0599444 0.264537 0.0664476 0.264725 0.0732132 0.264421 0.0797204 0.263844 0.0859735 0.263049 
1.258 -0.0289275 0.281729 -0.0206235 0.286859 -0.0130909 0.291192 -0.00536765 0.295068 0.00306316 0.298721 0.0112979 0.30179 0.0194955 0.304465 
0.983 -0.0597452 0.346103 -0.0476732 0.353258 -0.0366224 0.359507 -0.0253648 0.364869 -0.0130333 0.37008 -0.00108679 0.3743 0.0108985 0.378062 
1.807 -0.215888 0.193384 -0.210934 0.208866 -0.205977 0.222571 -0.200375 0.235771 -0.193675 0.24977 -0.186615 0.262572 -0.178911 0.274807 
3.686 -0.266566 -0.385988 -0.294712 -0.368018 -0.319 -0.350763 -0.341827 -0.332815 -0.365739 -0.311846 -0.386979 -0.290992 -0.407013 -0.26928 
4.418 0.214875 -0.0428845 0.205946 -0.053739 0.197475 -0.0631527 0.18896 -0.0720969 0.178899 -0.0812351 0.169087 -0.0892901 0.159025 -0.0968834 
1.391 0.136118 0.235844 0.141815 0.230901 0.146621 0.22633 0.151127 0.221541 0.155641 0.216028 0.159657 0.210719 0.163293 0.205403 
3.783 -0.18918 -0.346952 -0.215197 -0.333348 -0.237827 -0.320063 -0.259224 -0.305901 -0.281803 -0.289281 -0.302026 -0.272532 -0.321137 -0.25504 
4.34 0.183372 -0.0483632 0.174501 -0.0578778 0.166174 -0.0659959 0.157879 -0.0734967 0.148133 -0.0810992 0.138657 -0.0877558 0.129043 -0.0936708 
2.184 0.575784 0.137913 0.575136 0.105679 0.573169 0.0771952 0.569819 0.049449 0.56442 0.0195555 0.55796 -0.00819151 0.550051 -0.0349136 
4.461 0.238159 -0.102465 0.225587 -0.114706 0.213752 -0.124829 0.201942 -0.134448 0.188258 -0.143999 0.175034 -0.152451 0.161636 -0.159913 
4.105 0.0265443 -0.0524723 0.017529 -0.0523908 0.00945885 -0.051919 0.00168835 -0.0510885 -0.0067943 -0.0496772 -0.0146127 -0.0479747 -0.0222692 -0.0456951 
3.812 -0.167265 -0.119586 -0.179791 -0.107893 -0.190474 -0.0968406 -0.200391 -0.0854274 -0.210513 -0.0725417 -0.219344 -0.0599366 -0.227458 -0.046999 
3.729 -0.230955 -0.346268 -0.257143 -0.330338 -0.279802 -0.314975 -0.301165 -0.298951 -0.323481 -0.280147 -0.343416 -0.261432 -0.362071 -0.241942 
4.289 0.154609 -0.0682235 0.144417 -0.0758667 0.13494 -0.0822537 0.125514 -0.0880304 0.114733 -0.093566 0.104449 -0.0984632 0.0940655 -0.102369 
3.59 -0.33368 -0.190809 -0.35075 -0.168642 -0.365081 -0.14819 -0.378001 -0.127429 -0.390872 -0.104083 -0.401681 -0.0814956 -0.411229 -0.0585201 
1.28 -0.12412 0.261183 -0.116491 0.271783 -0.10929 0.280963 -0.101713 0.28954 -0.0929714 0.298365 -0.0842635 0.306255 -0.0755044 0.313622 
3.838 -0.150144 -0.294905 -0.173192 -0.28372 -0.193336 -0.272767 -0.212352 -0.261103 -0.232472 -0.247284 -0.250492 -0.233311 -0.267654 -0.218638 
1.378 0.138858 0.209821 0.143019 0.204853 0.1465 0.200254 0.149688 0.195632 0.152759 0.190258 0.155458 0.185216 0.157764 0.180138 
4.148 0.0580468 -0.011382 0.0515054 -0.0135387 0.0454853 -0.015029 0.0397 -0.0162803 0.0331027 -0.0172316 0.0269603 -0.0178261 0.0208666 -0.0180103 
1.361 -0.111793 0.185851 -0.108476 0.195946 -0.105233 0.205018 -0.101331 0.213529 -0.0968754 0.222566 -0.0921145 0.230758 -0.0871475 0.23869 
3.988 -0.0528969 -0.0332968 -0.0602516 -0.0286237 -0.066809 -0.0242832 -0.0728222 -0.0195303 -0.0793264 -0.0142116 -0.0847676 -0.00892438 -0.0901309 -0.00335501 
3.84 -0.154253 -0.27436 -0.176177 -0.262971 -0.195285 -0.251883 -0.213298 -0.240219 -0.232302 -0.226241 -0.249318 -0.212208 -0.265442 -0.197584 
1.315 -0.110423 0.257074 -0.103078 0.267058 -0.0961721 0.275751 -0.0888174 0.283863 -0.0805222 0.292193 -0.0722219 0.299577 -0.0639269 0.306519 
3.795 -0.176852 -0.095617 -0.187946 -0.0834387 -0.197438 -0.0718321 -0.206066 -0.0601697 -0.214858 -0.0468468 -0.222269 -0.0339716 -0.229079 -0.0207987 
2.006 -0.161101 0.1701 -0.157171 0.181995 -0.153167 0.192478 -0.148334 0.20233 -0.142874 0.212904 -0.137209 0.222622 -0.131172 0.231962 
0.966 -0.269306 0.262553 -0.262255 0.282932 -0.255179 0.300828 -0.247174 0.317979 -0.237432 0.336165 -0.227305 0.352747 -0.216658 0.368588 
4.102 0.0231201 -0.0723326 0.0132148 -0.0719292 0.00441549 -0.0710446 -0.00402966 -0.0698651 -0.0133521 -0.068113 -0.0217502 -0.0658956 -0.0301013 -0.0633181 
3.943 -0.103575 -0.0606903 -0.112747 -0.0528308 -0.120734 -0.0453842 -0.127897 -0.0377457 -0.135522 -0.0289906 -0.142142 -0.0204564 -0.148258 -0.0115948 
4.07 0.00668402 -0.011382 0.000319799 -0.0103096 -0.0052514 -0.00900288 -0.0105823 -0.00752569 -0.0163691 -0.00548589 -0.0216953 -0.00334176 -0.0268539 -0.000789172 
3.125 0.529215 -0.0565813 0.51774 -0.0860978 0.506202 -0.111823 0.493904 -0.136273 0.478811 -0.162052 0.463497 -0.185484 0.447259 -0.207563 
3.09 0.497713 0.0639501 0.493748 0.0357224 0.488732 0.0113261 0.48291 -0.0123791 0.474876 -0.0377848 0.466212 -0.0611323 0.456454 -0.0834874 
4.297 0.154609 -0.16547 0.138642 -0.173065 0.123876 -0.178684 0.109493 -0.183734 0.0933314 -0.188218 0.0780767 -0.191729 0.0627892 -0.194257 
1.441 0.183372 0.176948 0.185807 0.169085 0.187524 0.162203 0.189067 0.155177 0.190024 0.147474 0.190646 0.140285 0.1908 0.133131 
1.284 -0.0378304 0.21119 -0.0334099 0.217029 -0.0293624 0.22217 -0.0251525 0.226801 -0.0201544 0.231649 -0.0154004 0.236025 -0.0103588 0.240124 
4.082 0.010793 -0.0572661 0.00151074 -0.0561781 -0.00679856 -0.0547241 -0.0146893 -0.0530233 -0.0233571 -0.0505739 -0.0312787 -0.0478856 -0.0389865 -0.0447543 
1.273 0.116258 0.162567 0.117222 0.158883 0.117909 0.155835 0.118546 0.152755 0.118848 0.149369 0.119074 0.146247 0.119097 0.143275 
3.355 0.437447 -0.00932749 0.429448 -0.0336753 0.421019 -0.0547397 0.412021 -0.0749754 0.400971 -0.0964146 0.389412 -0.115887 0.377469 -0.134287 
1.029 -0.0741268 0.340625 -0.061987 0.348718 -0.0510746 0.355606 -0.0396665 0.361721 -0.0273518 0.367517 -0.015217 0.372436 -0.00310272 0.376733 
4.496 0.25391 -0.0613752 0.243952 -0.0747799 0.234463 -0.0863084 0.22484 -0.0971986 0.213428 -0.108252 0.202321 -0.118162 0.190782 -0.127123 
1.292 -0.0768662 0.23242 -0.0711385 0.24037 -0.0657859 0.24738 -0.0599536 0.253926 -0.0534432 0.260629 -0.0469371 0.26654 -0.0401922 0.272177 
3.924 -0.113163 -0.102465 -0.124942 -0.0940252 -0.134862 -0.0858762 -0.144292 -0.0775373 -0.153958 -0.0678741 -0.162538 -0.0583006 -0.170335 -0.0483382 
3.209 0.502507 -0.0723326 0.490358 -0.100349 0.47801 -0.124458 0.46507 -0.147504 0.449366 -0.171717 0.433579 -0.193587 0.41688 -0.214164 
1.312 -0.0850842 0.257759 -0.0780934 0.26613 -0.0714824 0.273392 -0.0644378 0.280173 -0.056718 0.287045 -0.0489788 0.293134 -0.0410387 0.298872 
3.379 0.405944 0.0488837 0.401582 0.0263115 0.396626 0.00654115 0.391076 -0.012465 0.38361 -0.0328248 0.375674 -0.0515349 0.366876 -0.0693898 
3.621 -0.309026 -0.261348 -0.330035 -0.240885 -0.347925 -0.221892 -0.364445 -0.202373 -0.381386 -0.180092 -0.395982 -0.158371 -0.409413 -0.136187 
3.793 -0.179592 -0.199712 -0.1971 -0.186782 -0.21218 -0.174456 -0.226247 -0.161779 -0.240846 -0.147096 -0.253759 -0.132489 -0.265735 -0.117408 
4.34 0.188851 0.00984797 0.183378 0.000210957 0.177987 -0.00812689 0.172511 -0.015895 0.165882 -0.0239178 0.159375 -0.0311368 0.152534 -0.037731 
3.961 -0.0837146 -0.128489 -0.0971764 -0.121826 -0.10886 -0.115173 -0.119913 -0.10822 -0.131559 -0.099921 -0.141949 -0.091516 -0.151878 -0.0826032 
1.273 -0.0604301 0.286522 -0.0515842 0.293566 -0.043345 0.2996 -0.034842 0.305086 -0.0255669 0.310365 -0.0166112 0.314851 -0.0075012 0.31895 
1.907 -0.14535 0.196809 -0.140578 0.208048 -0.135998 0.21787 -0.130892 0.227226 -0.125017 0.237086 -0.118847 0.246058 -0.112419 0.25475 
1.254 0.0833858 0.267347 0.0909328 0.26577 0.0972492 0.264253 0.103716 0.262348 0.110147 0.25996 0.116141 0.257272 0.12202 0.254397 
4.215 0.0963978 -0.0942474 0.0849086 -0.0982222 0.074329 -0.101174 0.0640337 -0.103619 0.0521361 -0.105692 0.0410598 -0.106986 0.0301803 -0.107599 
2.59 0.217614 0.1701 0.220095 0.159432 0.221702 0.150369 0.223031 0.141433 0.223726 0.131522 0.224178 0.122274 0.22405 0.11321 
3.688 -0.259033 -0.342159 -0.284901 -0.324665 -0.30727 -0.307821 -0.328197 -0.290476 -0.349973 -0.270312 -0.369407 -0.250154 -0.387535 -0.22938 
3.92 0.117628 0.0968224 0.117119 0.0914455 0.116395 0.0867345 0.11545 0.0821002 0.114147 0.0771 0.112899 0.0725721 0.111407 0.0681389 
3.701 -0.250815 -0.314765 -0.275154 -0.297492 -0.296096 -0.280955 -0.315671 -0.264009 -0.335988 -0.244249 -0.354001 -0.224687 -0.370822 -0.204217 
1.087 -0.241912 0.248856 -0.234323 0.266117 -0.227042 0.281347 -0.218925 0.295735 -0.209438 0.310833 -0.199625 0.324524 -0.189331 0.337639 
0.865 -0.0604301 0.383769 -0.0474386 0.39187 -0.0354332 0.398739 -0.0231228 0.404889 -0.00944608 0.410792 0.00398617 0.415728 0.0170085 0.419839 
3.652 -0.261088 -0.133283 -0.27456 -0.115845 -0.285915 -0.0996963 -0.296113 -0.0834323 -0.306366 -0.0649508 -0.314914 -0.0472753 -0.322562 -0.0292521 
3.088 0.484701 0.085865 0.481929 0.058569 0.478093 0.0347042 0.473434 0.0115679 0.46673 -0.0132707 0.459354 -0.0356518 0.450955 -0.0577418 
4.34 0.186796 0.0235447 0.182004 0.0137141 0.177215 0.00565526 0.172278 -0.00196674 0.166308 -0.0101187 0.160384 -0.0172894 0.154164 -0.0241013 
4.43 0.227202 -0.0127517 0.220121 -0.0245415 0.213305 -0.0346575 0.206384 -0.0442855 0.197907 -0.0542859 0.189708 -0.0631953 0.180935 -0.0714092 
1.286 -0.0528969 0.218039 -0.0479988 0.224534 -0.0436862 0.230287 -0.0388991 0.235706 -0.0335974 0.241195 -0.0282164 0.246271 -0.0228915 0.250922 
3.916 -0.113163 -0.269566 -0.134734 -0.260662 -0.1537 -0.251636 -0.171692 -0.242084 -0.190801 -0.230544 -0.20809 -0.218722 -0.22444 -0.206123 
1.75 -0.221367 0.207081 -0.21583 0.222935 -0.210355 0.236815 -0.204259 0.25029 -0.196939 0.26444 -0.189266 0.277395 -0.181061 0.28974 
1.315 -0.106314 0.201603 -0.10227 0.211409 -0.0984262 0.220038 -0.0940418 0.22823 -0.0887555 0.236837 -0.0833517 0.244567 -0.077565 0.252018 
3.637 -0.304917 -0.368182 -0.332469 -0.347617 -0.356182 -0.32804 -0.378357 -0.307829 -0.401325 -0.284361 -0.421645 -0.261225 -0.440461 -0.237426 
4.336 0.263498 0.0372415 0.259606 0.0230022 0.255513 0.0105753 0.251049 -0.00137628 0.24522 -0.0141102 0.239097 -0.025758 0.232362 -0.0368535 
4.184 0.0724284 -0.236694 0.0520918 -0.239051 0.0338507 -0.240136 0.0161035 -0.24033 -0.00337671 -0.239433 -0.0214511 -0.237554 -0.0391976 -0.234699 
4.023 -0.0282427 -0.032612 -0.0361337 -0.029279 -0.0431113 -0.0258975 -0.0496819 -0.0222576 -0.0568159 -0.017955 -0.0631588 -0.0135462 -0.0691936 -0.00872867 
3.283 0.455938 0.00299959 0.448567 -0.022292 0.440902 -0.0444279 0.432696 -0.0659072 0.421982 -0.0883799 0.410787 -0.108691 0.398628 -0.128251 
2.188 0.61345 0.139282 0.612697 0.104805 0.610474 0.07431 0.607128 0.0446204 0.601087 0.0126256 0.59407 -0.0169468 0.585541 -0.045463 
