1.467 -0.541871 0.224202 -0.535973 0.259761 -0.529225 0.291195 -0.520932 0.321572 -0.510115 0.354036 -0.498311 0.384028 -0.485129 0.413001 
1.583 -0.52612 -0.120271 -0.497965 -0.112503 -0.510691 -0.0832605 -0.521631 -0.0541651 -0.531868 -0.0217816 -0.539819 0.00920953 -0.546058 0.0401369 
1.589 -0.561731 -0.170264 -0.579158 -0.133486 -0.593108 -0.0999043 -0.605008 -0.0663848 -0.616013 -0.0291072 -0.624439 0.00634457 -0.630844 0.0418711 
4.16 0.231311 0.0906588 0.230243 0.0781767 0.228699 0.0672397 0.226832 0.0566082 0.223895 0.0451594 0.220705 0.0346108 0.216933 0.0244798 
0.843 -0.369977 0.261183 -0.361782 0.286758 -0.353283 0.309056 -0.34376 0.330374 -0.332065 0.3527 -0.319829 0.373022 -0.306653 0.392311 
1.486 -0.537077 0.206396 -0.532206 0.241609 -0.526438 0.272908 -0.519088 0.30312 -0.509344 0.335446 -0.498506 0.365458 -0.486311 0.394505 
0.809 -0.0727572 0.402945 -0.05867 0.412166 -0.0458374 0.41985 -0.0327559 0.426731 -0.0182844 0.433305 -0.00447218 0.438776 0.00950972 0.443513 
0.96 -0.199452 0.287207 -0.191158 0.303375 -0.183049 0.317543 -0.174455 0.330939 -0.164442 0.344889 -0.154253 0.357494 -0.143574 0.369481 
3.975 -0.0713875 -0.0572661 -0.080332 -0.0515669 -0.0880928 -0.0460716 -0.095288 -0.0403586 -0.102975 -0.0336931 -0.109769 -0.0270823 -0.116132 -0.0201175 
4.102 0.027914 -0.302438 0.00401414 -0.301861 -0.0172938 -0.300264 -0.0379257 -0.297712 -0.0603213 -0.293654 -0.0810989 -0.288761 -0.101256 -0.282751 
2.234 0.626462 0.0817559 0.621938 0.046808 0.616344 0.0160433 0.609602 -0.0136404 0.600302 -0.0454325 0.590063 -0.0746607 0.578456 -0.102832 
1.21 -0.287796 0.233105 -0.280889 0.253433 -0.273938 0.271317 -0.266117 0.288495 -0.256557 0.306539 -0.246775 0.322982 -0.236104 0.338743 
1.086 -0.443939 0.228311 -0.437189 0.257654 -0.42994 0.283565 -0.421499 0.308516 -0.410786 0.334942 -0.39935 0.359326 -0.386865 0.382706 
3.168 -0.341898 -0.0257636 -0.349278 -0.0034741 -0.354805 0.0169658 -0.359226 0.0369671 -0.362891 0.0590996 -0.365243 0.0800698 -0.366447 0.100889 
0.964 -0.184386 0.289947 -0.175962 0.30515 -0.167969 0.318384 -0.159286 0.330924 -0.149237 0.343979 -0.139124 0.355786 -0.128532 0.366942 
2.344 0.610026 0.072853 0.605402 0.0387144 0.599687 0.00872399 0.592851 -0.0202833 0.583449 -0.0513785 0.573076 -0.0799677 0.561402 -0.107433 
0.983 -0.215203 0.272826 -0.207463 0.289897 -0.199944 0.304859 -0.191689 0.319089 -0.182015 0.33395 -0.17225 0.347483 -0.16184 0.360312 
0.82 -0.445309 0.261868 -0.439495 0.293625 -0.433004 0.321955 -0.425137 0.349271 -0.415009 0.378313 -0.403991 0.405271 -0.391658 0.431197 
1.4 -0.122065 0.174894 -0.119588 0.185489 -0.117 0.194921 -0.113966 0.204022 -0.110252 0.213679 -0.106243 0.222585 -0.101847 0.231237 
0.928 -0.0933023 0.350897 -0.0817598 0.360982 -0.0710646 0.36957 -0.0601382 0.3774 -0.0478954 0.385215 -0.0359707 0.391893 -0.0238791 0.398001 
1.322 -0.565155 0.285838 -0.555544 0.32268 -0.545439 0.35519 -0.533787 0.386487 -0.519283 0.419626 -0.503928 0.450199 -0.48728 0.479391 
3.586 -0.339844 -0.205191 -0.357512 -0.182967 -0.37238 -0.162352 -0.385722 -0.141456 -0.399153 -0.117971 -0.410609 -0.0953211 -0.420583 -0.0721668 
3.195 -0.206301 0.148185 -0.203635 0.162505 -0.200651 0.175302 -0.197172 0.18741 -0.192681 0.200418 -0.187861 0.212507 -0.182457 0.224187 
4.141 0.0505136 0.000260238 0.044589 -0.00141934 0.0391886 -0.00263912 0.0339618 -0.0035531 0.0281021 -0.00424258 0.0225632 -0.00459566 0.0171129 -0.00452564 
4.188 0.0895494 0.0112176 0.0842326 0.00750006 0.0793246 0.00456188 0.074453 0.00188635 0.0688276 -0.000782191 0.0634988 -0.00297084 0.0581387 -0.004756 
1.644 -0.443254 -0.113423 -0.457136 -0.0836738 -0.468309 -0.0565269 -0.477801 -0.0294606 -0.486634 0.000492684 -0.493359 0.0291196 -0.49842 0.0576634 
4.129 0.0539378 -0.328462 0.0283882 -0.329378 0.00558186 -0.328988 -0.0165313 -0.327583 -0.0406622 -0.324656 -0.063074 -0.32073 -0.0849083 -0.315622 
1.113 -0.554198 0.305013 -0.543757 0.34145 -0.5329 0.373469 -0.520636 0.404377 -0.505389 0.437021 -0.489359 0.46698 -0.472055 0.49568 
1.625 -0.48366 -0.143556 -0.499376 -0.111563 -0.512065 -0.0822328 -0.522969 -0.0530279 -0.533152 -0.0205342 -0.541031 0.0105066 -0.547177 0.0415402 
1.608 -0.501466 -0.133968 -0.516748 -0.100716 -0.528987 -0.0703472 -0.539327 -0.0400699 -0.548819 -0.0065292 -0.556095 0.0256688 -0.561435 0.0575534 
0.878 -0.18644 0.321449 -0.176377 0.337146 -0.166843 0.350773 -0.156656 0.363718 -0.144978 0.376928 -0.133351 0.388799 -0.12128 0.399958 
1.604 -0.553513 -0.183961 -0.571453 -0.147832 -0.585894 -0.114876 -0.598308 -0.0818826 -0.609873 -0.045237 -0.618874 -0.0102278 -0.625985 0.0247082 
4.043 -0.0138611 -0.0339816 -0.0215112 -0.0317426 -0.0282737 -0.0294049 -0.0346707 -0.0268173 -0.0416293 -0.023604 -0.0479927 -0.0202439 -0.0540883 -0.0166051 
4.109 0.0381865 -0.312711 0.0137335 -0.312832 -0.00805947 -0.311798 -0.0291975 -0.309806 -0.0522413 -0.306345 -0.0736367 -0.301928 -0.0944438 -0.296406 
1.582 -0.469278 0.0831256 -0.471896 0.114475 -0.472966 0.142546 -0.472516 0.170081 -0.470423 0.199862 -0.466957 0.22802 -0.462043 0.255471 
0.987 -0.169319 0.292686 -0.160513 0.307062 -0.152171 0.319518 -0.143143 0.331312 -0.132921 0.343443 -0.122635 0.35439 -0.111983 0.364656 
2.217 0.586057 0.15024 0.586369 0.117492 0.585136 0.0885196 0.5827 0.0601231 0.577999 0.0297174 0.572221 0.00122881 0.564936 -0.0261991 
4.32 0.268292 0.0153267 0.262828 0.000762706 0.257267 -0.0118858 0.251359 -0.023978 0.24394 -0.0367977 0.236324 -0.0484562 0.228357 -0.0593652 
4.242 0.247747 0.035187 0.243522 0.0218961 0.239184 0.0103172 0.234484 -0.000790509 0.228546 -0.0125626 0.222497 -0.0233168 0.215987 -0.0335058 
0.925 -0.465169 0.245432 -0.457494 0.276009 -0.44945 0.303094 -0.440151 0.329093 -0.428524 0.356669 -0.416151 0.382088 -0.402522 0.406531 
1.678 -0.404903 -0.130544 -0.419505 -0.103457 -0.431354 -0.0785763 -0.441618 -0.0537203 -0.451437 -0.0260806 -0.459236 0.000473498 -0.465532 0.0268695 
3.959 -0.0871387 -0.206561 -0.105109 -0.199412 -0.120778 -0.19223 -0.135522 -0.184461 -0.151535 -0.175219 -0.165992 -0.165714 -0.179513 -0.155468 
1.779 -0.393261 -0.152459 -0.408112 -0.126918 -0.420244 -0.103503 -0.430775 -0.0800719 -0.440886 -0.054072 -0.449024 -0.029309 -0.455713 -0.00447364 
4.16 0.0635255 -0.281893 0.0406866 -0.283531 0.0202184 -0.283949 0.000380658 -0.283397 -0.0212759 -0.281573 -0.041529 -0.278806 -0.0612303 -0.274913 
4.191 0.082701 -0.290796 0.0594181 -0.29351 0.038552 -0.294878 0.0182173 -0.295266 -0.00403986 -0.294421 -0.0248201 -0.292525 -0.0451567 -0.289527 
4.168 0.0792768 -0.331201 0.0536073 -0.33369 0.030599 -0.334769 0.00824154 -0.334716 -0.0162505 -0.33328 -0.0391295 -0.330736 -0.0614635 -0.326939 
0.786 -0.0885084 0.409793 -0.0742511 0.420279 -0.0611703 0.429108 -0.0478655 0.437016 -0.03297 0.444801 -0.018655 0.45133 -0.0041556 0.457036 
4.008 -0.0494727 -0.10452 -0.0614012 -0.0999738 -0.0718978 -0.095351 -0.0818442 -0.0903848 -0.0924852 -0.0843379 -0.102142 -0.0781138 -0.111263 -0.0714218 
4.168 0.0737981 -0.309971 0.0495684 -0.312153 0.0278208 -0.313022 0.00672544 -0.31284 -0.0163808 -0.311364 -0.0379655 -0.308834 -0.0590003 -0.30513 
3.941 -0.094672 -0.182591 -0.111054 -0.175098 -0.125385 -0.167645 -0.138906 -0.159701 -0.153321 -0.150277 -0.166313 -0.140627 -0.178578 -0.1304 
0.893 -0.234379 0.293371 -0.226245 0.31175 -0.218185 0.327916 -0.209377 0.343321 -0.198915 0.359501 -0.188358 0.374184 -0.177096 0.38817 
3.984 -0.0645391 -0.0791809 -0.0748967 -0.0738861 -0.0839453 -0.0686688 -0.0924319 -0.0631553 -0.101515 -0.0566235 -0.109628 -0.0500694 -0.117312 -0.0430157 
2.209 0.642898 0.089974 0.639336 0.0539515 0.634531 0.0221151 0.628419 -0.00866773 0.619673 -0.0418019 0.609893 -0.0724655 0.59866 -0.101978 
3.389 -0.375455 -0.167525 -0.391057 -0.143058 -0.404008 -0.120603 -0.415506 -0.0980526 -0.426712 -0.0727843 -0.435862 -0.0484817 -0.443545 -0.0239511 
0.875 -0.137817 0.346103 -0.126582 0.359033 -0.116141 0.370168 -0.10517 0.380539 -0.0927843 0.391038 -0.0806145 0.40036 -0.0681138 0.408898 
4.137 0.0470894 -0.286687 0.0239436 -0.287349 0.00327747 -0.286903 -0.0167173 -0.285492 -0.0385867 -0.282745 -0.0588726 -0.279013 -0.0786279 -0.274242 
4.18 0.0758526 -0.275045 0.0533701 -0.277414 0.0331988 -0.278484 0.0135961 -0.278618 -0.00789453 -0.277519 -0.0279297 -0.275446 -0.0474944 -0.272229 
4.094 0.0313382 -0.353801 0.00439881 -0.353394 -0.0195849 -0.351802 -0.0428338 -0.349154 -0.0681194 -0.344814 -0.0915666 -0.339498 -0.114285 -0.332946 
4.094 0.0388714 -0.370237 0.0109678 -0.370238 -0.0138852 -0.368976 -0.0379836 -0.366599 -0.0642002 -0.362518 -0.0885856 -0.35742 -0.112225 -0.35102 
1.628 -0.477496 -0.156568 -0.493711 -0.125057 -0.50685 -0.0962224 -0.518184 -0.0674131 -0.528875 -0.035327 -0.537359 -0.00470153 -0.544028 0.0259286 
4.008 -0.0501575 -0.125065 -0.0631179 -0.120384 -0.0745439 -0.115625 -0.0853312 -0.110482 -0.0969369 -0.104267 -0.107483 -0.0978291 -0.117488 -0.0909806 
4.07 0.0121627 -0.340104 -0.0138146 -0.338678 -0.0369715 -0.336225 -0.0593254 -0.332782 -0.0836287 -0.32766 -0.106122 -0.32164 -0.127822 -0.31444 
4.137 0.053253 -0.305177 0.02919 -0.306174 0.00767996 -0.305966 -0.0131612 -0.304784 -0.0359622 -0.302159 -0.0571372 -0.298588 -0.0777831 -0.293896 
1.347 -0.548035 0.288577 -0.538044 0.324679 -0.527684 0.356504 -0.515841 0.386935 -0.501142 0.419443 -0.485776 0.449192 -0.468904 0.477715 
4.117 0.0518833 -0.363389 0.0243305 -0.364095 -0.00025285 -0.363467 -0.0241272 -0.361732 -0.0501538 -0.358352 -0.0743075 -0.353912 -0.0978143 -0.348182 
3.559 -0.352171 -0.186016 -0.368804 -0.16335 -0.382661 -0.142406 -0.39509 -0.121295 -0.407455 -0.0975118 -0.417933 -0.0745691 -0.426983 -0.0513934 
4.027 -0.0344062 -0.10589 -0.0463573 -0.10206 -0.0568965 -0.0980577 -0.0669477 -0.0936831 -0.0777349 -0.0882843 -0.0875442 -0.0826713 -0.0968067 -0.0765661 
2.244 0.611396 0.0968224 0.608093 0.0628254 0.603555 0.0326997 0.597891 0.00364952 0.589694 -0.0276635 0.580428 -0.0565417 0.570111 -0.0842674 
4.266 0.236789 0.00984797 0.230831 -0.00285898 0.225112 -0.0137938 0.219075 -0.0242059 0.211554 -0.0351539 0.204004 -0.0450522 0.196081 -0.0542564 
3.318 -0.188495 0.109834 -0.189307 0.124143 -0.189585 0.137066 -0.189051 0.149639 -0.187981 0.163223 -0.186175 0.176034 -0.18369 0.188558 
4.082 -0.000164361 -0.138077 -0.0142708 -0.136263 -0.0268514 -0.133899 -0.0388734 -0.131094 -0.0519407 -0.127263 -0.0639682 -0.123004 -0.0755452 -0.118055 
0.862 -0.220682 0.314601 -0.211079 0.332536 -0.201857 0.348009 -0.191988 0.362787 -0.180428 0.378115 -0.168797 0.392038 -0.156577 0.405133 
0.795 -0.144665 0.385824 -0.131673 0.399714 -0.119601 0.411504 -0.107196 0.422389 -0.0931487 0.433367 -0.0793185 0.443105 -0.0651602 0.451899 
0.887 -0.148089 0.336516 -0.137246 0.350028 -0.127052 0.361719 -0.11644 0.372589 -0.104305 0.383719 -0.0924163 0.393548 -0.0801772 0.402643 
4.156 0.0799616 -0.375716 0.0516598 -0.378181 0.0263284 -0.379069 0.00168391 -0.378781 -0.0252525 -0.376963 -0.0504352 -0.373948 -0.0749715 -0.369586 
0.835 -0.132338 0.366648 -0.120208 0.379451 -0.108924 0.390346 -0.0971906 0.400583 -0.0840506 0.410807 -0.0710816 0.419799 -0.0579519 0.427966 
0.95 -0.2289 0.278989 -0.22122 0.296863 -0.213747 0.312529 -0.205444 0.327533 -0.195656 0.343222 -0.185665 0.357516 -0.175096 0.371121 
3.596 -0.329571 -0.233954 -0.34911 -0.212364 -0.365641 -0.192152 -0.38068 -0.171711 -0.395941 -0.14849 -0.409105 -0.125925 -0.42082 -0.102929 
4.09 0.0258595 -0.337365 -6.45864e-05 -0.336607 -0.0231601 -0.334794 -0.0455037 -0.331905 -0.0697729 -0.327386 -0.092296 -0.321973 -0.114036 -0.31535 
4.355 0.286098 0.0228599 0.280693 0.00729437 0.275138 -0.00621809 0.269259 -0.0191531 0.261888 -0.0328143 0.254376 -0.0452454 0.246294 -0.0569609 
0.829 -0.174798 0.354321 -0.163315 0.369699 -0.152588 0.382915 -0.141291 0.395246 -0.128369 0.408021 -0.115591 0.419372 -0.102442 0.429909 
4.102 0.0429804 -0.385303 0.0142336 -0.385448 -0.011417 -0.384304 -0.0362681 -0.382009 -0.0633218 -0.378023 -0.0884708 -0.372898 -0.112879 -0.366488 
4.207 0.222408 0.0714834 0.220164 0.0595102 0.21764 0.0490321 0.21479 0.0389085 0.210882 0.0280833 0.206751 0.0180826 0.202134 0.00865853 
1.972 -0.21041 0.172154 -0.206723 0.187233 -0.202853 0.200573 -0.198251 0.213337 -0.1927 0.226874 -0.186571 0.239352 -0.179977 0.251356 
4.172 0.0655801 -0.112053 0.0528159 -0.114092 0.0412716 -0.11531 0.0300993 -0.115932 0.0178425 -0.115985 0.00627004 -0.11541 -0.00508989 -0.114085 
4.117 0.0464046 -0.346952 0.0198244 -0.347374 -0.00388244 -0.346583 -0.0268591 -0.344659 -0.0518954 -0.3412 -0.0751379 -0.336685 -0.0977443 -0.330925 
2.42 0.625092 0.0406657 0.618594 0.00566015 0.611211 -0.0249691 0.60269 -0.0546246 0.591367 -0.0861166 0.579232 -0.115105 0.565765 -0.142795 
4.102 0.0340775 -0.0168607 0.0272013 -0.0171593 0.0210198 -0.0170716 0.0151227 -0.0167186 0.00856469 -0.0159498 0.00261666 -0.0148662 -0.00325499 -0.0134409 
4.047 -0.0241337 -0.149719 -0.0388856 -0.14642 -0.051961 -0.14277 -0.0643886 -0.138638 -0.0778896 -0.133385 -0.0902052 -0.127794 -0.101962 -0.121488 
1.973 0.205972 0.161882 0.207844 0.15243 0.208951 0.14391 0.209795 0.135571 0.209948 0.126359 0.209728 0.117765 0.209001 0.109486 
0.895 -0.203561 0.305013 -0.194427 0.321757 -0.185799 0.336287 -0.176366 0.350165 -0.165418 0.364562 -0.154312 0.377568 -0.142692 0.389827 
4.012 -0.0487878 -0.16547 -0.0641619 -0.160701 -0.0776977 -0.155714 -0.0905871 -0.150233 -0.104367 -0.143554 -0.116941 -0.136571 -0.128864 -0.128972 
0.845 -0.197398 0.331037 -0.187145 0.347529 -0.177363 0.36188 -0.166911 0.375452 -0.154956 0.389443 -0.142933 0.402071 -0.13043 0.413885 
1.935 -0.169319 0.188591 -0.164891 0.20129 -0.160509 0.212423 -0.155598 0.223096 -0.149817 0.234353 -0.143766 0.244612 -0.137376 0.25446 
4.145 0.0436653 -0.151089 0.0287878 -0.151879 0.0154142 -0.151886 0.00257311 -0.151257 -0.011585 -0.149777 -0.0247966 -0.147688 -0.0376158 -0.144824 
0.99 -0.253554 0.260499 -0.246527 0.279613 -0.239653 0.296418 -0.23187 0.312543 -0.222532 0.329551 -0.212794 0.345039 -0.202318 0.359886 
1.114 -0.266566 0.247487 -0.259249 0.266532 -0.25202 0.28338 -0.24404 0.299549 -0.234538 0.316439 -0.22468 0.331901 -0.214173 0.346514 
4.066 0.00189015 -0.312026 -0.0225303 -0.310049 -0.0442461 -0.307175 -0.0651492 -0.30336 -0.0878342 -0.297919 -0.108798 -0.291713 -0.129009 -0.284398 
1.335 0.0970826 0.304328 0.106792 0.301837 0.115201 0.299341 0.123441 0.29643 0.132057 0.292707 0.139983 0.28878 0.147605 0.284643 
4.137 0.0388714 -0.127804 0.0255754 -0.12844 0.0136778 -0.128316 0.00219198 -0.127669 -0.0104524 -0.126278 -0.0221792 -0.12437 -0.0335647 -0.121748 
1.419 0.1505 0.189275 0.15295 0.183636 0.154816 0.178599 0.156511 0.173608 0.157925 0.168165 0.159029 0.163001 0.159843 0.157942 
0.854 -0.110423 0.368018 -0.0978884 0.379376 -0.0863111 0.389038 -0.0744513 0.397823 -0.0612699 0.406607 -0.0483334 0.414148 -0.0351855 0.420976 
3.99 -0.0631694 -0.191494 -0.0804235 -0.185847 -0.0956253 -0.180065 -0.110017 -0.173694 -0.12543 -0.165862 -0.139467 -0.157761 -0.152895 -0.148889 
0.948 -0.118641 0.331722 -0.108009 0.343169 -0.0981097 0.353012 -0.0878195 0.362113 -0.0762151 0.371243 -0.0648579 0.379286 -0.0532254 0.386707 
3.336 -0.179592 0.0262841 -0.183647 0.03894 -0.186754 0.0503845 -0.189261 0.0617393 -0.19137 0.0741474 -0.192671 0.0859423 -0.193318 0.0977059 
0.93 -0.168634 0.313231 -0.159039 0.327733 -0.149845 0.340308 -0.140242 0.352135 -0.129113 0.364246 -0.118121 0.375103 -0.106735 0.385257 
3.975 -0.0761813 -0.171634 -0.0921377 -0.165233 -0.106082 -0.158785 -0.119277 -0.151832 -0.133406 -0.143426 -0.1462 -0.134884 -0.158252 -0.125683 
4.098 0.0101082 -0.162731 -0.0054056 -0.161531 -0.0192117 -0.159715 -0.0324679 -0.157317 -0.0469162 -0.153868 -0.0602782 -0.149916 -0.0731641 -0.145216 
2.447 0.601808 0.0406657 0.595638 0.007072 0.588593 -0.0223702 0.58049 -0.050813 0.569718 -0.0811339 0.558119 -0.108996 0.545285 -0.135584 
0.983 -0.152883 0.302958 -0.143619 0.316305 -0.134859 0.327929 -0.125664 0.338857 -0.115145 0.350033 -0.104717 0.360064 -0.094024 0.369472 
3.197 -0.31382 -0.0168607 -0.320568 0.00371962 -0.32576 0.0224527 -0.329807 0.0409457 -0.333145 0.0613733 -0.335302 0.0806963 -0.336363 0.0998971 
0.771 -0.139186 0.400205 -0.125413 0.4137 -0.112612 0.425216 -0.0994167 0.435812 -0.0845525 0.446415 -0.0699703 0.455657 -0.0552342 0.464053 
0.925 -0.105629 0.341994 -0.0943872 0.352779 -0.0839564 0.362032 -0.0730742 0.370549 -0.061033 0.379008 -0.0491863 0.386388 -0.0371386 0.393087 
1.653 -0.429558 -0.102465 -0.442825 -0.0735171 -0.453454 -0.0471584 -0.462469 -0.0207969 -0.470782 0.00838102 -0.477105 0.036159 -0.481881 0.064057 
0.945 -0.146035 0.320079 -0.13584 0.333253 -0.126266 0.344626 -0.116173 0.355296 -0.104736 0.366131 -0.0935745 0.375813 -0.0818601 0.384738 
1.302 0.0799616 0.310492 0.0900387 0.308999 0.0988581 0.307299 0.107532 0.305253 0.116602 0.302388 0.125053 0.29923 0.13322 0.295802 
4.27 0.290892 0.0543624 0.287299 0.0383991 0.28338 0.024493 0.279092 0.0110932 0.273308 -0.00322122 0.267335 -0.016278 0.260803 -0.0286439 
0.914 -0.187125 0.307068 -0.178061 0.322638 -0.169383 0.336196 -0.160012 0.349118 -0.149235 0.362435 -0.138232 0.37445 -0.12684 0.385783 
3.332 -0.208355 0.109149 -0.207514 0.123294 -0.206276 0.135985 -0.204317 0.148382 -0.20158 0.161519 -0.198314 0.173771 -0.194423 0.185815 
3.383 -0.177537 -0.0387755 -0.185592 -0.026415 -0.192359 -0.0150256 -0.198229 -0.00350846 -0.204113 0.00933467 -0.209028 0.0217097 -0.213052 0.034268 
4.156 0.0553075 -0.121641 0.0423106 -0.123147 0.0305812 -0.123897 0.0192459 -0.124058 0.00687675 -0.12357 -0.00473401 -0.122475 -0.0161971 -0.120691 
3.176 -0.343953 0.0694288 -0.345575 0.0917351 -0.346089 0.111759 -0.345571 0.131362 -0.343775 0.152566 -0.341092 0.172372 -0.337377 0.191881 
4.383 0.25528 0.00710862 0.249004 -0.00653367 0.242831 -0.0183184 0.236391 -0.0295636 0.228496 -0.0413455 0.220609 -0.0519909 0.212363 -0.0618826 
0.923 -0.478866 0.244062 -0.47105 0.275166 -0.462918 0.302592 -0.453367 0.32893 -0.441319 0.356828 -0.428807 0.382663 -0.414986 0.407346 
0.892 -0.0857691 0.362539 -0.0736468 0.372202 -0.062408 0.380426 -0.0508498 0.387949 -0.0381003 0.395239 -0.0256199 0.401506 -0.0130464 0.407035 
2.225 0.641529 0.0447747 0.635065 0.00900513 0.627658 -0.0224172 0.619097 -0.0527641 0.607657 -0.0851805 0.595389 -0.115015 0.581823 -0.143379 
4.043 -0.026873 -0.178482 -0.0433217 -0.175043 -0.0578371 -0.171219 -0.0717888 -0.166793 -0.0868289 -0.161129 -0.100487 -0.155029 -0.113642 -0.148227 
1.332 -0.094672 0.189275 -0.0916585 0.198381 -0.0883396 0.206488 -0.0847472 0.214248 -0.0805443 0.222346 -0.0761386 0.229984 -0.071385 0.237181 
4.082 0.0142172 -0.301753 -0.00974841 -0.300462 -0.0310862 -0.298209 -0.0516979 -0.295033 -0.0740331 -0.290304 -0.0947708 -0.284754 -0.114776 -0.27809 
1.271 0.0998219 0.23516 0.105069 0.232753 0.109596 0.23045 0.114037 0.227982 0.118451 0.224935 0.122539 0.221975 0.126379 0.2189 
0.808 -0.154253 0.374866 -0.141754 0.389186 -0.13018 0.401502 -0.118072 0.413001 -0.104325 0.424611 -0.0909064 0.434847 -0.0770597 0.444305 
4.094 0.0135324 -0.134653 -0.000383681 -0.133673 -0.0127316 -0.132152 -0.0245088 -0.130066 -0.037505 -0.127083 -0.0493885 -0.123619 -0.0609312 -0.119513 
0.86 -0.170689 0.336516 -0.160073 0.351344 -0.149995 0.364226 -0.139511 0.376203 -0.127545 0.388505 -0.115518 0.399674 -0.103202 0.409958 
3.936 -0.102205 -0.214094 -0.120561 -0.206102 -0.136655 -0.198093 -0.151912 -0.189582 -0.16805 -0.179329 -0.182686 -0.168929 -0.196578 -0.15786 
0.885 -0.48092 0.259814 -0.472357 0.291236 -0.463363 0.318943 -0.453177 0.34561 -0.440622 0.373989 -0.427276 0.399977 -0.412831 0.424902 
1.416 -0.103575 0.120107 -0.104114 0.129479 -0.104204 0.137879 -0.103769 0.146332 -0.102919 0.155298 -0.101709 0.163697 -0.100048 0.172009 
3.592 -0.334365 -0.218888 -0.352993 -0.196948 -0.368668 -0.176591 -0.382887 -0.155983 -0.397245 -0.132617 -0.409541 -0.10988 -0.420429 -0.0869992 
1.349 -0.263827 0.223517 -0.25765 0.242318 -0.251463 0.258941 -0.244405 0.274854 -0.235981 0.291615 -0.227078 0.306912 -0.217512 0.321585 
3.305 -0.211094 0.0173812 -0.215626 0.0315992 -0.219191 0.0445625 -0.221927 0.0574172 -0.22425 0.0715306 -0.225677 0.0848294 -0.226263 0.0980947 
4.535 0.275825 -0.129174 0.261638 -0.143826 0.248297 -0.156213 0.234879 -0.16771 0.219372 -0.179382 0.204303 -0.189569 0.189015 -0.198662 
1.767 -0.278893 0.196124 -0.274045 0.215094 -0.269029 0.231985 -0.263133 0.248221 -0.255879 0.265535 -0.248176 0.28141 -0.23968 0.296642 
3.9 -0.120696 -0.213409 -0.138881 -0.204413 -0.154783 -0.195654 -0.169765 -0.186334 -0.185625 -0.17531 -0.200021 -0.164159 -0.213451 -0.152347 
3.299 -0.239173 0.100247 -0.238884 0.116083 -0.238039 0.130251 -0.236374 0.14403 -0.233885 0.158948 -0.230774 0.172676 -0.226915 0.186344 
4.246 0.108725 -0.123011 0.0952828 -0.127696 0.0829341 -0.131315 0.0711043 -0.134154 0.0576668 -0.136583 0.0451581 -0.138136 0.0325489 -0.138956 
1.377 -0.243967 0.222148 -0.237927 0.23975 -0.231849 0.255257 -0.225007 0.27003 -0.216778 0.285607 -0.208208 0.299788 -0.199043 0.313438 
3.982 -0.0727572 -0.204506 -0.0905076 -0.198102 -0.106069 -0.191636 -0.120821 -0.184526 -0.136483 -0.175936 -0.150812 -0.167114 -0.164328 -0.157567 
4.035 -0.0357759 -0.158622 -0.0508742 -0.154695 -0.0640718 -0.150509 -0.0767157 -0.14578 -0.0903655 -0.139846 -0.102657 -0.133648 -0.114594 -0.126797 
0.829 -0.219312 0.328982 -0.209117 0.346752 -0.199311 0.362277 -0.188849 0.376917 -0.176724 0.392099 -0.164597 0.405745 -0.151881 0.418589 
1.445 -0.0905629 0.072853 -0.0938396 0.0815634 -0.0964767 0.0895222 -0.0985011 0.0974643 -0.100486 0.106181 -0.101793 0.114478 -0.102629 0.12281 
1.411 -0.46106 0.220778 -0.455023 0.250959 -0.448186 0.277691 -0.440059 0.303507 -0.429605 0.33101 -0.418516 0.356345 -0.406447 0.380736 
4.121 0.0292837 -0.156568 0.0138994 -0.156562 0.000314281 -0.155784 -0.0128187 -0.154403 -0.0271727 -0.152104 -0.0405605 -0.14923 -0.0535163 -0.145565 
2.504 0.152554 0.145446 0.153396 0.139315 0.153755 0.133841 0.15401 0.128453 0.153703 0.122463 0.153159 0.11692 0.152282 0.111528 
1.215 0.0696891 0.257759 0.0762285 0.257079 0.0820804 0.256251 0.0877906 0.255209 0.0938272 0.253658 0.0993936 0.251889 0.104775 0.250002 
4.07 -0.00975209 -0.172319 -0.0257371 -0.169851 -0.0399752 -0.166953 -0.0534355 -0.163412 -0.0679844 -0.158735 -0.0814718 -0.153615 -0.0945103 -0.147855 
2.197 -0.425449 -0.197658 -0.443339 -0.170067 -0.45819 -0.144607 -0.471321 -0.119127 -0.484287 -0.0905418 -0.495001 -0.0630085 -0.504088 -0.0353122 
4.27 0.282674 0.0721682 0.280124 0.0567443 0.277239 0.0431797 0.273892 0.0301063 0.269258 0.0160709 0.264262 0.00323571 0.258728 -0.00902954 
4.148 0.0484591 -0.16958 0.0323033 -0.17066 0.0177889 -0.170804 0.00378562 -0.170325 -0.0115699 -0.168991 -0.0258693 -0.166962 -0.0397995 -0.16398 
4.117 0.0395562 -0.0380907 0.0313628 -0.0387637 0.0239373 -0.0389013 0.0168801 -0.0386956 0.00903969 -0.0380233 0.00181504 -0.0370217 -0.00523719 -0.0355547 
1.726 -0.150829 0.224202 -0.144195 0.235832 -0.137939 0.245905 -0.131205 0.255479 -0.123431 0.265404 -0.115572 0.274369 -0.107355 0.282845 
1.291 -0.0700178 0.246802 -0.0632323 0.254241 -0.0568901 0.260656 -0.0503257 0.266602 -0.0428552 0.272623 -0.0356573 0.277921 -0.0281918 0.282786 
1.354 0.132694 0.163252 0.133865 0.159012 0.134645 0.155225 0.135398 0.151487 0.135667 0.147231 0.135856 0.143303 0.135881 0.139543 
3.582 -0.325462 -0.157252 -0.340292 -0.136189 -0.35272 -0.116657 -0.363859 -0.0970499 -0.374808 -0.0749768 -0.384011 -0.0537332 -0.391915 -0.0322219 
4.172 0.0607862 -0.140816 0.0463226 -0.142591 0.0333243 -0.143549 0.0207503 -0.143832 0.00685439 -0.143388 -0.00601938 -0.142226 -0.0185676 -0.140295 
3.951 -0.0919326 -0.153143 -0.106504 -0.145927 -0.119223 -0.138844 -0.131304 -0.131377 -0.144045 -0.122464 -0.155495 -0.113486 -0.166404 -0.103991 
4.215 0.0874949 -0.133283 0.0736706 -0.136737 0.0610718 -0.139191 0.0490313 -0.140964 0.0354584 -0.142162 0.0228425 -0.142591 0.0102154 -0.142309 
4.043 -0.022764 -0.116162 -0.0355851 -0.113035 -0.0469324 -0.109647 -0.0576708 -0.105841 -0.0693142 -0.100979 -0.0799814 -0.0958408 -0.0902552 -0.090184 
3.938 -0.102205 -0.119586 -0.114861 -0.111896 -0.12581 -0.104443 -0.136103 -0.0966613 -0.146972 -0.0875878 -0.156692 -0.0784828 -0.165787 -0.068991 
1.267 -0.0344062 0.243378 -0.0279779 0.248946 -0.0221514 0.253756 -0.0160794 0.258091 -0.00936603 0.262363 -0.00281292 0.26612 0.00375423 0.269478 
0.902 -0.159732 0.325558 -0.149277 0.339683 -0.139446 0.351925 -0.129177 0.363429 -0.117404 0.375114 -0.105828 0.385521 -0.0938709 0.395246 
4.215 0.244323 0.0612108 0.24152 0.0478481 0.238337 0.0361387 0.234837 0.024813 0.230102 0.0128458 0.225083 0.00177191 0.219627 -0.00868759 
0.893 -0.123435 0.346103 -0.112158 0.358111 -0.101626 0.36843 -0.0908102 0.377901 -0.0785593 0.387532 -0.0665175 0.39593 -0.0542556 0.403689 
4.527 0.268292 -0.091508 0.256372 -0.105799 0.245085 -0.117879 0.233654 -0.129335 0.220345 -0.140989 0.207327 -0.151259 0.194036 -0.160445 
0.854 -0.159732 0.346103 -0.148556 0.360408 -0.138078 0.372738 -0.127073 0.384318 -0.114528 0.39613 -0.102191 0.406603 -0.0895166 0.416262 
4.066 0.291576 0.107095 0.291561 0.0910428 0.290783 0.0768754 0.289516 0.063075 0.286983 0.0481322 0.283965 0.0342646 0.280281 0.0208891 
3.658 -0.283002 -0.268196 -0.304366 -0.24929 -0.322601 -0.231416 -0.339468 -0.213137 -0.35682 -0.19224 -0.372103 -0.171726 -0.386045 -0.150657 
1.596 0.19159 0.220093 0.196605 0.211526 0.200677 0.20378 0.204397 0.195989 0.207737 0.187006 0.210489 0.178817 0.212769 0.170399 
4.203 0.0909191 -0.261348 0.0690868 -0.264546 0.0494348 -0.266424 0.0303461 -0.26731 0.00932188 -0.267108 -0.0102924 -0.265853 -0.029499 -0.263503 
4.211 0.221038 0.0543624 0.217778 0.0425968 0.214291 0.0323301 0.210527 0.0224584 0.205735 0.0119554 0.200745 0.00244007 0.195381 -0.006596 
4.16 0.0683194 0.000260238 0.0626097 -0.00225473 0.0573312 -0.00420609 0.0522874 -0.00583964 0.0464474 -0.00736025 0.0409803 -0.0084681 0.0352908 -0.0092199 
4.426 0.220353 -0.150404 0.204974 -0.161701 0.190784 -0.170978 0.176593 -0.17938 0.160549 -0.187596 0.145066 -0.194528 0.129578 -0.200435 
4.207 0.238844 0.0749075 0.236964 0.06198 0.23462 0.050587 0.231979 0.0396326 0.22826 0.0278384 0.224222 0.0169811 0.219697 0.00659628 
1.581 -0.23027 0.220778 -0.224194 0.237691 -0.218087 0.252631 -0.211231 0.266805 -0.2031 0.281683 -0.194612 0.295321 -0.18548 0.308341 
0.817 -0.304232 0.288577 -0.296587 0.311892 -0.288882 0.332343 -0.280183 0.351982 -0.269696 0.372707 -0.258751 0.39166 -0.246972 0.409826 
0.835 -0.187125 0.341309 -0.176478 0.357289 -0.16625 0.371264 -0.155504 0.384347 -0.143264 0.397753 -0.131074 0.409858 -0.118334 0.421168 
1.257 -0.0241337 0.268032 -0.0164012 0.273254 -0.00944971 0.277634 -0.00225695 0.281539 0.00572213 0.285343 0.0133601 0.288432 0.021157 0.291223 
3.947 -0.094672 -0.0737022 -0.1045 -0.0662451 -0.113143 -0.0591615 -0.120982 -0.0518346 -0.129588 -0.0434035 -0.136865 -0.0350197 -0.1437 -0.0263897 
1.279 -0.0570059 0.238584 -0.0508874 0.245331 -0.045181 0.251255 -0.0392582 0.256687 -0.0325976 0.262168 -0.026042 0.267015 -0.0194136 0.271447 
3.607 -0.300808 -0.14698 -0.315057 -0.12737 -0.327053 -0.109145 -0.337699 -0.0908311 -0.348367 -0.0701539 -0.357299 -0.0503088 -0.36501 -0.0301577 
3.598 -0.314505 -0.176428 -0.330469 -0.155699 -0.34393 -0.136516 -0.356037 -0.117139 -0.368168 -0.0952943 -0.37847 -0.0742154 -0.387415 -0.05302 
4.223 0.0991371 -0.0798658 0.0884867 -0.0839208 0.0787447 -0.0870571 0.069256 -0.0896672 0.0584934 -0.0919303 0.0484528 -0.0934949 0.038461 -0.0944692 
3.463 -0.371346 -0.206561 -0.3893 -0.18263 -0.404363 -0.160451 -0.417835 -0.138123 -0.431308 -0.113014 -0.442653 -0.08869 -0.452507 -0.064099 
4.156 0.0676346 -0.323668 0.0424223 -0.325411 0.0197861 -0.325845 -0.00214284 -0.325181 -0.0260873 -0.323152 -0.048448 -0.320009 -0.0701996 -0.315701 
1.273 -0.0474182 0.252965 -0.0405493 0.259231 -0.034296 0.264554 -0.0276819 0.269518 -0.0203695 0.274428 -0.0132873 0.278663 -0.00599225 0.282558 
3.643 -0.289166 -0.249021 -0.309551 -0.229688 -0.326909 -0.211622 -0.342903 -0.193063 -0.359274 -0.171922 -0.373627 -0.151293 -0.386569 -0.130144 
4.031 -0.0241337 -0.0476784 -0.0326715 -0.0444459 -0.040223 -0.041054 -0.047271 -0.0374058 -0.0548602 -0.0329946 -0.0617153 -0.0285271 -0.0681379 -0.0235989 
4.055 -0.00701274 -0.0558965 -0.0160135 -0.054049 -0.02399 -0.0520267 -0.0315891 -0.0496054 -0.039903 -0.0466018 -0.0475223 -0.0432764 -0.0548218 -0.0395448 
3.686 -0.261772 -0.327092 -0.286913 -0.309431 -0.308668 -0.292481 -0.328905 -0.274969 -0.350039 -0.254613 -0.368865 -0.234383 -0.386243 -0.213498 
3.371 -0.147404 -0.0278181 -0.154844 -0.0173698 -0.161128 -0.00772453 -0.166689 0.00202646 -0.17226 0.0129737 -0.176901 0.023518 -0.180888 0.0343666 
1.568 -0.278893 0.222148 -0.272912 0.241924 -0.266812 0.259398 -0.259851 0.276135 -0.251386 0.293673 -0.242563 0.309916 -0.232975 0.325392 
4.191 0.0772223 -0.241487 0.0568704 -0.244152 0.0385966 -0.245586 0.0207842 -0.246101 0.0012337 -0.245574 -0.017017 -0.244108 -0.0348866 -0.241639 
4.129 0.0333927 -0.182591 0.0164868 -0.182849 0.00139901 -0.182309 -0.0131285 -0.181089 -0.0290489 -0.178904 -0.0438751 -0.176028 -0.0582618 -0.172288 
4.199 0.0854404 -0.0860293 0.0744544 -0.0895471 0.0644578 -0.0921277 0.0549515 -0.0941247 0.0440373 -0.0958153 0.0339377 -0.0967596 0.0239053 -0.0971358 
4.375 0.199123 -0.0339816 0.190921 -0.0444614 0.183076 -0.053375 0.175149 -0.0616168 0.165844 -0.0701835 0.156742 -0.0776346 0.147443 -0.0844206 
3.506 0.0799616 0.116683 0.0799703 0.114292 0.0799217 0.112245 0.0800641 0.110302 0.07958 0.108177 0.0791587 0.106202 0.0785814 0.103986 
3.625 -0.280263 -0.129859 -0.293621 -0.111311 -0.304748 -0.0941051 -0.314694 -0.0767955 -0.324552 -0.0574179 -0.33283 -0.0386315 -0.339884 -0.0197818 
1.255 -0.0193398 0.250226 -0.0127305 0.255124 -0.00669105 0.259227 -0.000501262 0.262947 0.00629938 0.26657 0.0128389 0.269599 0.0195563 0.27233 
3.562 -0.331626 -0.127804 -0.344926 -0.106264 -0.355871 -0.08648 -0.365553 -0.0665286 -0.374939 -0.0443041 -0.382687 -0.0229459 -0.389092 -0.0014621 
3.996 -0.0624846 -0.166155 -0.0780855 -0.160568 -0.0918389 -0.154884 -0.104769 -0.14866 -0.118638 -0.141102 -0.131377 -0.133297 -0.143268 -0.124932 
3.924 -0.113163 -0.0812354 -0.12358 -0.0727436 -0.13258 -0.0647606 -0.14074 -0.0564849 -0.149633 -0.0470639 -0.157282 -0.0377078 -0.164069 -0.0280458 
3.635 -0.296014 -0.228476 -0.315312 -0.208857 -0.331685 -0.190471 -0.346635 -0.171784 -0.361963 -0.15048 -0.375252 -0.129668 -0.387205 -0.108546 
3.748 -0.216573 -0.33805 -0.242203 -0.323182 -0.26443 -0.308632 -0.285368 -0.293388 -0.307335 -0.275457 -0.327063 -0.257655 -0.345502 -0.239069 
3.65 -0.285057 -0.329147 -0.31035 -0.310084 -0.332066 -0.29196 -0.352326 -0.273251 -0.373341 -0.251584 -0.392022 -0.230338 -0.409207 -0.208318 
3.674 -0.266566 -0.225736 -0.28551 -0.207829 -0.301722 -0.191047 -0.316696 -0.173886 -0.331957 -0.154215 -0.345304 -0.134998 -0.357369 -0.115322 
4.074 0.260759 0.100247 0.260073 0.0860552 0.258847 0.073437 0.257166 0.0613018 0.254391 0.0481248 0.251256 0.036027 0.247536 0.0242767 
1.705 -0.215203 0.231051 -0.208274 0.246342 -0.201572 0.259603 -0.194224 0.272382 -0.185469 0.285628 -0.176659 0.297692 -0.167358 0.309209 
3.623 -0.293275 -0.162731 -0.308416 -0.143391 -0.321135 -0.125537 -0.332598 -0.107491 -0.344071 -0.087103 -0.353863 -0.06747 -0.362366 -0.0476101 
2.201 0.642213 0.120107 0.640367 0.0837424 0.636998 0.051733 0.632295 0.0205209 0.625072 -0.0131124 0.616605 -0.0441388 0.607171 -0.0741922 
4.008 -0.0426243 -0.0784961 -0.0532155 -0.0743856 -0.062433 -0.0701387 -0.0710943 -0.0655354 -0.0804561 -0.0600137 -0.0888311 -0.0543172 -0.0966612 -0.0481615 
3.748 -0.204931 -0.173689 -0.220918 -0.159642 -0.234651 -0.146444 -0.24731 -0.132905 -0.260485 -0.117329 -0.271976 -0.102075 -0.282479 -0.0863573 
3.766 -0.191919 -0.184646 -0.208496 -0.171279 -0.222743 -0.158572 -0.235918 -0.145475 -0.249611 -0.130581 -0.26169 -0.115863 -0.27271 -0.100689 
3.658 -0.259033 -0.116162 -0.271481 -0.0990477 -0.281881 -0.0832434 -0.291161 -0.0673796 -0.300471 -0.0494159 -0.308266 -0.0321369 -0.315016 -0.0145718 
3.707 -0.245336 -0.349007 -0.271685 -0.332222 -0.294449 -0.316117 -0.315854 -0.299259 -0.33819 -0.279627 -0.358133 -0.260094 -0.376748 -0.239829 
4.41 0.21145 -0.0627448 0.201253 -0.073658 0.19166 -0.082739 0.181964 -0.0912285 0.170781 -0.0999687 0.159945 -0.107479 0.148928 -0.114224 
1.214 0.0505136 0.248856 0.0570033 0.249417 0.0628687 0.249704 0.0684642 0.249729 0.0748099 0.249334 0.0803643 0.248633 0.0858497 0.247679 
4.59 0.294316 -0.116162 0.280717 -0.13184 0.267925 -0.145101 0.254936 -0.157441 0.239897 -0.170082 0.225278 -0.181102 0.21029 -0.191162 
4.293 0.156663 -0.0545268 0.147218 -0.0620811 0.138369 -0.0683011 0.129557 -0.0739218 0.119467 -0.0795218 0.10981 -0.0843271 0.100099 -0.0884381 
1.149 -0.200137 0.268717 -0.192619 0.284726 -0.185197 0.298734 -0.177274 0.312036 -0.16788 0.325864 -0.158451 0.338401 -0.148375 0.350348 
3.738 -0.211779 -0.199712 -0.229156 -0.185263 -0.244074 -0.171631 -0.257928 -0.157518 -0.272225 -0.141459 -0.284836 -0.125655 -0.296367 -0.109358 
3.711 -0.239173 -0.247651 -0.259366 -0.231478 -0.276723 -0.216074 -0.292858 -0.200237 -0.309557 -0.182061 -0.324372 -0.164099 -0.337862 -0.145666 
3.631 -0.302178 -0.282578 -0.324699 -0.262585 -0.34397 -0.243799 -0.361771 -0.224568 -0.380123 -0.202474 -0.396198 -0.180907 -0.410843 -0.158754 
4.316 0.168991 0.039296 0.165206 0.0304972 0.161358 0.0228087 0.157435 0.0155903 0.152509 0.00787885 0.147558 0.000981859 0.142393 -0.00549384 
3.764 -0.204246 -0.322298 -0.228996 -0.307999 -0.250457 -0.294285 -0.270659 -0.27979 -0.291947 -0.262802 -0.311062 -0.24577 -0.328902 -0.228028 
1.248 0.101192 0.209821 0.105145 0.207314 0.108464 0.204834 0.111828 0.202317 0.115023 0.199417 0.117936 0.19655 0.120665 0.193622 
0.888 -0.246021 0.285153 -0.237841 0.304302 -0.229814 0.321039 -0.221052 0.336967 -0.210637 0.353741 -0.199982 0.368977 -0.188686 0.383445 
3.5 -0.128229 -0.0223394 -0.135382 -0.0130415 -0.141395 -0.00432672 -0.146737 0.00444722 -0.152216 0.0142783 -0.156756 0.0238396 -0.160731 0.0334491 
3.729 -0.188495 -0.0545268 -0.197424 -0.0414035 -0.204901 -0.0292834 -0.211482 -0.0171486 -0.218082 -0.00349132 -0.223565 0.00963028 -0.228119 0.022932 
1.271 -0.052212 0.265977 -0.0446006 0.272457 -0.0375582 0.277971 -0.0303631 0.283038 -0.0223723 0.288036 -0.0145946 0.292307 -0.00672524 0.296219 
3.693 -0.253554 -0.360649 -0.280332 -0.343432 -0.303529 -0.326874 -0.325352 -0.309552 -0.348002 -0.289326 -0.368393 -0.269407 -0.38727 -0.24858 
4.086 0.00668402 -0.118217 -0.0060631 -0.117015 -0.0174177 -0.115316 -0.0283076 -0.113049 -0.0401971 -0.109975 -0.0511221 -0.106498 -0.0616484 -0.102463 
1.188 -0.252869 0.236529 -0.246318 0.254684 -0.239838 0.270613 -0.232545 0.286016 -0.223824 0.302077 -0.214814 0.316997 -0.205111 0.331074 
1.333 0.102561 0.271456 0.110624 0.268551 0.11753 0.265729 0.124343 0.262664 0.131267 0.258785 0.137671 0.25476 0.143717 0.250538 
3.676 -0.265881 -0.270251 -0.287464 -0.252334 -0.306029 -0.235302 -0.323216 -0.217826 -0.340967 -0.197793 -0.356617 -0.178106 -0.370972 -0.157795 
3.297 -0.141241 0.100247 -0.140937 0.109953 -0.140323 0.118602 -0.139218 0.127041 -0.137632 0.136177 -0.135731 0.144739 -0.133345 0.153 
3.686 -0.261772 -0.306547 -0.285592 -0.289054 -0.306177 -0.272361 -0.325337 -0.255054 -0.34527 -0.235104 -0.363044 -0.215423 -0.379387 -0.194903 
3.533 -0.362444 -0.2319 -0.381718 -0.208394 -0.397865 -0.186561 -0.412534 -0.164508 -0.42716 -0.139631 -0.439701 -0.115607 -0.450675 -0.0911438 
3.58 -0.317244 -0.126435 -0.330336 -0.10576 -0.341152 -0.0867532 -0.350732 -0.0675934 -0.360073 -0.046194 -0.367793 -0.02558 -0.37428 -0.00484223 
3.686 -0.239173 -0.151774 -0.253641 -0.135876 -0.265877 -0.121086 -0.277079 -0.105963 -0.288479 -0.0888554 -0.298282 -0.0721415 -0.307035 -0.0551403 
3.646 -0.26999 -0.160677 -0.285092 -0.142694 -0.297824 -0.126015 -0.309382 -0.109094 -0.321022 -0.0899946 -0.33094 -0.0715003 -0.339631 -0.0525959 
1.739 -0.24876 0.193384 -0.243989 0.210911 -0.238965 0.226433 -0.233243 0.241317 -0.226105 0.257139 -0.218613 0.271581 -0.210533 0.285555 
4.562 0.27788 -0.0600055 0.267834 -0.0748743 0.2582 -0.0878011 0.24828 -0.0997715 0.23655 -0.112286 0.225009 -0.123348 0.213147 -0.133403 
3.686 -0.235064 -0.121641 -0.247822 -0.105807 -0.25862 -0.0911005 -0.268347 -0.0762224 -0.27814 -0.0594777 -0.286483 -0.0432043 -0.29375 -0.0266924 
3.691 -0.243967 -0.18807 -0.260879 -0.17158 -0.275326 -0.156196 -0.288617 -0.140473 -0.302222 -0.122499 -0.314084 -0.104962 -0.324757 -0.0869831 
3.703 -0.237803 -0.207246 -0.255665 -0.191134 -0.270994 -0.175855 -0.285096 -0.160299 -0.299604 -0.142627 -0.312339 -0.125162 -0.323903 -0.107347 
3.912 -0.115902 -0.227791 -0.134783 -0.219145 -0.151306 -0.210607 -0.166889 -0.201447 -0.183453 -0.190525 -0.198415 -0.179488 -0.212516 -0.167757 
3.652 -0.280948 -0.222997 -0.299788 -0.204338 -0.315789 -0.186849 -0.330495 -0.169055 -0.345524 -0.148747 -0.358601 -0.129077 -0.370418 -0.108887 
3.77 -0.191234 -0.212724 -0.209509 -0.199459 -0.225249 -0.186692 -0.239899 -0.173578 -0.255157 -0.158475 -0.268724 -0.143419 -0.28123 -0.127927 
1.315 -0.0926174 0.231735 -0.0868549 0.240833 -0.0812163 0.248771 -0.0752983 0.256258 -0.0684908 0.263981 -0.0617121 0.270865 -0.0546154 0.277353 
3.762 -0.191919 -0.167525 -0.207726 -0.154145 -0.221214 -0.141578 -0.233757 -0.128623 -0.246698 -0.113815 -0.258061 -0.0992808 -0.268473 -0.0842414 
3.648 -0.279578 -0.202452 -0.297317 -0.184041 -0.312378 -0.166872 -0.326207 -0.149395 -0.340244 -0.129507 -0.352491 -0.110044 -0.36342 -0.0902607 
4.395 0.217614 0.00162991 0.211679 -0.0101555 0.205797 -0.0203129 0.199784 -0.029934 0.192371 -0.0400235 0.185 -0.0491059 0.177325 -0.0575672 
3.441 0.403205 0.0297083 0.397783 0.00737542 0.391815 -0.0121198 0.385242 -0.0308628 0.376771 -0.050967 0.36788 -0.0692279 0.358068 -0.086649 
4.441 0.229256 -0.0627448 0.219223 -0.0746526 0.209707 -0.084833 0.200084 -0.0942199 0.188851 -0.103818 0.177826 -0.112333 0.166641 -0.119972 
3.637 -0.273415 -0.146295 -0.287661 -0.128219 -0.299702 -0.111387 -0.31052 -0.094459 -0.321344 -0.0753676 -0.330558 -0.0569 -0.338599 -0.0381017 
3.713 -0.228215 -0.181907 -0.244757 -0.166491 -0.258995 -0.151818 -0.272031 -0.136994 -0.28539 -0.120031 -0.29712 -0.103384 -0.30773 -0.086257 
4.188 0.105985 0.0660047 0.103801 0.0610121 0.101531 0.0567684 0.0992976 0.0527184 0.0964325 0.048472 0.0934687 0.0446179 0.0904297 0.0411275 
3.67 -0.259033 -0.190809 -0.276095 -0.173552 -0.290731 -0.157416 -0.304128 -0.140968 -0.31778 -0.122157 -0.329664 -0.1039 -0.34035 -0.0851687 
1.447 -0.363128 0.215984 -0.35747 0.240605 -0.351273 0.262393 -0.344153 0.283397 -0.33517 0.305792 -0.325747 0.326364 -0.315277 0.34605 
3.639 -0.29259 -0.214779 -0.310945 -0.195386 -0.326549 -0.177299 -0.340721 -0.158887 -0.355192 -0.137938 -0.367739 -0.117746 -0.379032 -0.0969392 
3.662 -0.276154 -0.236694 -0.295752 -0.218415 -0.312543 -0.201182 -0.328046 -0.183458 -0.343874 -0.163404 -0.357786 -0.143705 -0.370381 -0.123523 
3.676 -0.265881 -0.247651 -0.286095 -0.229843 -0.303441 -0.213168 -0.319452 -0.195965 -0.335961 -0.176262 -0.35045 -0.157025 -0.363705 -0.137182 
0.868 -0.465169 0.261183 -0.456998 0.292091 -0.448518 0.319331 -0.438615 0.345497 -0.426258 0.373141 -0.413311 0.398757 -0.399071 0.423076 
3.771 -0.200137 -0.288741 -0.222692 -0.274777 -0.242288 -0.261135 -0.260717 -0.247013 -0.280028 -0.23048 -0.297271 -0.214013 -0.313379 -0.196974 
4.133 0.0470894 -0.0641145 0.03743 -0.0651254 0.0286814 -0.065444 0.0203042 -0.0654097 0.0110435 -0.0649317 0.00245682 -0.0639032 -0.00588224 -0.0624698 
3.545 -0.306972 -0.108629 -0.319243 -0.0884043 -0.329362 -0.0699146 -0.33824 -0.0513407 -0.346976 -0.0305093 -0.354021 -0.010575 -0.359921 0.00947278 
4.418 0.219669 -0.0264484 0.21182 -0.0378989 0.204226 -0.0477024 0.196547 -0.0568738 0.187391 -0.0663617 0.178374 -0.0748703 0.169129 -0.0826428 
3.666 -0.256294 -0.153143 -0.270923 -0.136039 -0.283289 -0.12008 -0.294499 -0.103967 -0.30585 -0.0856287 -0.315556 -0.067911 -0.324083 -0.0498947 
3.715 -0.237803 -0.323668 -0.262641 -0.307244 -0.284112 -0.291463 -0.304259 -0.275093 -0.325228 -0.256022 -0.344 -0.237138 -0.361343 -0.21747 
3.611 -0.291905 -0.112053 -0.30414 -0.0929238 -0.31434 -0.0751329 -0.323304 -0.0573984 -0.332118 -0.0374327 -0.339374 -0.0183838 -0.345467 0.000874226 
3.912 -0.115902 -0.140816 -0.129818 -0.132313 -0.141909 -0.124117 -0.153219 -0.115569 -0.165025 -0.105526 -0.17571 -0.0955167 -0.185576 -0.0850464 
3.68 -0.25013 -0.16821 -0.265514 -0.151472 -0.278573 -0.135753 -0.290455 -0.119764 -0.302591 -0.101745 -0.313065 -0.084101 -0.322338 -0.0661443 
3.754 -0.21041 -0.355171 -0.236889 -0.340585 -0.259931 -0.32636 -0.281564 -0.311461 -0.304444 -0.293682 -0.324978 -0.276099 -0.344166 -0.257571 
3.67 -0.248076 -0.138762 -0.261905 -0.122254 -0.273556 -0.106916 -0.284071 -0.0913802 -0.294702 -0.0738539 -0.303826 -0.0568644 -0.311856 -0.0395535 
3.684 -0.255609 -0.204506 -0.273386 -0.187374 -0.288534 -0.171355 -0.302507 -0.154853 -0.316825 -0.13615 -0.32926 -0.117865 -0.340477 -0.0991298 
4.188 0.078592 -0.0600055 0.0691727 -0.0631962 0.0605594 -0.0655679 0.0521108 -0.0674698 0.0427075 -0.0690286 0.0337676 -0.0700407 0.0250271 -0.0704383 
3.613 -0.31382 -0.246281 -0.334005 -0.225657 -0.351218 -0.206289 -0.366976 -0.186654 -0.383048 -0.164489 -0.397004 -0.142508 -0.409583 -0.120223 
4.199 0.295686 0.089974 0.294538 0.0734842 0.292687 0.0590593 0.290362 0.0450287 0.286668 0.0299945 0.282493 0.0161014 0.277586 0.00280731 
1.19 -0.0166005 0.36117 -0.00368862 0.365773 0.00799776 0.369393 0.0197428 0.372358 0.0325094 0.374755 0.0446216 0.37635 0.0566379 0.377345 
3.92 -0.111793 -0.156568 -0.126554 -0.148243 -0.139403 -0.140217 -0.151409 -0.131765 -0.164168 -0.121817 -0.175451 -0.111801 -0.186114 -0.101381 
3.795 -0.179592 -0.222312 -0.198371 -0.209493 -0.214624 -0.197256 -0.229774 -0.184466 -0.245591 -0.169808 -0.259736 -0.155129 -0.272829 -0.139852 
4.379 0.197754 -0.0757567 0.187052 -0.0859074 0.176998 -0.0944118 0.166972 -0.102209 0.155393 -0.11008 0.144217 -0.116857 0.132902 -0.122775 
3.916 -0.117272 -0.0613752 -0.12668 -0.0528081 -0.134764 -0.0447267 -0.142162 -0.0364651 -0.149833 -0.0270026 -0.15651 -0.0177899 -0.162405 -0.00823022 
3.744 -0.215203 -0.242172 -0.235207 -0.227488 -0.252427 -0.213327 -0.268515 -0.198849 -0.28527 -0.181991 -0.300128 -0.165262 -0.313849 -0.148133 
3.674 -0.238488 -0.102465 -0.250162 -0.0863403 -0.259967 -0.0713667 -0.26868 -0.0564084 -0.277359 -0.0396141 -0.28463 -0.0233931 -0.290894 -0.00701244 
3.691 -0.253554 -0.262033 -0.274749 -0.244998 -0.292954 -0.228879 -0.309915 -0.21216 -0.327383 -0.192913 -0.342845 -0.173943 -0.356999 -0.154376 
3.633 -0.245336 -0.0867141 -0.256277 -0.0703426 -0.265439 -0.0551729 -0.273448 -0.0399624 -0.281398 -0.0228457 -0.288037 -0.00640364 -0.293589 0.01017 
3.699 -0.247391 -0.221627 -0.266151 -0.205058 -0.282128 -0.189438 -0.296935 -0.173493 -0.312209 -0.155138 -0.32564 -0.137217 -0.337812 -0.118838 
3.457 -0.111793 -0.00658814 -0.117796 0.00180902 -0.12284 0.00960089 -0.127179 0.0174914 -0.13162 0.0262753 -0.13534 0.0348144 -0.138404 0.043374 
3.793 -0.183016 -0.310656 -0.207123 -0.297776 -0.227975 -0.285279 -0.247665 -0.272074 -0.268465 -0.256518 -0.287182 -0.240885 -0.304741 -0.224506 
3.834 -0.156992 -0.27162 -0.178686 -0.259948 -0.197596 -0.248648 -0.215384 -0.236778 -0.234144 -0.222667 -0.251 -0.208481 -0.26683 -0.193728 
3.969 -0.0789207 -0.0853445 -0.0897977 -0.0787855 -0.0992394 -0.0724125 -0.108105 -0.0657629 -0.117439 -0.0580244 -0.125922 -0.0502225 -0.133661 -0.0420388 
3.467 -0.372031 -0.190125 -0.388954 -0.165944 -0.403097 -0.143607 -0.415712 -0.121218 -0.428163 -0.096179 -0.438607 -0.0716216 -0.447504 -0.0469661 
2.188 -0.434351 -0.215464 -0.45356 -0.18701 -0.469545 -0.160801 -0.483863 -0.134512 -0.497914 -0.104929 -0.509563 -0.0763678 -0.519525 -0.0475564 
3.895 -0.133023 -0.0839748 -0.143355 -0.0744633 -0.152145 -0.0655305 -0.160106 -0.0563658 -0.168686 -0.0459921 -0.176016 -0.0358022 -0.182814 -0.0253604 
3.189 0.447719 0.0927133 0.445674 0.0677317 0.442739 0.0455827 0.438994 0.02407 0.43332 0.00102061 0.426974 -0.0203168 0.419491 -0.0407025 
4.074 0.000520477 -0.0819203 -0.0100224 -0.0803666 -0.019361 -0.0786213 -0.0283174 -0.0762341 -0.0380882 -0.07335 -0.0470639 -0.0700711 -0.0556773 -0.066345 
4.305 0.160088 -0.00179427 0.153747 -0.00985642 0.147693 -0.016732 0.141575 -0.0231877 0.134304 -0.0297679 0.127106 -0.0356303 0.119912 -0.0409089 
3.777 -0.183016 -0.0791809 -0.193246 -0.0664428 -0.201877 -0.0546128 -0.209577 -0.0426214 -0.217384 -0.0291587 -0.223972 -0.0160814 -0.229794 -0.00281773 
3.756 -0.208355 -0.306547 -0.232019 -0.292266 -0.252602 -0.278435 -0.27193 -0.263971 -0.292231 -0.247082 -0.310429 -0.230252 -0.327405 -0.212601 
3.621 -0.296699 -0.181907 -0.312903 -0.162325 -0.326599 -0.14401 -0.338991 -0.125552 -0.351417 -0.104776 -0.362066 -0.0845495 -0.371385 -0.0640967 
3.916 -0.098781 -0.0148062 -0.105282 -0.00722428 -0.110805 -0.000142622 -0.115716 0.00710013 -0.120862 0.0151965 -0.125219 0.0231134 -0.129032 0.031173 
4.051 -0.0152308 -0.0764416 -0.0255837 -0.0735689 -0.0347605 -0.0704895 -0.0434503 -0.0670592 -0.0528085 -0.062838 -0.0613008 -0.0583927 -0.0693657 -0.0534783 
1.619 0.201863 0.193384 0.20532 0.18417 0.208082 0.175906 0.210423 0.167654 0.212302 0.158536 0.213738 0.149948 0.214575 0.141344 
3.758 -0.204246 -0.225051 -0.22326 -0.21082 -0.239667 -0.197343 -0.254938 -0.183449 -0.270863 -0.167297 -0.284932 -0.15147 -0.297927 -0.135163 
3.969 -0.0796055 -0.135338 -0.0933361 -0.128786 -0.105304 -0.122288 -0.116707 -0.115436 -0.128682 -0.107275 -0.139388 -0.0989298 -0.149616 -0.0901274 
3.824 -0.163841 -0.291481 -0.186723 -0.279654 -0.206684 -0.268122 -0.225448 -0.256079 -0.245249 -0.241634 -0.263157 -0.227149 -0.279965 -0.211814 
1.642 0.192275 0.161882 0.194018 0.153172 0.195137 0.145417 0.196007 0.137737 0.19626 0.129271 0.196171 0.121286 0.195686 0.113551 
1.319 -0.0960416 0.247487 -0.089314 0.256623 -0.083009 0.264461 -0.0763712 0.27186 -0.0687919 0.279466 -0.0612248 0.286243 -0.0534443 0.292574 
3.938 -0.098781 -0.101096 -0.110382 -0.0934332 -0.120377 -0.0860627 -0.129712 -0.0783834 -0.139485 -0.0694946 -0.148273 -0.0606721 -0.156263 -0.0514404 
1.263 0.102561 0.194069 0.105526 0.191534 0.108071 0.188999 0.110582 0.186438 0.112992 0.183685 0.115112 0.180951 0.117013 0.178134 
3.582 -0.259033 -0.091508 -0.270244 -0.0743571 -0.279566 -0.0585605 -0.287805 -0.0426204 -0.2959 -0.0247326 -0.302622 -0.00756708 -0.30827 0.00980788 
3.723 -0.235749 -0.378455 -0.263595 -0.362227 -0.287819 -0.346387 -0.310584 -0.329881 -0.334433 -0.310423 -0.355858 -0.291157 -0.375932 -0.270788 
3.861 0.266922 0.131064 0.268117 0.116562 0.268573 0.103666 0.268525 0.0910134 0.26744 0.0772596 0.265892 0.0643811 0.263647 0.0519402 
3.188 -0.323408 -0.0928777 -0.334756 -0.0718087 -0.343727 -0.0524056 -0.351659 -0.0330438 -0.359142 -0.0114809 -0.365102 0.00916639 -0.369981 0.0299113 
3.709 -0.237803 -0.232585 -0.257129 -0.216377 -0.273751 -0.200996 -0.289104 -0.185257 -0.304978 -0.167216 -0.318951 -0.149456 -0.331718 -0.131185 
4.246 0.23405 0.035187 0.23015 0.022326 0.225959 0.0111724 0.221491 0.000473916 0.215724 -0.0109012 0.209765 -0.0212683 0.203393 -0.0310385 
3.812 -0.16658 -0.33531 -0.192038 -0.323162 -0.214206 -0.31112 -0.235238 -0.298253 -0.2575 -0.282893 -0.277532 -0.267631 -0.29638 -0.251276 
1.229 0.0162717 0.339255 0.0282511 0.341734 0.0389439 0.343612 0.0495969 0.344756 0.061055 0.345457 0.07191 0.345285 0.0825501 0.34503 
4.309 0.165566 -0.0189152 0.158527 -0.0272338 0.151852 -0.0342968 0.14515 -0.0408167 0.137204 -0.0474983 0.129497 -0.0534243 0.12164 -0.0586908 
3.297 0.438132 0.0338173 0.432514 0.00944214 0.426493 -0.0117759 0.419682 -0.0323738 0.41084 -0.0542875 0.401443 -0.0742987 0.391209 -0.0933723 
4.172 0.0737981 -0.0127517 0.0671288 -0.0156469 0.0609607 -0.0178548 0.0549708 -0.0197828 0.0481725 -0.0214675 0.0417015 -0.0227389 0.0353306 -0.0235618 
3.727 -0.223421 -0.218888 -0.242032 -0.203574 -0.258012 -0.189173 -0.272839 -0.174304 -0.288134 -0.157365 -0.301684 -0.140624 -0.314052 -0.12329 
4.219 0.103931 -0.0312423 0.0959773 -0.035656 0.0885903 -0.0391117 0.0814916 -0.0422148 0.0733229 -0.0451249 0.0656444 -0.0473961 0.0579245 -0.0492194 
3.719 -0.237118 -0.305862 -0.260776 -0.289514 -0.281229 -0.27389 -0.300327 -0.257575 -0.320236 -0.238861 -0.337947 -0.22019 -0.354371 -0.20086 
4.27 0.140227 0.00984797 0.134676 0.0028902 0.129355 -0.00292227 0.124003 -0.00843587 0.117627 -0.0140361 0.111393 -0.0189823 0.105039 -0.023626 
4.32 0.167621 -0.196288 0.149619 -0.204115 0.133238 -0.210255 0.1171 -0.215516 0.0990474 -0.220249 0.0819489 -0.223751 0.0649886 -0.226195 
3.801 -0.180277 -0.29559 -0.20342 -0.282694 -0.223523 -0.270207 -0.242435 -0.257012 -0.26231 -0.241649 -0.280252 -0.226068 -0.296987 -0.209784 
4.508 0.255965 -0.117532 0.242455 -0.130862 0.229779 -0.142247 0.217068 -0.152721 0.202376 -0.163368 0.188133 -0.172461 0.173697 -0.180655 
3.83 -0.159732 -0.306547 -0.183406 -0.295053 -0.204119 -0.283704 -0.223651 -0.27183 -0.244295 -0.257597 -0.262974 -0.243175 -0.280555 -0.227971 
1.263 -0.0556362 0.311177 -0.0452577 0.317939 -0.0355831 0.32358 -0.0259361 0.32868 -0.0150433 0.333467 -0.00469627 0.337468 0.0057929 0.340918 
3.643 -0.276154 -0.112053 -0.288361 -0.093813 -0.298578 -0.0769741 -0.307606 -0.0600979 -0.316565 -0.0411294 -0.323975 -0.022879 -0.330238 -0.00453743 
3.787 -0.18781 -0.273675 -0.209854 -0.260423 -0.228976 -0.247567 -0.246895 -0.23432 -0.26575 -0.218674 -0.282673 -0.203052 -0.298408 -0.186548 
4.172 0.0703739 -0.0791809 0.0597776 -0.0818494 0.0501033 -0.0837216 0.0407425 -0.0850826 0.0301854 -0.0860913 0.020407 -0.0863838 0.0106722 -0.0861583 
3.609 -0.298754 -0.129174 -0.311961 -0.109505 -0.32296 -0.091297 -0.332706 -0.0730918 -0.342335 -0.0525641 -0.350306 -0.0328448 -0.357107 -0.0130264 
3.898 -0.126174 -0.114792 -0.13864 -0.105722 -0.149364 -0.0970251 -0.159293 -0.0880463 -0.169749 -0.0776941 -0.179056 -0.0674502 -0.187605 -0.0568335 
1.308 -0.0857691 0.286522 -0.0767605 0.295042 -0.0682832 0.302404 -0.0596313 0.30915 -0.05006 0.315832 -0.040624 0.321644 -0.0309773 0.326949 
3.775 -0.195343 -0.247651 -0.215518 -0.234028 -0.23283 -0.220969 -0.249098 -0.20729 -0.26613 -0.1914 -0.281224 -0.175788 -0.295222 -0.159533 
4.164 0.0854404 0.0673743 0.0838244 0.0635029 0.0820276 0.0601372 0.080322 0.056961 0.077954 0.0535654 0.0757214 0.0505178 0.0733513 0.0477075 
1.234 0.0758526 0.285838 0.0846157 0.284663 0.0923219 0.283264 0.0998578 0.281552 0.10775 0.279063 0.115031 0.276414 0.122177 0.273371 
3.553 -0.348747 -0.146295 -0.362962 -0.123587 -0.374683 -0.10279 -0.385012 -0.0817758 -0.395104 -0.058328 -0.4033 -0.0359947 -0.410236 -0.0134744 
4.23 0.108725 -0.0654842 0.098707 -0.0701884 0.089563 -0.073878 0.0804998 -0.0770229 0.0704294 -0.0799095 0.0608146 -0.0821093 0.0512898 -0.0836291 
1.825 -0.202876 0.198178 -0.197713 0.212517 -0.192602 0.22523 -0.186814 0.237343 -0.179876 0.250251 -0.172705 0.262037 -0.165018 0.273196 
2.18 -0.430927 -0.249021 -0.452104 -0.220491 -0.469759 -0.194042 -0.48567 -0.167352 -0.501462 -0.137385 -0.514819 -0.108458 -0.526539 -0.079222 
3.807 -0.171374 -0.322298 -0.196191 -0.309849 -0.217795 -0.297601 -0.238155 -0.284666 -0.259762 -0.269358 -0.279181 -0.253904 -0.297454 -0.237693 
3.775 -0.191919 -0.333941 -0.217284 -0.320295 -0.239371 -0.307117 -0.260208 -0.293017 -0.282142 -0.276567 -0.301902 -0.259961 -0.320363 -0.242437 
1.333 -0.117956 0.241323 -0.111574 0.251544 -0.105453 0.260519 -0.0988605 0.268847 -0.0913239 0.277585 -0.0838363 0.285414 -0.0760529 0.292735 
1.357 0.112149 0.261183 0.11899 0.258094 0.125266 0.254897 0.131091 0.251696 0.137314 0.247583 0.142903 0.243514 0.147962 0.239406 
4.473 0.242268 -0.015491 0.235173 -0.0285731 0.228165 -0.0397883 0.220924 -0.0503179 0.212191 -0.0614753 0.203594 -0.0713379 0.194547 -0.0804558 
4.461 0.239529 -0.0880838 0.227799 -0.100838 0.21673 -0.111437 0.205582 -0.121159 0.19268 -0.131389 0.180097 -0.140138 0.1673 -0.148056 
0.844 -0.236433 0.310492 -0.227276 0.329144 -0.218417 0.345476 -0.208801 0.361019 -0.197546 0.37723 -0.186144 0.391946 -0.174138 0.405882 
3.721 -0.236433 -0.359964 -0.263275 -0.343582 -0.286572 -0.32781 -0.308456 -0.31113 -0.331329 -0.29173 -0.351815 -0.272419 -0.370926 -0.252249 
4.188 0.0840707 -0.00179427 0.0779284 -0.00532371 0.072297 -0.00812451 0.0668109 -0.0105901 0.0604889 -0.0129534 0.0545207 -0.014835 0.0486077 -0.0162175 
3.939 -0.0796055 -0.00521846 -0.0854151 0.00112159 -0.0903675 0.00710276 -0.0950775 0.0130533 -0.0998071 0.0198504 -0.103848 0.0264713 -0.107499 0.0332875 
4.574 0.283358 -0.0798658 0.272085 -0.094946 0.261364 -0.107836 0.250456 -0.12011 0.237589 -0.132371 0.224982 -0.143509 0.212084 -0.153562 
4.277 0.145021 -0.00316395 0.139023 -0.0102732 0.132993 -0.0164146 0.12749 -0.0219439 0.120771 -0.0276787 0.114236 -0.0327841 0.107555 -0.0373604 
3.809 -0.174113 -0.262717 -0.195605 -0.250291 -0.214217 -0.238333 -0.231737 -0.225781 -0.250167 -0.211018 -0.26667 -0.196336 -0.282168 -0.180772 
2.199 -0.261088 0.1701 -0.257662 0.187956 -0.25396 0.20374 -0.249578 0.219155 -0.243885 0.235554 -0.237703 0.250737 -0.230831 0.265386 
4.234 0.10941 -0.0894535 0.0980079 -0.0940995 0.0876726 -0.0976597 0.0773731 -0.100706 0.066035 -0.103308 0.0552192 -0.105182 0.0445323 -0.106357 
3.637 -0.296014 -0.297644 -0.3192 -0.278018 -0.339048 -0.259343 -0.357464 -0.240308 -0.376451 -0.218342 -0.393176 -0.196892 -0.408461 -0.174776 
4.277 0.1505 -0.087399 0.139431 -0.094949 0.129183 -0.100938 0.119032 -0.106362 0.107526 -0.111499 0.0964913 -0.115827 0.085474 -0.119363 
1.314 -0.0912478 0.271456 -0.0831009 0.280257 -0.0754708 0.287892 -0.0675894 0.294897 -0.0586193 0.302024 -0.0497479 0.308297 -0.0409978 0.313975 
3.961 -0.0857691 -0.0545268 -0.0946133 -0.047484 -0.102234 -0.0408183 -0.109265 -0.0339454 -0.116594 -0.0260509 -0.122985 -0.0182668 -0.128953 -0.0102365 
1.354 -0.117272 0.189275 -0.113895 0.199526 -0.110467 0.208743 -0.106598 0.217513 -0.102 0.226751 -0.0971025 0.235192 -0.0919047 0.243303 
4.023 -0.0234488 -0.0168607 -0.0301699 -0.01391 -0.0360813 -0.0110144 -0.0415603 -0.00790402 -0.0475393 -0.00416466 -0.0528765 -0.000358807 -0.0579182 0.00379273 
3.938 -0.0994658 -0.134653 -0.11311 -0.126965 -0.125039 -0.119495 -0.136179 -0.111682 -0.148121 -0.102479 -0.158771 -0.0932388 -0.169003 -0.083515 
4.289 0.147761 -0.143556 0.132992 -0.150495 0.119512 -0.155847 0.106284 -0.160709 0.0914206 -0.164933 0.0772373 -0.168271 0.0632031 -0.170631 
4.188 0.0758526 -0.166155 0.0598407 -0.168591 0.0454539 -0.169979 0.0314238 -0.170822 0.0159255 -0.170748 0.00156943 -0.169903 -0.0125084 -0.168227 
4.363 0.19159 -0.108629 0.178663 -0.118105 0.166753 -0.125978 0.15493 -0.133099 0.141383 -0.140125 0.128333 -0.14605 0.115318 -0.15107 
4.102 0.0265443 -0.0524723 0.0175126 -0.0524089 0.00949514 -0.0519196 0.00176112 -0.0510149 -0.00676616 -0.0496422 -0.014708 -0.047954 -0.0222803 -0.0456735 
3.664 -0.274099 -0.362019 -0.301069 -0.343427 -0.324266 -0.325812 -0.345936 -0.307403 -0.368651 -0.285933 -0.388738 -0.264834 -0.407533 -0.2428 
1.215 0.0464046 0.263238 0.0535118 0.26405 0.0599289 0.264629 0.0664486 0.264747 0.0732367 0.264491 0.0797307 0.263871 0.085977 0.26308 
3.139 0.451829 0.130379 0.451912 0.104818 0.450934 0.0821454 0.449062 0.0601043 0.44536 0.0363746 0.440638 0.0143081 0.43486 -0.00688149 
3.547 -0.273415 -0.0969867 -0.28491 -0.0789788 -0.294408 -0.0625011 -0.302882 -0.0458336 -0.311182 -0.0271074 -0.317998 -0.00915498 -0.323761 0.00895643 
3.773 -0.196028 -0.347637 -0.222166 -0.333818 -0.24493 -0.320318 -0.266332 -0.305976 -0.288871 -0.289148 -0.309211 -0.272324 -0.328228 -0.25474 
4.391 0.205972 -0.0120668 0.198849 -0.0229052 0.19197 -0.0322107 0.184979 -0.0410415 0.176541 -0.0501313 0.168293 -0.0582719 0.159778 -0.0656696 
1.841 -0.215888 0.193384 -0.210944 0.208887 -0.206016 0.22259 -0.200409 0.235739 -0.193718 0.249767 -0.186698 0.26259 -0.178983 0.274807 
4.273 0.142967 -0.0606903 0.133151 -0.0676554 0.124062 -0.073301 0.115115 -0.0784011 0.104863 -0.0834818 0.0950704 -0.0876357 0.0851865 -0.0911619 
1.335 -0.109738 0.218039 -0.104526 0.227864 -0.0995489 0.236386 -0.0941152 0.244555 -0.0878976 0.25297 -0.0815002 0.260681 -0.0745867 0.267977 
2.203 0.647692 0.107095 0.644935 0.0706176 0.640769 0.0384669 0.635333 0.00726687 0.627381 -0.0263873 0.618124 -0.0572516 0.607706 -0.0871064 
1.409 0.134064 0.248171 0.140534 0.243381 0.146024 0.239005 0.151323 0.234461 0.15655 0.229249 0.161192 0.223927 0.165632 0.218638 
4.344 0.179948 -0.032612 0.171706 -0.0419709 0.16383 -0.0497526 0.155912 -0.0569949 0.146715 -0.0645032 0.137728 -0.0711063 0.128574 -0.076944 
3.732 -0.223421 -0.318874 -0.247834 -0.303615 -0.268985 -0.288877 -0.288803 -0.273539 -0.309607 -0.255572 -0.328257 -0.237711 -0.345609 -0.219192 
3.598 -0.311766 -0.160677 -0.326974 -0.140047 -0.339671 -0.121153 -0.351072 -0.102003 -0.36241 -0.0805233 -0.371963 -0.0597893 -0.380224 -0.0388844 
3.992 -0.0515272 -0.0312423 -0.0590428 -0.0265779 -0.065579 -0.0220548 -0.0716753 -0.0173936 -0.0781052 -0.0119572 -0.0837509 -0.00642358 -0.0890042 -0.000695583 
4.109 0.0299685 0.00368443 0.0239987 0.00366236 0.0186512 0.00396068 0.0135566 0.00447941 0.00787705 0.00538273 0.00267359 0.00652581 -0.00243769 0.00801198 
3.729 -0.23027 -0.346268 -0.256416 -0.330415 -0.279115 -0.315033 -0.300454 -0.299077 -0.322778 -0.280296 -0.342836 -0.261621 -0.361445 -0.242108 
3.633 -0.283687 -0.175058 -0.299477 -0.15635 -0.312799 -0.138776 -0.324811 -0.121118 -0.336956 -0.101118 -0.347346 -0.0817252 -0.356547 -0.0620995 
4.422 0.214875 -0.0428845 0.205932 -0.0538158 0.197476 -0.0632258 0.188943 -0.0720612 0.178887 -0.0812046 0.169028 -0.0892904 0.159017 -0.096906 
4.395 0.209396 -0.123695 0.195445 -0.134346 0.1825 -0.143178 0.169647 -0.151203 0.155044 -0.159065 0.140951 -0.16571 0.126822 -0.171344 
3.842 -0.147404 -0.323668 -0.172231 -0.312789 -0.193902 -0.301851 -0.214494 -0.290215 -0.236326 -0.276204 -0.256062 -0.261991 -0.274614 -0.246952 
3.578 -0.339159 -0.176428 -0.355337 -0.154168 -0.368865 -0.133635 -0.380909 -0.113169 -0.392914 -0.0900934 -0.403016 -0.0676495 -0.411793 -0.0450506 
1.291 -0.0754965 0.29748 -0.0660826 0.305341 -0.0572851 0.312094 -0.0482 0.318257 -0.0382422 0.324278 -0.0285881 0.329463 -0.0187859 0.334151 
4.137 0.0676346 0.0639501 0.065548 0.0612199 0.0636048 0.0588907 0.0617742 0.0566335 0.0593223 0.05429 0.0569853 0.0522943 0.0548072 0.0504593 
4.012 -0.048103 -0.141501 -0.0617858 -0.137167 -0.0738888 -0.132633 -0.0853285 -0.127607 -0.0976661 -0.121458 -0.108879 -0.115083 -0.119556 -0.108085 
2.18 -0.440515 -0.199712 -0.458715 -0.17103 -0.473884 -0.144597 -0.487291 -0.11799 -0.500372 -0.0882031 -0.511141 -0.0595525 -0.520143 -0.030675 
4.352 0.184057 -0.0483632 0.175255 -0.0579164 0.166911 -0.0660398 0.158637 -0.0735342 0.148859 -0.081176 0.13934 -0.0878097 0.129792 -0.0937862 
1.575 0.189536 0.200918 0.193346 0.192154 0.196358 0.184265 0.199004 0.176486 0.201284 0.16794 0.202969 0.159482 0.204261 0.151398 
4.066 0.00599918 -0.0106972 -0.000307899 -0.00951684 -0.00596784 -0.00813826 -0.0112677 -0.00660879 -0.0171571 -0.0046013 -0.0225034 -0.00245658 -0.027635 6.74187e-05 
1.273 -0.0282427 0.218039 -0.0233996 0.223113 -0.0190745 0.227583 -0.0144044 0.231628 -0.0093756 0.235712 -0.0044925 0.239387 0.000594461 0.242743 
1.288 -0.0707026 0.27625 -0.0624148 0.283922 -0.0549001 0.290426 -0.0468428 0.296472 -0.0380276 0.302504 -0.0294001 0.307723 -0.0207742 0.31239 
1.078 0.00189015 0.367333 0.0150225 0.370845 0.026847 0.373455 0.0386008 0.375468 0.0513906 0.3768 0.0634547 0.377484 0.0753958 0.377609 
1.397 0.138858 0.209821 0.142966 0.204923 0.1465 0.200296 0.149667 0.195705 0.152728 0.190378 0.155372 0.185292 0.157736 0.180333 
3.328 0.464156 -0.0600055 0.452804 -0.0856003 0.441789 -0.108029 0.429951 -0.129078 0.415656 -0.151438 0.401182 -0.171658 0.38589 -0.190512 
3.809 -0.16658 -0.119586 -0.179148 -0.107805 -0.1899 -0.0968459 -0.19978 -0.0854287 -0.209999 -0.072544 -0.218924 -0.0599373 -0.226962 -0.0470073 
4.074 0.00668402 -0.0600055 -0.00271624 -0.0587391 -0.0111234 -0.0571421 -0.0191431 -0.0552949 -0.0279178 -0.0527029 -0.0359919 -0.0497808 -0.0437058 -0.0464383 
3.939 -0.10289 -0.0606903 -0.112114 -0.0528932 -0.120163 -0.0455068 -0.127371 -0.0378958 -0.134976 -0.0292386 -0.14159 -0.0206704 -0.147688 -0.01185 
3.123 0.5299 -0.0565813 0.518454 -0.086172 0.50685 -0.111827 0.494579 -0.136256 0.479485 -0.162085 0.464127 -0.185483 0.447914 -0.207571 
3.588 -0.33368 -0.190125 -0.350691 -0.167947 -0.364971 -0.147486 -0.377833 -0.126756 -0.39066 -0.103437 -0.401488 -0.0808354 -0.410901 -0.0579568 
3.789 -0.176168 -0.0963019 -0.187328 -0.0840807 -0.19691 -0.072535 -0.205523 -0.0608296 -0.214387 -0.0474552 -0.221907 -0.0345374 -0.228642 -0.0214129 
4.289 0.155979 -0.0730174 0.145462 -0.0805722 0.13577 -0.0868782 0.126095 -0.0924512 0.115075 -0.0979348 0.104488 -0.102793 0.0939236 -0.106695 
3.922 -0.113163 -0.102465 -0.124853 -0.094011 -0.134935 -0.085934 -0.144284 -0.0775572 -0.154035 -0.0679068 -0.162772 -0.0583372 -0.170452 -0.0483793 
1.299 -0.0754965 0.23242 -0.0696746 0.240312 -0.0640529 0.247249 -0.0582106 0.253738 -0.0516831 0.260277 -0.0450281 0.266194 -0.0382633 0.271689 
4.32 0.1731 0.022175 0.168078 0.0132074 0.163172 0.00550507 0.158146 -0.00170921 0.152045 -0.00938183 0.145892 -0.0162005 0.139628 -0.0224608 
1.333 -0.115217 0.27625 -0.106667 0.286527 -0.0986163 0.295501 -0.0904978 0.303614 -0.0809993 0.311987 -0.0716447 0.319428 -0.0622724 0.326253 
1.591 -0.254239 0.211875 -0.248479 0.229601 -0.242592 0.245093 -0.235978 0.259974 -0.228008 0.275721 -0.219717 0.29017 -0.210788 0.303954 
3.238 0.42238 0.121477 0.422241 0.0978626 0.421054 0.0768533 0.419123 0.0562116 0.415392 0.0341649 0.410717 0.0136164 0.405204 -0.00614386 
4.148 0.0580468 -0.011382 0.0515012 -0.0135486 0.0454932 -0.0150573 0.0397177 -0.0163053 0.0331155 -0.0172503 0.0269172 -0.0178558 0.0208695 -0.0180278 
3.211 0.503191 -0.0723326 0.49097 -0.100323 0.47866 -0.124471 0.465703 -0.147552 0.450049 -0.171753 0.434208 -0.193606 0.417452 -0.214211 
4.293 0.154609 -0.16547 0.138604 -0.173051 0.123864 -0.178628 0.109485 -0.183711 0.093336 -0.188159 0.0780172 -0.191623 0.0627763 -0.194148 
1.331 -0.109738 0.257074 -0.102444 0.266987 -0.0956728 0.275591 -0.0882154 0.283707 -0.0801055 0.291927 -0.0718104 0.299325 -0.0635385 0.306225 
4.031 -0.0296124 -0.0908232 -0.0405832 -0.0873684 -0.0502487 -0.0837277 -0.0593778 -0.0797385 -0.0692003 -0.0748645 -0.0781823 -0.0698085 -0.0866695 -0.0642827 
1.904 -0.161101 0.1701 -0.157107 0.181988 -0.15308 0.19245 -0.148376 0.202372 -0.14282 0.212942 -0.137277 0.222656 -0.131051 0.231951 
3.695 -0.252185 -0.239433 -0.271985 -0.222392 -0.288971 -0.206092 -0.304718 -0.189319 -0.320884 -0.17024 -0.335104 -0.151386 -0.348017 -0.132078 
4.266 0.318285 0.0906588 0.31709 0.0729877 0.315297 0.0574553 0.312806 0.0423041 0.309053 0.0259937 0.30466 0.010827 0.299503 -0.00366032 
3.355 0.437447 -0.00932749 0.42945 -0.0335855 0.421053 -0.0547385 0.412015 -0.0749182 0.400892 -0.0964742 0.389513 -0.115959 0.3775 -0.134325 
4.582 0.287467 -0.103835 0.274862 -0.119272 0.262943 -0.132379 0.250782 -0.144658 0.236611 -0.157264 0.222817 -0.168302 0.208677 -0.178243 
1.288 -0.043994 0.208451 -0.0398319 0.214349 -0.0358412 0.219631 -0.0312327 0.224558 -0.0263861 0.229614 -0.0214779 0.234159 -0.0163584 0.238367 
4.082 0.0121627 -0.0463087 0.00349077 -0.0455544 -0.00424333 -0.0444292 -0.0118068 -0.0429918 -0.0197853 -0.0408578 -0.0271791 -0.0384645 -0.0343315 -0.0356956 
4.012 -0.0385153 -0.0572661 -0.0475613 -0.0532183 -0.0555201 -0.0491412 -0.0629812 -0.0447689 -0.0710175 -0.0395772 -0.0782603 -0.0342663 -0.0850426 -0.028614 
3.428 -0.122065 0.00436926 -0.127437 0.0136662 -0.131932 0.0221772 -0.13578 0.0307379 -0.139641 0.040185 -0.142693 0.0492272 -0.145246 0.058424 
2.512 0.216929 0.1701 0.219332 0.159582 0.22088 0.150537 0.222111 0.141667 0.222711 0.131777 0.222881 0.122535 0.222631 0.113552 
4.336 0.182687 0.035187 0.178394 0.0260445 0.174185 0.018085 0.169812 0.0104819 0.164444 0.00247079 0.159073 -0.00477042 0.153503 -0.011405 
3.793 -0.179592 -0.199712 -0.197117 -0.186789 -0.212195 -0.174511 -0.226253 -0.161786 -0.240851 -0.147124 -0.253824 -0.132527 -0.265728 -0.117401 
1.271 -0.0535817 0.290631 -0.0442781 0.297533 -0.0359864 0.303357 -0.0273024 0.308622 -0.0178098 0.313747 -0.00878118 0.318059 0.000348724 0.321886 
3.846 -0.148774 -0.29422 -0.171748 -0.283163 -0.191851 -0.27221 -0.21079 -0.26058 -0.230831 -0.246841 -0.248888 -0.232983 -0.265966 -0.21834 
3.1 0.497713 0.0632653 0.493617 0.0353007 0.488582 0.0107981 0.482754 -0.0130109 0.474747 -0.038282 0.466006 -0.0616811 0.45622 -0.0840879 
3.621 -0.309026 -0.261348 -0.330045 -0.240916 -0.347946 -0.221933 -0.364434 -0.202478 -0.381388 -0.180176 -0.396101 -0.158482 -0.409443 -0.13622 
4.496 0.25391 -0.0613752 0.243945 -0.0747985 0.234464 -0.0864685 0.224814 -0.0971584 0.213424 -0.10829 0.202321 -0.118132 0.190804 -0.127069 
1.481 -0.189864 0.146131 -0.187297 0.159609 -0.184431 0.171662 -0.180908 0.183302 -0.176539 0.195563 -0.171679 0.206789 -0.166284 0.217817 
2.184 -0.41997 -0.257239 -0.441598 -0.229554 -0.459757 -0.204001 -0.47625 -0.177929 -0.492749 -0.148596 -0.506607 -0.120253 -0.518743 -0.091612 
3.689 -0.234379 -0.136707 -0.247975 -0.121118 -0.259555 -0.106704 -0.270053 -0.0919957 -0.280689 -0.075301 -0.289844 -0.059223 -0.298006 -0.0426873 
3.654 -0.261088 -0.133283 -0.274552 -0.115817 -0.285889 -0.0997384 -0.296075 -0.0834988 -0.306341 -0.0650819 -0.314956 -0.0473644 -0.322552 -0.0293194 
1.149 -0.241912 0.248856 -0.23434 0.266089 -0.226996 0.281169 -0.21898 0.295668 -0.20944 0.310689 -0.199707 0.324501 -0.189359 0.337589 
4.156 0.0655801 -0.0237091 0.0590618 -0.0266658 0.05309 -0.0289494 0.047273 -0.0309057 0.0405434 -0.0326302 0.0341985 -0.0338797 0.0278835 -0.0346632 
3.379 0.405944 0.0488837 0.401562 0.0263413 0.396644 0.00660698 0.391106 -0.0124619 0.383571 -0.0328394 0.375662 -0.0515085 0.366904 -0.0693901 
2.188 -0.427503 -0.232585 -0.447667 -0.204596 -0.464556 -0.178796 -0.479815 -0.15261 -0.494883 -0.123389 -0.507467 -0.0949827 -0.518328 -0.0663302 
3.912 -0.113163 -0.269566 -0.134799 -0.260617 -0.153789 -0.251652 -0.171785 -0.242059 -0.190846 -0.23053 -0.208159 -0.218723 -0.224442 -0.206079 
1.249 0.0833858 0.267347 0.0908813 0.265761 0.097275 0.264198 0.103657 0.262378 0.110042 0.259968 0.116109 0.25734 0.121993 0.254454 
1.235 -0.595288 0.298849 -0.585598 0.33846 -0.575358 0.373527 -0.563507 0.407351 -0.548406 0.442979 -0.532433 0.476014 -0.514742 0.507267 
4.43 0.223093 -0.0839748 0.212017 -0.0956863 0.201598 -0.105523 0.191104 -0.114608 0.178991 -0.123871 0.167211 -0.13188 0.155208 -0.138923 
1.334 -0.106314 0.202287 -0.102307 0.212099 -0.0983202 0.220749 -0.0939153 0.228904 -0.0887356 0.237499 -0.0832997 0.24528 -0.0775715 0.252628 
4.168 0.0703739 -0.0428845 0.0620242 -0.0454645 0.054438 -0.0473713 0.0472092 -0.0488559 0.0391 -0.0500631 0.0314357 -0.0507767 0.0239116 -0.0509626 
3.92 0.117628 0.0961375 0.117077 0.0907046 0.116378 0.0859729 0.115621 0.0813418 0.114235 0.076381 0.11292 0.0717679 0.111317 0.0674187 
1.217 0.0744829 0.243378 0.0806492 0.241968 0.0859256 0.24085 0.0911981 0.239469 0.0965425 0.237528 0.101519 0.235687 0.106282 0.233864 
0.787 -0.234379 0.332407 -0.224634 0.351827 -0.215363 0.368649 -0.205206 0.384679 -0.193355 0.401384 -0.181244 0.416628 -0.168524 0.430991 
4.488 0.249117 -0.0421997 0.240078 -0.0550336 0.231464 -0.0662273 0.222686 -0.076677 0.212307 -0.087523 0.202086 -0.0974371 0.19155 -0.106423 
3.887 0.161457 0.10778 0.161356 0.0997184 0.160965 0.0925706 0.16013 0.0857944 0.158843 0.0781768 0.157329 0.0710942 0.155322 0.064435 
4.18 0.078592 0.0550473 0.0759712 0.0516472 0.073377 0.0488599 0.0708115 0.046239 0.0677981 0.0435684 0.0647439 0.0412105 0.0617729 0.0390898 
1.789 -0.221367 0.207081 -0.215842 0.222994 -0.210354 0.236902 -0.204225 0.250296 -0.1969 0.264428 -0.189245 0.277241 -0.181011 0.289682 
0.93 -0.135077 0.328982 -0.124508 0.341594 -0.114603 0.352397 -0.104282 0.362454 -0.0925693 0.372657 -0.0810973 0.381721 -0.0693732 0.389876 
