4.641 0.00531434 -0.0428845 0.00542105 -0.0421552 0.00518209 -0.0412572 0.00525833 -0.0409782 0.00541487 -0.0405796 0.0134493 -0.0356706 0.0136094 -0.0352733 
3.588 -0.382304 -0.374346 -0.371615 -0.36433 -0.36215 -0.35477 -0.352622 -0.346348 -0.343459 -0.338339 -0.373273 -0.365891 -0.362858 -0.356333 
3.693 -0.343953 -0.401739 -0.334533 -0.391266 -0.326243 -0.381223 -0.317822 -0.372312 -0.30963 -0.36382 -0.335049 -0.393252 -0.325872 -0.383255 
3.682 -0.349432 -0.370237 -0.339885 -0.360539 -0.33151 -0.351299 -0.322976 -0.343143 -0.314742 -0.33536 -0.340522 -0.361868 -0.331236 -0.352651 
4.668 0.0101082 -0.0572661 0.0100967 -0.0563114 0.00980909 -0.0550004 0.00979479 -0.054496 0.00985967 -0.0537347 0.0183034 -0.0501329 0.0184055 -0.0492839 
3.438 -0.437776 -0.235324 -0.425017 -0.228882 -0.413684 -0.222577 -0.402395 -0.217307 -0.391601 -0.212309 -0.428709 -0.227283 -0.416233 -0.22111 
3.584 -0.383673 -0.414751 -0.373027 -0.403745 -0.363565 -0.393165 -0.354076 -0.383806 -0.3449 -0.374847 -0.374579 -0.406178 -0.364187 -0.395626 
3.891 -0.274099 -0.345583 -0.26681 -0.337044 -0.260504 -0.328787 -0.253981 -0.321577 -0.24767 -0.314628 -0.265447 -0.337524 -0.258422 -0.329409 
3.588 -0.381619 -0.392837 -0.370949 -0.382359 -0.361491 -0.372274 -0.351977 -0.363365 -0.342798 -0.354884 -0.372584 -0.384359 -0.362162 -0.374302 
3.639 -0.363128 -0.369552 -0.35306 -0.359781 -0.344196 -0.35041 -0.335218 -0.342162 -0.326586 -0.334317 -0.354122 -0.361159 -0.34436 -0.351849 
4.594 -0.0556362 -0.036721 -0.0541405 -0.0362547 -0.0531004 -0.0353979 -0.0517578 -0.0353002 -0.0504244 -0.0350273 -0.0475923 -0.0295854 -0.0460706 -0.0292171 
3.623 -0.359704 -0.0757567 -0.349349 -0.0738823 -0.340271 -0.0718013 -0.331132 -0.0705652 -0.322454 -0.0693344 -0.351345 -0.0681321 -0.341278 -0.0664657 
3.623 -0.367237 -0.413382 -0.357165 -0.402547 -0.348251 -0.392123 -0.339237 -0.382877 -0.330518 -0.374082 -0.358234 -0.404824 -0.348393 -0.394435 
3.766 -0.31519 -0.38051 -0.306767 -0.370856 -0.299331 -0.361582 -0.291773 -0.353433 -0.284449 -0.34561 -0.306424 -0.372204 -0.298188 -0.362993 
3.826 -0.29396 -0.372291 -0.286229 -0.363034 -0.279489 -0.354108 -0.272564 -0.346276 -0.265812 -0.338748 -0.285253 -0.364062 -0.277741 -0.355248 
4.738 -0.0179701 -0.044939 -0.0174877 -0.0442699 -0.0172537 -0.0433314 -0.0168309 -0.0430672 -0.016329 -0.0425986 -0.00990549 -0.03779 -0.00930563 -0.0372776 
3.619 -0.365183 -0.155198 -0.354728 -0.1512 -0.345595 -0.147169 -0.336353 -0.143995 -0.327601 -0.140981 -0.356618 -0.147466 -0.346474 -0.143735 
3.693 -0.344638 -0.383934 -0.335212 -0.37394 -0.326897 -0.36433 -0.318483 -0.35585 -0.310308 -0.347781 -0.335763 -0.375579 -0.326588 -0.365986 
4.141 -0.180277 -0.0538419 -0.175659 -0.0528402 -0.171727 -0.0514761 -0.167537 -0.0508828 -0.163505 -0.0501629 -0.172245 -0.0465808 -0.167734 -0.0456699 
3.625 -0.365868 -0.392152 -0.355792 -0.381838 -0.346939 -0.371965 -0.337926 -0.363208 -0.329224 -0.3549 -0.35683 -0.383614 -0.347054 -0.373775 
4.152 -0.182331 -0.190809 -0.177686 -0.186484 -0.173814 -0.182167 -0.169684 -0.178678 -0.165653 -0.17523 -0.174061 -0.183314 -0.169597 -0.17931 
3.607 -0.361074 -0.101096 -0.350688 -0.0986053 -0.341634 -0.0958654 -0.332449 -0.0939894 -0.323748 -0.0922717 -0.352653 -0.0935677 -0.34256 -0.0911916 
3.885 -0.275469 -0.401739 -0.268215 -0.391761 -0.261898 -0.382194 -0.255355 -0.373705 -0.248986 -0.36557 -0.266809 -0.393431 -0.259703 -0.383937 
4.523 0.0669497 0.00231475 0.0657106 0.00194274 0.0642284 0.00198625 0.0631483 0.00130584 0.0621595 0.000966059 0.075456 0.00945572 0.0742812 0.00900906 
4.027 -0.219997 -0.0586358 -0.214225 -0.0574948 -0.209362 -0.056012 -0.204257 -0.0553324 -0.199371 -0.0545362 -0.211853 -0.0513098 -0.206293 -0.0502587 
3.773 -0.31245 -0.416121 -0.304178 -0.405579 -0.296872 -0.395445 -0.289449 -0.386485 -0.282201 -0.377929 -0.303569 -0.407578 -0.295508 -0.397518 
3.844 -0.293275 -0.353116 -0.285548 -0.344293 -0.278824 -0.335805 -0.271919 -0.328346 -0.265203 -0.321208 -0.284623 -0.344965 -0.277117 -0.336572 
3.799 -0.308341 -0.355171 -0.300092 -0.346165 -0.292893 -0.337525 -0.285477 -0.329909 -0.278357 -0.322641 -0.299598 -0.346948 -0.291576 -0.338401 
3.725 -0.330941 -0.373661 -0.321996 -0.363951 -0.314177 -0.35464 -0.306174 -0.346448 -0.298432 -0.338605 -0.322074 -0.365318 -0.31338 -0.356067 
3.752 -0.322723 -0.392837 -0.313929 -0.382688 -0.306179 -0.372885 -0.29831 -0.364267 -0.290648 -0.356021 -0.313915 -0.384489 -0.305348 -0.374775 
3.676 -0.346007 -0.423654 -0.336618 -0.412617 -0.328319 -0.402057 -0.31988 -0.392662 -0.311696 -0.383681 -0.337108 -0.415088 -0.327919 -0.404536 
3.84 -0.290536 -0.385988 -0.28283 -0.376303 -0.276162 -0.367011 -0.269269 -0.358804 -0.262554 -0.350943 -0.281857 -0.377746 -0.274417 -0.368517 
3.836 -0.29259 -0.407218 -0.284853 -0.397012 -0.278107 -0.387192 -0.271175 -0.378536 -0.264407 -0.370186 -0.283847 -0.398846 -0.27633 -0.389119 
3.889 -0.275469 -0.383249 -0.268215 -0.373776 -0.261936 -0.364613 -0.255386 -0.356555 -0.249027 -0.348836 -0.266815 -0.375005 -0.259759 -0.365944 
3.438 -0.435036 -0.205876 -0.422193 -0.200282 -0.410816 -0.194688 -0.399458 -0.190153 -0.388667 -0.185826 -0.426202 -0.198045 -0.413723 -0.192704 
3.795 -0.309026 -0.392837 -0.300745 -0.382873 -0.293533 -0.373275 -0.286129 -0.364808 -0.278911 -0.356684 -0.300244 -0.384497 -0.292194 -0.374989 
4.707 -0.052212 -0.100411 -0.0508773 -0.0984538 -0.0500473 -0.0962335 -0.0488784 -0.0947587 -0.0476693 -0.0932071 -0.0441353 -0.0933401 -0.042815 -0.0915422 
3.402 -0.456266 -0.238748 -0.442809 -0.232181 -0.430881 -0.225752 -0.418958 -0.220422 -0.407571 -0.21531 -0.447282 -0.230774 -0.434137 -0.22446 
3.74 -0.326147 -0.35928 -0.317355 -0.350075 -0.309636 -0.341194 -0.301762 -0.333413 -0.294122 -0.325963 -0.317369 -0.351049 -0.308783 -0.342254 
3.648 -0.359704 -0.219573 -0.349879 -0.213899 -0.341082 -0.208308 -0.33211 -0.203633 -0.323728 -0.199234 -0.351237 -0.211806 -0.341494 -0.206413 
3.693 -0.330941 -0.130544 -0.321858 -0.127344 -0.313941 -0.123962 -0.305829 -0.121501 -0.298138 -0.119091 -0.322568 -0.123006 -0.313744 -0.119991 
3.584 -0.379564 -0.199712 -0.368806 -0.194521 -0.359337 -0.18937 -0.349798 -0.185193 -0.340724 -0.181198 -0.370866 -0.191951 -0.360386 -0.187071 
3.891 -0.274099 -0.362704 -0.266813 -0.353682 -0.260572 -0.345071 -0.254032 -0.337415 -0.247707 -0.330097 -0.265423 -0.354567 -0.258427 -0.346019 
3.475 -0.417231 -0.197658 -0.405236 -0.19236 -0.394612 -0.187082 -0.384003 -0.18283 -0.373883 -0.178757 -0.408464 -0.18987 -0.396727 -0.184824 
4.254 0.0162717 0.0427202 0.0160905 0.0413574 0.0155592 0.0404878 0.0153512 0.0389527 0.0151931 0.0376924 0.024591 0.05008 0.0244388 0.048658 
4.141 -0.0261882 -0.0182304 -0.0253556 -0.0180916 -0.0248912 -0.0176033 -0.024096 -0.0178066 -0.0233028 -0.017823 -0.018096 -0.011042 -0.0172347 -0.010999 
4.043 -0.0433091 -0.0100123 -0.0420067 -0.0101863 -0.0411881 -0.00988672 -0.0401028 -0.0103918 -0.0389781 -0.010642 -0.0351558 -0.00289501 -0.0339096 -0.00309895 
3.77 -0.161101 0.0194357 -0.156747 0.0185355 -0.153043 0.0182693 -0.149119 0.0171722 -0.145306 0.0164279 -0.153139 0.0268298 -0.148861 0.0259198 
3.719 -0.332311 -0.409273 -0.323364 -0.398683 -0.315533 -0.388559 -0.30749 -0.379579 -0.299718 -0.370978 -0.323416 -0.400758 -0.314743 -0.390648 
3.953 -0.244651 -0.174373 -0.238229 -0.170337 -0.232777 -0.166198 -0.227029 -0.162917 -0.22152 -0.159715 -0.236313 -0.166898 -0.230138 -0.163062 
4.855 -0.00358855 -0.100411 -0.00332551 -0.0984506 -0.00331322 -0.0962324 -0.00308428 -0.0947607 -0.0027728 -0.0931763 0.00446038 -0.0934525 0.00482107 -0.0916235 
3.861 -0.278208 -0.179167 -0.270807 -0.174827 -0.26443 -0.170471 -0.257853 -0.16698 -0.251514 -0.163608 -0.269739 -0.171574 -0.262633 -0.167495 
4.828 -0.0213943 -0.100411 -0.0206668 -0.0984358 -0.02032 -0.0962264 -0.0197157 -0.0947438 -0.0189515 -0.0931477 -0.0133257 -0.0933948 -0.0125265 -0.0915845 
4.195 -0.0515272 -0.0216546 -0.0501227 -0.0214176 -0.0491107 -0.0208046 -0.0478614 -0.0209299 -0.046593 -0.0208337 -0.0434011 -0.0144936 -0.0419465 -0.0143741 
3.961 -0.0597452 0.0454595 -0.0581075 0.0438953 -0.0568907 0.0429464 -0.0553683 0.0412437 -0.0539061 0.0398549 -0.0517637 0.0527807 -0.0500615 0.0512891 
3.873 -0.277524 -0.213409 -0.270166 -0.208193 -0.263796 -0.202963 -0.257227 -0.198694 -0.25092 -0.194559 -0.269143 -0.205821 -0.261967 -0.20085 
3.756 -0.317929 -0.213409 -0.309273 -0.208059 -0.301745 -0.202775 -0.29401 -0.19843 -0.286628 -0.194223 -0.309479 -0.205712 -0.30107 -0.200679 
4.688 -0.0453636 -0.0757567 -0.0441684 -0.07432 -0.0433138 -0.0726015 -0.0422484 -0.0716293 -0.0411548 -0.0704939 -0.0372972 -0.0686894 -0.036013 -0.0674088 
4.668 -0.0350911 -0.044939 -0.034064 -0.0444143 -0.0334756 -0.0434095 -0.0325949 -0.043202 -0.031624 -0.0426851 -0.0269688 -0.0379904 -0.0258863 -0.0373535 
3.689 -0.340529 -0.216833 -0.331356 -0.211338 -0.323233 -0.205906 -0.314933 -0.201373 -0.307067 -0.197074 -0.332253 -0.209125 -0.323156 -0.203886 
4.156 -0.183701 -0.204506 -0.179025 -0.199904 -0.175124 -0.195271 -0.170981 -0.191521 -0.166933 -0.187786 -0.175395 -0.197022 -0.170931 -0.192679 
3.486 -0.4186 -0.229845 -0.406519 -0.223677 -0.395824 -0.217622 -0.38511 -0.212572 -0.374874 -0.207761 -0.409758 -0.221869 -0.397966 -0.216056 
3.527 -0.402164 -0.224367 -0.39066 -0.218323 -0.380509 -0.212466 -0.370269 -0.207573 -0.360529 -0.202891 -0.393295 -0.216368 -0.382091 -0.210706 
3.346 -0.476127 -0.233954 -0.46181 -0.227335 -0.449101 -0.220863 -0.436494 -0.215465 -0.42449 -0.210367 -0.466991 -0.225934 -0.45308 -0.219597 
3.701 -0.332995 -0.154513 -0.323792 -0.150685 -0.315861 -0.146793 -0.307714 -0.14384 -0.299979 -0.140946 -0.324578 -0.146904 -0.315653 -0.143305 
3.639 -0.355595 -0.192864 -0.345607 -0.187891 -0.33692 -0.182913 -0.328171 -0.178924 -0.31965 -0.175092 -0.347074 -0.185132 -0.337481 -0.180426 
4.355 -0.0419395 -0.032612 -0.0408382 -0.0322466 -0.0400911 -0.0315151 -0.0390299 -0.0315267 -0.038008 -0.0313225 -0.0338635 -0.0255202 -0.0326905 -0.0253139 
3.625 -0.369977 -0.231215 -0.35947 -0.225159 -0.35029 -0.219135 -0.341071 -0.21414 -0.332194 -0.20937 -0.361053 -0.223352 -0.350933 -0.217567 
3.924 -0.257663 -0.181907 -0.251014 -0.177625 -0.245068 -0.173302 -0.239183 -0.169847 -0.233257 -0.166444 -0.249358 -0.174399 -0.242842 -0.170368 
2.459 -0.140556 0.130379 -0.136453 0.126513 -0.133176 0.123418 -0.12955 0.119624 -0.12621 0.116173 -0.13267 0.13816 -0.128641 0.134297 
4.238 -0.00358855 -0.0196001 -0.00327961 -0.0194623 -0.00326607 -0.0190393 -0.00302171 -0.0192072 -0.00269526 -0.0192123 0.00457065 -0.0124893 0.00493907 -0.0124693 
3.234 -0.16795 0.122161 -0.162738 0.118223 -0.15836 0.115096 -0.153752 0.111308 -0.149498 0.107857 -0.160197 0.129895 -0.155062 0.125979 
3.705 -0.332311 -0.1867 -0.323131 -0.181969 -0.315211 -0.177189 -0.307154 -0.173414 -0.299346 -0.16975 -0.323925 -0.179062 -0.314991 -0.174567 
4.566 0.0299685 -0.00521846 0.0295331 -0.00545526 0.0288005 -0.00525989 0.028376 -0.00576344 0.0280505 -0.00607401 0.0382996 0.00193258 0.0379128 0.00158895 
3.883 -0.283002 -0.323668 -0.275567 -0.315709 -0.269107 -0.307863 -0.26246 -0.30112 -0.25597 -0.294607 -0.27443 -0.315786 -0.267216 -0.308076 
4.742 -0.0378304 -0.0969867 -0.0367539 -0.095024 -0.036079 -0.0928795 -0.0351552 -0.0914298 -0.03416 -0.0898858 -0.0296745 -0.0899001 -0.0286193 -0.0881544 
4.656 -0.0474182 -0.0524723 -0.0461644 -0.0516434 -0.0452771 -0.0504106 -0.0441673 -0.0499787 -0.0429573 -0.0493048 -0.0393367 -0.0453305 -0.0380752 -0.0446108 
4.293 0.0313382 0.0420353 0.0307261 0.040642 0.0299014 0.0397576 0.0293324 0.0382262 0.0288684 0.03693 0.0398405 0.0493276 0.0393006 0.0478888 
3.789 -0.302178 -0.184646 -0.294066 -0.180043 -0.286968 -0.175474 -0.279696 -0.171802 -0.272671 -0.168222 -0.293655 -0.176993 -0.285824 -0.172697 
3.865 -0.283002 -0.23053 -0.275519 -0.224875 -0.269032 -0.219495 -0.262341 -0.2148 -0.255867 -0.210409 -0.274572 -0.222794 -0.267266 -0.217503 
3.918 -0.259718 -0.203137 -0.252913 -0.19826 -0.246985 -0.193389 -0.240828 -0.189445 -0.234864 -0.185591 -0.251429 -0.195499 -0.244766 -0.190953 
4.48 -0.10152 -0.163416 -0.0990197 -0.16008 -0.097093 -0.156605 -0.0948398 -0.153942 -0.0925566 -0.151176 -0.0934121 -0.156211 -0.0909454 -0.153086 
4.156 -0.132338 -0.0106972 -0.128772 -0.0108046 -0.12576 -0.0104304 -0.122579 -0.0108693 -0.119559 -0.011091 -0.124388 -0.00344442 -0.120886 -0.00359862 
4.078 -0.206985 -0.197658 -0.201781 -0.193129 -0.197164 -0.188593 -0.192391 -0.184914 -0.187691 -0.181293 -0.198579 -0.190113 -0.193519 -0.18591 
3.471 -0.41997 -0.174373 -0.407695 -0.169749 -0.396935 -0.165096 -0.386024 -0.16141 -0.375687 -0.157903 -0.411198 -0.1666 -0.399202 -0.162235 
4.086 -0.202876 -0.150404 -0.197693 -0.147044 -0.19338 -0.143591 -0.188721 -0.140947 -0.184235 -0.138338 -0.194638 -0.143005 -0.189636 -0.13987 
4.668 -0.0638543 -0.225736 -0.0623447 -0.221232 -0.0613023 -0.21671 -0.0599444 -0.212992 -0.0584922 -0.209222 -0.0557491 -0.218485 -0.0542574 -0.214286 
4.035 -0.217258 -0.153828 -0.211651 -0.150354 -0.206796 -0.146778 -0.201731 -0.144066 -0.196834 -0.141377 -0.208976 -0.146395 -0.203413 -0.143168 
3.805 -0.299438 -0.219573 -0.291444 -0.214164 -0.284581 -0.208795 -0.277417 -0.204331 -0.270578 -0.200055 -0.291098 -0.211945 -0.283328 -0.206801 
4.469 -0.100836 -0.138077 -0.0983686 -0.135402 -0.0965044 -0.132489 -0.0942829 -0.13026 -0.0920758 -0.128034 -0.0927575 -0.130948 -0.0903186 -0.128354 
4.426 -0.10152 -0.0524723 -0.0989897 -0.0514872 -0.0970204 -0.0502673 -0.0947405 -0.0498558 -0.092413 -0.0493165 -0.0935129 -0.0452675 -0.0909926 -0.0445438 
4.699 -0.0590604 -0.273675 -0.0576311 -0.268247 -0.0565991 -0.262758 -0.0553279 -0.258124 -0.0539188 -0.253549 -0.050853 -0.266417 -0.0494423 -0.261241 
4 -0.232324 -0.203137 -0.226195 -0.198415 -0.221045 -0.193776 -0.215673 -0.189964 -0.210454 -0.186263 -0.223655 -0.195464 -0.217948 -0.19112 
3.512 -0.404219 -0.171634 -0.392566 -0.167157 -0.382468 -0.162595 -0.372232 -0.159028 -0.362319 -0.155582 -0.395599 -0.163913 -0.384335 -0.159659 
4.281 -0.14535 -0.175743 -0.141673 -0.17197 -0.138691 -0.168036 -0.135374 -0.164919 -0.132108 -0.161784 -0.137229 -0.168384 -0.133595 -0.164687 
3.836 -0.298069 -0.317504 -0.289999 -0.3095 -0.282926 -0.301629 -0.275719 -0.294892 -0.268757 -0.288373 -0.289428 -0.309574 -0.281585 -0.301852 
4.297 -0.14398 -0.152459 -0.140318 -0.149079 -0.137336 -0.145719 -0.134065 -0.143197 -0.130845 -0.140523 -0.135856 -0.145145 -0.132271 -0.142094 
4.668 -0.0645391 -0.205191 -0.0629456 -0.201222 -0.0618241 -0.197093 -0.0603652 -0.193604 -0.0588854 -0.19031 -0.0564515 -0.198108 -0.0548603 -0.194308 
3.721 -0.320668 -0.070278 -0.31171 -0.0687633 -0.303854 -0.0669117 -0.295864 -0.0659302 -0.288257 -0.0649328 -0.312409 -0.0628291 -0.303655 -0.061447 
3.787 -0.294645 -0.0949322 -0.286434 -0.092727 -0.279366 -0.0902007 -0.272085 -0.0885964 -0.265183 -0.0870024 -0.286353 -0.0875091 -0.278426 -0.0853573 
3.541 -0.394631 -0.198343 -0.383341 -0.193052 -0.373359 -0.187783 -0.363354 -0.183545 -0.353689 -0.179496 -0.386018 -0.190553 -0.374996 -0.185536 
4.297 0.00873853 -0.0264484 0.00878221 -0.0262633 0.00849271 -0.0256007 0.00849442 -0.0257049 0.00858805 -0.0256147 0.0169345 -0.0194132 0.017047 -0.0192525 
4.051 -0.214519 -0.12575 -0.20898 -0.123032 -0.204094 -0.120105 -0.199137 -0.118021 -0.194341 -0.115924 -0.206267 -0.118422 -0.200875 -0.115871 
3.465 -0.417231 -0.133968 -0.404962 -0.130485 -0.394176 -0.126863 -0.383349 -0.124206 -0.373179 -0.121672 -0.408555 -0.12628 -0.39667 -0.123018 
3.504 -0.402164 -0.131229 -0.390566 -0.127856 -0.380438 -0.124318 -0.370192 -0.121746 -0.3604 -0.119262 -0.393544 -0.123584 -0.38235 -0.120412 
3.674 -0.338474 -0.107944 -0.329284 -0.105517 -0.321282 -0.102801 -0.313089 -0.100962 -0.305365 -0.0992726 -0.329885 -0.100368 -0.320888 -0.0980027 
3.936 -0.148089 -0.00795781 -0.144219 -0.00807978 -0.140925 -0.00769812 -0.137384 -0.00815661 -0.133937 -0.00835449 -0.140074 -0.000653575 -0.136111 -0.000799747 
2.314 0.00531434 0.100247 0.00535693 0.0970596 0.00524675 0.0945099 0.0054922 0.0913389 0.00558386 0.0885998 0.0136948 0.107995 0.013779 0.104731 
3.957 -0.254924 -0.309286 -0.248261 -0.301721 -0.242537 -0.294357 -0.236566 -0.287973 -0.230722 -0.281821 -0.246387 -0.301412 -0.239923 -0.294213 
3.793 -0.296699 -0.12438 -0.288505 -0.121382 -0.281387 -0.118301 -0.274058 -0.115962 -0.267091 -0.113671 -0.288379 -0.116913 -0.280424 -0.114151 
4.598 -0.0830297 -0.25176 -0.0809785 -0.246501 -0.0794192 -0.241246 -0.0776014 -0.236998 -0.075689 -0.232524 -0.0749209 -0.244382 -0.0728588 -0.23954 
4.059 -0.202876 -0.0606903 -0.197457 -0.0595157 -0.192813 -0.057967 -0.187787 -0.0572212 -0.18312 -0.0564206 -0.195059 -0.0534088 -0.189727 -0.0522986 
4.359 0.0601014 0.0201205 0.0589858 0.0192991 0.0576284 0.0190456 0.0565446 0.0179889 0.0555998 0.0172041 0.0685988 0.0273685 0.0675709 0.0264638 
4.648 -0.0686481 -0.256554 -0.0670003 -0.251437 -0.0657751 -0.246164 -0.0642642 -0.24184 -0.0626767 -0.23744 -0.0605178 -0.249252 -0.0588807 -0.244368 
4.406 -0.119326 -0.25176 -0.116391 -0.246372 -0.114137 -0.241001 -0.111549 -0.236428 -0.108919 -0.232046 -0.111212 -0.2444 -0.108361 -0.239266 
4.191 -0.178222 -0.286002 -0.173666 -0.279357 -0.16987 -0.272873 -0.165818 -0.267338 -0.161814 -0.261902 -0.169934 -0.278363 -0.165557 -0.272108 
4.574 -0.0652239 -0.057951 -0.0634501 -0.0569213 -0.0623347 -0.0556409 -0.0607884 -0.0551319 -0.0593181 -0.0544038 -0.0571282 -0.0508181 -0.055484 -0.0499715 
4.559 -0.0864539 -0.16684 -0.0842665 -0.163362 -0.0826803 -0.159926 -0.0806889 -0.157189 -0.0787386 -0.154507 -0.0784024 -0.159605 -0.0762309 -0.156423 
3.576 -0.380249 -0.151089 -0.369454 -0.14721 -0.359951 -0.143196 -0.350365 -0.140154 -0.341241 -0.13721 -0.371869 -0.143479 -0.361386 -0.139787 
4.102 -0.200137 -0.123011 -0.194934 -0.120367 -0.190726 -0.117529 -0.186121 -0.115507 -0.181717 -0.11348 -0.192072 -0.115722 -0.186939 -0.113214 
3.93 0.114204 -0.120271 0.11155 -0.117592 0.108802 -0.114783 0.106443 -0.112572 0.104325 -0.1104 0.122789 -0.113565 0.12024 -0.111058 
3.357 -0.476127 -0.251075 -0.461875 -0.24401 -0.449187 -0.237019 -0.436575 -0.231189 -0.424581 -0.225668 -0.467013 -0.243074 -0.453147 -0.236282 
3.541 -0.389837 -0.0860293 -0.378705 -0.0839191 -0.368949 -0.0815731 -0.35907 -0.0801294 -0.34968 -0.0787125 -0.38153 -0.078474 -0.370711 -0.0765432 
3.436 -0.423394 -0.0894535 -0.410882 -0.0872032 -0.399837 -0.0847377 -0.38883 -0.083189 -0.378423 -0.0816767 -0.414828 -0.0818244 -0.402702 -0.0797749 
4.297 0.0155869 -0.00521846 0.0153605 -0.0054683 0.014817 -0.00528894 0.0146332 -0.0058095 0.0145157 -0.00613249 0.0238519 0.00193526 0.0237442 0.00159723 
4.316 -0.0241337 -0.032612 -0.0234557 -0.0322573 -0.0230102 -0.0314729 -0.0223723 -0.0314473 -0.0217123 -0.0312402 -0.0161117 -0.0255469 -0.0153421 -0.0253022 
3.646 -0.354225 -0.0456239 -0.343957 -0.0445933 -0.335025 -0.0432876 -0.326019 -0.0428436 -0.317408 -0.0423167 -0.346027 -0.0380921 -0.336079 -0.0372806 
4.605 -0.0727572 -0.10315 -0.0709408 -0.101132 -0.0695318 -0.0987997 -0.0678795 -0.097309 -0.0662139 -0.0956867 -0.0647603 -0.0960637 -0.0628492 -0.0941622 
4.73 -0.0535817 -0.25176 -0.0522616 -0.246617 -0.0513533 -0.241508 -0.0501382 -0.237356 -0.0488354 -0.233235 -0.0454395 -0.244261 -0.0441154 -0.239654 
4.75 -0.048103 -0.177113 -0.0468426 -0.173481 -0.0460395 -0.169904 -0.044905 -0.167151 -0.0437162 -0.164272 -0.0399729 -0.169673 -0.0387125 -0.166515 
3.791 -0.296014 -0.0497329 -0.287866 -0.0486422 -0.280799 -0.0473131 -0.273581 -0.0467705 -0.266714 -0.0461895 -0.287844 -0.0422128 -0.279915 -0.0413184 
4.559 -0.0782359 -0.116162 -0.0762828 -0.113966 -0.0748568 -0.111527 -0.0731411 -0.109948 -0.071432 -0.108144 -0.0701983 -0.109016 -0.0682682 -0.106992 
4.539 -0.0837146 -0.130544 -0.0816737 -0.127989 -0.0800333 -0.125251 -0.0781756 -0.123251 -0.0762883 -0.121196 -0.075681 -0.123436 -0.0735893 -0.120974 
3.172 -0.54598 -0.296274 -0.529096 -0.28755 -0.514065 -0.279165 -0.499103 -0.271981 -0.484903 -0.265142 -0.53658 -0.287996 -0.520127 -0.279631 
3.502 -0.405588 -0.113423 -0.393716 -0.110461 -0.383277 -0.107361 -0.372723 -0.105125 -0.36279 -0.102984 -0.396998 -0.105842 -0.385499 -0.103056 
3.473 -0.212464 0.0762772 -0.205689 0.0736334 -0.199993 0.0717899 -0.194117 0.0691078 -0.18857 0.0667647 -0.204716 0.0837676 -0.19809 0.0811678 
4.754 -0.0494727 -0.194234 -0.0482078 -0.190344 -0.0473466 -0.186361 -0.046203 -0.18325 -0.0449732 -0.180078 -0.0413348 -0.186873 -0.0400637 -0.183386 
4.102 -0.0672785 -0.0141214 -0.0654761 -0.0141201 -0.0640884 -0.0136972 -0.062422 -0.0139858 -0.0607815 -0.0140918 -0.0593012 -0.00693879 -0.0574828 -0.0070111 
4.105 -0.189864 -0.0689084 -0.185056 -0.0676523 -0.181097 -0.0660705 -0.176848 -0.0652738 -0.172767 -0.0644298 -0.181756 -0.0616152 -0.177136 -0.0604707 
3.953 -0.254924 -0.233954 -0.248261 -0.22836 -0.242623 -0.222882 -0.236685 -0.218257 -0.230963 -0.213854 -0.246462 -0.226311 -0.240037 -0.221022 
3.826 -0.302178 -0.240803 -0.294084 -0.23484 -0.287033 -0.229019 -0.279796 -0.224098 -0.27285 -0.219352 -0.293656 -0.233036 -0.28578 -0.227398 
4.062 -0.202876 -0.0764416 -0.197627 -0.0749142 -0.193297 -0.0731043 -0.188544 -0.0720877 -0.184047 -0.0709764 -0.194822 -0.0691313 -0.189699 -0.0677332 
3.621 -0.363813 -0.176428 -0.353394 -0.17185 -0.34423 -0.167221 -0.335032 -0.163521 -0.326266 -0.159944 -0.355201 -0.16882 -0.345082 -0.16442 
4.016 -0.225476 -0.109999 -0.219592 -0.10753 -0.214459 -0.104852 -0.209235 -0.102998 -0.204051 -0.101134 -0.217354 -0.10262 -0.211549 -0.100329 
3.93 -0.241227 -0.0428845 -0.234918 -0.0420649 -0.229561 -0.040925 -0.223942 -0.040591 -0.218581 -0.0401431 -0.233086 -0.0354867 -0.226985 -0.0348331 
3.521 -0.399425 -0.157252 -0.387903 -0.153112 -0.377914 -0.14889 -0.367692 -0.145614 -0.358132 -0.142508 -0.390879 -0.149571 -0.379752 -0.145667 
3.453 -0.424079 -0.160677 -0.41171 -0.156351 -0.400659 -0.151951 -0.38967 -0.148526 -0.379265 -0.145246 -0.415421 -0.152927 -0.403275 -0.148827 
4.715 0.0402411 -0.0497329 0.0395383 -0.049076 0.0385444 -0.0480311 0.0379331 -0.0475936 0.0374107 -0.04717 0.0485204 -0.0427962 0.0479235 -0.0421393 
3.828 -0.282317 -0.10315 -0.274693 -0.100792 -0.268197 -0.098207 -0.261428 -0.096558 -0.254961 -0.0947414 -0.273983 -0.0957255 -0.266668 -0.0935487 
4.402 -0.120696 -0.237378 -0.117763 -0.23224 -0.115419 -0.227035 -0.112735 -0.222676 -0.110062 -0.218453 -0.1126 -0.23004 -0.109651 -0.225071 
4.645 -0.0631694 -0.126435 -0.0616329 -0.124 -0.0604978 -0.121404 -0.0590724 -0.119594 -0.0576005 -0.11742 -0.0551589 -0.119326 -0.0535772 -0.117101 
4.301 -0.137132 -0.087399 -0.133624 -0.0856251 -0.130649 -0.0836456 -0.127644 -0.0824139 -0.124385 -0.081081 -0.12913 -0.0801117 -0.125742 -0.0786091 
3.947 -0.244651 -0.109314 -0.238234 -0.106657 -0.232834 -0.104204 -0.227193 -0.102538 -0.221779 -0.100816 -0.236396 -0.10171 -0.230209 -0.0994138 
4.336 -0.135762 -0.240118 -0.132386 -0.234806 -0.129573 -0.229465 -0.126568 -0.225016 -0.123569 -0.220626 -0.127526 -0.232713 -0.124248 -0.227652 
3.885 -0.266566 -0.14561 -0.259424 -0.142139 -0.253272 -0.138465 -0.246939 -0.135766 -0.240839 -0.133054 -0.258161 -0.138107 -0.25122 -0.134827 
4.27 -0.151513 -0.243542 -0.147679 -0.238039 -0.144523 -0.232537 -0.141068 -0.227988 -0.137638 -0.22346 -0.143316 -0.236108 -0.139571 -0.230879 
3.818 0.148445 -0.12438 0.14475 -0.12152 0.141116 -0.11851 0.137897 -0.116289 0.134994 -0.113868 0.157165 -0.117803 0.15373 -0.115073 
4.367 -0.12412 -0.109314 -0.121065 -0.107065 -0.118529 -0.104614 -0.115779 -0.10292 -0.11303 -0.101118 -0.116061 -0.102053 -0.113056 -0.0999483 
4.273 -0.14535 -0.133283 -0.141691 -0.130403 -0.138717 -0.127328 -0.135379 -0.124995 -0.132165 -0.122713 -0.137289 -0.126027 -0.133655 -0.123325 
4.23 -0.155623 -0.142871 -0.151767 -0.139894 -0.148581 -0.136753 -0.145074 -0.134453 -0.141629 -0.132028 -0.147536 -0.135599 -0.143724 -0.132807 
4.332 -0.135762 -0.223682 -0.132466 -0.218817 -0.129815 -0.213919 -0.126817 -0.209933 -0.12383 -0.206001 -0.127727 -0.21631 -0.12444 -0.211733 
4.094 -0.200822 -0.0997261 -0.195599 -0.0975261 -0.191316 -0.0951486 -0.186743 -0.0935619 -0.182308 -0.0919829 -0.192296 -0.0923159 -0.187468 -0.0903116 
4.402 -0.117956 -0.142186 -0.115146 -0.13941 -0.112782 -0.136378 -0.110204 -0.134108 -0.107623 -0.131799 -0.109933 -0.135 -0.107127 -0.132322 
4.102 -0.196713 -0.163416 -0.191873 -0.15974 -0.187625 -0.155998 -0.183192 -0.153042 -0.178813 -0.150127 -0.188665 -0.156021 -0.18363 -0.152565 
3.816 -0.291905 -0.174373 -0.284019 -0.170188 -0.277114 -0.165943 -0.270016 -0.162621 -0.263269 -0.159357 -0.283545 -0.166881 -0.275832 -0.162927 
4.352 -0.130968 -0.203137 -0.127727 -0.198769 -0.125098 -0.194458 -0.122192 -0.190804 -0.119291 -0.187243 -0.122825 -0.195789 -0.119662 -0.191723 
4.184 -0.176168 -0.264772 -0.171642 -0.258674 -0.167836 -0.252659 -0.163764 -0.247536 -0.159817 -0.242584 -0.16789 -0.257206 -0.163481 -0.251434 
3.447 -0.430242 -0.192864 -0.4175 -0.187586 -0.406478 -0.182314 -0.395199 -0.178032 -0.384461 -0.173945 -0.421683 -0.185083 -0.409433 -0.18007 
4.363 -0.119326 -0.0942474 -0.116378 -0.0925305 -0.113932 -0.0904407 -0.111245 -0.089143 -0.108591 -0.0878048 -0.111362 -0.0870737 -0.108406 -0.085446 
4.164 -0.190549 -0.299014 -0.185701 -0.292176 -0.181695 -0.28549 -0.177432 -0.279959 -0.173203 -0.274472 -0.182189 -0.291364 -0.177529 -0.284923 
4.562 -0.0741268 -0.0860293 -0.0723255 -0.0845046 -0.0708527 -0.0825928 -0.0691479 -0.0815127 -0.0675102 -0.0803097 -0.0661964 -0.0789414 -0.0642324 -0.0775611 
4.664 -0.0672785 -0.172319 -0.0656113 -0.168669 -0.0644099 -0.165268 -0.0628974 -0.162456 -0.0613633 -0.159663 -0.0592013 -0.165062 -0.0575047 -0.162008 
4.398 -0.120696 -0.222312 -0.117837 -0.217572 -0.115484 -0.212766 -0.112852 -0.208841 -0.110209 -0.204934 -0.112551 -0.21492 -0.109681 -0.210469 
4.523 -0.0980962 -0.255184 -0.0957087 -0.249814 -0.0938077 -0.244403 -0.0916478 -0.239923 -0.089451 -0.235431 -0.089835 -0.247822 -0.0875083 -0.242545 
4 -0.229585 -0.16684 -0.223929 -0.162998 -0.219078 -0.159038 -0.213654 -0.155941 -0.208909 -0.152935 -0.222487 -0.159519 -0.216576 -0.155817 
4.062 -0.196713 0.0701137 -0.190557 0.0677343 -0.185431 0.0661162 -0.179984 0.0636413 -0.175026 0.0615642 -0.188777 0.0775539 -0.182626 0.0751629 
4.398 -0.117272 -0.12575 -0.114366 -0.123129 -0.112035 -0.120324 -0.109416 -0.118284 -0.106835 -0.116247 -0.10913 -0.118475 -0.106328 -0.116096 
3.678 -0.337105 -0.0743871 -0.327615 -0.0726524 -0.319347 -0.0707369 -0.310958 -0.0696047 -0.302937 -0.0685246 -0.328837 -0.0668215 -0.319586 -0.0653238 
3.697 -0.330941 -0.0497329 -0.321602 -0.0487589 -0.313518 -0.0475033 -0.305479 -0.0470941 -0.297679 -0.0465604 -0.32259 -0.0422475 -0.313629 -0.041411 
4.488 -0.098781 -0.188755 -0.0964231 -0.18485 -0.0945586 -0.180872 -0.092428 -0.177771 -0.0902591 -0.174533 -0.0907086 -0.1816 -0.0882713 -0.177874 
4.062 -0.196713 -0.0483632 -0.191609 -0.0474467 -0.187378 -0.0462009 -0.182887 -0.0457783 -0.178496 -0.0452456 -0.188657 -0.0410103 -0.183726 -0.0402538 
3.893 -0.259718 -0.10589 -0.252798 -0.10351 -0.246852 -0.10107 -0.2407 -0.0992953 -0.234768 -0.0976312 -0.251447 -0.0984164 -0.244791 -0.0962928 
4.059 -0.21041 -0.0894535 -0.204869 -0.0875752 -0.200186 -0.0853956 -0.195248 -0.0840767 -0.190497 -0.0826772 -0.202241 -0.0821353 -0.196866 -0.0803713 
4.645 -0.069333 -0.241487 -0.0676526 -0.236717 -0.0664415 -0.231711 -0.0649438 -0.227646 -0.0633831 -0.223676 -0.0611891 -0.234236 -0.0595245 -0.229486 
4.027 -0.115217 -0.011382 -0.112006 -0.011488 -0.109126 -0.0111333 -0.106286 -0.0115241 -0.103628 -0.0117424 -0.107747 -0.00415054 -0.104344 -0.00428964 
3.941 -0.0638543 0.0132722 -0.0618459 0.012665 -0.0603971 0.0123612 -0.0587309 0.0115038 -0.0569656 0.0105639 -0.0558134 0.0206687 -0.053912 0.0198286 
4.512 -0.0919326 -0.118217 -0.0896638 -0.115972 -0.0880168 -0.113403 -0.0859759 -0.111645 -0.0839777 -0.109723 -0.0838898 -0.11107 -0.081636 -0.108943 
4.523 -0.0823449 -0.0737022 -0.0804176 -0.0725481 -0.0788776 -0.071211 -0.0771162 -0.0704559 -0.0753336 -0.0695723 -0.0743096 -0.0668157 -0.0723181 -0.065771 
3.713 0.208711 -0.112053 0.203254 -0.109413 0.198129 -0.106407 0.193313 -0.104387 0.188994 -0.102183 0.217833 -0.10562 0.21274 -0.10288 
3.457 -0.16521 0.0906588 -0.160193 0.0877518 -0.155952 0.0855861 -0.151568 0.0827209 -0.147385 0.0801497 -0.157326 0.0981284 -0.152296 0.0952596 
4.543 -0.0912478 -0.2093 -0.0890507 -0.205066 -0.0873844 -0.200902 -0.0854091 -0.197406 -0.0833659 -0.193899 -0.0831164 -0.202068 -0.0809561 -0.198189 
3.836 -0.281633 -0.122326 -0.273992 -0.119404 -0.267412 -0.116361 -0.260567 -0.114112 -0.254016 -0.111912 -0.273364 -0.114839 -0.265964 -0.112127 
4.52 -0.0864539 -0.0921929 -0.0842657 -0.0904425 -0.0826966 -0.0882481 -0.0807993 -0.0869207 -0.0788597 -0.0855845 -0.0783557 -0.0849153 -0.0762218 -0.0833438 
1.538 0.431283 0.19133 0.405287 0.179091 0.382322 0.168965 0.3617 0.159125 0.345239 0.151136 0.446254 0.200952 0.420379 0.18867 
3.912 -0.256294 -0.120271 -0.249465 -0.117463 -0.243662 -0.114544 -0.237584 -0.112454 -0.231756 -0.110349 -0.248173 -0.112832 -0.241546 -0.110222 
3.898 -0.138502 0.013957 -0.13456 0.0132396 -0.131305 0.0129547 -0.12781 0.0119484 -0.124545 0.0112037 -0.130568 0.0212898 -0.126658 0.0205292 
3.816 0.156663 -0.0949322 0.152789 -0.0927623 0.148753 -0.0902132 0.14526 -0.0885828 0.14199 -0.0867588 0.165638 -0.0882806 0.161812 -0.0861983 
3.656 -0.348062 -0.153828 -0.338284 -0.149881 -0.329647 -0.145939 -0.321315 -0.142935 -0.313416 -0.140027 -0.341104 -0.146372 -0.331016 -0.142645 
3.738 -0.328886 -0.225051 -0.319973 -0.219402 -0.312312 -0.213818 -0.30436 -0.209135 -0.296839 -0.204705 -0.320452 -0.217393 -0.311883 -0.212001 
3.48 -0.406958 -0.0867141 -0.395038 -0.0845584 -0.384351 -0.0821389 -0.373742 -0.0806199 -0.363561 -0.0791346 -0.398479 -0.0791347 -0.38672 -0.0771179 
4.445 -0.110423 -0.212724 -0.107805 -0.208254 -0.105609 -0.203776 -0.103206 -0.200123 -0.100798 -0.196473 -0.102274 -0.205384 -0.0996754 -0.20129 
