4.699 0.00531434 -0.0428845 0.00539714 -0.0421248 0.00516892 -0.0412706 0.00524905 -0.0409912 0.00540467 -0.0405982 0.0134441 -0.035674 0.0136083 -0.0352867 
3.584 -0.382304 -0.374346 -0.371666 -0.36434 -0.362212 -0.354826 -0.352688 -0.346398 -0.343481 -0.338365 -0.373326 -0.365898 -0.362891 -0.356343 
3.666 -0.351486 -0.370922 -0.341877 -0.361211 -0.333466 -0.351995 -0.324856 -0.343795 -0.316508 -0.335981 -0.342653 -0.362618 -0.333304 -0.353333 
3.887 -0.274099 -0.345583 -0.266865 -0.337035 -0.260581 -0.328837 -0.254053 -0.321606 -0.247718 -0.314651 -0.265535 -0.337555 -0.258487 -0.329405 
4.711 0.00942337 -0.0572661 0.00939691 -0.0563226 0.0091617 -0.0550613 0.00918591 -0.0545877 0.00928062 -0.0538294 0.0174634 -0.0501387 0.0176121 -0.0492949 
3.793 -0.309026 -0.374346 -0.300803 -0.364852 -0.293558 -0.355742 -0.286156 -0.347749 -0.278938 -0.340027 -0.300304 -0.366055 -0.292194 -0.356975 
3.678 -0.345323 -0.403794 -0.335915 -0.393293 -0.32761 -0.383228 -0.319173 -0.374288 -0.310953 -0.365725 -0.336403 -0.395329 -0.327225 -0.385252 
3.584 -0.383673 -0.414751 -0.373049 -0.403735 -0.363609 -0.393223 -0.354117 -0.38386 -0.34493 -0.374862 -0.374595 -0.406201 -0.364205 -0.395607 
3.4 -0.455581 -0.238748 -0.442154 -0.232173 -0.430243 -0.225777 -0.418342 -0.220448 -0.406929 -0.215317 -0.446601 -0.230784 -0.433453 -0.224454 
3.438 -0.437776 -0.235324 -0.425026 -0.228857 -0.413684 -0.222598 -0.40243 -0.217338 -0.391553 -0.212309 -0.428719 -0.227282 -0.416218 -0.221097 
3.691 -0.344638 -0.383934 -0.335225 -0.373906 -0.326926 -0.364343 -0.318499 -0.355847 -0.31031 -0.347765 -0.335779 -0.37555 -0.326596 -0.365961 
3.883 -0.275469 -0.401739 -0.268248 -0.391764 -0.261937 -0.382231 -0.255403 -0.373745 -0.249001 -0.365577 -0.266838 -0.393458 -0.259727 -0.383938 
3.717 -0.330256 -0.4216 -0.321418 -0.410758 -0.313621 -0.400444 -0.305701 -0.391249 -0.297903 -0.382416 -0.321336 -0.41304 -0.312678 -0.402679 
3.586 -0.382989 -0.394891 -0.372348 -0.384377 -0.362891 -0.374333 -0.353385 -0.365436 -0.344149 -0.356878 -0.373969 -0.386439 -0.363529 -0.376315 
4.148 -0.182331 -0.190809 -0.17774 -0.186492 -0.173885 -0.182219 -0.169755 -0.178733 -0.165705 -0.175267 -0.174144 -0.183346 -0.169644 -0.179303 
3.734 -0.325462 -0.396261 -0.316652 -0.386063 -0.308915 -0.376324 -0.301034 -0.367634 -0.293316 -0.359335 -0.316655 -0.387892 -0.308051 -0.378139 
3.615 -0.365183 -0.155198 -0.35477 -0.151196 -0.345669 -0.147177 -0.336436 -0.144014 -0.327637 -0.140989 -0.356685 -0.147467 -0.346512 -0.143716 
3.953 -0.240542 -0.0634297 -0.234227 -0.0620438 -0.228909 -0.0604686 -0.223327 -0.0595806 -0.217963 -0.0586255 -0.232437 -0.0561013 -0.226305 -0.0548516 
3.824 -0.29396 -0.372291 -0.28622 -0.363004 -0.279515 -0.354134 -0.272569 -0.346297 -0.265794 -0.338744 -0.285249 -0.364034 -0.277737 -0.355224 
4.766 -0.0172853 -0.044939 -0.0168344 -0.0442114 -0.0166186 -0.0433336 -0.0161777 -0.0430713 -0.0156756 -0.0426054 -0.00921225 -0.0378058 -0.0086422 -0.0372832 
3.838 -0.290536 -0.385988 -0.282854 -0.376295 -0.276191 -0.367056 -0.269303 -0.358825 -0.262574 -0.350946 -0.281876 -0.377726 -0.274404 -0.368499 
3.65 -0.359019 -0.383249 -0.348994 -0.373041 -0.340206 -0.363324 -0.331263 -0.354696 -0.322627 -0.346499 -0.350066 -0.374845 -0.340325 -0.365084 
3.613 -0.359704 -0.0757567 -0.349382 -0.0738583 -0.340325 -0.071827 -0.331195 -0.0706093 -0.322471 -0.0693644 -0.351383 -0.0681577 -0.341308 -0.0664801 
4.602 -0.0556362 -0.036721 -0.0541567 -0.0362375 -0.0530996 -0.0354036 -0.0517807 -0.0352859 -0.0504247 -0.0350295 -0.0476153 -0.029588 -0.0460716 -0.029177 
3.795 -0.308341 -0.354486 -0.300119 -0.345497 -0.29295 -0.336927 -0.285518 -0.329332 -0.278378 -0.322042 -0.299652 -0.346316 -0.291617 -0.337768 
3.842 -0.289166 -0.347637 -0.281528 -0.338946 -0.274887 -0.330634 -0.268004 -0.323282 -0.261302 -0.316236 -0.280618 -0.339617 -0.273153 -0.331319 
3.707 -0.337105 -0.370237 -0.327924 -0.360652 -0.319798 -0.351463 -0.31157 -0.343385 -0.303551 -0.335625 -0.328395 -0.361962 -0.319403 -0.352795 
3.734 -0.329571 -0.382564 -0.320738 -0.372769 -0.312958 -0.363409 -0.30507 -0.355138 -0.297311 -0.347188 -0.320758 -0.37424 -0.312125 -0.364881 
3.674 -0.346007 -0.423654 -0.33662 -0.412606 -0.328335 -0.402082 -0.319887 -0.392688 -0.311674 -0.383681 -0.337097 -0.415093 -0.327909 -0.404517 
3.773 -0.31245 -0.416121 -0.304213 -0.405568 -0.296917 -0.395494 -0.289489 -0.386526 -0.282207 -0.377935 -0.303618 -0.407596 -0.295541 -0.397518 
4.516 0.0669497 0.00231475 0.0656739 0.00192109 0.0641854 0.00193396 0.0631303 0.00125916 0.0621342 0.000914312 0.0754404 0.00940423 0.0742306 0.00898686 
3.604 -0.361074 -0.101096 -0.350715 -0.0986418 -0.341678 -0.095919 -0.332496 -0.0940569 -0.32378 -0.0923061 -0.352712 -0.0936187 -0.342583 -0.0912115 
4.137 -0.180277 -0.0538419 -0.17567 -0.0528119 -0.171749 -0.0514795 -0.167565 -0.0508882 -0.163512 -0.050198 -0.172284 -0.0465605 -0.16773 -0.0456509 
4.035 -0.216573 -0.0552116 -0.210889 -0.0540342 -0.20606 -0.0526577 -0.201 -0.0519732 -0.196125 -0.0512417 -0.208504 -0.0478624 -0.202962 -0.0468333 
3.836 -0.29259 -0.407218 -0.284857 -0.396997 -0.278135 -0.387218 -0.271207 -0.378556 -0.26442 -0.370176 -0.283883 -0.398849 -0.276339 -0.389114 
3.764 -0.302863 -0.066169 -0.294647 -0.0647063 -0.287554 -0.0630034 -0.280238 -0.061985 -0.27327 -0.061023 -0.294705 -0.0588931 -0.28669 -0.0575096 
3.779 -0.311766 -0.396261 -0.303455 -0.386241 -0.296223 -0.376639 -0.288787 -0.368141 -0.28151 -0.359939 -0.302921 -0.387868 -0.294859 -0.37831 
3.738 -0.324777 -0.357225 -0.316058 -0.348053 -0.308372 -0.339263 -0.300505 -0.331517 -0.292876 -0.324089 -0.31607 -0.349032 -0.307483 -0.340243 
3.439 -0.435036 -0.205876 -0.422229 -0.200244 -0.410862 -0.194698 -0.39952 -0.190169 -0.388693 -0.185829 -0.426265 -0.198053 -0.413748 -0.192682 
3.688 -0.330941 -0.130544 -0.321876 -0.127336 -0.31402 -0.123985 -0.305902 -0.121534 -0.298167 -0.119109 -0.32263 -0.123032 -0.313765 -0.120001 
3.885 -0.274784 -0.383249 -0.267593 -0.373738 -0.261312 -0.36465 -0.254767 -0.35659 -0.248406 -0.348852 -0.266174 -0.375006 -0.259132 -0.365953 
3.541 -0.400794 -0.238063 -0.389272 -0.231631 -0.379106 -0.225338 -0.368889 -0.220063 -0.3591 -0.214993 -0.391929 -0.230197 -0.380716 -0.22405 
3.623 -0.355595 -0.136022 -0.345626 -0.13252 -0.336838 -0.128923 -0.327904 -0.126214 -0.319381 -0.123581 -0.34731 -0.128529 -0.337542 -0.125194 
3.582 -0.379564 -0.199712 -0.36883 -0.194509 -0.359387 -0.189393 -0.349848 -0.185234 -0.340754 -0.181204 -0.370912 -0.191955 -0.360416 -0.187046 
4.332 0.0422956 0.0146418 0.0416259 0.0140249 0.0406802 0.01375 0.0400761 0.012814 0.0394557 0.012167 0.0506508 0.0218912 0.0499759 0.0211184 
4.047 -0.0433091 -0.0100123 -0.0420252 -0.0101738 -0.041231 -0.00991372 -0.0401442 -0.0104177 -0.0390143 -0.010669 -0.0352048 -0.00291211 -0.0339503 -0.00309557 
3.885 -0.277524 -0.368182 -0.270261 -0.359125 -0.264015 -0.350497 -0.257478 -0.342819 -0.251104 -0.335462 -0.26886 -0.360038 -0.261833 -0.351435 
3.477 -0.417231 -0.197658 -0.405254 -0.192327 -0.394649 -0.187104 -0.384036 -0.182842 -0.373883 -0.178767 -0.408502 -0.189865 -0.39675 -0.184829 
4.152 -0.0261882 -0.0182304 -0.0254346 -0.0180617 -0.0249696 -0.017614 -0.0241867 -0.0178161 -0.0233767 -0.0178289 -0.0181763 -0.0110327 -0.017304 -0.0109914 
3.717 -0.326832 -0.185331 -0.317839 -0.180604 -0.310054 -0.175944 -0.302116 -0.172155 -0.2945 -0.168521 -0.318229 -0.177663 -0.30944 -0.173198 
4.836 -0.0213943 -0.100411 -0.0207411 -0.0983935 -0.0203437 -0.0962429 -0.0197519 -0.094754 -0.0189842 -0.0931541 -0.0133883 -0.093399 -0.0125723 -0.09159 
3.646 -0.359704 -0.219573 -0.3499 -0.213911 -0.341146 -0.208355 -0.332227 -0.203682 -0.323698 -0.199252 -0.351221 -0.211818 -0.34155 -0.20642 
3.857 -0.278208 -0.179167 -0.270854 -0.174799 -0.264502 -0.170484 -0.25792 -0.167008 -0.251574 -0.163599 -0.269784 -0.171586 -0.262688 -0.167491 
3.758 -0.319299 -0.215464 -0.310612 -0.210064 -0.303044 -0.204786 -0.295271 -0.200415 -0.287845 -0.196162 -0.310805 -0.207771 -0.302301 -0.202678 
4.25 -0.0433091 -0.0237091 -0.0421607 -0.0234855 -0.0413956 -0.0229437 -0.0403304 -0.0230743 -0.0392527 -0.0229915 -0.0352241 -0.0165813 -0.0340593 -0.01646 
4.684 -0.0350911 -0.044939 -0.0340961 -0.0443418 -0.0335128 -0.0434079 -0.0326185 -0.0431965 -0.0316572 -0.0426745 -0.0270216 -0.0379661 -0.0259201 -0.0373245 
3.936 -0.242597 -0.0908232 -0.236247 -0.0887177 -0.230859 -0.0864687 -0.225245 -0.085032 -0.219831 -0.0835733 -0.234402 -0.0834664 -0.228229 -0.0815336 
3.949 -0.244651 -0.174373 -0.238244 -0.170297 -0.232797 -0.166216 -0.227026 -0.162915 -0.221542 -0.159713 -0.236351 -0.166892 -0.230143 -0.163066 
3.867 -0.277524 -0.213409 -0.270215 -0.208187 -0.263902 -0.202995 -0.2573 -0.198717 -0.250961 -0.194581 -0.269127 -0.205819 -0.261983 -0.200819 
3.887 -0.164525 -0.00658814 -0.160175 -0.00670008 -0.156553 -0.00632777 -0.15263 -0.00678773 -0.148881 -0.00701064 -0.156557 0.000624184 -0.152322 0.000499748 
3.637 -0.355595 -0.192864 -0.345623 -0.187869 -0.336947 -0.182946 -0.32821 -0.178968 -0.319737 -0.175113 -0.347129 -0.185127 -0.337528 -0.180427 
3.486 -0.4186 -0.229845 -0.406542 -0.223662 -0.395867 -0.217672 -0.385172 -0.212634 -0.37489 -0.207799 -0.409793 -0.221904 -0.39799 -0.216048 
4.152 -0.183701 -0.204506 -0.179045 -0.19992 -0.17517 -0.195324 -0.171041 -0.191563 -0.16698 -0.187818 -0.175451 -0.197064 -0.170966 -0.192706 
3.697 -0.332311 -0.153828 -0.323166 -0.14998 -0.31525 -0.146162 -0.307176 -0.143215 -0.299351 -0.140303 -0.323946 -0.146232 -0.315006 -0.14264 
3.688 -0.340529 -0.216833 -0.331494 -0.211348 -0.323327 -0.205951 -0.315007 -0.201416 -0.307059 -0.197091 -0.33228 -0.209137 -0.323198 -0.203895 
3.344 -0.476127 -0.233954 -0.461863 -0.227332 -0.44914 -0.220898 -0.436566 -0.215499 -0.424518 -0.21038 -0.467027 -0.225923 -0.453093 -0.219568 
3.525 -0.402164 -0.224367 -0.390704 -0.21832 -0.380551 -0.212502 -0.370345 -0.207619 -0.360571 -0.202912 -0.393343 -0.216397 -0.382129 -0.210697 
3.646 -0.35765 -0.415436 -0.347787 -0.404531 -0.339033 -0.39412 -0.330158 -0.384839 -0.321569 -0.37595 -0.348706 -0.406912 -0.339038 -0.396475 
3.75 -0.308341 -0.0805506 -0.300005 -0.0787304 -0.292711 -0.0765405 -0.285279 -0.0752608 -0.278164 -0.0739267 -0.300167 -0.0732256 -0.291989 -0.0714247 
4.082 -0.202876 -0.150404 -0.197728 -0.147055 -0.193443 -0.143637 -0.188772 -0.14099 -0.184308 -0.138362 -0.194711 -0.143044 -0.189645 -0.139877 
4.156 0.0683194 0.047514 0.0670207 0.0460636 0.0655954 0.0451252 0.0643658 0.0436221 0.0632593 0.0423842 0.0770168 0.0543271 0.0758681 0.0528613 
3.621 -0.369977 -0.231215 -0.35947 -0.225118 -0.35035 -0.219159 -0.341133 -0.214145 -0.332214 -0.20938 -0.361071 -0.223356 -0.350934 -0.217557 
3.914 -0.259718 -0.203137 -0.252922 -0.198247 -0.246901 -0.193423 -0.240835 -0.18949 -0.234838 -0.185619 -0.251378 -0.195519 -0.244706 -0.190938 
3.875 -0.283002 -0.323668 -0.27558 -0.315602 -0.269127 -0.307849 -0.262509 -0.301095 -0.255973 -0.29457 -0.274416 -0.315703 -0.267193 -0.308017 
4.324 -0.0570059 -0.0216546 -0.0554936 -0.021446 -0.0544609 -0.0208476 -0.0531212 -0.0209815 -0.0517549 -0.0209389 -0.0489811 -0.0144476 -0.0474529 -0.0143543 
4.258 -0.00358855 -0.0196001 -0.00329115 -0.0194439 -0.00330022 -0.0190733 -0.00305335 -0.0192434 -0.00273501 -0.0192397 0.00455924 -0.0125202 0.00490805 -0.0124706 
3.859 -0.282317 -0.229845 -0.274893 -0.224316 -0.268433 -0.218923 -0.261731 -0.214297 -0.255249 -0.20989 -0.273944 -0.222187 -0.266613 -0.216899 
3.92 -0.257663 -0.181907 -0.251011 -0.177595 -0.245081 -0.173297 -0.239174 -0.169857 -0.233161 -0.166451 -0.249332 -0.174399 -0.242851 -0.170358 
4.664 -0.0474182 -0.0524723 -0.0462015 -0.051631 -0.0453335 -0.0504591 -0.0442123 -0.0500201 -0.0429948 -0.0493463 -0.0393662 -0.0453666 -0.0380845 -0.0446201 
4.402 -0.0255034 -0.0339816 -0.0247874 -0.0336049 -0.0243612 -0.0328595 -0.0236726 -0.0328272 -0.0229017 -0.0325902 -0.0174804 -0.0269258 -0.016636 -0.0266942 
4.566 0.0299685 -0.00521846 0.0295398 -0.00543339 0.0287699 -0.00528739 0.0283632 -0.00575082 0.0280244 -0.0060738 0.0382458 0.00195812 0.0378874 0.00161098 
4.469 -0.100836 -0.138077 -0.0984091 -0.135341 -0.096549 -0.132479 -0.0943149 -0.130257 -0.0921111 -0.128018 -0.0927968 -0.130918 -0.0903509 -0.128337 
3.801 -0.301493 -0.219573 -0.293559 -0.214147 -0.286645 -0.208811 -0.279423 -0.204345 -0.272511 -0.200045 -0.293233 -0.211962 -0.285442 -0.206793 
4.672 -0.0638543 -0.225736 -0.0623762 -0.221223 -0.0613519 -0.216711 -0.0599844 -0.213025 -0.0585286 -0.209246 -0.0557813 -0.218465 -0.0542781 -0.214268 
3.688 -0.339844 -0.173004 -0.330454 -0.168571 -0.322285 -0.164102 -0.313922 -0.160544 -0.305894 -0.157071 -0.331383 -0.165425 -0.322182 -0.161145 
4.16 -0.132338 -0.0100123 -0.128784 -0.0101061 -0.125833 -0.00976049 -0.122678 -0.0102 -0.119615 -0.0104343 -0.12445 -0.00279227 -0.120927 -0.00292503 
4.48 -0.10152 -0.163416 -0.0990819 -0.160069 -0.0971461 -0.156618 -0.0949326 -0.153921 -0.0926284 -0.151174 -0.093484 -0.156184 -0.0909993 -0.153047 
3.471 -0.41997 -0.174373 -0.407818 -0.169743 -0.396975 -0.165115 -0.386091 -0.161446 -0.375781 -0.157924 -0.411265 -0.166599 -0.399228 -0.162217 
4.035 -0.217258 -0.153828 -0.21157 -0.150335 -0.206751 -0.146801 -0.201723 -0.144095 -0.196748 -0.141373 -0.208957 -0.146397 -0.203473 -0.143185 
3.814 -0.290536 -0.186016 -0.282709 -0.181493 -0.276005 -0.176986 -0.269147 -0.173379 -0.262427 -0.169831 -0.282554 -0.178503 -0.274925 -0.17421 
3.855 -0.274784 -0.16547 -0.267451 -0.161418 -0.261183 -0.157349 -0.254592 -0.154141 -0.24829 -0.150945 -0.266445 -0.158004 -0.259338 -0.154179 
3.83 -0.298069 -0.317504 -0.290007 -0.309453 -0.282996 -0.301639 -0.275772 -0.294906 -0.26877 -0.288391 -0.289476 -0.30956 -0.281626 -0.30186 
3.777 -0.294645 -0.0949322 -0.286466 -0.0926925 -0.279417 -0.0902542 -0.272143 -0.0886268 -0.265186 -0.0870044 -0.286398 -0.0875183 -0.278457 -0.085391 
4.695 -0.0624846 -0.205876 -0.060986 -0.201811 -0.0599712 -0.197677 -0.0586138 -0.194191 -0.0572263 -0.190843 -0.0543971 -0.198747 -0.0528991 -0.194875 
4.699 -0.0590604 -0.273675 -0.0576488 -0.268188 -0.0566557 -0.262776 -0.0553831 -0.258163 -0.0539558 -0.253551 -0.0509355 -0.26644 -0.0494695 -0.261235 
4.426 -0.10152 -0.0524723 -0.0989999 -0.0515066 -0.0970159 -0.0503358 -0.0947724 -0.0499262 -0.0924502 -0.0493185 -0.0935586 -0.0453176 -0.0909943 -0.0445774 
4.324 0.00873853 -0.0264484 0.00873418 -0.0262417 0.00843222 -0.0255638 0.00844886 -0.0257202 0.00855252 -0.0256066 0.0168622 -0.019342 0.0169705 -0.0192701 
4.297 -0.14398 -0.152459 -0.140341 -0.149073 -0.137387 -0.145766 -0.1341 -0.143178 -0.13087 -0.140567 -0.13589 -0.145126 -0.132311 -0.142114 
4.047 -0.214519 -0.125065 -0.209071 -0.122327 -0.204199 -0.119483 -0.19927 -0.117377 -0.194378 -0.115281 -0.20634 -0.117749 -0.200968 -0.115186 
4.074 -0.206985 -0.197658 -0.201662 -0.193106 -0.197195 -0.188638 -0.192441 -0.184954 -0.187758 -0.181345 -0.198693 -0.190134 -0.193553 -0.185907 
3.691 -0.339844 -0.192864 -0.330371 -0.187985 -0.32213 -0.183137 -0.313722 -0.179239 -0.305674 -0.175468 -0.331407 -0.185184 -0.322249 -0.1806 
3.477 -0.416546 -0.133283 -0.404366 -0.129801 -0.393561 -0.126235 -0.382782 -0.123585 -0.372519 -0.121034 -0.407954 -0.125633 -0.396078 -0.12238 
4.367 -0.0748117 -0.0148062 -0.0730208 -0.0148475 -0.0715859 -0.0145085 -0.0698533 -0.0148537 -0.0681631 -0.0150018 -0.0669284 -0.0076513 -0.0650442 -0.00775806 
3.51 -0.404219 -0.171634 -0.392466 -0.1671 -0.382427 -0.162587 -0.372166 -0.159017 -0.362278 -0.155577 -0.395559 -0.163887 -0.384252 -0.159636 
4.281 -0.14535 -0.175743 -0.141706 -0.171954 -0.13874 -0.168061 -0.135405 -0.164855 -0.132145 -0.161832 -0.137271 -0.16838 -0.133624 -0.164775 
3.764 -0.308341 -0.149034 -0.300054 -0.145348 -0.292916 -0.141681 -0.28555 -0.138828 -0.278505 -0.136035 -0.30001 -0.141489 -0.291988 -0.138074 
3.957 -0.254924 -0.309286 -0.248306 -0.301721 -0.242587 -0.294383 -0.236615 -0.288027 -0.230766 -0.281834 -0.24641 -0.301429 -0.239931 -0.294203 
3.541 -0.394631 -0.198343 -0.383398 -0.193059 -0.373471 -0.187849 -0.363388 -0.183595 -0.353721 -0.179522 -0.386033 -0.190535 -0.375043 -0.185553 
4.293 0.0155869 -0.00521846 0.0153295 -0.00545714 0.0147694 -0.00532543 0.0146063 -0.00588641 0.0145286 -0.00616358 0.0238377 0.00191327 0.0237106 0.00159146 
3.574 -0.380249 -0.151089 -0.369462 -0.147181 -0.360005 -0.143232 -0.350322 -0.140169 -0.341201 -0.13723 -0.371797 -0.143471 -0.361244 -0.139791 
4.363 0.0607862 0.0201205 0.0596165 0.0193156 0.0582438 0.0190164 0.0571365 0.0179531 0.0562117 0.0171636 0.069228 0.027352 0.0682204 0.026474 
4.645 -0.0686481 -0.256554 -0.0669941 -0.251374 -0.0657869 -0.246125 -0.0642942 -0.241799 -0.0626972 -0.237401 -0.0605413 -0.249201 -0.0588992 -0.244311 
4.191 -0.178222 -0.286002 -0.173701 -0.279367 -0.169901 -0.27293 -0.165865 -0.267359 -0.161834 -0.261919 -0.169973 -0.278396 -0.165578 -0.272123 
3.502 -0.402164 -0.131229 -0.390564 -0.127824 -0.38042 -0.124318 -0.370118 -0.121755 -0.360322 -0.119269 -0.393504 -0.123584 -0.382257 -0.120393 
3.174 -0.543241 -0.225051 -0.526211 -0.2184 -0.510946 -0.211915 -0.495878 -0.206521 -0.481556 -0.201387 -0.534015 -0.217036 -0.517288 -0.210584 
4.059 -0.202876 -0.0606903 -0.197447 -0.0594815 -0.192787 -0.0579931 -0.187849 -0.0572437 -0.18316 -0.0564232 -0.195078 -0.0534035 -0.189731 -0.0522833 
4.594 -0.0830297 -0.25176 -0.0810242 -0.246411 -0.079463 -0.241284 -0.0776142 -0.236953 -0.0757074 -0.23253 -0.074956 -0.244335 -0.0728741 -0.23945 
3.428 -0.437091 -0.166155 -0.424167 -0.161536 -0.412717 -0.156927 -0.401217 -0.153288 -0.390282 -0.149838 -0.428368 -0.158385 -0.415631 -0.153991 
4.094 -0.200137 -0.123011 -0.194973 -0.120348 -0.190755 -0.117569 -0.186213 -0.115546 -0.181759 -0.113492 -0.192066 -0.115715 -0.186946 -0.113205 
4.426 -0.117956 -0.25176 -0.115087 -0.24633 -0.112853 -0.240997 -0.110208 -0.236466 -0.10756 -0.232051 -0.109906 -0.244375 -0.107018 -0.239248 
3.533 -0.389837 -0.0860293 -0.378687 -0.083891 -0.368995 -0.0815942 -0.359169 -0.0801532 -0.34969 -0.0787313 -0.381553 -0.0784818 -0.370733 -0.0765322 
3.785 -0.296699 -0.12438 -0.288494 -0.121354 -0.281392 -0.118345 -0.274085 -0.116017 -0.26708 -0.113733 -0.288389 -0.11693 -0.280415 -0.11414 
3.738 -0.311081 -0.112738 -0.302666 -0.109979 -0.2954 -0.10711 -0.287894 -0.105085 -0.280743 -0.10306 -0.302802 -0.105272 -0.294604 -0.102692 
3.77 -0.304232 -0.16547 -0.296032 -0.161417 -0.288894 -0.157286 -0.281539 -0.15405 -0.274514 -0.150876 -0.295898 -0.157944 -0.287868 -0.154098 
3.355 -0.476811 -0.252445 -0.462556 -0.245363 -0.44987 -0.238418 -0.437247 -0.232605 -0.425194 -0.227054 -0.467789 -0.244435 -0.45388 -0.237661 
4.586 -0.0645391 -0.057951 -0.0628927 -0.0569474 -0.0617664 -0.0557112 -0.0603171 -0.0552206 -0.0588578 -0.0545195 -0.0564992 -0.0508311 -0.0548479 -0.0500088 
3.438 -0.432297 -0.14835 -0.419524 -0.144229 -0.40818 -0.140073 -0.396857 -0.136875 -0.386085 -0.13377 -0.423773 -0.140674 -0.411214 -0.136791 
3.814 -0.301493 -0.241487 -0.293444 -0.235531 -0.286383 -0.229706 -0.279162 -0.224831 -0.272191 -0.220062 -0.293008 -0.233712 -0.28513 -0.228069 
3.568 -0.37751 -0.115477 -0.366727 -0.112503 -0.357284 -0.109435 -0.347674 -0.107185 -0.338637 -0.104981 -0.369153 -0.10797 -0.35858 -0.105168 
4.547 -0.0837146 -0.130544 -0.081665 -0.127965 -0.0800572 -0.125254 -0.0781622 -0.123275 -0.0762831 -0.121243 -0.0757046 -0.123417 -0.0735996 -0.12104 
3.189 -0.534338 -0.213409 -0.517566 -0.207058 -0.502586 -0.200737 -0.487779 -0.195673 -0.473681 -0.190653 -0.525225 -0.20532 -0.508738 -0.199293 
3.619 -0.363813 -0.176428 -0.353446 -0.171847 -0.344286 -0.167251 -0.335114 -0.163563 -0.326324 -0.15997 -0.355258 -0.16884 -0.345104 -0.164442 
3.982 -0.233009 -0.14698 -0.227034 -0.143605 -0.221865 -0.140075 -0.216485 -0.137463 -0.211227 -0.13481 -0.224499 -0.139559 -0.218642 -0.136368 
3.404 -0.441885 -0.12575 -0.42877 -0.122329 -0.417115 -0.11883 -0.405539 -0.1163 -0.39448 -0.113809 -0.433147 -0.118056 -0.420297 -0.114881 
4.609 -0.0727572 -0.10315 -0.0709758 -0.101131 -0.0695739 -0.0988448 -0.0679044 -0.0973574 -0.0662521 -0.0957316 -0.0648115 -0.0961013 -0.0628949 -0.0941887 
3.775 -0.287796 -0.0442542 -0.279802 -0.0432762 -0.272856 -0.0421031 -0.265832 -0.0417823 -0.25906 -0.0412993 -0.279782 -0.0368234 -0.271942 -0.0360734 
3.498 -0.405588 -0.113423 -0.393673 -0.110431 -0.383267 -0.107371 -0.372757 -0.10514 -0.362761 -0.102989 -0.397043 -0.105832 -0.385441 -0.103073 
4.105 -0.190549 -0.0668539 -0.185769 -0.0656165 -0.181821 -0.0640952 -0.177538 -0.0633094 -0.173449 -0.0624634 -0.182484 -0.0595854 -0.177824 -0.0584593 
3.92 -0.241227 -0.0428845 -0.234943 -0.0420569 -0.22957 -0.0409706 -0.223996 -0.0406294 -0.218631 -0.0401892 -0.233138 -0.0355255 -0.227002 -0.0348466 
3.951 -0.254924 -0.233954 -0.248307 -0.228336 -0.242677 -0.222921 -0.236765 -0.218295 -0.231023 -0.213854 -0.246526 -0.226331 -0.240071 -0.221019 
3.822 -0.282317 -0.10315 -0.274719 -0.100775 -0.268204 -0.098206 -0.261464 -0.0965456 -0.254947 -0.0947669 -0.27399 -0.0957442 -0.266669 -0.0935107 
4.836 -0.0063279 -0.0798658 -0.00598728 -0.0784128 -0.00588583 -0.0766777 -0.00543306 -0.0756081 -0.00494376 -0.0744272 0.00159166 -0.072959 0.00204071 -0.0715879 
3.945 -0.244651 -0.120271 -0.238292 -0.117539 -0.232923 -0.114747 -0.227268 -0.112711 -0.221839 -0.110679 -0.236452 -0.112819 -0.23021 -0.110146 
3.881 -0.266566 -0.14561 -0.259505 -0.142123 -0.253357 -0.138503 -0.247035 -0.135824 -0.240883 -0.133071 -0.258262 -0.138123 -0.251317 -0.134879 
4.016 -0.225476 -0.109999 -0.219576 -0.107506 -0.214476 -0.104856 -0.209233 -0.103016 -0.203987 -0.101144 -0.217364 -0.102627 -0.211591 -0.100317 
3.613 -0.35765 -0.0469936 -0.347358 -0.0459266 -0.338399 -0.0446671 -0.329296 -0.0441573 -0.320637 -0.043627 -0.349438 -0.0394634 -0.33942 -0.0386202 
4.27 -0.14535 -0.133283 -0.141732 -0.130325 -0.138755 -0.127385 -0.13543 -0.125081 -0.132191 -0.122776 -0.137328 -0.126025 -0.133706 -0.12335 
4.145 -0.185755 -0.142186 -0.181194 -0.139037 -0.177338 -0.13577 -0.173226 -0.133357 -0.169223 -0.130898 -0.177569 -0.134827 -0.17306 -0.131879 
3.523 -0.399425 -0.157937 -0.387926 -0.153723 -0.377954 -0.149544 -0.367728 -0.146229 -0.358219 -0.143123 -0.39084 -0.150252 -0.379829 -0.146313 
4.062 -0.202876 -0.0757567 -0.197643 -0.0742392 -0.193284 -0.0724841 -0.188544 -0.0714804 -0.184071 -0.0703735 -0.194787 -0.0684688 -0.189713 -0.0670892 
4.402 -0.120696 -0.237378 -0.117771 -0.232174 -0.115416 -0.227046 -0.112759 -0.222688 -0.110066 -0.218443 -0.112611 -0.230006 -0.109658 -0.225051 
4.297 -0.137132 -0.087399 -0.133583 -0.0856133 -0.130666 -0.0836782 -0.127616 -0.0824133 -0.124371 -0.0811216 -0.129085 -0.0801201 -0.125699 -0.0786209 
3.453 -0.424079 -0.160677 -0.411694 -0.156315 -0.400614 -0.15197 -0.389689 -0.14855 -0.379203 -0.145268 -0.415294 -0.152928 -0.403326 -0.148826 
4.719 0.0402411 -0.0497329 0.0395223 -0.0490783 0.0385216 -0.0480186 0.0378468 -0.047653 0.0374134 -0.0471874 0.0485482 -0.0427898 0.0479014 -0.0421522 
4.648 -0.0631694 -0.126435 -0.0616447 -0.124039 -0.0605305 -0.121379 -0.0590951 -0.119673 -0.0576093 -0.117349 -0.0551888 -0.119456 -0.0535885 -0.117124 
3.572 -0.373401 -0.0675387 -0.362875 -0.0658485 -0.353573 -0.0639402 -0.34426 -0.0628736 -0.335333 -0.0617499 -0.365467 -0.0600613 -0.355072 -0.0585301 
3.379 -0.439145 -0.0709629 -0.426075 -0.0690922 -0.414307 -0.066977 -0.402557 -0.0657285 -0.391639 -0.064506 -0.430533 -0.0633818 -0.417621 -0.0616607 
4.562 -0.0782359 -0.116162 -0.076296 -0.113938 -0.0749021 -0.111532 -0.0731448 -0.109961 -0.0714193 -0.108142 -0.0702222 -0.109033 -0.068312 -0.107005 
4.074 -0.201507 -0.0997261 -0.196316 -0.0974985 -0.191928 -0.0951469 -0.187403 -0.0935633 -0.183034 -0.0919701 -0.192984 -0.092322 -0.188004 -0.0902797 
4.355 -0.133023 -0.220942 -0.129722 -0.21604 -0.127015 -0.211199 -0.124006 -0.207227 -0.121037 -0.203294 -0.124967 -0.213563 -0.121651 -0.208989 
3.479 -0.409012 -0.0647993 -0.396955 -0.0631241 -0.386387 -0.061165 -0.375778 -0.0601197 -0.365792 -0.0590663 -0.400531 -0.057296 -0.388893 -0.0557599 
4.336 -0.135762 -0.240118 -0.132454 -0.234779 -0.129717 -0.229482 -0.126671 -0.225042 -0.123652 -0.220628 -0.127625 -0.232733 -0.124356 -0.227632 
4.098 -0.196713 -0.162731 -0.191855 -0.159025 -0.187401 -0.155296 -0.183156 -0.152346 -0.178767 -0.149436 -0.188637 -0.155317 -0.18369 -0.151849 
4.355 -0.120696 -0.0867141 -0.117702 -0.0850136 -0.115166 -0.0829947 -0.112518 -0.0817577 -0.109882 -0.0804661 -0.112734 -0.0795187 -0.109794 -0.0779146 
3.691 -0.326832 -0.0880838 -0.317785 -0.0861515 -0.309966 -0.0839113 -0.301947 -0.0825301 -0.294281 -0.0811169 -0.318481 -0.0807698 -0.309736 -0.0788611 
4.27 -0.151513 -0.243542 -0.147715 -0.238032 -0.144564 -0.23259 -0.14109 -0.228007 -0.137661 -0.22349 -0.143364 -0.236116 -0.13957 -0.230894 
3.449 -0.430242 -0.192864 -0.417586 -0.187569 -0.406457 -0.182328 -0.395217 -0.178075 -0.384504 -0.173981 -0.421918 -0.185139 -0.409534 -0.180097 
4.367 -0.12412 -0.109314 -0.121107 -0.107065 -0.118621 -0.104667 -0.115854 -0.102982 -0.113103 -0.101228 -0.116132 -0.102135 -0.113144 -0.100025 
4.352 -0.129599 -0.199712 -0.126404 -0.195259 -0.123818 -0.191017 -0.120938 -0.187368 -0.118018 -0.183717 -0.121557 -0.192314 -0.118381 -0.188266 
4.184 -0.176168 -0.264772 -0.171665 -0.258669 -0.167847 -0.252679 -0.163806 -0.247602 -0.159816 -0.242601 -0.167893 -0.257243 -0.163514 -0.251445 
3.396 -0.439145 -0.107944 -0.426137 -0.104997 -0.414577 -0.101952 -0.403057 -0.0997561 -0.39202 -0.0976276 -0.43053 -0.100302 -0.417774 -0.0975633 
3.74 -0.303547 -0.0442542 -0.295314 -0.0433177 -0.288161 -0.0421313 -0.280864 -0.0417088 -0.273846 -0.0412417 -0.295376 -0.0368236 -0.287322 -0.0360357 
4.52 -0.0980962 -0.255184 -0.0957432 -0.249776 -0.0938836 -0.244405 -0.091733 -0.239959 -0.0895137 -0.235383 -0.0899393 -0.247825 -0.0875878 -0.242683 
3.848 -0.287111 -0.242857 -0.279632 -0.23696 -0.273152 -0.23118 -0.266433 -0.226316 -0.259923 -0.221589 -0.278711 -0.2351 -0.271378 -0.229511 
3.818 -0.283002 -0.0668539 -0.275487 -0.0653499 -0.269252 -0.0636554 -0.261808 -0.0626711 -0.254557 -0.0616637 -0.273756 -0.0594126 -0.266806 -0.0580881 
4.57 -0.0741268 -0.0860293 -0.0723399 -0.0844908 -0.0708871 -0.0826992 -0.0691681 -0.0815273 -0.0675361 -0.0801451 -0.0662249 -0.0788636 -0.0642762 -0.077466 
4.402 -0.117956 -0.142186 -0.115131 -0.139411 -0.112792 -0.136429 -0.110211 -0.134227 -0.107654 -0.131836 -0.109924 -0.135092 -0.107128 -0.132368 
4.664 -0.0672785 -0.172319 -0.0656579 -0.168779 -0.0644851 -0.165513 -0.0629722 -0.162492 -0.0614272 -0.159685 -0.0592805 -0.165215 -0.0575645 -0.162041 
4.062 -0.187125 0.000945076 -0.182328 0.000575989 -0.17817 0.000712756 -0.173835 6.10235e-05 -0.169772 -0.000368212 -0.179157 0.00824008 -0.174423 0.00783826 
3.609 -0.372716 -0.385303 -0.362288 -0.375006 -0.353061 -0.365136 -0.343735 -0.356406 -0.334745 -0.348072 -0.363707 -0.376831 -0.353499 -0.366962 
3.9 -0.252869 -0.101781 -0.246199 -0.0994276 -0.240445 -0.0970942 -0.23449 -0.0953637 -0.228688 -0.093735 -0.244699 -0.0944056 -0.238153 -0.0923317 
4.473 -0.0960416 -0.087399 -0.0936065 -0.0857772 -0.0917509 -0.0837799 -0.0895739 -0.0827305 -0.0873896 -0.0813849 -0.0880186 -0.0802754 -0.0856125 -0.0787619 
4.469 -0.108369 -0.219573 -0.105741 -0.214848 -0.103623 -0.210148 -0.101232 -0.206302 -0.0988299 -0.202456 -0.100264 -0.212167 -0.0976632 -0.207741 
4.395 -0.116587 -0.12575 -0.113726 -0.123115 -0.111417 -0.120373 -0.108862 -0.118343 -0.106309 -0.116306 -0.108557 -0.118537 -0.105747 -0.116194 
4.078 -0.196028 -0.0483632 -0.191012 -0.0474344 -0.186796 -0.0462332 -0.182299 -0.0458097 -0.177991 -0.0452462 -0.18804 -0.0410292 -0.183108 -0.0402418 
4.488 -0.098781 -0.188755 -0.0964796 -0.184813 -0.0946152 -0.180876 -0.0924462 -0.177773 -0.0902881 -0.174539 -0.0907566 -0.181571 -0.0883192 -0.177883 
3.305 -0.493932 -0.327092 -0.479253 -0.317778 -0.466067 -0.308718 -0.452952 -0.300728 -0.440367 -0.293276 -0.484705 -0.31871 -0.470313 -0.309675 
3.828 -0.281633 -0.122326 -0.273999 -0.119373 -0.267429 -0.11637 -0.260579 -0.114134 -0.254 -0.111925 -0.273367 -0.114809 -0.265909 -0.1121 
3.998 -0.23027 -0.167525 -0.224418 -0.16363 -0.219599 -0.159732 -0.214217 -0.156631 -0.209157 -0.153588 -0.22301 -0.160191 -0.217001 -0.156486 
4.645 -0.069333 -0.241487 -0.0676633 -0.236601 -0.066486 -0.231643 -0.0649752 -0.227604 -0.0634027 -0.223557 -0.0612216 -0.234139 -0.0595531 -0.229444 
3.475 -0.406958 -0.0867141 -0.394989 -0.0845293 -0.384364 -0.0821533 -0.373714 -0.0806376 -0.363473 -0.0791312 -0.398522 -0.0791359 -0.386739 -0.0771169 
4.027 -0.116587 -0.0106972 -0.113254 -0.010786 -0.110265 -0.0104988 -0.107359 -0.0108899 -0.104428 -0.0111147 -0.108923 -0.00347301 -0.105783 -0.00364807 
3.553 -0.386413 -0.1867 -0.375578 -0.181734 -0.36601 -0.176813 -0.356458 -0.172874 -0.347288 -0.169085 -0.377794 -0.178949 -0.367244 -0.174315 
4.5 -0.0843994 -0.0654842 -0.0822547 -0.0642018 -0.0807513 -0.0629066 -0.0788269 -0.0622073 -0.0769535 -0.0614153 -0.076461 -0.0586587 -0.0743436 -0.0575754 
4.227 -0.161101 -0.260663 -0.157009 -0.254826 -0.153674 -0.249048 -0.149964 -0.244094 -0.146336 -0.239294 -0.152865 -0.253219 -0.148882 -0.247609 
4.199 0.00189015 -0.00316395 0.00219391 -0.00346043 0.00228641 -0.00336421 0.00256826 -0.00394898 0.00295135 -0.00430891 0.00992571 0.00404423 0.0103909 0.00362879 
3.758 -0.31245 -0.177113 -0.303775 -0.172709 -0.296143 -0.168264 -0.288398 -0.164743 -0.28097 -0.161309 -0.304115 -0.169507 -0.295576 -0.165347 
4.289 -0.148089 -0.227791 -0.144436 -0.222718 -0.141507 -0.217763 -0.138262 -0.21363 -0.134973 -0.209552 -0.139915 -0.220356 -0.136394 -0.215629 
