4.652 0.00531434 -0.0428845 0.00538231 -0.0421729 0.00515605 -0.0412657 0.00522894 -0.0409913 0.0053706 -0.0406042 0.0134111 -0.0356852 0.0135884 -0.0352867 
1.273 -0.403534 0.323504 -0.374038 0.300159 -0.349276 0.280774 -0.326901 0.262657 -0.307256 0.24688 -0.398691 0.333907 -0.369024 0.3104 
3.586 -0.382304 -0.374346 -0.371691 -0.364376 -0.36222 -0.354805 -0.352707 -0.346385 -0.343531 -0.338365 -0.373351 -0.365911 -0.362937 -0.356401 
4.652 0.0101082 -0.0572661 0.0100804 -0.0563434 0.00979663 -0.0550329 0.00977515 -0.0545448 0.00984374 -0.0537929 0.0182826 -0.0501579 0.0183837 -0.0492921 
3.691 -0.343953 -0.401739 -0.33458 -0.391279 -0.326282 -0.381227 -0.317859 -0.372325 -0.309668 -0.363824 -0.335085 -0.393255 -0.325906 -0.383263 
3.639 -0.363128 -0.369552 -0.353091 -0.359788 -0.344226 -0.350413 -0.335264 -0.34218 -0.326616 -0.334328 -0.354159 -0.361169 -0.344402 -0.351886 
3.438 -0.437776 -0.235324 -0.425014 -0.228886 -0.413666 -0.222576 -0.402416 -0.217325 -0.391581 -0.212322 -0.428691 -0.227271 -0.416201 -0.221109 
3.691 -0.344638 -0.383934 -0.335233 -0.373941 -0.326917 -0.364338 -0.318509 -0.35586 -0.310322 -0.347789 -0.335781 -0.37556 -0.326602 -0.365999 
3.609 -0.359704 -0.0757567 -0.349381 -0.0739258 -0.340304 -0.0718456 -0.331179 -0.0706163 -0.322491 -0.0693743 -0.351387 -0.0681895 -0.341322 -0.066525 
3.824 -0.29396 -0.372291 -0.286237 -0.36303 -0.2795 -0.354113 -0.272575 -0.346269 -0.265824 -0.338757 -0.285265 -0.364067 -0.277748 -0.355251 
3.586 -0.383673 -0.414751 -0.373079 -0.403757 -0.363616 -0.393187 -0.354135 -0.383836 -0.344957 -0.374872 -0.374626 -0.406194 -0.364242 -0.39563 
3.586 -0.382989 -0.394891 -0.372346 -0.384381 -0.36288 -0.374269 -0.353357 -0.365375 -0.344183 -0.356839 -0.373964 -0.386388 -0.363537 -0.376299 
2.107 -0.152198 0.163936 -0.147722 0.159106 -0.14397 0.155266 -0.140018 0.150693 -0.136256 0.146576 -0.144391 0.172073 -0.139947 0.167349 
4.137 -0.180277 -0.0538419 -0.175669 -0.0528555 -0.17172 -0.0514661 -0.16754 -0.0508794 -0.163507 -0.0501815 -0.172268 -0.046575 -0.167726 -0.0456688 
3.617 -0.365183 -0.155198 -0.354772 -0.15124 -0.345651 -0.147202 -0.336421 -0.144041 -0.327659 -0.141005 -0.356681 -0.147477 -0.346523 -0.143776 
3.887 -0.274099 -0.345583 -0.266885 -0.337042 -0.260584 -0.328805 -0.254056 -0.321596 -0.247755 -0.314647 -0.265502 -0.337521 -0.258497 -0.329442 
3.621 -0.367237 -0.413382 -0.357173 -0.402558 -0.348259 -0.392142 -0.339243 -0.3829 -0.330532 -0.374094 -0.358235 -0.404833 -0.348393 -0.394446 
3.734 -0.325462 -0.396261 -0.316677 -0.38608 -0.308919 -0.376277 -0.301039 -0.367626 -0.293355 -0.359336 -0.316651 -0.387872 -0.308081 -0.378157 
3.795 -0.308341 -0.354486 -0.300132 -0.345524 -0.292946 -0.336897 -0.285546 -0.329315 -0.278412 -0.322055 -0.299657 -0.346299 -0.291647 -0.337787 
4.602 -0.0556362 -0.036721 -0.0541725 -0.0362881 -0.0531226 -0.0354104 -0.0517808 -0.0353091 -0.0504303 -0.0350248 -0.0476234 -0.0295977 -0.0461109 -0.0292389 
1.267 -0.383673 0.320764 -0.355902 0.29797 -0.332609 0.279075 -0.311498 0.26141 -0.292918 0.245819 -0.378639 0.331016 -0.350752 0.308157 
4.023 -0.219997 -0.0586358 -0.214281 -0.0575072 -0.209429 -0.0560371 -0.204328 -0.0553558 -0.199427 -0.0545715 -0.211913 -0.0513167 -0.20636 -0.0502684 
3.953 -0.240542 -0.0634297 -0.234221 -0.0620695 -0.228892 -0.0604543 -0.223311 -0.0595648 -0.217978 -0.0586435 -0.232433 -0.0561014 -0.226321 -0.0548465 
3.625 -0.365868 -0.392152 -0.355828 -0.381859 -0.346968 -0.371984 -0.337967 -0.363225 -0.329261 -0.354925 -0.356871 -0.383634 -0.347093 -0.373789 
3.793 -0.309026 -0.374346 -0.300791 -0.364876 -0.293542 -0.355726 -0.286153 -0.347729 -0.278964 -0.340039 -0.300319 -0.366079 -0.292223 -0.357016 
3.68 -0.347377 -0.368182 -0.337945 -0.35861 -0.32965 -0.349414 -0.321157 -0.341299 -0.312977 -0.333588 -0.338547 -0.359875 -0.32932 -0.350711 
4.75 -0.0172853 -0.044939 -0.0168459 -0.0442897 -0.0166205 -0.0433504 -0.0161959 -0.0430794 -0.015695 -0.0426234 -0.00922316 -0.0378292 -0.00866109 -0.0373331 
4.152 -0.182331 -0.190809 -0.177729 -0.186496 -0.173862 -0.182181 -0.169744 -0.178699 -0.165705 -0.175247 -0.17411 -0.183309 -0.169637 -0.179329 
3.854 -0.288481 -0.401739 -0.2808 -0.391632 -0.274141 -0.381937 -0.267245 -0.37334 -0.260529 -0.365087 -0.279829 -0.393458 -0.272352 -0.383816 
3.842 -0.293275 -0.353116 -0.285584 -0.344284 -0.278858 -0.335802 -0.271966 -0.328354 -0.265241 -0.321227 -0.284671 -0.344966 -0.277165 -0.33659 
3.775 -0.31245 -0.416121 -0.304206 -0.40559 -0.296904 -0.395467 -0.289471 -0.386501 -0.282228 -0.377945 -0.303608 -0.407597 -0.295535 -0.397548 
3.172 -0.287796 0.117367 -0.278907 0.113655 -0.271197 0.110762 -0.263426 0.107188 -0.256091 0.103875 -0.280072 0.124967 -0.271412 0.121275 
3.604 -0.361074 -0.101096 -0.350743 -0.0986543 -0.341686 -0.0959054 -0.332513 -0.0940374 -0.323807 -0.0923078 -0.35273 -0.0936158 -0.342618 -0.0912504 
3.098 -0.185755 0.124216 -0.179943 0.120105 -0.175022 0.116914 -0.169883 0.112975 -0.165095 0.109449 -0.178005 0.131916 -0.172254 0.127858 
3.674 -0.346007 -0.423654 -0.336636 -0.412626 -0.32834 -0.402065 -0.319898 -0.392687 -0.311694 -0.383696 -0.337122 -0.415099 -0.327922 -0.404551 
3.838 -0.290536 -0.385988 -0.282873 -0.376325 -0.276205 -0.367038 -0.269313 -0.358828 -0.262586 -0.350976 -0.281898 -0.37776 -0.274448 -0.368539 
3.736 -0.326147 -0.35928 -0.317406 -0.350087 -0.309688 -0.341212 -0.301805 -0.333434 -0.294164 -0.325979 -0.317409 -0.351066 -0.308836 -0.342276 
3.717 -0.330256 -0.4216 -0.321425 -0.410807 -0.313611 -0.400433 -0.305695 -0.391263 -0.297935 -0.382452 -0.321345 -0.413037 -0.3127 -0.402708 
3.793 -0.309026 -0.392837 -0.300768 -0.382884 -0.293554 -0.373294 -0.286152 -0.364826 -0.278929 -0.356703 -0.300263 -0.384516 -0.292216 -0.375008 
3.766 -0.302863 -0.066169 -0.294671 -0.0647257 -0.287554 -0.062992 -0.280235 -0.0619602 -0.273294 -0.0610144 -0.294714 -0.0588783 -0.286724 -0.0575092 
3.885 -0.275469 -0.383249 -0.268276 -0.373777 -0.261986 -0.364624 -0.255456 -0.356581 -0.249089 -0.348857 -0.266863 -0.375031 -0.2598 -0.36597 
3.475 -0.417231 -0.197658 -0.405257 -0.192382 -0.394668 -0.187103 -0.38404 -0.182836 -0.373911 -0.178783 -0.408519 -0.189889 -0.396783 -0.184882 
3.541 -0.400794 -0.238063 -0.389256 -0.231665 -0.379093 -0.225332 -0.368905 -0.220072 -0.359135 -0.215021 -0.391925 -0.230209 -0.380738 -0.22408 
3.689 -0.330941 -0.130544 -0.321878 -0.127384 -0.313986 -0.123988 -0.305876 -0.121538 -0.298193 -0.119124 -0.322607 -0.123033 -0.313768 -0.120035 
3.885 -0.276839 -0.367498 -0.269578 -0.358464 -0.263311 -0.349813 -0.25677 -0.342132 -0.250447 -0.334818 -0.268171 -0.359344 -0.261175 -0.350763 
3.646 -0.359704 -0.219573 -0.349861 -0.213911 -0.341148 -0.208327 -0.332183 -0.203653 -0.323763 -0.199259 -0.351262 -0.211816 -0.341523 -0.206449 
3.438 -0.435036 -0.205876 -0.422235 -0.20029 -0.410848 -0.19469 -0.399514 -0.190165 -0.38871 -0.185835 -0.426266 -0.198055 -0.413782 -0.192718 
4.047 -0.0433091 -0.0100123 -0.0420233 -0.0102184 -0.0412162 -0.00990198 -0.0401245 -0.0104095 -0.0390001 -0.0106611 -0.0351786 -0.00290676 -0.0339309 -0.00312094 
3.623 -0.355595 -0.133283 -0.345616 -0.129853 -0.336829 -0.12626 -0.327908 -0.123581 -0.319392 -0.121035 -0.347338 -0.125772 -0.337575 -0.122527 
2.344 -0.165895 0.142706 -0.160874 0.138379 -0.156657 0.134945 -0.152295 0.130892 -0.148137 0.127208 -0.158219 0.150529 -0.153311 0.146288 
3.748 -0.161101 0.0194357 -0.156781 0.0184495 -0.153141 0.018141 -0.149152 0.0171394 -0.145362 0.0163515 -0.153183 0.026788 -0.148929 0.0258453 
4.855 -0.00358855 -0.100411 -0.00335874 -0.0984621 -0.00332179 -0.0962406 -0.00309465 -0.0947709 -0.00276728 -0.0931857 0.00444538 -0.0934545 0.00481635 -0.0916319 
3.582 -0.379564 -0.199712 -0.368844 -0.194548 -0.359385 -0.189377 -0.349867 -0.185223 -0.340787 -0.181215 -0.370934 -0.191989 -0.360464 -0.187096 
3.719 -0.326832 -0.185331 -0.31787 -0.180652 -0.310095 -0.175902 -0.302156 -0.172149 -0.294546 -0.168513 -0.318231 -0.17769 -0.309446 -0.173237 
3.863 -0.278208 -0.179167 -0.270874 -0.174842 -0.264496 -0.170475 -0.257923 -0.167003 -0.251594 -0.163615 -0.269811 -0.171598 -0.262699 -0.167532 
3.883 -0.274784 -0.40037 -0.267591 -0.390438 -0.261289 -0.380882 -0.254741 -0.372407 -0.248369 -0.364265 -0.266181 -0.392101 -0.2591 -0.382636 
3.959 -0.0597452 0.0454595 -0.0581329 0.0438917 -0.0569167 0.0429868 -0.055407 0.041277 -0.0539362 0.0398919 -0.0518298 0.0528087 -0.0500913 0.0512715 
3.955 -0.244651 -0.174373 -0.238258 -0.170344 -0.232814 -0.166226 -0.227067 -0.16293 -0.22156 -0.159729 -0.236342 -0.166888 -0.23017 -0.163072 
4.828 -0.0213943 -0.100411 -0.0207232 -0.0984254 -0.0203555 -0.0962326 -0.0197505 -0.0947493 -0.0189895 -0.0931562 -0.0133594 -0.0934085 -0.0125826 -0.0915885 
3.873 -0.277524 -0.216148 -0.270281 -0.210926 -0.263915 -0.205671 -0.257344 -0.201377 -0.251086 -0.197211 -0.269265 -0.208578 -0.262048 -0.20358 
4.156 -0.183701 -0.204506 -0.17906 -0.199939 -0.175176 -0.195306 -0.171046 -0.191549 -0.16699 -0.187831 -0.175461 -0.19705 -0.170976 -0.192722 
4.629 -0.0412546 -0.0415149 -0.0401423 -0.0409885 -0.0393999 -0.0400205 -0.0383149 -0.0398238 -0.0372753 -0.0392906 -0.0331961 -0.0344638 -0.0319982 -0.0338868 
3.756 -0.317929 -0.213409 -0.309279 -0.208065 -0.301737 -0.20277 -0.294032 -0.198446 -0.28665 -0.194246 -0.309494 -0.205711 -0.301079 -0.200701 
3.936 -0.242597 -0.0908232 -0.236259 -0.088798 -0.230854 -0.0864874 -0.225233 -0.0850557 -0.219844 -0.0835788 -0.234407 -0.0834894 -0.228241 -0.0815843 
3.697 -0.332995 -0.154513 -0.323834 -0.150689 -0.315861 -0.146806 -0.307769 -0.143856 -0.300019 -0.140954 -0.324632 -0.146916 -0.315705 -0.143334 
3.262 -0.196713 0.112574 -0.190548 0.10881 -0.185345 0.105991 -0.179953 0.102321 -0.174962 0.0991782 -0.188984 0.120264 -0.182957 0.11653 
3.639 -0.355595 -0.192864 -0.34562 -0.187894 -0.336955 -0.182927 -0.328223 -0.178925 -0.319707 -0.175103 -0.347102 -0.18514 -0.337539 -0.180454 
3.344 -0.476127 -0.233954 -0.461875 -0.227331 -0.449146 -0.220852 -0.436589 -0.215448 -0.424563 -0.210361 -0.467059 -0.225906 -0.453133 -0.219599 
3.613 -0.299438 0.105725 -0.290259 0.102263 -0.282331 0.0996562 -0.274325 0.096292 -0.26682 0.0932303 -0.291697 0.113303 -0.282745 0.10992 
3.621 -0.369977 -0.231215 -0.359494 -0.225171 -0.350375 -0.219144 -0.341122 -0.214141 -0.332279 -0.209389 -0.361104 -0.223356 -0.350985 -0.217596 
3.566 -0.135077 0.115313 -0.131197 0.11188 -0.128004 0.109281 -0.124518 0.105884 -0.121269 0.102933 -0.127228 0.122931 -0.12338 0.119556 
3.688 -0.340529 -0.216833 -0.331381 -0.21136 -0.323282 -0.205927 -0.315019 -0.201399 -0.307177 -0.197107 -0.332374 -0.209149 -0.323201 -0.203919 
3.539 -0.400794 -0.224367 -0.389337 -0.218373 -0.379186 -0.212518 -0.368955 -0.207621 -0.359242 -0.20297 -0.391984 -0.216402 -0.38077 -0.210771 
3.221 -0.16795 0.122161 -0.16279 0.118186 -0.158386 0.115091 -0.1538 0.111293 -0.149531 0.107851 -0.160237 0.129893 -0.155107 0.125945 
2.213 -0.16658 0.158458 -0.161612 0.153661 -0.157381 0.149872 -0.152959 0.145355 -0.148761 0.141308 -0.158981 0.166238 -0.154006 0.161551 
4.086 -0.202876 -0.150404 -0.1977 -0.147045 -0.193396 -0.143592 -0.188727 -0.140951 -0.184282 -0.138331 -0.194652 -0.143012 -0.189646 -0.139881 
3.789 -0.302178 -0.184646 -0.294115 -0.180076 -0.286971 -0.175476 -0.279725 -0.171835 -0.27274 -0.168261 -0.293689 -0.177016 -0.285877 -0.172739 
3.918 -0.259718 -0.203137 -0.252935 -0.198296 -0.24685 -0.193394 -0.240786 -0.189475 -0.234845 -0.185625 -0.251376 -0.195495 -0.244787 -0.190968 
3.924 -0.257663 -0.181907 -0.251031 -0.177655 -0.245063 -0.173307 -0.239204 -0.169868 -0.233198 -0.166444 -0.249429 -0.174403 -0.242885 -0.170379 
3.75 -0.308341 -0.0805506 -0.300011 -0.0787792 -0.292704 -0.0765382 -0.285281 -0.0752387 -0.278183 -0.0739241 -0.300194 -0.0732277 -0.292038 -0.0714455 
3.877 -0.283002 -0.323668 -0.275582 -0.315708 -0.269147 -0.307849 -0.262523 -0.301088 -0.256003 -0.294603 -0.274443 -0.315757 -0.267229 -0.30807 
4.359 -0.0261882 -0.0339816 -0.0254432 -0.0336278 -0.025023 -0.0328428 -0.0243193 -0.0327986 -0.0235514 -0.0325635 -0.0181336 -0.0269243 -0.0173417 -0.0266931 
4.078 -0.206985 -0.197658 -0.201753 -0.193151 -0.197149 -0.188609 -0.192352 -0.184941 -0.18767 -0.181337 -0.19858 -0.190143 -0.193563 -0.185963 
4.738 -0.0378304 -0.0969867 -0.0367932 -0.0950148 -0.0361304 -0.0928749 -0.0352189 -0.0914278 -0.0341926 -0.0898829 -0.0297553 -0.0898954 -0.0286654 -0.0881548 
4.039 -0.217258 -0.153828 -0.21163 -0.150383 -0.206799 -0.146786 -0.201733 -0.144073 -0.196792 -0.141373 -0.208946 -0.1464 -0.203478 -0.143209 
4.141 -0.136447 -0.00864265 -0.132814 -0.00879564 -0.129811 -0.00839562 -0.126565 -0.00885562 -0.123501 -0.00907745 -0.128569 -0.00139681 -0.125044 -0.00153959 
3.832 -0.298069 -0.317504 -0.290047 -0.309477 -0.282964 -0.301622 -0.275792 -0.294888 -0.268828 -0.288364 -0.289502 -0.309535 -0.281652 -0.301888 
3.863 -0.282317 -0.23053 -0.274888 -0.224935 -0.268402 -0.219497 -0.261713 -0.214855 -0.255239 -0.210451 -0.273954 -0.222909 -0.266647 -0.21761 
4.648 -0.0549514 -0.0531571 -0.0535231 -0.0522532 -0.0524922 -0.0510414 -0.0511933 -0.0506173 -0.0498521 -0.0499507 -0.0469293 -0.0460437 -0.0454461 -0.045299 
4.48 -0.100836 -0.163416 -0.0983927 -0.16011 -0.0964776 -0.156641 -0.0942359 -0.153966 -0.0919494 -0.151214 -0.092805 -0.156192 -0.0903239 -0.153096 
3.689 -0.339844 -0.173004 -0.330478 -0.168595 -0.322241 -0.164069 -0.313926 -0.160517 -0.305959 -0.15706 -0.33137 -0.165409 -0.322205 -0.161162 
4.016 -0.23164 -0.202452 -0.225666 -0.197798 -0.220564 -0.193147 -0.21526 -0.189373 -0.21 -0.185671 -0.223147 -0.194826 -0.217488 -0.190508 
4.672 -0.0638543 -0.225736 -0.0623986 -0.22124 -0.0613486 -0.216696 -0.0599872 -0.212986 -0.0585344 -0.209209 -0.0557986 -0.218481 -0.0542862 -0.21432 
4.699 -0.0590604 -0.273675 -0.0576557 -0.268205 -0.0566622 -0.262765 -0.0553836 -0.258149 -0.0539645 -0.253564 -0.0509175 -0.266402 -0.04948 -0.261241 
4.473 -0.100836 -0.138077 -0.0984068 -0.135396 -0.0965319 -0.132464 -0.0943003 -0.130274 -0.0921023 -0.128034 -0.0928106 -0.130925 -0.0903598 -0.128367 
4.699 -0.0624846 -0.205876 -0.0609916 -0.201813 -0.0599649 -0.197693 -0.0585999 -0.194176 -0.0572294 -0.190873 -0.054394 -0.198764 -0.0528837 -0.194852 
2.107 -0.252185 0.186536 -0.243048 0.179981 -0.235629 0.174668 -0.227927 0.168687 -0.22039 0.163135 -0.242703 0.193962 -0.233902 0.187811 
4.426 -0.10152 -0.0524723 -0.0990172 -0.0515356 -0.0970227 -0.0503089 -0.0947817 -0.0498835 -0.0924229 -0.0493308 -0.0935424 -0.0453069 -0.0909962 -0.0446181 
3.766 -0.308341 -0.149034 -0.300066 -0.145371 -0.292912 -0.141669 -0.28554 -0.138801 -0.278519 -0.136024 -0.300015 -0.14148 -0.292007 -0.138116 
2.205 -0.267936 0.18996 -0.258812 0.183393 -0.250937 0.178007 -0.24301 0.17195 -0.235663 0.16646 -0.260495 0.197962 -0.251522 0.191518 
4.711 -0.0357759 -0.0558965 -0.0347694 -0.0551922 -0.0341759 -0.0539529 -0.0333206 -0.0534668 -0.0323471 -0.0528156 -0.027675 -0.0488663 -0.0266654 -0.0481128 
3.871 -0.269306 -0.153828 -0.262138 -0.150094 -0.255951 -0.14622 -0.249556 -0.143326 -0.243379 -0.140408 -0.261 -0.146316 -0.254043 -0.142837 
3.691 -0.339844 -0.192864 -0.330378 -0.18803 -0.322152 -0.183138 -0.313757 -0.179261 -0.305714 -0.175481 -0.331427 -0.185222 -0.322285 -0.180645 
4.051 -0.214519 -0.125065 -0.209063 -0.122362 -0.204226 -0.11946 -0.19926 -0.117373 -0.194413 -0.115285 -0.206364 -0.117736 -0.200997 -0.115197 
3.158 -0.274099 0.115998 -0.265515 0.112162 -0.258112 0.109223 -0.250569 0.105546 -0.243521 0.102241 -0.266031 0.123461 -0.25758 0.119645 
3.805 -0.301493 -0.219573 -0.293566 -0.214171 -0.286627 -0.208801 -0.279474 -0.204333 -0.272565 -0.200051 -0.293331 -0.211975 -0.285467 -0.206825 
4.297 -0.14398 -0.152459 -0.140353 -0.149133 -0.137374 -0.145764 -0.134102 -0.143222 -0.130879 -0.140526 -0.135885 -0.145128 -0.132314 -0.142153 
3.656 -0.120696 0.118737 -0.117217 0.115217 -0.114272 0.112554 -0.111243 0.109085 -0.10822 0.106077 -0.112967 0.126398 -0.109486 0.122924 
3.777 -0.294645 -0.0949322 -0.286491 -0.0927236 -0.27942 -0.0902629 -0.272142 -0.0886122 -0.265234 -0.0870432 -0.286409 -0.087515 -0.278473 -0.0854357 
4.793 0.00873853 -0.0723326 0.00871943 -0.0711342 0.0084762 -0.0696187 0.00848 -0.0688366 0.00856673 -0.067949 0.0168288 -0.0653355 0.0169425 -0.0642838 
3.51 -0.404219 -0.171634 -0.392527 -0.167141 -0.38251 -0.162594 -0.372218 -0.159019 -0.362304 -0.155588 -0.395615 -0.163898 -0.384325 -0.159668 
4.191 -0.178222 -0.286002 -0.173749 -0.27941 -0.169953 -0.27294 -0.1659 -0.267398 -0.161887 -0.261972 -0.170006 -0.2784 -0.165624 -0.27213 
4.805 0.0176414 -0.102465 0.0174248 -0.100438 0.0169744 -0.0980928 0.0168422 -0.0965642 0.0168025 -0.0948797 0.0257722 -0.0955818 0.0256755 -0.0936227 
4.301 0.00873853 -0.0264484 0.00871345 -0.0262379 0.00843172 -0.0255596 0.00844255 -0.0256825 0.00852539 -0.0256267 0.0168548 -0.0193635 0.01698 -0.019246 
4.281 -0.14535 -0.175743 -0.141715 -0.172014 -0.138722 -0.168034 -0.13538 -0.16496 -0.132154 -0.161852 -0.137266 -0.168416 -0.133628 -0.1648 
3.955 -0.254924 -0.309286 -0.248303 -0.301757 -0.24258 -0.294395 -0.236647 -0.288027 -0.230803 -0.281838 -0.246426 -0.301437 -0.239989 -0.294257 
4.559 -0.0864539 -0.16684 -0.0842991 -0.163429 -0.0826937 -0.159963 -0.0807458 -0.157308 -0.0787745 -0.154578 -0.0784307 -0.159647 -0.0762487 -0.156464 
4.648 -0.0686481 -0.256554 -0.0670162 -0.251398 -0.0657961 -0.246169 -0.0643028 -0.241844 -0.0627137 -0.237499 -0.0605433 -0.249263 -0.058904 -0.244373 
3.543 -0.394631 -0.199028 -0.383404 -0.193777 -0.373428 -0.188502 -0.363378 -0.184266 -0.35374 -0.180212 -0.386011 -0.191257 -0.375032 -0.186269 
3.574 -0.380249 -0.151089 -0.369458 -0.147207 -0.359933 -0.143193 -0.350375 -0.140172 -0.341275 -0.13722 -0.371801 -0.143481 -0.36136 -0.139807 
3.785 -0.296699 -0.12438 -0.288512 -0.121398 -0.28138 -0.11827 -0.27408 -0.11598 -0.267104 -0.113697 -0.28839 -0.116889 -0.280437 -0.114113 
4.598 -0.0830297 -0.25176 -0.0810517 -0.24653 -0.0794574 -0.241345 -0.0776298 -0.237025 -0.0757235 -0.232536 -0.0749559 -0.244385 -0.0728902 -0.239604 
3.426 -0.437091 -0.166155 -0.424136 -0.161555 -0.41265 -0.156901 -0.401191 -0.153294 -0.390336 -0.149836 -0.428309 -0.158381 -0.415667 -0.153999 
3.713 -0.281633 0.098192 -0.273166 0.0949722 -0.265663 0.0924959 -0.258074 0.0893691 -0.25093 0.0865143 -0.274046 0.10578 -0.265619 0.102595 
4.758 -0.0494727 -0.22916 -0.0482457 -0.224619 -0.0473755 -0.219992 -0.0462027 -0.21627 -0.0449319 -0.21245 -0.0413697 -0.221905 -0.0400852 -0.217648 
2.332 -0.278208 0.172839 -0.268865 0.166914 -0.260708 0.162045 -0.25254 0.156592 -0.24492 0.15154 -0.270817 0.180711 -0.261542 0.174869 
3.771 -0.304232 -0.164101 -0.296049 -0.160059 -0.288893 -0.1559 -0.281544 -0.152662 -0.274537 -0.149506 -0.295902 -0.156549 -0.287905 -0.15274 
3.355 -0.476811 -0.252445 -0.462588 -0.245423 -0.449877 -0.238406 -0.437262 -0.232598 -0.425225 -0.227059 -0.467799 -0.244446 -0.453888 -0.237683 
3.738 -0.311081 -0.112738 -0.302679 -0.109993 -0.295387 -0.107113 -0.287886 -0.105078 -0.280771 -0.103052 -0.302804 -0.10526 -0.29462 -0.102746 
4.43 -0.117956 -0.25176 -0.115131 -0.246372 -0.112803 -0.241001 -0.110201 -0.236437 -0.107606 -0.232058 -0.109872 -0.244389 -0.107036 -0.239278 
4.102 -0.200822 -0.123011 -0.195634 -0.12038 -0.191413 -0.117531 -0.186726 -0.115513 -0.182339 -0.113463 -0.192689 -0.11573 -0.187581 -0.113224 
4.062 -0.202876 -0.0606903 -0.197489 -0.0595144 -0.192843 -0.0579681 -0.187845 -0.0572293 -0.183228 -0.0564161 -0.19516 -0.0534111 -0.189768 -0.0522963 
3.186 -0.534338 -0.212724 -0.51754 -0.206373 -0.502535 -0.200039 -0.487767 -0.194928 -0.473673 -0.190012 -0.525193 -0.204644 -0.508757 -0.198619 
4.543 -0.0837146 -0.130544 -0.0816646 -0.127939 -0.0800486 -0.125231 -0.0781757 -0.123228 -0.0762866 -0.121173 -0.0757099 -0.123437 -0.0736112 -0.121021 
3.777 -0.287796 -0.0442542 -0.279843 -0.0433431 -0.272866 -0.0421051 -0.265804 -0.0417578 -0.25906 -0.0412946 -0.279761 -0.0368094 -0.271948 -0.0360723 
3.498 -0.405588 -0.113423 -0.393729 -0.110469 -0.383278 -0.107352 -0.372732 -0.105121 -0.362874 -0.102997 -0.396997 -0.105816 -0.38547 -0.103058 
4.605 -0.0727572 -0.10315 -0.0710059 -0.101168 -0.0695922 -0.0988431 -0.0679415 -0.0973434 -0.066264 -0.0957274 -0.0648219 -0.0961039 -0.0629215 -0.0942137 
4.414 -0.115217 -0.173004 -0.112391 -0.169415 -0.110087 -0.165732 -0.107467 -0.162877 -0.104904 -0.159982 -0.107192 -0.16571 -0.104365 -0.162372 
3.436 -0.432297 -0.14835 -0.41961 -0.144259 -0.408142 -0.140038 -0.396829 -0.13685 -0.38608 -0.133739 -0.423745 -0.140642 -0.411248 -0.13678 
3.4 -0.441885 -0.12575 -0.428785 -0.122388 -0.417145 -0.118843 -0.405567 -0.116305 -0.394582 -0.113797 -0.433183 -0.118081 -0.420365 -0.114901 
4.598 -0.0809752 -0.227106 -0.0790771 -0.222454 -0.0775639 -0.217877 -0.0757274 -0.214059 -0.0738838 -0.210301 -0.0729412 -0.219754 -0.0709511 -0.215438 
3.816 -0.301493 -0.241487 -0.293433 -0.235529 -0.286397 -0.229686 -0.279177 -0.224793 -0.272193 -0.220055 -0.293003 -0.233703 -0.285159 -0.22809 
4.754 -0.048103 -0.177113 -0.0469057 -0.17354 -0.0460932 -0.169956 -0.0449579 -0.167133 -0.0437623 -0.164289 -0.0400287 -0.169713 -0.0387562 -0.166594 
4.73 -0.0528969 -0.25039 -0.0516114 -0.245371 -0.0506986 -0.240236 -0.0495065 -0.236122 -0.0481924 -0.231971 -0.0447941 -0.243016 -0.04347 -0.238408 
2.59 -0.21041 0.133804 -0.203691 0.129437 -0.197899 0.125974 -0.192023 0.121771 -0.186512 0.117963 -0.202827 0.141565 -0.196217 0.137223 
3.623 -0.363813 -0.176428 -0.353463 -0.171864 -0.344298 -0.167235 -0.335114 -0.163547 -0.326347 -0.15995 -0.35527 -0.16883 -0.345139 -0.164456 
3.523 -0.212464 0.0762772 -0.205725 0.0735963 -0.200043 0.0717765 -0.194175 0.0691003 -0.188624 0.0667567 -0.204796 0.083757 -0.198172 0.0811442 
4.758 -0.0494727 -0.194234 -0.0482561 -0.190355 -0.0473968 -0.18638 -0.0462444 -0.183313 -0.0450137 -0.180048 -0.0413665 -0.186846 -0.040104 -0.183457 
4.105 -0.190549 -0.0668539 -0.185797 -0.0656644 -0.181821 -0.0640915 -0.177558 -0.0633166 -0.173456 -0.0624721 -0.182482 -0.0595814 -0.17786 -0.0584698 
3.986 -0.233009 -0.14698 -0.227032 -0.143632 -0.221853 -0.140049 -0.216509 -0.137412 -0.211233 -0.134784 -0.224522 -0.13952 -0.218642 -0.13638 
2.479 -0.234379 0.140652 -0.226732 0.135935 -0.220211 0.132161 -0.213592 0.127624 -0.207311 0.123623 -0.226533 0.148349 -0.219108 0.14374 
3.508 -0.39874 -0.100411 -0.387059 -0.0977658 -0.377066 -0.0948782 -0.366855 -0.0929518 -0.357348 -0.0910395 -0.390344 -0.0928737 -0.379102 -0.0903862 
3.92 -0.238488 -0.0435694 -0.232206 -0.0427734 -0.226863 -0.0416204 -0.221296 -0.0412732 -0.215941 -0.0408346 -0.230389 -0.0361958 -0.224309 -0.0355444 
3.949 -0.244651 -0.120271 -0.238295 -0.117511 -0.232913 -0.114721 -0.227264 -0.112675 -0.221858 -0.110693 -0.236464 -0.112827 -0.23022 -0.110188 
3.475 -0.409012 -0.0647993 -0.397046 -0.0631495 -0.386461 -0.0611469 -0.375769 -0.0601051 -0.365788 -0.0590184 -0.400588 -0.0572933 -0.38885 -0.0557266 
4.73 0.0395562 -0.0497329 0.0387705 -0.0491553 0.0378286 -0.0480124 0.0371774 -0.0476416 0.0366633 -0.0471808 0.0478142 -0.0427843 0.0471886 -0.0421625 
2.5 -0.196028 0.139967 -0.189744 0.135363 -0.184404 0.131662 -0.179074 0.127243 -0.173893 0.123442 -0.188413 0.147722 -0.182206 0.143238 
3.953 -0.254239 -0.233269 -0.247601 -0.22765 -0.241972 -0.222194 -0.236066 -0.217576 -0.230331 -0.213159 -0.245842 -0.225629 -0.239422 -0.220346 
4.02 -0.225476 -0.109999 -0.219639 -0.107537 -0.214507 -0.104854 -0.209262 -0.103011 -0.204023 -0.101141 -0.217373 -0.10262 -0.211542 -0.100332 
4.371 -0.12412 -0.109314 -0.121132 -0.107058 -0.118613 -0.104635 -0.115864 -0.10294 -0.113122 -0.101154 -0.116122 -0.102097 -0.113163 -0.100039 
4.301 -0.137132 -0.087399 -0.133632 -0.0856412 -0.130675 -0.0836924 -0.127636 -0.0824205 -0.124425 -0.0811048 -0.129117 -0.080126 -0.125765 -0.07862 
4.648 -0.0631694 -0.126435 -0.061685 -0.124038 -0.0605477 -0.121393 -0.0591332 -0.119627 -0.0576677 -0.117408 -0.0551953 -0.119367 -0.053628 -0.117102 
3.824 -0.282317 -0.10315 -0.274782 -0.100705 -0.268197 -0.0981251 -0.261489 -0.0964587 -0.255004 -0.094684 -0.274076 -0.0956246 -0.266747 -0.0934118 
3.52 -0.399425 -0.157252 -0.38787 -0.153102 -0.377876 -0.148892 -0.367623 -0.145613 -0.358088 -0.142501 -0.390897 -0.14957 -0.379678 -0.145677 
4.402 -0.120696 -0.237378 -0.117803 -0.232196 -0.115457 -0.227021 -0.112785 -0.222669 -0.110084 -0.218448 -0.112649 -0.230021 -0.109749 -0.225098 
4.336 -0.135762 -0.240118 -0.132461 -0.234822 -0.129681 -0.229489 -0.126673 -0.225046 -0.123668 -0.220664 -0.127655 -0.232748 -0.124343 -0.227695 
4.078 -0.201507 -0.0997261 -0.196345 -0.0975419 -0.192012 -0.0951423 -0.187461 -0.0935811 -0.183116 -0.0919816 -0.193045 -0.0923121 -0.188198 -0.0903421 
4.27 -0.151513 -0.243542 -0.147732 -0.238046 -0.144576 -0.23252 -0.141105 -0.227989 -0.137693 -0.223449 -0.143351 -0.236137 -0.139621 -0.230893 
3.57 -0.373401 -0.0675387 -0.362811 -0.0658734 -0.353426 -0.0638941 -0.3441 -0.0628439 -0.335176 -0.0617305 -0.365278 -0.0600383 -0.354846 -0.0585079 
4.332 -0.135762 -0.221627 -0.13252 -0.216759 -0.129764 -0.211885 -0.126754 -0.207908 -0.123797 -0.203995 -0.127745 -0.214258 -0.12441 -0.209692 
3.451 -0.424079 -0.160677 -0.411822 -0.156361 -0.400673 -0.151954 -0.389776 -0.148537 -0.379293 -0.145256 -0.415438 -0.152928 -0.40334 -0.148834 
3.564 -0.378195 -0.103835 -0.367475 -0.101185 -0.358088 -0.0982851 -0.348494 -0.0963089 -0.339534 -0.0944081 -0.369859 -0.0962522 -0.359328 -0.0937748 
4.102 -0.196713 -0.163416 -0.191814 -0.159748 -0.187542 -0.155984 -0.183184 -0.153063 -0.178764 -0.150137 -0.188672 -0.156036 -0.183714 -0.152569 
4.402 -0.117956 -0.142186 -0.115152 -0.13946 -0.112829 -0.136442 -0.11024 -0.134234 -0.107661 -0.131863 -0.109942 -0.135052 -0.107183 -0.132367 
4.535 -0.0871387 -0.113423 -0.0850117 -0.111309 -0.0834016 -0.108843 -0.0814158 -0.107326 -0.0794627 -0.105558 -0.0791773 -0.106322 -0.0769939 -0.104328 
3.848 -0.237118 0.0762772 -0.229767 0.0736918 -0.22342 0.071898 -0.216948 0.0692847 -0.210777 0.0669323 -0.229398 0.0837702 -0.222079 0.0811757 
4.23 -0.155623 -0.142871 -0.151801 -0.139928 -0.148598 -0.136785 -0.145108 -0.134441 -0.141661 -0.132133 -0.147564 -0.135622 -0.143752 -0.132848 
3.395 -0.439145 -0.107944 -0.426153 -0.105019 -0.414506 -0.101926 -0.403017 -0.0997305 -0.392091 -0.0976232 -0.430555 -0.100317 -0.417843 -0.0975923 
4.363 -0.119326 -0.0942474 -0.116407 -0.0925133 -0.113946 -0.0904242 -0.111261 -0.0891493 -0.108621 -0.087797 -0.111391 -0.0870554 -0.108431 -0.0854333 
4.273 -0.14535 -0.133283 -0.141698 -0.130391 -0.138733 -0.127337 -0.135405 -0.125027 -0.132176 -0.122745 -0.137303 -0.126019 -0.133654 -0.12334 
4.164 -0.190549 -0.299014 -0.185718 -0.29236 -0.18173 -0.285694 -0.17746 -0.280031 -0.173219 -0.274517 -0.182221 -0.291265 -0.177566 -0.284952 
3.691 -0.326147 -0.08329 -0.317061 -0.0814239 -0.309245 -0.0792109 -0.301204 -0.0778865 -0.293531 -0.0765874 -0.317817 -0.075905 -0.309033 -0.0741377 
3.82 -0.283002 -0.0668539 -0.275403 -0.0653719 -0.269184 -0.0636293 -0.261799 -0.0626518 -0.254886 -0.0616559 -0.274322 -0.0594368 -0.266845 -0.058099 
4.355 -0.133023 -0.204506 -0.129769 -0.200128 -0.127164 -0.195788 -0.124241 -0.192211 -0.121304 -0.188599 -0.124867 -0.19713 -0.121735 -0.193096 
3.996 -0.098781 -0.0106972 -0.0962984 -0.0108145 -0.0939176 -0.0104383 -0.0917502 -0.0108438 -0.0891961 -0.011022 -0.0913153 -0.00349007 -0.0884153 -0.00362646 
4.473 -0.0967265 -0.087399 -0.0943003 -0.0858311 -0.092464 -0.083868 -0.0902967 -0.0828106 -0.0881065 -0.0814922 -0.0887055 -0.0802692 -0.0863109 -0.0787879 
4.184 -0.176168 -0.264772 -0.171706 -0.258713 -0.167873 -0.252642 -0.163815 -0.247544 -0.159872 -0.242585 -0.167957 -0.257189 -0.163546 -0.251464 
4.074 -0.187125 0.000945076 -0.182272 0.000567002 -0.178139 0.000671417 -0.173871 5.40012e-05 -0.169787 -0.000326204 -0.179074 0.00826566 -0.174426 0.00788834 
3.762 -0.301493 -0.0456239 -0.29336 -0.0446661 -0.286284 -0.0433878 -0.279046 -0.0429369 -0.272138 -0.0424242 -0.293392 -0.0381629 -0.285432 -0.0373815 
4.594 -0.0823449 -0.191494 -0.0803682 -0.187587 -0.0788334 -0.183588 -0.0770531 -0.180588 -0.0751085 -0.1774 -0.0743035 -0.184154 -0.0722521 -0.180627 
3.447 -0.430242 -0.192864 -0.417568 -0.187583 -0.406396 -0.182301 -0.395212 -0.178035 -0.384458 -0.173953 -0.421637 -0.185082 -0.409346 -0.180078 
4.398 -0.120696 -0.222997 -0.117849 -0.218278 -0.115458 -0.21347 -0.112868 -0.209554 -0.110211 -0.205645 -0.112523 -0.215626 -0.109744 -0.21119 
4.566 -0.0748117 -0.0860293 -0.0730315 -0.084559 -0.0715618 -0.0827143 -0.0698506 -0.0816296 -0.0681554 -0.0804018 -0.0668882 -0.0789693 -0.0649489 -0.0776211 
3.902 -0.252869 -0.102465 -0.246181 -0.100137 -0.240458 -0.0977229 -0.234461 -0.0960407 -0.228726 -0.0944098 -0.2447 -0.0950234 -0.238167 -0.093065 
2.414 -0.250815 0.146816 -0.242529 0.141822 -0.235487 0.137829 -0.228101 0.133127 -0.221442 0.128939 -0.243407 0.154588 -0.235268 0.149676 
2.305 -0.196713 0.157088 -0.190493 0.152056 -0.185091 0.147934 -0.179616 0.143122 -0.174493 0.138896 -0.189176 0.164935 -0.182937 0.159954 
4.664 -0.0672785 -0.172319 -0.0656865 -0.168788 -0.0645004 -0.165508 -0.0629873 -0.162472 -0.0614387 -0.159571 -0.0592986 -0.165181 -0.0575717 -0.162115 
4.398 -0.116587 -0.12575 -0.113705 -0.123182 -0.111404 -0.120357 -0.108834 -0.118371 -0.106275 -0.116312 -0.108477 -0.118551 -0.10572 -0.116174 
4.02 -0.114532 -0.011382 -0.11155 -0.0115003 -0.108616 -0.0111427 -0.105838 -0.0115374 -0.103114 -0.0117463 -0.107187 -0.00415785 -0.103776 -0.0043016 
4.062 -0.196713 -0.0483632 -0.191675 -0.0474698 -0.187405 -0.0462505 -0.182876 -0.0458366 -0.178528 -0.0452885 -0.188703 -0.0410425 -0.183747 -0.0402907 
3.307 -0.493932 -0.327092 -0.479255 -0.317703 -0.466065 -0.308622 -0.452963 -0.300683 -0.44035 -0.293228 -0.484766 -0.31871 -0.470335 -0.309575 
4.414 -0.106314 -0.0723326 -0.103742 -0.0711783 -0.101665 -0.0695517 -0.0992804 -0.0689196 -0.0969764 -0.067956 -0.0982242 -0.0651349 -0.0956664 -0.0640371 
3.455 -0.16521 0.0906588 -0.160187 0.0877033 -0.155954 0.0855508 -0.151563 0.0826768 -0.147444 0.0801175 -0.157405 0.0980678 -0.152334 0.0952615 
4.648 -0.069333 -0.241487 -0.0677072 -0.236666 -0.0664974 -0.231666 -0.0650016 -0.227607 -0.0634171 -0.223639 -0.0612501 -0.234168 -0.0595936 -0.229499 
4.488 -0.098781 -0.188755 -0.0964097 -0.184846 -0.094537 -0.180882 -0.0924201 -0.177791 -0.0902195 -0.174502 -0.090705 -0.181605 -0.0882699 -0.177923 
4 -0.229585 -0.16684 -0.223828 -0.162979 -0.21906 -0.159053 -0.213582 -0.155945 -0.208811 -0.15293 -0.222137 -0.159487 -0.216209 -0.155794 
4.527 -0.08166 -0.0737022 -0.0795961 -0.0724139 -0.0781898 -0.0710986 -0.0765898 -0.0707608 -0.0748227 -0.0698576 -0.0736784 -0.0669887 -0.0717223 -0.065991 
4.586 -0.0631694 -0.0654842 -0.0614526 -0.0642624 -0.0602755 -0.062963 -0.0587779 -0.0621624 -0.0572874 -0.061376 -0.0550972 -0.05834 -0.0534398 -0.0574238 
3.832 -0.281633 -0.122326 -0.27398 -0.119407 -0.267398 -0.116345 -0.260579 -0.114106 -0.254022 -0.111915 -0.273319 -0.114819 -0.265939 -0.112131 
3.75 -0.322038 -0.227106 -0.313244 -0.22146 -0.305573 -0.215853 -0.297734 -0.211191 -0.290149 -0.206706 -0.313625 -0.219457 -0.305074 -0.214086 
3.939 -0.0672785 0.0132722 -0.0653937 0.0126763 -0.0639364 0.0124301 -0.0622317 0.0114995 -0.0605267 0.0106206 -0.0593219 0.0206789 -0.057394 0.0197323 
4.445 -0.110423 -0.212724 -0.107862 -0.208263 -0.105665 -0.203771 -0.103268 -0.200145 -0.100866 -0.196472 -0.102339 -0.205367 -0.0996923 -0.201288 
4.543 -0.0912478 -0.2093 -0.0891128 -0.205057 -0.0874429 -0.200856 -0.0854855 -0.197562 -0.0834268 -0.193976 -0.0832072 -0.202175 -0.0810589 -0.198424 
4.227 -0.161101 -0.260663 -0.156979 -0.254793 -0.153606 -0.249032 -0.149923 -0.244084 -0.146274 -0.23925 -0.152823 -0.253136 -0.148871 -0.247608 
3.568 -0.385728 -0.1867 -0.374977 -0.1818 -0.36548 -0.17684 -0.355841 -0.172876 -0.346611 -0.169082 -0.37722 -0.178994 -0.366625 -0.174333 
4.289 -0.148774 -0.227791 -0.145092 -0.222738 -0.14212 -0.217727 -0.13881 -0.213593 -0.135563 -0.20954 -0.140647 -0.220351 -0.137093 -0.215656 
4.641 -0.0604301 -0.0860293 -0.058776 -0.0844959 -0.057584 -0.0824578 -0.0561159 -0.0815769 -0.0545726 -0.0803836 -0.052411 -0.0789136 -0.0507386 -0.077494 
2.516 -0.154938 0.131064 -0.150331 0.127182 -0.14643 0.124098 -0.142404 0.120311 -0.138622 0.116907 -0.14713 0.138821 -0.142584 0.134956 
4.043 -0.213834 -0.0867141 -0.208319 -0.0849018 -0.203553 -0.0828207 -0.198552 -0.0815381 -0.19379 -0.0801684 -0.205729 -0.0794411 -0.200338 -0.0777058 
3.859 -0.278893 -0.291481 -0.271494 -0.284271 -0.265129 -0.277234 -0.258489 -0.271235 -0.252131 -0.265384 -0.270393 -0.283614 -0.263183 -0.27682 
