4.078 -0.181646 -0.032612 -0.205977 -0.0323998 -0.230145 -0.0323444 -0.254739 -0.0325448 -0.279276 -0.0326841 -0.303267 -0.032346 -0.327434 -0.0319202 
3.043 -0.296699 0.109834 -0.33025 0.110575 -0.363611 0.111077 -0.396334 0.11127 -0.429991 0.111372 -0.46381 0.111913 -0.49813 0.112452 
4.105 -0.115902 -0.0196001 -0.139396 -0.0194276 -0.16274 -0.0192182 -0.186501 -0.0194091 -0.210307 -0.0194352 -0.233732 -0.01896 -0.25752 -0.0185348 
2.881 -0.35765 0.141337 -0.391885 0.141711 -0.425911 0.141976 -0.460284 0.142144 -0.494744 0.14217 -0.528576 0.142527 -0.562324 0.142947 
4.023 -0.178222 0.000260238 -0.202829 0.0001929 -0.227299 8.20902e-05 -0.251523 -0.000123144 -0.276162 -0.000169039 -0.300593 0.000219442 -0.325364 0.000631917 
4.043 -0.156307 -0.0175455 -0.178335 -0.0172469 -0.200289 -0.0171381 -0.222593 -0.0172177 -0.244883 -0.0172795 -0.266819 -0.016994 -0.288866 -0.0164626 
3.57 -0.340529 -0.0353513 -0.369247 -0.0351432 -0.397774 -0.0350334 -0.42677 -0.035128 -0.455686 -0.0353015 -0.48404 -0.0349983 -0.512508 -0.034557 
3.086 -0.247391 0.183112 -0.279499 0.183482 -0.311327 0.183736 -0.343435 0.183794 -0.375314 0.183832 -0.406615 0.184106 -0.438044 0.184672 
2.941 0.489495 0.0584714 0.454145 0.0586388 0.419145 0.058739 0.383891 0.058313 0.348784 0.0584094 0.313943 0.0589208 0.27914 0.0594616 
4.059 -0.182331 -0.015491 -0.206596 -0.0152307 -0.230677 -0.0151194 -0.255297 -0.0152293 -0.279908 -0.0153317 -0.303972 -0.01499 -0.328258 -0.0144626 
3.357 0.42238 -0.00521846 0.393303 -0.00495086 0.364584 -0.00476043 0.335638 -0.00502531 0.306913 -0.00486033 0.278309 -0.00415087 0.249697 -0.0035253 
3.477 -0.202191 0.18996 -0.232657 0.190374 -0.262988 0.190711 -0.293594 0.190811 -0.324171 0.190881 -0.354082 0.191306 -0.384274 0.19195 
4.117 -0.110423 -0.0339816 -0.134122 -0.0336173 -0.157741 -0.0333501 -0.181612 -0.0336365 -0.205718 -0.0336797 -0.229305 -0.0331922 -0.253092 -0.032858 
3.635 -0.0570059 0.0975072 -0.0797779 0.0977361 -0.102242 0.0979199 -0.125062 0.0978553 -0.147928 0.0979163 -0.170416 0.0984457 -0.192959 0.0989829 
3.277 -0.4186 -0.0531571 -0.4499 -0.0528714 -0.481045 -0.0527182 -0.512663 -0.0527715 -0.544137 -0.0529841 -0.574728 -0.0526084 -0.60538 -0.0521767 
3.727 -0.143295 0.072853 -0.170325 0.0731667 -0.197007 0.0734004 -0.224114 0.0733772 -0.251412 0.0734311 -0.278262 0.0738982 -0.305193 0.0744469 
3.93 -0.0843994 0.068744 -0.108744 0.0689658 -0.132984 0.0691629 -0.157573 0.0690344 -0.182176 0.0690252 -0.206504 0.0694958 -0.230798 0.0699844 
2.939 -0.386413 0.145446 -0.421157 0.145956 -0.455743 0.146338 -0.490717 0.146502 -0.525815 0.14653 -0.560014 0.146942 -0.594201 0.147394 
4.168 -0.139186 -0.0798658 -0.163539 -0.0796768 -0.187546 -0.0796068 -0.212116 -0.0798476 -0.236609 -0.0800346 -0.260681 -0.0797092 -0.284838 -0.0793002 
4.223 -0.191234 -0.0784961 -0.215919 -0.078369 -0.240388 -0.0783172 -0.265302 -0.0785061 -0.289758 -0.0786523 -0.313811 -0.0783585 -0.338196 -0.0779141 
4.086 -0.133023 -0.0216546 -0.155332 -0.0215125 -0.177472 -0.0214194 -0.1999 -0.0214941 -0.22221 -0.0215226 -0.24435 -0.0211655 -0.266655 -0.0206249 
4.445 -0.0556362 0.0269689 -0.0786786 0.0272114 -0.101653 0.0273434 -0.124914 0.0272235 -0.148187 0.0271945 -0.170997 0.027695 -0.194078 0.0281565 
3.695 -0.304917 -0.0332968 -0.332581 -0.0330198 -0.35997 -0.0328391 -0.387855 -0.0329499 -0.415735 -0.0331193 -0.442934 -0.0327176 -0.470317 -0.0322739 
3.014 -0.254239 0.169415 -0.287149 0.169819 -0.320275 0.170063 -0.35378 0.170138 -0.387476 0.17017 -0.420647 0.170551 -0.453976 0.171112 
4.172 -0.12412 -0.0798658 -0.148221 -0.0796357 -0.172204 -0.079553 -0.196581 -0.0798182 -0.221053 -0.0800239 -0.244956 -0.0796554 -0.269066 -0.0792531 
3.117 -0.239858 0.202287 -0.271004 0.202749 -0.301907 0.203153 -0.333152 0.203289 -0.36455 0.203383 -0.395403 0.203878 -0.426301 0.204432 
3.578 -0.269306 0.047514 -0.298228 0.0478505 -0.326967 0.0480229 -0.35606 0.0479905 -0.385197 0.0479608 -0.413765 0.0483351 -0.442403 0.0489333 
3.988 -0.0713875 0.0399808 -0.0956876 0.0402192 -0.119541 0.0403222 -0.144027 0.040321 -0.168299 0.0403309 -0.192459 0.0407557 -0.216739 0.0413414 
2.949 0.484701 -0.0127517 0.449637 -0.0124984 0.415239 -0.0123494 0.380489 -0.0126044 0.345806 -0.0124112 0.311682 -0.0117822 0.27752 -0.0111276 
3.266 -0.432982 -0.184646 -0.464077 -0.184407 -0.494956 -0.184289 -0.526312 -0.184397 -0.55735 -0.184645 -0.587438 -0.184181 -0.617516 -0.183637 
3.486 -0.364498 -0.044939 -0.3939 -0.0446003 -0.423089 -0.0444666 -0.452761 -0.0445365 -0.482411 -0.0446928 -0.511328 -0.0443924 -0.540359 -0.0440191 
3.193 -0.259033 0.100931 -0.292128 0.101395 -0.32501 0.101732 -0.358229 0.101842 -0.39153 0.101897 -0.424303 0.102373 -0.457231 0.102936 
3.221 -0.433667 -0.0531571 -0.465234 -0.0528461 -0.496619 -0.052677 -0.528521 -0.0527053 -0.560149 -0.0528922 -0.591034 -0.0525508 -0.621805 -0.0521518 
4.031 -0.153568 0.000260238 -0.177325 0.000491555 -0.201188 0.00054209 -0.224833 0.000375771 -0.248453 0.00026563 -0.271711 0.000631499 -0.295337 0.0011863 
3.23 -0.452157 -0.227791 -0.483608 -0.227555 -0.51482 -0.227427 -0.546425 -0.227474 -0.577686 -0.227644 -0.607886 -0.227103 -0.638054 -0.226432 
4.035 -0.0583756 0.0735379 -0.0810627 0.0737425 -0.103547 0.0738217 -0.126476 0.073674 -0.149322 0.0736104 -0.17186 0.073971 -0.195475 0.0746014 
3.941 -0.115217 0.0173812 -0.140267 0.0177137 -0.165152 0.0179433 -0.190619 0.0178893 -0.215934 0.0179293 -0.24097 0.0184317 -0.26617 0.0188867 
2.92 -0.374771 0.135858 -0.40862 0.136297 -0.442398 0.136682 -0.476486 0.136854 -0.510669 0.136881 -0.544171 0.137305 -0.577698 0.137764 
2.832 -0.380249 0.159143 -0.415232 0.159574 -0.449999 0.159861 -0.485161 0.160022 -0.520438 0.15997 -0.554848 0.160311 -0.589255 0.160671 
3.283 0.305958 -0.109999 0.271293 -0.109501 0.236942 -0.109097 0.202549 -0.109418 0.168519 -0.109402 0.134835 -0.1091 0.101064 -0.108157 
3.377 -0.406273 -0.177113 -0.436408 -0.176878 -0.466307 -0.176755 -0.496819 -0.176903 -0.527057 -0.177156 -0.55643 -0.176745 -0.585897 -0.176209 
3.43 -0.213149 0.179688 -0.243103 0.180054 -0.272928 0.180218 -0.302925 0.180225 -0.33298 0.180268 -0.362525 0.180626 -0.392277 0.181236 
3.734 -0.29396 0.0146418 -0.321423 0.0149448 -0.348618 0.0150946 -0.376276 0.0150765 -0.403906 0.0150152 -0.430944 0.0153053 -0.458241 0.0158153 
2.803 0.602493 -0.00864265 0.608181 -0.00896538 0.571733 -0.00877403 0.534895 -0.00916748 0.498057 -0.00889403 0.461325 -0.00819741 0.424718 -0.00745468 
3.215 -0.448048 -0.185331 -0.479552 -0.185135 -0.510759 -0.18501 -0.542519 -0.185055 -0.573833 -0.18526 -0.604241 -0.184722 -0.634588 -0.184134 
3.781 -0.307656 -0.183276 -0.334982 -0.183166 -0.362142 -0.183217 -0.389848 -0.183494 -0.417393 -0.183887 -0.44428 -0.183635 -0.471342 -0.183337 
3.389 -0.406273 -0.211355 -0.436371 -0.211115 -0.466198 -0.211042 -0.496519 -0.211149 -0.526556 -0.211406 -0.555784 -0.210982 -0.585037 -0.210443 
3.342 0.332667 -0.0887687 0.297908 -0.0882677 0.263558 -0.0879505 0.228813 -0.088029 0.194448 -0.0877422 0.160401 -0.0868237 0.126426 -0.0859281 
3.158 -0.45969 -0.12438 -0.49196 -0.124123 -0.523912 -0.123968 -0.556294 -0.124007 -0.588384 -0.1242 -0.619536 -0.123793 -0.650584 -0.123225 
3.486 -0.371346 -0.170264 -0.400448 -0.170055 -0.429285 -0.169966 -0.458733 -0.170119 -0.488021 -0.170425 -0.516596 -0.170048 -0.545208 -0.169642 
3.719 -0.321353 -0.198343 -0.348632 -0.198151 -0.375743 -0.19807 -0.403197 -0.198201 -0.430549 -0.198475 -0.457324 -0.198135 -0.484517 -0.197778 
3.646 -0.33505 -0.192864 -0.362839 -0.192671 -0.390458 -0.19261 -0.418571 -0.192799 -0.446311 -0.193067 -0.473712 -0.192735 -0.501198 -0.192365 
3.469 -0.367922 -0.0764416 -0.397262 -0.0761686 -0.426401 -0.0759872 -0.456037 -0.0760327 -0.485582 -0.0761703 -0.514406 -0.0758508 -0.543345 -0.0754547 
3.967 -0.156992 0.0146418 -0.182564 0.0149266 -0.208023 0.015157 -0.233841 0.0150838 -0.25956 0.015028 -0.284779 0.0154427 -0.310111 0.0158798 
3.564 -0.360389 -0.201082 -0.38911 -0.200936 -0.417594 -0.200898 -0.446412 -0.201076 -0.474993 -0.201351 -0.503255 -0.201027 -0.531409 -0.2006 
2.957 -0.269306 0.152294 -0.303322 0.152755 -0.337084 0.153021 -0.371279 0.153158 -0.405595 0.153138 -0.439324 0.153627 -0.473168 0.154185 
3.424 0.386084 -0.032612 0.353057 -0.0323729 0.320508 -0.032145 0.287732 -0.0323337 0.255098 -0.0321097 0.222769 -0.0313529 0.190331 -0.0306911 
3.65 0.371703 -0.0757567 0.339144 -0.075333 0.306961 -0.0750349 0.274519 -0.0751479 0.242238 -0.0748593 0.210417 -0.0740389 0.178648 -0.0731891 
4.176 -0.110423 -0.0757567 -0.134204 -0.075517 -0.157966 -0.0754318 -0.182222 -0.0757636 -0.206574 -0.075954 -0.230355 -0.0755048 -0.254411 -0.0751388 
3.322 -0.419285 -0.1867 -0.44978 -0.186466 -0.480201 -0.186334 -0.511155 -0.186472 -0.541747 -0.186726 -0.571546 -0.186328 -0.601254 -0.185752 
3.457 -0.37614 -0.133968 -0.405311 -0.133559 -0.434348 -0.133302 -0.464112 -0.133403 -0.493586 -0.13356 -0.522341 -0.133153 -0.551198 -0.132744 
3.686 -0.311081 -0.0463087 -0.338779 -0.0460632 -0.366235 -0.0459225 -0.394186 -0.0459764 -0.422086 -0.0461246 -0.449356 -0.0458186 -0.476807 -0.0453623 
2.857 -0.347377 0.152294 -0.381644 0.152739 -0.415691 0.15306 -0.450193 0.15319 -0.484881 0.153157 -0.518928 0.153506 -0.553104 0.153858 
3.947 -0.183701 0.0132722 -0.20954 0.0135127 -0.235045 0.0135292 -0.261113 0.013276 -0.287144 0.0129643 -0.31264 0.0131181 -0.338255 0.0133211 
4.043 -0.139186 0.00573894 -0.164527 0.00596349 -0.189529 0.00608679 -0.214944 0.00588578 -0.24027 0.00575453 -0.265124 0.00611497 -0.29013 0.00657731 
3.184 -0.463115 -0.188755 -0.495139 -0.188502 -0.526816 -0.188376 -0.558949 -0.188351 -0.590747 -0.18851 -0.621429 -0.187989 -0.652111 -0.187297 
3.297 -0.431612 -0.222312 -0.462471 -0.222084 -0.492983 -0.221968 -0.524063 -0.222058 -0.554635 -0.222235 -0.584472 -0.221769 -0.614187 -0.221156 
3.678 -0.157677 0.0742227 -0.185386 0.0745533 -0.212911 0.0747727 -0.240643 0.0748137 -0.268508 0.0748236 -0.29583 0.0752594 -0.323386 0.0758487 
3.453 -0.383673 -0.179167 -0.413161 -0.17895 -0.442255 -0.178859 -0.472119 -0.179019 -0.501756 -0.179305 -0.5306 -0.178934 -0.559483 -0.178503 
4.117 -0.100151 0.0160115 -0.1233 0.0162939 -0.146226 0.0165923 -0.169609 0.0165405 -0.192961 0.0165673 -0.215973 0.0171403 -0.239069 0.0176434 
2.703 -0.332311 0.225572 -0.370785 0.225967 -0.408982 0.226408 -0.447508 0.226556 -0.486321 0.226627 -0.524216 0.227001 -0.562158 0.227411 
3.902 -0.239858 0.0146418 -0.268046 0.014956 -0.296175 0.0151569 -0.324711 0.0151337 -0.35315 0.0150883 -0.381135 0.0154973 -0.409056 0.015937 
3.131 0.299795 -0.0784961 0.268014 -0.0781333 0.236484 -0.0777811 0.204591 -0.077869 0.173219 -0.0775858 0.141625 -0.0767924 0.108431 -0.0759071 
3.777 -0.277524 0.0187509 -0.305853 0.0189947 -0.333891 0.0191097 -0.362412 0.0190619 -0.390912 0.0189741 -0.418929 0.0193241 -0.447037 0.019802 
3.609 -0.345323 -0.203821 -0.37363 -0.20368 -0.401631 -0.203653 -0.429914 -0.203806 -0.457991 -0.20407 -0.485568 -0.203724 -0.513436 -0.203388 
4.453 -0.199452 -0.264772 -0.222423 -0.264575 -0.245133 -0.264523 -0.268475 -0.264859 -0.291523 -0.26516 -0.314155 -0.264902 -0.33683 -0.26451 
4.047 -0.230955 -0.0305575 -0.256052 -0.0302863 -0.28097 -0.0302052 -0.306333 -0.0302751 -0.331625 -0.0304332 -0.356406 -0.0301326 -0.381344 -0.0297307 
3.445 -0.389837 -0.212724 -0.419445 -0.212557 -0.44869 -0.21246 -0.478493 -0.212587 -0.508019 -0.212836 -0.536867 -0.212478 -0.565706 -0.211987 
3.607 -0.343953 -0.14561 -0.37226 -0.145402 -0.400302 -0.145307 -0.428887 -0.145465 -0.457352 -0.14575 -0.485134 -0.145395 -0.513058 -0.145012 
4.387 -0.202191 -0.214094 -0.225363 -0.213932 -0.24831 -0.213842 -0.271825 -0.214119 -0.295088 -0.214382 -0.317855 -0.214009 -0.340816 -0.213613 
3.291 0.387454 0.0112176 0.355269 0.0112369 0.32331 0.0113147 0.291164 0.0109473 0.25916 0.0109486 0.227462 0.0113626 0.195904 0.0117576 
3.336 0.360745 0.0105328 0.328489 0.0106527 0.296407 0.0108111 0.264024 0.0106102 0.231805 0.0106783 0.200028 0.0111292 0.16834 0.0116093 
3.645 0.375812 -0.103835 0.343359 -0.103414 0.311274 -0.103109 0.27889 -0.103259 0.246713 -0.102965 0.214869 -0.102127 0.183123 -0.101274 
2.699 -0.325462 0.244062 -0.363429 0.24469 -0.401328 0.245114 -0.439631 0.245379 -0.478094 0.245512 -0.515724 0.245912 -0.553348 0.246378 
3.664 -0.326832 -0.110683 -0.354759 -0.110468 -0.382595 -0.110357 -0.410799 -0.110482 -0.438879 -0.110709 -0.46638 -0.110381 -0.494038 -0.109953 
3.17 -0.46243 -0.151089 -0.494628 -0.150847 -0.526472 -0.150672 -0.558731 -0.150679 -0.590667 -0.150841 -0.621626 -0.150316 -0.652675 -0.149806 
4.09 -0.118641 0.00231475 -0.143312 0.00245482 -0.16785 0.00249879 -0.19267 0.00230196 -0.217478 0.00216352 -0.241884 0.00250314 -0.266503 0.00278253 
3.482 -0.213149 0.155718 -0.242931 0.156064 -0.272424 0.156329 -0.302285 0.156389 -0.332224 0.156408 -0.361684 0.156814 -0.391282 0.157396 
2.766 -0.391207 0.187221 -0.426056 0.187838 -0.46058 0.188251 -0.495571 0.18841 -0.53052 0.18841 -0.564724 0.188806 -0.598882 0.189367 
3.25 -0.437091 -0.144925 -0.468341 -0.144647 -0.499386 -0.144542 -0.530873 -0.144547 -0.562135 -0.144753 -0.592469 -0.144271 -0.622805 -0.143735 
3.414 0.339515 0.0612108 0.304137 0.0613057 0.26912 0.0613487 0.233892 0.0611251 0.198809 0.0612154 0.164051 0.0616285 0.129518 0.0622853 
3.674 -0.329571 -0.140816 -0.357425 -0.140592 -0.385146 -0.140497 -0.413295 -0.140636 -0.441347 -0.140896 -0.468704 -0.14055 -0.496312 -0.140157 
3.658 0.258704 0.000945076 0.230266 0.00110851 0.202147 0.0012574 0.173843 0.0010247 0.145933 0.00122985 0.117168 0.00177525 0.0882678 0.00211311 
3.371 -0.402164 -0.162046 -0.432409 -0.161809 -0.462366 -0.16172 -0.492825 -0.16183 -0.523 -0.162051 -0.552389 -0.161705 -0.581779 -0.161207 
3.248 -0.211779 0.205712 -0.241902 0.205903 -0.271932 0.20601 -0.302381 0.205963 -0.333178 0.206006 -0.363395 0.206295 -0.393722 0.206669 
3.283 -0.42134 -0.0819203 -0.452616 -0.0816569 -0.483727 -0.0816271 -0.515318 -0.0817307 -0.546714 -0.081991 -0.577187 -0.0816649 -0.607759 -0.0812836 
4.414 -0.200137 -0.182591 -0.22333 -0.182407 -0.246391 -0.182401 -0.26993 -0.18262 -0.293346 -0.182865 -0.316332 -0.182534 -0.339447 -0.182215 
4.238 -0.152883 -0.0826051 -0.177019 -0.0824215 -0.201269 -0.0823597 -0.225925 -0.0825882 -0.250455 -0.0827711 -0.274511 -0.0824543 -0.298832 -0.0820809 
3.766 -0.111793 0.172154 -0.140367 0.17249 -0.168955 0.172718 -0.197781 0.172735 -0.226836 0.172811 -0.255269 0.173353 -0.283715 0.173989 
4.363 -0.206985 -0.246966 -0.230312 -0.24676 -0.253515 -0.246699 -0.277204 -0.247004 -0.300609 -0.247249 -0.323513 -0.246922 -0.346559 -0.246512 
4.082 -0.00495822 0.0755924 -0.0365786 0.0759527 -0.0682281 0.0761777 -0.100652 0.0760671 -0.132688 0.0762488 -0.164523 0.0768447 -0.190494 0.0775219 
3.691 0.258704 -0.10589 0.230491 -0.105361 0.202561 -0.105055 0.174433 -0.105119 0.14661 -0.104893 0.119079 -0.104058 0.0921571 -0.103454 
4.074 -0.246021 -0.161361 -0.271265 -0.161173 -0.296305 -0.161159 -0.321804 -0.161372 -0.34714 -0.161599 -0.371988 -0.161304 -0.396949 -0.160933 
3.566 -0.187125 0.159827 -0.216616 0.160187 -0.245791 0.160446 -0.275306 0.16052 -0.304997 0.16056 -0.334222 0.161006 -0.363542 0.161577 
3.346 -0.417915 -0.247651 -0.448051 -0.247364 -0.47791 -0.24722 -0.508285 -0.247242 -0.538358 -0.247464 -0.567548 -0.246902 -0.596771 -0.246248 
3.275 -0.424079 -0.116162 -0.455311 -0.116038 -0.486369 -0.115942 -0.517883 -0.115997 -0.549141 -0.116128 -0.579545 -0.115753 -0.609939 -0.115105 
3.93 0.0149021 -0.0949322 -0.0106911 -0.0947375 -0.0361388 -0.0945441 -0.0619917 -0.0946972 -0.087568 -0.0947757 -0.112877 -0.0944101 -0.138277 -0.0939091 
2.869 0.575784 -0.151089 0.541612 -0.150552 0.507751 -0.150178 0.473572 -0.150327 0.439562 -0.149812 0.405645 -0.148759 0.371806 -0.147584 
3.906 -0.273415 -0.16547 -0.299654 -0.165306 -0.325679 -0.165155 -0.352218 -0.165342 -0.378586 -0.165537 -0.404398 -0.16522 -0.430367 -0.164884 
3.385 -0.396685 -0.14835 -0.426836 -0.148099 -0.456707 -0.147978 -0.487095 -0.14809 -0.517261 -0.148317 -0.54658 -0.147958 -0.575999 -0.147525 
4.02 -0.165895 -0.00727298 -0.188483 -0.00694958 -0.210884 -0.00677883 -0.233784 -0.00687041 -0.256684 -0.00693578 -0.279055 -0.00659031 -0.301542 -0.00610544 
4.48 -0.191919 -0.223682 -0.214811 -0.223505 -0.237479 -0.22344 -0.260659 -0.223653 -0.283593 -0.22393 -0.306059 -0.223542 -0.328644 -0.223103 
3.229 -0.426133 0.0119025 -0.464926 0.0122842 -0.503218 0.0125545 -0.54203 0.0126712 -0.580662 0.0125618 -0.618073 0.0129281 -0.65561 0.013254 
3.293 -0.415176 -0.0250788 -0.446508 -0.0248348 -0.477744 -0.0247463 -0.509362 -0.0248002 -0.540924 -0.0250202 -0.571623 -0.0246895 -0.602395 -0.0243084 
4.066 -0.191919 -0.00521846 -0.216087 -0.00495663 -0.24008 -0.00486058 -0.264522 -0.00505369 -0.288953 -0.00520488 -0.312914 -0.00497795 -0.337035 -0.00491676 
2.832 -0.365868 0.157773 -0.40051 0.158248 -0.434934 0.1586 -0.46973 0.158757 -0.504693 0.158774 -0.538932 0.159156 -0.57306 0.159618 
3.598 -0.341214 -0.114108 -0.369549 -0.113868 -0.397576 -0.113753 -0.426277 -0.113884 -0.454815 -0.114141 -0.482612 -0.113796 -0.510804 -0.113398 
3.105 0.310752 -0.0689084 0.278784 -0.068497 0.24644 -0.0682535 0.212468 -0.0685144 0.178242 -0.0681974 0.144311 -0.0673061 0.110894 -0.0665757 
4.359 -0.206985 -0.233269 -0.230355 -0.233095 -0.253536 -0.233026 -0.277202 -0.233231 -0.300623 -0.233464 -0.323606 -0.233151 -0.346674 -0.232825 
3.135 0.312806 -0.0497329 0.280227 -0.0494651 0.248155 -0.0492628 0.214322 -0.0494213 0.179943 -0.049208 0.146239 -0.0485052 0.112551 -0.0477856 
3.5 -0.380249 -0.244227 -0.409441 -0.243999 -0.438421 -0.243935 -0.467886 -0.244045 -0.497092 -0.244304 -0.525575 -0.243893 -0.554043 -0.243354 
3.838 -0.253554 0.018066 -0.281746 0.0183592 -0.309527 0.0184994 -0.338049 0.0184762 -0.366373 0.0184288 -0.393979 0.0187636 -0.422149 0.0192675 
3.268 0.460731 0.0112176 0.426426 0.0112066 0.392409 0.0112238 0.358209 0.0108177 0.324151 0.0110053 0.290403 0.0116836 0.25659 0.0122459 
3.623 -0.326832 -0.04083 -0.355197 -0.0405648 -0.383316 -0.040429 -0.41196 -0.0405022 -0.440488 -0.0406691 -0.468512 -0.0403461 -0.496686 -0.0399114 
4.082 -0.0843994 0.0208054 -0.108576 0.0210432 -0.132436 0.0212228 -0.156778 0.0210947 -0.181031 0.0210491 -0.204327 0.0216165 -0.227621 0.0222086 
4.281 -0.217258 -0.216148 -0.241137 -0.216041 -0.264898 -0.215999 -0.289087 -0.21629 -0.313081 -0.216419 -0.336567 -0.216134 -0.360159 -0.215707 
3.703 -0.324093 -0.154513 -0.351758 -0.154292 -0.379225 -0.15423 -0.407216 -0.154361 -0.435015 -0.154648 -0.462057 -0.154262 -0.489484 -0.153906 
3.541 -0.359704 -0.138762 -0.388444 -0.138512 -0.41692 -0.138402 -0.446065 -0.13858 -0.474895 -0.138873 -0.503121 -0.1385 -0.531513 -0.138093 
4.422 -0.0528969 0.0509382 -0.07562 0.0512057 -0.0982701 0.0514351 -0.121212 0.051355 -0.14411 0.0513707 -0.166617 0.051825 -0.189223 0.0523003 
3.465 -0.371346 -0.109314 -0.400612 -0.109161 -0.429699 -0.109041 -0.459277 -0.109177 -0.488759 -0.109486 -0.517462 -0.109149 -0.546272 -0.108698 
4.48 -0.193289 -0.237378 -0.216168 -0.237228 -0.238801 -0.237149 -0.262002 -0.237476 -0.284886 -0.237645 -0.307361 -0.237261 -0.329937 -0.236995 
3.199 -0.223421 0.192015 -0.254187 0.192478 -0.284761 0.192827 -0.315666 0.193031 -0.346701 0.193294 -0.377247 0.193828 -0.408024 0.19431 
4.094 -0.25013 -0.245596 -0.275109 -0.245385 -0.299908 -0.24532 -0.325234 -0.245581 -0.350309 -0.245887 -0.374889 -0.245554 -0.399535 -0.245194 
4.137 -0.131653 -0.0606903 -0.155516 -0.0604804 -0.179161 -0.0603654 -0.203131 -0.0604985 -0.227106 -0.0606343 -0.25086 -0.0603211 -0.274667 -0.0598982 
4.5 -0.187125 -0.161361 -0.210064 -0.161203 -0.232762 -0.16108 -0.255973 -0.161342 -0.279028 -0.161811 -0.301549 -0.161375 -0.324221 -0.160918 
3.707 -0.318614 -0.123695 -0.346248 -0.123473 -0.37361 -0.123387 -0.401528 -0.123526 -0.429206 -0.123788 -0.456409 -0.123446 -0.483783 -0.123096 
3.555 -0.190549 0.176948 -0.219993 0.177415 -0.249339 0.177797 -0.279073 0.177908 -0.308762 0.17809 -0.338053 0.178584 -0.367448 0.179152 
3.898 0.0251746 -0.155883 -0.000608937 -0.155543 -0.0262411 -0.155243 -0.05217 -0.155474 -0.0780226 -0.155589 -0.103419 -0.155117 -0.128987 -0.154764 
3.986 -0.263827 -0.214094 -0.289566 -0.213906 -0.315051 -0.213859 -0.340988 -0.214137 -0.366753 -0.214436 -0.391971 -0.21411 -0.417437 -0.213735 
4.203 -0.208355 -0.0716477 -0.232536 -0.0716592 -0.256796 -0.0718058 -0.281546 -0.0722754 -0.306226 -0.0727119 -0.330213 -0.0725801 -0.354512 -0.0724347 
3.613 0.363484 -0.0401452 0.331281 -0.0398153 0.299291 -0.0395103 0.266998 -0.039685 0.234859 -0.039471 0.203042 -0.0387125 0.171407 -0.0379256 
3.279 0.384714 -0.00864265 0.352575 -0.00835721 0.320625 -0.00818909 0.288525 -0.00842793 0.256527 -0.0082938 0.224856 -0.00763613 0.193277 -0.00698322 
3.645 0.381975 -0.131913 0.349929 -0.131316 0.318182 -0.130928 0.286224 -0.131112 0.254563 -0.130781 0.22301 -0.129848 0.191503 -0.128775 
3.549 -0.351486 -0.0969867 -0.380321 -0.0967579 -0.408959 -0.0966549 -0.438045 -0.0967652 -0.466955 -0.0970181 -0.495375 -0.0966857 -0.523934 -0.0963003 
3.777 0.13064 0.0762772 0.104106 0.0766079 0.0778928 0.0768149 0.0514837 0.0766296 0.0250424 0.0766857 -0.000952067 0.0771625 -0.0269566 0.0776936 
3.617 -0.111793 0.193384 -0.14054 0.193808 -0.169075 0.194091 -0.198005 0.19415 -0.227059 0.194339 -0.255641 0.194906 -0.284204 0.195467 
2.766 0.633311 -0.0250788 0.597074 -0.0247552 0.560887 -0.0246278 0.524226 -0.0248995 0.487588 -0.0245904 0.451207 -0.0238655 0.414819 -0.0230293 
3.652 -0.326147 -0.0846596 -0.354411 -0.0844371 -0.382378 -0.0843562 -0.410522 -0.0844587 -0.438781 -0.0846712 -0.466377 -0.0843685 -0.494149 -0.0839279 
4.008 -0.262457 -0.195603 -0.288081 -0.195431 -0.313432 -0.195305 -0.339371 -0.195556 -0.365115 -0.195791 -0.390308 -0.195373 -0.415601 -0.194957 
3.32 -0.41997 -0.173004 -0.450538 -0.172753 -0.480896 -0.172628 -0.511858 -0.172727 -0.542501 -0.172947 -0.572258 -0.172593 -0.602108 -0.172068 
3.01 -0.253554 0.155034 -0.287245 0.155368 -0.320724 0.155615 -0.354541 0.155622 -0.388574 0.155612 -0.422011 0.156022 -0.455513 0.156531 
3.797 0.107355 -0.299699 0.0803292 -0.299211 0.0535696 -0.298764 0.0264227 -0.298933 -0.000272705 -0.298827 -0.0268267 -0.298205 -0.053225 -0.29747 
3.918 -0.280263 -0.240118 -0.306521 -0.239943 -0.332533 -0.239924 -0.359073 -0.240272 -0.385391 -0.240541 -0.411182 -0.24027 -0.43712 -0.239909 
3.816 0.0806465 -0.0511026 0.0541134 -0.0508112 0.0278755 -0.0506446 0.0014926 -0.0507724 -0.0248427 -0.050764 -0.0509578 -0.050319 -0.0770363 -0.0497926 
3.322 -0.432297 -0.25039 -0.463037 -0.250134 -0.493476 -0.250035 -0.524436 -0.250111 -0.554942 -0.250283 -0.584624 -0.249778 -0.614241 -0.249089 
3.258 -0.432982 -0.161361 -0.464109 -0.160999 -0.495041 -0.160762 -0.52649 -0.160781 -0.557614 -0.160903 -0.587873 -0.160426 -0.618098 -0.159843 
4.484 -0.0809752 -0.0257636 -0.104362 -0.0255467 -0.127715 -0.0254713 -0.151336 -0.0256285 -0.174992 -0.0257236 -0.19829 -0.0253525 -0.22169 -0.0247786 
3.461 -0.364498 -0.0216546 -0.39396 -0.0213767 -0.423207 -0.0212587 -0.452948 -0.0213516 -0.482634 -0.0215471 -0.511629 -0.0211603 -0.540669 -0.0207871 
3.629 -0.320668 -0.0271333 -0.348678 -0.026837 -0.376536 -0.0266697 -0.404803 -0.0267285 -0.433138 -0.0268467 -0.460683 -0.0265206 -0.488505 -0.0260606 
3.391 -0.411067 0.0208054 -0.44973 0.0211538 -0.487883 0.0214029 -0.526792 0.0214652 -0.565434 0.0213299 -0.603049 0.0217322 -0.640489 0.0219952 
2.996 0.466895 -0.0264484 0.438551 -0.0260077 0.40631 -0.0256782 0.372907 -0.0259214 0.339308 -0.0255712 0.305869 -0.0248463 0.272518 -0.0240848 
2.652 -0.396001 0.224887 -0.433978 0.225383 -0.471757 0.225754 -0.509862 0.226008 -0.547986 0.225966 -0.585142 0.226261 -0.622227 0.226453 
3.594 -0.337105 -0.0531571 -0.365737 -0.0528923 -0.394228 -0.0527581 -0.42312 -0.0528243 -0.451945 -0.0530595 -0.480257 -0.0526561 -0.508684 -0.0523077 
3.66 -0.324093 -0.0675387 -0.351995 -0.0673006 -0.379756 -0.0672134 -0.407898 -0.0673091 -0.436003 -0.0675076 -0.463531 -0.0672096 -0.491224 -0.0668195 
3.15 -0.456951 -0.0374058 -0.489532 -0.0370645 -0.521788 -0.036734 -0.554574 -0.0367553 -0.587042 -0.0369567 -0.618596 -0.0365249 -0.65007 -0.036076 
4.258 -0.222737 -0.244227 -0.246699 -0.243908 -0.270439 -0.243768 -0.294646 -0.243974 -0.318706 -0.244353 -0.342192 -0.243904 -0.365838 -0.243558 
4.086 -0.252185 -0.23053 -0.277267 -0.230357 -0.302152 -0.23031 -0.327623 -0.23059 -0.352742 -0.230844 -0.377466 -0.230541 -0.402324 -0.230177 
3.643 0.364854 -0.0627448 0.333123 -0.0621804 0.301455 -0.0618638 0.269569 -0.0619642 0.237559 -0.0617916 0.206189 -0.0609066 0.17494 -0.0601359 
4.074 -0.168634 -0.0243939 -0.192558 -0.0240089 -0.216215 -0.0239513 -0.240041 -0.0240743 -0.263856 -0.0242406 -0.265376 -0.0235676 -0.287451 -0.0230291 
3.504 0.329243 -0.0497329 0.294514 -0.0493896 0.260005 -0.0491197 0.225454 -0.049194 0.191115 -0.0489538 0.15722 -0.0481334 0.123354 -0.0474042 
4.383 -0.202876 -0.199712 -0.226196 -0.19949 -0.249356 -0.199447 -0.273046 -0.199764 -0.296459 -0.19999 -0.319431 -0.19963 -0.342482 -0.199225 
4.262 -0.214519 -0.142186 -0.238548 -0.141758 -0.262431 -0.141493 -0.28673 -0.141836 -0.310892 -0.141987 -0.334529 -0.141631 -0.35827 -0.141138 
3.812 -0.303547 -0.223682 -0.330833 -0.223357 -0.357975 -0.223318 -0.385658 -0.223605 -0.413127 -0.223677 -0.439978 -0.223351 -0.466961 -0.222969 
3.311 -0.422709 -0.21067 -0.453401 -0.210461 -0.483878 -0.210384 -0.514678 -0.21047 -0.545082 -0.210677 -0.574924 -0.210247 -0.604512 -0.209642 
4.02 -0.204246 0.00916313 -0.228637 0.00947604 -0.25294 0.00967007 -0.277685 0.0096393 -0.302442 0.00960833 -0.326679 0.010051 -0.351096 0.0105405 
3.045 0.313491 -0.0278181 0.27888 -0.0273227 0.24472 -0.0271394 0.210707 -0.0273064 0.176622 -0.0269922 0.14286 -0.0264652 0.10901 -0.0256749 
4.414 -0.0213943 0.047514 -0.0444163 0.0477241 -0.0672041 0.0478616 -0.0903378 0.0476946 -0.113475 0.0476566 -0.136242 0.0480718 -0.1592 0.0485994 
3.35 0.36143 -0.00864265 0.329107 -0.00839378 0.297103 -0.0081256 0.264784 -0.00840795 0.23259 -0.0082219 0.200872 -0.00756473 0.169242 -0.00690953 
4.438 -0.0392001 0.0447747 -0.0615546 0.0449456 -0.0839327 0.0450425 -0.106991 0.0449533 -0.129877 0.0449403 -0.152033 0.0452496 -0.17455 0.0457354 
2.793 -0.406958 0.186536 -0.442847 0.186968 -0.478532 0.18726 -0.514504 0.187333 -0.550563 0.187233 -0.585679 0.187449 -0.620674 0.187813 
3.953 -0.223421 0.013957 -0.250418 0.0142531 -0.27677 0.0144319 -0.303965 0.0143965 -0.330577 0.0143392 -0.357411 0.0147705 -0.384192 0.0152472 
3.02 -0.248076 0.220778 -0.280431 0.221159 -0.312567 0.221444 -0.345034 0.2215 -0.377774 0.221481 -0.409844 0.221923 -0.441933 0.222648 
3.342 -0.404219 -0.0901383 -0.434797 -0.0898952 -0.465219 -0.0898695 -0.496023 -0.0899434 -0.52687 -0.0901794 -0.556748 -0.0897723 -0.586713 -0.0893071 
2.66 -0.381619 0.223517 -0.419783 0.224054 -0.457709 0.224434 -0.495859 0.224691 -0.534339 0.224733 -0.571605 0.225077 -0.608849 0.225333 
3.236 -0.437091 -0.108629 -0.468556 -0.108316 -0.499819 -0.108183 -0.531547 -0.108185 -0.563032 -0.108386 -0.593663 -0.107992 -0.624266 -0.107512 
3.877 0.0375017 -0.136022 0.0115913 -0.135717 -0.013816 -0.135491 -0.0395956 -0.135689 -0.0653328 -0.135738 -0.0910678 -0.135348 -0.11672 -0.134809 
3.32 0.342254 -0.00932749 0.30704 -0.00905391 0.272021 -0.00887602 0.236928 -0.00907122 0.202108 -0.00885583 0.167546 -0.00815272 0.133257 -0.00735365 
3.568 -0.173428 0.174209 -0.202868 0.174686 -0.232128 0.175058 -0.261782 0.175263 -0.291622 0.175528 -0.320839 0.176079 -0.350125 0.176601 
3.42 -0.385043 -0.0935625 -0.414894 -0.0932949 -0.444565 -0.0933488 -0.474767 -0.093557 -0.50487 -0.0939027 -0.534285 -0.0935527 -0.563703 -0.0930609 
3.641 0.366224 -0.0887687 0.334272 -0.0884476 0.302618 -0.0881604 0.270609 -0.088303 0.238793 -0.0880233 0.20744 -0.0871734 0.176122 -0.0862867 
3.797 0.117628 -0.0380907 0.0906212 -0.0378907 0.0640269 -0.037694 0.0371711 -0.0377582 0.0104258 -0.0375234 -0.0160002 -0.0370404 -0.0425328 -0.0364413 
2.76 -0.31382 0.23242 -0.350954 0.232863 -0.387753 0.233105 -0.425052 0.233236 -0.462606 0.233283 -0.499497 0.233669 -0.53619 0.234119 
3.91 -0.261772 -0.0545268 -0.28807 -0.0542588 -0.314158 -0.0541729 -0.340688 -0.0542547 -0.367092 -0.054373 -0.392981 -0.0540842 -0.419083 -0.0536753 
4.191 -0.236433 -0.249706 -0.260727 -0.249449 -0.284881 -0.249293 -0.309559 -0.249477 -0.333954 -0.249809 -0.357878 -0.249402 -0.38185 -0.249082 
3.896 -0.267936 -0.0675387 -0.294535 -0.0673794 -0.320897 -0.0672732 -0.347667 -0.0673613 -0.374423 -0.0674949 -0.400526 -0.0672453 -0.426882 -0.066702 
3.172 -0.451472 -0.0634297 -0.483788 -0.0631096 -0.515827 -0.062941 -0.548325 -0.0629342 -0.580584 -0.0630838 -0.61192 -0.0627254 -0.643215 -0.0621954 
3.934 -0.278208 -0.223682 -0.304331 -0.223491 -0.330206 -0.223414 -0.356607 -0.223608 -0.382787 -0.223888 -0.408472 -0.223536 -0.434322 -0.223194 
3.613 -0.185755 0.10778 -0.214551 0.108198 -0.24324 0.108523 -0.272284 0.108624 -0.301518 0.108651 -0.330208 0.109062 -0.358904 0.109667 
3.311 0.401835 -0.00864265 0.369421 -0.00838563 0.337303 -0.00817086 0.304974 -0.00844921 0.272842 -0.00823724 0.241001 -0.00754212 0.209162 -0.00684366 
3.799 0.115573 -0.228476 0.0884537 -0.228016 0.0615819 -0.227796 0.0346868 -0.227977 0.00803271 -0.228039 -0.0185259 -0.227416 -0.0449298 -0.226887 
2.652 -0.396685 0.247487 -0.434603 0.247937 -0.472396 0.248307 -0.510454 0.248404 -0.548567 0.248311 -0.585596 0.248626 -0.6226 0.249002 
3.547 -0.356965 -0.161361 -0.385849 -0.161158 -0.414364 -0.161072 -0.443358 -0.161228 -0.472135 -0.161514 -0.500329 -0.161139 -0.528448 -0.160683 
3.166 -0.453527 -0.100411 -0.485918 -0.100173 -0.518132 -0.10008 -0.55063 -0.10015 -0.582741 -0.100327 -0.614227 -0.100027 -0.645444 -0.0995372 
3.621 0.384714 -0.0463087 0.352398 -0.0459452 0.320695 -0.0455935 0.288578 -0.0458045 0.256728 -0.0454989 0.225048 -0.0449565 0.193461 -0.0439844 
3.381 -0.389152 -0.0332968 -0.41939 -0.0330713 -0.449506 -0.0329213 -0.480006 -0.032974 -0.510532 -0.0330706 -0.540327 -0.0328247 -0.570179 -0.0323662 
4.129 -0.116587 -0.0463087 -0.140285 -0.0460948 -0.164002 -0.0461293 -0.188017 -0.0463885 -0.212218 -0.0468274 -0.235931 -0.0466433 -0.259909 -0.046526 
2.664 -0.381619 0.247487 -0.419777 0.247936 -0.457706 0.248346 -0.495862 0.248497 -0.534292 0.248489 -0.571528 0.248654 -0.608705 0.24906 
4.246 -0.213149 -0.123011 -0.237249 -0.122892 -0.261196 -0.122885 -0.285511 -0.123167 -0.309741 -0.123192 -0.33336 -0.122878 -0.357181 -0.122641 
2.945 0.499082 0.068744 0.463677 0.0688316 0.428602 0.0689627 0.393452 0.0684588 0.358314 0.0685897 0.323571 0.0690118 0.288746 0.0695251 
3.791 0.112834 -0.188755 0.085712 -0.188238 0.0589429 -0.187937 0.032031 -0.188012 0.00529938 -0.187951 -0.0212155 -0.187447 -0.0476544 -0.186718 
3.793 0.108725 -0.015491 0.0817981 -0.0151822 0.0550818 -0.0148814 0.0283233 -0.0149039 0.00159371 -0.0147437 -0.024743 -0.0142764 -0.0513261 -0.0138008 
3.998 -0.265881 -0.234639 -0.291517 -0.234436 -0.316954 -0.234395 -0.342908 -0.234715 -0.368708 -0.235046 -0.393876 -0.234734 -0.419252 -0.234352 
3.688 -0.156992 0.0399808 -0.185384 0.0402173 -0.213311 0.0404174 -0.241831 0.0403042 -0.270468 0.0401875 -0.298569 0.0405105 -0.326667 0.0410169 
4.355 -0.202876 -0.157937 -0.226382 -0.157854 -0.249731 -0.1579 -0.273586 -0.157918 -0.297222 -0.158219 -0.320367 -0.157958 -0.343647 -0.157661 
3.236 -0.429558 -0.0230242 -0.461131 -0.0226948 -0.492347 -0.0225599 -0.524162 -0.0225713 -0.555787 -0.0227253 -0.586473 -0.0224429 -0.617293 -0.0219994 
3.803 0.103246 0.0119025 0.0763713 0.0121624 0.0498783 0.0123734 0.0230438 0.0121789 -0.00352004 0.0122376 -0.0298141 0.0127397 -0.0562967 0.0132728 
3.234 -0.223421 0.167361 -0.253302 0.167899 -0.283052 0.16832 -0.313098 0.168493 -0.343265 0.16868 -0.372904 0.169205 -0.402686 0.169811 
3.73 -0.14398 0.114628 -0.171016 0.114979 -0.197802 0.115235 -0.22511 0.115275 -0.252517 0.115359 -0.279206 0.115711 -0.306664 0.116464 
3.617 0.401151 -0.036721 0.368532 -0.036363 0.336146 -0.0361251 0.303517 -0.0363188 0.271134 -0.0361183 0.239005 -0.0354157 0.207069 -0.0345717 
3.602 -0.337789 -0.0709629 -0.366379 -0.0705676 -0.394715 -0.0703456 -0.423637 -0.070303 -0.452414 -0.0703728 -0.480592 -0.0699075 -0.508942 -0.0693273 
3.139 -0.403534 0.155034 -0.438144 0.155354 -0.47262 0.155585 -0.50756 0.155774 -0.542464 0.155728 -0.576577 0.156006 -0.610737 0.156242 
3.881 -0.272045 -0.0826051 -0.298732 -0.0824258 -0.325068 -0.082374 -0.351948 -0.0824734 -0.378675 -0.0826678 -0.404896 -0.0823988 -0.431248 -0.0820681 
3.934 0.0395562 0.0639501 0.0136298 0.0641596 -0.0121171 0.0643641 -0.0380963 0.0642703 -0.064073 0.0642994 -0.0896595 0.0648198 -0.115448 0.0652713 
3.773 -0.315875 0.0255992 -0.342816 0.025799 -0.369799 0.0259536 -0.396978 0.0258178 -0.424243 0.0255806 -0.451021 0.0259122 -0.477997 0.0263335 
3.414 -0.383673 -0.0798658 -0.413824 -0.0796075 -0.443522 -0.0794519 -0.473731 -0.079496 -0.503812 -0.0796682 -0.533336 -0.0793908 -0.562783 -0.0789844 
3.242 -0.445309 -0.215464 -0.476724 -0.215249 -0.507874 -0.215147 -0.53943 -0.215191 -0.570559 -0.215367 -0.600799 -0.214874 -0.630967 -0.21423 
3.809 0.118313 0.0338173 0.0913298 0.0339892 0.0646728 0.0341314 0.0378215 0.0339837 0.0109619 0.0340771 -0.0154672 0.0344623 -0.0419953 0.035271 
3.465 -0.382989 -0.200397 -0.412437 -0.200231 -0.441761 -0.200208 -0.471451 -0.200373 -0.500839 -0.200633 -0.529714 -0.20029 -0.558662 -0.199884 
3.92 0.0162717 -0.135338 -0.00942576 -0.135105 -0.0353122 -0.134978 -0.0613884 -0.135247 -0.0870715 -0.135288 -0.112134 -0.134973 -0.137659 -0.134473 
3.793 0.117628 -0.0839748 0.0906267 -0.0836545 0.0639926 -0.0833891 0.0371266 -0.083553 0.0104078 -0.0832905 -0.015978 -0.0828373 -0.0424726 -0.0823649 
3.801 0.108725 -0.318874 0.0816202 -0.318408 0.0549221 -0.318068 0.02771 -0.318332 0.00090645 -0.318537 -0.0255752 -0.317812 -0.0520997 -0.317154 
3.779 -0.16658 0.0269689 -0.194724 0.0272827 -0.222652 0.0274901 -0.251057 0.0274537 -0.27947 0.0274134 -0.307449 0.027782 -0.335488 0.0282991 
4.234 -0.224791 -0.197658 -0.248948 -0.197464 -0.272817 -0.197461 -0.297211 -0.19771 -0.321484 -0.197972 -0.34512 -0.197534 -0.368949 -0.197107 
3.207 -0.437776 -0.0675387 -0.469391 -0.0672035 -0.500759 -0.0670542 -0.532644 -0.0670713 -0.564341 -0.0672177 -0.595173 -0.0668949 -0.626032 -0.0664769 
3.809 0.0854404 -0.211355 0.0589352 -0.211037 0.0322359 -0.210727 0.0051805 -0.210776 -0.0215168 -0.21084 -0.0475411 -0.210158 -0.0737887 -0.209558 
3.629 -0.184386 0.0420353 -0.213057 0.0422244 -0.241685 0.0423644 -0.270685 0.0423297 -0.299808 0.0423357 -0.328342 0.0429591 -0.357005 0.0433725 
3.811 0.0854404 -0.0743871 0.058844 -0.0741188 0.0325811 -0.0739932 0.00597318 -0.0741277 -0.0204796 -0.074076 -0.0465823 -0.0736108 -0.0727283 -0.0730141 
3.1 -0.240542 0.125586 -0.273441 0.125928 -0.306067 0.126079 -0.338951 0.126085 -0.372093 0.126068 -0.404564 0.126458 -0.437215 0.126984 
3.623 -0.339844 -0.131229 -0.368087 -0.130996 -0.396119 -0.130918 -0.424548 -0.131033 -0.452656 -0.131283 -0.480473 -0.130946 -0.508559 -0.130576 
4.133 -0.160416 -0.06206 -0.184447 -0.0618956 -0.208599 -0.0617863 -0.233262 -0.0619361 -0.257771 -0.0621099 -0.281102 -0.0619117 -0.303973 -0.0617566 
3.754 -0.232324 0.0269689 -0.260825 0.0272714 -0.289168 0.0274334 -0.317962 0.0273752 -0.346669 0.027311 -0.374799 0.0276572 -0.403187 0.0281423 
3.926 0.0190111 -0.198343 -0.0069161 -0.197998 -0.0327561 -0.197713 -0.0589717 -0.197816 -0.0848099 -0.197908 -0.109928 -0.197653 -0.135647 -0.197028 
4.406 -0.0385153 0.0666895 -0.0617523 0.0669856 -0.0846088 0.0671072 -0.10802 0.0670382 -0.131284 0.067062 -0.154059 0.0674773 -0.177308 0.0680645 
3.621 -0.242597 0.0427202 -0.271497 0.0429647 -0.300257 0.0431831 -0.329349 0.0431154 -0.358498 0.0430432 -0.387131 0.043479 -0.415881 0.0439874 
3.795 0.114888 -0.204506 0.0877811 -0.204046 0.0609651 -0.203777 0.0340162 -0.203946 0.00729428 -0.203986 -0.019235 -0.20339 -0.0456602 -0.202866 
3.477 -0.369977 -0.0921929 -0.399316 -0.0920045 -0.428426 -0.0919471 -0.458075 -0.0922906 -0.487622 -0.0926329 -0.516417 -0.0922268 -0.545351 -0.0916255 
3.871 -0.283002 -0.147665 -0.309575 -0.147482 -0.335972 -0.147534 -0.362833 -0.147678 -0.389583 -0.14796 -0.415761 -0.147671 -0.442134 -0.147365 
3.539 -0.256978 0.0625805 -0.285744 0.0631294 -0.314526 0.0634492 -0.343599 0.0635441 -0.372677 0.0636913 -0.401228 0.0642174 -0.430068 0.0646945 
2.865 -0.316559 0.156403 -0.353638 0.15684 -0.39061 0.157232 -0.428059 0.157382 -0.465681 0.157425 -0.502489 0.157833 -0.539223 0.158347 
3.797 0.0991371 -0.286687 0.0723014 -0.286131 0.0455867 -0.285834 0.0184898 -0.285741 -0.00809697 -0.285673 -0.0344258 -0.285331 -0.0611386 -0.284267 
2.906 -0.302178 0.145446 -0.337449 0.145906 -0.372307 0.146348 -0.407404 0.146453 -0.442692 0.146443 -0.477581 0.146873 -0.512379 0.14727 
