4.68 0.00599918 -0.0428845 0.00606476 -0.0421339 0.00582462 -0.0412996 0.00590923 -0.041008 0.00605757 -0.0406312 0.0141052 -0.0356641 0.0142733 -0.0353051 
3.588 -0.382304 -0.374346 -0.371676 -0.364342 -0.362242 -0.354838 -0.352708 -0.346392 -0.343508 -0.338373 -0.373359 -0.365888 -0.362913 -0.356342 
4.695 0.00942337 -0.0572661 0.00939026 -0.0563464 0.00916526 -0.0550853 0.00917454 -0.0546032 0.00928259 -0.0538406 0.0174733 -0.0501005 0.0176125 -0.0492792 
3.666 -0.351486 -0.370922 -0.341901 -0.361197 -0.333478 -0.352006 -0.324876 -0.343809 -0.316537 -0.335989 -0.342662 -0.362559 -0.3333 -0.353337 
3.438 -0.437776 -0.235324 -0.425018 -0.22887 -0.413684 -0.222604 -0.402372 -0.217347 -0.391552 -0.21232 -0.428663 -0.227236 -0.416196 -0.221108 
3.887 -0.274099 -0.345583 -0.266852 -0.337039 -0.260581 -0.328842 -0.254043 -0.321613 -0.24772 -0.31467 -0.265516 -0.337515 -0.25847 -0.329424 
3.719 -0.330256 -0.4216 -0.321419 -0.410797 -0.313645 -0.400477 -0.305695 -0.391276 -0.297919 -0.382461 -0.321337 -0.413007 -0.312697 -0.402702 
4.605 -0.0556362 -0.036721 -0.0541582 -0.0362636 -0.053115 -0.0354363 -0.0517869 -0.0353395 -0.0504537 -0.0350509 -0.0476257 -0.0295801 -0.0461028 -0.0292157 
3.588 -0.382989 -0.394891 -0.372341 -0.384388 -0.362888 -0.374347 -0.353377 -0.36543 -0.344157 -0.356882 -0.373969 -0.386387 -0.363541 -0.37632 
3.611 -0.359704 -0.0757567 -0.349371 -0.0738803 -0.340318 -0.0718419 -0.331187 -0.0706039 -0.322472 -0.0693669 -0.351386 -0.0681391 -0.341304 -0.0664891 
2.053 -0.152198 0.163936 -0.147727 0.159151 -0.144016 0.15524 -0.140043 0.150668 -0.136257 0.146536 -0.144421 0.172049 -0.139948 0.1673 
3.586 -0.383673 -0.414751 -0.373061 -0.403725 -0.363629 -0.393223 -0.354142 -0.383867 -0.344933 -0.374877 -0.374612 -0.406149 -0.364224 -0.395583 
3.627 -0.365868 -0.372976 -0.355783 -0.363089 -0.346928 -0.353715 -0.337928 -0.345417 -0.329238 -0.33751 -0.356867 -0.364483 -0.347057 -0.355089 
3.691 -0.343953 -0.401739 -0.334565 -0.391278 -0.326273 -0.381285 -0.317869 -0.372373 -0.309652 -0.363834 -0.335086 -0.393259 -0.325904 -0.383256 
3.637 -0.361759 -0.386673 -0.351714 -0.376452 -0.34292 -0.366687 -0.333953 -0.358034 -0.325288 -0.349765 -0.35279 -0.378209 -0.343051 -0.368433 
3.824 -0.29396 -0.372291 -0.286237 -0.363034 -0.279545 -0.354178 -0.272593 -0.346331 -0.265827 -0.338788 -0.285288 -0.364068 -0.277757 -0.355249 
3.693 -0.344638 -0.383934 -0.335224 -0.373925 -0.326954 -0.364377 -0.318516 -0.355889 -0.31031 -0.347785 -0.335784 -0.375522 -0.32659 -0.365995 
4.773 -0.0104369 -0.044939 -0.0100634 -0.0442099 -0.00992652 -0.0433555 -0.00953565 -0.043069 -0.00907716 -0.0426276 -0.00242545 -0.0377235 -0.00186433 -0.0373217 
3.842 -0.289166 -0.347637 -0.281516 -0.338959 -0.27491 -0.330659 -0.268012 -0.323279 -0.261309 -0.316245 -0.28062 -0.339562 -0.273156 -0.331312 
4.152 -0.182331 -0.190809 -0.177741 -0.186485 -0.173891 -0.182225 -0.169756 -0.178715 -0.165716 -0.175281 -0.174138 -0.183306 -0.169656 -0.179323 
3.736 -0.325462 -0.396261 -0.316676 -0.386083 -0.308942 -0.376341 -0.301056 -0.367653 -0.293344 -0.35937 -0.31666 -0.38786 -0.308076 -0.378156 
3.615 -0.365183 -0.155198 -0.354759 -0.151207 -0.345656 -0.147203 -0.336436 -0.144027 -0.327624 -0.141016 -0.35668 -0.147475 -0.346509 -0.143744 
3.885 -0.275469 -0.401739 -0.268245 -0.391798 -0.26195 -0.382264 -0.255403 -0.373773 -0.249008 -0.365609 -0.26684 -0.393432 -0.259728 -0.383948 
4.137 -0.180277 -0.0538419 -0.175668 -0.0528317 -0.171734 -0.0514975 -0.167553 -0.0509348 -0.163504 -0.0502066 -0.172279 -0.0465594 -0.16771 -0.0456838 
4.023 -0.219997 -0.0586358 -0.214263 -0.0574838 -0.209425 -0.0560557 -0.20435 -0.0553877 -0.199431 -0.05457 -0.21191 -0.0513134 -0.206344 -0.0502641 
3.766 -0.316559 -0.384619 -0.30811 -0.374806 -0.300632 -0.365433 -0.293012 -0.357106 -0.285561 -0.349133 -0.30788 -0.376302 -0.299572 -0.366964 
3.795 -0.308341 -0.354486 -0.300119 -0.345518 -0.292956 -0.336941 -0.285542 -0.329351 -0.278403 -0.322068 -0.299656 -0.346288 -0.291626 -0.337774 
3.793 -0.308341 -0.410642 -0.300146 -0.400231 -0.292902 -0.390257 -0.285488 -0.381372 -0.278257 -0.372817 -0.29956 -0.402226 -0.29154 -0.392271 
3.838 -0.290536 -0.385988 -0.282854 -0.376309 -0.276206 -0.367076 -0.269303 -0.358844 -0.262584 -0.350967 -0.281893 -0.377734 -0.274418 -0.368517 
3.678 -0.346007 -0.423654 -0.336636 -0.412628 -0.328352 -0.40211 -0.319886 -0.392705 -0.311701 -0.383716 -0.337103 -0.415062 -0.327908 -0.404538 
3.602 -0.361074 -0.101096 -0.350738 -0.0986256 -0.341693 -0.0959162 -0.332517 -0.0940625 -0.323785 -0.0923311 -0.352715 -0.0935809 -0.342596 -0.0912238 
3.738 -0.324777 -0.357225 -0.31605 -0.348064 -0.308359 -0.339275 -0.300508 -0.331536 -0.292878 -0.324104 -0.316078 -0.349024 -0.307472 -0.340249 
3.438 -0.435036 -0.205876 -0.422215 -0.200259 -0.410863 -0.194723 -0.399532 -0.190184 -0.388681 -0.185864 -0.426263 -0.19803 -0.413729 -0.192695 
3.838 -0.29259 -0.407218 -0.284898 -0.397034 -0.278168 -0.387268 -0.271233 -0.378605 -0.264462 -0.370222 -0.283901 -0.398873 -0.276387 -0.389148 
3.648 -0.359704 -0.219573 -0.349845 -0.213908 -0.341141 -0.208372 -0.332188 -0.2037 -0.323803 -0.199285 -0.351327 -0.211815 -0.341519 -0.206437 
3.791 -0.29259 -0.0695932 -0.284488 -0.0680708 -0.277425 -0.0662939 -0.270243 -0.0653527 -0.263309 -0.0643607 -0.284421 -0.0621525 -0.276477 -0.0608173 
3.887 -0.276839 -0.367498 -0.269596 -0.358461 -0.263342 -0.349846 -0.2568 -0.342185 -0.250441 -0.334842 -0.268211 -0.359349 -0.261179 -0.350779 
3.795 -0.307656 -0.372291 -0.299458 -0.362861 -0.292247 -0.353804 -0.284871 -0.345786 -0.277686 -0.338124 -0.298973 -0.364007 -0.290913 -0.355 
3.752 -0.307656 -0.0695932 -0.299321 -0.068111 -0.29209 -0.0664148 -0.284657 -0.0654058 -0.277621 -0.0644575 -0.299524 -0.0622145 -0.291376 -0.060882 
3.541 -0.400794 -0.238063 -0.389243 -0.231642 -0.379093 -0.225352 -0.368878 -0.220077 -0.359094 -0.215011 -0.391906 -0.230155 -0.380709 -0.224054 
3.689 -0.330941 -0.130544 -0.321888 -0.127338 -0.313996 -0.12401 -0.305915 -0.121548 -0.298186 -0.119131 -0.322585 -0.12302 -0.313752 -0.120031 
3.887 -0.275469 -0.383249 -0.268277 -0.373778 -0.26199 -0.364689 -0.255467 -0.356641 -0.24908 -0.348878 -0.266873 -0.374999 -0.259811 -0.36597 
4.695 -0.0446788 -0.0757567 -0.0434971 -0.0743272 -0.042687 -0.0726478 -0.0416438 -0.0716626 -0.0405352 -0.0705533 -0.0366041 -0.0687149 -0.0353642 -0.0673986 
4.051 -0.0433091 -0.0100123 -0.0420257 -0.0101623 -0.0412364 -0.00993993 -0.0401388 -0.0104285 -0.0390056 -0.0106863 -0.0351928 -0.00289263 -0.0339239 -0.00311479 
3.584 -0.379564 -0.199712 -0.368836 -0.194527 -0.359409 -0.189403 -0.349883 -0.185243 -0.340762 -0.181218 -0.370948 -0.191942 -0.360447 -0.187069 
3.623 -0.355595 -0.133283 -0.34562 -0.129839 -0.336838 -0.126299 -0.327907 -0.12362 -0.319368 -0.121042 -0.347347 -0.125769 -0.337563 -0.122519 
3.678 -0.293275 0.101616 -0.28424 0.098286 -0.276429 0.0956786 -0.268508 0.0923567 -0.261083 0.0893559 -0.285534 0.109256 -0.276668 0.10589 
4.145 -0.0261882 -0.0182304 -0.0254015 -0.0180901 -0.0249435 -0.0176251 -0.0241714 -0.0178571 -0.0233562 -0.017857 -0.0181612 -0.0110425 -0.017293 -0.0110143 
4.855 -0.00358855 -0.100411 -0.0032705 -0.0984374 -0.00329942 -0.0962729 -0.00309022 -0.0947976 -0.0027812 -0.093197 0.00443585 -0.093445 0.0048321 -0.0916246 
3.732 -0.161101 0.0194357 -0.156772 0.0184907 -0.153092 0.0181895 -0.14916 0.0170954 -0.145317 0.0163832 -0.153187 0.0268225 -0.148887 0.0258756 
3.502 -0.410382 -0.198343 -0.398517 -0.192978 -0.388109 -0.187648 -0.377597 -0.18328 -0.367507 -0.179131 -0.401768 -0.190602 -0.390178 -0.185468 
3.719 -0.326832 -0.185331 -0.317853 -0.180627 -0.310078 -0.175952 -0.302154 -0.172168 -0.294503 -0.168534 -0.31826 -0.177667 -0.309474 -0.173245 
3.873 -0.277524 -0.213409 -0.270181 -0.208181 -0.263847 -0.203014 -0.257224 -0.198723 -0.250917 -0.19458 -0.269122 -0.205792 -0.261971 -0.200842 
3.936 -0.242597 -0.0908232 -0.236246 -0.0887404 -0.230852 -0.0865022 -0.225255 -0.085049 -0.219848 -0.0835737 -0.234423 -0.0834704 -0.228239 -0.0815628 
4.836 -0.0213943 -0.100411 -0.0206693 -0.098404 -0.0203139 -0.0962525 -0.0197253 -0.0947566 -0.0189585 -0.0931693 -0.0133531 -0.0933741 -0.0125586 -0.0915805 
4.207 -0.0433091 -0.0237091 -0.0421736 -0.023485 -0.0413896 -0.0229324 -0.0403238 -0.0230708 -0.0392668 -0.022991 -0.0352373 -0.0165732 -0.0340568 -0.0164677 
3.697 -0.332995 -0.154513 -0.32379 -0.150677 -0.315907 -0.146845 -0.307763 -0.143882 -0.299914 -0.140965 -0.324566 -0.146896 -0.315648 -0.143308 
3.758 -0.317929 -0.213409 -0.30927 -0.208055 -0.301702 -0.202812 -0.294032 -0.198473 -0.286615 -0.19426 -0.309453 -0.205669 -0.30108 -0.200685 
4.641 -0.0412546 -0.0415149 -0.0400977 -0.040903 -0.0393732 -0.0400304 -0.038295 -0.0398386 -0.0372542 -0.0393008 -0.0331753 -0.0343948 -0.03198 -0.0338662 
2.758 -0.172743 0.133119 -0.167559 0.129033 -0.163125 0.125773 -0.158651 0.121849 -0.154328 0.118301 -0.164958 0.140681 -0.159813 0.136593 
3.623 -0.370662 -0.231215 -0.360178 -0.225131 -0.351087 -0.219188 -0.341835 -0.214177 -0.33292 -0.209408 -0.36181 -0.223366 -0.351633 -0.217582 
3.639 -0.355595 -0.192864 -0.345633 -0.18788 -0.336969 -0.182967 -0.328287 -0.178955 -0.319729 -0.17514 -0.347189 -0.185111 -0.337549 -0.180441 
3.861 -0.278208 -0.179167 -0.270867 -0.174825 -0.2645 -0.170506 -0.257933 -0.167027 -0.251573 -0.163629 -0.269816 -0.171583 -0.262701 -0.167515 
3.953 -0.244651 -0.174373 -0.238251 -0.170341 -0.232811 -0.16627 -0.227055 -0.162967 -0.221557 -0.159739 -0.236366 -0.166906 -0.23016 -0.163081 
3.525 -0.402164 -0.224367 -0.390707 -0.218339 -0.380575 -0.212522 -0.370328 -0.207637 -0.360577 -0.20293 -0.393371 -0.216337 -0.382121 -0.210714 
4.156 -0.183701 -0.204506 -0.179078 -0.199938 -0.175202 -0.195355 -0.171064 -0.191586 -0.166988 -0.187843 -0.175489 -0.19705 -0.170993 -0.192739 
3.346 -0.476127 -0.233954 -0.461856 -0.22734 -0.449152 -0.220915 -0.436576 -0.215525 -0.424528 -0.210374 -0.46704 -0.225918 -0.453111 -0.2196 
3.869 -0.164525 -0.00658814 -0.160181 -0.00669803 -0.156556 -0.00632844 -0.152659 -0.00677623 -0.148895 -0.00699627 -0.156567 0.000664311 -0.152316 0.000502465 
4.262 -0.0570059 -0.0216546 -0.0555457 -0.0214568 -0.0544919 -0.0208641 -0.0531364 -0.0209926 -0.0517771 -0.0209631 -0.0490164 -0.0144499 -0.0474489 -0.0143618 
2.887 0.0683194 0.0481989 0.0671189 0.0467237 0.065658 0.045786 0.0644402 0.0442323 0.0633283 0.0429996 0.0770635 0.0550122 0.0759577 0.0534974 
3.547 -0.135077 0.115313 -0.131182 0.111968 -0.128002 0.109269 -0.12453 0.10589 -0.121243 0.102946 -0.127228 0.123019 -0.123354 0.119587 
3.918 -0.259718 -0.203137 -0.252949 -0.19825 -0.246898 -0.193431 -0.240876 -0.189503 -0.234857 -0.18563 -0.251344 -0.195455 -0.244808 -0.19095 
3.689 -0.340529 -0.216833 -0.331379 -0.21136 -0.323282 -0.205966 -0.31495 -0.201421 -0.307025 -0.197111 -0.332321 -0.209115 -0.323164 -0.203908 
4.297 0.0313382 0.0420353 0.0306838 0.0406334 0.0298493 0.0397031 0.0293005 0.0381645 0.0288063 0.0368692 0.0397424 0.0493253 0.0392353 0.0478702 
4.332 -0.0255034 -0.0339816 -0.0247929 -0.0336296 -0.0243557 -0.0328965 -0.023683 -0.0328601 -0.0229347 -0.0326428 -0.0174785 -0.026967 -0.016652 -0.0267262 
4.086 -0.202876 -0.150404 -0.197691 -0.147025 -0.193448 -0.14363 -0.188798 -0.140992 -0.184271 -0.138353 -0.194705 -0.143008 -0.189683 -0.139854 
3.924 -0.257663 -0.181907 -0.251015 -0.17762 -0.24507 -0.173344 -0.239202 -0.169906 -0.23322 -0.166463 -0.249404 -0.174384 -0.242857 -0.170365 
3.689 -0.339159 -0.173004 -0.329763 -0.168584 -0.321597 -0.164124 -0.313258 -0.160559 -0.305226 -0.157094 -0.330741 -0.165402 -0.321538 -0.16115 
4.246 -0.00427339 -0.0196001 -0.00398037 -0.0194429 -0.00397862 -0.0190957 -0.00372895 -0.0192484 -0.00342236 -0.0192493 0.00382633 -0.0124906 0.0042065 -0.0124773 
4.172 -0.132338 -0.0100123 -0.12881 -0.0101026 -0.125786 -0.00978502 -0.12265 -0.0102115 -0.119577 -0.010447 -0.124454 -0.00277885 -0.120921 -0.00292122 
3.471 -0.41997 -0.174373 -0.407829 -0.16976 -0.396994 -0.165135 -0.386127 -0.16147 -0.375782 -0.157933 -0.411298 -0.166587 -0.399355 -0.162234 
4.484 -0.10152 -0.163416 -0.099077 -0.160092 -0.0971575 -0.156659 -0.0949187 -0.153991 -0.0926233 -0.151248 -0.0934913 -0.156201 -0.0909978 -0.153074 
4.078 -0.206985 -0.197658 -0.201794 -0.193129 -0.197269 -0.188666 -0.192482 -0.184971 -0.187791 -0.181353 -0.198726 -0.190126 -0.19363 -0.185937 
2.264 -0.268621 0.190645 -0.259497 0.184099 -0.251633 0.178681 -0.243713 0.172629 -0.236319 0.167096 -0.26119 0.198667 -0.252173 0.192188 
4.652 -0.0549514 -0.0531571 -0.0534928 -0.052269 -0.0524693 -0.0510528 -0.0511553 -0.0506281 -0.0498436 -0.0499555 -0.046917 -0.0460134 -0.0454436 -0.0452997 
3.877 -0.283002 -0.323668 -0.275589 -0.315643 -0.269133 -0.307868 -0.262507 -0.30114 -0.255983 -0.294592 -0.274456 -0.315691 -0.267228 -0.308072 
4.703 -0.0590604 -0.273675 -0.0576635 -0.268212 -0.0566908 -0.262822 -0.0553751 -0.258205 -0.0539473 -0.253579 -0.0509158 -0.266435 -0.0494908 -0.261266 
3.805 -0.301493 -0.219573 -0.293557 -0.214172 -0.286629 -0.208834 -0.279449 -0.204377 -0.272516 -0.200072 -0.293259 -0.211948 -0.285388 -0.206818 
3.834 -0.298069 -0.317504 -0.290021 -0.309468 -0.282993 -0.301667 -0.275774 -0.294921 -0.268788 -0.288417 -0.289481 -0.309527 -0.281643 -0.301845 
3.766 -0.308341 -0.149034 -0.300096 -0.145344 -0.292961 -0.141694 -0.285592 -0.138847 -0.278554 -0.136059 -0.300063 -0.141475 -0.292043 -0.138094 
4.469 -0.100836 -0.138077 -0.098398 -0.13536 -0.0965413 -0.132524 -0.0943086 -0.130313 -0.0920983 -0.128026 -0.0927986 -0.130904 -0.0903355 -0.128312 
3.777 -0.294645 -0.0949322 -0.286483 -0.0927112 -0.279427 -0.0902685 -0.272162 -0.0886547 -0.265216 -0.0870544 -0.286392 -0.0874916 -0.278462 -0.085416 
3.475 -0.416546 -0.133283 -0.404379 -0.129809 -0.393523 -0.126256 -0.382763 -0.123596 -0.372515 -0.121066 -0.407932 -0.125624 -0.39601 -0.122388 
4.805 0.00873853 -0.0723326 0.00871863 -0.0711213 0.0084665 -0.0696396 0.00848811 -0.0688649 0.00856866 -0.0679401 0.0168283 -0.0653308 0.0169242 -0.0642736 
3.51 -0.404219 -0.171634 -0.39258 -0.167135 -0.382476 -0.162628 -0.372208 -0.159049 -0.362292 -0.155603 -0.395638 -0.163909 -0.384296 -0.159644 
2.094 -0.137132 0.151609 -0.133011 0.147157 -0.129691 0.143462 -0.126017 0.139141 -0.122611 0.135239 -0.129308 0.15943 -0.125233 0.154985 
3.641 -0.120696 0.118737 -0.117214 0.115259 -0.114264 0.112549 -0.111236 0.109079 -0.108212 0.106085 -0.112939 0.126446 -0.109409 0.122955 
4.719 -0.0357759 -0.0558965 -0.0347619 -0.0551799 -0.0341891 -0.0539785 -0.0333444 -0.0534712 -0.03236 -0.0528393 -0.0276867 -0.0488584 -0.0266918 -0.0480663 
3.857 -0.274784 -0.16547 -0.267382 -0.16141 -0.261147 -0.157343 -0.254592 -0.154153 -0.248258 -0.15096 -0.26641 -0.157961 -0.259337 -0.154171 
3.951 -0.0837146 -0.00727298 -0.0814521 -0.00735093 -0.0797636 -0.00703593 -0.0776141 -0.0074166 -0.0755792 -0.0076016 -0.0759781 -9.04568e-05 -0.0735438 -0.000251718 
4.426 -0.10152 -0.0524723 -0.0990153 -0.0515324 -0.0970105 -0.0503546 -0.0947709 -0.0499139 -0.0924193 -0.0493662 -0.0935722 -0.0453042 -0.0909846 -0.0445905 
3.664 -0.343268 -0.140131 -0.333749 -0.136671 -0.325426 -0.133085 -0.316999 -0.130421 -0.308801 -0.127785 -0.33493 -0.132548 -0.325593 -0.129296 
3.572 -0.380249 -0.151089 -0.369477 -0.147211 -0.359991 -0.143265 -0.350422 -0.140218 -0.341267 -0.13727 -0.371913 -0.143482 -0.361401 -0.139818 
4.297 0.00873853 -0.0264484 0.00875596 -0.0262437 0.00845952 -0.0256273 0.00847285 -0.0257125 0.00855963 -0.0256435 0.0168764 -0.0193477 0.0170116 -0.0192803 
4.762 -0.052212 -0.236009 -0.0509547 -0.2314 -0.0501019 -0.226799 -0.0488946 -0.222997 -0.0476107 -0.219176 -0.0441386 -0.22879 -0.0428045 -0.224458 
3.17 -0.543241 -0.225051 -0.52625 -0.218445 -0.510996 -0.211989 -0.495895 -0.206577 -0.481565 -0.201387 -0.534062 -0.217067 -0.517327 -0.210665 
4.297 -0.14398 -0.152459 -0.140338 -0.149063 -0.137398 -0.145738 -0.134108 -0.1432 -0.130863 -0.140522 -0.135893 -0.14507 -0.132303 -0.142075 
4.652 -0.0686481 -0.256554 -0.0670091 -0.251426 -0.0658051 -0.246168 -0.0643062 -0.241854 -0.0627109 -0.237447 -0.0605535 -0.249217 -0.0588855 -0.244362 
3.541 -0.393261 -0.196973 -0.38209 -0.191703 -0.372216 -0.186521 -0.362281 -0.1823 -0.352708 -0.178223 -0.384834 -0.189175 -0.37389 -0.184194 
3.787 -0.296699 -0.12438 -0.288507 -0.121368 -0.281407 -0.11838 -0.274111 -0.116009 -0.26711 -0.113725 -0.288409 -0.116918 -0.280428 -0.1141 
4.281 -0.14535 -0.175743 -0.141715 -0.171994 -0.138747 -0.168093 -0.135425 -0.164941 -0.132172 -0.161875 -0.137283 -0.168468 -0.133648 -0.164791 
3.426 -0.437091 -0.166155 -0.424074 -0.161538 -0.412616 -0.156944 -0.401163 -0.153319 -0.390192 -0.149846 -0.42834 -0.158376 -0.415578 -0.154003 
3.957 -0.254924 -0.309286 -0.248296 -0.301706 -0.242557 -0.294384 -0.23664 -0.288023 -0.230775 -0.281824 -0.246425 -0.301369 -0.239959 -0.294186 
4.602 -0.0830297 -0.25176 -0.0810074 -0.24655 -0.0794514 -0.241362 -0.0776422 -0.236994 -0.0756817 -0.232537 -0.0749382 -0.244366 -0.0728543 -0.239461 
3.516 -0.401479 -0.130544 -0.389955 -0.12718 -0.379856 -0.123703 -0.369559 -0.12115 -0.359754 -0.118661 -0.393045 -0.122888 -0.381735 -0.119742 
4.191 -0.178222 -0.286002 -0.173717 -0.279381 -0.16993 -0.272975 -0.165874 -0.267415 -0.16185 -0.262002 -0.169969 -0.278384 -0.165569 -0.272129 
4.562 -0.0864539 -0.16684 -0.0842793 -0.163413 -0.0826995 -0.159999 -0.0807298 -0.157323 -0.0787606 -0.154504 -0.078411 -0.159604 -0.0762575 -0.156424 
3.934 -0.148089 -0.00795781 -0.144188 -0.00806135 -0.140939 -0.00773268 -0.137308 -0.00817672 -0.133966 -0.00838667 -0.13996 -0.00064835 -0.136015 -0.000810782 
2.271 -0.174798 0.146816 -0.169485 0.142388 -0.16496 0.138777 -0.160285 0.134515 -0.155967 0.130678 -0.167032 0.154582 -0.161796 0.150108 
4.613 -0.0727572 -0.10315 -0.0709757 -0.101173 -0.0695799 -0.0988676 -0.0679118 -0.0973826 -0.0662525 -0.0957401 -0.0648189 -0.0960834 -0.0628922 -0.0942077 
3.77 -0.304232 -0.16547 -0.296023 -0.161433 -0.288893 -0.157309 -0.281544 -0.154066 -0.274511 -0.150897 -0.295888 -0.15793 -0.287874 -0.15413 
4.098 -0.200822 -0.123011 -0.195601 -0.120353 -0.191303 -0.117552 -0.186726 -0.11554 -0.182267 -0.113471 -0.192683 -0.115701 -0.187598 -0.113203 
2.348 -0.278208 0.172839 -0.268813 0.166977 -0.260666 0.162083 -0.25249 0.156611 -0.244873 0.15157 -0.270724 0.180791 -0.261481 0.174919 
3.355 -0.476811 -0.25176 -0.462574 -0.244703 -0.449873 -0.237783 -0.437257 -0.231954 -0.4252 -0.226421 -0.46774 -0.243761 -0.453847 -0.236986 
4.43 -0.117956 -0.25176 -0.115054 -0.246346 -0.112812 -0.241027 -0.110188 -0.236447 -0.107559 -0.232065 -0.109815 -0.24433 -0.107007 -0.239255 
3.426 -0.423394 -0.0894535 -0.410896 -0.0871939 -0.399863 -0.0847627 -0.388831 -0.083199 -0.37842 -0.081712 -0.414905 -0.0818167 -0.402667 -0.0797784 
3.531 -0.389837 -0.0860293 -0.378774 -0.0839129 -0.369017 -0.081619 -0.35917 -0.0801617 -0.349685 -0.078745 -0.381632 -0.0784815 -0.370762 -0.0765533 
4.758 -0.048103 -0.177113 -0.0468825 -0.173536 -0.0460783 -0.169985 -0.0449579 -0.167222 -0.0437489 -0.164329 -0.0400141 -0.169662 -0.0387418 -0.166501 
3.74 -0.309711 -0.117532 -0.301323 -0.114707 -0.2941 -0.111747 -0.286639 -0.109628 -0.279526 -0.107496 -0.301397 -0.11009 -0.293212 -0.10742 
3.568 -0.37751 -0.115477 -0.366742 -0.112488 -0.357293 -0.109431 -0.347713 -0.10717 -0.338615 -0.104977 -0.36922 -0.107926 -0.358659 -0.105167 
3.188 -0.534338 -0.213409 -0.517557 -0.20708 -0.502587 -0.200753 -0.487796 -0.195676 -0.473681 -0.190695 -0.525237 -0.205292 -0.508752 -0.19931 
2.492 -0.221367 0.142022 -0.214299 0.137449 -0.208036 0.133688 -0.20178 0.129354 -0.195784 0.12534 -0.213911 0.149783 -0.206812 0.145202 
4.547 -0.0837146 -0.130544 -0.0816662 -0.127982 -0.0800795 -0.125324 -0.0781849 -0.123299 -0.076298 -0.121299 -0.0757149 -0.123432 -0.0736173 -0.121109 
3.951 -0.254924 -0.233954 -0.24831 -0.228344 -0.242665 -0.222928 -0.236769 -0.218297 -0.231016 -0.213857 -0.246542 -0.226318 -0.240101 -0.22104 
3.781 -0.296014 -0.0497329 -0.287916 -0.0486396 -0.280863 -0.0473489 -0.273658 -0.0468409 -0.266755 -0.0462387 -0.287917 -0.0422188 -0.279958 -0.0413511 
4.598 -0.0809752 -0.227106 -0.0790213 -0.22232 -0.0775124 -0.217928 -0.0757218 -0.214135 -0.0738581 -0.210312 -0.0729167 -0.219806 -0.0709283 -0.215507 
3.422 -0.432982 -0.14835 -0.420172 -0.144244 -0.408651 -0.140072 -0.397326 -0.136861 -0.386511 -0.133751 -0.424404 -0.140659 -0.411872 -0.136787 
4.73 -0.0542665 -0.259978 -0.0529594 -0.254733 -0.0520169 -0.249495 -0.0507596 -0.245038 -0.0494096 -0.240618 -0.0461591 -0.252642 -0.0447937 -0.247728 
3.498 -0.405588 -0.113423 -0.393712 -0.110452 -0.383242 -0.107401 -0.372732 -0.105156 -0.362735 -0.103017 -0.397013 -0.105831 -0.385449 -0.103065 
4.016 -0.225476 -0.109999 -0.219601 -0.107518 -0.214493 -0.104871 -0.209253 -0.103045 -0.204069 -0.10118 -0.217366 -0.102623 -0.211559 -0.100336 
4.105 -0.190549 -0.0668539 -0.185774 -0.0656142 -0.181824 -0.0641119 -0.177555 -0.0633187 -0.173457 -0.0624804 -0.182474 -0.0595577 -0.177863 -0.0584602 
4.656 -0.0631694 -0.12712 -0.0616523 -0.124646 -0.060522 -0.122066 -0.0590991 -0.120304 -0.0576497 -0.11812 -0.0551885 -0.120036 -0.0535859 -0.117792 
3.92 -0.238488 -0.0435694 -0.23222 -0.0427399 -0.226877 -0.0416343 -0.221299 -0.0412775 -0.215922 -0.0408237 -0.230403 -0.0361649 -0.224294 -0.035517 
3.52 -0.399425 -0.157252 -0.387998 -0.153101 -0.377911 -0.148927 -0.36778 -0.145657 -0.358179 -0.14253 -0.390926 -0.149562 -0.379748 -0.145663 
4.594 -0.0768662 -0.116847 -0.0749794 -0.114588 -0.0736148 -0.11221 -0.0719348 -0.110627 -0.0701909 -0.108836 -0.0688825 -0.109618 -0.0669435 -0.107655 
3.398 -0.441885 -0.12575 -0.428795 -0.12237 -0.417235 -0.118868 -0.405582 -0.116318 -0.394603 -0.113819 -0.433236 -0.118073 -0.420419 -0.114903 
4.402 -0.120696 -0.237378 -0.117772 -0.232184 -0.115401 -0.227037 -0.112766 -0.222708 -0.110059 -0.218485 -0.112589 -0.229998 -0.109641 -0.225093 
3.525 -0.212464 0.0762772 -0.205769 0.0736303 -0.200073 0.0717609 -0.194221 0.0690869 -0.188617 0.0667234 -0.204761 0.0837767 -0.198211 0.0811598 
3.984 -0.233009 -0.14698 -0.227028 -0.143603 -0.221865 -0.140073 -0.216535 -0.137486 -0.211225 -0.134803 -0.224543 -0.139519 -0.218666 -0.136347 
4.762 -0.0487878 -0.194234 -0.047548 -0.19032 -0.046706 -0.186408 -0.0455611 -0.183332 -0.0443094 -0.180059 -0.0406886 -0.18687 -0.0394035 -0.183288 
4.414 -0.115217 -0.173004 -0.112344 -0.169418 -0.110047 -0.165755 -0.107403 -0.16292 -0.104838 -0.159999 -0.107163 -0.165732 -0.104318 -0.162349 
3.945 -0.244651 -0.109314 -0.238273 -0.106783 -0.232904 -0.104445 -0.22726 -0.102699 -0.221813 -0.100926 -0.236472 -0.101919 -0.230234 -0.0995219 
4.145 -0.183701 -0.114108 -0.179233 -0.111669 -0.175461 -0.109076 -0.171357 -0.107265 -0.167374 -0.105439 -0.175665 -0.106755 -0.171232 -0.104546 
2.48 -0.239858 0.140652 -0.231975 0.135949 -0.225253 0.132066 -0.218432 0.127538 -0.211964 0.123515 -0.232124 0.148434 -0.224355 0.143746 
4.844 -0.00701274 -0.0805506 -0.00663395 -0.0790652 -0.00661506 -0.0773918 -0.00610862 -0.0762743 -0.0056138 -0.0751092 0.000899094 -0.0735943 0.001422 -0.0722594 
2.611 -0.21041 0.133804 -0.203728 0.129438 -0.197917 0.125937 -0.192044 0.121773 -0.186543 0.117939 -0.202817 0.141566 -0.196209 0.137229 
4.113 -0.191919 -0.135338 -0.187169 -0.132284 -0.183047 -0.129103 -0.178773 -0.126744 -0.174576 -0.124348 -0.183774 -0.127973 -0.179003 -0.125151 
4.066 -0.202876 -0.0757567 -0.197646 -0.0742626 -0.193271 -0.0725218 -0.188529 -0.0714942 -0.184007 -0.0704127 -0.194731 -0.0684418 -0.189656 -0.0671141 
3.615 -0.35765 -0.0469936 -0.347339 -0.0459235 -0.338391 -0.0446602 -0.329297 -0.0441692 -0.320629 -0.0436312 -0.349403 -0.0394264 -0.3394 -0.0385871 
3.824 -0.282317 -0.10315 -0.274727 -0.100746 -0.268222 -0.098204 -0.261474 -0.0964649 -0.254988 -0.0947646 -0.274071 -0.0957461 -0.26674 -0.0934848 
4.23 -0.155623 -0.142871 -0.151818 -0.139897 -0.148623 -0.136859 -0.145144 -0.134531 -0.141669 -0.132092 -0.147604 -0.135663 -0.143756 -0.132739 
4.102 -0.196713 -0.162731 -0.19178 -0.159034 -0.187573 -0.155319 -0.183116 -0.152384 -0.178743 -0.149437 -0.188657 -0.155329 -0.183612 -0.151863 
3.664 -0.337105 -0.0743871 -0.327567 -0.0726766 -0.319387 -0.0707941 -0.311019 -0.0696638 -0.302931 -0.0685792 -0.328847 -0.0668271 -0.319542 -0.0653624 
4.402 -0.117956 -0.142186 -0.115149 -0.139476 -0.112809 -0.136464 -0.110196 -0.134209 -0.107628 -0.131921 -0.109939 -0.135058 -0.107157 -0.132346 
4.289 -0.14535 -0.231215 -0.141708 -0.226177 -0.138784 -0.22121 -0.135565 -0.217105 -0.13228 -0.213003 -0.13717 -0.223753 -0.133618 -0.219069 
4.27 -0.14535 -0.133283 -0.141724 -0.130315 -0.138742 -0.127321 -0.135437 -0.125019 -0.132184 -0.122711 -0.137324 -0.125984 -0.13369 -0.123279 
3.707 -0.323408 -0.0798658 -0.31434 -0.0779909 -0.30647 -0.0758757 -0.298413 -0.0745956 -0.290703 -0.0732768 -0.31517 -0.0723955 -0.306304 -0.0706868 
3.451 -0.424079 -0.159992 -0.411765 -0.155693 -0.400643 -0.151365 -0.389863 -0.14798 -0.379194 -0.144693 -0.415516 -0.152283 -0.403439 -0.148195 
3.885 -0.266566 -0.14561 -0.259428 -0.142141 -0.253329 -0.138511 -0.246979 -0.13582 -0.240846 -0.133126 -0.258241 -0.13815 -0.251265 -0.134848 
3.607 -0.366553 -0.175743 -0.356178 -0.171176 -0.347 -0.16661 -0.33782 -0.16292 -0.328981 -0.159351 -0.358009 -0.168087 -0.347841 -0.163786 
2.533 -0.196028 0.139282 -0.189735 0.134755 -0.184446 0.131112 -0.179024 0.126702 -0.173775 0.122893 -0.188413 0.147148 -0.182151 0.142636 
4.355 -0.134393 -0.221627 -0.131075 -0.216764 -0.12837 -0.211934 -0.125372 -0.207958 -0.122407 -0.203998 -0.126324 -0.214249 -0.123017 -0.209683 
4.355 -0.122065 -0.0798658 -0.119037 -0.0782129 -0.116571 -0.076239 -0.113823 -0.075133 -0.111192 -0.0739007 -0.114067 -0.0725656 -0.111061 -0.0711078 
4.367 -0.12412 -0.108629 -0.121112 -0.106401 -0.118627 -0.103971 -0.11583 -0.102323 -0.113082 -0.100536 -0.116117 -0.10143 -0.113152 -0.0993574 
4.059 -0.187125 0.000945076 -0.182362 0.000654112 -0.178288 0.000659211 -0.173948 4.82747e-05 -0.169907 -0.000332014 -0.179248 0.00830888 -0.174596 0.00792625 
3.844 -0.237118 0.0762772 -0.22981 0.073749 -0.223489 0.0719003 -0.217011 0.0692928 -0.210851 0.0669486 -0.229491 0.0838262 -0.222152 0.0812087 
3.691 -0.328886 -0.0928777 -0.319721 -0.0906662 -0.311847 -0.0882316 -0.303757 -0.0866466 -0.295992 -0.0850533 -0.320518 -0.0854073 -0.311692 -0.0833608 
4.312 0.0724284 0.0303931 0.0709313 0.0294964 0.0690664 0.0291882 0.0677524 0.0280397 0.0665833 0.0271718 0.0809744 0.0376425 0.0797189 0.0365928 
4.598 -0.0823449 -0.191494 -0.0803141 -0.187573 -0.0787708 -0.183577 -0.0770205 -0.180599 -0.0750561 -0.177311 -0.0742538 -0.184209 -0.0722507 -0.18079 
4.473 -0.0967265 -0.087399 -0.0943065 -0.0858207 -0.0924888 -0.0839798 -0.0903103 -0.082887 -0.0881023 -0.0815729 -0.0887272 -0.0803483 -0.0863389 -0.0788272 
4.352 -0.132338 -0.203821 -0.129112 -0.199413 -0.12649 -0.195138 -0.123618 -0.191534 -0.120672 -0.187898 -0.124244 -0.196433 -0.121078 -0.192364 
4.184 -0.176168 -0.264087 -0.171671 -0.258009 -0.16786 -0.25201 -0.163826 -0.246917 -0.159821 -0.241886 -0.167941 -0.256506 -0.163534 -0.25073 
4.398 -0.120696 -0.222997 -0.117864 -0.218213 -0.115523 -0.213514 -0.11288 -0.209564 -0.110248 -0.205631 -0.112544 -0.215611 -0.109675 -0.211149 
4.574 -0.0741268 -0.0860293 -0.0723407 -0.0844958 -0.0708828 -0.0826294 -0.0691791 -0.0815395 -0.0675235 -0.0802305 -0.0662257 -0.0788101 -0.064272 -0.0774673 
4.078 -0.196028 -0.0483632 -0.191003 -0.0474412 -0.186774 -0.0462561 -0.182281 -0.045821 -0.177972 -0.0452772 -0.188009 -0.0410179 -0.183108 -0.0402628 
3.205 -0.254239 0.114628 -0.246312 0.110856 -0.239502 0.10785 -0.232638 0.104109 -0.226081 0.100756 -0.246706 0.122284 -0.238935 0.118451 
4.527 -0.0980962 -0.255184 -0.0957529 -0.249893 -0.0938671 -0.244544 -0.0917055 -0.239958 -0.0894972 -0.235302 -0.0899395 -0.247854 -0.0875623 -0.242672 
3.447 -0.430242 -0.192864 -0.417546 -0.187569 -0.406412 -0.182342 -0.395076 -0.178063 -0.384457 -0.173985 -0.421723 -0.185105 -0.409413 -0.180085 
4.664 -0.0672785 -0.172319 -0.0656741 -0.168888 -0.0644656 -0.16533 -0.0629738 -0.162432 -0.0614153 -0.159565 -0.0592727 -0.165091 -0.0575354 -0.161845 
3.709 -0.323408 -0.109314 -0.314525 -0.106678 -0.306732 -0.103962 -0.298742 -0.102007 -0.291048 -0.10009 -0.315122 -0.101769 -0.306397 -0.0993544 
4.004 -0.229585 -0.16684 -0.223892 -0.162979 -0.218968 -0.159075 -0.213627 -0.15598 -0.208725 -0.152961 -0.221846 -0.159432 -0.216061 -0.155792 
3.287 -0.179592 0.110519 -0.173875 0.106961 -0.169014 0.104146 -0.163982 0.100681 -0.1592 0.0976075 -0.171856 0.118208 -0.166201 0.114616 
4.398 -0.117272 -0.12575 -0.114369 -0.123108 -0.112068 -0.12039 -0.109462 -0.118337 -0.106882 -0.116242 -0.109232 -0.118499 -0.106359 -0.116145 
4.512 -0.0905629 -0.114108 -0.0884212 -0.111994 -0.0867702 -0.10958 -0.0848097 -0.108089 -0.0828411 -0.106284 -0.0825943 -0.107055 -0.0803762 -0.104975 
4.652 -0.069333 -0.241487 -0.0676901 -0.236602 -0.0664955 -0.231671 -0.0650054 -0.227653 -0.0634256 -0.223673 -0.0612702 -0.234267 -0.0595786 -0.229493 
4.543 -0.0905629 -0.208615 -0.0884219 -0.20434 -0.0867846 -0.200121 -0.0848219 -0.196803 -0.0827684 -0.193284 -0.0824645 -0.201285 -0.0803065 -0.197377 
4.418 -0.106314 -0.0716477 -0.103737 -0.0704816 -0.101693 -0.0689993 -0.0992604 -0.0682957 -0.0969868 -0.0673129 -0.0982097 -0.0644899 -0.0956558 -0.0634054 
3.871 -0.265197 -0.10315 -0.258037 -0.100766 -0.251971 -0.09836 -0.245592 -0.0965899 -0.239465 -0.0948944 -0.256926 -0.0956719 -0.250036 -0.0935348 
4.516 -0.0974113 -0.186016 -0.0951069 -0.182097 -0.0933182 -0.1782 -0.0911589 -0.175096 -0.0889928 -0.171828 -0.089442 -0.178876 -0.0870132 -0.175184 
2.326 -0.196713 0.157773 -0.190424 0.152684 -0.185002 0.148588 -0.179529 0.143826 -0.174423 0.1395 -0.189094 0.165617 -0.182865 0.160634 
3.832 -0.281633 -0.122326 -0.274002 -0.119387 -0.267477 -0.116397 -0.260584 -0.114158 -0.254017 -0.11195 -0.273376 -0.114813 -0.265928 -0.112125 
4.031 -0.0700178 -0.0106972 -0.0681756 -0.0107807 -0.0667712 -0.0104575 -0.0650707 -0.0108451 -0.0634085 -0.0110463 -0.0620691 -0.00351147 -0.0601834 -0.00366011 
2.432 -0.252185 0.149555 -0.243799 0.144465 -0.236794 0.140325 -0.229424 0.135578 -0.222711 0.131346 -0.247764 0.158516 -0.239515 0.153533 
3.906 -0.256294 -0.120271 -0.249575 -0.117467 -0.243684 -0.114604 -0.237621 -0.112488 -0.231806 -0.110365 -0.248165 -0.112854 -0.241555 -0.110228 
4.07 -0.196713 0.0707985 -0.190576 0.0683866 -0.185502 0.0667501 -0.180078 0.0642827 -0.17507 0.0621789 -0.188886 0.0782248 -0.182808 0.0758368 
4.445 -0.110423 -0.212724 -0.107819 -0.208249 -0.105645 -0.203808 -0.103256 -0.200153 -0.100857 -0.196479 -0.102329 -0.205379 -0.0996883 -0.201288 
2.414 -0.154938 0.131064 -0.150313 0.127205 -0.146362 0.124029 -0.142342 0.120265 -0.138496 0.116844 -0.146961 0.138812 -0.142457 0.134932 
4.531 -0.08166 -0.0737022 -0.0795864 -0.0724902 -0.0781831 -0.0712387 -0.0765891 -0.0708652 -0.0747969 -0.0698626 -0.0736894 -0.067012 -0.0717458 -0.0659436 
4.043 -0.213834 -0.0860293 -0.208294 -0.0842011 -0.203558 -0.0821489 -0.198548 -0.0808903 -0.193741 -0.0795223 -0.20578 -0.078635 -0.200318 -0.0770016 
3.471 -0.406958 -0.0867141 -0.395005 -0.0845281 -0.384421 -0.0821643 -0.373729 -0.0806425 -0.363617 -0.0791494 -0.398615 -0.0791141 -0.386815 -0.0771111 
3.457 -0.16521 0.0906588 -0.160131 0.0877738 -0.15603 0.0855624 -0.151549 0.082698 -0.147446 0.0801237 -0.157341 0.0981604 -0.152274 0.0953004 
3.645 -0.345323 -0.121641 -0.335801 -0.11865 -0.327427 -0.1155 -0.318956 -0.113221 -0.310804 -0.110929 -0.336954 -0.114132 -0.327591 -0.111231 
4.23 -0.161101 -0.260663 -0.156998 -0.254821 -0.153675 -0.249061 -0.149962 -0.244109 -0.146302 -0.239295 -0.152866 -0.25321 -0.148874 -0.247631 
4.102 -0.191234 -0.0846596 -0.186235 -0.0828067 -0.18211 -0.0807971 -0.177724 -0.0795781 -0.173445 -0.0782415 -0.183077 -0.0772815 -0.178291 -0.075687 
4.246 -0.156307 -0.246281 -0.152389 -0.240777 -0.149104 -0.235319 -0.145555 -0.230759 -0.142022 -0.22625 -0.148079 -0.238881 -0.144243 -0.233635 
3.736 -0.328886 -0.225051 -0.320048 -0.219405 -0.312421 -0.213864 -0.304439 -0.209195 -0.296933 -0.204754 -0.320514 -0.217358 -0.311954 -0.212005 
3.857 -0.278893 -0.291481 -0.271586 -0.284251 -0.265152 -0.277294 -0.258645 -0.271286 -0.252124 -0.265451 -0.270425 -0.283666 -0.263271 -0.27686 
