4.074 -0.181646 -0.032612 -0.205974 -0.0324175 -0.230131 -0.0323469 -0.254743 -0.0325419 -0.279269 -0.0326758 -0.303261 -0.0323548 -0.327431 -0.0319334 
4.105 -0.115902 -0.0196001 -0.139408 -0.0194332 -0.162746 -0.0192318 -0.18651 -0.0194117 -0.210318 -0.0194353 -0.233759 -0.0189904 -0.257537 -0.018543 
3.57 -0.340529 -0.0353513 -0.369241 -0.0351432 -0.397776 -0.0350376 -0.426773 -0.0351297 -0.455689 -0.0352975 -0.484038 -0.0349937 -0.512505 -0.0345551 
4.047 -0.156307 -0.0175455 -0.178345 -0.0172439 -0.200295 -0.0171369 -0.222609 -0.017215 -0.244884 -0.0172766 -0.266829 -0.0169916 -0.288869 -0.0164613 
4.051 -0.182331 -0.015491 -0.206592 -0.015231 -0.230675 -0.0151195 -0.255312 -0.0152287 -0.279911 -0.0153265 -0.303961 -0.0149875 -0.32825 -0.0144692 
3.301 0.42238 -0.00521846 0.393295 -0.00496182 0.364573 -0.00477226 0.335638 -0.00503559 0.306924 -0.00486547 0.278314 -0.00416462 0.249718 -0.00353567 
3.613 -0.0570059 0.0975072 -0.0797859 0.0977432 -0.102228 0.097925 -0.125046 0.0978735 -0.147905 0.0979155 -0.170397 0.0984491 -0.192946 0.0989878 
4.121 -0.110423 -0.0339816 -0.134127 -0.0336299 -0.157743 -0.0333608 -0.181612 -0.0336642 -0.205723 -0.0336984 -0.229307 -0.0332191 -0.253105 -0.0328719 
3.732 -0.143295 0.072853 -0.170342 0.0731833 -0.197034 0.0734077 -0.224153 0.0734069 -0.251433 0.0734319 -0.278283 0.0738975 -0.305225 0.0744603 
3.279 -0.4186 -0.0531571 -0.449896 -0.0528738 -0.481049 -0.0527203 -0.512666 -0.0527708 -0.544134 -0.052983 -0.57473 -0.0526043 -0.605378 -0.0521686 
2.953 -0.386413 0.145446 -0.42113 0.145958 -0.455742 0.146343 -0.490706 0.146501 -0.5258 0.146529 -0.56002 0.14694 -0.594199 0.147389 
4.16 -0.139186 -0.0798658 -0.163539 -0.0796815 -0.187546 -0.079608 -0.212117 -0.0798473 -0.23661 -0.080035 -0.26068 -0.0797093 -0.284832 -0.0792987 
4.441 -0.0556362 0.0269689 -0.0786787 0.027208 -0.101665 0.027348 -0.124926 0.0272192 -0.148189 0.0271942 -0.171007 0.0276945 -0.194084 0.0281545 
3.926 -0.0843994 0.068744 -0.108759 0.0689768 -0.132957 0.0691877 -0.157576 0.0690529 -0.182187 0.0690384 -0.206542 0.069507 -0.230812 0.0699896 
4.082 -0.133023 -0.0216546 -0.15534 -0.0215162 -0.177457 -0.0214217 -0.199892 -0.0214926 -0.222208 -0.0215206 -0.244369 -0.0211684 -0.266639 -0.0206284 
4.215 -0.191234 -0.0784961 -0.21591 -0.0783747 -0.240393 -0.0783185 -0.265304 -0.0785131 -0.289756 -0.0786522 -0.313822 -0.0783615 -0.338208 -0.0779183 
3.695 -0.305602 -0.0339816 -0.333267 -0.0337038 -0.360675 -0.0335399 -0.388587 -0.0336539 -0.416475 -0.0338286 -0.443689 -0.0334411 -0.471069 -0.0329915 
4.168 -0.12412 -0.0798658 -0.148221 -0.0796365 -0.172204 -0.0795532 -0.196558 -0.0798174 -0.221053 -0.0800244 -0.244957 -0.079657 -0.269064 -0.0792539 
3.988 -0.0713875 0.0399808 -0.0956886 0.0402265 -0.119536 0.0403166 -0.144033 0.0403235 -0.168284 0.040336 -0.192469 0.040766 -0.216734 0.0413685 
3.223 -0.433667 -0.0531571 -0.465227 -0.0528431 -0.496622 -0.0526836 -0.52852 -0.0527029 -0.560145 -0.0528813 -0.591034 -0.0525498 -0.621803 -0.0521521 
3.484 -0.364498 -0.044939 -0.393886 -0.0445959 -0.423087 -0.0444613 -0.452754 -0.0445302 -0.4824 -0.0446885 -0.511321 -0.0443879 -0.540349 -0.0440149 
3.566 -0.269306 0.047514 -0.298234 0.0478398 -0.326957 0.0480128 -0.356078 0.047934 -0.385206 0.0479316 -0.413805 0.0482914 -0.442419 0.0488964 
3.193 -0.259033 0.100931 -0.292105 0.101401 -0.325019 0.101715 -0.358231 0.101833 -0.391533 0.101898 -0.424284 0.10238 -0.457236 0.102932 
4.035 -0.0583756 0.0735379 -0.081062 0.0737493 -0.103549 0.0738286 -0.126483 0.0736762 -0.149332 0.0736197 -0.171888 0.0739816 -0.195478 0.0746133 
4.031 -0.153568 0.000260238 -0.177249 0.000495902 -0.201023 0.000542508 -0.224631 0.000384549 -0.248289 0.000280009 -0.271616 0.000643704 -0.295206 0.00119035 
3.945 -0.115217 0.0173812 -0.140274 0.017717 -0.16515 0.0179551 -0.190625 0.0178909 -0.215936 0.017927 -0.240971 0.0184392 -0.266179 0.0188763 
4.207 -0.176852 -0.0805506 -0.200159 -0.0803835 -0.223283 -0.0803477 -0.246864 -0.0806162 -0.270396 -0.0808496 -0.293403 -0.0805046 -0.302295 -0.0797487 
2.928 -0.374771 0.135858 -0.408615 0.136298 -0.442394 0.136684 -0.476472 0.136851 -0.51071 0.136894 -0.544185 0.137305 -0.577713 0.137769 
3.307 0.450459 -0.125065 0.416782 -0.124822 0.383254 -0.124673 0.3493 -0.124817 0.315662 -0.124686 0.282228 -0.12378 0.248955 -0.123104 
3.646 -0.335735 -0.195603 -0.36353 -0.195397 -0.391152 -0.195342 -0.419231 -0.195533 -0.446968 -0.195797 -0.474366 -0.195474 -0.501862 -0.195108 
3.781 -0.307656 -0.183276 -0.33498 -0.183144 -0.362151 -0.18321 -0.389855 -0.183498 -0.417384 -0.183851 -0.444283 -0.183612 -0.471354 -0.183337 
3.734 -0.29396 0.0146418 -0.32141 0.014936 -0.348626 0.0150881 -0.376277 0.0150704 -0.403889 0.0150179 -0.430933 0.0153033 -0.458246 0.0158185 
3.375 -0.406273 -0.177113 -0.436408 -0.176877 -0.466302 -0.176743 -0.496818 -0.1769 -0.527058 -0.177156 -0.556425 -0.176745 -0.585894 -0.176216 
3.01 -0.256978 0.155034 -0.290736 0.155392 -0.324302 0.155656 -0.358209 0.155712 -0.392316 0.155737 -0.425823 0.15615 -0.459427 0.156679 
3.488 -0.371346 -0.170264 -0.400441 -0.170057 -0.429281 -0.169964 -0.45873 -0.170121 -0.488014 -0.170423 -0.51659 -0.170053 -0.5452 -0.169644 
3.16 -0.45969 -0.12438 -0.491932 -0.124127 -0.523906 -0.123971 -0.55628 -0.124012 -0.588395 -0.124204 -0.619506 -0.12379 -0.650569 -0.123228 
3.453 -0.385728 -0.179852 -0.41522 -0.179614 -0.444358 -0.179526 -0.474262 -0.179677 -0.503902 -0.179958 -0.532799 -0.179586 -0.561741 -0.179132 
3.471 -0.367922 -0.0764416 -0.397258 -0.0761627 -0.426389 -0.0759865 -0.456029 -0.0760376 -0.485571 -0.0761718 -0.514403 -0.0758597 -0.543339 -0.075453 
3.719 -0.321353 -0.198343 -0.348636 -0.198149 -0.375744 -0.198062 -0.403188 -0.198199 -0.430567 -0.19847 -0.457328 -0.198137 -0.484497 -0.197778 
3.564 -0.360389 -0.201082 -0.38914 -0.200931 -0.417552 -0.200875 -0.446414 -0.201064 -0.474953 -0.201316 -0.503214 -0.201014 -0.531411 -0.200598 
3.967 -0.156992 0.0146418 -0.182541 0.0149216 -0.208001 0.0151545 -0.233817 0.0150796 -0.259538 0.0150337 -0.284755 0.0154417 -0.310088 0.0158709 
3.439 0.386084 -0.032612 0.35303 -0.0323715 0.320476 -0.0321557 0.287685 -0.0323398 0.255083 -0.0321187 0.222739 -0.0313694 0.190303 -0.030696 
3.656 0.371703 -0.0757567 0.33913 -0.0753528 0.306969 -0.075046 0.274512 -0.0751606 0.242226 -0.074853 0.210405 -0.0740471 0.178656 -0.073197 
2.865 -0.348747 0.152294 -0.383003 0.152733 -0.417056 0.153063 -0.451523 0.153182 -0.486155 0.153192 -0.520213 0.153526 -0.5543 0.153963 
4.047 -0.139186 0.00573894 -0.164499 0.00597243 -0.189518 0.00610347 -0.214934 0.00588871 -0.240262 0.0057613 -0.265106 0.00612316 -0.290101 0.00657852 
4.176 -0.110423 -0.0757567 -0.134198 -0.0755173 -0.157946 -0.0754313 -0.18222 -0.0757644 -0.206562 -0.0759594 -0.230355 -0.0755151 -0.254409 -0.0751368 
3.457 -0.37614 -0.133968 -0.405321 -0.133556 -0.43435 -0.13333 -0.464117 -0.133399 -0.49359 -0.133561 -0.522338 -0.133188 -0.551203 -0.132741 
3.779 -0.277524 0.0187509 -0.30583 0.0189951 -0.333911 0.0191102 -0.362401 0.0190653 -0.390924 0.0189736 -0.418896 0.0193212 -0.447042 0.0198024 
3.947 -0.183701 0.0132722 -0.209538 0.0134828 -0.235021 0.0134926 -0.26107 0.0132441 -0.287117 0.0129526 -0.312634 0.0130882 -0.338244 0.0133037 
3.684 -0.157677 0.0742227 -0.185379 0.0745412 -0.212902 0.0747621 -0.240621 0.0747859 -0.268488 0.0748081 -0.295823 0.0752452 -0.323388 0.0758282 
3.574 0.299795 -0.0784961 0.268021 -0.0781367 0.23649 -0.0777768 0.204601 -0.0778658 0.173236 -0.0775827 0.141637 -0.0767951 0.108435 -0.0759022 
4.125 -0.100151 0.0160115 -0.123291 0.0162841 -0.146211 0.0165735 -0.169603 0.0165054 -0.192957 0.0165431 -0.215972 0.0171023 -0.239058 0.0176223 
3.906 -0.239858 0.0146418 -0.268052 0.0149496 -0.296166 0.0151548 -0.324706 0.0151285 -0.353156 0.0150884 -0.381142 0.0154947 -0.40907 0.0159328 
4.445 -0.199452 -0.264772 -0.222433 -0.264573 -0.245129 -0.264527 -0.268488 -0.264855 -0.291537 -0.265146 -0.314167 -0.264896 -0.336851 -0.264494 
3.605 -0.343953 -0.14561 -0.372259 -0.145408 -0.400256 -0.145306 -0.428898 -0.145467 -0.457328 -0.145746 -0.485127 -0.1454 -0.513061 -0.145019 
4.387 -0.202191 -0.214094 -0.225362 -0.213911 -0.248303 -0.213814 -0.271825 -0.214085 -0.295078 -0.214347 -0.31786 -0.213984 -0.340811 -0.213582 
4.047 -0.230955 -0.0305575 -0.256061 -0.0302823 -0.281004 -0.0301928 -0.306315 -0.030268 -0.331628 -0.0304089 -0.356382 -0.0301146 -0.381338 -0.0297075 
3.65 0.258704 0.000945076 0.230268 0.00111139 0.202168 0.00127976 0.17382 0.00101944 0.145941 0.00126843 0.117186 0.00178888 0.0882133 0.00211909 
3.65 0.375812 -0.103835 0.343363 -0.103422 0.311282 -0.103121 0.278884 -0.103267 0.246718 -0.102975 0.214871 -0.10214 0.183116 -0.101288 
3.662 -0.326832 -0.110683 -0.354742 -0.110464 -0.382582 -0.11036 -0.410781 -0.110479 -0.438888 -0.110699 -0.466349 -0.11038 -0.494009 -0.109954 
3.17 -0.461745 -0.151089 -0.494009 -0.150845 -0.525816 -0.150665 -0.558063 -0.150672 -0.590027 -0.150835 -0.620956 -0.150315 -0.652024 -0.149817 
4.09 -0.118641 0.00231475 -0.143311 0.00247221 -0.167821 0.00251677 -0.192666 0.0023038 -0.217468 0.00218158 -0.241858 0.00250289 -0.266465 0.0027847 
3.252 -0.437091 -0.144925 -0.468338 -0.14465 -0.499376 -0.144537 -0.530871 -0.144548 -0.56213 -0.144753 -0.592464 -0.144269 -0.622803 -0.143734 
3.283 -0.42134 -0.0812354 -0.452607 -0.0809985 -0.483717 -0.080968 -0.51531 -0.0810789 -0.546698 -0.0813359 -0.577189 -0.0810035 -0.607758 -0.0806222 
3.33 -0.129599 0.140652 -0.164513 0.141095 -0.19931 0.141498 -0.234567 0.141656 -0.270041 0.141866 -0.30597 0.142437 -0.34503 0.143628 
3.371 -0.402164 -0.162046 -0.432407 -0.161813 -0.462369 -0.161724 -0.492823 -0.161823 -0.522964 -0.162058 -0.552376 -0.161696 -0.581785 -0.161213 
4.41 -0.200137 -0.182591 -0.223334 -0.182414 -0.246397 -0.182383 -0.269935 -0.182603 -0.293346 -0.182871 -0.316333 -0.182535 -0.339451 -0.182202 
3.672 -0.329571 -0.140816 -0.357427 -0.140596 -0.385148 -0.140502 -0.413291 -0.140641 -0.441323 -0.14089 -0.468707 -0.140554 -0.496306 -0.140159 
4.234 -0.152883 -0.0826051 -0.177019 -0.0824213 -0.201271 -0.0823619 -0.225926 -0.0825905 -0.250456 -0.0827712 -0.274511 -0.0824544 -0.298821 -0.082082 
4.359 -0.206985 -0.246966 -0.230305 -0.246732 -0.253517 -0.2467 -0.277207 -0.247007 -0.300606 -0.247237 -0.323513 -0.246922 -0.346561 -0.246496 
4.152 -0.00495822 0.0755924 -0.0365652 0.0759508 -0.0682357 0.076182 -0.100631 0.0760773 -0.132669 0.0762679 -0.1645 0.076826 -0.190552 0.0775255 
4.07 -0.246021 -0.161361 -0.271245 -0.161178 -0.296285 -0.161144 -0.321801 -0.161384 -0.347125 -0.161603 -0.371966 -0.161312 -0.396928 -0.160934 
3.275 -0.424079 -0.116162 -0.455303 -0.116027 -0.486376 -0.115945 -0.517883 -0.115982 -0.549142 -0.116125 -0.579547 -0.115754 -0.609939 -0.115094 
3.906 -0.273415 -0.16547 -0.299651 -0.165301 -0.325682 -0.165151 -0.352216 -0.165341 -0.378573 -0.165535 -0.404402 -0.165215 -0.430377 -0.164859 
3.928 0.0149021 -0.0949322 -0.0106749 -0.0947327 -0.0361206 -0.0945496 -0.0619869 -0.094724 -0.0875395 -0.0947911 -0.112828 -0.0944309 -0.138258 -0.0939138 
3.641 -0.319984 -0.0387755 -0.347891 -0.0385096 -0.375654 -0.0383744 -0.403845 -0.0384289 -0.432014 -0.0385782 -0.459529 -0.0382488 -0.487257 -0.0378108 
4.473 -0.191919 -0.223682 -0.214812 -0.223506 -0.237475 -0.223433 -0.260662 -0.223655 -0.283594 -0.223936 -0.306061 -0.223547 -0.328648 -0.223113 
3.383 -0.396685 -0.14835 -0.426842 -0.148109 -0.4567 -0.147992 -0.487085 -0.148078 -0.517258 -0.148332 -0.54659 -0.147954 -0.57601 -0.147529 
3.596 -0.341214 -0.114108 -0.369553 -0.11387 -0.397584 -0.11376 -0.426274 -0.11388 -0.454803 -0.114139 -0.48256 -0.113791 -0.510789 -0.113401 
4.355 -0.206985 -0.233269 -0.230358 -0.233104 -0.253541 -0.23305 -0.277204 -0.233264 -0.300619 -0.233473 -0.32361 -0.233174 -0.346683 -0.232823 
3.297 -0.415176 -0.0250788 -0.446506 -0.0248419 -0.477719 -0.0247438 -0.509356 -0.0248093 -0.540932 -0.0250232 -0.57163 -0.0246962 -0.602409 -0.0243214 
3.557 0.312806 -0.0497329 0.280225 -0.0494649 0.24816 -0.0492612 0.214323 -0.0494124 0.179939 -0.0492021 0.146239 -0.0485181 0.112559 -0.047787 
4.023 -0.165895 -0.00727298 -0.1885 -0.00695279 -0.210895 -0.0067843 -0.233784 -0.00687856 -0.256675 -0.00693587 -0.279061 -0.00660553 -0.301551 -0.00610724 
4.098 -0.0843994 0.0208054 -0.108633 0.0210364 -0.13245 0.0212197 -0.156801 0.0210885 -0.181035 0.0210538 -0.204315 0.0216199 -0.227596 0.0222028 
3.84 -0.253554 0.018066 -0.281745 0.0183534 -0.309534 0.0184989 -0.338052 0.0184763 -0.366395 0.01843 -0.393994 0.0187634 -0.422145 0.0192678 
2.84 -0.365868 0.157773 -0.400509 0.158235 -0.434933 0.158588 -0.469735 0.158749 -0.504683 0.158768 -0.538916 0.159138 -0.573058 0.159613 
3.699 -0.324093 -0.154513 -0.351796 -0.154315 -0.379277 -0.154244 -0.407114 -0.154363 -0.435079 -0.154669 -0.462193 -0.154288 -0.489499 -0.153923 
3.539 -0.359704 -0.138762 -0.388424 -0.13851 -0.416932 -0.138403 -0.446011 -0.138575 -0.474863 -0.138867 -0.503169 -0.138508 -0.531483 -0.138092 
4.09 -0.25013 -0.245596 -0.275129 -0.245381 -0.299933 -0.245332 -0.325239 -0.245606 -0.350323 -0.245889 -0.37489 -0.245527 -0.399568 -0.245206 
4.422 -0.0528969 0.0509382 -0.0756296 0.0512021 -0.0982744 0.0514351 -0.121199 0.0513411 -0.144108 0.0513741 -0.166601 0.0518145 -0.189219 0.0522938 
4.133 -0.131653 -0.0606903 -0.155508 -0.0604753 -0.179175 -0.0603711 -0.203129 -0.060501 -0.227138 -0.0606329 -0.250923 -0.0603361 -0.274689 -0.0599086 
3.465 -0.371346 -0.109314 -0.400585 -0.109134 -0.429692 -0.109056 -0.45927 -0.109191 -0.488752 -0.109516 -0.517455 -0.109161 -0.546268 -0.108713 
3.707 -0.318614 -0.123695 -0.34624 -0.123484 -0.373605 -0.123389 -0.401522 -0.123526 -0.429183 -0.123788 -0.456415 -0.123451 -0.483745 -0.123093 
4.496 -0.187125 -0.161361 -0.210045 -0.16114 -0.23277 -0.161087 -0.255977 -0.161358 -0.27902 -0.161744 -0.301548 -0.161344 -0.324225 -0.160889 
3.896 0.0251746 -0.155883 -0.000619512 -0.155557 -0.0261982 -0.155316 -0.0521851 -0.155477 -0.0780189 -0.155624 -0.103397 -0.155203 -0.128973 -0.1548 
3.986 -0.263827 -0.214094 -0.289557 -0.213901 -0.315057 -0.213867 -0.340995 -0.214142 -0.366799 -0.21444 -0.391982 -0.214118 -0.417445 -0.213741 
3.076 -0.0926174 0.15024 -0.132379 0.150629 -0.172004 0.15098 -0.212051 0.151192 -0.252334 0.151781 -0.293013 0.15199 -0.332871 0.152718 
3.547 -0.351486 -0.0969867 -0.380324 -0.0967617 -0.408958 -0.0966568 -0.438019 -0.0967663 -0.466931 -0.0970176 -0.495385 -0.0966891 -0.523937 -0.0963076 
4.008 -0.262457 -0.195603 -0.288083 -0.195428 -0.313445 -0.195333 -0.339382 -0.195557 -0.365134 -0.195797 -0.390316 -0.195386 -0.415623 -0.194984 
3.754 0.13064 0.0762772 0.104098 0.0766132 0.0778984 0.076813 0.0514779 0.0766228 0.0250227 0.0766857 -0.000964146 0.0771761 -0.0269637 0.077699 
3.713 -0.31382 -0.0928777 -0.341354 -0.0926304 -0.368707 -0.0925164 -0.396432 -0.0926344 -0.42407 -0.0928642 -0.451202 -0.0925125 -0.478465 -0.0920989 
3.318 -0.41997 -0.173004 -0.450595 -0.172767 -0.480944 -0.172631 -0.511891 -0.172735 -0.54253 -0.172957 -0.572283 -0.172598 -0.602153 -0.172084 
3.561 -0.189864 0.176948 -0.219235 0.177411 -0.248631 0.177794 -0.278303 0.177905 -0.30799 0.178108 -0.337293 0.178573 -0.366712 0.179145 
3.643 0.363484 -0.0401452 0.331256 -0.0398194 0.299323 -0.0395192 0.266999 -0.0396948 0.234864 -0.0394632 0.203055 -0.0387208 0.171416 -0.0379428 
2.785 0.638104 -0.0826051 0.602135 -0.0824312 0.566284 -0.082318 0.530015 -0.0824849 0.493742 -0.082303 0.457769 -0.0813529 0.421646 -0.0807085 
3.812 0.0820162 -0.0463087 0.0554509 -0.0460221 0.0292359 -0.0458627 0.00280731 -0.0459962 -0.0235285 -0.0459758 -0.0496973 -0.0455833 -0.0757312 -0.0449717 
4.48 -0.0809752 -0.0257636 -0.104404 -0.0255459 -0.127689 -0.0254546 -0.151317 -0.0256156 -0.174968 -0.0257109 -0.198306 -0.0253515 -0.221704 -0.0247777 
3.15 -0.456266 -0.0374058 -0.488796 -0.0370864 -0.521078 -0.0367732 -0.553844 -0.0367735 -0.586293 -0.0369655 -0.617866 -0.036527 -0.649357 -0.0361179 
4.258 -0.222737 -0.244227 -0.246684 -0.243945 -0.270425 -0.243769 -0.294631 -0.243984 -0.318693 -0.244348 -0.342179 -0.243882 -0.36583 -0.243552 
3.646 -0.276839 0.0345021 -0.305479 0.0350476 -0.334046 0.0352296 -0.362822 0.0355734 -0.391643 0.0358281 -0.420058 0.0362619 -0.448517 0.0368221 
3.66 -0.324093 -0.0675387 -0.351996 -0.0672993 -0.379744 -0.0672089 -0.407891 -0.0672983 -0.435996 -0.0674926 -0.463522 -0.067193 -0.491216 -0.0668154 
3.65 -0.326832 -0.0846596 -0.355067 -0.0844462 -0.382953 -0.0843535 -0.411211 -0.08446 -0.439394 -0.0846765 -0.467034 -0.0843702 -0.494801 -0.0839332 
4.082 -0.252185 -0.23053 -0.277268 -0.230355 -0.302162 -0.230313 -0.327614 -0.230581 -0.352733 -0.23083 -0.377498 -0.230541 -0.40232 -0.230169 
3.189 -0.447363 -0.0538419 -0.479681 -0.0535791 -0.511735 -0.0534567 -0.544238 -0.0534795 -0.576445 -0.0536367 -0.607833 -0.053348 -0.639075 -0.052862 
4.07 -0.168634 -0.0243939 -0.192567 -0.0240067 -0.216223 -0.0239497 -0.240056 -0.0240724 -0.26385 -0.024224 -0.265455 -0.0235627 -0.287524 -0.0230225 
3.615 0.329243 -0.0497329 0.294518 -0.0493844 0.259999 -0.0491053 0.225457 -0.0492055 0.191117 -0.0489623 0.157242 -0.0481713 0.12336 -0.0473964 
4.262 -0.214519 -0.142186 -0.238549 -0.141758 -0.262427 -0.141488 -0.286729 -0.141846 -0.310898 -0.142045 -0.334526 -0.141609 -0.358273 -0.141161 
3.812 -0.303547 -0.223682 -0.330824 -0.223372 -0.35799 -0.223335 -0.385677 -0.223635 -0.413144 -0.223778 -0.439995 -0.223374 -0.466978 -0.222987 
3.594 -0.337105 -0.0531571 -0.365744 -0.052892 -0.39423 -0.0527586 -0.423133 -0.0528118 -0.451958 -0.0530322 -0.480276 -0.0526527 -0.508694 -0.0523042 
4.023 -0.204246 0.00916313 -0.228637 0.00946981 -0.252911 0.00967333 -0.277665 0.00963759 -0.302449 0.00961347 -0.326669 0.0100514 -0.351084 0.0105419 
4.379 -0.202876 -0.199712 -0.226197 -0.1995 -0.249349 -0.199424 -0.273049 -0.199736 -0.296459 -0.2 -0.319439 -0.199572 -0.342487 -0.19919 
3.375 0.36143 -0.00864265 0.329098 -0.00836276 0.297095 -0.00813065 0.264782 -0.00838095 0.23258 -0.00819837 0.200849 -0.00754404 0.169226 -0.00689047 
3.461 -0.364498 -0.0216546 -0.393943 -0.0213832 -0.423205 -0.0212743 -0.452957 -0.0213589 -0.482636 -0.021555 -0.511625 -0.0211814 -0.540659 -0.0207913 
3.955 -0.223421 0.013957 -0.250414 0.0142525 -0.276758 0.0144271 -0.303941 0.0143911 -0.330509 0.0143398 -0.357334 0.0147696 -0.384102 0.0152474 
3.385 0.342254 -0.00932749 0.307052 -0.00905956 0.272019 -0.00884107 0.236936 -0.00903682 0.202103 -0.00885211 0.167548 -0.00815929 0.133268 -0.00736188 
3.344 -0.404219 -0.0901383 -0.434765 -0.0898787 -0.465187 -0.0898558 -0.495989 -0.089916 -0.526823 -0.0901212 -0.556719 -0.0897572 -0.586688 -0.0893143 
3.238 -0.437091 -0.108629 -0.46855 -0.108311 -0.499822 -0.108187 -0.531547 -0.108196 -0.563035 -0.108397 -0.593664 -0.108014 -0.62427 -0.107523 
3.049 0.313491 -0.0278181 0.278874 -0.0274029 0.244718 -0.0272046 0.210722 -0.0273801 0.176635 -0.0270454 0.142856 -0.0265399 0.109027 -0.0257664 
3.877 0.0375017 -0.136022 0.0116138 -0.135698 -0.0139173 -0.135488 -0.0396332 -0.135653 -0.0654248 -0.135689 -0.0912398 -0.135313 -0.116808 -0.134811 
3.398 -0.386413 -0.0887687 -0.416362 -0.0884505 -0.446151 -0.0884416 -0.476398 -0.0885462 -0.506603 -0.0888143 -0.53606 -0.0884716 -0.565524 -0.0879726 
3.547 -0.356965 -0.161361 -0.385867 -0.161163 -0.414406 -0.161084 -0.443392 -0.161234 -0.472131 -0.161504 -0.50036 -0.161152 -0.52853 -0.160704 
3.568 0.350473 -0.0285029 0.315766 -0.0284224 0.281399 -0.0282667 0.246801 -0.0285474 0.212467 -0.0283212 0.178548 -0.0278165 0.144695 -0.027458 
4.438 -0.0385153 0.0447747 -0.0608775 0.0449548 -0.0832556 0.045062 -0.106332 0.0449614 -0.129197 0.0449629 -0.15137 0.0452688 -0.173902 0.0457622 
3.799 0.117628 -0.0380907 0.0906338 -0.0378665 0.0640323 -0.0377342 0.0371727 -0.0377809 0.010436 -0.0375962 -0.0159957 -0.0370739 -0.0425308 -0.0364906 
3.91 -0.261772 -0.0545268 -0.288072 -0.0542607 -0.314157 -0.0541736 -0.340693 -0.0542541 -0.367088 -0.0543778 -0.392986 -0.0540849 -0.41908 -0.0536746 
3.932 -0.278208 -0.223682 -0.304323 -0.223481 -0.330203 -0.223405 -0.356609 -0.223595 -0.382816 -0.223877 -0.408481 -0.223531 -0.434334 -0.223194 
3.895 -0.267936 -0.0675387 -0.294546 -0.0673849 -0.320904 -0.0672854 -0.347669 -0.0673632 -0.374415 -0.06749 -0.400527 -0.0672362 -0.4269 -0.0667125 
3.168 -0.453527 -0.100411 -0.485889 -0.100164 -0.518118 -0.100081 -0.550606 -0.100115 -0.582734 -0.100298 -0.614162 -0.0999891 -0.645414 -0.0995107 
4.406 -0.0213943 0.0495686 -0.0444322 0.0497537 -0.0672147 0.0499083 -0.0903576 0.0497372 -0.113494 0.049692 -0.136266 0.0500895 -0.159256 0.0505884 
3.293 0.401835 -0.00864265 0.369426 -0.00835875 0.337311 -0.00815251 0.304983 -0.00844013 0.27285 -0.00823315 0.241001 -0.00753832 0.209167 -0.00683141 
3.805 0.115573 -0.228476 0.0884581 -0.228031 0.0616111 -0.22774 0.0346987 -0.228042 0.00803797 -0.228106 -0.0185101 -0.227461 -0.0449333 -0.227033 
3.654 0.366224 -0.0887687 0.334346 -0.0884566 0.30262 -0.0881367 0.270627 -0.0883251 0.238852 -0.0879975 0.207486 -0.0871996 0.176162 -0.086304 
3.695 -0.156992 0.0399808 -0.185375 0.0402113 -0.213301 0.0404079 -0.24181 0.0402987 -0.270459 0.0401576 -0.298531 0.0404657 -0.326647 0.0409893 
3.572 -0.173428 0.174894 -0.20288 0.175371 -0.23218 0.175745 -0.261781 0.175975 -0.29161 0.176203 -0.320828 0.176755 -0.350096 0.177295 
3.625 -0.185755 0.10778 -0.21458 0.108194 -0.243184 0.108553 -0.2723 0.108621 -0.301521 0.108666 -0.330195 0.109058 -0.358889 0.109675 
2.941 -0.346007 0.130379 -0.379335 0.130871 -0.412603 0.131198 -0.446198 0.13134 -0.479926 0.131385 -0.512938 0.131793 -0.546076 0.132295 
3.656 0.377181 -0.0456239 0.345019 -0.0453243 0.313072 -0.0450694 0.280916 -0.0453089 0.248904 -0.0451088 0.217367 -0.0445156 0.185821 -0.0436579 
4.184 -0.235064 -0.236694 -0.259467 -0.236546 -0.283572 -0.236444 -0.308246 -0.236606 -0.332673 -0.236986 -0.356532 -0.236668 -0.38057 -0.236266 
3.387 -0.390522 -0.0353513 -0.42085 -0.0352645 -0.451003 -0.0351801 -0.481506 -0.0351828 -0.512049 -0.0353077 -0.541847 -0.0350102 -0.571633 -0.0344732 
4.246 -0.213149 -0.123011 -0.237237 -0.122834 -0.261188 -0.122836 -0.285493 -0.122981 -0.30972 -0.123032 -0.333355 -0.122812 -0.357175 -0.122653 
3.59 -0.160416 0.179688 -0.189526 0.180244 -0.218448 0.180693 -0.247763 0.180902 -0.277248 0.18126 -0.306354 0.181788 -0.335286 0.182336 
3.795 0.108725 -0.015491 0.0817948 -0.0151924 0.0550913 -0.0149119 0.0283055 -0.0149159 0.00158682 -0.0147876 -0.0247199 -0.0142755 -0.051316 -0.0138237 
3.994 -0.265881 -0.234639 -0.291531 -0.234436 -0.316972 -0.234399 -0.342911 -0.234708 -0.36871 -0.235037 -0.393882 -0.234715 -0.419261 -0.234342 
2.773 0.651116 -0.0558965 0.61472 -0.0558009 0.579157 -0.05557 0.542338 -0.0559944 0.50621 -0.0557974 0.469815 -0.0551612 0.433539 -0.0544594 
4.402 -0.0385153 0.0666895 -0.061717 0.066978 -0.0845737 0.0670996 -0.107989 0.0670306 -0.131249 0.0670528 -0.154058 0.0674682 -0.177279 0.068053 
3.801 0.112834 -0.188755 0.0857136 -0.188213 0.0589479 -0.187927 0.0320234 -0.18804 0.0053087 -0.187951 -0.021219 -0.187441 -0.0476575 -0.186743 
4.352 -0.202876 -0.157937 -0.22638 -0.157845 -0.249736 -0.15788 -0.27357 -0.157901 -0.29722 -0.158234 -0.32037 -0.157967 -0.343665 -0.157663 
3.191 -0.444624 -0.0689084 -0.476816 -0.068642 -0.508737 -0.0685014 -0.541204 -0.068528 -0.573337 -0.0687173 -0.604586 -0.0684266 -0.635711 -0.0680059 
3.236 -0.429558 -0.0237091 -0.461103 -0.0233906 -0.492331 -0.0232552 -0.524122 -0.0232725 -0.555736 -0.0234307 -0.586419 -0.0231611 -0.617229 -0.0227044 
3.807 0.101192 0.0119025 0.0744131 0.0121828 0.0479069 0.0123972 0.0210644 0.0122152 -0.00550366 0.0123036 -0.0318208 0.0127916 -0.0582599 0.0133288 
3.928 0.0395562 0.0639501 0.0135444 0.0641466 -0.0121717 0.0643726 -0.0381494 0.0643138 -0.0641319 0.0642779 -0.0897191 0.0648688 -0.115515 0.0653068 
3.229 -0.223421 0.167361 -0.253296 0.167907 -0.283027 0.168316 -0.313086 0.168483 -0.343262 0.168665 -0.372906 0.169224 -0.402684 0.16981 
3.881 -0.272045 -0.0826051 -0.29874 -0.0824246 -0.325054 -0.0823756 -0.351961 -0.082473 -0.378673 -0.0826649 -0.404908 -0.0824074 -0.431246 -0.0820799 
3.785 -0.167265 0.0262841 -0.195421 0.0265919 -0.223286 0.0267955 -0.251711 0.0267618 -0.280088 0.0267214 -0.30802 0.0271029 -0.336077 0.0276096 
3.633 0.401151 -0.036721 0.36851 -0.0363754 0.33612 -0.0361419 0.303513 -0.036326 0.271124 -0.0361227 0.239008 -0.035439 0.207066 -0.0345857 
3.689 -0.31245 -0.0565813 -0.340106 -0.0562101 -0.367561 -0.0560122 -0.395495 -0.0559935 -0.423362 -0.0560329 -0.450649 -0.0557285 -0.478102 -0.055306 
3.916 0.0162717 -0.135338 -0.00943989 -0.135092 -0.0350863 -0.134934 -0.0611841 -0.135136 -0.0868219 -0.135224 -0.11193 -0.134936 -0.137482 -0.134466 
3.812 0.118997 0.0331324 0.0919953 0.0332967 0.065341 0.0334216 0.0384884 0.0333136 0.0116314 0.0334195 -0.0147962 0.0337675 -0.0413182 0.0345346 
3.795 0.117628 -0.0839748 0.0906167 -0.0836562 0.0640019 -0.0833884 0.0371463 -0.083556 0.0104105 -0.0833247 -0.0159988 -0.0828648 -0.0424757 -0.082367 
2.805 -0.367922 0.174894 -0.403102 0.175398 -0.438019 0.175813 -0.473349 0.176092 -0.508705 0.176292 -0.543366 0.176679 -0.578092 0.176994 
4.23 -0.224791 -0.197658 -0.24894 -0.197444 -0.272793 -0.197473 -0.297202 -0.197684 -0.321467 -0.197946 -0.345117 -0.197492 -0.368932 -0.19706 
3.922 0.0183263 -0.198343 -0.00753159 -0.197905 -0.0332983 -0.197558 -0.0595059 -0.197737 -0.0854764 -0.197871 -0.110514 -0.197483 -0.136202 -0.196813 
3.637 -0.184386 0.0420353 -0.21307 0.042192 -0.241709 0.0423519 -0.270693 0.0423907 -0.299791 0.0423322 -0.328326 0.0429401 -0.357015 0.0433706 
3.607 -0.346692 -0.20793 -0.374956 -0.207768 -0.402948 -0.207723 -0.431313 -0.207867 -0.459413 -0.208122 -0.486977 -0.207772 -0.514823 -0.207429 
3.334 -0.410382 -0.112738 -0.441026 -0.112564 -0.47143 -0.112442 -0.502424 -0.112505 -0.533281 -0.112707 -0.563185 -0.112303 -0.593151 -0.111798 
3.812 0.0854404 -0.0743871 0.0588781 -0.0741251 0.0326714 -0.0739451 0.00600127 -0.0741465 -0.0204085 -0.0740708 -0.0465177 -0.0736326 -0.0726927 -0.0730035 
3.623 -0.242597 0.0427202 -0.27148 0.0429496 -0.300241 0.0431619 -0.329352 0.0431127 -0.358463 0.0430093 -0.387122 0.0434406 -0.415843 0.0439524 
3.814 0.105301 0.0365566 0.0784823 0.0367645 0.0519804 0.0368582 0.0251198 0.0368449 -0.00149796 0.03684 -0.0279381 0.0373094 -0.0544625 0.0378757 
3.623 -0.339844 -0.131229 -0.368042 -0.130996 -0.39606 -0.130917 -0.424523 -0.131036 -0.452629 -0.131295 -0.480484 -0.130954 -0.508527 -0.130583 
3.758 -0.232324 0.0269689 -0.260794 0.0272537 -0.289156 0.0274371 -0.317975 0.0273706 -0.346674 0.0273148 -0.374798 0.0276407 -0.403229 0.0281298 
3.477 -0.369977 -0.0921929 -0.399313 -0.0920762 -0.428432 -0.0920043 -0.458079 -0.0923536 -0.487612 -0.0926732 -0.516415 -0.0923012 -0.545363 -0.0916588 
3.533 -0.256978 0.0625805 -0.285708 0.0631509 -0.31448 0.0634885 -0.343603 0.0635325 -0.372757 0.063614 -0.401346 0.0640907 -0.43019 0.0645572 
3.602 -0.337789 -0.0709629 -0.366366 -0.0705751 -0.39472 -0.0703239 -0.42363 -0.0702903 -0.452391 -0.0703697 -0.480584 -0.0699108 -0.508937 -0.0693287 
3.846 -0.283687 -0.149034 -0.310276 -0.148793 -0.336678 -0.148847 -0.363535 -0.148992 -0.390296 -0.149264 -0.416491 -0.14892 -0.442864 -0.148629 
3.408 -0.387098 -0.110683 -0.41697 -0.1105 -0.446709 -0.110498 -0.476877 -0.110648 -0.506888 -0.110895 -0.536286 -0.110535 -0.565694 -0.110074 
2.783 0.636735 -0.06206 0.600606 -0.0619641 0.565337 -0.0616507 0.528461 -0.0620347 0.492124 -0.0617829 0.455983 -0.061031 0.420017 -0.0601756 
