3.586 -0.382304 -0.374346 -0.371696 -0.364363 -0.362226 -0.354793 -0.352706 -0.346357 -0.343539 -0.338358 -0.373356 -0.365886 -0.362939 -0.356383 
3.691 -0.343953 -0.401739 -0.334584 -0.391271 -0.326289 -0.381227 -0.317867 -0.372319 -0.309676 -0.363821 -0.335094 -0.393248 -0.325914 -0.383265 
3.623 -0.370662 -0.416121 -0.360462 -0.405162 -0.351428 -0.394677 -0.34233 -0.385385 -0.333529 -0.376511 -0.361612 -0.407507 -0.351638 -0.397021 
3.639 -0.363128 -0.369552 -0.35308 -0.359782 -0.344218 -0.350406 -0.335257 -0.342182 -0.326607 -0.334321 -0.354147 -0.361152 -0.344391 -0.351876 
3.584 -0.382989 -0.394891 -0.372354 -0.384379 -0.362881 -0.374272 -0.35336 -0.365375 -0.344185 -0.356841 -0.373971 -0.386353 -0.363543 -0.376298 
3.693 -0.344638 -0.383934 -0.335233 -0.37394 -0.326916 -0.364339 -0.318507 -0.355859 -0.310325 -0.347784 -0.335774 -0.375545 -0.3266 -0.366 
3.68 -0.349432 -0.370237 -0.33992 -0.360566 -0.331549 -0.351317 -0.32301 -0.34316 -0.314773 -0.335396 -0.340586 -0.361885 -0.331286 -0.35267 
3.436 -0.437776 -0.235324 -0.425047 -0.228887 -0.413693 -0.222573 -0.402435 -0.217323 -0.391593 -0.212309 -0.428727 -0.22727 -0.416229 -0.22111 
3.613 -0.359704 -0.0757567 -0.349383 -0.0738964 -0.34032 -0.0717992 -0.331187 -0.0705621 -0.322497 -0.0693435 -0.35138 -0.0681276 -0.341324 -0.0664883 
3.887 -0.274099 -0.345583 -0.266877 -0.337037 -0.260574 -0.328797 -0.254041 -0.32158 -0.247733 -0.314637 -0.265484 -0.337486 -0.258491 -0.329423 
3.637 -0.361759 -0.387358 -0.351739 -0.377139 -0.342915 -0.367316 -0.333965 -0.358643 -0.325313 -0.350403 -0.352811 -0.378948 -0.34307 -0.369174 
3.824 -0.29396 -0.372291 -0.286233 -0.363028 -0.279502 -0.354108 -0.272572 -0.34626 -0.265821 -0.338751 -0.285259 -0.364056 -0.277742 -0.355244 
2.104 -0.152198 0.163936 -0.147722 0.159109 -0.143987 0.155268 -0.139989 0.150699 -0.136273 0.146582 -0.144363 0.172116 -0.139939 0.167376 
3.797 -0.308341 -0.354486 -0.300135 -0.345525 -0.292948 -0.336904 -0.285548 -0.329315 -0.278421 -0.322061 -0.299651 -0.346275 -0.291646 -0.33778 
4.023 -0.219997 -0.0586358 -0.214287 -0.057513 -0.209427 -0.0560303 -0.204341 -0.0553529 -0.199441 -0.0545758 -0.21191 -0.0513152 -0.206362 -0.0502805 
3.615 -0.365183 -0.155198 -0.354778 -0.151225 -0.345654 -0.147188 -0.336433 -0.144005 -0.327662 -0.141003 -0.356684 -0.14745 -0.346532 -0.143767 
4.141 -0.180277 -0.0538419 -0.175682 -0.0528689 -0.171744 -0.0514924 -0.167546 -0.0508928 -0.163508 -0.050174 -0.17228 -0.0465828 -0.167734 -0.0456717 
3.793 -0.304917 -0.387358 -0.29675 -0.377507 -0.289531 -0.368014 -0.282186 -0.359633 -0.275024 -0.351605 -0.29622 -0.37908 -0.288193 -0.369693 
3.723 -0.330941 -0.373661 -0.322033 -0.36396 -0.31422 -0.354642 -0.30622 -0.346454 -0.298469 -0.338619 -0.322139 -0.365332 -0.313417 -0.356102 
4.59 -0.0556362 -0.0387755 -0.0541486 -0.0383205 -0.0530978 -0.0374211 -0.0517471 -0.0373093 -0.0503936 -0.0370221 -0.0476175 -0.0316156 -0.0460795 -0.0312321 
3.84 -0.293275 -0.353116 -0.285585 -0.344287 -0.278859 -0.335812 -0.271961 -0.328347 -0.265233 -0.321229 -0.284657 -0.344933 -0.277158 -0.33658 
3.885 -0.275469 -0.401739 -0.268262 -0.391792 -0.261953 -0.382215 -0.255411 -0.373741 -0.249038 -0.365604 -0.266859 -0.393434 -0.259773 -0.383988 
4.148 -0.182331 -0.190809 -0.177737 -0.186479 -0.173871 -0.182172 -0.169747 -0.178682 -0.165705 -0.17523 -0.174124 -0.183286 -0.169654 -0.179309 
3.734 -0.329571 -0.401739 -0.32077 -0.391453 -0.312986 -0.381571 -0.305081 -0.372817 -0.29736 -0.364458 -0.320735 -0.393289 -0.312129 -0.383467 
3.777 -0.31245 -0.416121 -0.304209 -0.405588 -0.296908 -0.39546 -0.289473 -0.386498 -0.282236 -0.377937 -0.303596 -0.407588 -0.295533 -0.397533 
3.676 -0.346007 -0.423654 -0.33663 -0.412623 -0.32834 -0.40206 -0.3199 -0.392675 -0.311699 -0.383687 -0.337122 -0.41508 -0.327923 -0.40454 
3.838 -0.290536 -0.385988 -0.282863 -0.376319 -0.276186 -0.367036 -0.269314 -0.358826 -0.262587 -0.350967 -0.281899 -0.377752 -0.274449 -0.368542 
3.602 -0.361074 -0.101096 -0.35074 -0.0986475 -0.341681 -0.0958854 -0.33251 -0.0940182 -0.3238 -0.0922887 -0.352707 -0.0935555 -0.342623 -0.0912372 
3.885 -0.275469 -0.383249 -0.268271 -0.373778 -0.26199 -0.364628 -0.255449 -0.356575 -0.249085 -0.348856 -0.266863 -0.375009 -0.259799 -0.365959 
3.738 -0.326147 -0.35928 -0.317417 -0.350096 -0.309678 -0.341215 -0.301811 -0.333436 -0.294168 -0.325979 -0.317425 -0.351051 -0.308845 -0.342279 
3.65 -0.359704 -0.403794 -0.349749 -0.393105 -0.340941 -0.38284 -0.33201 -0.373757 -0.323369 -0.365062 -0.350804 -0.395316 -0.341085 -0.385064 
3.717 -0.330256 -0.4216 -0.321423 -0.410804 -0.313606 -0.400427 -0.305691 -0.391253 -0.297931 -0.382448 -0.321342 -0.413015 -0.312696 -0.402707 
3.436 -0.435036 -0.205876 -0.422228 -0.200284 -0.410842 -0.194688 -0.399516 -0.190149 -0.388711 -0.185827 -0.42627 -0.198034 -0.413779 -0.192702 
3.766 -0.302863 -0.066169 -0.294675 -0.064736 -0.28756 -0.0629962 -0.280238 -0.0619598 -0.273298 -0.0610063 -0.294713 -0.0588803 -0.286726 -0.0575104 
3.885 -0.276839 -0.367498 -0.269596 -0.358466 -0.263334 -0.349812 -0.256791 -0.34213 -0.250468 -0.334826 -0.268186 -0.359327 -0.261191 -0.350765 
3.539 -0.400794 -0.238063 -0.389249 -0.231636 -0.379097 -0.225305 -0.368889 -0.220021 -0.359121 -0.214967 -0.391925 -0.230156 -0.380734 -0.224059 
3.688 -0.330941 -0.130544 -0.321897 -0.127375 -0.314002 -0.123979 -0.305912 -0.12152 -0.298203 -0.119102 -0.322628 -0.123013 -0.31381 -0.120035 
3.623 -0.355595 -0.133283 -0.345629 -0.129851 -0.336825 -0.126259 -0.327913 -0.123575 -0.319398 -0.12103 -0.347343 -0.12576 -0.33758 -0.122524 
3.645 -0.359704 -0.219573 -0.349897 -0.213917 -0.34119 -0.208326 -0.332219 -0.203653 -0.323779 -0.19926 -0.351279 -0.211801 -0.341491 -0.206444 
4.039 -0.0433091 -0.0100123 -0.0420285 -0.0102134 -0.041239 -0.00989374 -0.0401374 -0.0104097 -0.0390137 -0.0106631 -0.0351824 -0.0028821 -0.0339207 -0.00311877 
3.578 -0.379564 -0.199712 -0.368843 -0.194537 -0.359377 -0.189332 -0.349856 -0.1852 -0.340773 -0.181197 -0.370921 -0.191969 -0.360433 -0.187079 
3.781 -0.313135 -0.368182 -0.304792 -0.358795 -0.297507 -0.349741 -0.290032 -0.341821 -0.282764 -0.334201 -0.304406 -0.359982 -0.29626 -0.35104 
3.836 -0.29259 -0.407218 -0.284881 -0.397001 -0.278148 -0.387202 -0.271215 -0.378534 -0.264443 -0.370187 -0.283877 -0.398855 -0.276371 -0.389123 
4.707 -0.052212 -0.100411 -0.0509876 -0.0984611 -0.0501438 -0.0962339 -0.0489589 -0.0947663 -0.0477495 -0.0932132 -0.0442049 -0.0933325 -0.0428871 -0.0915534 
4.215 -0.026873 -0.0285029 -0.0260931 -0.0282071 -0.0257145 -0.0275098 -0.0250185 -0.0275593 -0.0242284 -0.0274364 -0.0187696 -0.021321 -0.0179879 -0.0211843 
3.951 -0.244651 -0.174373 -0.238252 -0.170319 -0.232811 -0.166213 -0.227056 -0.162911 -0.221552 -0.159711 -0.236342 -0.16687 -0.230167 -0.163057 
3.963 -0.0597452 0.0454595 -0.0581183 0.0438637 -0.0568697 0.042974 -0.0553681 0.0412577 -0.0539089 0.0398698 -0.0517873 0.0528134 -0.0500522 0.0512475 
2.328 -0.16658 0.142706 -0.161523 0.138385 -0.157286 0.134977 -0.152886 0.130895 -0.148701 0.127226 -0.158914 0.150593 -0.153956 0.146342 
3.771 -0.161101 0.0194357 -0.156807 0.0184465 -0.153123 0.0181658 -0.149167 0.0171082 -0.145388 0.0163229 -0.153219 0.0267804 -0.148943 0.0258142 
4.109 -0.0261882 -0.0100123 -0.0254028 -0.0102037 -0.0248871 -0.00991548 -0.0240804 -0.0103681 -0.0232366 -0.0106263 -0.0181953 -0.00289092 -0.0172685 -0.00315973 
3.857 -0.278208 -0.179167 -0.270878 -0.17484 -0.26449 -0.170471 -0.257945 -0.166999 -0.251601 -0.163617 -0.269794 -0.171578 -0.262708 -0.167542 
3.752 -0.319984 -0.381879 -0.311346 -0.372145 -0.303738 -0.362814 -0.295974 -0.354597 -0.288408 -0.346697 -0.311305 -0.373582 -0.302874 -0.36432 
3.766 -0.31519 -0.399685 -0.306751 -0.389572 -0.299388 -0.379861 -0.291839 -0.371263 -0.284493 -0.363027 -0.306258 -0.391259 -0.298095 -0.381601 
4.156 -0.183701 -0.204506 -0.179073 -0.199935 -0.175178 -0.195301 -0.171056 -0.191534 -0.166993 -0.187821 -0.175469 -0.197041 -0.170996 -0.192722 
4.234 -0.0426243 -0.0264484 -0.0415142 -0.0261894 -0.0407622 -0.025563 -0.039707 -0.0256651 -0.0386793 -0.02556 -0.0344929 -0.0193015 -0.0333499 -0.0191749 
4.68 -0.0446788 -0.0757567 -0.0435229 -0.0743598 -0.042704 -0.0726236 -0.0416334 -0.0716337 -0.0405478 -0.0705078 -0.0366208 -0.0686832 -0.0353528 -0.06743 
3.752 -0.317929 -0.213409 -0.309292 -0.208066 -0.301752 -0.202773 -0.294049 -0.198444 -0.286675 -0.194238 -0.309497 -0.205674 -0.301088 -0.200696 
3.619 -0.369977 -0.231215 -0.359507 -0.225166 -0.350392 -0.219134 -0.341133 -0.214137 -0.332283 -0.209375 -0.361127 -0.223337 -0.350988 -0.21759 
3.266 -0.196713 0.112574 -0.19056 0.108824 -0.18535 0.105983 -0.17995 0.102365 -0.174951 0.0991963 -0.189013 0.120262 -0.182969 0.116505 
4.609 -0.0412546 -0.0415149 -0.0401374 -0.0409909 -0.0393897 -0.0400064 -0.038314 -0.0398164 -0.0372755 -0.0392803 -0.0331958 -0.03443 -0.0319945 -0.0338865 
3.867 -0.277524 -0.213409 -0.270186 -0.208201 -0.263849 -0.202972 -0.257277 -0.1987 -0.250958 -0.194561 -0.269172 -0.205791 -0.262007 -0.200849 
3.684 -0.340529 -0.216833 -0.33136 -0.21135 -0.323265 -0.205914 -0.314992 -0.201395 -0.307269 -0.197107 -0.33235 -0.209128 -0.323178 -0.203918 
3.635 -0.355595 -0.192864 -0.345611 -0.187884 -0.336958 -0.182919 -0.328242 -0.178924 -0.319727 -0.175109 -0.347111 -0.185127 -0.337544 -0.180454 
3.695 -0.332995 -0.154513 -0.323821 -0.150678 -0.315869 -0.146798 -0.307723 -0.143836 -0.300003 -0.140944 -0.324555 -0.146878 -0.315654 -0.143332 
3.58 -0.135077 0.115313 -0.131195 0.11186 -0.127988 0.109272 -0.12452 0.105884 -0.121289 0.102942 -0.127249 0.122949 -0.123388 0.119546 
3.23 -0.16795 0.122161 -0.162783 0.118198 -0.158366 0.115113 -0.153803 0.1113 -0.149521 0.107861 -0.160238 0.129905 -0.155108 0.125952 
4.23 -0.00427339 -0.0196001 -0.00400374 -0.019465 -0.00398577 -0.0190409 -0.00371813 -0.0192091 -0.00341299 -0.01921 0.00382587 -0.0124663 0.00421126 -0.0124637 
2.27 -0.175483 0.155718 -0.170167 0.150896 -0.165608 0.146983 -0.16092 0.14252 -0.15655 0.138442 -0.16783 0.163671 -0.162532 0.158854 
3.758 -0.313135 -0.190809 -0.304587 -0.186136 -0.297093 -0.181456 -0.2894 -0.177659 -0.282114 -0.174017 -0.304675 -0.183138 -0.296329 -0.178757 
3.92 -0.257663 -0.181907 -0.251031 -0.177634 -0.245038 -0.173306 -0.239216 -0.169871 -0.233215 -0.166451 -0.249402 -0.17439 -0.242869 -0.170383 
3.75 -0.308341 -0.0805506 -0.300012 -0.0787672 -0.2927 -0.0765106 -0.285276 -0.0752335 -0.27819 -0.0739173 -0.300185 -0.0731597 -0.292037 -0.0714315 
4.164 -0.132338 -0.0100123 -0.128799 -0.0101576 -0.125808 -0.00975468 -0.122658 -0.0101815 -0.119602 -0.0104177 -0.124403 -0.00277401 -0.120928 -0.00291583 
4.086 -0.202876 -0.150404 -0.197682 -0.147042 -0.193405 -0.14359 -0.18876 -0.140959 -0.18431 -0.138333 -0.194684 -0.142998 -0.189666 -0.139877 
4.074 -0.206985 -0.197658 -0.201729 -0.193137 -0.197136 -0.188595 -0.192329 -0.184921 -0.187663 -0.181313 -0.198613 -0.190106 -0.193542 -0.185942 
3.879 -0.283002 -0.323668 -0.275589 -0.315646 -0.269145 -0.307843 -0.262541 -0.301043 -0.25601 -0.294581 -0.274431 -0.315635 -0.267254 -0.308057 
3.859 -0.282317 -0.229845 -0.274915 -0.224299 -0.268434 -0.218898 -0.261751 -0.21423 -0.25529 -0.209899 -0.27394 -0.222154 -0.266635 -0.216876 
3.912 -0.259718 -0.203137 -0.25296 -0.198294 -0.246899 -0.19339 -0.240842 -0.189467 -0.234895 -0.185615 -0.25141 -0.195468 -0.244847 -0.190979 
4.035 -0.217258 -0.153828 -0.211643 -0.150385 -0.206822 -0.14679 -0.201762 -0.144079 -0.196839 -0.141375 -0.20897 -0.146385 -0.203506 -0.143202 
4.012 -0.23164 -0.202452 -0.225719 -0.197807 -0.220591 -0.193143 -0.215221 -0.189363 -0.209983 -0.185662 -0.223182 -0.194786 -0.217526 -0.190516 
4.668 -0.0638543 -0.225736 -0.0624073 -0.221271 -0.061353 -0.216707 -0.0599949 -0.213008 -0.0585359 -0.209256 -0.0558089 -0.218495 -0.054298 -0.214342 
4.684 -0.0419395 -0.0558965 -0.0408331 -0.0551601 -0.0401412 -0.0539307 -0.0391332 -0.0534637 -0.0380824 -0.0528114 -0.0337996 -0.0488257 -0.0326942 -0.0480843 
3.469 -0.41997 -0.174373 -0.407731 -0.169747 -0.39694 -0.165107 -0.386055 -0.161436 -0.375763 -0.157901 -0.411219 -0.16659 -0.3993 -0.162239 
4.637 -0.0556362 -0.0531571 -0.0541965 -0.0522335 -0.0531621 -0.05101 -0.0518554 -0.0506018 -0.0505227 -0.0499473 -0.0476099 -0.0460229 -0.0461203 -0.0452892 
4.477 -0.10152 -0.163416 -0.0990709 -0.160064 -0.0971563 -0.156613 -0.0949196 -0.153935 -0.0926277 -0.151162 -0.0934724 -0.156146 -0.0910036 -0.153047 
4.699 -0.0590604 -0.273675 -0.0576616 -0.268211 -0.0566682 -0.262784 -0.0553889 -0.258157 -0.0539596 -0.253547 -0.0509236 -0.266407 -0.0494934 -0.261263 
4.426 -0.10152 -0.0524723 -0.0990333 -0.0515185 -0.097023 -0.0502918 -0.0947805 -0.0498523 -0.0924285 -0.0493266 -0.0935445 -0.0452793 -0.091018 -0.044615 
3.83 -0.298069 -0.317504 -0.29006 -0.309468 -0.283006 -0.301617 -0.275803 -0.294871 -0.268814 -0.288377 -0.289494 -0.309515 -0.28165 -0.301863 
4.469 -0.100836 -0.138077 -0.098408 -0.135382 -0.0965298 -0.132454 -0.094307 -0.130263 -0.0921091 -0.128033 -0.0928018 -0.130923 -0.0903622 -0.128372 
3.762 -0.308341 -0.149034 -0.300061 -0.145356 -0.292901 -0.141665 -0.285537 -0.138786 -0.278517 -0.136007 -0.300007 -0.141441 -0.292006 -0.138091 
3.801 -0.295329 -0.183276 -0.287452 -0.178745 -0.280639 -0.174179 -0.27367 -0.170574 -0.266868 -0.167034 -0.287322 -0.175725 -0.279611 -0.171485 
4.047 -0.214519 -0.125065 -0.209041 -0.122363 -0.204226 -0.119463 -0.199229 -0.117373 -0.194458 -0.115293 -0.206391 -0.117739 -0.200987 -0.115202 
4.691 -0.0624846 -0.205876 -0.0609911 -0.201787 -0.0599638 -0.197637 -0.0586009 -0.194142 -0.0572235 -0.190859 -0.0543864 -0.198738 -0.0528782 -0.194868 
3.688 -0.339844 -0.192864 -0.330394 -0.188031 -0.322151 -0.183141 -0.313756 -0.179259 -0.305715 -0.175476 -0.331426 -0.18521 -0.322291 -0.180655 
3.775 -0.294645 -0.0949322 -0.286492 -0.0927064 -0.279417 -0.0902441 -0.272152 -0.0885979 -0.265231 -0.0870133 -0.286408 -0.0874803 -0.278472 -0.0853968 
4.297 -0.14398 -0.152459 -0.140348 -0.149133 -0.137379 -0.145773 -0.134112 -0.143189 -0.130887 -0.14053 -0.135892 -0.145124 -0.132314 -0.142152 
3.799 -0.301493 -0.219573 -0.293579 -0.214181 -0.286685 -0.208799 -0.279516 -0.204337 -0.272628 -0.20006 -0.293382 -0.211971 -0.285498 -0.206828 
3.67 -0.120696 0.118737 -0.117203 0.115214 -0.114277 0.112561 -0.111232 0.109095 -0.108212 0.106093 -0.112924 0.12644 -0.109429 0.122935 
3.154 -0.548719 -0.181222 -0.531393 -0.175908 -0.515938 -0.170553 -0.500614 -0.166264 -0.486226 -0.162262 -0.539527 -0.173299 -0.522595 -0.16817 
3.957 -0.254924 -0.309286 -0.248304 -0.301753 -0.242563 -0.294378 -0.236621 -0.28802 -0.230807 -0.281835 -0.246417 -0.301392 -0.23999 -0.294243 
3.508 -0.404219 -0.171634 -0.392481 -0.167129 -0.38249 -0.162587 -0.372179 -0.159006 -0.362255 -0.155577 -0.395532 -0.163876 -0.384269 -0.159653 
3.473 -0.416546 -0.133283 -0.40434 -0.129843 -0.393554 -0.12622 -0.382754 -0.123573 -0.372539 -0.12105 -0.407952 -0.125626 -0.396045 -0.122379 
3.146 -0.549404 -0.156568 -0.532027 -0.151912 -0.516526 -0.147145 -0.501157 -0.143384 -0.486713 -0.139915 -0.540345 -0.148689 -0.523357 -0.144178 
4.312 -0.0741268 -0.015491 -0.0723246 -0.0155576 -0.0708894 -0.0151483 -0.069147 -0.015507 -0.0675028 -0.0156682 -0.0662214 -0.00830425 -0.0643574 -0.00840565 
3.539 -0.394631 -0.198343 -0.38342 -0.193079 -0.373445 -0.187799 -0.363397 -0.183567 -0.353785 -0.179515 -0.386072 -0.19056 -0.375071 -0.185572 
4.648 -0.0686481 -0.256554 -0.0670207 -0.251424 -0.0658033 -0.246164 -0.0643145 -0.241839 -0.0627226 -0.237471 -0.0605569 -0.249246 -0.0589159 -0.244377 
4.281 -0.14535 -0.175743 -0.141714 -0.171989 -0.138723 -0.168009 -0.135397 -0.164892 -0.132153 -0.161804 -0.137268 -0.168376 -0.133629 -0.164769 
3.162 -0.274099 0.115998 -0.265505 0.112162 -0.2581 0.109223 -0.250561 0.105545 -0.24352 0.102255 -0.266038 0.123487 -0.257586 0.119654 
4.191 -0.178222 -0.286002 -0.173722 -0.279386 -0.169922 -0.272908 -0.165884 -0.267366 -0.161874 -0.261925 -0.169985 -0.27836 -0.165606 -0.272112 
4.598 -0.0830297 -0.25176 -0.0810474 -0.246474 -0.0794643 -0.241317 -0.0776179 -0.236893 -0.0756979 -0.232493 -0.0749461 -0.24435 -0.0728814 -0.239542 
4.293 0.0155869 -0.00521846 0.015348 -0.00548815 0.0148017 -0.0053192 0.0146396 -0.00583918 0.0145092 -0.00614787 0.0238374 0.0019414 0.0237143 0.00158005 
3.572 -0.380249 -0.151089 -0.36946 -0.147198 -0.359931 -0.143201 -0.350319 -0.140172 -0.341261 -0.137226 -0.371806 -0.143463 -0.361322 -0.139809 
3.514 -0.401479 -0.131229 -0.389931 -0.127879 -0.379762 -0.124318 -0.369512 -0.121767 -0.359799 -0.119293 -0.392953 -0.123571 -0.381708 -0.12043 
3.783 -0.296699 -0.12438 -0.28851 -0.121373 -0.281384 -0.118257 -0.274083 -0.115948 -0.267103 -0.113692 -0.288389 -0.116878 -0.280437 -0.114129 
3.172 -0.543241 -0.225051 -0.526225 -0.218454 -0.510954 -0.211937 -0.495881 -0.206519 -0.481595 -0.201393 -0.534041 -0.217053 -0.517339 -0.210605 
3.707 -0.282317 0.098192 -0.273755 0.0949434 -0.266166 0.0924568 -0.258579 0.0893245 -0.251386 0.0864394 -0.274635 0.105762 -0.266155 0.102559 
2.328 -0.278208 0.172839 -0.268883 0.166932 -0.260712 0.162077 -0.252512 0.156614 -0.244908 0.151536 -0.270771 0.180751 -0.261523 0.174879 
3.424 -0.437091 -0.166155 -0.424176 -0.161566 -0.412695 -0.156908 -0.401213 -0.153292 -0.390331 -0.149839 -0.428364 -0.158379 -0.415684 -0.154002 
3.705 -0.320668 -0.070278 -0.311807 -0.0687817 -0.3039 -0.0669059 -0.295972 -0.0659216 -0.288316 -0.0649267 -0.312488 -0.0628078 -0.303713 -0.0614449 
3.77 -0.304232 -0.164101 -0.296047 -0.160068 -0.288885 -0.155881 -0.28154 -0.152672 -0.274534 -0.149488 -0.295895 -0.156539 -0.287902 -0.152725 
3.736 -0.311081 -0.112738 -0.302674 -0.109993 -0.295398 -0.107099 -0.287896 -0.105045 -0.280772 -0.103021 -0.302806 -0.10522 -0.294621 -0.102726 
4.102 -0.200137 -0.123011 -0.194957 -0.120388 -0.190747 -0.117541 -0.186059 -0.115532 -0.181691 -0.113481 -0.192027 -0.115731 -0.18689 -0.113229 
3.939 -0.148089 -0.00795781 -0.144146 -0.00809007 -0.140952 -0.00771902 -0.137416 -0.00815051 -0.134009 -0.00836042 -0.140059 -0.000645215 -0.136022 -0.000819727 
3.566 -0.37751 -0.115477 -0.366743 -0.112499 -0.357242 -0.10941 -0.347657 -0.107141 -0.338621 -0.10495 -0.369121 -0.107924 -0.358588 -0.105144 
4.426 -0.117956 -0.25176 -0.115091 -0.2464 -0.112822 -0.241022 -0.1102 -0.236446 -0.107588 -0.23207 -0.109881 -0.244384 -0.107038 -0.239324 
3.533 -0.389837 -0.0860293 -0.378703 -0.0839241 -0.368965 -0.081576 -0.35913 -0.080132 -0.349661 -0.0787007 -0.381597 -0.0784653 -0.370779 -0.0765508 
4.062 -0.202876 -0.0606903 -0.197461 -0.0595133 -0.192789 -0.0579687 -0.187813 -0.057231 -0.183173 -0.0564153 -0.195209 -0.0534056 -0.189824 -0.0522991 
3.189 -0.534338 -0.212724 -0.517539 -0.206351 -0.502541 -0.200042 -0.487761 -0.194933 -0.473679 -0.189946 -0.525189 -0.204645 -0.508768 -0.198636 
3.783 -0.296014 -0.0504178 -0.287923 -0.0493677 -0.280856 -0.0480105 -0.273648 -0.0474812 -0.266771 -0.0468967 -0.287898 -0.0429051 -0.279965 -0.0420571 
4.602 -0.0727572 -0.10315 -0.0709957 -0.101148 -0.0695907 -0.0988214 -0.0679329 -0.0973315 -0.0662573 -0.0957173 -0.0648136 -0.096052 -0.0629018 -0.0942019 
4.539 -0.0837146 -0.130544 -0.0816593 -0.12796 -0.0800537 -0.125243 -0.0781755 -0.123225 -0.0762904 -0.12119 -0.0757167 -0.123449 -0.0736044 -0.12103 
3.42 -0.432982 -0.14835 -0.420166 -0.14425 -0.408706 -0.140028 -0.397303 -0.136837 -0.386563 -0.133726 -0.424361 -0.140641 -0.411822 -0.136771 
3.613 -0.356965 -0.0469936 -0.346674 -0.0459558 -0.337696 -0.0446317 -0.328622 -0.0441583 -0.320002 -0.0436254 -0.348727 -0.0394273 -0.338755 -0.0386274 
2.57 -0.21041 0.133804 -0.203712 0.12947 -0.197918 0.126001 -0.192054 0.121779 -0.186555 0.11799 -0.202757 0.141588 -0.196175 0.137249 
4.105 -0.190549 -0.0668539 -0.185793 -0.0656658 -0.181816 -0.064102 -0.177572 -0.0633136 -0.173464 -0.0624664 -0.182485 -0.0595814 -0.177863 -0.0584664 
3.814 -0.302178 -0.240803 -0.294134 -0.234824 -0.28707 -0.229006 -0.279866 -0.224104 -0.272888 -0.21934 -0.293697 -0.233002 -0.285858 -0.22738 
3.496 -0.405588 -0.113423 -0.393707 -0.110461 -0.383291 -0.107351 -0.372718 -0.10511 -0.362831 -0.10299 -0.396986 -0.105814 -0.385447 -0.103064 
3.885 -0.266566 -0.14561 -0.259481 -0.142191 -0.253373 -0.138494 -0.247034 -0.135827 -0.240927 -0.133122 -0.258316 -0.138132 -0.25137 -0.13492 
2.484 -0.196028 0.139967 -0.18975 0.135384 -0.184446 0.131697 -0.178997 0.127299 -0.173836 0.123387 -0.188378 0.147797 -0.182173 0.143296 
3.984 -0.233009 -0.14698 -0.22702 -0.143623 -0.221866 -0.140054 -0.216498 -0.137408 -0.211222 -0.134784 -0.224518 -0.139505 -0.218672 -0.136372 
3.619 -0.363813 -0.176428 -0.353456 -0.171859 -0.344292 -0.167226 -0.335123 -0.16353 -0.32634 -0.159937 -0.355244 -0.168788 -0.345146 -0.164438 
2.451 -0.239173 0.145446 -0.231348 0.140517 -0.224687 0.136637 -0.217897 0.131993 -0.211445 0.127874 -0.231531 0.153197 -0.223872 0.148364 
3.945 -0.244651 -0.120271 -0.238305 -0.117528 -0.232926 -0.11473 -0.22727 -0.11271 -0.221862 -0.110637 -0.236458 -0.11282 -0.230237 -0.1102 
2.457 -0.225476 0.140652 -0.218207 0.13601 -0.21186 0.13238 -0.205435 0.12803 -0.199385 0.124065 -0.217849 0.148462 -0.210706 0.143873 
3.951 -0.254239 -0.233269 -0.247625 -0.227681 -0.241961 -0.222193 -0.236052 -0.21755 -0.230315 -0.213164 -0.245822 -0.22561 -0.239406 -0.220334 
4.02 -0.225476 -0.109999 -0.219631 -0.107535 -0.214451 -0.104849 -0.209254 -0.103006 -0.204035 -0.101141 -0.217386 -0.102615 -0.211529 -0.100334 
3.4 -0.441885 -0.12575 -0.428726 -0.122364 -0.417136 -0.118837 -0.405568 -0.116298 -0.394522 -0.113791 -0.433143 -0.118068 -0.42036 -0.114904 
4.301 -0.137132 -0.087399 -0.133635 -0.0856546 -0.130671 -0.0836837 -0.127644 -0.0824346 -0.124427 -0.0811177 -0.129119 -0.0801296 -0.125761 -0.078633 
3.924 -0.238488 -0.0435694 -0.232222 -0.0427432 -0.226897 -0.0415769 -0.221289 -0.0412438 -0.215942 -0.040795 -0.230406 -0.0361626 -0.224329 -0.035523 
3.822 -0.282317 -0.10315 -0.274746 -0.100704 -0.268202 -0.0981507 -0.26146 -0.0964595 -0.254998 -0.0946912 -0.274021 -0.0956496 -0.266705 -0.0934498 
4.645 -0.0638543 -0.126435 -0.0623579 -0.12403 -0.0612151 -0.121397 -0.0597842 -0.119666 -0.0583071 -0.117453 -0.0558731 -0.119422 -0.0542958 -0.117061 
4.367 -0.12412 -0.108629 -0.121139 -0.106389 -0.118606 -0.103981 -0.115837 -0.10229 -0.113114 -0.100527 -0.116128 -0.101451 -0.113161 -0.0993703 
3.572 -0.373401 -0.0675387 -0.36288 -0.0658763 -0.353404 -0.0638869 -0.344092 -0.0628471 -0.335168 -0.061727 -0.365301 -0.0600325 -0.354866 -0.0584981 
4.332 -0.135762 -0.240118 -0.132476 -0.234814 -0.129697 -0.229495 -0.126689 -0.225046 -0.12368 -0.220667 -0.127662 -0.232766 -0.124352 -0.227717 
3.52 -0.399425 -0.157252 -0.387976 -0.153116 -0.377917 -0.148886 -0.367693 -0.145619 -0.358241 -0.142508 -0.391072 -0.149584 -0.379818 -0.145688 
4.402 -0.120696 -0.237378 -0.11779 -0.232198 -0.11542 -0.227009 -0.112771 -0.222655 -0.110065 -0.218422 -0.112611 -0.230023 -0.109683 -0.225084 
4.27 -0.151513 -0.243542 -0.147726 -0.238039 -0.144563 -0.232564 -0.141103 -0.227988 -0.137678 -0.223461 -0.143334 -0.236119 -0.139589 -0.230896 
3.449 -0.424079 -0.160677 -0.411754 -0.156342 -0.400714 -0.151953 -0.389819 -0.148534 -0.379338 -0.145253 -0.415514 -0.152918 -0.40336 -0.148814 
3.379 -0.439145 -0.0709629 -0.426042 -0.0691195 -0.41435 -0.0669703 -0.402788 -0.0657312 -0.39175 -0.064509 -0.430547 -0.0633936 -0.417712 -0.0616649 
4.164 -0.190549 -0.299699 -0.185727 -0.292814 -0.181712 -0.286155 -0.177436 -0.280444 -0.173201 -0.274899 -0.182219 -0.291932 -0.177548 -0.285432 
4.332 -0.135762 -0.221627 -0.132501 -0.216752 -0.129737 -0.211875 -0.126732 -0.207902 -0.12379 -0.203992 -0.127715 -0.214231 -0.124403 -0.209678 
3.393 -0.439145 -0.107944 -0.426126 -0.105021 -0.414475 -0.101935 -0.402984 -0.0997318 -0.392027 -0.0976186 -0.430583 -0.100338 -0.417823 -0.0975965 
3.488 -0.212464 0.0762772 -0.205745 0.073618 -0.200069 0.0717883 -0.19423 0.0691258 -0.188642 0.0667789 -0.204763 0.0837829 -0.198176 0.081174 
4.102 -0.196713 -0.163416 -0.191801 -0.159745 -0.187619 -0.155989 -0.18318 -0.153045 -0.178802 -0.150125 -0.188682 -0.15604 -0.183729 -0.152584 
4.352 -0.133023 -0.204506 -0.129803 -0.200127 -0.127203 -0.195777 -0.124306 -0.192187 -0.121344 -0.188584 -0.124918 -0.197078 -0.121771 -0.193055 
4.273 -0.14672 -0.138762 -0.143147 -0.135845 -0.140147 -0.132794 -0.136902 -0.130485 -0.13365 -0.128155 -0.138651 -0.131482 -0.135065 -0.128789 
4.402 -0.117956 -0.142186 -0.115147 -0.139459 -0.112832 -0.136439 -0.110241 -0.134207 -0.107663 -0.131846 -0.109954 -0.134975 -0.107176 -0.13235 
4.52 -0.0980962 -0.255184 -0.0957583 -0.249938 -0.0938684 -0.244524 -0.0917221 -0.240081 -0.089535 -0.235585 -0.089934 -0.248035 -0.0875851 -0.242779 
3.783 0.1731 -0.0784961 0.168698 -0.0769197 0.164374 -0.0750134 0.160501 -0.0738439 0.157017 -0.0724603 0.182184 -0.0716313 0.177995 -0.070244 
3.691 -0.326147 -0.08329 -0.317065 -0.0814463 -0.309234 -0.0792302 -0.301208 -0.0778868 -0.293534 -0.076587 -0.317823 -0.075874 -0.309038 -0.0741227 
3.445 -0.430242 -0.192864 -0.417478 -0.18758 -0.406448 -0.182307 -0.3953 -0.17804 -0.384533 -0.173963 -0.421775 -0.185091 -0.409491 -0.180093 
4.18 -0.176168 -0.264772 -0.171707 -0.258691 -0.167855 -0.252623 -0.163819 -0.247544 -0.159842 -0.242577 -0.167944 -0.257154 -0.163526 -0.251448 
4.004 -0.098781 -0.0106972 -0.096243 -0.010796 -0.0938287 -0.0104295 -0.0917427 -0.0108295 -0.0892166 -0.0110101 -0.0913695 -0.00347423 -0.0884479 -0.0036112 
3.82 -0.283002 -0.0668539 -0.275381 -0.0653712 -0.269266 -0.0636256 -0.261826 -0.0626488 -0.254842 -0.0616456 -0.274292 -0.0594315 -0.266819 -0.0580937 
4.363 -0.119326 -0.0942474 -0.116401 -0.0925068 -0.113952 -0.0904158 -0.111267 -0.0891328 -0.10862 -0.0877883 -0.111379 -0.0870527 -0.108425 -0.0854166 
4.473 -0.0967265 -0.087399 -0.0943203 -0.0858288 -0.0924778 -0.0838476 -0.0903195 -0.0828226 -0.0881148 -0.0814831 -0.0887151 -0.0802669 -0.0863226 -0.0787778 
4.398 -0.120696 -0.222312 -0.117901 -0.217591 -0.115476 -0.212767 -0.112869 -0.208853 -0.110212 -0.204955 -0.112537 -0.214904 -0.109707 -0.210468 
4.023 -0.187125 -0.000424599 -0.182286 -0.000785619 -0.178056 -0.000656292 -0.173837 -0.00131797 -0.169687 -0.00173638 -0.179095 0.00687245 -0.174392 0.00643887 
4.504 -0.0905629 -0.113423 -0.0883974 -0.111284 -0.0867668 -0.10884 -0.0847904 -0.107304 -0.0827952 -0.105619 -0.0825864 -0.106309 -0.0804006 -0.10435 
3.9 -0.252869 -0.102465 -0.246199 -0.100175 -0.240431 -0.0976987 -0.234491 -0.096025 -0.228711 -0.0943934 -0.244686 -0.0950385 -0.238151 -0.093018 
2.445 -0.252185 0.140652 -0.243925 0.135826 -0.236869 0.131987 -0.229464 0.127434 -0.22277 0.123346 -0.244843 0.14843 -0.236654 0.143648 
4.645 -0.0686481 -0.242172 -0.0670051 -0.237273 -0.0657906 -0.232302 -0.0643008 -0.22823 -0.0627262 -0.22426 -0.0605476 -0.234785 -0.0588954 -0.230145 
3.291 -0.179592 0.110519 -0.173878 0.106951 -0.168962 0.104239 -0.163965 0.100749 -0.159202 0.0976696 -0.171856 0.118224 -0.16622 0.114636 
3.721 -0.237118 0.0762772 -0.229769 0.0737012 -0.223411 0.0719081 -0.216976 0.0693222 -0.210769 0.0669439 -0.229405 0.0837954 -0.222094 0.0811922 
3.818 0.157348 -0.0798658 0.153401 -0.0782461 0.149493 -0.0764107 0.14595 -0.0752456 0.142807 -0.0738795 0.166201 -0.0730814 0.162377 -0.0716037 
3.848 -0.287111 -0.242857 -0.279653 -0.236991 -0.273147 -0.23115 -0.266433 -0.226291 -0.25997 -0.221563 -0.278697 -0.235067 -0.271396 -0.229533 
4.395 -0.117272 -0.12575 -0.114363 -0.123169 -0.112021 -0.120292 -0.109417 -0.118257 -0.106834 -0.116229 -0.109129 -0.118508 -0.106314 -0.116109 
4.66 -0.0672785 -0.172319 -0.0656738 -0.168772 -0.0644665 -0.165305 -0.0629657 -0.162457 -0.0614189 -0.159663 -0.0592804 -0.165142 -0.0575671 -0.161981 
2.289 -0.197398 0.157088 -0.191056 0.152051 -0.185669 0.14794 -0.180194 0.143168 -0.175081 0.138936 -0.189712 0.164926 -0.183533 0.159966 
4.078 -0.196028 -0.0483632 -0.191017 -0.0474535 -0.186798 -0.0462132 -0.182267 -0.0458007 -0.177995 -0.0452276 -0.187991 -0.041022 -0.183115 -0.0402705 
3.461 -0.16521 0.0906588 -0.160187 0.0877251 -0.155975 0.0855928 -0.151497 0.0826568 -0.147413 0.0801202 -0.157351 0.0981376 -0.152269 0.0952589 
4.484 -0.098781 -0.18807 -0.0964553 -0.184182 -0.094593 -0.180185 -0.092481 -0.177086 -0.0902794 -0.173866 -0.090777 -0.180914 -0.0883354 -0.17722 
4.418 -0.106314 -0.0723326 -0.103745 -0.0711573 -0.101671 -0.069547 -0.0992798 -0.0689084 -0.096976 -0.0679446 -0.0982247 -0.0651234 -0.0956715 -0.0640329 
3.623 -0.35491 -0.0887687 -0.344608 -0.0866709 -0.335754 -0.0842048 -0.326611 -0.0826901 -0.31797 -0.0810517 -0.34639 -0.0811895 -0.336479 -0.0792351 
4.273 0.0977674 0.0201205 0.0956533 0.0192667 0.0934638 0.0189297 0.0915999 0.0178766 0.0899101 0.0171046 0.106257 0.0273393 0.104367 0.0264123 
4.539 -0.0905629 -0.208615 -0.088456 -0.204408 -0.0867749 -0.200161 -0.0848427 -0.196906 -0.082797 -0.193265 -0.0825051 -0.201432 -0.0803621 -0.19762 
4.059 -0.196713 0.0701137 -0.19053 0.067693 -0.185437 0.0660951 -0.180071 0.0636414 -0.175068 0.0615521 -0.188716 0.0775366 -0.18273 0.0751477 
3.998 -0.229585 -0.16684 -0.223827 -0.162984 -0.219044 -0.15905 -0.213542 -0.155931 -0.208778 -0.152922 -0.221959 -0.159466 -0.216122 -0.155777 
3.758 -0.31245 -0.177113 -0.303753 -0.172719 -0.296173 -0.168242 -0.28842 -0.164736 -0.281013 -0.161285 -0.304187 -0.169512 -0.295654 -0.16536 
4.586 -0.0631694 -0.0654842 -0.0614639 -0.0643058 -0.0602824 -0.0629478 -0.058787 -0.0622172 -0.0572892 -0.0613812 -0.0550909 -0.0584596 -0.0534397 -0.0574684 
4.441 -0.110423 -0.212724 -0.107881 -0.208225 -0.105692 -0.20376 -0.103304 -0.20012 -0.100908 -0.19643 -0.10236 -0.205329 -0.0997376 -0.201242 
3.828 -0.281633 -0.122326 -0.27398 -0.119406 -0.267393 -0.116355 -0.260577 -0.114113 -0.25402 -0.111928 -0.273324 -0.114806 -0.265931 -0.112128 
4.031 -0.115217 -0.011382 -0.112195 -0.0115004 -0.109232 -0.0111461 -0.106351 -0.0115402 -0.103621 -0.0117431 -0.107867 -0.00415739 -0.104466 -0.00430022 
3.943 -0.0672785 0.0132722 -0.065347 0.0127175 -0.0639188 0.0124161 -0.0622366 0.0115112 -0.0605041 0.0106229 -0.0593308 0.0206984 -0.0573945 0.0197463 
3.475 -0.406958 -0.0867141 -0.394994 -0.0845597 -0.384395 -0.0821498 -0.373767 -0.0806315 -0.363661 -0.0791406 -0.398544 -0.0791332 -0.386718 -0.0771155 
4.227 -0.161101 -0.260663 -0.156975 -0.254793 -0.153627 -0.249028 -0.14994 -0.244088 -0.146314 -0.239249 -0.152819 -0.253151 -0.148886 -0.247593 
3.746 -0.322038 -0.227106 -0.313241 -0.221458 -0.305566 -0.215841 -0.297704 -0.211167 -0.29015 -0.206691 -0.313637 -0.219419 -0.305077 -0.214086 
4.523 -0.0823449 -0.0737022 -0.0804373 -0.0724976 -0.0789365 -0.071094 -0.0771447 -0.0703918 -0.0753324 -0.0694003 -0.0743139 -0.0665174 -0.0723026 -0.0654489 
4.289 -0.148774 -0.227791 -0.145102 -0.222738 -0.14214 -0.217721 -0.138829 -0.213606 -0.135553 -0.209543 -0.140634 -0.22035 -0.13709 -0.215639 
2.609 -0.155623 0.131064 -0.15104 0.127192 -0.14717 0.124116 -0.143077 0.12032 -0.139261 0.116915 -0.147909 0.138884 -0.143394 0.134989 
4.043 -0.213834 -0.0867141 -0.208312 -0.0849101 -0.203558 -0.0828168 -0.198554 -0.0815435 -0.19375 -0.0802002 -0.205752 -0.0793502 -0.20034 -0.0776901 
3.855 -0.278893 -0.291481 -0.271513 -0.284282 -0.265163 -0.277267 -0.258398 -0.271249 -0.252084 -0.265407 -0.270399 -0.283603 -0.263122 -0.276829 
3.852 -0.268621 -0.0935625 -0.261412 -0.0914759 -0.255194 -0.0890863 -0.24883 -0.0876153 -0.242714 -0.0860613 -0.260394 -0.0861648 -0.253316 -0.0842141 
