1.188 -0.401479 0.346103 -0.372002 0.321231 -0.347334 0.30061 -0.325006 0.281279 -0.305413 0.264466 -0.396619 0.35677 -0.367046 0.331745 
4.613 0.00599918 -0.0428845 0.00606673 -0.0421492 0.00582044 -0.0412779 0.00591533 -0.0410017 0.00606769 -0.0406182 0.0141112 -0.0356812 0.0142818 -0.0353025 
1.362 -0.4186 0.172154 -0.388655 0.159849 -0.363523 0.150011 -0.340655 0.140221 -0.320533 0.131781 -0.333478 0.150331 -0.322409 0.14525 
3.588 -0.382304 -0.374346 -0.371666 -0.364348 -0.362229 -0.354814 -0.352683 -0.346373 -0.343509 -0.338367 -0.373317 -0.365905 -0.362908 -0.356371 
4.629 0.0101082 -0.0572661 0.0100553 -0.0563506 0.00978827 -0.0550314 0.00977264 -0.0545578 0.00983906 -0.0537546 0.0182753 -0.0501489 0.018372 -0.0493176 
3.639 -0.363128 -0.369552 -0.353103 -0.359772 -0.344257 -0.350442 -0.335278 -0.342176 -0.326606 -0.334327 -0.354165 -0.361152 -0.344395 -0.351859 
3.588 -0.383673 -0.414751 -0.373063 -0.403749 -0.363613 -0.393187 -0.354113 -0.383843 -0.344941 -0.374884 -0.374594 -0.406185 -0.364214 -0.395617 
3.436 -0.437776 -0.235324 -0.42502 -0.228866 -0.413725 -0.222596 -0.402424 -0.217325 -0.391583 -0.212321 -0.428698 -0.227264 -0.416226 -0.221106 
3.611 -0.359704 -0.0750719 -0.349382 -0.0732338 -0.340315 -0.0712222 -0.331191 -0.0700391 -0.322493 -0.068836 -0.351374 -0.0675015 -0.341318 -0.0658702 
3.68 -0.349432 -0.370237 -0.339895 -0.36055 -0.331522 -0.351356 -0.322994 -0.343167 -0.314756 -0.335415 -0.340538 -0.361885 -0.331258 -0.352654 
3.75 -0.323408 -0.412012 -0.314688 -0.401332 -0.306968 -0.391162 -0.299092 -0.382105 -0.291418 -0.373412 -0.314624 -0.403559 -0.306069 -0.393371 
3.693 -0.343953 -0.401739 -0.33457 -0.39127 -0.32629 -0.381264 -0.317871 -0.37235 -0.309659 -0.363832 -0.335101 -0.393274 -0.325908 -0.383271 
3.588 -0.382989 -0.394891 -0.372353 -0.384369 -0.362887 -0.374289 -0.353366 -0.365358 -0.344171 -0.35684 -0.373978 -0.386393 -0.363547 -0.376299 
3.824 -0.29396 -0.372291 -0.286249 -0.363003 -0.279536 -0.354135 -0.27258 -0.346284 -0.265828 -0.338749 -0.285275 -0.364036 -0.277762 -0.355232 
3.625 -0.368607 -0.403794 -0.358483 -0.393055 -0.349561 -0.382775 -0.340471 -0.373643 -0.331695 -0.364941 -0.359574 -0.395234 -0.349731 -0.384993 
2.117 -0.151513 0.159827 -0.147059 0.155062 -0.143344 0.151219 -0.139354 0.146675 -0.13567 0.142545 -0.143729 0.16765 -0.13932 0.162975 
3.887 -0.274099 -0.345583 -0.26687 -0.337033 -0.260586 -0.328824 -0.254054 -0.321585 -0.247732 -0.314649 -0.265524 -0.337542 -0.258486 -0.329434 
3.691 -0.343953 -0.420915 -0.334594 -0.409891 -0.326343 -0.399432 -0.317909 -0.390084 -0.309756 -0.381159 -0.335046 -0.412364 -0.325897 -0.401849 
3.736 -0.329571 -0.382564 -0.320737 -0.372763 -0.312969 -0.363388 -0.305061 -0.355112 -0.297323 -0.347186 -0.320756 -0.374206 -0.312152 -0.364921 
4.586 -0.0556362 -0.036721 -0.0541506 -0.036269 -0.0531049 -0.0354196 -0.0517736 -0.0353015 -0.0504273 -0.0350458 -0.0476231 -0.029585 -0.0460881 -0.0292179 
3.615 -0.365183 -0.155198 -0.354759 -0.151213 -0.34565 -0.147178 -0.336431 -0.144016 -0.32765 -0.141023 -0.356659 -0.147474 -0.346523 -0.143761 
3.793 -0.309026 -0.374346 -0.300808 -0.364856 -0.293547 -0.355739 -0.286133 -0.347725 -0.27894 -0.340012 -0.300297 -0.366054 -0.292224 -0.357002 
3.652 -0.359019 -0.383249 -0.348995 -0.373027 -0.340203 -0.363313 -0.331268 -0.354687 -0.322635 -0.346502 -0.350052 -0.374812 -0.340338 -0.365097 
4.027 -0.219997 -0.0586358 -0.214276 -0.0574811 -0.209401 -0.0560535 -0.204321 -0.0553538 -0.19941 -0.0545684 -0.211887 -0.0513056 -0.206338 -0.0502812 
1.269 -0.383673 0.320764 -0.355893 0.298032 -0.332625 0.279146 -0.311519 0.261432 -0.292904 0.245856 -0.378611 0.33107 -0.350749 0.308203 
4.152 -0.182331 -0.190809 -0.177745 -0.1865 -0.173881 -0.182213 -0.169749 -0.17871 -0.165727 -0.1753 -0.174118 -0.183332 -0.169643 -0.179323 
4.52 0.0669497 0.00231475 0.0656797 0.00190433 0.0641891 0.00193722 0.0630852 0.00125677 0.0621178 0.00091728 0.0753887 0.00943457 0.0742521 0.00896467 
4.746 -0.0111218 -0.044939 -0.0107581 -0.0442324 -0.0105969 -0.0433238 -0.010221 -0.0430446 -0.00974695 -0.0426108 -0.00310368 -0.0377738 -0.00256472 -0.0373025 
3.693 -0.344638 -0.383934 -0.335221 -0.373902 -0.326932 -0.364344 -0.318496 -0.35585 -0.310325 -0.347791 -0.335772 -0.375545 -0.326599 -0.365977 
3.738 -0.324777 -0.357225 -0.316049 -0.348039 -0.308374 -0.339258 -0.300506 -0.331515 -0.29289 -0.324096 -0.316061 -0.348997 -0.307509 -0.340268 
3.398 -0.455581 -0.238748 -0.442153 -0.232192 -0.430254 -0.225788 -0.418333 -0.220449 -0.40696 -0.215327 -0.446564 -0.230772 -0.433481 -0.224467 
3.828 -0.29396 -0.353801 -0.28625 -0.344934 -0.279496 -0.336465 -0.272581 -0.32897 -0.265837 -0.32183 -0.285325 -0.345616 -0.277779 -0.337214 
3.85 -0.287111 -0.418176 -0.279496 -0.407641 -0.272896 -0.397573 -0.266038 -0.388603 -0.259309 -0.380012 -0.278463 -0.409814 -0.271041 -0.399801 
3.797 -0.308341 -0.355171 -0.300126 -0.346173 -0.292946 -0.337569 -0.285532 -0.329958 -0.278391 -0.322674 -0.299642 -0.346972 -0.291608 -0.338425 
3.885 -0.275469 -0.401739 -0.26824 -0.391778 -0.261925 -0.382215 -0.255379 -0.373731 -0.249001 -0.365593 -0.266824 -0.39343 -0.259743 -0.383956 
3.127 -0.185755 0.124216 -0.179932 0.120135 -0.175016 0.116919 -0.16989 0.112982 -0.165085 0.109428 -0.178004 0.131915 -0.172259 0.127841 
3.775 -0.309711 -0.412697 -0.301466 -0.402185 -0.294232 -0.392189 -0.286786 -0.383267 -0.279574 -0.374706 -0.300879 -0.404206 -0.292859 -0.394233 
3.604 -0.361074 -0.101096 -0.350734 -0.0986369 -0.341686 -0.0959109 -0.332516 -0.0940331 -0.323795 -0.0923114 -0.352706 -0.0935993 -0.34262 -0.0912388 
3.885 -0.275469 -0.383249 -0.268266 -0.373754 -0.261987 -0.364646 -0.25546 -0.356582 -0.249086 -0.348869 -0.266856 -0.37499 -0.259803 -0.365957 
3.734 -0.325462 -0.396261 -0.31667 -0.386061 -0.308918 -0.376308 -0.301042 -0.367641 -0.293338 -0.359338 -0.316639 -0.387851 -0.308069 -0.378134 
3.838 -0.290536 -0.385988 -0.282873 -0.376301 -0.276197 -0.367051 -0.26931 -0.358838 -0.262589 -0.350972 -0.281893 -0.377738 -0.274411 -0.368522 
3.438 -0.435036 -0.205876 -0.422225 -0.200264 -0.410854 -0.194701 -0.39951 -0.190168 -0.3887 -0.185859 -0.426259 -0.198042 -0.413752 -0.192715 
3.795 -0.309026 -0.392837 -0.300774 -0.382858 -0.293569 -0.373286 -0.286169 -0.36482 -0.278936 -0.35668 -0.300271 -0.384493 -0.292225 -0.374979 
3.887 -0.276839 -0.367498 -0.269567 -0.358422 -0.263323 -0.349808 -0.256774 -0.342131 -0.250429 -0.334818 -0.268166 -0.359327 -0.261172 -0.350765 
3.688 -0.330941 -0.130544 -0.321875 -0.127341 -0.313985 -0.123985 -0.305889 -0.121526 -0.298187 -0.119122 -0.322585 -0.122998 -0.31377 -0.120018 
4.051 -0.0433091 -0.0100123 -0.0420342 -0.0101873 -0.0412308 -0.00990641 -0.0401308 -0.0103945 -0.0390109 -0.0106732 -0.0351952 -0.00290304 -0.0339391 -0.00312198 
3.582 -0.379564 -0.199712 -0.368846 -0.194503 -0.359388 -0.189382 -0.34988 -0.18523 -0.340783 -0.181198 -0.370944 -0.191983 -0.360453 -0.187077 
3.539 -0.401479 -0.238063 -0.389959 -0.23163 -0.379801 -0.225305 -0.369583 -0.220023 -0.359829 -0.214982 -0.39261 -0.230163 -0.381421 -0.224022 
3.473 -0.417231 -0.197658 -0.405237 -0.192356 -0.394649 -0.187129 -0.384018 -0.182865 -0.373897 -0.178795 -0.408469 -0.189887 -0.396748 -0.184868 
4.246 -0.0426243 -0.0264484 -0.0415091 -0.0261665 -0.0407512 -0.0255663 -0.0397109 -0.0256565 -0.0386803 -0.0255611 -0.0345311 -0.0193096 -0.0333553 -0.0191516 
3.967 -0.0597452 0.0454595 -0.0581087 0.0439053 -0.0568886 0.0429665 -0.0553868 0.0412564 -0.0539092 0.0398819 -0.0518125 0.052816 -0.0500727 0.0512739 
3.617 -0.369977 -0.223682 -0.359521 -0.217885 -0.350494 -0.212234 -0.341271 -0.207498 -0.332481 -0.203013 -0.361273 -0.215862 -0.35113 -0.210374 
4.352 0.0422956 0.0146418 0.0416692 0.0139838 0.0406712 0.013743 0.0401165 0.0128145 0.0395056 0.0121748 0.0506841 0.021859 0.0500038 0.021072 
4.102 -0.026873 -0.0100123 -0.026073 -0.0101741 -0.025571 -0.00992229 -0.0247433 -0.0103705 -0.023906 -0.0106455 -0.0188737 -0.00293401 -0.0179495 -0.00312993 
4.605 -0.0412546 -0.0415149 -0.0401301 -0.0409532 -0.0393969 -0.0399998 -0.0383296 -0.0398121 -0.0372707 -0.0392881 -0.0331959 -0.0344354 -0.032 -0.0338779 
3.824 -0.294645 -0.403794 -0.286915 -0.393614 -0.280199 -0.383888 -0.273269 -0.375224 -0.266511 -0.366906 -0.285937 -0.395439 -0.278429 -0.385756 
3.777 -0.161101 0.0194357 -0.156762 0.0185509 -0.153068 0.0182209 -0.149097 0.0172241 -0.145273 0.0164652 -0.153152 0.0268873 -0.148896 0.0259177 
3.875 -0.26999 -0.181222 -0.26273 -0.176862 -0.256476 -0.172485 -0.249957 -0.169012 -0.243689 -0.165584 -0.261613 -0.173637 -0.254567 -0.169578 
4.824 -0.0213943 -0.100411 -0.0207035 -0.0984044 -0.0203386 -0.0962291 -0.0197251 -0.0947394 -0.0189783 -0.0931498 -0.0133667 -0.0933815 -0.0125668 -0.0915794 
4.262 0.0162717 0.0427202 0.0160701 0.0413221 0.0155465 0.0404111 0.0153077 0.0389116 0.0151845 0.0376454 0.0245758 0.0500274 0.0244441 0.0486304 
3.955 -0.244651 -0.174373 -0.238239 -0.170308 -0.232813 -0.166218 -0.227043 -0.162901 -0.221548 -0.159726 -0.236338 -0.166872 -0.23015 -0.163043 
3.484 -0.4186 -0.229845 -0.406534 -0.223678 -0.395858 -0.217646 -0.385145 -0.212595 -0.374906 -0.207798 -0.409777 -0.22186 -0.398007 -0.216066 
3.207 -0.256978 0.111889 -0.249057 0.10813 -0.242178 0.105229 -0.235254 0.101586 -0.228652 0.098304 -0.249348 0.11947 -0.241545 0.115731 
3.871 -0.277524 -0.213409 -0.270174 -0.208181 -0.263916 -0.202997 -0.257272 -0.198696 -0.250965 -0.194587 -0.269155 -0.205816 -0.262002 -0.200848 
4.863 -0.00427339 -0.101096 -0.00403033 -0.0991052 -0.00404203 -0.0969217 -0.00382033 -0.0954386 -0.00351569 -0.0938557 0.00367167 -0.0941213 0.00407311 -0.0923027 
3.344 -0.476127 -0.233954 -0.461862 -0.227344 -0.449162 -0.220898 -0.436575 -0.215512 -0.424546 -0.21038 -0.467045 -0.225942 -0.453122 -0.219593 
3.709 -0.335735 -0.370237 -0.326588 -0.360643 -0.318524 -0.351458 -0.31034 -0.343371 -0.302423 -0.335656 -0.326904 -0.361913 -0.317939 -0.35278 
4.676 -0.0446788 -0.0757567 -0.0435375 -0.0743321 -0.0427041 -0.0726352 -0.0416419 -0.0716635 -0.040557 -0.0705127 -0.0366376 -0.0687182 -0.0353676 -0.0674275 
4.215 -0.026873 -0.0285029 -0.0261144 -0.0281993 -0.0256836 -0.0275201 -0.0249902 -0.0275681 -0.0242292 -0.0274489 -0.0188182 -0.0213361 -0.0179683 -0.021179 
3.754 -0.317929 -0.213409 -0.309301 -0.208049 -0.301748 -0.202773 -0.294047 -0.198447 -0.286656 -0.194247 -0.309475 -0.205693 -0.301072 -0.200677 
3.561 -0.298754 0.10504 -0.289611 0.101628 -0.281676 0.0990016 -0.273632 0.0956397 -0.26609 0.0925599 -0.290995 0.11265 -0.282074 0.109265 
3.648 -0.35491 -0.192864 -0.34498 -0.187882 -0.336346 -0.182963 -0.327641 -0.178967 -0.319169 -0.175165 -0.346525 -0.185147 -0.336965 -0.180488 
4.156 -0.183701 -0.204506 -0.179052 -0.199904 -0.175179 -0.195284 -0.171029 -0.191514 -0.166974 -0.187809 -0.175449 -0.197006 -0.17097 -0.192704 
3.686 -0.340529 -0.216833 -0.331306 -0.211338 -0.323309 -0.20594 -0.314882 -0.201389 -0.307051 -0.197098 -0.33221 -0.209102 -0.323194 -0.203901 
3.697 -0.332995 -0.154513 -0.323818 -0.150677 -0.315914 -0.146825 -0.307816 -0.143867 -0.300025 -0.140974 -0.324634 -0.146908 -0.315717 -0.143314 
3.648 -0.35765 -0.415436 -0.347768 -0.404521 -0.339022 -0.394112 -0.33013 -0.384817 -0.321568 -0.375967 -0.348697 -0.406903 -0.339037 -0.396484 
3.27 -0.196713 0.112574 -0.190576 0.108842 -0.185337 0.105975 -0.179961 0.102344 -0.174931 0.0991535 -0.188943 0.120218 -0.182926 0.116533 
3.523 -0.402164 -0.224367 -0.390688 -0.218344 -0.380563 -0.212503 -0.37033 -0.207616 -0.360589 -0.202937 -0.393345 -0.216374 -0.382129 -0.21073 
4.238 -0.00358855 -0.0196001 -0.00332129 -0.0194747 -0.00332191 -0.0190528 -0.00307229 -0.0192342 -0.00276544 -0.0192331 0.00452613 -0.0124888 0.00487048 -0.0124848 
4.812 0.00942337 -0.0976716 0.00935043 -0.0957112 0.00911422 -0.0935864 0.00905181 -0.0922354 0.00911012 -0.0907115 0.0175452 -0.0906141 0.017627 -0.0889002 
3.242 -0.16795 0.122161 -0.162769 0.118222 -0.15839 0.115075 -0.153797 0.111285 -0.149532 0.10784 -0.160254 0.129872 -0.155113 0.125936 
3.916 -0.259718 -0.203137 -0.252922 -0.198264 -0.246922 -0.193422 -0.240876 -0.18947 -0.234897 -0.185637 -0.251397 -0.195483 -0.244844 -0.190971 
3.863 -0.282317 -0.229845 -0.274903 -0.224319 -0.268446 -0.218888 -0.261753 -0.214293 -0.25529 -0.209913 -0.273947 -0.222166 -0.266657 -0.216912 
2.828 0.374442 -0.0791809 0.362196 -0.0768382 0.350871 -0.0741967 0.340347 -0.0723481 0.330693 -0.0702971 0.385131 -0.0727327 0.373216 -0.0704794 
4.734 -0.0378304 -0.0969867 -0.0367629 -0.0950026 -0.0360944 -0.0928946 -0.0352174 -0.091447 -0.0341848 -0.0898855 -0.029723 -0.0898996 -0.0286704 -0.0881591 
4.086 -0.202876 -0.150404 -0.197732 -0.147059 -0.193446 -0.143627 -0.188814 -0.140987 -0.184354 -0.13836 -0.194668 -0.143021 -0.189676 -0.139892 
4.301 0.0333927 0.0447747 0.0326852 0.0432316 0.031779 0.0422798 0.0311647 0.0405817 0.0306821 0.039265 0.0417211 0.0520375 0.0411969 0.0504873 
2.371 -0.140556 0.130379 -0.136531 0.1265 -0.133163 0.123413 -0.129644 0.119616 -0.126233 0.116166 -0.132716 0.138154 -0.128718 0.134283 
4.172 -0.132338 -0.0106972 -0.128811 -0.0108178 -0.125841 -0.0104474 -0.122688 -0.0108769 -0.119622 -0.0111134 -0.124472 -0.00346791 -0.120957 -0.00360046 
3.879 -0.283002 -0.323668 -0.275579 -0.315645 -0.269125 -0.307823 -0.262512 -0.301075 -0.255998 -0.294569 -0.274429 -0.315723 -0.267224 -0.308015 
3.787 -0.302178 -0.183961 -0.294095 -0.179387 -0.287015 -0.17484 -0.279744 -0.171189 -0.272761 -0.167601 -0.293726 -0.176347 -0.285841 -0.172085 
4.078 -0.206985 -0.197658 -0.201681 -0.19312 -0.197187 -0.188621 -0.19239 -0.184943 -0.18772 -0.181341 -0.198573 -0.190117 -0.193469 -0.185925 
1.841 -0.202876 0.196809 -0.19293 0.187305 -0.184453 0.179423 -0.176229 0.171058 -0.168615 0.163687 -0.195783 0.205558 -0.185861 0.19608 
2.254 -0.175483 0.155718 -0.170113 0.150871 -0.165617 0.14698 -0.160891 0.142537 -0.156545 0.138449 -0.167772 0.163675 -0.162485 0.158892 
4.48 -0.10152 -0.163416 -0.0990653 -0.160061 -0.0971469 -0.156639 -0.0949146 -0.15393 -0.0926269 -0.151187 -0.0934641 -0.15619 -0.0909959 -0.153094 
3.469 -0.41997 -0.174373 -0.407747 -0.169749 -0.397041 -0.165122 -0.38613 -0.161435 -0.375811 -0.157922 -0.411227 -0.166593 -0.399357 -0.162239 
1.802 -0.208355 0.257759 -0.196375 0.243385 -0.18653 0.231349 -0.176618 0.219325 -0.168331 0.208851 -0.201509 0.267028 -0.189578 0.252707 
4.551 0.0299685 -0.00521846 0.0295038 -0.00542583 0.0287649 -0.00526235 0.0283504 -0.00574948 0.0280211 -0.00608015 0.0382453 0.00194466 0.0378804 0.00160254 
4.668 -0.0638543 -0.225736 -0.0623943 -0.221213 -0.0613628 -0.216693 -0.0600108 -0.212996 -0.0585383 -0.209231 -0.0558063 -0.21846 -0.0543155 -0.214283 
3.803 -0.299438 -0.219573 -0.291558 -0.214165 -0.284647 -0.208819 -0.277476 -0.204361 -0.270602 -0.200094 -0.291201 -0.211972 -0.283384 -0.206834 
4.426 -0.10152 -0.0524723 -0.0990393 -0.0515439 -0.0970241 -0.0503273 -0.094786 -0.0498956 -0.0924605 -0.0493558 -0.0935529 -0.0453189 -0.0910341 -0.0446082 
3.922 -0.256294 -0.181907 -0.249619 -0.177627 -0.243735 -0.173341 -0.23785 -0.169908 -0.231909 -0.166514 -0.248011 -0.17439 -0.24151 -0.170409 
4.039 -0.217258 -0.153828 -0.211603 -0.150337 -0.206787 -0.146799 -0.20173 -0.144084 -0.196761 -0.141378 -0.209015 -0.146411 -0.203468 -0.143187 
4.699 -0.0590604 -0.273675 -0.0576827 -0.268235 -0.0566808 -0.262775 -0.0553812 -0.25817 -0.0539877 -0.253575 -0.0509411 -0.266429 -0.0494979 -0.261251 
4.637 -0.0556362 -0.0531571 -0.0541967 -0.0522688 -0.0531737 -0.0510487 -0.0518435 -0.050638 -0.0505169 -0.0499924 -0.047622 -0.0460682 -0.0461435 -0.0453056 
4.016 -0.23164 -0.202452 -0.225578 -0.197758 -0.220454 -0.193126 -0.215068 -0.189345 -0.209895 -0.18565 -0.223045 -0.19479 -0.217397 -0.190465 
4.473 -0.100836 -0.138077 -0.0983981 -0.135387 -0.0965643 -0.132526 -0.0943025 -0.130296 -0.0921126 -0.128026 -0.0928088 -0.130909 -0.0903493 -0.128381 
3.832 -0.298069 -0.317504 -0.290064 -0.309491 -0.283007 -0.301632 -0.275813 -0.294905 -0.268843 -0.288403 -0.289503 -0.309544 -0.281684 -0.30187 
3.162 -0.274099 0.115998 -0.265525 0.11217 -0.258099 0.109226 -0.250566 0.105535 -0.243508 0.102212 -0.266022 0.123454 -0.257542 0.119662 
3.869 -0.269306 -0.153828 -0.262153 -0.150122 -0.255981 -0.146277 -0.249554 -0.14334 -0.243377 -0.140471 -0.261001 -0.146325 -0.254058 -0.142911 
3.777 -0.294645 -0.0949322 -0.28649 -0.0927199 -0.279428 -0.0902562 -0.272162 -0.0886277 -0.265211 -0.0870501 -0.286386 -0.0875159 -0.278469 -0.0854311 
2.197 -0.267936 0.18996 -0.258792 0.183413 -0.250919 0.178023 -0.243022 0.171933 -0.235663 0.166425 -0.26046 0.197942 -0.251496 0.19151 
4.324 -0.0748117 -0.0148062 -0.0729942 -0.01487 -0.0715611 -0.0144988 -0.0698285 -0.0148375 -0.0681492 -0.0149995 -0.0669125 -0.00763688 -0.0650191 -0.00774046 
3.707 -0.320668 -0.070278 -0.311759 -0.0687897 -0.303901 -0.0669499 -0.295939 -0.0659503 -0.288283 -0.0649762 -0.312482 -0.0628423 -0.303691 -0.0614722 
3.475 -0.416546 -0.133283 -0.404317 -0.129802 -0.393566 -0.126221 -0.382795 -0.123573 -0.372513 -0.12104 -0.407906 -0.125608 -0.39601 -0.122391 
4.695 -0.0624846 -0.205876 -0.060994 -0.2018 -0.0599777 -0.1977 -0.0586216 -0.194111 -0.0572288 -0.190848 -0.0543949 -0.198745 -0.0528937 -0.194861 
3.83 -0.288481 -0.186016 -0.280716 -0.181511 -0.274163 -0.17703 -0.267427 -0.173435 -0.260874 -0.169907 -0.280153 -0.178437 -0.272599 -0.174218 
4.699 -0.0357759 -0.0558965 -0.0347802 -0.0551648 -0.0341834 -0.0539454 -0.0333326 -0.0534475 -0.0323544 -0.052809 -0.0276815 -0.0488483 -0.0266809 -0.0480893 
4.648 -0.0686481 -0.256554 -0.0670026 -0.251385 -0.0658076 -0.246151 -0.0642966 -0.241822 -0.0627001 -0.237426 -0.0605416 -0.249223 -0.0588991 -0.244346 
3.664 -0.343953 -0.140816 -0.334419 -0.137293 -0.326094 -0.133704 -0.31765 -0.131012 -0.30953 -0.128384 -0.335541 -0.133219 -0.326241 -0.129949 
4.051 -0.214519 -0.125065 -0.209011 -0.122325 -0.204159 -0.119458 -0.199195 -0.117361 -0.194391 -0.115274 -0.206389 -0.117756 -0.200949 -0.115195 
3.703 -0.282317 0.098192 -0.273825 0.0949768 -0.266215 0.0924719 -0.258621 0.0893274 -0.251467 0.0864436 -0.2747 0.105784 -0.26617 0.102569 
3.145 -0.548719 -0.181222 -0.531369 -0.175887 -0.515901 -0.170562 -0.50061 -0.166259 -0.486199 -0.162261 -0.539521 -0.173309 -0.522538 -0.168179 
4.789 0.00873853 -0.0723326 0.00870873 -0.0711343 0.0084836 -0.069585 0.00848146 -0.0688271 0.00856724 -0.0679087 0.016832 -0.0653065 0.0169394 -0.0642636 
4.277 0.00873853 -0.0264484 0.00872758 -0.0262622 0.00843022 -0.0255661 0.00843143 -0.025705 0.00854216 -0.0256099 0.0168517 -0.0193811 0.0169676 -0.0192321 
3.166 -0.543241 -0.225051 -0.526231 -0.218422 -0.510943 -0.211929 -0.495897 -0.206547 -0.481616 -0.201427 -0.534013 -0.217042 -0.517318 -0.210613 
3.666 -0.338474 -0.107944 -0.329349 -0.105531 -0.321367 -0.102844 -0.313122 -0.100965 -0.305391 -0.0992684 -0.329924 -0.100345 -0.320926 -0.0980234 
4.297 -0.14398 -0.152459 -0.140341 -0.149031 -0.137396 -0.145718 -0.13411 -0.143121 -0.130885 -0.140443 -0.135877 -0.145034 -0.132305 -0.142012 
3.574 -0.380249 -0.151089 -0.369368 -0.147205 -0.359924 -0.143231 -0.350316 -0.140199 -0.341229 -0.137266 -0.371747 -0.143492 -0.361335 -0.139829 
3.51 -0.404219 -0.171634 -0.392477 -0.167125 -0.382497 -0.162601 -0.372158 -0.159017 -0.362311 -0.155596 -0.395536 -0.163888 -0.384277 -0.159655 
3.514 -0.402849 -0.199712 -0.391288 -0.194373 -0.381109 -0.189056 -0.370815 -0.184727 -0.360966 -0.180593 -0.394115 -0.191947 -0.382806 -0.186856 
1.793 -0.202191 0.292001 -0.190499 0.275873 -0.180658 0.262032 -0.171253 0.24887 -0.162817 0.236639 -0.194739 0.301949 -0.183094 0.285847 
3.955 -0.254924 -0.309286 -0.248309 -0.301711 -0.242589 -0.294385 -0.236629 -0.288007 -0.230808 -0.281859 -0.246419 -0.301403 -0.239974 -0.294229 
4.191 -0.178222 -0.286002 -0.173714 -0.279383 -0.169913 -0.272929 -0.165867 -0.267353 -0.161878 -0.261961 -0.169964 -0.278365 -0.165582 -0.272121 
4.281 -0.14535 -0.175743 -0.141703 -0.171933 -0.138725 -0.168079 -0.135402 -0.164903 -0.132156 -0.161825 -0.137262 -0.168433 -0.133624 -0.164797 
3.516 -0.401479 -0.131229 -0.389954 -0.127854 -0.379849 -0.124349 -0.369622 -0.121791 -0.35991 -0.119299 -0.392965 -0.12359 -0.381758 -0.12043 
3.691 -0.339844 -0.192864 -0.33038 -0.187982 -0.322153 -0.183125 -0.313753 -0.179226 -0.305701 -0.175451 -0.331404 -0.185176 -0.322278 -0.180625 
4.598 -0.0830297 -0.25176 -0.0810218 -0.246484 -0.079456 -0.241273 -0.0776322 -0.236953 -0.0757255 -0.232496 -0.0749584 -0.244336 -0.0728929 -0.239506 
4.754 -0.0494727 -0.22916 -0.0482481 -0.224589 -0.0473878 -0.220014 -0.046226 -0.21626 -0.0449292 -0.212452 -0.0413862 -0.221896 -0.0401015 -0.21764 
4.559 -0.0864539 -0.16684 -0.0842725 -0.16347 -0.0826914 -0.160025 -0.0807116 -0.1573 -0.0787702 -0.154596 -0.0784167 -0.159691 -0.0762629 -0.156491 
3.932 0.114204 -0.120271 0.111517 -0.117577 0.10874 -0.114767 0.106425 -0.112599 0.104314 -0.11044 0.122775 -0.113546 0.120239 -0.111034 
4.391 0.0607862 0.0201205 0.0596257 0.0193037 0.058254 0.0190126 0.0571556 0.0179767 0.0562105 0.017148 0.069227 0.0273586 0.0682008 0.0264539 
3.533 -0.389837 -0.0860293 -0.378753 -0.0839035 -0.369046 -0.0815871 -0.359175 -0.0801286 -0.349728 -0.0787264 -0.38163 -0.0784689 -0.370825 -0.0765488 
4.289 0.0155869 -0.00521846 0.0153464 -0.00544869 0.014804 -0.00529441 0.0146338 -0.00582372 0.0144999 -0.00614507 0.023847 0.00195219 0.0237303 0.00163025 
4.406 -0.119326 -0.25176 -0.116452 -0.246371 -0.114164 -0.241016 -0.111596 -0.236459 -0.108981 -0.232075 -0.111244 -0.244385 -0.108405 -0.239304 
3.787 -0.296699 -0.12438 -0.288506 -0.121333 -0.281398 -0.118304 -0.274092 -0.115963 -0.26711 -0.113737 -0.28839 -0.11693 -0.280434 -0.114122 
3.424 -0.437091 -0.166155 -0.424045 -0.161563 -0.412582 -0.156916 -0.401107 -0.15331 -0.390152 -0.149846 -0.428284 -0.158387 -0.415552 -0.154017 
4.098 -0.200137 -0.123011 -0.194954 -0.120357 -0.190686 -0.117534 -0.186026 -0.115529 -0.18166 -0.113487 -0.192007 -0.115704 -0.18692 -0.113208 
3.816 -0.301493 -0.241487 -0.29343 -0.235501 -0.286395 -0.229694 -0.279167 -0.224806 -0.2722 -0.220058 -0.293011 -0.233689 -0.285142 -0.228076 
3.355 -0.476811 -0.25176 -0.462573 -0.244698 -0.449875 -0.237738 -0.437246 -0.231932 -0.425217 -0.2264 -0.467736 -0.243761 -0.453868 -0.236981 
4.062 -0.202876 -0.0606903 -0.197412 -0.0594836 -0.192765 -0.057985 -0.187773 -0.0572377 -0.1831 -0.0564263 -0.194999 -0.0533914 -0.189596 -0.0522932 
2.334 -0.278208 0.172839 -0.268847 0.166941 -0.26067 0.162093 -0.252532 0.156589 -0.24492 0.151527 -0.270731 0.180749 -0.261519 0.1749 
3.184 -0.534338 -0.213409 -0.517555 -0.207075 -0.502574 -0.200795 -0.48777 -0.195662 -0.473668 -0.190699 -0.525182 -0.205378 -0.508722 -0.199306 
4.75 -0.048103 -0.177113 -0.0468964 -0.173615 -0.0460812 -0.169886 -0.0449634 -0.167271 -0.0437612 -0.164465 -0.0400298 -0.169823 -0.0387652 -0.166703 
3.43 -0.423394 -0.0894535 -0.410845 -0.0871976 -0.399905 -0.0847417 -0.388848 -0.0831987 -0.378475 -0.0816929 -0.414881 -0.0818258 -0.402748 -0.0797741 
3.611 -0.35765 -0.0469936 -0.347354 -0.0459333 -0.338394 -0.0446247 -0.329313 -0.044137 -0.320663 -0.0436159 -0.349439 -0.0394592 -0.339443 -0.0386224 
1.804 -0.194658 0.259129 -0.183374 0.244668 -0.173874 0.232165 -0.16482 0.220207 -0.156601 0.20934 -0.187788 0.268614 -0.176483 0.254098 
3.783 -0.296014 -0.0497329 -0.287908 -0.0486454 -0.280844 -0.047327 -0.27364 -0.0467916 -0.266757 -0.0462242 -0.287889 -0.042206 -0.279953 -0.0413584 
4.543 -0.0837146 -0.130544 -0.0817018 -0.127948 -0.080053 -0.125264 -0.0781768 -0.12326 -0.0763 -0.121227 -0.0757176 -0.123452 -0.0736256 -0.121043 
3.57 -0.37751 -0.115477 -0.366718 -0.112505 -0.35723 -0.109437 -0.347629 -0.107141 -0.338626 -0.104976 -0.369123 -0.107963 -0.358594 -0.105176 
3.926 -0.240542 -0.0428845 -0.234269 -0.0420723 -0.228918 -0.0409405 -0.22332 -0.0405985 -0.217968 -0.0401809 -0.232464 -0.035487 -0.226364 -0.034842 
4.73 -0.0549514 -0.259978 -0.0536444 -0.254709 -0.0527067 -0.249457 -0.0514489 -0.245007 -0.0501082 -0.240619 -0.0468476 -0.252644 -0.0454929 -0.247744 
3.951 -0.254924 -0.233954 -0.248306 -0.228309 -0.242684 -0.222887 -0.236777 -0.218259 -0.231037 -0.21384 -0.246534 -0.226307 -0.240102 -0.221017 
4.598 -0.0809752 -0.227106 -0.0790415 -0.222433 -0.0775248 -0.217867 -0.0757014 -0.21412 -0.0738476 -0.210332 -0.0728915 -0.219788 -0.0708956 -0.215429 
4.105 -0.190549 -0.0668539 -0.185762 -0.0656242 -0.181807 -0.0641012 -0.177523 -0.0633027 -0.173443 -0.0624621 -0.182476 -0.0595652 -0.177832 -0.0584662 
4.414 -0.115217 -0.173004 -0.112379 -0.169416 -0.110077 -0.165753 -0.107489 -0.1629 -0.104907 -0.160005 -0.107219 -0.165721 -0.10437 -0.162372 
3.943 -0.244651 -0.109314 -0.23827 -0.106746 -0.232911 -0.10452 -0.227256 -0.102662 -0.221833 -0.101059 -0.236461 -0.101974 -0.230237 -0.099522 
3.617 -0.363813 -0.176428 -0.353467 -0.17186 -0.344294 -0.167242 -0.335113 -0.163554 -0.326336 -0.15997 -0.355263 -0.168812 -0.345144 -0.164444 
4.605 -0.069333 -0.10589 -0.0675773 -0.103867 -0.0661856 -0.101551 -0.0645139 -0.100069 -0.0628491 -0.0984673 -0.0614195 -0.0988279 -0.0595123 -0.096911 
4.336 -0.135762 -0.221627 -0.132502 -0.216741 -0.129773 -0.211904 -0.126752 -0.207923 -0.123799 -0.20399 -0.127718 -0.214254 -0.124398 -0.209691 
3.498 -0.405588 -0.113423 -0.393701 -0.11044 -0.383315 -0.10738 -0.372764 -0.105127 -0.362811 -0.102998 -0.397033 -0.105825 -0.385503 -0.103068 
4.711 0.0402411 -0.0497329 0.0394901 -0.0491113 0.0384587 -0.0480226 0.0377883 -0.0476356 0.0372434 -0.0471779 0.0484743 -0.0427678 0.0478299 -0.0421458 
3.451 -0.424079 -0.160677 -0.411324 -0.156283 -0.400532 -0.151953 -0.389554 -0.148526 -0.379074 -0.145242 -0.415198 -0.152913 -0.403182 -0.148818 
4.645 -0.0631694 -0.126435 -0.0616413 -0.123998 -0.0605293 -0.121395 -0.0590969 -0.11956 -0.0576333 -0.117477 -0.0551855 -0.119345 -0.0535976 -0.117013 
2.477 -0.195343 0.139967 -0.189104 0.135397 -0.183755 0.131605 -0.178317 0.127239 -0.173139 0.123387 -0.187696 0.147921 -0.181464 0.143507 
3.693 -0.326832 -0.0880838 -0.317783 -0.0861522 -0.309971 -0.0838916 -0.301956 -0.0825083 -0.29432 -0.0811191 -0.318489 -0.0807285 -0.309755 -0.0788551 
4.293 -0.136447 -0.0737022 -0.133019 -0.072414 -0.130178 -0.0708609 -0.127115 -0.0701005 -0.124083 -0.0692413 -0.128542 -0.0665753 -0.125082 -0.0654144 
3.521 -0.399425 -0.157252 -0.387885 -0.153066 -0.377969 -0.148902 -0.367745 -0.145622 -0.358145 -0.142506 -0.390887 -0.149566 -0.379771 -0.145683 
3.395 -0.434351 -0.0791809 -0.42134 -0.0771567 -0.409794 -0.0748766 -0.3982 -0.0734822 -0.387271 -0.0721617 -0.425743 -0.0715708 -0.413017 -0.0697179 
4.535 -0.0871387 -0.113423 -0.084982 -0.111293 -0.083372 -0.108852 -0.0813966 -0.10729 -0.0794207 -0.10556 -0.0790838 -0.106322 -0.0769254 -0.104299 
2.566 -0.211094 0.133804 -0.204338 0.129425 -0.198545 0.125955 -0.192653 0.121744 -0.187147 0.117939 -0.203398 0.141529 -0.196783 0.137182 
4.758 -0.0494727 -0.194234 -0.0482437 -0.190337 -0.0473924 -0.186345 -0.0462473 -0.183329 -0.0450071 -0.180071 -0.0413634 -0.186776 -0.0400982 -0.183271 
4.016 -0.225476 -0.109999 -0.219529 -0.107514 -0.214414 -0.104857 -0.209195 -0.103027 -0.203976 -0.101152 -0.217255 -0.102626 -0.211505 -0.100339 
2.449 -0.239173 0.145446 -0.231347 0.140508 -0.224659 0.136608 -0.217905 0.131991 -0.211455 0.127833 -0.231568 0.153179 -0.223885 0.148339 
4.066 -0.202876 -0.0757567 -0.197635 -0.0742529 -0.193278 -0.0724861 -0.188528 -0.0714799 -0.18408 -0.070369 -0.194759 -0.0684449 -0.189692 -0.067087 
4.301 -0.136447 -0.087399 -0.132921 -0.0856038 -0.130063 -0.0836781 -0.127021 -0.0824206 -0.123862 -0.0811142 -0.128428 -0.0801259 -0.12503 -0.0786203 
4.402 -0.120696 -0.237378 -0.117801 -0.232166 -0.115415 -0.226976 -0.112775 -0.222678 -0.110077 -0.218415 -0.112599 -0.229964 -0.109663 -0.225074 
4.27 -0.151513 -0.243542 -0.147716 -0.237987 -0.144572 -0.232556 -0.141113 -0.227975 -0.137669 -0.223438 -0.143372 -0.236089 -0.139593 -0.230864 
3.824 -0.281633 -0.10315 -0.274086 -0.100722 -0.267571 -0.0981711 -0.260817 -0.096409 -0.254338 -0.0947079 -0.273326 -0.0956402 -0.266022 -0.0934468 
3.818 0.148445 -0.125065 0.144715 -0.122186 0.141154 -0.119245 0.137884 -0.117034 0.134967 -0.114568 0.157165 -0.118481 0.153678 -0.115743 
3.527 -0.212464 0.0762772 -0.205735 0.0736068 -0.200055 0.0717698 -0.194184 0.0691103 -0.188596 0.0667369 -0.204706 0.0837523 -0.198128 0.0811682 
4.102 -0.196713 -0.162731 -0.191786 -0.159015 -0.187564 -0.155299 -0.183217 -0.152375 -0.178791 -0.149446 -0.188617 -0.155324 -0.183624 -0.151859 
3.561 -0.37888 -0.0764416 -0.368173 -0.0746021 -0.35876 -0.0725404 -0.349088 -0.0712966 -0.340104 -0.070053 -0.370623 -0.0688835 -0.360231 -0.0672325 
3.646 -0.355595 -0.225051 -0.345828 -0.219229 -0.337085 -0.213469 -0.328122 -0.208622 -0.319639 -0.204052 -0.347152 -0.217311 -0.337536 -0.211767 
4.234 -0.155623 -0.142871 -0.151789 -0.139937 -0.14862 -0.136823 -0.145123 -0.134475 -0.141667 -0.132144 -0.147586 -0.135719 -0.143768 -0.132869 
4.367 -0.12412 -0.109314 -0.121129 -0.107114 -0.118613 -0.104681 -0.115857 -0.102983 -0.113116 -0.101261 -0.116113 -0.102135 -0.113172 -0.100057 
4.336 -0.135762 -0.240118 -0.132468 -0.234831 -0.129713 -0.22952 -0.126668 -0.225028 -0.123661 -0.220644 -0.127611 -0.232709 -0.124354 -0.227629 
4.355 -0.132338 -0.203821 -0.129111 -0.199444 -0.126512 -0.195112 -0.123607 -0.191557 -0.120672 -0.187946 -0.124242 -0.196464 -0.121084 -0.192391 
3.445 -0.430242 -0.192864 -0.417465 -0.187581 -0.406417 -0.182346 -0.395217 -0.178077 -0.384485 -0.173986 -0.421636 -0.1851 -0.409336 -0.180083 
4.406 -0.117956 -0.142186 -0.115165 -0.139355 -0.112828 -0.136377 -0.110221 -0.13413 -0.107657 -0.131778 -0.109947 -0.134962 -0.1072 -0.132285 
4.594 -0.0823449 -0.191494 -0.080348 -0.187514 -0.0788187 -0.183623 -0.0770511 -0.180589 -0.0751277 -0.177348 -0.0743016 -0.184271 -0.0722753 -0.18073 
4.363 -0.119326 -0.0942474 -0.116397 -0.0924973 -0.113972 -0.0904273 -0.111256 -0.0891533 -0.108628 -0.0878092 -0.111348 -0.087046 -0.108436 -0.0854399 
4.566 -0.0741268 -0.0860293 -0.0723398 -0.0845005 -0.0709072 -0.0826871 -0.069182 -0.0815693 -0.0675382 -0.0802526 -0.0662287 -0.0790167 -0.0642828 -0.0775562 
4.164 -0.190549 -0.299014 -0.185734 -0.292153 -0.181739 -0.285572 -0.177481 -0.279887 -0.173237 -0.274484 -0.182228 -0.29122 -0.177584 -0.284876 
4.184 -0.176168 -0.264772 -0.171669 -0.258717 -0.167858 -0.252678 -0.163788 -0.24755 -0.159814 -0.242593 -0.167916 -0.257229 -0.163482 -0.251443 
3.666 -0.337105 -0.0743871 -0.32778 -0.0726259 -0.319453 -0.0707367 -0.311102 -0.0695966 -0.303069 -0.0685311 -0.328945 -0.066798 -0.319698 -0.0653267 
3.889 -0.259718 -0.10589 -0.252816 -0.103496 -0.246884 -0.101095 -0.240733 -0.0993435 -0.234755 -0.0976698 -0.251518 -0.0984237 -0.244854 -0.0963387 
3.814 -0.237118 0.0762772 -0.229795 0.073736 -0.223421 0.0718846 -0.216994 0.0693075 -0.21079 0.0669306 -0.229449 0.0838018 -0.222083 0.0812073 
2.445 -0.252869 0.140652 -0.244547 0.135814 -0.237458 0.131988 -0.230074 0.12746 -0.223304 0.12334 -0.245345 0.148437 -0.237242 0.143711 
4 -0.23027 -0.167525 -0.224321 -0.163647 -0.219578 -0.15973 -0.214254 -0.156645 -0.20913 -0.153604 -0.223043 -0.160194 -0.216914 -0.156492 
4.066 -0.196713 0.0701137 -0.190649 0.0677146 -0.185494 0.0660846 -0.180126 0.0636321 -0.175132 0.0615349 -0.188825 0.0775228 -0.182759 0.075164 
4.398 -0.117272 -0.12575 -0.114329 -0.123092 -0.112022 -0.120345 -0.109386 -0.118277 -0.106847 -0.116278 -0.109149 -0.118479 -0.106327 -0.116133 
4.387 0.0840707 0.0201205 0.0823335 0.0193 0.0803704 0.0190408 0.0789149 0.017971 0.0775525 0.0172386 0.0926817 0.0273234 0.0912658 0.0264379 
3.762 0.192275 -0.0127517 0.187237 -0.0127605 0.182454 -0.0124346 0.178054 -0.0126988 0.174055 -0.0127108 0.201647 -0.00579099 0.197104 -0.00599008 
4.648 -0.0686481 -0.241487 -0.0670094 -0.236633 -0.0657965 -0.231655 -0.0643118 -0.227611 -0.0627555 -0.223623 -0.0605777 -0.234199 -0.0589067 -0.22945 
4.051 -0.187125 -0.00110944 -0.18232 -0.00138677 -0.178222 -0.00129427 -0.173976 -0.00192164 -0.169816 -0.00237386 -0.179189 0.00619121 -0.174522 0.00590459 
3.307 -0.493932 -0.327092 -0.479242 -0.317825 -0.466051 -0.308777 -0.452918 -0.3008 -0.440345 -0.293332 -0.484681 -0.318778 -0.470273 -0.309656 
4.156 0.101876 0.022175 0.0997138 0.0212364 0.0975294 0.0208317 0.0956275 0.0197331 0.0939515 0.0189409 0.110356 0.0293159 0.108451 0.0284102 
3.748 -0.322038 -0.227106 -0.313229 -0.221415 -0.305645 -0.215848 -0.297655 -0.211154 -0.290167 -0.206704 -0.313656 -0.219416 -0.30513 -0.214081 
4.664 -0.0672785 -0.173004 -0.0656742 -0.169458 -0.0644754 -0.166047 -0.0629562 -0.163127 -0.0613982 -0.160346 -0.0592296 -0.165845 -0.0575617 -0.162533 
3.711 -0.323408 -0.109999 -0.314516 -0.10738 -0.306704 -0.104639 -0.29869 -0.102673 -0.291071 -0.10077 -0.315085 -0.102481 -0.30644 -0.100072 
4.586 -0.0631694 -0.0654842 -0.061442 -0.0643337 -0.0602909 -0.0629241 -0.0587959 -0.0622116 -0.0572823 -0.0614127 -0.0551026 -0.0583664 -0.0534329 -0.057319 
4.543 -0.0912478 -0.208615 -0.0891177 -0.204287 -0.0874607 -0.200278 -0.0855054 -0.196847 -0.0834347 -0.193339 -0.0831808 -0.201443 -0.0810473 -0.197662 
4.488 -0.098781 -0.18807 -0.0964109 -0.184115 -0.0945701 -0.180206 -0.0924051 -0.177106 -0.0902662 -0.173848 -0.0907566 -0.180907 -0.0883144 -0.177205 
3.947 -0.0638543 0.0132722 -0.0619792 0.012703 -0.0605209 0.0124051 -0.058842 0.0114927 -0.0570643 0.0106229 -0.0559438 0.0206864 -0.054026 0.0197931 
3.461 -0.16521 0.0906588 -0.1601 0.0877584 -0.156017 0.0855298 -0.151615 0.0827511 -0.147533 0.0801667 -0.157385 0.09818 -0.152402 0.0952991 
3.832 -0.281633 -0.122326 -0.274028 -0.119417 -0.267441 -0.11639 -0.260601 -0.114138 -0.254028 -0.111961 -0.273372 -0.114857 -0.265967 -0.112147 
3.475 -0.406958 -0.0867141 -0.394898 -0.0845445 -0.384464 -0.0821615 -0.373773 -0.0806419 -0.363653 -0.079152 -0.398631 -0.0791396 -0.386854 -0.0771347 
4.047 -0.213834 -0.0860293 -0.208291 -0.0842305 -0.203516 -0.0821828 -0.198523 -0.0809042 -0.193746 -0.0795318 -0.205735 -0.0787214 -0.200325 -0.077008 
3.713 0.208711 -0.112738 0.203236 -0.110074 0.198086 -0.107145 0.193267 -0.104983 0.188947 -0.102671 0.217819 -0.106113 0.212712 -0.10353 
3.816 0.157348 -0.0949322 0.153399 -0.0927554 0.149356 -0.0902842 0.14584 -0.0886456 0.142625 -0.0867993 0.166236 -0.0882828 0.162429 -0.0862269 
3.846 -0.284372 -0.292165 -0.276979 -0.284885 -0.270622 -0.27801 -0.263993 -0.271907 -0.257424 -0.26608 -0.275868 -0.284295 -0.26859 -0.277442 
3.625 -0.35491 -0.0880838 -0.344602 -0.0859323 -0.335819 -0.083655 -0.326708 -0.0819984 -0.317985 -0.0804592 -0.346391 -0.0805674 -0.336451 -0.0786151 
