4.07 -0.181646 -0.032612 -0.206011 -0.0324006 -0.230148 -0.0323495 -0.254752 -0.0325408 -0.279289 -0.0326785 -0.303265 -0.0323504 -0.327389 -0.0319017 
4.098 -0.115902 -0.0196001 -0.139396 -0.0194447 -0.162741 -0.0192507 -0.186514 -0.0194152 -0.210314 -0.0194377 -0.233749 -0.0189739 -0.257501 -0.0185333 
2.889 -0.35765 0.141337 -0.391946 0.141693 -0.4259 0.141976 -0.460246 0.142143 -0.49477 0.142156 -0.528568 0.14252 -0.56224 0.142947 
3.57 -0.340529 -0.0353513 -0.369265 -0.0351564 -0.397766 -0.0350328 -0.426774 -0.0351225 -0.45567 -0.0353009 -0.484007 -0.0349962 -0.512472 -0.0345319 
4.016 -0.178222 0.000260238 -0.202837 0.000162094 -0.227309 5.65091e-05 -0.251539 -0.000166866 -0.276157 -0.000208121 -0.30057 0.000169409 -0.3253 0.00059459 
3.084 -0.247391 0.183112 -0.279508 0.18348 -0.311328 0.183737 -0.343456 0.183787 -0.375332 0.183866 -0.406629 0.184112 -0.438031 0.184673 
4.035 -0.156307 -0.0175455 -0.178371 -0.0172483 -0.200315 -0.0171347 -0.22261 -0.0172197 -0.244915 -0.0172839 -0.266806 -0.016993 -0.288809 -0.0164494 
4.051 -0.182331 -0.015491 -0.206625 -0.0152489 -0.230685 -0.0151451 -0.255338 -0.0152478 -0.279959 -0.015333 -0.303985 -0.0149703 -0.328218 -0.0144598 
3.564 -0.0570059 0.0975072 -0.0797799 0.0977485 -0.10221 0.0979267 -0.125041 0.0978371 -0.147909 0.0978916 -0.170383 0.0984263 -0.192883 0.0989781 
3.277 -0.4186 -0.0531571 -0.449924 -0.0528775 -0.481045 -0.0527234 -0.512687 -0.0527784 -0.544186 -0.0529888 -0.574737 -0.0525826 -0.605325 -0.0521786 
3.916 -0.0843994 0.068744 -0.108796 0.0689905 -0.133033 0.0692272 -0.157615 0.0690606 -0.182243 0.0690561 -0.20653 0.0695231 -0.230807 0.0700207 
4.109 -0.110423 -0.0339816 -0.134141 -0.0336187 -0.157757 -0.0333594 -0.18165 -0.0336266 -0.20574 -0.0336811 -0.229314 -0.0331892 -0.253072 -0.0328717 
3.477 -0.202191 0.18996 -0.232669 0.190382 -0.262952 0.19073 -0.293583 0.190806 -0.324157 0.190903 -0.354062 0.191318 -0.384189 0.191981 
2.943 -0.386413 0.145446 -0.421164 0.145982 -0.455719 0.146342 -0.490722 0.146521 -0.525817 0.146543 -0.559994 0.146924 -0.594155 0.147415 
3.73 -0.143295 0.072853 -0.170366 0.0731591 -0.197032 0.0733883 -0.22417 0.0733841 -0.251451 0.0734356 -0.278312 0.0738728 -0.305189 0.0744367 
4.215 -0.191234 -0.0784961 -0.215935 -0.0783812 -0.240409 -0.0783176 -0.265314 -0.0785236 -0.289783 -0.0786724 -0.313828 -0.0783896 -0.33817 -0.0779196 
3.295 0.42238 -0.00521846 0.393306 -0.00493486 0.36458 -0.00474776 0.335654 -0.00502627 0.306925 -0.00484599 0.27828 -0.00415359 0.249728 -0.00350499 
4.074 -0.133023 -0.0216546 -0.155356 -0.0215087 -0.177475 -0.0214197 -0.199927 -0.0214958 -0.222233 -0.0215242 -0.24438 -0.021172 -0.266581 -0.0206084 
4.434 -0.0556362 0.0269689 -0.0786889 0.0271931 -0.101648 0.0273214 -0.124927 0.0271896 -0.148192 0.0271919 -0.171012 0.0276699 -0.194073 0.0281361 
2.924 -0.374771 0.135858 -0.408644 0.136303 -0.442415 0.136686 -0.476511 0.136865 -0.51078 0.136918 -0.544216 0.137335 -0.577692 0.137815 
3.695 -0.304917 -0.0332968 -0.332578 -0.0330397 -0.35995 -0.0328483 -0.387824 -0.03293 -0.415733 -0.0331406 -0.442925 -0.0327284 -0.470247 -0.0322759 
3.115 -0.239858 0.202287 -0.271059 0.202774 -0.301873 0.203138 -0.333144 0.203282 -0.364544 0.203408 -0.395371 0.203868 -0.426247 0.204439 
3.035 0.454568 -0.0469936 0.420714 -0.0470175 0.387087 -0.0469557 0.353164 -0.0472724 0.319494 -0.0472187 0.285958 -0.0462831 0.252542 -0.0458103 
4.16 -0.12412 -0.0798658 -0.148173 -0.0796607 -0.17219 -0.0795698 -0.196555 -0.0798315 -0.221029 -0.0800454 -0.244919 -0.0796541 -0.26902 -0.0792509 
3.973 -0.0713875 0.0399808 -0.095702 0.0402065 -0.119517 0.0403039 -0.144006 0.0403094 -0.168303 0.0403316 -0.192497 0.0407659 -0.21661 0.0413497 
3.268 -0.432982 -0.184646 -0.464104 -0.18443 -0.494955 -0.184309 -0.526331 -0.1844 -0.557369 -0.184665 -0.587448 -0.184192 -0.617475 -0.183637 
3.584 -0.269306 0.047514 -0.298246 0.0478483 -0.326963 0.0480203 -0.356031 0.0480038 -0.385197 0.0480324 -0.413745 0.0483874 -0.44233 0.0490017 
4.152 -0.139186 -0.0798658 -0.163515 -0.079677 -0.187571 -0.0796118 -0.212149 -0.0798519 -0.236655 -0.0800512 -0.260695 -0.0797088 -0.284801 -0.0792986 
4.199 -0.176852 -0.0805506 -0.200171 -0.0803893 -0.223305 -0.0803626 -0.246927 -0.0806288 -0.270494 -0.0808723 -0.293457 -0.0805233 -0.302533 -0.0797575 
3.482 -0.364498 -0.0442542 -0.393925 -0.0439446 -0.423106 -0.0438289 -0.452787 -0.0438537 -0.482483 -0.0440424 -0.511339 -0.0437516 -0.540335 -0.0433715 
3.211 -0.259033 0.100931 -0.292123 0.101388 -0.325026 0.101722 -0.358274 0.101826 -0.391582 0.101877 -0.424316 0.102368 -0.457231 0.102911 
3.227 -0.452157 -0.227791 -0.483704 -0.227577 -0.514854 -0.227432 -0.546467 -0.227482 -0.577725 -0.227663 -0.607947 -0.227115 -0.638066 -0.226444 
3.223 -0.433667 -0.0531571 -0.465254 -0.0528419 -0.496627 -0.0526764 -0.528549 -0.0527085 -0.560188 -0.0529002 -0.591054 -0.0525544 -0.621766 -0.0521446 
2.949 0.484701 -0.0134365 0.449666 -0.0131885 0.415271 -0.0130444 0.380496 -0.0132902 0.345867 -0.0131072 0.311708 -0.0125245 0.277596 -0.0118453 
4.016 -0.0583756 0.0735379 -0.0810757 0.0737501 -0.103546 0.0738331 -0.126483 0.0736819 -0.149343 0.073634 -0.171871 0.0739885 -0.195312 0.0745867 
2.84 -0.380249 0.159143 -0.415257 0.1596 -0.450016 0.159861 -0.485194 0.16 -0.52047 0.15998 -0.554864 0.160297 -0.589222 0.160667 
3.018 -0.254239 0.1701 -0.287066 0.170512 -0.319961 0.170722 -0.353429 0.170776 -0.387101 0.170798 -0.420195 0.171163 -0.453413 0.171687 
3.957 -0.115217 0.0173812 -0.140271 0.0177016 -0.165153 0.0179632 -0.190637 0.0179009 -0.21595 0.0179493 -0.240995 0.0184482 -0.266192 0.018914 
4.027 -0.153568 0.000260238 -0.177443 0.000490134 -0.201596 0.000541045 -0.225349 0.000382417 -0.249019 0.00026446 -0.272184 0.000635219 -0.295627 0.00120812 
2.787 0.630571 -0.0442542 0.595088 -0.0441367 0.558854 -0.0439821 0.522704 -0.0442708 0.486673 -0.0440856 0.450452 -0.0432195 0.414862 -0.0426653 
3.268 0.450459 -0.125065 0.41681 -0.124846 0.383267 -0.124691 0.349304 -0.124825 0.315701 -0.124721 0.282245 -0.123792 0.24904 -0.123129 
3.963 -0.156992 0.0146418 -0.18257 0.0149304 -0.208009 0.0151287 -0.233821 0.0150739 -0.259557 0.0150335 -0.284767 0.0154343 -0.310049 0.0158684 
3.43 -0.213149 0.179688 -0.243126 0.180038 -0.27293 0.180203 -0.302941 0.180227 -0.332991 0.18026 -0.362532 0.180627 -0.392225 0.18121 
3.74 -0.29396 0.0146418 -0.321401 0.0149323 -0.348608 0.0150752 -0.376288 0.0150639 -0.403901 0.0150002 -0.430946 0.0152944 -0.458193 0.0158185 
3.16 -0.45969 -0.12438 -0.491977 -0.124133 -0.523884 -0.12398 -0.556313 -0.124002 -0.588417 -0.12421 -0.619541 -0.123796 -0.650552 -0.123225 
3.65 0.372387 -0.0778113 0.339808 -0.0774422 0.307575 -0.0770955 0.275124 -0.0772413 0.242831 -0.076954 0.211038 -0.0761138 0.179359 -0.075244 
3.375 -0.406273 -0.177113 -0.436453 -0.176895 -0.466332 -0.176784 -0.496854 -0.17692 -0.527115 -0.177183 -0.556428 -0.17677 -0.585881 -0.176228 
3.488 -0.371346 -0.170264 -0.40047 -0.170064 -0.429289 -0.169972 -0.458752 -0.170125 -0.488028 -0.170446 -0.516602 -0.170055 -0.545161 -0.169638 
3.322 -0.419285 -0.187385 -0.44983 -0.187177 -0.480208 -0.187033 -0.511204 -0.187174 -0.541814 -0.187416 -0.571584 -0.18702 -0.601244 -0.186447 
3.473 -0.367922 -0.0764416 -0.397276 -0.0761652 -0.426393 -0.0759988 -0.45604 -0.0760306 -0.48561 -0.0762028 -0.514407 -0.075876 -0.543294 -0.0754662 
3.684 -0.157677 0.0742227 -0.185393 0.0745462 -0.212936 0.0747554 -0.240702 0.0747805 -0.268551 0.0747937 -0.295871 0.0752786 -0.323356 0.0758335 
3.215 -0.448048 -0.185331 -0.479562 -0.185106 -0.510742 -0.184995 -0.542509 -0.185079 -0.57385 -0.185269 -0.604209 -0.184708 -0.634517 -0.184114 
3.451 0.386084 -0.032612 0.353102 -0.0323755 0.32051 -0.0321513 0.287757 -0.0323338 0.255128 -0.0321153 0.222757 -0.0313555 0.190349 -0.0306813 
2.865 -0.348747 0.152294 -0.383035 0.152751 -0.417038 0.15307 -0.45152 0.15319 -0.486183 0.153198 -0.520222 0.153528 -0.554251 0.153982 
3.457 -0.37614 -0.133968 -0.405354 -0.133576 -0.43435 -0.133332 -0.4641 -0.133412 -0.493633 -0.133577 -0.522364 -0.133232 -0.551188 -0.132756 
4.039 -0.139186 0.00573894 -0.164519 0.00595755 -0.189514 0.00608938 -0.214948 0.00588323 -0.240259 0.00576185 -0.265115 0.00612621 -0.29009 0.00658796 
3.115 0.299795 -0.0784961 0.268048 -0.0781525 0.23648 -0.0777799 0.204655 -0.0779017 0.173271 -0.0776021 0.141657 -0.076804 0.1085 -0.075942 
3.777 -0.275469 0.0173812 -0.303744 0.0176191 -0.331767 0.0177617 -0.360224 0.0177058 -0.38877 0.017594 -0.416668 0.0179401 -0.444743 0.0183812 
2.961 -0.269306 0.152294 -0.3033 0.152762 -0.337022 0.152991 -0.371224 0.153107 -0.405562 0.153148 -0.439315 0.153609 -0.473083 0.154135 
3.182 -0.463115 -0.188755 -0.495171 -0.18852 -0.526843 -0.188365 -0.558983 -0.188364 -0.590789 -0.188519 -0.621438 -0.187982 -0.65209 -0.187286 
3.295 -0.431612 -0.222312 -0.462499 -0.222121 -0.493006 -0.222004 -0.524118 -0.222085 -0.554683 -0.222265 -0.584489 -0.221796 -0.61419 -0.221188 
3.684 -0.311081 -0.0463087 -0.338793 -0.0460865 -0.366244 -0.0459254 -0.39419 -0.0459919 -0.42212 -0.0461363 -0.449343 -0.045813 -0.476745 -0.0453697 
4.168 -0.110423 -0.0757567 -0.134177 -0.0755167 -0.157933 -0.0754603 -0.182222 -0.0757501 -0.206578 -0.0759737 -0.230358 -0.0755062 -0.254398 -0.0751435 
3.943 -0.183701 0.0132722 -0.209609 0.0134813 -0.235079 0.013497 -0.261172 0.0132745 -0.28718 0.0129458 -0.312729 0.0131275 -0.338276 0.0133293 
3.453 -0.383673 -0.179167 -0.413205 -0.178974 -0.442267 -0.178863 -0.472156 -0.179034 -0.501788 -0.179322 -0.53061 -0.178932 -0.559437 -0.178506 
4.242 -0.0960416 0.0160115 -0.119198 0.0162909 -0.142132 0.0165717 -0.165335 0.0165873 -0.188475 0.0167617 -0.211263 0.0173951 -0.234143 0.0179312 
3.641 0.375812 -0.103835 0.343381 -0.10345 0.311298 -0.103136 0.278894 -0.103273 0.246727 -0.103004 0.214872 -0.102136 0.183154 -0.101287 
3.902 -0.239858 0.0153267 -0.268037 0.0156468 -0.296164 0.0158381 -0.324648 0.0158142 -0.353123 0.0157534 -0.381123 0.0161778 -0.40902 0.0166187 
2.977 0.463471 -0.00521846 0.429183 -0.00502167 0.395109 -0.00486275 0.360807 -0.00510782 0.326789 -0.00493431 0.292957 -0.00419572 0.259101 -0.00359473 
4.047 -0.230955 -0.0305575 -0.256079 -0.0303271 -0.280988 -0.030207 -0.306326 -0.0302956 -0.331679 -0.0304289 -0.356399 -0.0301249 -0.381298 -0.0297033 
3.268 -0.226846 0.152979 -0.257839 0.153032 -0.288001 0.153145 -0.318055 0.15316 -0.348252 0.153171 -0.377772 0.153611 -0.407461 0.1542 
3.605 -0.343953 -0.14561 -0.372302 -0.145416 -0.400288 -0.145313 -0.428913 -0.145466 -0.457388 -0.145766 -0.485156 -0.145402 -0.513042 -0.145005 
2.773 -0.391207 0.187221 -0.426107 0.187846 -0.460678 0.188242 -0.495578 0.188402 -0.530597 0.188426 -0.564665 0.188801 -0.598804 0.189351 
3.662 -0.326832 -0.110683 -0.354752 -0.110468 -0.382551 -0.110357 -0.41079 -0.110488 -0.438932 -0.110733 -0.466352 -0.11039 -0.494003 -0.109973 
4.086 -0.118641 0.00231475 -0.143365 0.0024534 -0.167869 0.00250063 -0.192707 0.00229832 -0.217534 0.00217489 -0.241956 0.00251756 -0.266527 0.00280255 
3.369 -0.402164 -0.162046 -0.432415 -0.161814 -0.462369 -0.161709 -0.49286 -0.161816 -0.523012 -0.162057 -0.552368 -0.161685 -0.581749 -0.161193 
3.25 -0.437091 -0.144925 -0.468353 -0.144648 -0.499379 -0.144529 -0.530883 -0.14455 -0.562168 -0.144751 -0.592461 -0.14425 -0.622733 -0.14374 
3.17 -0.461745 -0.151089 -0.494047 -0.150845 -0.525767 -0.150648 -0.558022 -0.150664 -0.589968 -0.15083 -0.620933 -0.150298 -0.651897 -0.149787 
3.521 0.342939 -0.032612 0.308022 -0.0325029 0.273389 -0.0324617 0.238456 -0.0328081 0.203693 -0.0328175 0.169548 -0.0322687 0.136266 -0.0313118 
4.223 -0.152883 -0.0826051 -0.177079 -0.0824415 -0.201307 -0.0823808 -0.225976 -0.082597 -0.250519 -0.0827919 -0.274531 -0.0824646 -0.298791 -0.082084 
3.691 0.258704 -0.10589 0.230514 -0.105388 0.202577 -0.105116 0.17444 -0.105169 0.146639 -0.104956 0.119084 -0.104172 0.0922519 -0.103444 
3.672 -0.329571 -0.140816 -0.357456 -0.140595 -0.385135 -0.140486 -0.413295 -0.140638 -0.441381 -0.140913 -0.468731 -0.140551 -0.496295 -0.140146 
4.109 -0.00495822 0.0755924 -0.0365662 0.0759613 -0.0682376 0.0761731 -0.100665 0.0760615 -0.132663 0.0762775 -0.164499 0.0768284 -0.190385 0.0775304 
3.275 -0.424079 -0.116162 -0.455321 -0.115988 -0.486368 -0.115966 -0.51791 -0.115933 -0.549169 -0.116076 -0.57953 -0.115687 -0.609887 -0.115045 
3.77 -0.111793 0.172154 -0.14037 0.172497 -0.168971 0.172726 -0.197775 0.172741 -0.226879 0.172834 -0.25528 0.173362 -0.283752 0.17398 
4.02 -0.165895 -0.00727298 -0.188484 -0.00695171 -0.210912 -0.00679279 -0.23383 -0.00687927 -0.256748 -0.00694042 -0.279101 -0.00658985 -0.30154 -0.00609742 
3.385 -0.396685 -0.14835 -0.426884 -0.148134 -0.456744 -0.148016 -0.487132 -0.148113 -0.517272 -0.148331 -0.546599 -0.147982 -0.575989 -0.147524 
3.99 0.0128476 -0.095617 -0.0127273 -0.0953912 -0.0381743 -0.0952314 -0.0639737 -0.0954299 -0.089591 -0.0954826 -0.114775 -0.0951103 -0.140174 -0.0945699 
2.84 -0.365868 0.157773 -0.400526 0.158266 -0.434941 0.1586 -0.469729 0.158751 -0.504719 0.158783 -0.538939 0.159166 -0.573038 0.159632 
3.088 0.310752 -0.0689084 0.278821 -0.0684718 0.246502 -0.0681167 0.212501 -0.0683537 0.178307 -0.0680542 0.144421 -0.0672175 0.110968 -0.0664548 
3.232 -0.426133 0.0119025 -0.464926 0.0122671 -0.503191 0.0125509 -0.542049 0.0126567 -0.580715 0.0125294 -0.618057 0.012932 -0.655627 0.0132355 
3.283 -0.42134 -0.0819203 -0.452623 -0.0816524 -0.483717 -0.0816317 -0.515338 -0.0817383 -0.546736 -0.0820154 -0.577194 -0.0816807 -0.607691 -0.0812863 
3.623 -0.326832 -0.04083 -0.355277 -0.040583 -0.383334 -0.0404347 -0.411991 -0.0405088 -0.440613 -0.0406849 -0.468598 -0.0403687 -0.49674 -0.039918 
3.564 -0.188495 0.159143 -0.217986 0.159513 -0.247114 0.159787 -0.276707 0.159849 -0.306342 0.159904 -0.335528 0.160342 -0.364911 0.160897 
3.195 -0.223421 0.1927 -0.254295 0.193111 -0.284856 0.19349 -0.315764 0.193694 -0.346866 0.193955 -0.377405 0.19444 -0.408119 0.194962 
3.598 -0.341214 -0.114108 -0.369599 -0.113882 -0.397596 -0.113762 -0.42628 -0.11389 -0.454889 -0.114153 -0.482603 -0.113793 -0.510766 -0.113397 
3.904 0.0251746 -0.155883 -0.000642585 -0.155589 -0.0262734 -0.155312 -0.052213 -0.15554 -0.0780408 -0.155664 -0.103381 -0.155236 -0.129027 -0.154787 
3.85 -0.260403 0.0160115 -0.288495 0.0163487 -0.316265 0.0165029 -0.344603 0.0164806 -0.372784 0.0164188 -0.400667 0.016719 -0.42847 0.0172075 
3.701 -0.324093 -0.154513 -0.351716 -0.154319 -0.379183 -0.154224 -0.407068 -0.154345 -0.435044 -0.154662 -0.461988 -0.154261 -0.489433 -0.153921 
3.098 0.312806 -0.0497329 0.280317 -0.0494504 0.248234 -0.049248 0.214372 -0.0494149 0.180051 -0.049211 0.146315 -0.0485004 0.112609 -0.0477775 
3.592 -0.337105 -0.0531571 -0.365785 -0.0528673 -0.394232 -0.0527404 -0.423159 -0.0528317 -0.451988 -0.0530302 -0.480265 -0.0526487 -0.508628 -0.0522706 
3.15 -0.456951 -0.0374058 -0.489557 -0.0370302 -0.521728 -0.036781 -0.554479 -0.0366909 -0.587048 -0.036952 -0.61851 -0.0364771 -0.649935 -0.0360782 
3.617 0.363484 -0.0401452 0.331307 -0.0398102 0.299375 -0.0395345 0.267036 -0.0397073 0.234907 -0.0394831 0.203096 -0.0387303 0.171522 -0.037945 
3.541 -0.359704 -0.138762 -0.388465 -0.138528 -0.416932 -0.138426 -0.446027 -0.138577 -0.474866 -0.138888 -0.503154 -0.138508 -0.531437 -0.138089 
3.291 -0.412437 -0.0237091 -0.443795 -0.0234765 -0.474941 -0.0233434 -0.506566 -0.0234051 -0.538099 -0.0235753 -0.568712 -0.0231915 -0.599457 -0.0228414 
3.555 -0.190549 0.176948 -0.220011 0.17745 -0.249304 0.177799 -0.279013 0.17793 -0.308743 0.178118 -0.337968 0.178617 -0.367443 0.179171 
3.467 -0.371346 -0.109314 -0.400615 -0.109121 -0.429697 -0.109013 -0.459283 -0.10919 -0.488787 -0.109511 -0.517472 -0.109134 -0.546232 -0.108675 
3.549 -0.351486 -0.0969867 -0.380434 -0.0967674 -0.408972 -0.0966549 -0.438132 -0.0967771 -0.467062 -0.0970525 -0.495497 -0.0966991 -0.523909 -0.0963019 
2.877 -0.319299 0.155718 -0.356679 0.156166 -0.393673 0.156492 -0.431339 0.156652 -0.469126 0.156724 -0.505914 0.157067 -0.542534 0.157452 
3.758 0.13064 0.0762772 0.104125 0.0766241 0.0779152 0.0768232 0.0514957 0.076641 0.0250626 0.0767019 -0.000947761 0.0771975 -0.0269087 0.077721 
2.801 -0.407643 0.186536 -0.443527 0.186972 -0.479183 0.187234 -0.515244 0.187327 -0.551299 0.187221 -0.586362 0.187456 -0.621316 0.187775 
3.707 -0.318614 -0.123695 -0.346242 -0.123482 -0.373627 -0.123409 -0.401432 -0.123546 -0.429301 -0.123809 -0.456318 -0.123449 -0.483719 -0.123106 
3.461 -0.364498 -0.0223394 -0.394 -0.0220627 -0.423189 -0.0219549 -0.452941 -0.0220347 -0.482667 -0.0222305 -0.511623 -0.0218775 -0.54061 -0.0214852 
3.17 -0.448048 -0.0538419 -0.480399 -0.0535874 -0.512442 -0.0534616 -0.544926 -0.0534727 -0.577123 -0.0536347 -0.608497 -0.0533424 -0.639706 -0.0528593 
2.775 0.633311 -0.0250788 0.599337 -0.0247136 0.563219 -0.0246068 0.526652 -0.0248842 0.4902 -0.0245682 0.453684 -0.023843 0.41737 -0.0229889 
3.66 -0.324093 -0.0675387 -0.352001 -0.0673214 -0.379747 -0.0672242 -0.407892 -0.0673113 -0.43603 -0.067523 -0.463514 -0.0671969 -0.491148 -0.0668142 
4.121 -0.131653 -0.0606903 -0.155494 -0.0604661 -0.179174 -0.060367 -0.20317 -0.0605145 -0.227154 -0.0606531 -0.250924 -0.0603488 -0.27465 -0.0599078 
4.07 -0.148089 -0.0291878 -0.170252 -0.0289739 -0.192286 -0.0288381 -0.214789 -0.028887 -0.237209 -0.028919 -0.259149 -0.0286127 -0.281282 -0.0279734 
3.914 0.0265443 -0.0990412 0.000764584 -0.0988566 -0.024691 -0.0987898 -0.0505556 -0.0989961 -0.0763859 -0.0990295 -0.101894 -0.098645 -0.127335 -0.0981459 
2.783 0.649747 -0.0826051 0.613747 -0.0824037 0.577878 -0.0822736 0.541508 -0.082516 0.505204 -0.0822562 0.468968 -0.0814314 0.432806 -0.080686 
3.35 -0.416546 -0.214094 -0.447127 -0.213919 -0.477282 -0.2138 -0.508012 -0.213927 -0.538224 -0.214132 -0.567811 -0.213698 -0.597339 -0.21315 
4.477 -0.08166 -0.0264484 -0.105092 -0.0262415 -0.128362 -0.026196 -0.152063 -0.0263379 -0.175639 -0.0263995 -0.198975 -0.026086 -0.222352 -0.0255068 
3.26 -0.432982 -0.161361 -0.464136 -0.16101 -0.495045 -0.160787 -0.52649 -0.160798 -0.557652 -0.160945 -0.587875 -0.160441 -0.618057 -0.159844 
3.014 -0.253554 0.155034 -0.28727 0.155372 -0.320737 0.15561 -0.354544 0.155632 -0.388613 0.155613 -0.421978 0.15602 -0.455442 0.156551 
3.629 -0.319984 -0.0271333 -0.347992 -0.0268479 -0.375766 -0.0267018 -0.404037 -0.026751 -0.432349 -0.0268976 -0.459889 -0.0265696 -0.487588 -0.0261254 
3.652 -0.326832 -0.0846596 -0.355063 -0.0844406 -0.382947 -0.084329 -0.411286 -0.0844548 -0.439322 -0.0846804 -0.467051 -0.0843602 -0.494783 -0.0839265 
3.277 0.384714 -0.00932749 0.352601 -0.00902708 0.320633 -0.00883129 0.288529 -0.00912046 0.256555 -0.00893006 0.224877 -0.00822897 0.193336 -0.00766401 
3.814 0.0806465 -0.0511026 0.0540386 -0.0508148 0.0278659 -0.050612 0.00143931 -0.0507623 -0.024957 -0.0507672 -0.0510402 -0.0503103 -0.0771431 -0.0497712 
4.039 -0.0617998 0.0598411 -0.0848018 0.0602724 -0.107444 0.0605356 -0.130456 0.0605247 -0.153435 0.0605937 -0.176017 0.0610568 -0.198616 0.061616 
3.488 0.329243 -0.0469936 0.29443 -0.0466739 0.259896 -0.0463687 0.22516 -0.0465143 0.190776 -0.0462766 0.156809 -0.0455204 0.122932 -0.0447503 
4.023 -0.201507 0.00916313 -0.225942 0.00949271 -0.250217 0.00973126 -0.275 0.00970969 -0.299779 0.00969527 -0.323982 0.0101118 -0.348403 0.010562 
4.008 -0.0789207 0.0228599 -0.10309 0.0231311 -0.126969 0.0233157 -0.151331 0.0231971 -0.175671 0.0231626 -0.199626 0.0236234 -0.223711 0.0240367 
3.48 -0.211779 0.155034 -0.241588 0.155343 -0.271094 0.155617 -0.300917 0.155676 -0.330879 0.155719 -0.360295 0.156129 -0.389825 0.15668 
3.32 -0.41997 -0.173004 -0.450645 -0.172787 -0.480987 -0.172647 -0.51199 -0.172768 -0.542748 -0.172985 -0.572411 -0.172621 -0.602339 -0.172113 
3.023 0.313491 -0.0285029 0.278883 -0.0280485 0.244666 -0.0278022 0.210601 -0.0279985 0.176562 -0.0278079 0.142786 -0.0271994 0.10894 -0.0263776 
3.9 -0.263142 -0.0716477 -0.289566 -0.0714887 -0.315677 -0.0714123 -0.342247 -0.0715541 -0.368769 -0.071736 -0.394634 -0.0714457 -0.420739 -0.0709655 
2.799 0.633995 -0.087399 0.598087 -0.0872478 0.562255 -0.0871452 0.525992 -0.0873245 0.489747 -0.0871349 0.453741 -0.0861833 0.41778 -0.0854345 
3.332 0.36143 -0.00864265 0.329089 -0.00838872 0.297131 -0.00815101 0.2648 -0.00839303 0.232622 -0.00823202 0.200919 -0.00757401 0.169299 -0.00686573 
3.303 0.342254 -0.00932749 0.307048 -0.00908046 0.272047 -0.00885156 0.236933 -0.00908033 0.202092 -0.00886544 0.16753 -0.00815139 0.133275 -0.0073924 
3.381 -0.411067 0.0208054 -0.449703 0.0211557 -0.487862 0.0214186 -0.526732 0.0214767 -0.565571 0.0213315 -0.603144 0.0217465 -0.640549 0.022013 
2.994 0.466895 -0.0264484 0.438676 -0.0259886 0.406598 -0.0256614 0.373075 -0.0259014 0.339521 -0.0255522 0.305945 -0.0248382 0.272719 -0.024066 
3.383 -0.396001 -0.0949322 -0.426214 -0.0947225 -0.456224 -0.0946919 -0.486787 -0.0948139 -0.51726 -0.095102 -0.546885 -0.0945691 -0.576508 -0.094057 
3.883 0.0375017 -0.136022 0.0116547 -0.135751 -0.0137468 -0.135594 -0.0396399 -0.135756 -0.0653114 -0.135794 -0.0912029 -0.135444 -0.11672 -0.1349 
4.422 -0.0261882 0.0461444 -0.049179 0.0464063 -0.0719377 0.0465569 -0.0950729 0.046413 -0.118199 0.0464042 -0.140973 0.046793 -0.163877 0.0473218 
4.434 -0.0419395 0.047514 -0.0643888 0.0476855 -0.0867611 0.0477821 -0.109776 0.0476853 -0.132665 0.0476773 -0.154754 0.0479416 -0.177176 0.0484034 
3.016 -0.248076 0.220778 -0.280451 0.221149 -0.312575 0.221417 -0.345039 0.221398 -0.377828 0.221446 -0.409903 0.221893 -0.442016 0.222537 
3.57 -0.174113 0.175579 -0.203696 0.176049 -0.232837 0.176452 -0.262489 0.176637 -0.292397 0.176893 -0.321599 0.177414 -0.350875 0.17796 
3.258 -0.426818 -0.0250788 -0.458335 -0.0248214 -0.489527 -0.0247116 -0.521266 -0.0247616 -0.552892 -0.024914 -0.583525 -0.0246541 -0.614248 -0.0242265 
3.797 0.117628 -0.0380907 0.090675 -0.0377848 0.0640218 -0.037696 0.0371385 -0.0377114 0.0104056 -0.0375318 -0.0160314 -0.0370193 -0.0424845 -0.0364565 
3.91 -0.261772 -0.0545268 -0.288097 -0.0542812 -0.314157 -0.0541555 -0.340689 -0.0542544 -0.367097 -0.0543781 -0.392975 -0.0540687 -0.419044 -0.0536472 
3.287 0.401835 -0.00932749 0.369503 -0.00910884 0.337344 -0.00891338 0.305015 -0.00918169 0.27291 -0.0089671 0.24103 -0.00825534 0.209255 -0.00758597 
2.98 -0.39874 0.152979 -0.433544 0.153368 -0.468222 0.15368 -0.503244 0.153838 -0.538377 0.153812 -0.572498 0.154111 -0.606685 0.154516 
3.791 0.108725 -0.015491 0.0818275 -0.0152423 0.0550936 -0.0150061 0.0283017 -0.0150358 0.00156132 -0.0148307 -0.02473 -0.0144356 -0.0512652 -0.0138584 
3.236 -0.437091 -0.108629 -0.46857 -0.108316 -0.499819 -0.108141 -0.531557 -0.108214 -0.563058 -0.108392 -0.593642 -0.10801 -0.624215 -0.1075 
3.156 -0.454897 -0.0689084 -0.487224 -0.0686362 -0.519254 -0.068436 -0.551731 -0.0685024 -0.58397 -0.0687342 -0.615236 -0.068439 -0.646445 -0.0679621 
3.383 -0.389152 -0.0332968 -0.419456 -0.0330557 -0.449539 -0.0329147 -0.480106 -0.0329379 -0.510574 -0.033088 -0.540425 -0.0328115 -0.570196 -0.0323612 
3.951 -0.223421 0.013957 -0.250631 0.0142503 -0.277153 0.0144381 -0.304505 0.0143864 -0.33125 0.0143355 -0.358 0.0147692 -0.384811 0.0152488 
4.414 -0.0234488 0.060526 -0.0464829 0.0607189 -0.069235 0.0607298 -0.0923603 0.0604406 -0.115527 0.0603946 -0.138192 0.0606436 -0.161117 0.0610305 
3.547 -0.35765 -0.161361 -0.386587 -0.161181 -0.415138 -0.161079 -0.44412 -0.161243 -0.472981 -0.161531 -0.501106 -0.161149 -0.529346 -0.160723 
3.695 -0.156992 0.0399808 -0.185372 0.0402089 -0.213291 0.0403643 -0.241836 0.0402485 -0.270448 0.0402027 -0.298564 0.0405099 -0.326658 0.0410095 
3.627 0.377181 -0.0456239 0.345014 -0.0453143 0.313105 -0.0450656 0.280967 -0.0453158 0.248974 -0.0451159 0.217406 -0.0445101 0.185912 -0.0436518 
3.641 0.366224 -0.0928777 0.334294 -0.0925323 0.302629 -0.0922104 0.270599 -0.0923789 0.238881 -0.0921115 0.207518 -0.0912692 0.176241 -0.0904145 
2.779 0.651116 -0.0558965 0.614645 -0.0557792 0.579042 -0.0555346 0.542259 -0.0559937 0.506145 -0.0557659 0.469785 -0.0551421 0.433525 -0.0544242 
3.869 -0.278893 -0.146295 -0.30535 -0.146117 -0.331536 -0.146076 -0.358254 -0.146203 -0.384897 -0.146533 -0.410902 -0.146156 -0.437111 -0.145842 
3.623 0.401151 -0.036721 0.36849 -0.0363578 0.336092 -0.0361354 0.303498 -0.0363074 0.271105 -0.0361557 0.23902 -0.0354107 0.207092 -0.0346 
3.34 -0.402849 -0.0805506 -0.433424 -0.0802527 -0.463724 -0.0801379 -0.494508 -0.0801806 -0.525232 -0.08039 -0.555124 -0.0801086 -0.585046 -0.0797081 
3.799 0.102561 0.0119025 0.0757889 0.0121521 0.0492981 0.0123894 0.0224319 0.0121652 -0.00419464 0.0122132 -0.0303578 0.0126845 -0.0569652 0.0132 
3.91 0.0402411 0.0639501 0.0142503 0.0641448 -0.0115232 0.0643901 -0.0374863 0.064294 -0.06341 0.0644091 -0.0890628 0.0646979 -0.114891 0.0652586 
3.166 -0.453527 -0.100411 -0.485956 -0.100191 -0.518163 -0.100091 -0.550631 -0.100138 -0.582781 -0.100317 -0.614141 -0.0999925 -0.645396 -0.0995218 
3.625 -0.185071 0.10778 -0.213934 0.10816 -0.242546 0.108506 -0.27165 0.108599 -0.300918 0.108664 -0.329622 0.109034 -0.358189 0.109689 
3.207 -0.437776 -0.0675387 -0.469419 -0.0672219 -0.500773 -0.0670761 -0.532694 -0.0670833 -0.564416 -0.0672609 -0.595216 -0.0669265 -0.626027 -0.0664918 
3.805 0.0854404 -0.211355 0.0589112 -0.210986 0.0323217 -0.210871 0.00510639 -0.210945 -0.0215581 -0.210886 -0.047534 -0.210322 -0.0738585 -0.209789 
3.791 0.117628 -0.0839748 0.0906644 -0.0836707 0.0639877 -0.0834019 0.0371288 -0.083619 0.0104192 -0.0833497 -0.0159769 -0.0827945 -0.0424418 -0.0822997 
3.701 -0.276154 0.0324476 -0.30484 0.0328256 -0.333347 0.033037 -0.362179 0.0331319 -0.391037 0.0332212 -0.419391 0.0337494 -0.44783 0.0341864 
3.807 0.0854404 -0.0743871 0.0588714 -0.0741041 0.0325599 -0.0739317 0.00594413 -0.0741422 -0.0204756 -0.0740521 -0.046534 -0.073564 -0.0727116 -0.0730292 
3.777 -0.317244 0.0235447 -0.344188 0.0237809 -0.37114 0.0239484 -0.398346 0.023781 -0.425644 0.0235928 -0.452348 0.023876 -0.47933 0.0243305 
3.812 0.118997 0.0338173 0.0920063 0.0340474 0.0653268 0.0340062 0.0384816 0.0339745 0.0116264 0.0341399 -0.0147967 0.0345457 -0.0412823 0.0352836 
3.633 -0.242597 0.0427202 -0.271474 0.0429957 -0.300136 0.0431711 -0.329362 0.0431548 -0.358561 0.0431117 -0.387143 0.0435124 -0.415871 0.0440518 
3.414 -0.383673 -0.0798658 -0.413773 -0.07961 -0.44352 -0.079453 -0.473664 -0.0795011 -0.50378 -0.0796677 -0.533276 -0.0793968 -0.562687 -0.0789724 
3.791 -0.167265 0.0262841 -0.195419 0.0265927 -0.223348 0.0267885 -0.251726 0.0267585 -0.280187 0.0267061 -0.308124 0.0270823 -0.336164 0.0275737 
3.598 -0.126174 0.168045 -0.157128 0.168088 -0.18644 0.168229 -0.214448 0.16839 -0.242686 0.16861 -0.269808 0.169317 -0.297179 0.170183 
4.406 -0.0364608 0.0653198 -0.0596737 0.0656164 -0.0825483 0.0657414 -0.10593 0.0656564 -0.129228 0.0656925 -0.151996 0.066103 -0.175174 0.066694 
3.602 -0.337789 -0.0709629 -0.366377 -0.0705858 -0.394727 -0.0703307 -0.423615 -0.0703561 -0.452427 -0.0703887 -0.48057 -0.0699326 -0.508878 -0.0693386 
2.934 -0.346692 0.132434 -0.380109 0.132922 -0.413321 0.133254 -0.446892 0.133399 -0.480684 0.133454 -0.513682 0.13383 -0.546757 0.13435 
3.107 -0.240542 0.125586 -0.273591 0.125953 -0.306134 0.126201 -0.339156 0.126067 -0.372211 0.126064 -0.404717 0.126533 -0.437329 0.126922 
4.113 -0.160416 -0.0613752 -0.18451 -0.06119 -0.208684 -0.0610955 -0.233256 -0.0612572 -0.257789 -0.0614307 -0.281 -0.0612416 -0.303867 -0.0610729 
3.73 -0.14398 0.114628 -0.170943 0.115006 -0.197875 0.115259 -0.225211 0.115326 -0.252628 0.115413 -0.279256 0.115723 -0.306863 0.116535 
2.918 -0.286427 0.160512 -0.320676 0.160781 -0.354758 0.160984 -0.389435 0.160975 -0.424356 0.160948 -0.458404 0.161333 -0.493508 0.162026 
3.385 -0.402849 -0.205191 -0.432929 -0.205004 -0.462686 -0.204918 -0.493018 -0.205077 -0.523042 -0.205337 -0.552276 -0.204925 -0.581382 -0.20436 
3.639 -0.184386 0.0413505 -0.21315 0.0415223 -0.241737 0.0417294 -0.270743 0.0415775 -0.299804 0.0415707 -0.328387 0.0422484 -0.356944 0.0426251 
3.41 -0.387098 -0.110683 -0.417022 -0.110534 -0.446698 -0.110477 -0.476883 -0.110672 -0.506962 -0.110894 -0.536282 -0.110518 -0.565675 -0.110055 
3.756 -0.232324 0.0269689 -0.26088 0.0272292 -0.289257 0.0274098 -0.318072 0.0273307 -0.346785 0.0272862 -0.37505 0.0276566 -0.403333 0.0281325 
