4.637 0.00599918 -0.0428845 0.00607701 -0.0420902 0.00582772 -0.0412689 0.00591963 -0.0409883 0.00605895 -0.0406049 0.0141097 -0.0356313 0.0142928 -0.0353117 
3.289 -0.265881 0.0995617 -0.257731 0.0965103 -0.250603 0.0940798 -0.243469 0.0909631 -0.236665 0.0881462 -0.258397 0.107136 -0.250337 0.103934 
3.434 -0.437776 -0.235324 -0.425033 -0.228839 -0.413716 -0.222587 -0.402462 -0.217325 -0.391578 -0.212313 -0.428768 -0.227234 -0.416231 -0.221119 
3.611 -0.359704 -0.0757567 -0.349388 -0.0738736 -0.340309 -0.0718277 -0.331187 -0.0705961 -0.322476 -0.0693668 -0.351385 -0.0681368 -0.341297 -0.0665174 
2.465 -0.277524 0.140652 -0.268235 0.136139 -0.260245 0.1324 -0.252221 0.12806 -0.24476 0.124146 -0.269834 0.148494 -0.26068 0.143776 
3.887 -0.274099 -0.345583 -0.266856 -0.336986 -0.260563 -0.328813 -0.25405 -0.321588 -0.247714 -0.314623 -0.265492 -0.337449 -0.258457 -0.329417 
3.955 -0.240542 -0.0634297 -0.234238 -0.0620278 -0.228921 -0.0604644 -0.223335 -0.0595763 -0.217986 -0.0586694 -0.232447 -0.0560567 -0.226319 -0.054883 
4.594 -0.0556362 -0.0387755 -0.054131 -0.0382623 -0.0530901 -0.0374258 -0.051747 -0.0373123 -0.0503921 -0.0370299 -0.0476075 -0.031584 -0.0460744 -0.0312677 
4.121 -0.180962 -0.0572661 -0.176328 -0.0561612 -0.172377 -0.0547925 -0.168163 -0.0541491 -0.164093 -0.0533996 -0.172971 -0.0499206 -0.168365 -0.0490209 
4.023 -0.219997 -0.0586358 -0.214267 -0.0574405 -0.209413 -0.0560211 -0.204307 -0.0553598 -0.199384 -0.0545716 -0.211897 -0.0512632 -0.206333 -0.0502749 
3.604 -0.361074 -0.101096 -0.350737 -0.0986159 -0.34169 -0.095905 -0.33252 -0.0940541 -0.323777 -0.0923189 -0.352711 -0.0935646 -0.342595 -0.0912632 
3.617 -0.365183 -0.155198 -0.354764 -0.151189 -0.345671 -0.147187 -0.336443 -0.144028 -0.327624 -0.140989 -0.356681 -0.147431 -0.346517 -0.143745 
3.766 -0.302863 -0.066169 -0.294661 -0.0646602 -0.287554 -0.0629809 -0.280246 -0.0619634 -0.273279 -0.0610248 -0.294702 -0.0588036 -0.286706 -0.0575186 
3.398 -0.456266 -0.238748 -0.442828 -0.232139 -0.430893 -0.22576 -0.418978 -0.220422 -0.407531 -0.215307 -0.447282 -0.230696 -0.434173 -0.224459 
4.152 -0.182331 -0.190809 -0.17774 -0.186444 -0.17388 -0.182207 -0.16976 -0.178694 -0.165701 -0.175226 -0.174123 -0.183251 -0.169639 -0.17932 
3.438 -0.434351 -0.203821 -0.421542 -0.198169 -0.41017 -0.192642 -0.398864 -0.188108 -0.38804 -0.183808 -0.425553 -0.195915 -0.413073 -0.190619 
3.176 -0.287796 0.117367 -0.278927 0.113714 -0.27122 0.110769 -0.263438 0.107193 -0.256101 0.103881 -0.280104 0.125013 -0.271406 0.121266 
3.539 -0.400794 -0.238063 -0.389282 -0.231587 -0.379123 -0.225318 -0.368929 -0.220035 -0.359114 -0.214986 -0.39195 -0.230114 -0.380719 -0.224037 
3.688 -0.330941 -0.130544 -0.321863 -0.127296 -0.313949 -0.123984 -0.305887 -0.121512 -0.298159 -0.119109 -0.322589 -0.122962 -0.313749 -0.120028 
3.775 -0.161101 0.0194357 -0.156782 0.0185359 -0.153104 0.0181575 -0.149141 0.0171604 -0.145331 0.0163849 -0.153201 0.02688 -0.148889 0.0258929 
4.348 0.0422956 0.0146418 0.0416992 0.0140403 0.0407298 0.0137368 0.0401321 0.0128166 0.0394818 0.0121519 0.0507362 0.0219122 0.0500597 0.021065 
3.582 -0.379564 -0.199712 -0.368841 -0.194477 -0.35938 -0.189347 -0.349877 -0.185207 -0.340753 -0.181162 -0.37093 -0.191901 -0.360436 -0.187065 
1.879 -0.0761813 0.281044 -0.0716537 0.265983 -0.0679093 0.253057 -0.0641314 0.240857 -0.0604012 0.229449 -0.0760022 0.297364 -0.0703574 0.281666 
3.953 -0.244651 -0.174373 -0.238233 -0.170283 -0.232799 -0.166228 -0.227044 -0.162938 -0.22153 -0.159718 -0.236341 -0.166834 -0.230146 -0.163084 
4.039 -0.0433091 -0.0100123 -0.0420341 -0.010137 -0.0412488 -0.00989805 -0.0401518 -0.0103889 -0.0390295 -0.0106604 -0.0352337 -0.00285 -0.0339329 -0.00313469 
3.502 -0.410382 -0.198343 -0.398547 -0.192912 -0.388107 -0.187616 -0.377599 -0.183246 -0.367514 -0.179115 -0.401783 -0.190548 -0.390193 -0.185443 
3.635 -0.35491 -0.133283 -0.344939 -0.129802 -0.336194 -0.126287 -0.327302 -0.123598 -0.318822 -0.121054 -0.346608 -0.125701 -0.336858 -0.122519 
4.156 -0.0433091 -0.0237091 -0.0421946 -0.0234577 -0.0414158 -0.0229166 -0.0403328 -0.0230678 -0.0392629 -0.0229902 -0.0352475 -0.0165529 -0.0340506 -0.0165112 
3.756 -0.317929 -0.213409 -0.309319 -0.208013 -0.301752 -0.202784 -0.293999 -0.198437 -0.286612 -0.194226 -0.30953 -0.205661 -0.301091 -0.200698 
3.615 -0.369977 -0.223682 -0.359549 -0.217835 -0.350513 -0.212237 -0.341304 -0.207487 -0.332449 -0.202985 -0.361261 -0.215793 -0.351099 -0.210365 
3.65 -0.35491 -0.192864 -0.344973 -0.187849 -0.336337 -0.182964 -0.32768 -0.178975 -0.319162 -0.175151 -0.34653 -0.185085 -0.33696 -0.180512 
4.848 -0.0213943 -0.10315 -0.0207184 -0.101094 -0.0203572 -0.0989656 -0.0197533 -0.0974749 -0.0189719 -0.0958713 -0.0133887 -0.0960627 -0.0125661 -0.0943384 
3.873 -0.277524 -0.213409 -0.270202 -0.208147 -0.26388 -0.202989 -0.257326 -0.198705 -0.25099 -0.194575 -0.269182 -0.205765 -0.262028 -0.200857 
3.75 -0.308341 -0.0805506 -0.300007 -0.078707 -0.292729 -0.0765193 -0.285274 -0.0752264 -0.278184 -0.0738988 -0.300147 -0.0731239 -0.292006 -0.0714337 
3.938 -0.242597 -0.0908232 -0.236262 -0.0887539 -0.230873 -0.0865257 -0.225249 -0.085059 -0.219851 -0.0836083 -0.23441 -0.0834662 -0.228233 -0.0816151 
3.859 -0.278208 -0.179167 -0.270882 -0.174795 -0.264528 -0.170489 -0.257951 -0.16699 -0.251586 -0.16361 -0.269818 -0.171552 -0.262693 -0.16756 
3.695 -0.332995 -0.154513 -0.323833 -0.150643 -0.315931 -0.146812 -0.30779 -0.143861 -0.300018 -0.140965 -0.324674 -0.146863 -0.315648 -0.143322 
4.156 -0.183701 -0.204506 -0.179042 -0.199836 -0.17518 -0.195302 -0.171058 -0.191511 -0.16696 -0.187798 -0.175462 -0.196978 -0.17096 -0.192699 
3.484 -0.4186 -0.229845 -0.406574 -0.223619 -0.395876 -0.21765 -0.385197 -0.212608 -0.3749 -0.207771 -0.409836 -0.221829 -0.39805 -0.216088 
3.746 -0.318614 -0.183961 -0.31001 -0.17929 -0.302467 -0.174691 -0.294774 -0.170985 -0.287441 -0.167406 -0.310148 -0.176264 -0.301756 -0.171967 
4.664 -0.0350911 -0.044939 -0.0340854 -0.0442892 -0.0335298 -0.0434008 -0.0326202 -0.0431625 -0.0316735 -0.0426704 -0.0269996 -0.0378508 -0.0259201 -0.0373339 
3.344 -0.476127 -0.233269 -0.461847 -0.226626 -0.449158 -0.220216 -0.436566 -0.214789 -0.424539 -0.209677 -0.467037 -0.225184 -0.453106 -0.218903 
3.342 -0.249445 0.0906588 -0.241767 0.0878375 -0.235196 0.0857065 -0.228457 0.0828322 -0.222133 0.0802412 -0.241722 0.0982576 -0.234164 0.0953236 
3.523 -0.402164 -0.224367 -0.3907 -0.218279 -0.380586 -0.212486 -0.370393 -0.207607 -0.360592 -0.2029 -0.393367 -0.216327 -0.38215 -0.210723 
4.238 -0.00358855 -0.0196001 -0.00329867 -0.0194104 -0.00328697 -0.0190449 -0.00304972 -0.0192129 -0.00276285 -0.0192158 0.00453922 -0.0124432 0.00488097 -0.0124724 
3.863 -0.282317 -0.229845 -0.274925 -0.224263 -0.268464 -0.218889 -0.26177 -0.214254 -0.255282 -0.209918 -0.273951 -0.222047 -0.266613 -0.216843 
3.916 -0.259718 -0.203137 -0.252929 -0.198218 -0.246904 -0.193406 -0.240852 -0.189469 -0.234847 -0.185623 -0.251406 -0.195449 -0.244853 -0.190979 
3.703 -0.332311 -0.186016 -0.323191 -0.18124 -0.315296 -0.176578 -0.307229 -0.17277 -0.299366 -0.169116 -0.323992 -0.178327 -0.315055 -0.173893 
4.316 -0.0261882 -0.0339816 -0.0254035 -0.03356 -0.025021 -0.0328397 -0.0243144 -0.0327873 -0.0235174 -0.0325831 -0.0181371 -0.0268957 -0.0172783 -0.0266964 
3.688 -0.340529 -0.216833 -0.331419 -0.211312 -0.323348 -0.205944 -0.315014 -0.201406 -0.307166 -0.197111 -0.332368 -0.209076 -0.323191 -0.203923 
4.074 -0.206985 -0.197658 -0.201724 -0.193069 -0.197161 -0.1886 -0.192413 -0.184919 -0.187714 -0.181309 -0.198577 -0.190039 -0.193508 -0.185906 
3.879 -0.283002 -0.323668 -0.275586 -0.31562 -0.269141 -0.307847 -0.262507 -0.301122 -0.256002 -0.2946 -0.274434 -0.315662 -0.267224 -0.308052 
3.787 -0.302178 -0.184646 -0.294104 -0.180018 -0.286977 -0.175487 -0.279774 -0.171838 -0.272656 -0.168227 -0.293686 -0.176961 -0.285755 -0.172721 
4.559 0.0299685 -0.00521846 0.0295025 -0.0054094 0.028736 -0.00527305 0.0283275 -0.00573991 0.0280221 -0.00608575 0.0382164 0.00200021 0.0378705 0.00155631 
4.16 -0.131653 -0.0106972 -0.12813 -0.0107593 -0.125109 -0.0104439 -0.121962 -0.0108667 -0.118915 -0.0111133 -0.123695 -0.00342549 -0.120247 -0.00362357 
3.469 -0.41997 -0.174373 -0.407806 -0.169706 -0.396967 -0.165123 -0.386088 -0.161423 -0.375733 -0.157916 -0.411204 -0.166541 -0.3993 -0.16224 
3.922 -0.257663 -0.181907 -0.250994 -0.177544 -0.245049 -0.173287 -0.239145 -0.169843 -0.233151 -0.166411 -0.249306 -0.174287 -0.242824 -0.170348 
4.469 -0.100836 -0.138077 -0.0984104 -0.135348 -0.0965439 -0.132496 -0.0943106 -0.13024 -0.0921071 -0.128003 -0.0928063 -0.130852 -0.0903475 -0.128378 
4.086 -0.202876 -0.150404 -0.197725 -0.147004 -0.193414 -0.143601 -0.188711 -0.140963 -0.184284 -0.13834 -0.194674 -0.14295 -0.189653 -0.139858 
4.48 -0.100836 -0.163416 -0.0984062 -0.160004 -0.0964548 -0.156609 -0.0942324 -0.153943 -0.0919234 -0.151182 -0.0927821 -0.156107 -0.0903188 -0.15309 
4.426 -0.10152 -0.0524723 -0.0990146 -0.051483 -0.0970084 -0.0503111 -0.0947765 -0.0498668 -0.0924298 -0.0493211 -0.0935534 -0.0452329 -0.091003 -0.0446099 
4.641 -0.0549514 -0.0531571 -0.0535431 -0.05222 -0.0525163 -0.0510225 -0.0511957 -0.0506156 -0.0498839 -0.0499694 -0.0469633 -0.0460026 -0.0454753 -0.0453176 
4.035 -0.217258 -0.153828 -0.211557 -0.150303 -0.206756 -0.146809 -0.201698 -0.144075 -0.196799 -0.141385 -0.208961 -0.146353 -0.20339 -0.143185 
4.016 -0.23164 -0.202452 -0.225475 -0.197673 -0.220445 -0.193113 -0.215119 -0.189328 -0.209854 -0.185624 -0.22306 -0.194727 -0.217307 -0.190459 
3.803 -0.299438 -0.219573 -0.291471 -0.214123 -0.284643 -0.208816 -0.277492 -0.204357 -0.27051 -0.200067 -0.291081 -0.211901 -0.283285 -0.206816 
4.73 -0.0549514 -0.226421 -0.0536716 -0.221855 -0.052787 -0.217342 -0.0515636 -0.213625 -0.0502415 -0.209841 -0.0468454 -0.219132 -0.0455353 -0.214945 
3.143 -0.549404 -0.156568 -0.532014 -0.151781 -0.5165 -0.147087 -0.501168 -0.143315 -0.486638 -0.139882 -0.540353 -0.148602 -0.523332 -0.144135 
3.777 -0.294645 -0.0949322 -0.28649 -0.0926687 -0.279438 -0.0902495 -0.272161 -0.0886195 -0.265208 -0.0870364 -0.286398 -0.0874785 -0.278459 -0.0854449 
4.047 -0.214519 -0.125065 -0.209066 -0.122322 -0.204099 -0.119476 -0.199193 -0.11738 -0.194366 -0.115285 -0.206351 -0.117701 -0.200922 -0.115215 
4.297 -0.14398 -0.152459 -0.140331 -0.149081 -0.137385 -0.145769 -0.13411 -0.143208 -0.13088 -0.140482 -0.1359 -0.145068 -0.132315 -0.142068 
4.648 -0.0686481 -0.256554 -0.0669956 -0.25136 -0.0658111 -0.246132 -0.0642761 -0.24181 -0.0626856 -0.237354 -0.0605255 -0.249156 -0.0588546 -0.244289 
3.51 -0.404219 -0.171634 -0.392508 -0.167091 -0.382492 -0.162629 -0.372198 -0.159029 -0.362326 -0.155599 -0.395574 -0.163854 -0.38429 -0.159667 
3.541 -0.394631 -0.198343 -0.383376 -0.193025 -0.3734 -0.187813 -0.363383 -0.183554 -0.353688 -0.179488 -0.386028 -0.190495 -0.375022 -0.185567 
4.188 -0.178222 -0.286002 -0.173734 -0.279357 -0.169921 -0.272943 -0.165877 -0.26734 -0.161857 -0.261954 -0.169987 -0.278351 -0.165595 -0.272163 
3.83 -0.298069 -0.317504 -0.290012 -0.309429 -0.282966 -0.301608 -0.275764 -0.29489 -0.268758 -0.288376 -0.289443 -0.309507 -0.281634 -0.301869 
3.934 -0.148089 -0.00795781 -0.144218 -0.0080272 -0.141019 -0.0077043 -0.137377 -0.00814783 -0.133911 -0.00837359 -0.140016 -0.000607847 -0.136025 -0.000831598 
3.574 -0.380249 -0.151089 -0.369443 -0.147156 -0.359967 -0.143231 -0.350349 -0.140183 -0.341247 -0.137256 -0.371842 -0.143437 -0.361343 -0.139836 
4.559 -0.0864539 -0.16684 -0.0842778 -0.163414 -0.0827159 -0.160013 -0.0806976 -0.157275 -0.0787522 -0.154531 -0.0784051 -0.159585 -0.0762123 -0.156447 
3.764 -0.308341 -0.149034 -0.300059 -0.145325 -0.292912 -0.141637 -0.285549 -0.138805 -0.278495 -0.135988 -0.30002 -0.141386 -0.291994 -0.138101 
4.277 -0.14535 -0.175743 -0.141715 -0.171932 -0.138743 -0.168072 -0.135417 -0.164927 -0.132166 -0.1619 -0.137272 -0.168427 -0.13364 -0.164812 
3.172 -0.543241 -0.225051 -0.526234 -0.218412 -0.510994 -0.211958 -0.495916 -0.206548 -0.481562 -0.201387 -0.53404 -0.217066 -0.517299 -0.210632 
3.516 -0.401479 -0.130544 -0.389986 -0.127139 -0.379754 -0.123687 -0.369543 -0.121128 -0.359753 -0.11865 -0.392963 -0.122868 -0.381716 -0.119764 
4.711 -0.0364608 -0.0634297 -0.035421 -0.062378 -0.034793 -0.0611071 -0.033875 -0.0605925 -0.0328604 -0.0598374 -0.0283847 -0.0562199 -0.0272953 -0.0554459 
4.754 -0.048103 -0.177113 -0.046894 -0.173494 -0.0460898 -0.16995 -0.0449541 -0.167152 -0.0437481 -0.164308 -0.0400194 -0.169686 -0.0387554 -0.166499 
3.533 -0.389837 -0.0860293 -0.378651 -0.0838621 -0.369049 -0.0815897 -0.359117 -0.0801281 -0.349766 -0.0787236 -0.381573 -0.0784264 -0.370698 -0.0765355 
3.959 -0.254924 -0.309286 -0.248261 -0.301643 -0.242567 -0.294373 -0.236611 -0.288017 -0.230764 -0.28184 -0.246395 -0.301366 -0.239937 -0.294236 
4.098 -0.200137 -0.123011 -0.19499 -0.12033 -0.190832 -0.117548 -0.186192 -0.115529 -0.181703 -0.113453 -0.191957 -0.115646 -0.18693 -0.113201 
4.426 -0.117956 -0.25176 -0.115113 -0.246333 -0.112833 -0.240981 -0.110251 -0.236448 -0.107592 -0.232014 -0.109903 -0.244337 -0.10704 -0.2393 
4.598 -0.0830297 -0.25176 -0.081019 -0.246481 -0.0794547 -0.241242 -0.0776231 -0.236951 -0.0757021 -0.232501 -0.0749427 -0.244294 -0.0728991 -0.239523 
3.785 -0.296699 -0.12438 -0.2885 -0.121262 -0.281389 -0.118286 -0.27408 -0.115948 -0.267087 -0.113712 -0.288387 -0.116842 -0.280403 -0.114052 
4.059 -0.202876 -0.0606903 -0.197439 -0.0594536 -0.192761 -0.0579634 -0.187791 -0.0572138 -0.183011 -0.0564162 -0.195007 -0.0533513 -0.189604 -0.0522949 
3.504 -0.212464 0.0762772 -0.205737 0.0736941 -0.200066 0.0717893 -0.194193 0.0691244 -0.188627 0.0667486 -0.20478 0.0838151 -0.198135 0.0811414 
4.543 -0.0837146 -0.130544 -0.0816712 -0.127941 -0.080053 -0.125309 -0.0781845 -0.123289 -0.0762764 -0.121216 -0.0757084 -0.123411 -0.0736051 -0.121044 
3.771 -0.304232 -0.163416 -0.296026 -0.159323 -0.288896 -0.155224 -0.281549 -0.151984 -0.274525 -0.148831 -0.295889 -0.155813 -0.287886 -0.152077 
3.57 -0.37751 -0.115477 -0.366757 -0.112464 -0.357364 -0.109429 -0.347732 -0.107143 -0.338634 -0.104973 -0.369166 -0.107897 -0.358598 -0.105191 
4.285 0.0155869 -0.00521846 0.015363 -0.00540886 0.0148161 -0.00528313 0.0146282 -0.00581945 0.0145326 -0.00613654 0.023831 0.00197877 0.023734 0.00158703 
3.426 -0.437091 -0.166155 -0.424138 -0.161505 -0.412674 -0.156927 -0.401206 -0.153298 -0.390266 -0.149835 -0.428404 -0.158333 -0.415675 -0.153993 
3.352 -0.476127 -0.251075 -0.461902 -0.243963 -0.449194 -0.237041 -0.436635 -0.231181 -0.424598 -0.225656 -0.467074 -0.243001 -0.453207 -0.236281 
2.461 -0.221367 0.142022 -0.214207 0.137477 -0.208004 0.133702 -0.20173 0.129374 -0.195778 0.125363 -0.213957 0.149831 -0.206825 0.145217 
3.188 -0.534338 -0.213409 -0.517547 -0.207035 -0.502546 -0.200727 -0.487778 -0.195585 -0.473653 -0.190619 -0.525169 -0.205301 -0.508701 -0.199283 
3.783 -0.296014 -0.0497329 -0.287903 -0.0486348 -0.28085 -0.0473629 -0.273647 -0.0468327 -0.266737 -0.046229 -0.287886 -0.0421891 -0.279936 -0.0413811 
3.812 -0.302178 -0.240803 -0.294141 -0.234763 -0.287125 -0.229004 -0.279889 -0.224126 -0.272892 -0.219375 -0.29374 -0.232966 -0.285841 -0.227375 
4.59 -0.0761813 -0.114792 -0.0742689 -0.112539 -0.0728724 -0.11016 -0.0712072 -0.108515 -0.0695603 -0.106816 -0.0681817 -0.107563 -0.0662891 -0.105625 
3.953 -0.254239 -0.233269 -0.247627 -0.227673 -0.24198 -0.222258 -0.236074 -0.217576 -0.230317 -0.21321 -0.245808 -0.225594 -0.239409 -0.220381 
3.949 -0.245336 -0.120271 -0.238977 -0.117458 -0.233616 -0.114768 -0.227952 -0.112696 -0.222522 -0.110617 -0.237131 -0.112783 -0.230899 -0.110216 
3.477 -0.409012 -0.0647993 -0.397022 -0.0631026 -0.386392 -0.0611629 -0.375805 -0.0601012 -0.365912 -0.0590499 -0.400576 -0.0572749 -0.388855 -0.0557467 
3.398 -0.4412 -0.120956 -0.428036 -0.117621 -0.416445 -0.114215 -0.40475 -0.111694 -0.393899 -0.109303 -0.432483 -0.113269 -0.419618 -0.110175 
3.982 -0.233009 -0.14698 -0.227054 -0.14354 -0.2219 -0.140064 -0.216576 -0.137419 -0.211208 -0.134784 -0.224522 -0.139451 -0.218604 -0.136339 
4.41 -0.115217 -0.173004 -0.112391 -0.169353 -0.110093 -0.16573 -0.107451 -0.162886 -0.104871 -0.159976 -0.107182 -0.165668 -0.104312 -0.162317 
3.508 -0.39874 -0.100411 -0.387116 -0.097692 -0.377083 -0.094893 -0.366784 -0.0929265 -0.357183 -0.0910304 -0.390321 -0.0928035 -0.379057 -0.0903631 
3.736 -0.311081 -0.112738 -0.302704 -0.109912 -0.295384 -0.107098 -0.287899 -0.105067 -0.280765 -0.103036 -0.302819 -0.10519 -0.294598 -0.102721 
3.66 -0.35491 -0.222997 -0.34528 -0.217276 -0.336554 -0.211673 -0.32767 -0.206968 -0.319189 -0.202474 -0.346638 -0.215203 -0.337001 -0.209853 
3.498 -0.405588 -0.113423 -0.393747 -0.110419 -0.383309 -0.107387 -0.372805 -0.105134 -0.362777 -0.103006 -0.396978 -0.105781 -0.385465 -0.103056 
4.098 -0.196713 -0.162731 -0.19184 -0.159034 -0.187597 -0.155336 -0.183214 -0.152407 -0.178791 -0.149472 -0.188671 -0.15532 -0.18363 -0.151866 
3.52 -0.399425 -0.157252 -0.38795 -0.153041 -0.377854 -0.148901 -0.367672 -0.145618 -0.358075 -0.142499 -0.390923 -0.149523 -0.379686 -0.14566 
4.145 -0.185755 -0.142186 -0.181179 -0.139012 -0.177337 -0.135793 -0.17321 -0.13336 -0.169214 -0.130887 -0.177523 -0.134774 -0.173074 -0.13187 
4.73 -0.0542665 -0.259978 -0.0529424 -0.254663 -0.0520104 -0.249415 -0.0507552 -0.244947 -0.0494037 -0.240591 -0.0461529 -0.252587 -0.0447963 -0.247706 
3.375 -0.439145 -0.0709629 -0.426029 -0.0690657 -0.414304 -0.0669803 -0.402626 -0.0657231 -0.391682 -0.0645223 -0.430594 -0.0633487 -0.417727 -0.0616804 
4.352 -0.133023 -0.220942 -0.12972 -0.216011 -0.127015 -0.211186 -0.123994 -0.20723 -0.12103 -0.203276 -0.124953 -0.213527 -0.121637 -0.209007 
4.23 -0.155623 -0.142871 -0.151779 -0.13989 -0.148638 -0.136797 -0.145125 -0.134453 -0.141677 -0.132131 -0.14758 -0.135621 -0.143769 -0.132844 
4.348 -0.132338 -0.204506 -0.129145 -0.200029 -0.126527 -0.195797 -0.123642 -0.192179 -0.120676 -0.188506 -0.124303 -0.197047 -0.121101 -0.193057 
4.066 -0.202876 -0.0757567 -0.197632 -0.0741961 -0.193287 -0.0724785 -0.18857 -0.0714638 -0.184089 -0.0703773 -0.194808 -0.0684279 -0.189713 -0.0671144 
3.621 -0.363813 -0.176428 -0.353457 -0.171817 -0.344282 -0.167234 -0.335122 -0.163521 -0.326293 -0.15995 -0.355247 -0.168762 -0.345135 -0.164446 
3.572 -0.373401 -0.0675387 -0.362849 -0.0658344 -0.353515 -0.063928 -0.344157 -0.0628447 -0.335319 -0.0617551 -0.365358 -0.0600303 -0.355025 -0.0585331 
3.691 -0.329571 -0.0921929 -0.320456 -0.0899647 -0.312561 -0.0875236 -0.304476 -0.0859311 -0.296736 -0.0843479 -0.321236 -0.084728 -0.312398 -0.0827061 
4.105 -0.190549 -0.0682235 -0.185801 -0.0669546 -0.181843 -0.0654456 -0.177585 -0.0646545 -0.173493 -0.0638131 -0.182489 -0.0609066 -0.177852 -0.0598491 
4.266 -0.151513 -0.243542 -0.147714 -0.238013 -0.144555 -0.232603 -0.141112 -0.228007 -0.137656 -0.223448 -0.143363 -0.236088 -0.139581 -0.230912 
3.451 -0.424079 -0.160677 -0.41165 -0.156291 -0.400645 -0.151979 -0.389752 -0.148537 -0.379263 -0.145265 -0.415329 -0.152907 -0.403193 -0.148815 
3.924 -0.238488 -0.0435694 -0.232231 -0.0426855 -0.226892 -0.0415933 -0.221296 -0.0412468 -0.21592 -0.0408028 -0.230392 -0.036127 -0.224288 -0.0355147 
4.332 -0.135762 -0.240118 -0.132477 -0.234803 -0.129719 -0.229526 -0.126683 -0.225045 -0.123656 -0.220679 -0.12763 -0.232734 -0.12434 -0.227664 
4.078 -0.201507 -0.0997261 -0.196332 -0.0974789 -0.191934 -0.0951827 -0.187444 -0.0935724 -0.183041 -0.0919767 -0.193013 -0.092295 -0.188111 -0.0903484 
4.652 -0.0631694 -0.126435 -0.0616424 -0.123975 -0.0605252 -0.121394 -0.0590818 -0.119531 -0.0576077 -0.117399 -0.0551653 -0.11923 -0.0535882 -0.116985 
4.016 -0.225476 -0.109999 -0.219636 -0.107481 -0.214491 -0.104854 -0.209167 -0.103011 -0.204044 -0.101132 -0.217392 -0.102593 -0.211649 -0.100369 
4.004 -0.098781 -0.0106972 -0.0962818 -0.0107494 -0.0937399 -0.0104426 -0.0916624 -0.0108327 -0.0890774 -0.0110395 -0.0912453 -0.00344718 -0.0882766 -0.00363958 
3.885 -0.266566 -0.14561 -0.259498 -0.142083 -0.253436 -0.138514 -0.247017 -0.135802 -0.240921 -0.133086 -0.258239 -0.138079 -0.251332 -0.134855 
3.822 -0.282317 -0.066169 -0.275232 -0.0646669 -0.269011 -0.0629878 -0.261498 -0.0619816 -0.254321 -0.0609966 -0.273878 -0.0587378 -0.266518 -0.05746 
3.824 -0.282317 -0.10315 -0.274726 -0.100705 -0.268207 -0.0982057 -0.26146 -0.0964681 -0.254984 -0.0947246 -0.273997 -0.095589 -0.266669 -0.0934464 
4.402 -0.120696 -0.237378 -0.117756 -0.232131 -0.115403 -0.227013 -0.11276 -0.222657 -0.110053 -0.218437 -0.112579 -0.229951 -0.10965 -0.225033 
4.758 -0.0494727 -0.194234 -0.0482379 -0.190328 -0.0474012 -0.186418 -0.046246 -0.183338 -0.0450137 -0.18013 -0.0413621 -0.186772 -0.0401038 -0.183471 
4.594 -0.0823449 -0.191494 -0.0803549 -0.187562 -0.0788356 -0.183644 -0.0770357 -0.180608 -0.0751112 -0.17743 -0.0742916 -0.184154 -0.0722665 -0.180797 
4.297 -0.137132 -0.087399 -0.133588 -0.0855636 -0.130696 -0.0836509 -0.127628 -0.0824046 -0.124412 -0.081089 -0.129168 -0.0800756 -0.125745 -0.0785923 
4.07 -0.187125 -0.000424599 -0.182283 -0.000712972 -0.17815 -0.00069759 -0.173871 -0.00129248 -0.169693 -0.00172823 -0.179092 0.00689473 -0.174482 0.00649542 
4.402 -0.117956 -0.142186 -0.115118 -0.139413 -0.112792 -0.136455 -0.110201 -0.134177 -0.10759 -0.131895 -0.109914 -0.134974 -0.107151 -0.132333 
3.904 -0.252869 -0.101781 -0.246219 -0.0994556 -0.240451 -0.0971189 -0.234499 -0.0953883 -0.228753 -0.093776 -0.244744 -0.0943644 -0.238169 -0.0923799 
4.469 -0.108369 -0.219573 -0.105761 -0.214964 -0.103598 -0.210191 -0.101215 -0.206362 -0.0988299 -0.202537 -0.100233 -0.212051 -0.0976478 -0.207709 
4.359 -0.119326 -0.0942474 -0.116402 -0.0924605 -0.113969 -0.0904311 -0.111269 -0.0891417 -0.108595 -0.0877898 -0.111367 -0.087011 -0.108392 -0.0854217 
3.295 -0.180277 0.111204 -0.174518 0.107702 -0.169627 0.104901 -0.164584 0.101425 -0.159801 0.0983606 -0.17255 0.118922 -0.166838 0.115304 
3.451 -0.417231 -0.101781 -0.404891 -0.0989781 -0.394071 -0.0961228 -0.383219 -0.0940677 -0.372941 -0.092121 -0.408748 -0.0941672 -0.396677 -0.0916294 
4.164 -0.190549 -0.299014 -0.185727 -0.292243 -0.181734 -0.285632 -0.177474 -0.279856 -0.173218 -0.274454 -0.18219 -0.291183 -0.17757 -0.285013 
4.18 -0.176168 -0.264772 -0.171672 -0.258608 -0.167848 -0.252686 -0.16375 -0.247505 -0.159822 -0.24259 -0.167926 -0.257072 -0.163524 -0.251438 
3.307 -0.493932 -0.327777 -0.479259 -0.31836 -0.466042 -0.30933 -0.452978 -0.301393 -0.440337 -0.293871 -0.484745 -0.319312 -0.470296 -0.310281 
4.078 -0.196028 -0.0483632 -0.190991 -0.0474213 -0.186786 -0.0462181 -0.182284 -0.0457951 -0.177999 -0.0452444 -0.188083 -0.0409684 -0.183146 -0.0402882 
4.523 -0.0980962 -0.255184 -0.0957305 -0.249755 -0.0938356 -0.24448 -0.0916999 -0.239968 -0.0894861 -0.235471 -0.0899237 -0.247867 -0.0875865 -0.242656 
3.797 -0.237118 0.0762772 -0.229752 0.0737662 -0.223492 0.0719563 -0.216991 0.0693267 -0.210802 0.0669831 -0.229414 0.083841 -0.222147 0.0812308 
4.508 -0.0905629 -0.113423 -0.0883796 -0.111231 -0.0867669 -0.108891 -0.0847648 -0.107333 -0.0827606 -0.105531 -0.082514 -0.106311 -0.0803137 -0.104349 
4.648 -0.069333 -0.241487 -0.0676823 -0.236529 -0.0665153 -0.231628 -0.0649862 -0.227564 -0.0634119 -0.223575 -0.0612405 -0.234105 -0.0595826 -0.229478 
4.59 -0.0631694 -0.0654842 -0.0614505 -0.0642596 -0.0603033 -0.0629364 -0.0588076 -0.0620947 -0.0573115 -0.0614217 -0.0551088 -0.058401 -0.0534166 -0.0574765 
4.543 -0.0912478 -0.208615 -0.0891072 -0.204402 -0.087442 -0.200313 -0.0854769 -0.196899 -0.0834036 -0.193331 -0.0831564 -0.201388 -0.0810112 -0.197558 
4 -0.23027 -0.16684 -0.22442 -0.16293 -0.219525 -0.159035 -0.214122 -0.155929 -0.209073 -0.152894 -0.222896 -0.159436 -0.216788 -0.155793 
4.664 -0.0672785 -0.172319 -0.0656806 -0.168674 -0.0645075 -0.165453 -0.0629995 -0.162612 -0.0614132 -0.159647 -0.0592625 -0.165052 -0.0575707 -0.162093 
4.648 -0.0638543 -0.108629 -0.0622944 -0.106531 -0.0610603 -0.104226 -0.0596196 -0.102687 -0.0579703 -0.101065 -0.0557465 -0.101544 -0.0541926 -0.0996541 
4.02 -0.069333 -0.0106972 -0.067518 -0.0107728 -0.0661024 -0.010457 -0.0643965 -0.0108492 -0.0627526 -0.0110507 -0.0613943 -0.00348718 -0.0595337 -0.00366826 
3.85 -0.287111 -0.243542 -0.27964 -0.237585 -0.273167 -0.231844 -0.266418 -0.226986 -0.259939 -0.222245 -0.278709 -0.235716 -0.271374 -0.230192 
4.488 -0.098781 -0.188755 -0.0964528 -0.184794 -0.0945777 -0.180885 -0.0924738 -0.17776 -0.0902604 -0.17453 -0.0907964 -0.181542 -0.0883048 -0.177882 
3.863 -0.268621 -0.121641 -0.261482 -0.118718 -0.255313 -0.115823 -0.248982 -0.113668 -0.242763 -0.111494 -0.260231 -0.114133 -0.253353 -0.111573 
3.846 -0.284372 -0.292165 -0.276915 -0.284901 -0.270507 -0.277926 -0.2639 -0.271968 -0.25734 -0.266034 -0.275694 -0.284131 -0.268444 -0.277393 
4.211 0.00189015 -0.00521846 0.00223002 -0.00548042 0.0022979 -0.00539945 0.00257261 -0.00597729 0.00289923 -0.0063187 0.00995271 0.00198462 0.0104003 0.00150322 
3.852 -0.269306 -0.0935625 -0.262036 -0.091428 -0.255881 -0.0891023 -0.249357 -0.0876106 -0.243222 -0.0860685 -0.261015 -0.0861323 -0.253948 -0.0842227 
3.746 -0.324093 -0.227791 -0.315285 -0.222061 -0.307604 -0.216498 -0.299682 -0.211798 -0.292085 -0.20731 -0.315729 -0.220067 -0.307159 -0.214739 
3.945 -0.0672785 0.0132722 -0.0653373 0.0127603 -0.0639597 0.012298 -0.062181 0.011395 -0.0605054 0.0105045 -0.0592937 0.0206708 -0.0573695 0.0197491 
4.031 -0.115902 -0.0106972 -0.112616 -0.0107635 -0.109869 -0.0104839 -0.10679 -0.0108798 -0.10395 -0.0111112 -0.108777 -0.00342294 -0.105147 -0.00364105 
4.223 -0.161101 -0.260663 -0.157018 -0.25481 -0.153692 -0.249025 -0.149941 -0.244084 -0.146333 -0.239271 -0.152884 -0.253148 -0.148879 -0.247594 
3.832 -0.282317 -0.122326 -0.274647 -0.119341 -0.268115 -0.116386 -0.261276 -0.114157 -0.254658 -0.11195 -0.274024 -0.114814 -0.266614 -0.112132 
3.516 -0.395316 -0.0689084 -0.383779 -0.0671166 -0.373594 -0.0651232 -0.363409 -0.0639469 -0.353822 -0.0628368 -0.38723 -0.0613731 -0.37593 -0.0598074 
4.043 -0.213834 -0.0860293 -0.208283 -0.0841696 -0.203536 -0.0821569 -0.198526 -0.0808864 -0.193719 -0.0795386 -0.205723 -0.0786773 -0.200303 -0.0770437 
4.059 -0.196713 0.0707985 -0.190561 0.0684427 -0.185414 0.0667583 -0.180003 0.0642991 -0.175027 0.0621881 -0.188736 0.078214 -0.182699 0.0757931 
3.645 -0.345323 -0.121641 -0.335825 -0.11861 -0.327436 -0.115468 -0.31901 -0.113123 -0.310867 -0.110935 -0.337033 -0.11403 -0.327634 -0.111233 
4.117 -0.189864 -0.0839748 -0.184884 -0.0820973 -0.180775 -0.0801307 -0.176422 -0.0789351 -0.17215 -0.0776098 -0.181747 -0.0766076 -0.176935 -0.0750277 
4.652 -0.0604301 -0.0860293 -0.058736 -0.0844014 -0.0575656 -0.0823138 -0.0560738 -0.0813238 -0.0545526 -0.0801679 -0.052357 -0.0787805 -0.0506879 -0.077384 
4.285 -0.148089 -0.227791 -0.144409 -0.22269 -0.141454 -0.217763 -0.138267 -0.213626 -0.134998 -0.209511 -0.139933 -0.220269 -0.136365 -0.215617 
