4.621 0.00599918 -0.0428845 0.00609272 -0.0421077 0.00582717 -0.0412779 0.005942 -0.0409887 0.00607329 -0.0406188 0.0141338 -0.0356618 0.0142974 -0.0352967 
3.668 -0.351486 -0.370922 -0.341876 -0.361157 -0.333457 -0.351982 -0.324854 -0.343782 -0.31651 -0.335987 -0.342643 -0.362558 -0.333284 -0.353343 
3.586 -0.382304 -0.374346 -0.371661 -0.364289 -0.362226 -0.35479 -0.352688 -0.346344 -0.343504 -0.338356 -0.373327 -0.365865 -0.362896 -0.356344 
4.637 0.0101082 -0.0572661 0.0100812 -0.0562987 0.00978777 -0.0550258 0.00976215 -0.0545584 0.009846 -0.0537605 0.0182519 -0.050126 0.0183722 -0.0493216 
3.693 -0.343953 -0.401739 -0.334564 -0.391234 -0.326286 -0.381251 -0.317869 -0.372331 -0.309648 -0.363816 -0.335082 -0.393233 -0.325896 -0.383257 
3.586 -0.383673 -0.414751 -0.373047 -0.403678 -0.363611 -0.39319 -0.3541 -0.383831 -0.344924 -0.374877 -0.374597 -0.406164 -0.364204 -0.395599 
3.748 -0.323408 -0.412012 -0.314673 -0.401296 -0.306967 -0.39115 -0.299081 -0.382097 -0.291408 -0.373412 -0.314617 -0.403538 -0.306048 -0.39335 
3.436 -0.437776 -0.235324 -0.425017 -0.228847 -0.413714 -0.222591 -0.402437 -0.217326 -0.391569 -0.212321 -0.428692 -0.22724 -0.41619 -0.221089 
3.625 -0.368607 -0.403794 -0.3585 -0.393037 -0.349579 -0.382787 -0.340487 -0.373642 -0.331708 -0.364934 -0.35959 -0.39522 -0.349733 -0.384977 
3.887 -0.274099 -0.345583 -0.266879 -0.336998 -0.260584 -0.328811 -0.254057 -0.321595 -0.247736 -0.314649 -0.265533 -0.337512 -0.258493 -0.329419 
3.824 -0.29396 -0.372291 -0.286244 -0.362993 -0.279521 -0.354131 -0.272578 -0.346276 -0.265811 -0.338742 -0.285261 -0.363992 -0.27774 -0.355197 
4.023 -0.219997 -0.0586358 -0.214267 -0.0574463 -0.209403 -0.0560389 -0.204301 -0.0553584 -0.199403 -0.0545684 -0.211894 -0.0512911 -0.206311 -0.0502501 
3.611 -0.359704 -0.0757567 -0.349396 -0.0738387 -0.340325 -0.0718076 -0.33118 -0.0705846 -0.322478 -0.0693512 -0.351377 -0.0680889 -0.341296 -0.0665009 
4.73 -0.0172853 -0.044939 -0.0168639 -0.044188 -0.01664 -0.0433427 -0.0162062 -0.043063 -0.0157085 -0.0425997 -0.00924406 -0.0377539 -0.00867576 -0.0372888 
3.795 -0.309026 -0.374346 -0.300808 -0.364816 -0.293545 -0.355731 -0.286149 -0.347724 -0.278938 -0.340016 -0.300293 -0.36602 -0.292206 -0.356983 
3.719 -0.332311 -0.424339 -0.323395 -0.413383 -0.315562 -0.402988 -0.307564 -0.393744 -0.299769 -0.38486 -0.323337 -0.415667 -0.314612 -0.405229 
3.693 -0.344638 -0.383934 -0.335224 -0.373894 -0.326939 -0.36435 -0.318514 -0.355868 -0.310326 -0.347787 -0.335788 -0.375529 -0.326605 -0.365976 
3.615 -0.365183 -0.155198 -0.354766 -0.151186 -0.345664 -0.147189 -0.33645 -0.143991 -0.327635 -0.141004 -0.356674 -0.147432 -0.346513 -0.143757 
3.625 -0.365868 -0.372976 -0.355798 -0.363078 -0.346933 -0.3537 -0.337942 -0.345386 -0.329238 -0.337487 -0.356885 -0.364508 -0.347072 -0.355112 
3.736 -0.329571 -0.382564 -0.320741 -0.372739 -0.312962 -0.363383 -0.305065 -0.3551 -0.297314 -0.347175 -0.320764 -0.374207 -0.31214 -0.364893 
3.586 -0.382989 -0.394891 -0.37234 -0.384342 -0.362891 -0.374298 -0.353362 -0.365365 -0.344169 -0.356878 -0.373974 -0.386383 -0.36354 -0.376321 
3.604 -0.361074 -0.101096 -0.350738 -0.0985938 -0.341689 -0.0959087 -0.332513 -0.0940616 -0.323778 -0.0923042 -0.3527 -0.093582 -0.342588 -0.0912389 
4.121 -0.180962 -0.0572661 -0.176323 -0.0561613 -0.172374 -0.054781 -0.168162 -0.0541531 -0.1641 -0.0534084 -0.172973 -0.0499313 -0.168356 -0.0489945 
4.586 -0.0556362 -0.036721 -0.054145 -0.0362212 -0.0531023 -0.035396 -0.0517685 -0.0352899 -0.0504273 -0.0350162 -0.0476115 -0.0295465 -0.0460886 -0.0292076 
3.676 -0.346007 -0.423654 -0.33661 -0.412596 -0.328331 -0.402072 -0.31987 -0.392677 -0.311686 -0.383692 -0.337073 -0.415066 -0.327899 -0.404538 
3.84 -0.290536 -0.385988 -0.282881 -0.37628 -0.276202 -0.367055 -0.269306 -0.358827 -0.26258 -0.35096 -0.281896 -0.377723 -0.274417 -0.368522 
3.768 -0.302863 -0.066169 -0.294662 -0.0646605 -0.28756 -0.0629808 -0.280241 -0.0619681 -0.273284 -0.0610217 -0.294709 -0.0588382 -0.286704 -0.057498 
3.826 -0.29396 -0.353801 -0.286246 -0.344909 -0.279491 -0.336455 -0.272579 -0.328961 -0.265829 -0.32182 -0.285327 -0.34561 -0.277774 -0.33721 
3.854 -0.288481 -0.401739 -0.280805 -0.391583 -0.274142 -0.381952 -0.267246 -0.373341 -0.260524 -0.365072 -0.279827 -0.393438 -0.272341 -0.383798 
3.777 -0.309711 -0.412697 -0.301477 -0.402179 -0.294232 -0.392197 -0.286791 -0.383286 -0.27957 -0.374717 -0.300872 -0.404203 -0.292843 -0.394237 
4.52 0.0669497 0.00231475 0.0656797 0.00196368 0.064169 0.0019498 0.0630787 0.00127968 0.0621021 0.000920415 0.0753746 0.00945309 0.0742346 0.00897415 
3.639 -0.363813 -0.389412 -0.353769 -0.379109 -0.34495 -0.369314 -0.33597 -0.360605 -0.327281 -0.352315 -0.354839 -0.380945 -0.34507 -0.37112 
3.797 -0.308341 -0.355171 -0.300136 -0.346131 -0.292945 -0.337563 -0.285525 -0.329951 -0.278382 -0.322663 -0.299644 -0.34694 -0.291587 -0.338393 
3.754 -0.324093 -0.357225 -0.315371 -0.348017 -0.307716 -0.339264 -0.299851 -0.331523 -0.292221 -0.324116 -0.315369 -0.348986 -0.306822 -0.34025 
3.736 -0.325462 -0.396261 -0.31668 -0.386039 -0.308925 -0.376304 -0.301048 -0.367645 -0.29333 -0.359335 -0.31664 -0.387846 -0.308063 -0.378136 
3.436 -0.435036 -0.205876 -0.422219 -0.200224 -0.410849 -0.194679 -0.399499 -0.19013 -0.388685 -0.185832 -0.426247 -0.198003 -0.41373 -0.192675 
4.152 -0.182331 -0.190809 -0.177749 -0.186457 -0.173883 -0.182199 -0.16976 -0.178688 -0.16572 -0.175253 -0.174124 -0.183288 -0.169648 -0.179309 
3.709 -0.337105 -0.370237 -0.327937 -0.36062 -0.319797 -0.351464 -0.311556 -0.343368 -0.303552 -0.335641 -0.328383 -0.361936 -0.319395 -0.352802 
3.887 -0.276839 -0.367498 -0.269577 -0.358385 -0.263324 -0.349795 -0.256777 -0.34211 -0.250431 -0.334801 -0.268169 -0.359308 -0.261153 -0.350737 
3.541 -0.400794 -0.238063 -0.38926 -0.231579 -0.379112 -0.225308 -0.368899 -0.220018 -0.359106 -0.214979 -0.391924 -0.230107 -0.380712 -0.224038 
4.699 -0.052212 -0.100411 -0.0509777 -0.0983886 -0.0501698 -0.0962449 -0.0489655 -0.0947674 -0.0477697 -0.0932225 -0.0442733 -0.0933142 -0.0429108 -0.0915517 
3.885 -0.275469 -0.383249 -0.268259 -0.373745 -0.261991 -0.364653 -0.255458 -0.356592 -0.249077 -0.348872 -0.266867 -0.374993 -0.259796 -0.365954 
3.623 -0.355595 -0.133283 -0.345636 -0.12979 -0.336848 -0.126277 -0.327909 -0.123585 -0.319373 -0.121026 -0.347371 -0.125759 -0.337569 -0.122513 
3.795 -0.307656 -0.390782 -0.299433 -0.380822 -0.292249 -0.371315 -0.284882 -0.36289 -0.277678 -0.354805 -0.298926 -0.382423 -0.290891 -0.372946 
3.688 -0.330941 -0.130544 -0.321868 -0.127289 -0.313981 -0.123986 -0.305891 -0.121518 -0.298164 -0.119111 -0.322612 -0.122985 -0.313758 -0.120017 
4.258 0.0162717 0.0427202 0.0160555 0.0413789 0.0154791 0.0404313 0.0153206 0.0389249 0.0151947 0.0376685 0.0245822 0.050092 0.0244646 0.0486253 
4.141 -0.0261882 -0.0182304 -0.0254118 -0.0180371 -0.0249584 -0.017591 -0.0241662 -0.0178125 -0.023351 -0.0178206 -0.0181695 -0.0110154 -0.0172927 -0.0110083 
4.047 -0.0433091 -0.0100123 -0.0420427 -0.0101473 -0.0412443 -0.00990791 -0.0401604 -0.0104007 -0.0390142 -0.0106694 -0.0352171 -0.002889 -0.0339522 -0.00313444 
4.344 0.0422956 0.0146418 0.0416776 0.0140243 0.0407014 0.0137583 0.0400877 0.0127957 0.0395117 0.0121686 0.0507149 0.0218855 0.0500216 0.0210894 
3.5 -0.410382 -0.198343 -0.398523 -0.192948 -0.388101 -0.187638 -0.377599 -0.18327 -0.367516 -0.179133 -0.401766 -0.190601 -0.390191 -0.185469 
3.582 -0.379564 -0.199712 -0.368827 -0.19449 -0.359407 -0.189369 -0.349866 -0.185206 -0.340767 -0.181177 -0.370934 -0.191913 -0.360431 -0.187057 
3.967 -0.0597452 0.0454595 -0.0581157 0.0439616 -0.0569135 0.0429634 -0.0554028 0.0412386 -0.0539397 0.0398535 -0.051824 0.052814 -0.0500645 0.0512287 
3.951 -0.243967 -0.174373 -0.237559 -0.170284 -0.232135 -0.166219 -0.226371 -0.162941 -0.22088 -0.159733 -0.235636 -0.166841 -0.229449 -0.163048 
3.717 -0.326832 -0.185331 -0.317845 -0.18056 -0.310064 -0.175914 -0.302164 -0.172131 -0.294516 -0.16849 -0.31828 -0.177661 -0.309466 -0.173218 
3.758 -0.319299 -0.215464 -0.310612 -0.210055 -0.303037 -0.204788 -0.295241 -0.200399 -0.287814 -0.196161 -0.31081 -0.207727 -0.302302 -0.202678 
4.656 -0.0350911 -0.044939 -0.0341074 -0.0442998 -0.033529 -0.0433886 -0.0326391 -0.0431934 -0.0316704 -0.0426722 -0.0269969 -0.0378821 -0.025919 -0.0373386 
4.84 -0.0213943 -0.10315 -0.0207208 -0.101096 -0.0203935 -0.098969 -0.0197884 -0.0974777 -0.0190118 -0.0958869 -0.0134044 -0.0961028 -0.0125821 -0.0943235 
4.25 -0.0426243 -0.0264484 -0.0415195 -0.026154 -0.040787 -0.0255817 -0.0397085 -0.0256752 -0.0386807 -0.0255792 -0.0345137 -0.019308 -0.0333571 -0.0191791 
4.672 -0.0453636 -0.0757567 -0.0442046 -0.0742677 -0.0433608 -0.0726189 -0.042296 -0.0716399 -0.0411961 -0.0704991 -0.0373459 -0.068658 -0.0360704 -0.0674122 
3.859 -0.278208 -0.179167 -0.27087 -0.174799 -0.264483 -0.170486 -0.257914 -0.167008 -0.25157 -0.163615 -0.269788 -0.171577 -0.262682 -0.167521 
3.869 -0.277524 -0.213409 -0.270209 -0.208153 -0.263858 -0.202983 -0.257317 -0.198694 -0.250975 -0.194576 -0.269172 -0.20578 -0.262005 -0.200839 
4.812 0.00942337 -0.0976716 0.00936109 -0.0956181 0.00908697 -0.0935596 0.00903907 -0.0922214 0.00908438 -0.0906859 0.0175291 -0.0905435 0.0176145 -0.0888797 
3.936 -0.242597 -0.0908232 -0.236256 -0.0887751 -0.230861 -0.0865242 -0.225248 -0.0850814 -0.219848 -0.0836112 -0.234411 -0.0834692 -0.228239 -0.0815991 
4.156 -0.183701 -0.204506 -0.179069 -0.199857 -0.175183 -0.195282 -0.171043 -0.191516 -0.16698 -0.187788 -0.175456 -0.196955 -0.170967 -0.192659 
3.686 -0.340529 -0.216833 -0.331426 -0.211308 -0.323269 -0.205925 -0.314921 -0.201391 -0.307009 -0.197081 -0.332296 -0.209082 -0.323108 -0.203893 
3.637 -0.355595 -0.192864 -0.345608 -0.187844 -0.336952 -0.182954 -0.328243 -0.178945 -0.319706 -0.175125 -0.347111 -0.185099 -0.337524 -0.180468 
3.344 -0.476127 -0.233954 -0.461844 -0.227276 -0.449153 -0.220878 -0.436564 -0.215477 -0.424532 -0.210344 -0.467025 -0.225884 -0.45311 -0.219581 
3.537 -0.400794 -0.224367 -0.389337 -0.218307 -0.379202 -0.212521 -0.368992 -0.207623 -0.359227 -0.202954 -0.391998 -0.216362 -0.380763 -0.210732 
3.695 -0.332311 -0.154513 -0.323153 -0.150645 -0.315232 -0.146815 -0.307062 -0.143852 -0.299321 -0.14095 -0.323959 -0.146882 -0.315026 -0.143311 
2.912 0.461416 -0.143556 0.445772 -0.139072 0.43129 -0.134672 0.417897 -0.13105 0.405531 -0.127338 0.473262 -0.137615 0.457944 -0.133265 
3.75 -0.308341 -0.0805506 -0.300012 -0.0787013 -0.292745 -0.0765322 -0.285273 -0.0752295 -0.278184 -0.0739285 -0.300161 -0.0731629 -0.292 -0.0714182 
4.262 0.0388714 0.0481989 0.0381501 0.04658 0.0371558 0.045412 0.0365497 0.0436869 0.035995 0.0422753 0.0471715 0.0556478 0.0466149 0.053889 
4.234 -0.00358855 -0.0196001 -0.00330085 -0.0194183 -0.00328831 -0.0190514 -0.00304993 -0.0192356 -0.00274671 -0.0192347 0.00453968 -0.0124809 0.00488373 -0.0124684 
4.078 -0.206985 -0.197658 -0.201697 -0.193079 -0.197178 -0.188619 -0.192286 -0.184922 -0.187528 -0.181311 -0.198546 -0.190084 -0.193457 -0.185912 
2.391 -0.140556 0.130379 -0.136523 0.126517 -0.133174 0.123399 -0.129647 0.119603 -0.126214 0.116145 -0.132722 0.138174 -0.128685 0.134261 
3.914 -0.259718 -0.203137 -0.252941 -0.198222 -0.246978 -0.193413 -0.240901 -0.189477 -0.234866 -0.185619 -0.251398 -0.195446 -0.244793 -0.190951 
4.309 -0.0261882 -0.0339816 -0.0254528 -0.0335742 -0.0250146 -0.0328414 -0.0243308 -0.0327992 -0.0235525 -0.0325674 -0.018171 -0.026912 -0.0173253 -0.026675 
4.473 -0.100836 -0.138077 -0.0984043 -0.135328 -0.0965538 -0.132462 -0.0942992 -0.130254 -0.0921113 -0.128018 -0.0928027 -0.130893 -0.0903485 -0.128333 
3.688 -0.339844 -0.173004 -0.330479 -0.168536 -0.322288 -0.164056 -0.313935 -0.160493 -0.305954 -0.15705 -0.331402 -0.16536 -0.322249 -0.161145 
3.877 -0.283002 -0.323668 -0.275585 -0.315573 -0.269161 -0.307815 -0.262512 -0.301066 -0.256004 -0.29456 -0.27445 -0.315646 -0.26723 -0.308003 
4.168 -0.131653 -0.0106972 -0.128081 -0.0107563 -0.12511 -0.0104515 -0.12195 -0.0108703 -0.118883 -0.0111085 -0.123716 -0.0034494 -0.12024 -0.00360635 
3.922 -0.257663 -0.181907 -0.25102 -0.177559 -0.245069 -0.173317 -0.239188 -0.16986 -0.233192 -0.166433 -0.249363 -0.174358 -0.242861 -0.170372 
4.59 -0.0583756 -0.0531571 -0.0568841 -0.0522005 -0.0558332 -0.0510129 -0.0544761 -0.050568 -0.0531151 -0.0499522 -0.05037 -0.0460366 -0.0488357 -0.0453109 
4.035 -0.217258 -0.153143 -0.211591 -0.149609 -0.206724 -0.146116 -0.201659 -0.143394 -0.196689 -0.140692 -0.208923 -0.145657 -0.203403 -0.142481 
4.738 -0.0378304 -0.0969867 -0.0367703 -0.0949788 -0.0360833 -0.0928855 -0.0352014 -0.09144 -0.0341669 -0.0898838 -0.0297122 -0.0898806 -0.0286675 -0.0881594 
4.086 -0.202876 -0.150404 -0.197709 -0.146999 -0.193421 -0.143617 -0.188776 -0.140974 -0.184337 -0.13834 -0.194652 -0.142989 -0.189628 -0.139865 
4.48 -0.10152 -0.163416 -0.0990719 -0.16001 -0.0971242 -0.156608 -0.0948971 -0.15392 -0.0926057 -0.151182 -0.0934569 -0.156164 -0.0909821 -0.153052 
4.422 -0.10152 -0.0524723 -0.0990118 -0.0514761 -0.0970174 -0.050315 -0.0947717 -0.0498866 -0.0924202 -0.0493558 -0.0935578 -0.0452568 -0.0909899 -0.0445978 
3.801 -0.295329 -0.183276 -0.287418 -0.178694 -0.280633 -0.174201 -0.273672 -0.17059 -0.266833 -0.16701 -0.287281 -0.17571 -0.279495 -0.171452 
3.777 -0.294645 -0.0949322 -0.286491 -0.0926937 -0.279436 -0.0902566 -0.272155 -0.0886415 -0.265204 -0.0870295 -0.286384 -0.0875077 -0.278463 -0.0854451 
3.998 -0.232324 -0.203137 -0.226321 -0.198395 -0.22127 -0.193829 -0.21591 -0.190014 -0.210662 -0.186322 -0.223841 -0.195459 -0.218108 -0.191161 
4.699 -0.0590604 -0.273675 -0.0576686 -0.26818 -0.0566773 -0.262786 -0.0553641 -0.25813 -0.0539661 -0.253576 -0.0509454 -0.266425 -0.0495058 -0.261221 
3.855 -0.274784 -0.16547 -0.267378 -0.161382 -0.261098 -0.157324 -0.25456 -0.154125 -0.248272 -0.150951 -0.266388 -0.157939 -0.259293 -0.154163 
3.676 -0.341898 -0.18944 -0.332346 -0.18455 -0.324073 -0.179755 -0.31564 -0.175884 -0.307497 -0.172108 -0.333375 -0.18171 -0.324174 -0.177203 
3.662 -0.343953 -0.140816 -0.334423 -0.137269 -0.326103 -0.133706 -0.31765 -0.131018 -0.309515 -0.12838 -0.335537 -0.133204 -0.326204 -0.12995 
4.73 -0.0549514 -0.226421 -0.0536663 -0.221892 -0.0527813 -0.217363 -0.0515736 -0.213655 -0.0502467 -0.209852 -0.0468508 -0.219146 -0.0455372 -0.214933 
4.551 0.0299685 -0.00521846 0.0294825 -0.00538211 0.0287408 -0.00525813 0.0283262 -0.00574513 0.028002 -0.00606586 0.0382205 0.00197664 0.037859 0.00159255 
3.832 -0.298069 -0.317504 -0.289994 -0.309413 -0.283006 -0.301648 -0.27579 -0.294885 -0.268787 -0.288388 -0.289482 -0.309543 -0.281649 -0.301865 
4.051 -0.214519 -0.125065 -0.20906 -0.122307 -0.204115 -0.119454 -0.199209 -0.11736 -0.194393 -0.115273 -0.206384 -0.117712 -0.200942 -0.115188 
3.539 -0.394631 -0.198343 -0.38339 -0.193026 -0.373416 -0.187823 -0.36337 -0.183591 -0.353675 -0.179502 -0.38605 -0.190554 -0.375025 -0.185576 
3.51 -0.404219 -0.171634 -0.392545 -0.167107 -0.382579 -0.162624 -0.372195 -0.159027 -0.36232 -0.155597 -0.395559 -0.163862 -0.384278 -0.159663 
4.297 -0.14398 -0.152459 -0.140326 -0.149078 -0.137383 -0.145737 -0.134106 -0.14315 -0.130883 -0.140507 -0.135893 -0.145021 -0.132311 -0.142054 
4.789 0.00873853 -0.0723326 0.00869757 -0.071107 0.00847453 -0.0696049 0.00846709 -0.068879 0.00856857 -0.0679286 0.0168049 -0.065323 0.0169069 -0.0642896 
4.645 -0.069333 -0.257239 -0.0676815 -0.252016 -0.0665099 -0.2468 -0.0649793 -0.242478 -0.0633908 -0.238032 -0.0612205 -0.249848 -0.0595509 -0.244993 
3.764 -0.308341 -0.149034 -0.300061 -0.145315 -0.292917 -0.141659 -0.285551 -0.138811 -0.278513 -0.136024 -0.300023 -0.141413 -0.291992 -0.138084 
4.699 -0.0624846 -0.205876 -0.0609973 -0.201803 -0.0599608 -0.197712 -0.0586041 -0.194116 -0.0572172 -0.190862 -0.0543881 -0.198683 -0.0528706 -0.19482 
3.145 -0.549404 -0.159992 -0.53203 -0.155252 -0.516522 -0.150571 -0.501187 -0.146776 -0.486718 -0.143313 -0.540332 -0.152111 -0.523332 -0.14757 
3.008 0.530585 -0.16958 0.511749 -0.163957 0.494199 -0.158483 0.477983 -0.153811 0.462917 -0.148975 0.543335 -0.163968 0.524688 -0.158512 
4.273 0.00873853 -0.0264484 0.00872444 -0.0261927 0.0084405 -0.0255245 0.00844844 -0.0256621 0.00855256 -0.0255548 0.0168906 -0.019331 0.016988 -0.0192119 
4.387 0.0607862 0.0201205 0.0596189 0.0193969 0.0582375 0.0190618 0.0571564 0.0180122 0.0562078 0.0171998 0.0692161 0.0274112 0.0681848 0.0265158 
3.574 -0.380249 -0.151089 -0.369384 -0.147159 -0.359931 -0.143215 -0.350233 -0.140168 -0.341242 -0.137238 -0.371798 -0.143456 -0.361332 -0.139802 
4.559 -0.0864539 -0.16684 -0.0842985 -0.163414 -0.0827245 -0.160008 -0.0807184 -0.157279 -0.0787849 -0.154561 -0.0784199 -0.159616 -0.076265 -0.156414 
4.281 -0.14535 -0.175743 -0.141711 -0.171894 -0.138749 -0.168045 -0.135421 -0.164843 -0.132172 -0.16184 -0.137282 -0.168382 -0.133641 -0.164786 
3.17 -0.543241 -0.225051 -0.526209 -0.218418 -0.510939 -0.211962 -0.495886 -0.20657 -0.481538 -0.201392 -0.534006 -0.21707 -0.517275 -0.210613 
3.162 0.387454 -0.0963019 0.374822 -0.0936705 0.363061 -0.0909709 0.352052 -0.0888327 0.342053 -0.086569 0.398582 -0.0897863 0.386301 -0.0873612 
3.957 -0.254924 -0.309286 -0.248315 -0.301693 -0.242583 -0.294391 -0.236623 -0.288019 -0.230803 -0.281841 -0.246412 -0.301384 -0.23997 -0.29423 
3.424 -0.437091 -0.166155 -0.424127 -0.16151 -0.412672 -0.156921 -0.401204 -0.153293 -0.390238 -0.149832 -0.428342 -0.158362 -0.415609 -0.15398 
4.859 -0.00427339 -0.102465 -0.00405227 -0.100428 -0.00406966 -0.0982921 -0.00386493 -0.096815 -0.00356142 -0.0952194 0.00363615 -0.0954835 0.00402985 -0.0936774 
3.533 -0.389837 -0.0860293 -0.378696 -0.0838712 -0.369028 -0.0815887 -0.359146 -0.0801307 -0.349769 -0.0787274 -0.381583 -0.0784213 -0.370764 -0.0765299 
4.594 -0.0830297 -0.25176 -0.0810191 -0.246449 -0.0794428 -0.241239 -0.0776348 -0.23692 -0.0756916 -0.232469 -0.074956 -0.244277 -0.0728779 -0.239529 
4.281 0.0155869 -0.00521846 0.0153285 -0.00541868 0.0147951 -0.00528262 0.0146201 -0.00583843 0.0145023 -0.00614561 0.0238375 0.00196192 0.0237327 0.00159994 
3.516 -0.401479 -0.130544 -0.38991 -0.127151 -0.379787 -0.12369 -0.369534 -0.121133 -0.359729 -0.118655 -0.392991 -0.122894 -0.381668 -0.119743 
4.098 -0.200137 -0.123011 -0.195026 -0.12032 -0.190746 -0.117531 -0.186129 -0.115519 -0.181676 -0.113461 -0.192025 -0.115663 -0.186904 -0.11318 
4.191 -0.178222 -0.286002 -0.173733 -0.279348 -0.16995 -0.272938 -0.16589 -0.267339 -0.161883 -0.261929 -0.169987 -0.278323 -0.165592 -0.272108 
3.785 -0.296699 -0.12438 -0.288498 -0.121351 -0.281397 -0.118327 -0.274085 -0.115999 -0.267091 -0.113752 -0.288389 -0.116915 -0.28041 -0.114107 
4.754 -0.048103 -0.177113 -0.0468968 -0.173533 -0.0460958 -0.169969 -0.0449576 -0.167166 -0.0437578 -0.164327 -0.0400272 -0.169767 -0.0387563 -0.166494 
4.426 -0.117956 -0.25176 -0.115095 -0.246321 -0.112834 -0.241021 -0.110255 -0.236452 -0.107607 -0.232038 -0.109884 -0.244336 -0.107027 -0.239247 
3.707 -0.320668 -0.070278 -0.311779 -0.0687215 -0.303909 -0.0669313 -0.295951 -0.0659413 -0.288298 -0.0649568 -0.312504 -0.0628268 -0.303699 -0.0614617 
3.568 -0.37751 -0.115477 -0.366783 -0.112475 -0.357311 -0.109414 -0.347681 -0.107142 -0.338597 -0.104962 -0.369179 -0.10792 -0.358549 -0.105152 
4.059 -0.202876 -0.0606903 -0.197448 -0.0594602 -0.192782 -0.0579704 -0.187746 -0.0572197 -0.183059 -0.0564145 -0.195008 -0.0533733 -0.189623 -0.0522681 
3.355 -0.476127 -0.251075 -0.461873 -0.24395 -0.449221 -0.237054 -0.43661 -0.231207 -0.42461 -0.225696 -0.467036 -0.243034 -0.453175 -0.236293 
3.613 -0.356965 -0.0469936 -0.346665 -0.0459003 -0.3377 -0.0446417 -0.328617 -0.0441567 -0.319951 -0.0436143 -0.348742 -0.0394124 -0.338747 -0.0386493 
3.77 -0.304232 -0.164101 -0.296038 -0.16001 -0.288896 -0.155915 -0.281557 -0.152664 -0.27452 -0.149499 -0.295899 -0.156546 -0.287888 -0.152743 
4.539 -0.0837146 -0.130544 -0.0816984 -0.127942 -0.0800723 -0.125279 -0.0782104 -0.123265 -0.0763086 -0.12121 -0.0757473 -0.123411 -0.0736349 -0.1211 
3.783 -0.296014 -0.0497329 -0.287915 -0.0486044 -0.280864 -0.0473338 -0.273663 -0.046804 -0.266755 -0.0462227 -0.287902 -0.0421921 -0.279947 -0.0413596 
3.428 -0.423394 -0.0894535 -0.410871 -0.0871675 -0.399878 -0.0847484 -0.388851 -0.0831876 -0.37849 -0.0817212 -0.414926 -0.0818078 -0.402724 -0.0797698 
3.736 -0.311081 -0.112738 -0.302691 -0.109909 -0.295406 -0.107096 -0.287895 -0.105044 -0.280753 -0.103031 -0.302812 -0.105197 -0.294594 -0.102701 
4.598 -0.0809752 -0.227106 -0.079057 -0.222404 -0.0775452 -0.21787 -0.0757154 -0.214079 -0.073865 -0.210331 -0.0729217 -0.21974 -0.0709275 -0.215475 
3.949 -0.254924 -0.233954 -0.248302 -0.228291 -0.242678 -0.222905 -0.236749 -0.218235 -0.231012 -0.213862 -0.246497 -0.226305 -0.240084 -0.221026 
3.396 -0.4412 -0.120956 -0.428013 -0.117635 -0.416383 -0.114212 -0.404792 -0.1117 -0.393885 -0.109299 -0.432447 -0.11331 -0.41962 -0.110174 
3.434 -0.432297 -0.14835 -0.419513 -0.144211 -0.408186 -0.140071 -0.396858 -0.136867 -0.386116 -0.133753 -0.423828 -0.140644 -0.411214 -0.13678 
3.924 -0.238488 -0.0435694 -0.232223 -0.0426881 -0.2269 -0.0415891 -0.221288 -0.0412562 -0.215939 -0.0408135 -0.23042 -0.036135 -0.224309 -0.0355151 
4.605 -0.0727572 -0.10315 -0.0709863 -0.101074 -0.0695916 -0.0988147 -0.0679313 -0.097307 -0.0662654 -0.0957152 -0.0648167 -0.0960288 -0.0628959 -0.0941796 
4.301 -0.137132 -0.087399 -0.133582 -0.0855784 -0.130649 -0.0837006 -0.127623 -0.0824263 -0.124402 -0.0811026 -0.129101 -0.0801039 -0.1257 -0.0786027 
3.982 -0.233009 -0.14698 -0.227066 -0.143565 -0.221913 -0.140075 -0.216576 -0.137461 -0.21123 -0.134815 -0.224553 -0.139521 -0.218656 -0.136356 
3.619 -0.363813 -0.176428 -0.353477 -0.171802 -0.344304 -0.16725 -0.335119 -0.163536 -0.326325 -0.159953 -0.355277 -0.16878 -0.345117 -0.164434 
4.711 0.0402411 -0.0497329 0.0395098 -0.0490173 0.0385313 -0.0480247 0.0378619 -0.0475747 0.0373257 -0.0471603 0.0484936 -0.0427119 0.0478438 -0.0421206 
4.016 -0.225476 -0.109999 -0.219582 -0.107499 -0.214499 -0.104867 -0.209273 -0.103013 -0.203959 -0.101148 -0.217373 -0.102614 -0.211611 -0.100339 
3.496 -0.405588 -0.113423 -0.393721 -0.110414 -0.38326 -0.10738 -0.372772 -0.105131 -0.362865 -0.103004 -0.397085 -0.105803 -0.38547 -0.103052 
3.824 -0.282317 -0.10315 -0.274739 -0.100792 -0.268215 -0.098244 -0.261444 -0.0965171 -0.254963 -0.0947344 -0.274037 -0.0956957 -0.266707 -0.0935026 
4.648 -0.0631694 -0.126435 -0.0616563 -0.123981 -0.0605246 -0.121396 -0.0591161 -0.119602 -0.0576246 -0.117415 -0.0551737 -0.119299 -0.0535845 -0.117156 
4.129 -0.189864 -0.138762 -0.18511 -0.135615 -0.181061 -0.132392 -0.176787 -0.130007 -0.172656 -0.127567 -0.181835 -0.131388 -0.177031 -0.128488 
3.945 -0.244651 -0.120271 -0.238294 -0.117476 -0.232931 -0.114718 -0.227271 -0.112641 -0.221849 -0.110629 -0.236454 -0.112793 -0.230214 -0.110194 
4.27 -0.146035 -0.133283 -0.142383 -0.130339 -0.13939 -0.127344 -0.13605 -0.125064 -0.132814 -0.122753 -0.137971 -0.126043 -0.134365 -0.123332 
4.73 -0.0549514 -0.259978 -0.0536304 -0.254636 -0.0526987 -0.249417 -0.05144 -0.244938 -0.0500938 -0.240575 -0.0468414 -0.252577 -0.0454768 -0.24767 
4.59 -0.0768662 -0.117532 -0.0749631 -0.115245 -0.0735439 -0.112856 -0.0718606 -0.11127 -0.0701386 -0.109475 -0.0688526 -0.110304 -0.0669044 -0.108338 
4.367 -0.12275 -0.107944 -0.119746 -0.105659 -0.117228 -0.10328 -0.114469 -0.101496 -0.111716 -0.0998679 -0.114766 -0.100754 -0.11178 -0.0987026 
3.391 -0.434351 -0.0791809 -0.42131 -0.0771162 -0.409795 -0.074887 -0.398255 -0.0734896 -0.387429 -0.0721811 -0.42582 -0.0715742 -0.413042 -0.0697268 
4.336 -0.135762 -0.240118 -0.132464 -0.234784 -0.129685 -0.229487 -0.12666 -0.225018 -0.123663 -0.220622 -0.12763 -0.232705 -0.124334 -0.227615 
4.27 -0.151513 -0.243542 -0.147696 -0.23797 -0.14454 -0.232576 -0.141094 -0.227984 -0.137637 -0.223425 -0.143349 -0.236072 -0.139562 -0.230862 
4.758 -0.0494727 -0.194234 -0.0482435 -0.190359 -0.0473961 -0.186456 -0.046238 -0.183339 -0.0450122 -0.180091 -0.0413627 -0.186745 -0.0401021 -0.183376 
4.102 -0.196713 -0.162731 -0.191767 -0.159002 -0.187558 -0.155309 -0.183205 -0.152381 -0.178738 -0.149457 -0.188551 -0.15531 -0.183582 -0.151844 
3.52 -0.399425 -0.157252 -0.387971 -0.15306 -0.37793 -0.1489 -0.367737 -0.145638 -0.358123 -0.142502 -0.390842 -0.149545 -0.379646 -0.145642 
3.449 -0.424079 -0.160677 -0.411583 -0.15629 -0.400688 -0.151981 -0.389828 -0.148552 -0.37921 -0.145257 -0.415289 -0.152911 -0.403315 -0.148829 
3.693 -0.326832 -0.0880838 -0.317781 -0.0860995 -0.309986 -0.0838795 -0.301967 -0.0825019 -0.294305 -0.0811134 -0.318499 -0.0806963 -0.309724 -0.0788522 
4.082 -0.197398 -0.0764416 -0.192433 -0.0748217 -0.188313 -0.0730581 -0.183879 -0.0720148 -0.179579 -0.0708907 -0.18913 -0.0690518 -0.18434 -0.0676771 
4.078 -0.201507 -0.0997261 -0.196399 -0.0975158 -0.19206 -0.0951831 -0.18745 -0.0935852 -0.183244 -0.0920057 -0.192944 -0.0923009 -0.188009 -0.0903256 
3.783 0.172415 -0.0784961 0.168022 -0.0768413 0.163766 -0.0750373 0.159944 -0.0738732 0.156416 -0.072501 0.181523 -0.07168 0.177356 -0.0702469 
4.332 -0.135762 -0.221627 -0.13247 -0.216739 -0.129772 -0.211926 -0.126722 -0.207955 -0.123764 -0.204003 -0.127692 -0.21425 -0.12437 -0.209674 
4.352 -0.130968 -0.202452 -0.127741 -0.198039 -0.125119 -0.193727 -0.122229 -0.190132 -0.119297 -0.186525 -0.122867 -0.195018 -0.119679 -0.191017 
4.008 -0.098781 -0.0106972 -0.0962673 -0.0107408 -0.0935682 -0.0104426 -0.0916742 -0.0108228 -0.0890094 -0.011033 -0.091188 -0.00346181 -0.0881246 -0.00362253 
4.23 -0.155623 -0.143556 -0.151774 -0.140528 -0.148618 -0.137379 -0.145129 -0.13515 -0.141663 -0.132768 -0.147587 -0.136335 -0.143765 -0.133456 
4.402 -0.120696 -0.237378 -0.117791 -0.232136 -0.115448 -0.22699 -0.112782 -0.22268 -0.110076 -0.218429 -0.112605 -0.229967 -0.109677 -0.225025 
4.594 -0.0823449 -0.191494 -0.0803156 -0.187518 -0.0788187 -0.183472 -0.077005 -0.180463 -0.0750626 -0.17725 -0.0742921 -0.184145 -0.0722414 -0.180669 
3.883 -0.266566 -0.14561 -0.259542 -0.142113 -0.253374 -0.138493 -0.24706 -0.135792 -0.240921 -0.133093 -0.258213 -0.138047 -0.251354 -0.134831 
4.078 -0.196028 -0.0483632 -0.191015 -0.0474271 -0.186845 -0.0462041 -0.182283 -0.0457873 -0.178018 -0.0452423 -0.18809 -0.0409811 -0.18314 -0.0402509 
4.648 -0.0686481 -0.241487 -0.0670171 -0.236696 -0.0658209 -0.231701 -0.0643103 -0.227652 -0.0627377 -0.223695 -0.0605643 -0.234203 -0.0588935 -0.229524 
4.402 -0.117956 -0.142186 -0.115166 -0.139379 -0.11282 -0.136408 -0.110207 -0.134155 -0.107627 -0.13181 -0.109912 -0.135022 -0.107125 -0.132337 
4.164 -0.190549 -0.299014 -0.18572 -0.292274 -0.181717 -0.285618 -0.177475 -0.280031 -0.173201 -0.274516 -0.182168 -0.291238 -0.177559 -0.284946 
4.566 -0.0741268 -0.0860293 -0.0723372 -0.0845097 -0.0708856 -0.0826686 -0.0691759 -0.0815642 -0.067527 -0.080228 -0.066229 -0.0790433 -0.0642752 -0.0775602 
4.184 -0.176168 -0.264772 -0.171671 -0.258682 -0.167857 -0.25271 -0.163766 -0.247579 -0.1598 -0.242602 -0.167929 -0.25719 -0.163509 -0.251432 
4.496 -0.102205 -0.256554 -0.0998714 -0.251116 -0.0979624 -0.245833 -0.0957817 -0.241307 -0.0935601 -0.236742 -0.0940833 -0.24923 -0.0917273 -0.243902 
3.445 -0.430242 -0.192864 -0.417642 -0.187578 -0.406494 -0.18234 -0.3952 -0.178062 -0.384483 -0.173972 -0.421769 -0.185101 -0.40938 -0.180069 
4.512 -0.0905629 -0.114108 -0.0883871 -0.111913 -0.0867385 -0.109539 -0.0847823 -0.107991 -0.0827719 -0.106228 -0.0825473 -0.106972 -0.0803262 -0.104983 
3.451 0.337461 -0.136022 0.325672 -0.131632 0.314851 -0.127414 0.304842 -0.123958 0.295683 -0.12047 0.347902 -0.129836 0.336459 -0.125697 
4 -0.229585 -0.16684 -0.223741 -0.162941 -0.219035 -0.159071 -0.21358 -0.155959 -0.208794 -0.152946 -0.222011 -0.159454 -0.216174 -0.155778 
3.664 -0.337105 -0.0743871 -0.327676 -0.0726186 -0.319455 -0.0707434 -0.311106 -0.069606 -0.303041 -0.0685373 -0.328917 -0.0667933 -0.31966 -0.0653375 
4.363 0.0957129 0.0194357 0.0936599 0.0186604 0.0915074 0.0182881 0.0896913 0.0172512 0.0880281 0.0164828 0.10422 0.0266838 0.102323 0.0257496 
4.398 -0.120696 -0.222312 -0.117872 -0.217544 -0.115497 -0.212806 -0.112868 -0.208889 -0.110234 -0.204966 -0.112598 -0.214909 -0.109708 -0.210457 
3.307 -0.493932 -0.327777 -0.479263 -0.318465 -0.466039 -0.309355 -0.452951 -0.301411 -0.440306 -0.293872 -0.484681 -0.319397 -0.470283 -0.310326 
4.078 -0.18644 0.000945076 -0.18166 0.000699882 -0.177477 0.000767179 -0.173221 0.000111642 -0.169133 -0.000307771 -0.178499 0.00834529 -0.173816 0.00789218 
3.902 -0.253554 -0.101781 -0.246802 -0.099458 -0.241008 -0.0970594 -0.234969 -0.0953464 -0.229173 -0.0937217 -0.245248 -0.0943721 -0.238731 -0.0922908 
3.82 0.157348 -0.0798658 0.15337 -0.0781599 0.149347 -0.0763714 0.145931 -0.0751836 0.142735 -0.0738483 0.166147 -0.0729885 0.162325 -0.0715147 
4.398 -0.117272 -0.12575 -0.114339 -0.123116 -0.112079 -0.120347 -0.109456 -0.118338 -0.106854 -0.116287 -0.109192 -0.118533 -0.106358 -0.116094 
4.664 -0.0672785 -0.173004 -0.0656542 -0.169337 -0.0644822 -0.166019 -0.062976 -0.163176 -0.0614067 -0.160401 -0.0592587 -0.165875 -0.0575633 -0.162543 
4.488 -0.098781 -0.188755 -0.0964581 -0.184762 -0.0946284 -0.180858 -0.0924428 -0.177747 -0.09027 -0.174503 -0.0907708 -0.181541 -0.0883176 -0.177854 
3.83 -0.281633 -0.122326 -0.273997 -0.119367 -0.267439 -0.116392 -0.260601 -0.114127 -0.254024 -0.111937 -0.273368 -0.114818 -0.265953 -0.112148 
4.023 -0.069333 -0.0106972 -0.0674982 -0.0107441 -0.0660769 -0.0104361 -0.0643976 -0.0108342 -0.0627511 -0.0110331 -0.0614051 -0.00348768 -0.0595291 -0.00364268 
4.035 -0.115217 -0.011382 -0.111966 -0.0114394 -0.10916 -0.0111535 -0.106468 -0.0115403 -0.103758 -0.011766 -0.107915 -0.00415045 -0.104433 -0.004297 
3.594 -0.378195 -0.235324 -0.367696 -0.229113 -0.358575 -0.223076 -0.349239 -0.217948 -0.340333 -0.213112 -0.369262 -0.227428 -0.359079 -0.221559 
4.445 -0.110423 -0.212724 -0.107832 -0.208232 -0.105626 -0.203803 -0.103249 -0.200159 -0.100847 -0.196469 -0.10233 -0.205357 -0.0996933 -0.201257 
3.947 -0.0638543 0.0132722 -0.0619456 0.0127419 -0.0605712 0.0124116 -0.0588003 0.0114624 -0.0571037 0.010548 -0.0559082 0.0206484 -0.0539941 0.0197594 
3.844 -0.285057 -0.292165 -0.277667 -0.284945 -0.271269 -0.277922 -0.264688 -0.271941 -0.258206 -0.266025 -0.276526 -0.284243 -0.269248 -0.277335 
4.043 -0.213834 -0.0860293 -0.208272 -0.0841693 -0.203519 -0.0821703 -0.198517 -0.0808823 -0.193745 -0.0795021 -0.205737 -0.0786769 -0.200305 -0.0769976 
4.23 -0.161101 -0.260663 -0.156967 -0.254775 -0.153628 -0.249008 -0.149929 -0.244059 -0.146297 -0.239237 -0.152836 -0.253095 -0.148822 -0.247591 
3.473 -0.407643 -0.087399 -0.3956 -0.0851787 -0.384924 -0.0828169 -0.374258 -0.0812689 -0.36404 -0.0797769 -0.399099 -0.0797827 -0.38728 -0.0777866 
4.523 -0.0864539 -0.0921929 -0.0843541 -0.0902916 -0.082726 -0.0882196 -0.0808589 -0.0869322 -0.0789088 -0.0854548 -0.0783904 -0.0848507 -0.0762816 -0.0832813 
3.787 -0.307656 -0.223682 -0.299747 -0.218169 -0.292697 -0.212771 -0.28537 -0.208234 -0.278427 -0.203858 -0.299415 -0.216048 -0.291514 -0.210857 
4.27 -0.150144 -0.228476 -0.146436 -0.223366 -0.14344 -0.218419 -0.140108 -0.214296 -0.136758 -0.21019 -0.141995 -0.221016 -0.138431 -0.2163 
3.766 0.177893 -0.101096 0.173345 -0.0986837 0.168838 -0.0962722 0.164861 -0.094488 0.16117 -0.0924913 0.186941 -0.0943028 0.182575 -0.0921839 
