3.586 -0.382304 -0.374346 -0.371666 -0.364322 -0.362212 -0.354807 -0.352697 -0.346368 -0.343491 -0.338361 -0.373329 -0.365888 -0.362899 -0.356352 
3.668 -0.351486 -0.370922 -0.341889 -0.361203 -0.333472 -0.351979 -0.324861 -0.343788 -0.316507 -0.335971 -0.342656 -0.362576 -0.333304 -0.353351 
3.693 -0.343953 -0.401739 -0.334567 -0.391261 -0.326273 -0.381239 -0.317855 -0.37234 -0.309636 -0.363812 -0.335087 -0.393267 -0.325888 -0.383253 
3.398 -0.455581 -0.238748 -0.442162 -0.232174 -0.430255 -0.225761 -0.41834 -0.220428 -0.40695 -0.215305 -0.446585 -0.23076 -0.433466 -0.224475 
3.586 -0.383673 -0.414751 -0.373064 -0.403704 -0.363611 -0.393193 -0.354123 -0.383823 -0.344938 -0.374853 -0.374624 -0.40618 -0.364218 -0.395607 
3.889 -0.274099 -0.345583 -0.266866 -0.33703 -0.260579 -0.328816 -0.254049 -0.321601 -0.247723 -0.31464 -0.265515 -0.337542 -0.258465 -0.329436 
3.436 -0.437776 -0.235324 -0.425034 -0.228853 -0.413685 -0.222594 -0.40245 -0.217331 -0.39157 -0.212302 -0.428707 -0.22727 -0.416202 -0.221116 
3.84 -0.29122 -0.368867 -0.283495 -0.359616 -0.276815 -0.350774 -0.269899 -0.342973 -0.263143 -0.335472 -0.282547 -0.360659 -0.275049 -0.351901 
3.588 -0.382989 -0.394891 -0.372338 -0.384378 -0.362876 -0.374288 -0.353359 -0.365391 -0.344135 -0.356846 -0.37397 -0.386412 -0.363524 -0.376306 
3.693 -0.344638 -0.383934 -0.335227 -0.373897 -0.326927 -0.364345 -0.318499 -0.355846 -0.310315 -0.347769 -0.335785 -0.375547 -0.326599 -0.365983 
3.721 -0.330256 -0.4216 -0.321424 -0.410761 -0.31362 -0.400442 -0.305706 -0.39125 -0.297921 -0.382427 -0.32133 -0.413013 -0.31269 -0.402699 
2.602 0.561403 -0.0415149 0.540611 -0.040503 0.521452 -0.0391456 0.503652 -0.0385358 0.487317 -0.0375751 0.574895 -0.0345668 0.554432 -0.0337823 
3.795 -0.309026 -0.374346 -0.300797 -0.364835 -0.293551 -0.355727 -0.286158 -0.347742 -0.278949 -0.340026 -0.300306 -0.366032 -0.292202 -0.356986 
3.84 -0.290536 -0.385988 -0.282856 -0.376281 -0.27619 -0.367049 -0.269297 -0.358815 -0.262581 -0.350953 -0.281871 -0.377716 -0.274397 -0.368488 
3.736 -0.325462 -0.396261 -0.316646 -0.386055 -0.308912 -0.376322 -0.301028 -0.367629 -0.29331 -0.359333 -0.316643 -0.38786 -0.308043 -0.378159 
3.615 -0.365183 -0.155198 -0.354762 -0.151215 -0.345657 -0.147195 -0.336427 -0.144031 -0.327619 -0.141002 -0.356674 -0.14747 -0.346497 -0.143754 
4.594 -0.0556362 -0.036721 -0.054161 -0.0362523 -0.0531299 -0.0354107 -0.0517855 -0.0352945 -0.0504356 -0.0350323 -0.0476217 -0.0295929 -0.0460955 -0.0292286 
3.613 -0.359704 -0.0757567 -0.349387 -0.0738605 -0.34034 -0.0718191 -0.331196 -0.0705867 -0.322479 -0.0693525 -0.351387 -0.06818 -0.341308 -0.066497 
3.777 -0.31245 -0.416121 -0.304206 -0.405558 -0.296921 -0.395485 -0.289486 -0.386517 -0.282207 -0.377928 -0.303615 -0.407576 -0.295517 -0.397519 
3.652 -0.359019 -0.383249 -0.348991 -0.373029 -0.340202 -0.363327 -0.331258 -0.354691 -0.322624 -0.346491 -0.350058 -0.374842 -0.340317 -0.365099 
3.736 -0.329571 -0.382564 -0.320727 -0.372769 -0.312956 -0.363417 -0.30507 -0.355141 -0.297309 -0.347188 -0.320755 -0.374245 -0.312123 -0.364924 
3.885 -0.275469 -0.401739 -0.26825 -0.391765 -0.261952 -0.382225 -0.255418 -0.373744 -0.249016 -0.36558 -0.266852 -0.393432 -0.259756 -0.383966 
3.795 -0.308341 -0.354486 -0.300121 -0.345487 -0.292956 -0.336912 -0.285517 -0.329312 -0.27837 -0.322039 -0.299645 -0.346297 -0.291609 -0.337768 
3.709 -0.337105 -0.370237 -0.32793 -0.360651 -0.319809 -0.351462 -0.311574 -0.343381 -0.303549 -0.335627 -0.328402 -0.361948 -0.319392 -0.352815 
3.955 -0.240542 -0.0634297 -0.234221 -0.0620417 -0.228911 -0.0604594 -0.223317 -0.0595651 -0.217953 -0.0586108 -0.232427 -0.0560922 -0.226294 -0.0548623 
4.516 0.0669497 0.00231475 0.0656358 0.00193304 0.0641497 0.00196364 0.0630663 0.00127454 0.062105 0.000917823 0.0753775 0.00944205 0.074235 0.00896191 
3.18 -0.287796 0.117367 -0.278935 0.113677 -0.271223 0.110742 -0.263441 0.107167 -0.256115 0.103842 -0.280077 0.12496 -0.271417 0.121261 
4.156 -0.182331 -0.190809 -0.177748 -0.18648 -0.173893 -0.182206 -0.169765 -0.178707 -0.165712 -0.175255 -0.174151 -0.18335 -0.169648 -0.179333 
4.023 -0.219997 -0.0586358 -0.214264 -0.0574678 -0.209398 -0.0560319 -0.204315 -0.0553499 -0.199394 -0.0545531 -0.211887 -0.0513016 -0.206319 -0.0502746 
4.137 -0.180277 -0.0538419 -0.175677 -0.0528034 -0.171745 -0.0514712 -0.167545 -0.0508638 -0.163512 -0.0501545 -0.172292 -0.0465387 -0.167724 -0.0456408 
3.604 -0.361074 -0.101096 -0.350721 -0.098611 -0.341674 -0.0958996 -0.332503 -0.0940303 -0.323776 -0.0922882 -0.352706 -0.0935763 -0.342579 -0.0912473 
3.764 -0.302863 -0.066169 -0.294654 -0.0647091 -0.28755 -0.0630012 -0.280233 -0.0619852 -0.27327 -0.0610142 -0.29471 -0.0588594 -0.286694 -0.0575377 
3.691 -0.343953 -0.420915 -0.334587 -0.409916 -0.326332 -0.399451 -0.317901 -0.390096 -0.309724 -0.381164 -0.335056 -0.412369 -0.325895 -0.401874 
3.844 -0.289166 -0.347637 -0.281526 -0.338948 -0.27489 -0.330626 -0.267993 -0.323268 -0.2613 -0.316232 -0.280625 -0.3396 -0.273155 -0.331331 
3.738 -0.326147 -0.35928 -0.317399 -0.350044 -0.309688 -0.341205 -0.301793 -0.333422 -0.294141 -0.325954 -0.317421 -0.351047 -0.308803 -0.342235 
3.781 -0.311766 -0.396261 -0.30346 -0.386239 -0.296228 -0.376648 -0.288789 -0.368138 -0.281526 -0.359947 -0.302919 -0.387865 -0.294863 -0.378328 
3.852 -0.287111 -0.418176 -0.279483 -0.407605 -0.272869 -0.397547 -0.266019 -0.388588 -0.259279 -0.379957 -0.27846 -0.409814 -0.271015 -0.399775 
2.855 -0.185071 0.128325 -0.179264 0.124245 -0.17432 0.120976 -0.169197 0.117022 -0.164369 0.113462 -0.177391 0.136017 -0.171625 0.13194 
3.887 -0.275469 -0.383249 -0.268264 -0.373738 -0.261981 -0.364652 -0.255436 -0.3566 -0.249067 -0.34886 -0.266839 -0.375009 -0.259794 -0.365956 
3.887 -0.276839 -0.367498 -0.269593 -0.358449 -0.263327 -0.349814 -0.256783 -0.342153 -0.250426 -0.334802 -0.268181 -0.359338 -0.261164 -0.350771 
1.785 0.0450349 0.121477 0.0436365 0.116022 0.0419988 0.111611 0.0407488 0.106688 0.0397413 0.102477 0.053561 0.129623 0.0522064 0.12405 
3.646 -0.359704 -0.219573 -0.349869 -0.213882 -0.341094 -0.208324 -0.332229 -0.203655 -0.323686 -0.199235 -0.351192 -0.211797 -0.34157 -0.206437 
3.541 -0.400794 -0.238063 -0.389267 -0.231629 -0.37911 -0.225341 -0.368894 -0.220053 -0.359118 -0.214991 -0.391945 -0.230204 -0.380722 -0.224081 
3.689 -0.330941 -0.130544 -0.321907 -0.127327 -0.314036 -0.123982 -0.305915 -0.121527 -0.298202 -0.119117 -0.32267 -0.123028 -0.313789 -0.120034 
3.438 -0.434351 -0.203821 -0.421541 -0.198194 -0.410181 -0.192648 -0.398868 -0.188125 -0.38805 -0.183798 -0.425589 -0.195988 -0.41309 -0.190637 
3.582 -0.379564 -0.199712 -0.368834 -0.194507 -0.359388 -0.189366 -0.349857 -0.185204 -0.340763 -0.181208 -0.370913 -0.191955 -0.360401 -0.187088 
3.475 -0.417231 -0.197658 -0.405243 -0.19234 -0.394644 -0.187113 -0.38404 -0.182849 -0.373881 -0.178782 -0.408503 -0.189872 -0.396731 -0.184861 
4.34 0.0422956 0.0146418 0.0416545 0.0140179 0.0406927 0.0137462 0.0401316 0.0128223 0.0395109 0.0121733 0.0507025 0.0218832 0.0500297 0.0210774 
3.719 -0.326832 -0.185331 -0.31785 -0.180593 -0.310063 -0.175935 -0.302142 -0.172134 -0.294518 -0.168517 -0.318298 -0.177672 -0.309471 -0.173235 
3.824 -0.294645 -0.403794 -0.286936 -0.393605 -0.280221 -0.383871 -0.273299 -0.375213 -0.266522 -0.3669 -0.285983 -0.395436 -0.278446 -0.385745 
4.148 -0.0261882 -0.0182304 -0.0254087 -0.0180852 -0.0249387 -0.0176209 -0.0241756 -0.0178284 -0.0233391 -0.0178321 -0.0181604 -0.0110445 -0.0172957 -0.0110297 
3.861 -0.278208 -0.179167 -0.270882 -0.174809 -0.26453 -0.170496 -0.257947 -0.167025 -0.251593 -0.163612 -0.269837 -0.171601 -0.262722 -0.167538 
4.828 -0.0213943 -0.100411 -0.0207163 -0.0983883 -0.0203399 -0.0962383 -0.0197392 -0.0947532 -0.0189691 -0.0931551 -0.0133622 -0.0933947 -0.0125485 -0.0916109 
3.166 -0.267251 0.115998 -0.258961 0.112138 -0.251831 0.109168 -0.244567 0.105546 -0.237641 0.102306 -0.25952 0.123328 -0.251334 0.11945 
3.764 -0.161101 0.0194357 -0.156764 0.0185691 -0.153067 0.0182307 -0.149139 0.0171601 -0.145331 0.0163941 -0.153186 0.0268272 -0.148876 0.0258729 
4.676 -0.0350911 -0.044939 -0.0340913 -0.04434 -0.0335176 -0.0434064 -0.032614 -0.0431889 -0.0316634 -0.0426719 -0.0269862 -0.0379326 -0.025905 -0.037336 
4.277 -0.0426243 -0.0264484 -0.041516 -0.0261675 -0.0407454 -0.0255729 -0.039715 -0.0256528 -0.0386665 -0.0255662 -0.0344879 -0.019311 -0.0333376 -0.0191787 
3.611 -0.299438 0.105725 -0.290252 0.102321 -0.28231 0.0996867 -0.274304 0.0963004 -0.26675 0.0932344 -0.291693 0.113326 -0.282692 0.109919 
3.871 -0.277524 -0.213409 -0.270224 -0.208178 -0.263932 -0.202988 -0.257285 -0.1987 -0.250944 -0.194565 -0.269123 -0.205811 -0.261974 -0.20086 
3.934 -0.242597 -0.0908232 -0.236263 -0.0887425 -0.230854 -0.0864673 -0.225241 -0.0850316 -0.219835 -0.0835553 -0.234402 -0.0834482 -0.228236 -0.0815808 
3.484 -0.4186 -0.229845 -0.406519 -0.223656 -0.395857 -0.217664 -0.385144 -0.212605 -0.374892 -0.207773 -0.409782 -0.221886 -0.397993 -0.216059 
3.953 -0.243967 -0.174373 -0.237568 -0.170294 -0.23213 -0.166231 -0.22636 -0.162919 -0.220871 -0.159734 -0.235658 -0.166861 -0.229455 -0.163065 
3.266 -0.196713 0.112574 -0.190562 0.108856 -0.185347 0.105937 -0.17998 0.102306 -0.174917 0.0991645 -0.188963 0.120232 -0.182902 0.116492 
3.525 -0.402164 -0.224367 -0.390707 -0.218337 -0.380557 -0.212512 -0.370357 -0.207627 -0.360594 -0.202919 -0.393363 -0.216403 -0.38214 -0.210733 
4.156 -0.183701 -0.204506 -0.179057 -0.199915 -0.175179 -0.19532 -0.17105 -0.191545 -0.166976 -0.187818 -0.175453 -0.197065 -0.170978 -0.192735 
3.338 -0.476127 -0.233954 -0.461844 -0.227342 -0.449149 -0.220882 -0.436546 -0.215514 -0.424512 -0.210364 -0.467026 -0.225932 -0.453086 -0.219557 
3.65 -0.35765 -0.415436 -0.34779 -0.404528 -0.339031 -0.394124 -0.330145 -0.384851 -0.321568 -0.375963 -0.348702 -0.406895 -0.339038 -0.396491 
3.688 -0.340529 -0.216833 -0.331424 -0.211331 -0.323293 -0.205943 -0.315014 -0.201409 -0.307075 -0.197093 -0.332276 -0.20913 -0.32321 -0.203915 
3.637 -0.355595 -0.192864 -0.345621 -0.187863 -0.336948 -0.182942 -0.328212 -0.178959 -0.319696 -0.175113 -0.347128 -0.185118 -0.337514 -0.180449 
3.621 -0.370662 -0.231215 -0.360181 -0.225114 -0.351066 -0.219144 -0.341857 -0.214128 -0.332914 -0.20935 -0.361807 -0.223357 -0.351682 -0.217589 
3.883 -0.164525 -0.00658814 -0.160149 -0.00670313 -0.156525 -0.00632886 -0.152626 -0.00677845 -0.148838 -0.00699438 -0.156534 0.000640067 -0.152285 0.000498494 
4.273 -0.0570059 -0.0216546 -0.0554999 -0.0214273 -0.0544572 -0.0208309 -0.0531005 -0.0209757 -0.0517544 -0.0209148 -0.0489934 -0.0144478 -0.0474563 -0.0143647 
3.697 -0.332995 -0.154513 -0.323783 -0.150659 -0.315897 -0.146824 -0.307731 -0.143859 -0.299965 -0.140946 -0.324602 -0.146935 -0.315645 -0.143324 
3.75 -0.308341 -0.0805506 -0.300001 -0.078728 -0.292711 -0.0765475 -0.285276 -0.075258 -0.278163 -0.073926 -0.300165 -0.0731916 -0.291997 -0.0714452 
3.879 -0.283002 -0.323668 -0.275574 -0.315645 -0.269141 -0.307785 -0.262506 -0.3011 -0.255973 -0.294561 -0.274411 -0.315685 -0.267203 -0.308017 
4.188 -0.00427339 -0.00727298 -0.00396207 -0.00744962 -0.00394543 -0.00727402 -0.0036571 -0.00772031 -0.00331698 -0.00800149 0.00378056 -5.12909e-05 0.00420411 -0.000369132 
4.086 -0.202876 -0.150404 -0.197707 -0.147015 -0.193447 -0.143627 -0.188783 -0.140983 -0.18434 -0.138352 -0.194672 -0.142998 -0.189662 -0.139886 
4.562 0.0299685 -0.00521846 0.0295059 -0.00544004 0.0287625 -0.00529007 0.0283471 -0.00575588 0.028025 -0.00609675 0.0382341 0.00194019 0.0378735 0.00154076 
3.861 -0.282317 -0.229845 -0.274897 -0.224309 -0.268427 -0.218869 -0.261727 -0.214221 -0.255241 -0.209895 -0.27394 -0.22218 -0.266614 -0.216906 
3.922 -0.257663 -0.181907 -0.250999 -0.177585 -0.245064 -0.173283 -0.239224 -0.169849 -0.233184 -0.166443 -0.249395 -0.174368 -0.242872 -0.170361 
3.914 -0.259718 -0.203137 -0.252859 -0.19824 -0.246957 -0.19341 -0.240852 -0.189475 -0.23483 -0.185608 -0.251428 -0.19552 -0.244771 -0.19096 
4.16 -0.132338 -0.0106972 -0.128755 -0.0107814 -0.125774 -0.0104439 -0.122634 -0.0108761 -0.11957 -0.0111087 -0.12443 -0.00346712 -0.120898 -0.0036102 
3.471 -0.41997 -0.174373 -0.407736 -0.169729 -0.396891 -0.165097 -0.386045 -0.161434 -0.37572 -0.157911 -0.411172 -0.166568 -0.399276 -0.162256 
4.301 -0.0255034 -0.0339816 -0.0248558 -0.03362 -0.0243987 -0.0328686 -0.0236685 -0.0328175 -0.0229422 -0.0325953 -0.0174845 -0.0269311 -0.0166897 -0.0267117 
2.186 -0.16658 0.158458 -0.161597 0.153704 -0.157399 0.149867 -0.152953 0.145341 -0.14877 0.141268 -0.158997 0.166235 -0.154021 0.161522 
3.789 -0.302178 -0.184646 -0.294087 -0.180022 -0.286951 -0.175484 -0.279709 -0.171843 -0.272742 -0.168246 -0.29369 -0.176976 -0.28581 -0.172727 
4.48 -0.10152 -0.163416 -0.0990743 -0.160061 -0.0971445 -0.156627 -0.0949023 -0.153929 -0.0926073 -0.151167 -0.0934811 -0.156236 -0.0909902 -0.153056 
2.912 0.461416 -0.143556 0.445816 -0.139104 0.431287 -0.134702 0.417861 -0.131042 0.405525 -0.127354 0.473285 -0.137622 0.457954 -0.133292 
4.645 -0.0549514 -0.0531571 -0.0535534 -0.0522371 -0.052519 -0.0510284 -0.0511854 -0.0506175 -0.0498748 -0.0499402 -0.0469394 -0.0460361 -0.045454 -0.0452972 
4.469 -0.100836 -0.138077 -0.0983956 -0.135352 -0.0965528 -0.132454 -0.09431 -0.130246 -0.0921057 -0.12802 -0.0927941 -0.130905 -0.0903557 -0.128362 
4.035 -0.217258 -0.153828 -0.211676 -0.150328 -0.206847 -0.146802 -0.201753 -0.144091 -0.196817 -0.141378 -0.209035 -0.1464 -0.20348 -0.143202 
3.217 0.351842 -0.0771264 0.3411 -0.075275 0.330859 -0.0729921 0.320489 -0.0712808 0.310794 -0.0693152 0.362066 -0.0705027 0.351774 -0.0687586 
4.016 -0.23164 -0.202452 -0.225624 -0.19776 -0.220527 -0.19313 -0.215165 -0.189358 -0.209956 -0.185654 -0.223112 -0.194808 -0.217401 -0.190478 
4.703 -0.0590604 -0.273675 -0.0576441 -0.268193 -0.0566529 -0.262781 -0.0553906 -0.258162 -0.0539632 -0.253547 -0.0509456 -0.26641 -0.0494856 -0.261262 
3.803 -0.299438 -0.219573 -0.291502 -0.21414 -0.284624 -0.208813 -0.277414 -0.204351 -0.270573 -0.200064 -0.291154 -0.211956 -0.283352 -0.206815 
2.209 -0.267936 0.18996 -0.258818 0.183444 -0.250902 0.178008 -0.243007 0.171948 -0.235624 0.166433 -0.260505 0.197955 -0.251512 0.191509 
3.777 -0.294645 -0.0949322 -0.286475 -0.0926984 -0.279434 -0.0902236 -0.272151 -0.088625 -0.265196 -0.0870188 -0.286406 -0.087501 -0.278469 -0.0854537 
3.832 -0.298069 -0.317504 -0.290046 -0.309413 -0.282994 -0.301626 -0.275793 -0.294873 -0.268805 -0.288368 -0.289533 -0.309544 -0.281673 -0.30186 
4.324 -0.0111218 -0.0298726 -0.0108089 -0.0295271 -0.0106104 -0.0287515 -0.0101371 -0.0287144 -0.00967647 -0.0284788 -0.00319229 -0.0228949 -0.00263185 -0.0226424 
4.297 -0.14398 -0.152459 -0.140345 -0.149084 -0.137381 -0.14575 -0.134098 -0.143177 -0.130877 -0.140472 -0.135886 -0.145056 -0.132307 -0.142083 
3.764 -0.308341 -0.149034 -0.300062 -0.145309 -0.292925 -0.141646 -0.285557 -0.138798 -0.278511 -0.135995 -0.300027 -0.141431 -0.292 -0.138075 
4.051 -0.214519 -0.125065 -0.209085 -0.122316 -0.204194 -0.119469 -0.199294 -0.117368 -0.194408 -0.115277 -0.206404 -0.117739 -0.200974 -0.115219 
4.07 -0.216573 -0.205876 -0.21091 -0.201039 -0.206231 -0.196278 -0.201229 -0.192392 -0.196292 -0.188519 -0.207967 -0.198267 -0.202644 -0.1938 
3.693 -0.339844 -0.192864 -0.330367 -0.187961 -0.322146 -0.183128 -0.313722 -0.179208 -0.305666 -0.175443 -0.331395 -0.185202 -0.322231 -0.180614 
3.51 -0.404219 -0.171634 -0.39247 -0.167104 -0.382423 -0.162597 -0.372194 -0.159023 -0.362323 -0.155584 -0.395506 -0.163863 -0.384236 -0.159667 
3.707 -0.321353 -0.070278 -0.312474 -0.0687633 -0.304617 -0.0669397 -0.296626 -0.0659505 -0.288961 -0.0649606 -0.313205 -0.0628488 -0.304439 -0.0615082 
3.461 -0.417231 -0.133968 -0.405033 -0.130474 -0.394219 -0.126896 -0.38341 -0.124225 -0.373195 -0.121681 -0.408593 -0.126287 -0.396665 -0.123046 
3.65 -0.120696 0.118737 -0.117205 0.115274 -0.114264 0.112583 -0.111241 0.109102 -0.1082 0.106095 -0.112909 0.126424 -0.10946 0.122925 
3.502 -0.402164 -0.131229 -0.390705 -0.127818 -0.380461 -0.124319 -0.370159 -0.121749 -0.360378 -0.119268 -0.393578 -0.123586 -0.382278 -0.12042 
4.195 -0.178222 -0.286002 -0.173702 -0.279362 -0.169911 -0.272932 -0.165865 -0.267377 -0.161852 -0.26194 -0.169978 -0.278416 -0.165553 -0.272126 
4.422 -0.10152 -0.0524723 -0.0990246 -0.0514954 -0.0970506 -0.0502783 -0.0948081 -0.0498925 -0.0924683 -0.0493222 -0.0935912 -0.0452981 -0.0910301 -0.0446227 
4.652 -0.0686481 -0.256554 -0.0669984 -0.251333 -0.0657942 -0.246135 -0.0642906 -0.241797 -0.062691 -0.237429 -0.0605367 -0.249185 -0.0588927 -0.24434 
3.543 -0.394631 -0.198343 -0.383418 -0.193047 -0.373454 -0.187836 -0.363406 -0.18358 -0.353739 -0.179521 -0.386045 -0.190526 -0.375032 -0.185577 
3.959 -0.254924 -0.309286 -0.248263 -0.301723 -0.242561 -0.294364 -0.236615 -0.288011 -0.230765 -0.281816 -0.246389 -0.301434 -0.23994 -0.294239 
2.131 -0.137132 0.151609 -0.133026 0.147144 -0.129642 0.14345 -0.126038 0.139184 -0.122621 0.135257 -0.129359 0.159397 -0.125237 0.154988 
3.164 -0.542556 -0.203137 -0.525571 -0.197164 -0.510358 -0.19127 -0.495329 -0.186408 -0.481072 -0.181854 -0.533445 -0.195157 -0.516766 -0.189428 
4.355 0.0601014 0.0201205 0.0589038 0.0193438 0.0575595 0.0190552 0.0564621 0.0180097 0.0555427 0.0172228 0.068546 0.0273943 0.0675185 0.0264671 
3.711 -0.282317 0.098192 -0.273724 0.0949801 -0.266143 0.0924558 -0.258628 0.0893301 -0.251423 0.0864434 -0.274662 0.105769 -0.266169 0.102543 
4.281 -0.14535 -0.175743 -0.141712 -0.171971 -0.138732 -0.168106 -0.135407 -0.164921 -0.132159 -0.16182 -0.13727 -0.168396 -0.133634 -0.164781 
3.574 -0.380249 -0.151089 -0.36943 -0.147171 -0.359949 -0.143213 -0.350365 -0.140154 -0.341268 -0.137234 -0.371863 -0.143457 -0.361295 -0.13982 
2.973 0.484016 -0.0148062 0.467741 -0.0148877 0.452538 -0.0145842 0.438442 -0.0148553 0.425422 -0.0147255 0.397505 -0.00936398 0.385082 -0.00942338 
3.936 -0.148089 -0.00795781 -0.144183 -0.00806762 -0.140954 -0.00772303 -0.137434 -0.00816898 -0.134046 -0.00838032 -0.140069 -0.0006509 -0.136078 -0.000842508 
4.559 -0.0864539 -0.16684 -0.0842623 -0.163367 -0.0826934 -0.160012 -0.0806928 -0.157308 -0.0787591 -0.15454 -0.0783931 -0.159604 -0.0762448 -0.156436 
2.246 0.00531434 0.100247 0.00524851 0.0970607 0.00521716 0.0944812 0.0053719 0.0913342 0.00555147 0.0885955 0.0135573 0.107987 0.0136759 0.104689 
3.17 -0.543241 -0.225051 -0.526208 -0.218428 -0.510933 -0.211964 -0.495859 -0.206553 -0.481523 -0.201374 -0.533993 -0.217059 -0.517239 -0.210627 
4.059 -0.202876 -0.0606903 -0.197448 -0.0594668 -0.192838 -0.0579778 -0.187864 -0.0572324 -0.183143 -0.056417 -0.195147 -0.0533933 -0.189702 -0.0523122 
4.602 -0.0830297 -0.25176 -0.0809951 -0.246516 -0.0794431 -0.241333 -0.0776057 -0.236993 -0.0756793 -0.23253 -0.0749311 -0.244374 -0.0728728 -0.239573 
4.285 0.0155869 -0.00521846 0.0153525 -0.00545563 0.014797 -0.00529634 0.0145858 -0.00584558 0.0144939 -0.00615899 0.0238153 0.00192899 0.0237041 0.00155259 
2.334 -0.174113 0.144761 -0.168821 0.140387 -0.164337 0.136807 -0.159754 0.132598 -0.155449 0.12883 -0.166317 0.152538 -0.161093 0.148123 
3.352 -0.476811 -0.25176 -0.462585 -0.244662 -0.449897 -0.237716 -0.437247 -0.231914 -0.425204 -0.226354 -0.467748 -0.243755 -0.453857 -0.236961 
4.43 -0.117956 -0.25176 -0.115115 -0.246358 -0.112803 -0.241054 -0.110263 -0.236492 -0.107585 -0.232051 -0.109884 -0.244413 -0.107006 -0.239296 
4.762 -0.0494727 -0.22916 -0.048239 -0.224581 -0.0473812 -0.22001 -0.0462007 -0.216251 -0.0449255 -0.212458 -0.0413856 -0.221874 -0.0401064 -0.217645 
3.93 0.114204 -0.120271 0.111443 -0.117532 0.108689 -0.114766 0.106435 -0.112664 0.10423 -0.110427 0.122691 -0.113588 0.120134 -0.111069 
4.719 -0.0364608 -0.0634297 -0.0354269 -0.062393 -0.0347925 -0.0611214 -0.0338662 -0.0605847 -0.0328534 -0.0598498 -0.0283887 -0.0562548 -0.0273049 -0.0555041 
3.535 -0.389837 -0.0860293 -0.378725 -0.0838857 -0.368987 -0.0815906 -0.359142 -0.0801441 -0.34967 -0.078728 -0.381495 -0.0784568 -0.370661 -0.076548 
4.098 -0.200137 -0.123011 -0.195046 -0.12033 -0.19075 -0.117544 -0.186192 -0.115519 -0.181771 -0.113475 -0.192109 -0.115699 -0.186956 -0.113213 
3.771 -0.304232 -0.164786 -0.296026 -0.160724 -0.288889 -0.156602 -0.281542 -0.153374 -0.274506 -0.150203 -0.295891 -0.157254 -0.287881 -0.153445 
3.785 -0.296699 -0.12438 -0.288493 -0.121322 -0.281391 -0.118316 -0.274086 -0.115937 -0.267092 -0.113717 -0.28839 -0.116906 -0.28041 -0.11414 
3.412 -0.44257 -0.171634 -0.429604 -0.166932 -0.418138 -0.162276 -0.406664 -0.158586 -0.395646 -0.155065 -0.433984 -0.16386 -0.421226 -0.159458 
2.328 -0.278208 0.172839 -0.268834 0.166944 -0.260672 0.162042 -0.252489 0.156592 -0.244872 0.151509 -0.270768 0.180724 -0.261486 0.174828 
3.43 -0.423394 -0.0894535 -0.410915 -0.0871986 -0.399921 -0.0847587 -0.388886 -0.0832113 -0.378491 -0.0816985 -0.414871 -0.0818239 -0.402677 -0.0797908 
4.613 -0.0727572 -0.10315 -0.0709753 -0.101147 -0.0695908 -0.0988412 -0.0679225 -0.0973525 -0.0662497 -0.0957064 -0.0648061 -0.096079 -0.0629067 -0.0942107 
2.041 0.33883 0.0838104 0.325983 0.0800225 0.314249 0.0771038 0.303457 0.0735739 0.293368 0.0706886 0.350271 0.0916317 0.337572 0.0877831 
4.543 -0.0837146 -0.130544 -0.0816782 -0.127972 -0.0800572 -0.125289 -0.0781622 -0.123299 -0.076293 -0.121272 -0.0756973 -0.123428 -0.0735969 -0.121072 
3.816 -0.301493 -0.241487 -0.29343 -0.235535 -0.286375 -0.229722 -0.279167 -0.22483 -0.27219 -0.220071 -0.293003 -0.233718 -0.285128 -0.228101 
3.613 -0.356965 -0.0469936 -0.346717 -0.0459285 -0.337739 -0.0446455 -0.328651 -0.0441572 -0.319975 -0.0436187 -0.348753 -0.0394524 -0.338763 -0.0386652 
4.562 -0.0782359 -0.116162 -0.0763065 -0.113899 -0.0749074 -0.111475 -0.0731531 -0.109886 -0.071426 -0.108127 -0.0702257 -0.108986 -0.0682993 -0.106988 
3.738 -0.311081 -0.119586 -0.302687 -0.116715 -0.295385 -0.113677 -0.287883 -0.111501 -0.280713 -0.109349 -0.302778 -0.112158 -0.294596 -0.10949 
4.754 -0.048103 -0.177113 -0.0468941 -0.173485 -0.0460947 -0.169939 -0.044954 -0.167184 -0.0437535 -0.164341 -0.0400136 -0.169658 -0.0387519 -0.166503 
3.982 -0.233009 -0.14698 -0.227049 -0.143588 -0.221851 -0.140061 -0.216525 -0.137442 -0.211225 -0.134808 -0.224474 -0.139507 -0.2186 -0.136383 
3.4 -0.441885 -0.12575 -0.428725 -0.122324 -0.417133 -0.118834 -0.405539 -0.116291 -0.394491 -0.113799 -0.433172 -0.11805 -0.420327 -0.114917 
3.57 -0.37751 -0.115477 -0.366764 -0.112502 -0.3573 -0.109443 -0.347685 -0.107174 -0.338666 -0.104989 -0.369104 -0.107936 -0.358597 -0.105179 
3.621 -0.363813 -0.176428 -0.353449 -0.171821 -0.344292 -0.167226 -0.335087 -0.163532 -0.326303 -0.15994 -0.355251 -0.168817 -0.345087 -0.164451 
4.73 -0.0535817 -0.258608 -0.0522682 -0.253366 -0.051352 -0.248191 -0.0501279 -0.243848 -0.0487812 -0.239574 -0.0454929 -0.251314 -0.0441272 -0.246438 
3.498 -0.405588 -0.113423 -0.393699 -0.110424 -0.383287 -0.107369 -0.372729 -0.105127 -0.362766 -0.10299 -0.397068 -0.105825 -0.385453 -0.103075 
3.941 -0.244651 -0.109314 -0.23827 -0.106728 -0.232896 -0.104402 -0.227254 -0.102695 -0.221811 -0.100895 -0.23647 -0.101892 -0.230234 -0.0995491 
4.598 -0.0809752 -0.227106 -0.0790246 -0.222264 -0.0775083 -0.217805 -0.0757065 -0.214017 -0.0738383 -0.210242 -0.0728853 -0.219718 -0.0708927 -0.215466 
3.768 -0.287796 -0.0442542 -0.279826 -0.0433004 -0.27288 -0.0421128 -0.26583 -0.0417632 -0.259028 -0.0412806 -0.279791 -0.0368232 -0.271897 -0.0360746 
3.914 -0.238488 -0.0435694 -0.232208 -0.0427225 -0.22688 -0.0416136 -0.221287 -0.0412544 -0.215924 -0.0408182 -0.230397 -0.0361983 -0.224289 -0.035536 
3.541 -0.212464 0.0762772 -0.205747 0.073647 -0.200044 0.0717612 -0.194167 0.0690922 -0.188616 0.0667388 -0.204784 0.083754 -0.198167 0.0811413 
2.475 -0.196028 0.139967 -0.189738 0.135406 -0.184416 0.131751 -0.178989 0.12732 -0.173772 0.123497 -0.188409 0.147855 -0.182182 0.143231 
4.078 -0.201507 -0.0997261 -0.196289 -0.0974934 -0.192016 -0.0951577 -0.187395 -0.0935522 -0.183073 -0.0919684 -0.193144 -0.0923158 -0.188151 -0.0903309 
4.844 -0.00701274 -0.0805506 -0.00662271 -0.0790751 -0.00657293 -0.0773693 -0.00606703 -0.0762662 -0.00562902 -0.0751238 0.000943192 -0.0736074 0.00145707 -0.0722555 
3.951 -0.254924 -0.233954 -0.248302 -0.228347 -0.242661 -0.222906 -0.236745 -0.218278 -0.231014 -0.213836 -0.24653 -0.226328 -0.240088 -0.221039 
3.521 -0.399425 -0.157937 -0.387907 -0.153722 -0.377981 -0.149549 -0.367721 -0.146232 -0.358213 -0.143122 -0.39088 -0.150248 -0.379773 -0.146336 
4.016 -0.225476 -0.109999 -0.219622 -0.1075 -0.214474 -0.104856 -0.209235 -0.103014 -0.204023 -0.101131 -0.217389 -0.102615 -0.211536 -0.100345 
4.066 -0.202876 -0.0757567 -0.197634 -0.0742418 -0.193307 -0.072478 -0.18857 -0.0714733 -0.184087 -0.0703912 -0.194811 -0.0684531 -0.189706 -0.0670989 
3.822 -0.282317 -0.10315 -0.274747 -0.100733 -0.268226 -0.0982321 -0.261484 -0.0965422 -0.25493 -0.094709 -0.274022 -0.0957156 -0.26672 -0.0935543 
3.688 0.201178 -0.33531 0.195854 -0.326498 0.190542 -0.318251 0.185881 -0.310715 0.181728 -0.303394 0.209891 -0.328998 0.20484 -0.320787 
4.758 -0.0494727 -0.194234 -0.048237 -0.190333 -0.0473873 -0.186428 -0.0462449 -0.18334 -0.0450076 -0.180114 -0.0413623 -0.186835 -0.0400942 -0.183421 
4.402 -0.120696 -0.237378 -0.117764 -0.232157 -0.115437 -0.227029 -0.112751 -0.222675 -0.110067 -0.218424 -0.112579 -0.229948 -0.109663 -0.22503 
4.102 -0.190549 -0.0668539 -0.185766 -0.0656184 -0.18181 -0.0640888 -0.177527 -0.063299 -0.173442 -0.0624659 -0.182469 -0.0595599 -0.177823 -0.0584637 
2.439 -0.239173 0.145446 -0.23134 0.140572 -0.224682 0.136639 -0.217907 0.132026 -0.211439 0.127855 -0.231571 0.153232 -0.223846 0.148369 
2.562 -0.211094 0.133804 -0.204396 0.129471 -0.198542 0.125931 -0.192646 0.12174 -0.187103 0.11797 -0.203444 0.141552 -0.196777 0.137133 
4.297 -0.137132 -0.087399 -0.133595 -0.0856034 -0.13068 -0.0836819 -0.127616 -0.0824102 -0.124375 -0.0811216 -0.129134 -0.0801084 -0.125711 -0.0786227 
4.234 -0.155623 -0.142871 -0.151803 -0.139954 -0.148628 -0.136828 -0.145113 -0.134468 -0.141652 -0.13215 -0.147598 -0.135674 -0.143758 -0.132882 
4.367 -0.12412 -0.109314 -0.121134 -0.107089 -0.118623 -0.104674 -0.115846 -0.102934 -0.113121 -0.101205 -0.116138 -0.102152 -0.113168 -0.10005 
3.451 -0.424079 -0.160677 -0.411646 -0.156295 -0.400658 -0.151968 -0.389748 -0.148547 -0.379252 -0.145268 -0.415424 -0.152923 -0.403293 -0.148844 
4.352 -0.133023 -0.203821 -0.129801 -0.199399 -0.12716 -0.195122 -0.124276 -0.191528 -0.121317 -0.187905 -0.124915 -0.196466 -0.121749 -0.192433 
4.336 -0.135762 -0.240118 -0.13243 -0.234807 -0.129715 -0.229477 -0.126659 -0.225034 -0.123635 -0.220665 -0.127642 -0.232712 -0.124335 -0.227687 
3.701 0.193645 -0.382564 0.188686 -0.372629 0.183709 -0.363095 0.179241 -0.354684 0.175419 -0.346585 0.202319 -0.376322 0.197608 -0.366739 
3.816 0.148445 -0.12438 0.144753 -0.121531 0.141142 -0.118517 0.137909 -0.116274 0.134983 -0.113777 0.15716 -0.117867 0.153722 -0.115083 
3.852 -0.237118 0.0762772 -0.229719 0.0736946 -0.223413 0.0718818 -0.216937 0.0692776 -0.210768 0.0669451 -0.229393 0.0837757 -0.222106 0.0812049 
4.414 -0.115217 -0.173004 -0.112384 -0.169365 -0.110092 -0.165753 -0.107453 -0.162864 -0.104883 -0.159981 -0.107198 -0.165718 -0.104375 -0.162357 
2.32 0.160772 0.0516231 0.156407 0.049647 0.152252 0.0483413 0.148422 0.0463778 0.145157 0.0447712 0.169576 0.0589579 0.165621 0.0570251 
4.094 -0.187125 -0.000424599 -0.182344 -0.000717779 -0.178252 -0.000680034 -0.173912 -0.00133653 -0.169789 -0.00178792 -0.179264 0.00683955 -0.174548 0.00649216 
4.102 -0.196713 -0.162731 -0.191811 -0.159018 -0.18748 -0.155306 -0.183153 -0.15238 -0.178703 -0.149445 -0.188614 -0.155341 -0.183686 -0.151909 
4.27 -0.151513 -0.242857 -0.147711 -0.237358 -0.144588 -0.231935 -0.141111 -0.227356 -0.137668 -0.22284 -0.143379 -0.235473 -0.139608 -0.230246 
4.359 -0.120696 -0.0867141 -0.117699 -0.0850135 -0.115136 -0.0829874 -0.112504 -0.0817532 -0.109863 -0.0804728 -0.112729 -0.0794884 -0.109806 -0.0779401 
3.883 -0.266566 -0.14561 -0.259497 -0.142096 -0.253345 -0.138478 -0.247013 -0.135776 -0.240918 -0.133101 -0.258264 -0.138116 -0.25135 -0.134879 
4.402 -0.117956 -0.142186 -0.115147 -0.139386 -0.11285 -0.136411 -0.110221 -0.134149 -0.107673 -0.13182 -0.109972 -0.134997 -0.107207 -0.132363 
4.332 -0.135077 -0.223682 -0.131818 -0.218784 -0.12914 -0.213936 -0.126184 -0.209955 -0.123227 -0.206015 -0.127076 -0.216288 -0.123787 -0.211768 
4.184 -0.176168 -0.264772 -0.171645 -0.258618 -0.167857 -0.252612 -0.163809 -0.247474 -0.159816 -0.242535 -0.167917 -0.257135 -0.163512 -0.251381 
3.816 -0.29122 -0.174373 -0.283401 -0.170174 -0.276592 -0.165971 -0.269514 -0.162647 -0.26274 -0.15939 -0.282878 -0.166888 -0.275152 -0.162937 
3.691 -0.329571 -0.0921929 -0.320428 -0.0899611 -0.312557 -0.0875359 -0.304479 -0.0859628 -0.296719 -0.0843505 -0.321227 -0.0847572 -0.312392 -0.0826928 
4.398 -0.120696 -0.222312 -0.11781 -0.217549 -0.115466 -0.212801 -0.112832 -0.208886 -0.110183 -0.204955 -0.112491 -0.214936 -0.109643 -0.210479 
3.916 -0.098781 -0.00110944 -0.0958919 -0.00135509 -0.0935765 -0.00116273 -0.0911048 -0.00175549 -0.0888375 -0.00206534 -0.0909948 0.00601636 -0.0879667 0.00570454 
4.168 -0.190549 -0.299014 -0.185706 -0.292222 -0.181725 -0.285548 -0.177455 -0.279923 -0.173222 -0.274476 -0.182202 -0.291179 -0.177565 -0.28485 
3.467 0.337461 -0.136022 0.325694 -0.131711 0.314862 -0.12747 0.304844 -0.123997 0.295692 -0.120496 0.347932 -0.129915 0.336454 -0.125754 
4.523 -0.0980962 -0.255184 -0.0957241 -0.249835 -0.0938817 -0.24449 -0.091697 -0.239934 -0.0894859 -0.235423 -0.089915 -0.247857 -0.0875814 -0.242701 
4.57 -0.0741268 -0.0860293 -0.0723375 -0.0845314 -0.0708924 -0.0827188 -0.069169 -0.0815227 -0.0675373 -0.0801992 -0.0662351 -0.078949 -0.064279 -0.0775643 
3.818 -0.283002 -0.0668539 -0.275335 -0.0653465 -0.269277 -0.0636441 -0.261887 -0.0626648 -0.254769 -0.0616563 -0.274302 -0.0594168 -0.266862 -0.0581094 
4.566 -0.0864539 -0.195603 -0.0844617 -0.191678 -0.0829175 -0.187776 -0.0811468 -0.184783 -0.0792163 -0.181576 -0.0784109 -0.188345 -0.0763335 -0.184874 
2.436 -0.252185 0.140652 -0.243878 0.135795 -0.23683 0.13206 -0.229429 0.127459 -0.222723 0.1234 -0.244681 0.148481 -0.236546 0.143745 
4.359 0.0957129 0.0187509 0.0936673 0.0179493 0.0914955 0.017588 0.0896392 0.0165476 0.0879588 0.0157934 0.1042 0.0259516 0.102317 0.0250507 
3.611 -0.372716 -0.385303 -0.362279 -0.374995 -0.353047 -0.365127 -0.343725 -0.356397 -0.334738 -0.348075 -0.363698 -0.376822 -0.353505 -0.366982 
4.664 -0.0672785 -0.172319 -0.0656531 -0.168695 -0.0644496 -0.165258 -0.0629506 -0.162361 -0.061399 -0.159572 -0.0592457 -0.164997 -0.0575256 -0.161873 
3.758 -0.301493 -0.0456239 -0.293366 -0.0446335 -0.286287 -0.0433738 -0.279049 -0.042925 -0.272094 -0.0424289 -0.293354 -0.0381728 -0.285381 -0.0373694 
4.566 -0.0871387 -0.181222 -0.0850036 -0.177528 -0.083329 -0.17373 -0.081367 -0.170749 -0.0792945 -0.167668 -0.0790966 -0.17392 -0.0769016 -0.170555 
3.85 -0.287111 -0.242857 -0.279628 -0.23696 -0.273139 -0.231186 -0.266414 -0.226317 -0.259902 -0.22159 -0.278669 -0.2351 -0.271366 -0.229533 
4.473 -0.0960416 -0.087399 -0.0935994 -0.0857787 -0.0917449 -0.0837008 -0.089592 -0.0827701 -0.0874033 -0.0813931 -0.0880287 -0.0802563 -0.0856233 -0.0787596 
4.586 -0.0631694 -0.0647993 -0.0614444 -0.0637424 -0.0602771 -0.0623799 -0.0588043 -0.0618213 -0.0572987 -0.0610052 -0.0550805 -0.057675 -0.0534146 -0.0566143 
4.074 -0.196028 -0.0483632 -0.191004 -0.0474327 -0.186783 -0.0462319 -0.182287 -0.0457996 -0.177993 -0.0452312 -0.188049 -0.041021 -0.183123 -0.0402728 
4.059 -0.211094 -0.0894535 -0.205567 -0.0876041 -0.200897 -0.0854724 -0.195941 -0.0841377 -0.191175 -0.0827494 -0.203028 -0.0821225 -0.197553 -0.0804369 
2.275 -0.197398 0.157088 -0.19111 0.152018 -0.185778 0.147983 -0.180282 0.143153 -0.175152 0.138948 -0.189827 0.164956 -0.18356 0.159928 
4.648 -0.0686481 -0.241487 -0.0669867 -0.23662 -0.065804 -0.231664 -0.0643065 -0.227668 -0.0627287 -0.223653 -0.0605553 -0.234177 -0.0588753 -0.22947 
4.488 -0.098781 -0.188755 -0.0964668 -0.18482 -0.0946074 -0.180899 -0.0924824 -0.177786 -0.090273 -0.174559 -0.0908148 -0.18161 -0.0883292 -0.177917 
4.512 -0.0926174 -0.116847 -0.090425 -0.114702 -0.0888169 -0.112322 -0.0867903 -0.110691 -0.0847856 -0.10896 -0.0846758 -0.109809 -0.0823796 -0.107792 
2.445 -0.154938 0.131064 -0.150297 0.127219 -0.146419 0.124068 -0.142332 0.120286 -0.138551 0.116875 -0.147033 0.13879 -0.142476 0.134905 
4.395 -0.117272 -0.12575 -0.114348 -0.123095 -0.112043 -0.120335 -0.109447 -0.118308 -0.106855 -0.116293 -0.109185 -0.118564 -0.10637 -0.116158 
4.52 -0.094672 -0.208615 -0.0924796 -0.204286 -0.0907762 -0.200088 -0.0887903 -0.196638 -0.086665 -0.193173 -0.086591 -0.201139 -0.0843669 -0.197421 
4 -0.229585 -0.16684 -0.2239 -0.162939 -0.218954 -0.159028 -0.213714 -0.155939 -0.208798 -0.152915 -0.221961 -0.159444 -0.216173 -0.155788 
4.008 -0.107684 -0.0120668 -0.104833 -0.0121294 -0.101813 -0.011805 -0.09925 -0.0121736 -0.0964604 -0.0123818 -0.100457 -0.00481907 -0.0973441 -0.00499078 
3.475 -0.406958 -0.0867141 -0.39501 -0.084519 -0.384375 -0.0821521 -0.373677 -0.0806339 -0.3635 -0.0791384 -0.398511 -0.0791395 -0.38674 -0.0771309 
3.709 -0.323408 -0.109314 -0.314524 -0.106692 -0.306693 -0.10395 -0.298686 -0.101983 -0.291033 -0.100082 -0.315036 -0.101818 -0.30643 -0.0994348 
3.83 -0.281633 -0.122326 -0.27399 -0.119396 -0.267433 -0.11639 -0.260574 -0.114132 -0.254007 -0.111953 -0.273367 -0.114825 -0.26593 -0.112156 
3.85 -0.269306 -0.0935625 -0.262106 -0.0914661 -0.255897 -0.0890878 -0.24947 -0.0876306 -0.243241 -0.0860585 -0.261128 -0.0861758 -0.254053 -0.084229 
3.814 0.156663 -0.0949322 0.152671 -0.0926901 0.148695 -0.0902794 0.145191 -0.0885477 0.14192 -0.0867622 0.165535 -0.0882477 0.161699 -0.0861734 
4.445 -0.110423 -0.212724 -0.107827 -0.208213 -0.105634 -0.203751 -0.103261 -0.200135 -0.10083 -0.196443 -0.102299 -0.205362 -0.0997078 -0.201267 
3.652 -0.341214 -0.0730174 -0.33134 -0.0713511 -0.322915 -0.069504 -0.314332 -0.0684433 -0.306109 -0.0673563 -0.33268 -0.0655827 -0.323172 -0.0641191 
4.129 -0.18781 -0.116847 -0.183053 -0.114359 -0.1791 -0.111716 -0.174855 -0.109859 -0.170679 -0.108002 -0.179659 -0.109533 -0.175059 -0.107264 
4.527 -0.08166 -0.0737022 -0.0796001 -0.0724839 -0.0782052 -0.071227 -0.0765977 -0.0709304 -0.0748273 -0.0699266 -0.0737195 -0.067032 -0.0717425 -0.066071 
3.666 -0.341898 -0.142186 -0.332421 -0.138621 -0.324097 -0.134975 -0.315755 -0.132259 -0.307571 -0.129575 -0.333535 -0.134578 -0.324221 -0.13125 
4.07 -0.197398 0.0701137 -0.191111 0.067688 -0.18605 0.0660625 -0.180596 0.0635895 -0.175667 0.0615048 -0.189507 0.0775158 -0.183318 0.0751106 
4.258 -0.153568 -0.162731 -0.149735 -0.159192 -0.146593 -0.155709 -0.143104 -0.152869 -0.139755 -0.15022 -0.145433 -0.155292 -0.141644 -0.152186 
3.465 -0.16521 0.0906588 -0.16022 0.0877402 -0.155989 0.0855909 -0.151641 0.0827202 -0.147499 0.0801095 -0.157321 0.0980451 -0.152381 0.0951696 
2.523 -0.276154 0.237214 -0.266938 0.229206 -0.258812 0.222409 -0.25061 0.214982 -0.243008 0.208244 -0.268985 0.245571 -0.259699 0.237565 
4.23 -0.161101 -0.260663 -0.157031 -0.254749 -0.153719 -0.249 -0.149975 -0.244051 -0.146316 -0.23922 -0.152881 -0.253134 -0.148895 -0.247607 
