4.078 -0.181646 -0.032612 -0.206014 -0.0324334 -0.230153 -0.0323595 -0.254803 -0.0325405 -0.279303 -0.0326944 -0.303271 -0.032358 -0.32747 -0.0319427 
4.105 -0.115902 -0.0196001 -0.139402 -0.0194344 -0.162738 -0.0192414 -0.186576 -0.0194185 -0.210306 -0.0194214 -0.233755 -0.0189737 -0.257527 -0.0185274 
2.893 -0.35765 0.141337 -0.391975 0.14168 -0.42593 0.141955 -0.460399 0.142124 -0.494814 0.142146 -0.528594 0.142524 -0.56238 0.142918 
3.088 -0.247391 0.183112 -0.279505 0.183488 -0.311329 0.183717 -0.343517 0.183798 -0.375359 0.183862 -0.406658 0.184108 -0.438099 0.184662 
4.023 -0.178222 0.000260238 -0.202839 0.000162846 -0.227281 5.75123e-05 -0.251622 -0.00014421 -0.276185 -0.00018137 -0.300599 0.000194488 -0.325335 0.000620171 
4.043 -0.182331 -0.0134365 -0.206613 -0.0132038 -0.23067 -0.0130906 -0.255358 -0.0131868 -0.279949 -0.0132893 -0.304029 -0.0129597 -0.328306 -0.0124333 
3.57 -0.340529 -0.0353513 -0.369254 -0.03516 -0.39775 -0.0350296 -0.426818 -0.0351205 -0.455692 -0.0352973 -0.484012 -0.0349947 -0.512508 -0.0345471 
3.553 -0.0570059 0.0975072 -0.0797879 0.0977357 -0.102221 0.0979266 -0.125128 0.0978557 -0.147925 0.0979135 -0.170382 0.0984382 -0.19294 0.0989866 
3.725 -0.143295 0.072853 -0.170365 0.073178 -0.197038 0.0733919 -0.224252 0.0734265 -0.251453 0.0734524 -0.278318 0.073905 -0.305262 0.0744492 
4.445 -0.0556362 0.0269689 -0.078696 0.0272005 -0.101674 0.02732 -0.124966 0.0272119 -0.14821 0.0271942 -0.170995 0.0276733 -0.194095 0.0281555 
3.479 -0.202191 0.18996 -0.232697 0.190377 -0.262995 0.19071 -0.293661 0.190815 -0.324192 0.190911 -0.354076 0.191306 -0.384267 0.191982 
3.904 -0.0843994 0.068744 -0.108791 0.0689742 -0.133025 0.0691791 -0.157724 0.0690468 -0.182256 0.0690497 -0.206561 0.0694921 -0.230884 0.0699725 
3.32 0.42238 -0.00521846 0.393329 -0.00493469 0.364603 -0.00474137 0.335625 -0.00502698 0.306939 -0.00483717 0.278321 -0.00417294 0.249727 -0.00351435 
4.16 -0.139186 -0.0798658 -0.163516 -0.0796857 -0.187543 -0.0796146 -0.212145 -0.0798577 -0.236612 -0.0800461 -0.26067 -0.0797124 -0.284822 -0.0793024 
3.279 -0.4186 -0.0531571 -0.449942 -0.0528905 -0.481068 -0.0527266 -0.512749 -0.0527547 -0.544184 -0.0529935 -0.57476 -0.0526103 -0.605409 -0.0521916 
4.121 -0.110423 -0.0339816 -0.134127 -0.0336549 -0.157745 -0.0334164 -0.181692 -0.0336538 -0.205724 -0.0337258 -0.229303 -0.0332788 -0.253097 -0.0329208 
4.219 -0.191234 -0.0784961 -0.215935 -0.0783854 -0.240399 -0.0783186 -0.265352 -0.0785266 -0.289758 -0.0786689 -0.313811 -0.0783785 -0.338203 -0.0779372 
3.117 -0.239858 0.202287 -0.271028 0.202791 -0.301914 0.203161 -0.33324 0.203304 -0.36461 0.203419 -0.395411 0.2039 -0.426326 0.204451 
4.207 -0.12549 -0.0819203 -0.149608 -0.0817106 -0.173586 -0.0816192 -0.198016 -0.0818761 -0.222465 -0.0820924 -0.246329 -0.0817246 -0.270466 -0.0813274 
2.84 -0.381619 0.157773 -0.416623 0.158192 -0.451345 0.158449 -0.486593 0.158598 -0.521796 0.158556 -0.556171 0.15889 -0.590593 0.159234 
3.484 -0.364498 -0.044939 -0.393922 -0.0446037 -0.423099 -0.0444478 -0.452874 -0.0445204 -0.482449 -0.0446865 -0.511335 -0.0443845 -0.540378 -0.043998 
3.68 -0.309711 -0.036721 -0.337459 -0.0364838 -0.364921 -0.0363657 -0.39296 -0.0364823 -0.420866 -0.0366838 -0.448145 -0.0363453 -0.475616 -0.0359014 
3.268 -0.432982 -0.185331 -0.464101 -0.185124 -0.494938 -0.184992 -0.52636 -0.185103 -0.557345 -0.185351 -0.587442 -0.184893 -0.617498 -0.184334 
2.949 0.484701 -0.0134365 0.449698 -0.0131843 0.415285 -0.0130391 0.380524 -0.0133023 0.345914 -0.0130948 0.311754 -0.0125189 0.277583 -0.0118378 
3.189 -0.259033 0.100931 -0.292168 0.101391 -0.325022 0.101718 -0.358321 0.101829 -0.39158 0.101887 -0.424346 0.102368 -0.457247 0.102932 
3.957 -0.0707026 0.0406657 -0.0950776 0.0409037 -0.11889 0.0410114 -0.143433 0.0410001 -0.167648 0.0409894 -0.191858 0.0414418 -0.216091 0.0420089 
3.576 -0.269306 0.047514 -0.298222 0.0478762 -0.326952 0.048016 -0.356104 0.0479842 -0.38524 0.0479398 -0.41377 0.0483375 -0.44243 0.0488869 
3.223 -0.434351 -0.0538419 -0.465959 -0.0535367 -0.497316 -0.0533754 -0.529263 -0.053401 -0.560854 -0.0535927 -0.591733 -0.0532414 -0.622528 -0.0528429 
3.018 -0.254239 0.169415 -0.287182 0.16982 -0.320283 0.170047 -0.353812 0.170131 -0.387512 0.170186 -0.420637 0.170548 -0.454039 0.171118 
2.783 0.629886 -0.0442542 0.594389 -0.0441444 0.558165 -0.0440002 0.521955 -0.0442534 0.486002 -0.0440821 0.449785 -0.0432219 0.41411 -0.0426779 
3.943 -0.115217 0.0173812 -0.140254 0.0177012 -0.165144 0.0179441 -0.190669 0.0178994 -0.21594 0.0179369 -0.240963 0.0184478 -0.266194 0.0189023 
4.008 -0.0583756 0.0735379 -0.0811071 0.0737636 -0.103567 0.0738407 -0.126567 0.0736985 -0.149383 0.0736342 -0.17191 0.0739963 -0.195493 0.0745995 
3.346 0.450459 -0.125065 0.416818 -0.124799 0.383246 -0.124658 0.349233 -0.124814 0.31567 -0.124683 0.282241 -0.123785 0.248972 -0.123085 
2.93 -0.374771 0.135858 -0.408674 0.136294 -0.442414 0.136664 -0.476574 0.136849 -0.510746 0.136893 -0.544191 0.137316 -0.577725 0.137782 
4.02 -0.156992 0.00573894 -0.18216 0.00595763 -0.207314 0.00605448 -0.232933 0.00589322 -0.258301 0.00581832 -0.283298 0.00622268 -0.308416 0.00675905 
3.781 -0.307656 -0.183276 -0.335014 -0.183217 -0.362138 -0.183229 -0.389945 -0.1835 -0.417425 -0.183922 -0.444286 -0.183647 -0.471348 -0.183365 
3.359 -0.409012 -0.182591 -0.439296 -0.182374 -0.469252 -0.182258 -0.499894 -0.18237 -0.530232 -0.182612 -0.559608 -0.182205 -0.589214 -0.181658 
3.16 -0.45969 -0.12438 -0.491989 -0.124144 -0.523897 -0.123979 -0.556348 -0.12401 -0.588402 -0.124216 -0.619528 -0.123804 -0.650592 -0.123236 
3.264 0.305958 -0.109999 0.27133 -0.109515 0.236951 -0.109131 0.202533 -0.109448 0.168565 -0.109418 0.134837 -0.109081 0.101091 -0.108144 
3.215 -0.448048 -0.185331 -0.479581 -0.18513 -0.510751 -0.185009 -0.542584 -0.185061 -0.573859 -0.185271 -0.604247 -0.184735 -0.634594 -0.184136 
3.488 -0.371346 -0.170264 -0.400466 -0.170068 -0.429279 -0.169956 -0.458819 -0.170127 -0.48804 -0.170441 -0.516602 -0.170067 -0.545215 -0.169627 
3.646 -0.33505 -0.192864 -0.362876 -0.192702 -0.390432 -0.192627 -0.418645 -0.192808 -0.446333 -0.193074 -0.473746 -0.192752 -0.501218 -0.192373 
3.473 -0.367922 -0.0764416 -0.397313 -0.0761711 -0.426413 -0.0760067 -0.45614 -0.0760401 -0.485645 -0.0761847 -0.514444 -0.0758903 -0.543384 -0.0754625 
3.725 -0.29396 0.0146418 -0.321444 0.0149426 -0.348665 0.0150848 -0.376362 0.0150754 -0.403955 0.0150096 -0.430991 0.0153005 -0.458262 0.0158196 
3.564 -0.360389 -0.201082 -0.38914 -0.200956 -0.417558 -0.200899 -0.446458 -0.201064 -0.474982 -0.201343 -0.503195 -0.201018 -0.531397 -0.200609 
3.387 -0.406273 -0.211355 -0.436363 -0.211162 -0.466163 -0.211065 -0.496567 -0.211171 -0.526556 -0.211441 -0.555767 -0.211009 -0.584989 -0.210456 
3.43 0.386084 -0.032612 0.353102 -0.0323725 0.320512 -0.0321497 0.287729 -0.0323351 0.255111 -0.0321204 0.222763 -0.0313493 0.190334 -0.0306919 
3.182 -0.463115 -0.18944 -0.49521 -0.189187 -0.526877 -0.189036 -0.559096 -0.189042 -0.59082 -0.189179 -0.621488 -0.188654 -0.652208 -0.187957 
3.721 -0.321353 -0.198343 -0.348645 -0.198149 -0.375707 -0.198061 -0.403259 -0.198199 -0.430563 -0.19847 -0.45734 -0.198134 -0.48452 -0.197774 
2.869 -0.348747 0.152294 -0.383023 0.152728 -0.417021 0.153069 -0.451617 0.153202 -0.48618 0.153195 -0.520233 0.153503 -0.554341 0.153969 
3.436 -0.213149 0.179688 -0.243134 0.180046 -0.272947 0.180196 -0.303005 0.180238 -0.333013 0.180279 -0.362553 0.180654 -0.392299 0.181231 
3.295 -0.431612 -0.222312 -0.462474 -0.222113 -0.492969 -0.221974 -0.524121 -0.222066 -0.554639 -0.222243 -0.584449 -0.221777 -0.614173 -0.221159 
3.609 -0.345323 -0.203821 -0.373612 -0.203705 -0.401558 -0.203652 -0.429951 -0.203812 -0.458015 -0.204076 -0.485581 -0.203749 -0.513424 -0.203391 
3.949 -0.183701 0.0132722 -0.209587 0.0135234 -0.235025 0.0135217 -0.261208 0.0132783 -0.287219 0.0130024 -0.312704 0.0131218 -0.338314 0.0133335 
4.051 -0.139186 0.00573894 -0.164518 0.00594263 -0.189511 0.00606999 -0.214991 0.00588039 -0.240242 0.00574304 -0.265141 0.00611221 -0.290113 0.00657534 
2.963 -0.269306 0.152294 -0.303343 0.15274 -0.337063 0.153015 -0.371318 0.153131 -0.405604 0.153161 -0.439311 0.153602 -0.473161 0.154146 
3.764 -0.277524 0.0187509 -0.305854 0.0189785 -0.333887 0.0191118 -0.3624 0.0190682 -0.390896 0.0189691 -0.418846 0.0193109 -0.446979 0.019808 
3.453 -0.383673 -0.178482 -0.41321 -0.178297 -0.442266 -0.178186 -0.472202 -0.178334 -0.501771 -0.178623 -0.530611 -0.178249 -0.559495 -0.177827 
4.168 -0.110423 -0.0757567 -0.134199 -0.0755371 -0.157947 -0.0754103 -0.182279 -0.0757384 -0.206592 -0.0759695 -0.230366 -0.0755138 -0.254425 -0.0751428 
2.701 -0.332311 0.225572 -0.370797 0.226017 -0.408925 0.226382 -0.44761 0.226579 -0.486352 0.226653 -0.524257 0.226979 -0.562129 0.22741 
3.459 -0.37614 -0.133968 -0.405364 -0.133577 -0.434327 -0.133378 -0.464185 -0.133406 -0.493652 -0.133597 -0.522395 -0.133213 -0.551244 -0.132746 
3.896 -0.239858 0.0146418 -0.268034 0.0149407 -0.296134 0.0151415 -0.324666 0.0151293 -0.353213 0.0150844 -0.381126 0.0154827 -0.409046 0.0159286 
3.68 -0.157677 0.0742227 -0.185419 0.0745349 -0.212987 0.0747274 -0.240737 0.074787 -0.268557 0.0748008 -0.295889 0.0752571 -0.323476 0.075825 
3.605 -0.343953 -0.14561 -0.372243 -0.145411 -0.400226 -0.145298 -0.428894 -0.145461 -0.457284 -0.145748 -0.485094 -0.145416 -0.513062 -0.14502 
3.445 -0.389837 -0.212724 -0.419487 -0.212554 -0.44872 -0.212457 -0.478553 -0.212586 -0.50803 -0.212836 -0.536918 -0.212479 -0.565751 -0.211998 
3.291 0.387454 0.0112176 0.355277 0.0112785 0.323324 0.0113009 0.291096 0.010952 0.25917 0.0109768 0.227462 0.0113726 0.195909 0.0117548 
3.34 0.360745 0.0105328 0.328517 0.010639 0.29643 0.0107986 0.264002 0.0105647 0.231837 0.0106468 0.200038 0.0111126 0.168372 0.0116194 
3.229 0.455938 -0.00795781 0.422032 -0.00795656 0.387864 -0.00781904 0.353623 -0.00809165 0.319687 -0.00786815 0.285879 -0.00724372 0.251956 -0.00686581 
4.453 -0.199452 -0.264772 -0.222438 -0.26463 -0.245119 -0.26453 -0.268537 -0.264891 -0.291538 -0.265174 -0.314163 -0.26496 -0.336859 -0.264556 
3.268 0.342939 0.0105328 0.307764 0.0106663 0.272889 0.0109386 0.237812 0.0109882 0.202956 0.0113675 0.168413 0.0118922 0.133954 0.0122288 
2.691 -0.325462 0.244062 -0.36344 0.244703 -0.40131 0.245098 -0.439698 0.245391 -0.47812 0.245513 -0.515741 0.24591 -0.553369 0.24638 
4.055 -0.230955 -0.0353513 -0.256047 -0.035085 -0.280928 -0.0349731 -0.306326 -0.0350625 -0.331548 -0.035209 -0.356303 -0.0348981 -0.381263 -0.0345236 
4.523 -0.189864 -0.216833 -0.212779 -0.216675 -0.235448 -0.216589 -0.258727 -0.216877 -0.281639 -0.217142 -0.304076 -0.216802 -0.326673 -0.216365 
3.17 -0.461745 -0.151089 -0.494019 -0.150858 -0.525783 -0.150678 -0.558132 -0.15069 -0.589978 -0.150849 -0.621027 -0.15033 -0.651979 -0.149804 
3.664 -0.326832 -0.110683 -0.354661 -0.110458 -0.382516 -0.11035 -0.410786 -0.11048 -0.438802 -0.110704 -0.466344 -0.11039 -0.493991 -0.109947 
4.074 -0.246021 -0.161361 -0.271307 -0.161188 -0.296318 -0.161141 -0.321878 -0.161353 -0.347167 -0.161599 -0.371978 -0.161291 -0.396963 -0.160942 
3.482 -0.214519 0.155718 -0.244253 0.156086 -0.27384 0.15635 -0.303787 0.156403 -0.333788 0.156412 -0.363235 0.156803 -0.392817 0.15741 
3.359 -0.416546 -0.241487 -0.446655 -0.241217 -0.47646 -0.241048 -0.506924 -0.241088 -0.536924 -0.241303 -0.566042 -0.240731 -0.595247 -0.240057 
4.094 -0.118641 0.00231475 -0.143354 0.00243618 -0.16788 0.00246841 -0.192786 0.00226338 -0.217529 0.00213547 -0.241931 0.00246239 -0.266581 0.00273638 
4.238 -0.152883 -0.0826051 -0.177091 -0.0824386 -0.201296 -0.0823689 -0.226012 -0.0825978 -0.25048 -0.0827789 -0.274523 -0.0824651 -0.298852 -0.0820884 
4.387 -0.204246 -0.209985 -0.227621 -0.209866 -0.250748 -0.209787 -0.274502 -0.210142 -0.297862 -0.210394 -0.320802 -0.210076 -0.343858 -0.20963 
3.25 -0.437091 -0.144925 -0.468371 -0.144673 -0.499384 -0.144538 -0.530946 -0.144568 -0.562166 -0.144759 -0.592479 -0.14427 -0.622811 -0.143738 
3.285 -0.42134 -0.0819203 -0.452641 -0.0816638 -0.483716 -0.0816098 -0.515401 -0.081705 -0.546751 -0.082039 -0.577208 -0.0817357 -0.607782 -0.081316 
3.371 -0.402164 -0.162046 -0.432471 -0.161854 -0.462425 -0.161739 -0.492972 -0.161851 -0.52306 -0.162091 -0.552444 -0.161713 -0.581903 -0.161248 
3.674 -0.329571 -0.140816 -0.357466 -0.140612 -0.385192 -0.140515 -0.413353 -0.140647 -0.441426 -0.14093 -0.468755 -0.140574 -0.496341 -0.14016 
3.75 -0.111793 0.172154 -0.140399 0.172479 -0.168955 0.172698 -0.197837 0.172739 -0.226885 0.172832 -0.255278 0.173354 -0.283787 0.173971 
3.305 0.40252 0.0112176 0.370008 0.011333 0.33779 0.0115361 0.305475 0.0112497 0.273336 0.0112683 0.241367 0.0116336 0.209512 0.0119352 
3.387 -0.396685 -0.14835 -0.426887 -0.148128 -0.456736 -0.148002 -0.487201 -0.148077 -0.517291 -0.148324 -0.546613 -0.147989 -0.57603 -0.147514 
3.275 -0.424079 -0.116162 -0.455329 -0.11603 -0.486384 -0.11596 -0.517952 -0.11594 -0.549166 -0.11613 -0.579546 -0.115701 -0.609959 -0.115084 
2.633 -0.423394 0.222148 -0.462069 0.222561 -0.50034 0.222823 -0.539175 0.22291 -0.577681 0.222845 -0.615154 0.222888 -0.652341 0.223027 
4.141 -0.00495822 0.0755924 -0.0365812 0.0759632 -0.0682609 0.0761856 -0.100702 0.076094 -0.132652 0.0762831 -0.164507 0.0768526 -0.190603 0.077545 
4.363 -0.206985 -0.247651 -0.230365 -0.247472 -0.253521 -0.247366 -0.277227 -0.247703 -0.300632 -0.247954 -0.323521 -0.247629 -0.346553 -0.247177 
3.564 -0.187125 0.159827 -0.216638 0.160192 -0.245779 0.160429 -0.275368 0.160521 -0.305016 0.16057 -0.334152 0.161004 -0.363565 0.16158 
3.23 -0.215203 0.208451 -0.245857 0.208854 -0.276359 0.209136 -0.307252 0.209263 -0.338285 0.209414 -0.368769 0.20984 -0.399382 0.210387 
3.908 -0.273415 -0.166155 -0.299681 -0.165958 -0.325679 -0.165819 -0.352285 -0.165976 -0.378606 -0.166216 -0.40439 -0.165885 -0.43033 -0.165543 
4.359 -0.206985 -0.233269 -0.230354 -0.233068 -0.253542 -0.232983 -0.277267 -0.233271 -0.300662 -0.233544 -0.323626 -0.233195 -0.346714 -0.232837 
3.652 0.259389 0.000945076 0.230998 0.00111704 0.202865 0.00127537 0.174528 0.00101881 0.146409 0.00122396 0.117673 0.00171627 0.0887508 0.00219366 
3.445 -0.113163 0.207081 -0.14007 0.207812 -0.166667 0.208439 -0.193978 0.208806 -0.221109 0.209247 -0.248004 0.210093 -0.274199 0.211061 
3.137 0.312806 -0.0497329 0.280258 -0.0494682 0.248184 -0.0492607 0.214263 -0.0494274 0.179972 -0.0492044 0.146266 -0.0485254 0.112577 -0.0477949 
3.84 -0.260403 0.0160115 -0.288443 0.0163591 -0.316322 0.0165201 -0.344713 0.0164908 -0.372859 0.0164333 -0.40055 0.0167266 -0.428509 0.0172216 
2.809 0.603862 -0.144925 0.569693 -0.144829 0.535618 -0.144655 0.501228 -0.144849 0.466736 -0.144629 0.432635 -0.143663 0.39867 -0.142759 
4.094 -0.25013 -0.245596 -0.275183 -0.245438 -0.299925 -0.245338 -0.325355 -0.245604 -0.35035 -0.245908 -0.374908 -0.245576 -0.399618 -0.245216 
3.623 -0.326832 -0.04083 -0.355242 -0.0405758 -0.383321 -0.0404405 -0.41205 -0.0405068 -0.440556 -0.0406848 -0.468604 -0.0403652 -0.496805 -0.0399191 
4.484 -0.193289 -0.237378 -0.216178 -0.237258 -0.238827 -0.237186 -0.262071 -0.237483 -0.28492 -0.23766 -0.307382 -0.23728 -0.329957 -0.237002 
4.09 -0.0837146 0.0214902 -0.10787 0.0217305 -0.13171 0.0219174 -0.156099 0.0217907 -0.180347 0.0217506 -0.204079 0.0221997 -0.227572 0.0227773 
3.293 -0.415176 -0.0250788 -0.446558 -0.0248764 -0.477731 -0.0247673 -0.509437 -0.0248083 -0.54096 -0.0250393 -0.571631 -0.0246954 -0.602429 -0.0243549 
3.596 -0.341214 -0.114108 -0.369562 -0.113892 -0.397537 -0.113759 -0.426311 -0.113894 -0.454864 -0.114158 -0.482598 -0.113799 -0.510766 -0.113403 
3.896 0.0251746 -0.155883 -0.000625322 -0.155554 -0.0262673 -0.155262 -0.0522767 -0.155558 -0.0780443 -0.155608 -0.10337 -0.155224 -0.128995 -0.154788 
3.199 -0.222737 0.1927 -0.253501 0.193205 -0.284072 0.193558 -0.315002 0.193819 -0.346023 0.194078 -0.376541 0.194562 -0.407336 0.19505 
3.701 -0.324093 -0.154513 -0.351819 -0.154333 -0.379245 -0.154225 -0.407199 -0.15435 -0.434997 -0.154664 -0.462089 -0.154293 -0.489488 -0.153938 
3.188 -0.230955 0.158458 -0.262993 0.159015 -0.293004 0.158983 -0.323142 0.159028 -0.353249 0.159059 -0.382781 0.159511 -0.412633 0.16022 
3.246 0.460731 0.0112176 0.426438 0.0112312 0.392412 0.0112319 0.358153 0.0108457 0.324172 0.011016 0.29041 0.0116498 0.256608 0.0122166 
3.541 -0.359704 -0.138762 -0.388472 -0.138522 -0.41695 -0.138401 -0.446099 -0.138581 -0.474927 -0.138884 -0.503223 -0.138531 -0.531517 -0.138096 
2.84 -0.365868 0.157773 -0.400534 0.158251 -0.434957 0.158584 -0.469832 0.158763 -0.504715 0.158771 -0.538935 0.159165 -0.573079 0.159615 
3.369 0.553869 -0.164786 0.521096 -0.164573 0.488398 -0.164353 0.455299 -0.164593 0.422743 -0.164432 0.39016 -0.163667 0.357614 -0.163011 
3.605 -0.111793 0.193384 -0.14048 0.193829 -0.169034 0.194107 -0.197998 0.19417 -0.227069 0.19436 -0.255562 0.19492 -0.284251 0.195482 
4.043 -0.0617998 0.0598411 -0.0847703 0.0602266 -0.107509 0.0605312 -0.130523 0.0605083 -0.153493 0.06061 -0.17606 0.061072 -0.198741 0.0616254 
3.988 -0.263827 -0.214779 -0.28952 -0.214611 -0.314994 -0.214565 -0.341043 -0.214832 -0.366742 -0.215136 -0.391956 -0.214815 -0.417407 -0.214435 
3.709 -0.318614 -0.123695 -0.346203 -0.123484 -0.37357 -0.123382 -0.401495 -0.123516 -0.429249 -0.123792 -0.456386 -0.123451 -0.483765 -0.123088 
3.549 -0.351486 -0.0969867 -0.380311 -0.0967649 -0.408909 -0.0966499 -0.438069 -0.0967634 -0.467012 -0.097029 -0.495404 -0.0966951 -0.523983 -0.0962951 
3.594 -0.337105 -0.0531571 -0.365773 -0.0528648 -0.394239 -0.0527426 -0.423209 -0.0527998 -0.451979 -0.0530271 -0.480277 -0.0526663 -0.508691 -0.0522988 
3.596 0.363484 -0.0401452 0.331294 -0.039841 0.29931 -0.0395493 0.266978 -0.0397116 0.23489 -0.0394621 0.203023 -0.0387477 0.171402 -0.0379465 
3.758 0.13064 0.0762772 0.104152 0.0766051 0.0779269 0.0768061 0.0514439 0.0766293 0.0250464 0.0766912 -0.000945797 0.0771617 -0.0269293 0.0777101 
3.15 -0.456951 -0.0374058 -0.489534 -0.0370629 -0.521729 -0.0367863 -0.554598 -0.0367158 -0.587001 -0.0369233 -0.618536 -0.0365068 -0.650029 -0.0361211 
2.645 -0.396001 0.224887 -0.43394 0.225389 -0.471751 0.225745 -0.509844 0.225982 -0.547944 0.226 -0.585136 0.226254 -0.62213 0.226445 
3.652 -0.326832 -0.0846596 -0.354988 -0.0844489 -0.383012 -0.0843601 -0.411323 -0.0844868 -0.439377 -0.0846926 -0.46708 -0.0843753 -0.494738 -0.0839353 
3.717 -0.31382 -0.0928777 -0.341384 -0.0926433 -0.368751 -0.0925318 -0.39652 -0.092642 -0.42413 -0.0928841 -0.451188 -0.0925283 -0.478475 -0.0921068 
2.787 0.638789 -0.0826051 0.6028 -0.0824268 0.566909 -0.0823031 0.530531 -0.0824966 0.494385 -0.082289 0.458482 -0.0813835 0.422256 -0.0806738 
3.914 -0.280263 -0.239433 -0.306558 -0.239302 -0.332549 -0.239255 -0.35915 -0.239574 -0.385415 -0.239904 -0.411198 -0.23963 -0.43713 -0.239247 
3.486 -0.370662 -0.109314 -0.399961 -0.109164 -0.429021 -0.109073 -0.458676 -0.109197 -0.488107 -0.109547 -0.516791 -0.10918 -0.545601 -0.108685 
2.801 -0.407643 0.186536 -0.443476 0.186954 -0.479224 0.187236 -0.515314 0.18733 -0.551261 0.187186 -0.586332 0.187433 -0.621375 0.187773 
3.666 -0.31519 -0.0497329 -0.342925 -0.0494817 -0.370363 -0.0493236 -0.398351 -0.0493629 -0.426208 -0.049504 -0.453457 -0.0491755 -0.48091 -0.0487104 
4.008 -0.262457 -0.195603 -0.288123 -0.195389 -0.313428 -0.19531 -0.339439 -0.195514 -0.365164 -0.195791 -0.390321 -0.195382 -0.415654 -0.194989 
3.32 -0.41997 -0.173004 -0.45066 -0.172794 -0.480877 -0.172654 -0.512026 -0.172753 -0.542618 -0.172986 -0.572406 -0.172626 -0.602315 -0.17212 
4.48 -0.08166 -0.0264484 -0.105094 -0.0262165 -0.128376 -0.0261662 -0.152084 -0.026338 -0.175704 -0.0264044 -0.198985 -0.0260624 -0.222389 -0.0254704 
3.902 0.0272291 -0.0990412 0.00146439 -0.098814 -0.0239867 -0.0987506 -0.0499315 -0.0989705 -0.0757216 -0.0990349 -0.10116 -0.0986151 -0.126627 -0.0981042 
4.262 -0.222737 -0.244227 -0.24671 -0.244028 -0.27043 -0.243862 -0.294726 -0.244066 -0.318733 -0.244453 -0.342202 -0.243981 -0.365864 -0.24367 
2.994 0.466895 -0.0264484 0.439799 -0.0260416 0.408723 -0.0257524 0.374626 -0.0259595 0.340776 -0.0256152 0.30717 -0.0248848 0.273624 -0.0241133 
3.814 -0.303547 -0.223682 -0.330867 -0.223457 -0.357974 -0.223386 -0.385719 -0.2236 -0.413174 -0.223915 -0.440001 -0.223539 -0.466976 -0.223037 
3.559 -0.189864 0.176948 -0.219316 0.177415 -0.248638 0.177775 -0.278426 0.177939 -0.308068 0.17809 -0.337361 0.178599 -0.36678 0.179189 
3.482 0.329243 -0.0497329 0.294535 -0.0493889 0.260036 -0.0490873 0.225405 -0.0492069 0.191153 -0.0489645 0.157243 -0.0481611 0.123363 -0.0473991 
3.459 -0.364498 -0.0216546 -0.393996 -0.0214057 -0.423189 -0.0212884 -0.453026 -0.021358 -0.482657 -0.0215685 -0.511644 -0.0212026 -0.54069 -0.0208211 
4.02 -0.201507 0.00916313 -0.225952 0.00947788 -0.250197 0.00971918 -0.27505 0.00969247 -0.29975 0.00967534 -0.323975 0.010085 -0.34844 0.0105148 
3.898 -0.263142 -0.0695932 -0.289611 -0.0694578 -0.315749 -0.0693674 -0.342364 -0.0695193 -0.36887 -0.0696926 -0.394838 -0.0694005 -0.420948 -0.0689469 
4.438 -0.0392001 0.0447747 -0.0616174 0.0449445 -0.0839844 0.0450438 -0.10703 0.0449329 -0.129796 0.0449204 -0.152036 0.0452353 -0.174506 0.0457285 
3.277 0.384714 -0.00864265 0.352586 -0.00840853 0.320613 -0.00822403 0.288471 -0.00846747 0.256532 -0.00832732 0.224848 -0.0076977 0.193271 -0.00705884 
3.018 -0.253554 0.155034 -0.287275 0.155375 -0.320718 0.15561 -0.354617 0.155656 -0.388604 0.155641 -0.421981 0.156036 -0.455507 0.156555 
3.66 -0.324093 -0.0668539 -0.352009 -0.0666199 -0.379748 -0.0665289 -0.407954 -0.0666441 -0.436046 -0.066871 -0.463521 -0.0665472 -0.491157 -0.0661085 
2.637 -0.396685 0.247487 -0.434665 0.247917 -0.4724 0.248209 -0.510521 0.248462 -0.548562 0.248337 -0.585624 0.24864 -0.622644 0.248958 
4.426 -0.0255034 0.0461444 -0.0485 0.0464089 -0.0712669 0.0465609 -0.0944669 0.0464235 -0.117522 0.0464031 -0.140301 0.0468013 -0.163255 0.0473272 
3.383 -0.396001 -0.0949322 -0.426286 -0.094744 -0.456216 -0.0947 -0.486892 -0.0948965 -0.517238 -0.0951236 -0.5469 -0.0946406 -0.576564 -0.0940239 
4.086 -0.252185 -0.23053 -0.277286 -0.230372 -0.302168 -0.230328 -0.327712 -0.230597 -0.352769 -0.230884 -0.377521 -0.230602 -0.402367 -0.230227 
3.818 0.0792768 -0.0524723 0.0527568 -0.0521465 0.0265711 -0.0519244 8.35081e-05 -0.0520738 -0.0262287 -0.0520567 -0.0523098 -0.0516312 -0.0784377 -0.0511414 
3.258 -0.432982 -0.161361 -0.464142 -0.161014 -0.495038 -0.160775 -0.526541 -0.160783 -0.557635 -0.160931 -0.58788 -0.160452 -0.6181 -0.159843 
4.266 -0.214519 -0.142186 -0.23857 -0.141817 -0.262398 -0.141416 -0.286787 -0.141761 -0.310914 -0.141954 -0.334522 -0.141553 -0.358268 -0.141024 
3.629 -0.319984 -0.0271333 -0.348003 -0.0268597 -0.375794 -0.0267048 -0.404108 -0.0267682 -0.432377 -0.0269013 -0.459877 -0.0265755 -0.48768 -0.0261221 
3.312 -0.422709 -0.21067 -0.453279 -0.210486 -0.483774 -0.210393 -0.514697 -0.210484 -0.54506 -0.210685 -0.574845 -0.210265 -0.604467 -0.209654 
3.041 0.313491 -0.0278181 0.278834 -0.0273752 0.244639 -0.0271732 0.210569 -0.0273303 0.17655 -0.027073 0.142775 -0.0265094 0.108939 -0.0257571 
3.236 -0.437091 -0.108629 -0.468575 -0.108304 -0.49982 -0.108126 -0.531631 -0.108192 -0.563064 -0.108393 -0.593655 -0.107985 -0.624272 -0.107475 
3.018 -0.24876 0.220778 -0.281218 0.221168 -0.313395 0.221405 -0.34595 0.221471 -0.378709 0.221461 -0.410972 0.22182 -0.443437 0.22247 
3.57 -0.174113 0.175579 -0.203476 0.176084 -0.232751 0.176453 -0.262506 0.176657 -0.292196 0.176892 -0.321401 0.177424 -0.350841 0.177964 
3.912 -0.261772 -0.0545268 -0.288081 -0.0542931 -0.314161 -0.0541805 -0.340743 -0.0542717 -0.367098 -0.0544093 -0.392982 -0.0540997 -0.41909 -0.0536924 
4.262 -0.21041 -0.0997261 -0.234462 -0.099554 -0.258291 -0.0994769 -0.282684 -0.0997022 -0.306819 -0.0998722 -0.330495 -0.0995126 -0.354251 -0.0990423 
2.801 -0.306287 0.255705 -0.342909 0.256215 -0.379391 0.256686 -0.416238 0.256883 -0.45327 0.256999 -0.489571 0.257391 -0.525955 0.258062 
2.92 0.560033 -0.146295 0.527276 -0.14611 0.494529 -0.14593 0.461367 -0.146303 0.428725 -0.146115 0.396092 -0.145444 0.363494 -0.144745 
2.65 -0.381619 0.247487 -0.41986 0.247963 -0.457737 0.248333 -0.495939 0.248491 -0.534377 0.248423 -0.571565 0.248635 -0.608753 0.249052 
3.877 0.0375017 -0.136022 0.0116483 -0.135769 -0.0138726 -0.135582 -0.0396996 -0.135793 -0.0652775 -0.135856 -0.0911833 -0.1355 -0.116719 -0.134969 
2.656 -0.381619 0.223517 -0.419817 0.22403 -0.457721 0.224387 -0.495931 0.224655 -0.534308 0.224737 -0.571541 0.225057 -0.608854 0.225295 
3.549 -0.356965 -0.161361 -0.385901 -0.161175 -0.414414 -0.161089 -0.443484 -0.16126 -0.472305 -0.161555 -0.500385 -0.161157 -0.528698 -0.160752 
2.74 -0.314505 0.23242 -0.35173 0.232885 -0.388511 0.23315 -0.425867 0.233245 -0.463355 0.233324 -0.50019 0.233702 -0.536889 0.234142 
3.949 -0.223421 0.013957 -0.250491 0.0142444 -0.276996 0.0144259 -0.304158 0.0143821 -0.330749 0.0143389 -0.35766 0.0147658 -0.384389 0.0152402 
3.795 0.108725 -0.015491 0.0818293 -0.0151438 0.0550859 -0.0148807 0.0282846 -0.0149994 0.00158832 -0.0148445 -0.0247145 -0.0142588 -0.0513186 -0.013863 
3.293 0.401835 -0.00864265 0.369505 -0.00836026 0.337347 -0.00816999 0.30499 -0.00843821 0.272899 -0.00825037 0.241057 -0.00756879 0.209206 -0.00684587 
3.582 -0.159732 0.179688 -0.188668 0.180307 -0.217679 0.180732 -0.247146 0.180944 -0.276523 0.181264 -0.305451 0.181867 -0.334481 0.182439 
3.33 0.360745 -0.0100123 0.328502 -0.00972174 0.296518 -0.00947579 0.264144 -0.00974005 0.232005 -0.00958033 0.200272 -0.00890824 0.168634 -0.00822633 
3.641 0.366224 -0.0928777 0.334375 -0.0925196 0.302672 -0.0922393 0.270603 -0.0923848 0.238926 -0.0921195 0.207549 -0.091266 0.176263 -0.0904599 
3.934 -0.276839 -0.222312 -0.302847 -0.222114 -0.328684 -0.222033 -0.354995 -0.222201 -0.381061 -0.222492 -0.406594 -0.222134 -0.432421 -0.221781 
2.771 0.651116 -0.0558965 0.61488 -0.0557977 0.579248 -0.0555812 0.542374 -0.056028 0.506325 -0.055831 0.469974 -0.0551746 0.433607 -0.0544459 
3.174 -0.450103 -0.066169 -0.482469 -0.0658405 -0.514514 -0.0656186 -0.547091 -0.0655989 -0.579246 -0.0657711 -0.610564 -0.0653982 -0.641838 -0.0648974 
3.871 -0.279578 -0.146295 -0.306039 -0.146085 -0.332276 -0.146015 -0.359097 -0.146145 -0.385742 -0.146445 -0.411833 -0.146115 -0.438093 -0.145768 
3.166 -0.453527 -0.100411 -0.485996 -0.100203 -0.518156 -0.100123 -0.550686 -0.100149 -0.582798 -0.100333 -0.614197 -0.100022 -0.645518 -0.099572 
4.422 -0.0234488 0.060526 -0.0464696 0.0607048 -0.0692377 0.060736 -0.0924056 0.0604386 -0.115502 0.0603935 -0.138207 0.0606616 -0.16116 0.0610318 
2.99 -0.398055 0.152294 -0.432888 0.152716 -0.467507 0.153004 -0.502657 0.153186 -0.537706 0.153164 -0.571907 0.153517 -0.606145 0.153923 
4 -0.265881 -0.234639 -0.291553 -0.234492 -0.316959 -0.234424 -0.342977 -0.234698 -0.368719 -0.235075 -0.393877 -0.234744 -0.419306 -0.234373 
2.881 0.571675 -0.16684 0.538166 -0.166663 0.505096 -0.166551 0.470937 -0.166691 0.437864 -0.166566 0.404812 -0.165905 0.370522 -0.164703 
4.234 -0.225476 -0.197658 -0.249673 -0.197596 -0.273525 -0.197527 -0.297985 -0.197736 -0.32226 -0.198099 -0.345904 -0.197643 -0.369723 -0.197178 
3.684 -0.156992 0.0399808 -0.185393 0.040246 -0.213294 0.0403887 -0.241899 0.040285 -0.270493 0.0401881 -0.298557 0.0404849 -0.326665 0.0409287 
3.438 -0.378195 -0.0887687 -0.407893 -0.0885332 -0.437392 -0.0885377 -0.467415 -0.0886505 -0.497278 -0.0889771 -0.526426 -0.0885906 -0.555703 -0.0880595 
3.342 -0.402849 -0.0805506 -0.433518 -0.0803036 -0.463802 -0.0801608 -0.494699 -0.0802092 -0.525391 -0.08043 -0.555247 -0.0801597 -0.585221 -0.0797314 
3.387 -0.390522 -0.0353513 -0.420872 -0.0351768 -0.450969 -0.0350932 -0.48157 -0.0351265 -0.512069 -0.0352186 -0.54176 -0.0349031 -0.571626 -0.0344813 
3.621 -0.185755 0.10778 -0.214568 0.108213 -0.243195 0.108545 -0.272374 0.108629 -0.3015 0.108706 -0.330166 0.109093 -0.358936 0.109693 
3.492 0.350473 -0.0285029 0.315811 -0.0284877 0.281438 -0.0283452 0.246802 -0.0286167 0.212503 -0.0284209 0.178617 -0.0278942 0.144721 -0.0275081 
3.234 -0.429558 -0.0230242 -0.461169 -0.022722 -0.492371 -0.022596 -0.524255 -0.0226105 -0.555838 -0.0227322 -0.586477 -0.022492 -0.617282 -0.0220341 
4.246 -0.213149 -0.123011 -0.237267 -0.122901 -0.261179 -0.122828 -0.285561 -0.122995 -0.309753 -0.123128 -0.333355 -0.122897 -0.357181 -0.122551 
3.885 -0.272045 -0.0805506 -0.298789 -0.0803926 -0.325071 -0.0803198 -0.352084 -0.0804378 -0.378739 -0.0806242 -0.404932 -0.0803365 -0.431355 -0.0799916 
3.777 -0.316559 0.0235447 -0.343443 0.0237553 -0.370333 0.0239577 -0.397735 0.023771 -0.424881 0.0235586 -0.451663 0.0239269 -0.478731 0.0243614 
3.914 0.0402411 0.0639501 0.0142831 0.0641448 -0.0114672 0.0643861 -0.0374815 0.0642283 -0.0634796 0.0643365 -0.0889718 0.0647347 -0.114811 0.0651753 
3.77 -0.16658 0.0262841 -0.194685 0.026609 -0.222598 0.0267931 -0.251077 0.0267744 -0.279435 0.0267202 -0.307346 0.027079 -0.335341 0.0276231 
4.402 -0.0378304 0.0666895 -0.0609921 0.0669789 -0.0838645 0.0670967 -0.107291 0.0670327 -0.13053 0.0670464 -0.153332 0.0674587 -0.176592 0.0680639 
2.945 -0.346692 0.132434 -0.380097 0.132917 -0.413336 0.133237 -0.446966 0.133426 -0.480643 0.133452 -0.513644 0.133844 -0.546786 0.134349 
3.334 -0.410382 -0.112738 -0.441064 -0.112588 -0.47148 -0.112474 -0.502497 -0.112534 -0.533277 -0.112739 -0.563189 -0.112325 -0.593155 -0.111801 
4.125 -0.160416 -0.0613752 -0.184476 -0.0612231 -0.208616 -0.0611132 -0.233311 -0.0612651 -0.257881 -0.0614086 -0.281007 -0.0612699 -0.303901 -0.0610905 
3.631 -0.184386 0.0420353 -0.213202 0.0421781 -0.24173 0.042375 -0.270775 0.0423019 -0.299845 0.0422909 -0.328322 0.0428551 -0.357043 0.0433165 
3.809 0.101192 0.0119025 0.0743917 0.0121888 0.0479131 0.0123914 0.0210315 0.0121492 -0.00547198 0.0122438 -0.0317433 0.0127318 -0.0581948 0.0132902 
3.729 -0.144665 0.114628 -0.171639 0.11493 -0.198475 0.115191 -0.225778 0.115209 -0.253216 0.115339 -0.279956 0.115687 -0.307348 0.116388 
3.684 -0.277524 0.0324476 -0.306255 0.0327811 -0.334726 0.0329954 -0.363606 0.0331331 -0.392436 0.0331598 -0.420778 0.0337101 -0.449273 0.0341139 
3.623 -0.242597 0.0427202 -0.271582 0.0429775 -0.300266 0.0431878 -0.329563 0.0431932 -0.3586 0.043089 -0.387233 0.0434968 -0.415969 0.0440474 
3.143 -0.461745 -0.0846596 -0.494143 -0.0843151 -0.525941 -0.0838956 -0.558371 -0.0837036 -0.590513 -0.083792 -0.621754 -0.0833428 -0.652942 -0.0827483 
3.742 -0.232324 0.0269689 -0.260751 0.0271732 -0.289169 0.0273808 -0.317936 0.0273054 -0.346605 0.0272377 -0.374864 0.0276271 -0.403221 0.0280867 
3.814 0.105301 0.0365566 0.0784571 0.0368123 0.0519088 0.0369506 0.0250062 0.036774 -0.00161868 0.0368291 -0.0279705 0.0372727 -0.0544512 0.037969 
3.568 -0.127544 0.168045 -0.156792 0.168356 -0.186022 0.168482 -0.214589 0.168584 -0.242848 0.168818 -0.270227 0.169475 -0.297407 0.170359 
2.809 -0.367922 0.175579 -0.403217 0.176013 -0.438214 0.176347 -0.473539 0.176695 -0.508888 0.17688 -0.543618 0.177171 -0.57834 0.177501 
3.545 -0.256978 0.0625805 -0.285824 0.0630697 -0.314613 0.0633577 -0.343809 0.0633806 -0.372826 0.0635609 -0.40134 0.0640933 -0.430388 0.06435 
3.229 0.327873 -0.0298726 0.292783 -0.029516 0.257963 -0.0292328 0.222936 -0.0294091 0.188283 -0.0292333 0.153909 -0.0286596 0.11971 -0.0278872 
3.111 -0.240542 0.125586 -0.273562 0.125942 -0.306262 0.126052 -0.339108 0.126087 -0.372284 0.12611 -0.404694 0.126542 -0.437484 0.127047 
