4.672 0.00599918 -0.0428845 0.00606246 -0.0421546 0.00583031 -0.0412847 0.00593201 -0.0409979 0.00607789 -0.0406163 0.0141319 -0.0356613 0.0143012 -0.0352908 
3.588 -0.382304 -0.374346 -0.371643 -0.364335 -0.362206 -0.354801 -0.35267 -0.346373 -0.343487 -0.338366 -0.373312 -0.365877 -0.362901 -0.356368 
3.682 -0.349432 -0.370237 -0.339888 -0.360554 -0.331518 -0.351342 -0.322988 -0.34315 -0.314746 -0.335393 -0.340527 -0.361858 -0.331251 -0.352647 
3.436 -0.437776 -0.235324 -0.425008 -0.228868 -0.413722 -0.222582 -0.402418 -0.217316 -0.39158 -0.212314 -0.428717 -0.227236 -0.416231 -0.221106 
4.68 0.0101082 -0.0572661 0.0100547 -0.0563358 0.00977247 -0.0550727 0.00975642 -0.0545527 0.00983237 -0.0537808 0.0182494 -0.050139 0.0183705 -0.0493085 
3.641 -0.363128 -0.369552 -0.3531 -0.359803 -0.344234 -0.350435 -0.335265 -0.342183 -0.326603 -0.33433 -0.354159 -0.36116 -0.344388 -0.351883 
3.613 -0.359704 -0.0757567 -0.349389 -0.0738996 -0.340314 -0.071818 -0.331169 -0.0705777 -0.322488 -0.0693494 -0.351375 -0.0681155 -0.341329 -0.0665193 
3.586 -0.382989 -0.394891 -0.372335 -0.384379 -0.362885 -0.374278 -0.353353 -0.365353 -0.344157 -0.356846 -0.373954 -0.386364 -0.363534 -0.376296 
3.75 -0.323408 -0.412012 -0.314686 -0.401356 -0.306961 -0.39114 -0.299091 -0.38209 -0.291418 -0.373396 -0.314628 -0.403528 -0.30606 -0.39336 
3.584 -0.383673 -0.414751 -0.373066 -0.403711 -0.36362 -0.393167 -0.354107 -0.383801 -0.344939 -0.374851 -0.374602 -0.406155 -0.364229 -0.395597 
3.889 -0.274099 -0.345583 -0.266899 -0.337044 -0.26061 -0.328827 -0.254085 -0.32159 -0.247767 -0.314655 -0.265535 -0.337522 -0.258511 -0.329441 
3.957 -0.240542 -0.0634297 -0.234224 -0.062079 -0.228903 -0.0604608 -0.223317 -0.0595709 -0.217976 -0.0586404 -0.23242 -0.056079 -0.226325 -0.0548582 
3.721 -0.332311 -0.424339 -0.323376 -0.413412 -0.315555 -0.402988 -0.30756 -0.393736 -0.299776 -0.384869 -0.323339 -0.415689 -0.314631 -0.40527 
4.75 -0.0172853 -0.044939 -0.016863 -0.0442653 -0.0166337 -0.0433254 -0.0161988 -0.0430615 -0.0156966 -0.0426095 -0.00925037 -0.0377505 -0.00867074 -0.0373008 
3.797 -0.308341 -0.354486 -0.300125 -0.345527 -0.292945 -0.336913 -0.285537 -0.329332 -0.278395 -0.322062 -0.299643 -0.346265 -0.291618 -0.337761 
3.652 -0.359019 -0.383249 -0.348991 -0.373072 -0.340194 -0.363313 -0.331263 -0.354705 -0.32264 -0.346505 -0.350051 -0.374824 -0.340339 -0.365098 
4.027 -0.219997 -0.0586358 -0.214272 -0.057502 -0.209426 -0.0560502 -0.204317 -0.0553758 -0.199429 -0.0545758 -0.211901 -0.0512999 -0.206346 -0.0502764 
3.615 -0.365183 -0.155198 -0.354756 -0.151209 -0.345642 -0.147165 -0.336426 -0.144004 -0.327638 -0.141003 -0.356654 -0.147464 -0.34652 -0.143747 
4.605 -0.0556362 -0.036721 -0.0541787 -0.036269 -0.0531356 -0.0354058 -0.0517946 -0.0353215 -0.050449 -0.0350315 -0.0476366 -0.0295768 -0.0461049 -0.0292338 
3.795 -0.309026 -0.374346 -0.3008 -0.364861 -0.293541 -0.35573 -0.286128 -0.34772 -0.278944 -0.340017 -0.300298 -0.366047 -0.292219 -0.356999 
3.738 -0.326832 -0.37914 -0.318035 -0.369396 -0.310305 -0.360068 -0.302418 -0.351853 -0.294726 -0.343958 -0.318046 -0.370811 -0.30946 -0.361554 
3.693 -0.344638 -0.383934 -0.33523 -0.373932 -0.326941 -0.364337 -0.318499 -0.355852 -0.310334 -0.34778 -0.335779 -0.375543 -0.326606 -0.365972 
3.887 -0.275469 -0.401739 -0.268234 -0.391787 -0.261939 -0.38223 -0.255383 -0.373739 -0.249007 -0.36561 -0.266815 -0.393423 -0.259748 -0.383959 
4.508 0.0669497 0.00231475 0.0656762 0.00189525 0.0641517 0.00196527 0.0630897 0.00128336 0.0621176 0.000921794 0.0753876 0.00945777 0.0742413 0.00897867 
3.695 -0.343953 -0.401739 -0.334573 -0.391265 -0.32629 -0.381242 -0.317865 -0.372331 -0.309661 -0.363805 -0.335096 -0.393233 -0.325912 -0.383247 
3.828 -0.29396 -0.353801 -0.286258 -0.344964 -0.279499 -0.336474 -0.272587 -0.328977 -0.265846 -0.321832 -0.285338 -0.345616 -0.277797 -0.337237 
4.141 -0.180277 -0.0538419 -0.175658 -0.0528324 -0.171733 -0.0514638 -0.167557 -0.0508955 -0.163517 -0.0501825 -0.172295 -0.0465596 -0.167717 -0.0456567 
3.824 -0.29396 -0.372291 -0.286249 -0.363031 -0.279534 -0.354145 -0.272579 -0.346288 -0.265831 -0.338767 -0.285279 -0.364052 -0.277757 -0.355247 
3.764 -0.302863 -0.066169 -0.294674 -0.0647232 -0.287547 -0.0629916 -0.28024 -0.0619696 -0.273292 -0.0610339 -0.294708 -0.0588502 -0.286717 -0.057526 
4.152 -0.182331 -0.190809 -0.177733 -0.186478 -0.173871 -0.182185 -0.169749 -0.178672 -0.165707 -0.175243 -0.174107 -0.183277 -0.169658 -0.17932 
3.604 -0.361074 -0.101096 -0.350734 -0.0986116 -0.341687 -0.0958724 -0.332511 -0.0940043 -0.323789 -0.0922727 -0.352716 -0.0935593 -0.342617 -0.0912017 
3.736 -0.325462 -0.396261 -0.316678 -0.386072 -0.308926 -0.3763 -0.301054 -0.367639 -0.293342 -0.359353 -0.316655 -0.387843 -0.30808 -0.378145 
3.4 -0.456266 -0.238748 -0.442824 -0.2322 -0.430903 -0.225783 -0.418988 -0.220449 -0.407589 -0.215339 -0.447289 -0.230758 -0.434181 -0.224481 
3.676 -0.346007 -0.423654 -0.336617 -0.412603 -0.328342 -0.402064 -0.319886 -0.392666 -0.311705 -0.383691 -0.337074 -0.415063 -0.327915 -0.404546 
3.838 -0.29259 -0.407218 -0.284866 -0.397014 -0.278144 -0.387234 -0.271191 -0.378555 -0.264434 -0.370189 -0.283863 -0.398845 -0.276367 -0.389147 
3.438 -0.435036 -0.205876 -0.422219 -0.20027 -0.41086 -0.194689 -0.399521 -0.190168 -0.388711 -0.185854 -0.426236 -0.19803 -0.413743 -0.19269 
3.779 -0.309711 -0.412697 -0.301489 -0.402227 -0.294244 -0.392183 -0.286805 -0.383255 -0.279594 -0.374709 -0.300896 -0.4042 -0.292873 -0.394231 
3.84 -0.290536 -0.385988 -0.282878 -0.376332 -0.276206 -0.367052 -0.269309 -0.35884 -0.262591 -0.350975 -0.281897 -0.377745 -0.274421 -0.368527 
3.688 -0.330941 -0.130544 -0.321879 -0.127341 -0.314008 -0.123973 -0.305918 -0.121506 -0.298206 -0.119113 -0.322607 -0.122987 -0.313807 -0.120015 
3.754 -0.324093 -0.357225 -0.315371 -0.348046 -0.307702 -0.339263 -0.299841 -0.331514 -0.292225 -0.324101 -0.315372 -0.348981 -0.306828 -0.34027 
3.797 -0.309026 -0.392837 -0.300768 -0.382881 -0.293561 -0.373284 -0.286165 -0.36482 -0.278925 -0.356677 -0.300261 -0.38448 -0.292217 -0.374984 
4.707 -0.052212 -0.100411 -0.0510083 -0.098463 -0.0501733 -0.0962481 -0.0489767 -0.0947806 -0.0477587 -0.0932288 -0.0442417 -0.0933282 -0.0429068 -0.0915635 
3.887 -0.276839 -0.367498 -0.26957 -0.358426 -0.263319 -0.349788 -0.256768 -0.342112 -0.250428 -0.334805 -0.268168 -0.359297 -0.26115 -0.350744 
3.887 -0.275469 -0.383249 -0.268265 -0.373779 -0.261994 -0.364635 -0.255447 -0.356584 -0.249092 -0.348862 -0.266857 -0.374991 -0.259803 -0.365956 
3.475 -0.417231 -0.197658 -0.405244 -0.192384 -0.394661 -0.187122 -0.384017 -0.182869 -0.373891 -0.17881 -0.408478 -0.189879 -0.396754 -0.184864 
3.584 -0.379564 -0.199712 -0.368834 -0.194517 -0.359376 -0.18936 -0.349869 -0.18521 -0.340764 -0.181186 -0.370935 -0.191961 -0.360448 -0.187067 
3.623 -0.355595 -0.133283 -0.345606 -0.129829 -0.336825 -0.126252 -0.327897 -0.123579 -0.319377 -0.121005 -0.347338 -0.125755 -0.337571 -0.122528 
3.766 -0.161101 0.0194357 -0.156828 0.0184333 -0.153132 0.0181491 -0.149169 0.0171112 -0.145358 0.0163653 -0.153202 0.0267966 -0.148927 0.0258316 
3.543 -0.400794 -0.238063 -0.389259 -0.231642 -0.379109 -0.225318 -0.368878 -0.220025 -0.359127 -0.214987 -0.391909 -0.230145 -0.380724 -0.224038 
4.25 0.0162717 0.0427202 0.0160482 0.041347 0.0155406 0.040489 0.0152969 0.0389419 0.0151851 0.0376718 0.024596 0.0501015 0.0244258 0.0486636 
3.719 -0.326832 -0.185331 -0.317847 -0.180621 -0.310061 -0.175914 -0.302134 -0.172139 -0.294545 -0.168513 -0.318225 -0.177662 -0.30945 -0.17323 
3.756 -0.317929 -0.213409 -0.309313 -0.208062 -0.301719 -0.202765 -0.294037 -0.198429 -0.286659 -0.194237 -0.3095 -0.205677 -0.301074 -0.200672 
3.953 -0.244651 -0.174373 -0.238243 -0.170327 -0.232811 -0.166207 -0.227053 -0.162934 -0.221566 -0.159731 -0.236341 -0.166871 -0.230151 -0.163062 
4.234 -0.0515272 -0.0216546 -0.0501146 -0.0214531 -0.049115 -0.0208241 -0.0478682 -0.0209535 -0.0465999 -0.02087 -0.0434273 -0.0145006 -0.0419761 -0.0143961 
4.332 0.0422956 0.0146418 0.041643 0.0139875 0.0406871 0.0137723 0.0400775 0.012837 0.039506 0.012197 0.0506875 0.0219054 0.0500054 0.0210829 
4.867 -0.00427339 -0.101096 -0.00404215 -0.0991093 -0.00407518 -0.0968986 -0.00383721 -0.0954207 -0.00352318 -0.0938408 0.00368405 -0.0940989 0.00405589 -0.0922915 
4.227 -0.026873 -0.0285029 -0.0260871 -0.0282032 -0.025682 -0.0275254 -0.024975 -0.0275774 -0.0242256 -0.0274629 -0.018809 -0.0213257 -0.0179466 -0.0211721 
3.861 -0.278208 -0.179167 -0.270861 -0.174844 -0.264481 -0.170474 -0.257928 -0.167006 -0.25159 -0.163615 -0.269803 -0.171586 -0.26272 -0.167557 
3.617 -0.369977 -0.223682 -0.359535 -0.217886 -0.350486 -0.212227 -0.341277 -0.207486 -0.332495 -0.202996 -0.361298 -0.215847 -0.351118 -0.210381 
3.678 -0.293275 0.101616 -0.284268 0.0982753 -0.276472 0.0957061 -0.26854 0.0923804 -0.261114 0.0893979 -0.285565 0.109241 -0.276715 0.105889 
3.266 -0.196713 0.112574 -0.190569 0.108842 -0.185349 0.105997 -0.179984 0.102332 -0.17493 0.0991669 -0.188966 0.12026 -0.182933 0.116544 
4.16 -0.183701 -0.204506 -0.179051 -0.199922 -0.175185 -0.195288 -0.171041 -0.191517 -0.166981 -0.187809 -0.175458 -0.196993 -0.170974 -0.192715 
3.963 -0.0597452 0.0454595 -0.0581292 0.0438995 -0.0569012 0.0429388 -0.0554079 0.0412621 -0.0539159 0.0398597 -0.051794 0.0528156 -0.0500457 0.0512669 
3.486 -0.4186 -0.229845 -0.406516 -0.223652 -0.39585 -0.217636 -0.385177 -0.212598 -0.374918 -0.207771 -0.409799 -0.221827 -0.398042 -0.216078 
3.873 -0.277524 -0.216148 -0.27021 -0.210906 -0.263896 -0.205671 -0.25736 -0.201354 -0.251076 -0.197202 -0.269191 -0.208536 -0.262048 -0.203559 
4.633 -0.0412546 -0.0415149 -0.040116 -0.0409699 -0.0393769 -0.0400029 -0.0383079 -0.0398107 -0.0372651 -0.039292 -0.0331875 -0.034425 -0.0319857 -0.0338496 
4.691 -0.0446788 -0.0757567 -0.043537 -0.0743362 -0.0427175 -0.0726122 -0.0416533 -0.0716418 -0.040558 -0.0705006 -0.0366386 -0.0686973 -0.0353842 -0.0674134 
3.637 -0.355595 -0.192864 -0.34562 -0.187874 -0.336984 -0.182918 -0.328241 -0.178929 -0.319738 -0.175103 -0.347183 -0.185111 -0.337597 -0.180436 
3.688 -0.340529 -0.216833 -0.331353 -0.211339 -0.323318 -0.20592 -0.31499 -0.201398 -0.307098 -0.197084 -0.33225 -0.209087 -0.323202 -0.203908 
3.936 -0.242597 -0.0908232 -0.236256 -0.0888234 -0.23086 -0.0865208 -0.225249 -0.0850788 -0.219853 -0.0836139 -0.234418 -0.0834705 -0.228261 -0.081582 
3.346 -0.476127 -0.233954 -0.46185 -0.227328 -0.449157 -0.220872 -0.436574 -0.215483 -0.424555 -0.210382 -0.467035 -0.225912 -0.453134 -0.219611 
2.912 0.0683194 0.0481989 0.0670713 0.0466846 0.0655774 0.0457871 0.0644122 0.0442284 0.0632631 0.0430106 0.0770387 0.0549844 0.0758655 0.0534863 
3.523 -0.402164 -0.224367 -0.390703 -0.218321 -0.380569 -0.212469 -0.370334 -0.207594 -0.360606 -0.202905 -0.393356 -0.216338 -0.382136 -0.210706 
3.82 -0.296699 -0.420915 -0.288929 -0.410315 -0.282158 -0.400105 -0.275154 -0.391064 -0.268306 -0.382365 -0.287966 -0.412467 -0.280384 -0.402314 
3.75 -0.308341 -0.0805506 -0.300025 -0.0787527 -0.292742 -0.0765299 -0.285284 -0.0752369 -0.278192 -0.0739086 -0.300167 -0.0731546 -0.292021 -0.0714236 
3.648 -0.358334 -0.415436 -0.348437 -0.404549 -0.339657 -0.394101 -0.330738 -0.384815 -0.322125 -0.37595 -0.349409 -0.406889 -0.339707 -0.396488 
4.824 0.00942337 -0.0976716 0.00936205 -0.0956998 0.00910971 -0.0935848 0.00904596 -0.0922295 0.00911104 -0.0906926 0.0175361 -0.0905939 0.0176278 -0.0889007 
3.697 -0.332311 -0.153828 -0.323162 -0.149995 -0.315272 -0.146142 -0.307149 -0.143186 -0.299368 -0.140306 -0.323939 -0.146198 -0.315059 -0.142629 
4.262 0.0340775 0.0495686 0.0333624 0.0479615 0.0324298 0.0469469 0.0318193 0.0452392 0.0313178 0.0438729 0.0424384 0.0568597 0.0418649 0.0552346 
2.416 -0.140556 0.130379 -0.136533 0.126507 -0.133172 0.123425 -0.129613 0.119639 -0.126217 0.116172 -0.132711 0.13818 -0.128702 0.134282 
3.711 -0.33505 -0.366813 -0.32593 -0.357353 -0.317943 -0.348277 -0.309802 -0.340305 -0.301882 -0.332667 -0.326205 -0.358535 -0.317308 -0.349512 
3.881 -0.164525 -0.00658814 -0.160211 -0.00670873 -0.156584 -0.00629743 -0.152669 -0.00676123 -0.148908 -0.00699096 -0.156555 0.000670079 -0.152324 0.000509863 
4.746 -0.0378304 -0.0969867 -0.0367836 -0.0950333 -0.0361372 -0.0929024 -0.0352153 -0.0914479 -0.0341717 -0.0898962 -0.0297128 -0.0898941 -0.0286758 -0.0881672 
3.863 -0.282317 -0.229845 -0.274899 -0.224325 -0.268443 -0.218918 -0.261729 -0.214229 -0.255259 -0.20988 -0.273922 -0.22212 -0.266632 -0.216868 
3.221 0.338145 -0.0695932 0.326401 -0.0675721 0.315711 -0.0652924 0.305711 -0.0637996 0.296572 -0.062091 0.34879 -0.0630108 0.337466 -0.0611153 
4.086 -0.202876 -0.150404 -0.197699 -0.147046 -0.193413 -0.143597 -0.188772 -0.140976 -0.18431 -0.138354 -0.194698 -0.143007 -0.189649 -0.139878 
3.791 -0.302178 -0.183961 -0.294106 -0.179384 -0.287004 -0.174812 -0.279753 -0.171166 -0.272764 -0.167584 -0.293815 -0.176329 -0.285925 -0.172072 
4.176 -0.00427339 -0.00727298 -0.00401653 -0.0074655 -0.00392984 -0.00727795 -0.00368268 -0.00769757 -0.00332287 -0.00799736 0.00377061 -3.31083e-05 0.00420792 -0.000364325 
4.543 0.0299685 -0.00521846 0.029496 -0.00542905 0.0287472 -0.00525299 0.0283492 -0.00571445 0.0279955 -0.00606214 0.0382328 0.00198186 0.0378875 0.00160003 
3.922 -0.257663 -0.181907 -0.250998 -0.177626 -0.245076 -0.173309 -0.239186 -0.169875 -0.233215 -0.16644 -0.249392 -0.174362 -0.242892 -0.170388 
4.652 -0.0549514 -0.0531571 -0.0535276 -0.0522511 -0.0525075 -0.0510462 -0.0511981 -0.0506242 -0.0498835 -0.0499417 -0.0469626 -0.0460377 -0.0454746 -0.0452641 
4.016 -0.23164 -0.202452 -0.225698 -0.197752 -0.220602 -0.193131 -0.215269 -0.189342 -0.210055 -0.185657 -0.223201 -0.194779 -0.217579 -0.190496 
4.43 -0.10152 -0.0524723 -0.0990323 -0.0515383 -0.0970558 -0.0503187 -0.094803 -0.0498947 -0.0924628 -0.0493533 -0.093581 -0.0453055 -0.0910369 -0.0446126 
3.881 -0.283002 -0.323668 -0.275603 -0.315656 -0.269136 -0.307854 -0.26251 -0.301088 -0.256004 -0.294606 -0.274452 -0.315721 -0.267229 -0.308064 
4.48 -0.10152 -0.163416 -0.0990684 -0.160048 -0.0971404 -0.156611 -0.0949004 -0.153881 -0.0926029 -0.151155 -0.0934602 -0.156161 -0.0909952 -0.153041 
3.471 -0.41997 -0.174373 -0.40776 -0.169772 -0.396986 -0.165113 -0.386121 -0.161437 -0.375793 -0.157919 -0.411226 -0.166585 -0.399306 -0.162235 
4.672 -0.0638543 -0.225736 -0.0623953 -0.221205 -0.0613637 -0.216659 -0.0600041 -0.212988 -0.0585264 -0.209201 -0.0557959 -0.218436 -0.0543134 -0.21427 
3.203 0.351842 -0.0771264 0.34112 -0.0752883 0.33087 -0.0729947 0.320491 -0.0712614 0.310835 -0.0693121 0.362128 -0.0704873 0.351779 -0.0687516 
3.918 -0.259718 -0.203137 -0.252868 -0.198248 -0.246901 -0.193389 -0.240788 -0.189435 -0.234809 -0.1856 -0.251384 -0.195457 -0.244764 -0.190948 
4.168 -0.136447 -0.00864265 -0.132833 -0.00879593 -0.129827 -0.00839115 -0.126566 -0.00886168 -0.123528 -0.00909141 -0.128602 -0.00138594 -0.125045 -0.00154904 
4.078 -0.206985 -0.197658 -0.201736 -0.193118 -0.197197 -0.188607 -0.192371 -0.184929 -0.187665 -0.181319 -0.198531 -0.190084 -0.193444 -0.185912 
4.699 -0.0590604 -0.273675 -0.0576729 -0.268233 -0.0566623 -0.262771 -0.0553788 -0.258164 -0.0539786 -0.253564 -0.0509349 -0.266431 -0.0495052 -0.261247 
4.035 -0.217258 -0.153828 -0.211592 -0.150346 -0.206807 -0.146797 -0.201734 -0.14408 -0.196781 -0.141371 -0.208952 -0.146394 -0.203455 -0.143184 
4.469 -0.100836 -0.138077 -0.0984054 -0.135401 -0.0965574 -0.132529 -0.0942961 -0.130298 -0.0921161 -0.128036 -0.0928111 -0.130928 -0.0903734 -0.128394 
4.691 -0.0624846 -0.205876 -0.0609993 -0.201812 -0.0599686 -0.197704 -0.0586038 -0.194131 -0.0572206 -0.190849 -0.0543866 -0.198697 -0.0528793 -0.19481 
3.834 -0.298069 -0.317504 -0.290019 -0.309469 -0.283001 -0.30163 -0.275777 -0.294887 -0.268812 -0.2884 -0.289476 -0.309539 -0.281642 -0.301865 
3.805 -0.299438 -0.220257 -0.291527 -0.214834 -0.284631 -0.209473 -0.277441 -0.204998 -0.270572 -0.200736 -0.291183 -0.212634 -0.283378 -0.207485 
3.68 -0.341898 -0.18944 -0.332364 -0.1846 -0.324093 -0.179736 -0.315661 -0.175874 -0.307522 -0.172112 -0.333397 -0.18172 -0.324219 -0.177209 
3.664 -0.343953 -0.140816 -0.334382 -0.137321 -0.32606 -0.133705 -0.317624 -0.131009 -0.309522 -0.128397 -0.335509 -0.133218 -0.326217 -0.129964 
4.297 -0.14398 -0.152459 -0.140343 -0.149063 -0.137376 -0.145675 -0.134106 -0.14312 -0.130886 -0.140532 -0.135893 -0.145044 -0.132304 -0.141998 
3.777 -0.294645 -0.0949322 -0.28648 -0.0927185 -0.279418 -0.0902279 -0.272144 -0.0886296 -0.265202 -0.0870495 -0.286382 -0.0875184 -0.278461 -0.0854223 
4.719 -0.0357759 -0.0558965 -0.0347791 -0.0551568 -0.0341828 -0.0539314 -0.0333301 -0.0534504 -0.0323526 -0.0527995 -0.0276872 -0.0488382 -0.02668 -0.0480815 
3.945 -0.0837146 -0.00727298 -0.0815346 -0.0073674 -0.0796483 -0.00701842 -0.0776014 -0.00739603 -0.0756658 -0.00759617 -0.0759203 -0.00010099 -0.0736204 -0.000246368 
2.193 -0.149459 0.14887 -0.145151 0.144448 -0.141773 0.14089 -0.137908 0.136692 -0.134379 0.132831 -0.141569 0.15664 -0.137317 0.152299 
3.869 -0.269306 -0.153828 -0.262123 -0.150096 -0.255936 -0.146225 -0.249526 -0.143327 -0.243349 -0.140428 -0.260944 -0.146289 -0.254012 -0.142859 
3.15 -0.548719 -0.181222 -0.531373 -0.175901 -0.515907 -0.170552 -0.500602 -0.166248 -0.486189 -0.162243 -0.539542 -0.173305 -0.522561 -0.168166 
3.516 -0.402849 -0.199712 -0.391279 -0.194374 -0.3811 -0.18905 -0.370806 -0.184704 -0.360929 -0.180566 -0.394088 -0.191926 -0.382758 -0.186841 
3.51 -0.404219 -0.171634 -0.39256 -0.167155 -0.382515 -0.162605 -0.372263 -0.159032 -0.362331 -0.155589 -0.395623 -0.1639 -0.384305 -0.159666 
4.367 0.0607862 0.0201205 0.0596052 0.0193068 0.0582296 0.019012 0.0571455 0.0179671 0.0562115 0.0171871 0.0692234 0.0273715 0.068208 0.0264694 
3.461 -0.417231 -0.133968 -0.404965 -0.130502 -0.394184 -0.126874 -0.383397 -0.124228 -0.373175 -0.121694 -0.408546 -0.126283 -0.396675 -0.123043 
4.281 0.00873853 -0.0264484 0.00870898 -0.0262858 0.00843436 -0.0255228 0.00843256 -0.0256641 0.00851829 -0.0256397 0.0168625 -0.0193137 0.0169559 -0.0192313 
3.766 -0.308341 -0.149034 -0.300063 -0.145347 -0.292921 -0.141663 -0.285552 -0.138818 -0.278518 -0.136015 -0.300025 -0.141472 -0.292016 -0.138098 
4.051 -0.214519 -0.125065 -0.209064 -0.122362 -0.204203 -0.119455 -0.199265 -0.117374 -0.194408 -0.115276 -0.206404 -0.117755 -0.200978 -0.115203 
3.088 0.530585 -0.16958 0.511707 -0.164018 0.494195 -0.158495 0.478006 -0.153837 0.462926 -0.148986 0.543356 -0.164001 0.524719 -0.158519 
4.648 -0.0686481 -0.256554 -0.0670124 -0.251396 -0.0658226 -0.246115 -0.0642916 -0.241827 -0.0626915 -0.237342 -0.0605349 -0.2492 -0.0588927 -0.244312 
4.281 -0.14535 -0.175743 -0.14171 -0.172028 -0.13872 -0.168027 -0.135402 -0.164916 -0.132146 -0.161833 -0.137268 -0.16842 -0.133625 -0.16477 
3.959 -0.255609 -0.309286 -0.248973 -0.301719 -0.243271 -0.294384 -0.237307 -0.288017 -0.231473 -0.281849 -0.247091 -0.301399 -0.240644 -0.294233 
3.574 -0.380249 -0.151089 -0.369475 -0.147223 -0.359984 -0.143209 -0.35039 -0.140179 -0.341302 -0.137236 -0.371866 -0.143498 -0.361411 -0.139811 
4.754 -0.0494727 -0.22916 -0.0482462 -0.224607 -0.0473878 -0.220002 -0.0462148 -0.216268 -0.0449321 -0.212458 -0.0413719 -0.221892 -0.040092 -0.217632 
3.17 -0.543241 -0.225051 -0.526218 -0.218382 -0.510952 -0.211899 -0.495886 -0.206498 -0.481601 -0.201392 -0.534019 -0.217045 -0.517317 -0.210574 
4.281 0.0155869 -0.00521846 0.0153096 -0.00547427 0.0147662 -0.00530281 0.0146063 -0.00583621 0.0144705 -0.00616024 0.0237947 0.00193312 0.0237042 0.00159112 
3.504 -0.402164 -0.131229 -0.390588 -0.127863 -0.380431 -0.124324 -0.370168 -0.121762 -0.360401 -0.119276 -0.393579 -0.123585 -0.382316 -0.120412 
4.559 -0.0864539 -0.16684 -0.0843112 -0.163337 -0.0827143 -0.159865 -0.0807375 -0.157165 -0.0788005 -0.154428 -0.0784362 -0.15956 -0.0762927 -0.156296 
4.102 -0.200137 -0.123011 -0.194966 -0.120379 -0.190775 -0.117536 -0.186165 -0.115533 -0.181743 -0.113491 -0.192115 -0.115723 -0.186979 -0.113216 
3.535 -0.389837 -0.0860293 -0.378741 -0.0839192 -0.369043 -0.0815897 -0.359167 -0.0801313 -0.349789 -0.0787265 -0.381594 -0.0784701 -0.370774 -0.0765346 
4.598 -0.0830297 -0.25176 -0.0810133 -0.246486 -0.0794464 -0.241262 -0.0776389 -0.236948 -0.0757051 -0.23251 -0.0749405 -0.244331 -0.0728721 -0.239438 
3.787 -0.296699 -0.12438 -0.288505 -0.121361 -0.281396 -0.11833 -0.274086 -0.115983 -0.267094 -0.113726 -0.288382 -0.116894 -0.280423 -0.114107 
4.406 -0.119326 -0.25176 -0.116443 -0.246333 -0.114156 -0.240962 -0.111553 -0.236401 -0.108926 -0.232021 -0.111246 -0.244355 -0.108374 -0.239253 
3.426 -0.437091 -0.166155 -0.424181 -0.161576 -0.412698 -0.156929 -0.401241 -0.153317 -0.390269 -0.149851 -0.428442 -0.158387 -0.415722 -0.154007 
3.771 -0.304232 -0.164786 -0.296023 -0.160756 -0.28889 -0.156595 -0.281542 -0.15336 -0.274526 -0.150215 -0.295881 -0.157248 -0.287894 -0.153425 
3.357 -0.476811 -0.252445 -0.462587 -0.245402 -0.449862 -0.238394 -0.43723 -0.232598 -0.425197 -0.227058 -0.46774 -0.244414 -0.453869 -0.237669 
4.062 -0.202876 -0.0606903 -0.197443 -0.059506 -0.192793 -0.0579771 -0.187798 -0.057239 -0.183105 -0.0564192 -0.195007 -0.0533951 -0.189633 -0.0522957 
4.191 -0.178222 -0.286002 -0.17373 -0.279369 -0.169926 -0.272913 -0.165879 -0.267348 -0.161888 -0.261943 -0.169962 -0.278314 -0.165607 -0.272103 
3.186 -0.534338 -0.213409 -0.517561 -0.207094 -0.50257 -0.200741 -0.487778 -0.195636 -0.473678 -0.190685 -0.525168 -0.205332 -0.508753 -0.199315 
4.539 -0.0837146 -0.130544 -0.0816896 -0.127943 -0.0800663 -0.125238 -0.0781835 -0.123253 -0.0763045 -0.121199 -0.0757102 -0.123451 -0.0736177 -0.121064 
3.43 -0.423394 -0.0894535 -0.410855 -0.0872268 -0.3999 -0.0847435 -0.388899 -0.0832098 -0.378392 -0.0816959 -0.414886 -0.0818226 -0.40271 -0.0797864 
3.738 -0.311081 -0.112738 -0.302687 -0.109976 -0.295398 -0.107086 -0.287897 -0.105054 -0.280756 -0.103036 -0.3028 -0.105207 -0.29462 -0.102695 
4.754 -0.048103 -0.177113 -0.0469017 -0.173522 -0.0460813 -0.169881 -0.0449568 -0.167095 -0.0437561 -0.16428 -0.0400064 -0.169553 -0.0387577 -0.166482 
3.619 -0.363813 -0.176428 -0.353449 -0.17183 -0.344289 -0.167224 -0.335096 -0.163526 -0.326315 -0.159938 -0.355246 -0.168773 -0.345134 -0.164422 
3.814 -0.301493 -0.241487 -0.293422 -0.235489 -0.286397 -0.229686 -0.279174 -0.224802 -0.272188 -0.220062 -0.292996 -0.233687 -0.285143 -0.228082 
3.42 -0.432982 -0.14835 -0.420102 -0.144244 -0.408661 -0.140042 -0.397358 -0.136846 -0.386508 -0.133742 -0.424386 -0.140646 -0.411809 -0.13677 
3.613 -0.35765 -0.0469936 -0.347371 -0.0459574 -0.338395 -0.0446204 -0.329291 -0.0441249 -0.320656 -0.0435965 -0.349416 -0.039405 -0.339415 -0.0386139 
4.129 -0.0672785 -0.0141214 -0.0655126 -0.0141446 -0.064134 -0.0137108 -0.0624874 -0.0140152 -0.0608328 -0.0141068 -0.0593392 -0.00695346 -0.0575039 -0.00702991 
4.605 -0.0727572 -0.10315 -0.0709839 -0.101147 -0.0695856 -0.0988128 -0.0679189 -0.0973409 -0.0662572 -0.095718 -0.0648145 -0.0960577 -0.0628984 -0.0942023 
3.498 -0.405588 -0.113423 -0.393691 -0.110462 -0.383342 -0.107377 -0.372749 -0.105127 -0.362802 -0.102996 -0.397047 -0.105829 -0.385483 -0.103061 
4.727 -0.0549514 -0.259978 -0.0536433 -0.254675 -0.0527023 -0.249422 -0.0514528 -0.244955 -0.0501077 -0.240567 -0.046846 -0.252593 -0.0454939 -0.24769 
4.109 -0.190549 -0.0668539 -0.185782 -0.0656405 -0.181816 -0.064088 -0.177539 -0.0632918 -0.173451 -0.0624539 -0.182476 -0.0595531 -0.177845 -0.0584437 
3.984 -0.233009 -0.14698 -0.227079 -0.143615 -0.221913 -0.140032 -0.216619 -0.137436 -0.21123 -0.134779 -0.22459 -0.139513 -0.218731 -0.136371 
3.783 -0.296014 -0.0497329 -0.2879 -0.0486596 -0.280862 -0.0473406 -0.273646 -0.046815 -0.26675 -0.0462388 -0.287888 -0.0422216 -0.279953 -0.0413928 
4.715 0.0402411 -0.0497329 0.0394917 -0.0490985 0.038529 -0.0480423 0.0378095 -0.0476289 0.0373346 -0.0471682 0.0484487 -0.0427684 0.0478786 -0.0421322 
4.594 -0.08166 -0.227106 -0.0797071 -0.222469 -0.0781864 -0.217885 -0.0763722 -0.214091 -0.0745042 -0.210347 -0.0735954 -0.219803 -0.0715984 -0.215423 
3.953 -0.254924 -0.233954 -0.248302 -0.228342 -0.242693 -0.222902 -0.236767 -0.218266 -0.23104 -0.213861 -0.246521 -0.226282 -0.240099 -0.220998 
3.924 -0.240542 -0.0428845 -0.234271 -0.0420733 -0.228928 -0.0409308 -0.22333 -0.0405858 -0.217952 -0.0401691 -0.232458 -0.0354761 -0.226349 -0.0348592 
3.451 -0.424079 -0.160677 -0.411577 -0.156323 -0.400591 -0.151957 -0.38962 -0.148531 -0.379143 -0.145249 -0.415352 -0.152927 -0.403316 -0.148823 
3.945 -0.244651 -0.120271 -0.238299 -0.117598 -0.23293 -0.114764 -0.227268 -0.112733 -0.22185 -0.110667 -0.236457 -0.112837 -0.230238 -0.110265 
4.559 -0.0782359 -0.116162 -0.0763364 -0.113937 -0.0749337 -0.111524 -0.073208 -0.109924 -0.0714643 -0.108134 -0.0702347 -0.108996 -0.0683366 -0.107006 
3.57 -0.378195 -0.125065 -0.367363 -0.121931 -0.358036 -0.118682 -0.348434 -0.116282 -0.339289 -0.113956 -0.369767 -0.117473 -0.35926 -0.11454 
3.521 -0.399425 -0.157937 -0.387977 -0.153749 -0.378112 -0.14955 -0.367844 -0.146239 -0.358354 -0.143133 -0.390987 -0.150251 -0.379871 -0.146342 
4.301 -0.137132 -0.087399 -0.133572 -0.0856484 -0.130665 -0.0836909 -0.127607 -0.0824223 -0.124382 -0.0811064 -0.129099 -0.080123 -0.125673 -0.0786276 
4.148 -0.185755 -0.142186 -0.181179 -0.139056 -0.177313 -0.135758 -0.173187 -0.13332 -0.169233 -0.130881 -0.177546 -0.134815 -0.173084 -0.13188 
4.754 -0.0487878 -0.194234 -0.0475586 -0.190285 -0.04672 -0.186318 -0.0455679 -0.183265 -0.0443297 -0.180022 -0.0406899 -0.186806 -0.0394216 -0.183304 
4.645 -0.0631694 -0.126435 -0.0616233 -0.123997 -0.0605082 -0.121372 -0.0590894 -0.119586 -0.0576199 -0.11744 -0.0551695 -0.11935 -0.0535901 -0.11705 
3.49 -0.212464 0.0762772 -0.205724 0.0736052 -0.200057 0.0717722 -0.194189 0.0691054 -0.188624 0.066749 -0.204679 0.0837561 -0.198144 0.0811525 
3.191 0.367593 -0.0668539 0.354311 -0.0648556 0.342147 -0.0625291 0.33086 -0.0609835 0.320582 -0.0594059 0.378777 -0.0603996 0.365835 -0.0584161 
4.367 -0.12412 -0.108629 -0.121132 -0.106436 -0.1186 -0.103971 -0.115855 -0.102307 -0.11311 -0.100553 -0.116121 -0.101449 -0.113157 -0.0993473 
4.066 -0.202876 -0.0757567 -0.197626 -0.0742547 -0.193229 -0.0724572 -0.188486 -0.0714751 -0.184056 -0.0703573 -0.194714 -0.0684403 -0.189645 -0.0670621 
4.02 -0.225476 -0.109999 -0.219542 -0.107521 -0.214401 -0.104843 -0.209213 -0.103011 -0.203984 -0.101147 -0.217341 -0.10262 -0.21148 -0.100335 
4.098 -0.200822 -0.0997261 -0.195641 -0.0975377 -0.191338 -0.0951779 -0.186769 -0.0935665 -0.182492 -0.092 -0.192249 -0.0923234 -0.187352 -0.0903423 
4.332 -0.135762 -0.240118 -0.132442 -0.234829 -0.129672 -0.229494 -0.126649 -0.225035 -0.123652 -0.220679 -0.127633 -0.232717 -0.124346 -0.227637 
3.396 -0.434351 -0.0791809 -0.421313 -0.0771818 -0.409715 -0.0748823 -0.398259 -0.073492 -0.387373 -0.0721606 -0.425766 -0.0715813 -0.412985 -0.06973 
4.402 -0.120696 -0.237378 -0.117783 -0.232202 -0.115416 -0.227005 -0.11276 -0.22269 -0.110067 -0.218473 -0.112579 -0.230014 -0.109662 -0.225071 
4.273 -0.146035 -0.133283 -0.142381 -0.130369 -0.139407 -0.127355 -0.136076 -0.125015 -0.132824 -0.122734 -0.137965 -0.126018 -0.134358 -0.123321 
4.102 -0.196713 -0.162731 -0.19185 -0.159038 -0.187569 -0.155288 -0.18311 -0.152364 -0.178707 -0.149434 -0.188676 -0.155335 -0.18363 -0.151842 
3.822 -0.282317 -0.10315 -0.274742 -0.100745 -0.268234 -0.0981712 -0.261469 -0.0964858 -0.254962 -0.0947102 -0.274006 -0.0956795 -0.266708 -0.0934661 
3.562 -0.37888 -0.0764416 -0.368146 -0.0746141 -0.358751 -0.0725349 -0.349124 -0.071283 -0.340172 -0.0700616 -0.370702 -0.0688748 -0.360251 -0.0672288 
4.363 -0.12275 -0.0908232 -0.119764 -0.0891629 -0.117272 -0.0870767 -0.114531 -0.0858485 -0.1119 -0.0845595 -0.114813 -0.0836491 -0.111787 -0.0820568 
4.332 -0.135762 -0.221627 -0.132474 -0.216731 -0.129729 -0.211872 -0.126706 -0.207896 -0.12376 -0.203968 -0.127705 -0.214227 -0.124377 -0.209658 
3.822 -0.282317 -0.066169 -0.275008 -0.0646994 -0.268623 -0.06295 -0.261207 -0.0619673 -0.254176 -0.0609685 -0.273529 -0.0587151 -0.266254 -0.0574035 
3.783 0.172415 -0.0784961 0.16796 -0.0768972 0.163698 -0.0749009 0.1598 -0.0738161 0.15626 -0.0724653 0.181373 -0.0716779 0.177327 -0.0701473 
3.914 -0.098781 -0.00110944 -0.0959691 -0.00142255 -0.0936187 -0.00117711 -0.0910552 -0.00176418 -0.0888583 -0.00207512 -0.0909032 0.00600474 -0.0878528 0.00572172 
4.184 -0.176168 -0.264087 -0.171629 -0.25799 -0.167842 -0.251963 -0.163747 -0.246836 -0.159789 -0.241867 -0.167927 -0.256515 -0.163509 -0.250716 
4.27 -0.151513 -0.243542 -0.147682 -0.238044 -0.144539 -0.232568 -0.141064 -0.227966 -0.137657 -0.223453 -0.143329 -0.236121 -0.139577 -0.230886 
3.818 -0.29122 -0.174373 -0.283346 -0.170191 -0.276539 -0.165956 -0.269436 -0.162629 -0.262746 -0.159385 -0.282825 -0.166851 -0.27515 -0.16293 
3.207 -0.254239 0.114628 -0.246328 0.1108 -0.239482 0.10784 -0.232652 0.104094 -0.226076 0.100753 -0.246713 0.122229 -0.238906 0.118426 
4.168 -0.190549 -0.299014 -0.185683 -0.292162 -0.181705 -0.285629 -0.177432 -0.279966 -0.173203 -0.274551 -0.18216 -0.291234 -0.177563 -0.285021 
3.449 -0.430242 -0.192864 -0.417613 -0.187604 -0.406478 -0.182327 -0.395128 -0.178054 -0.384494 -0.173972 -0.421704 -0.185089 -0.409448 -0.180072 
4.062 -0.187125 -0.000424599 -0.182366 -0.000763967 -0.17814 -0.000672009 -0.173948 -0.00132562 -0.169751 -0.00171553 -0.179174 0.00683249 -0.17454 0.0064099 
2.609 0.553184 -0.0565813 0.533664 -0.0549788 0.51586 -0.0531067 0.499102 -0.0519473 0.483445 -0.0504553 0.566621 -0.0501665 0.547489 -0.0486169 
4.566 -0.0741268 -0.0860293 -0.0723563 -0.0844687 -0.0709086 -0.0826751 -0.0691838 -0.0815543 -0.0675355 -0.0801942 -0.0662244 -0.0789532 -0.0642825 -0.0775258 
4.402 -0.117956 -0.142186 -0.115168 -0.13938 -0.112837 -0.136392 -0.110233 -0.134095 -0.107683 -0.13182 -0.109937 -0.134979 -0.107171 -0.132361 
4.566 -0.0864539 -0.195603 -0.0844778 -0.191748 -0.0829459 -0.187746 -0.0811671 -0.184868 -0.0792385 -0.181613 -0.0784179 -0.188395 -0.0763872 -0.184874 
4.398 -0.119326 -0.220942 -0.116538 -0.216223 -0.114232 -0.211453 -0.111682 -0.207558 -0.109084 -0.203636 -0.111165 -0.213544 -0.108506 -0.209118 
3.691 -0.326832 -0.087399 -0.31778 -0.0854944 -0.309983 -0.0832282 -0.301973 -0.0818816 -0.294306 -0.0805064 -0.318497 -0.0800603 -0.309764 -0.0781845 
4.66 -0.0672785 -0.172319 -0.0656697 -0.168824 -0.0644425 -0.165299 -0.0629501 -0.162389 -0.0613907 -0.159562 -0.0592304 -0.165034 -0.057538 -0.161852 
4.379 0.0840707 0.0201205 0.082385 0.0192837 0.0803811 0.0190422 0.0789198 0.0179765 0.077562 0.0172225 0.0927689 0.0273189 0.0912621 0.0264281 
4.496 -0.102205 -0.255869 -0.099854 -0.250598 -0.0979348 -0.245172 -0.0957444 -0.240694 -0.0935344 -0.236138 -0.0940559 -0.248663 -0.0917 -0.243434 
3.664 -0.337105 -0.0743871 -0.327706 -0.0726346 -0.319451 -0.0707245 -0.311093 -0.0695923 -0.303012 -0.0685324 -0.328906 -0.0667922 -0.319682 -0.0653228 
3.842 -0.287796 -0.206561 -0.279869 -0.201414 -0.273217 -0.196386 -0.266525 -0.192255 -0.259952 -0.188254 -0.279234 -0.19885 -0.27159 -0.194046 
4.352 -0.132338 -0.204506 -0.129117 -0.200126 -0.126487 -0.195766 -0.123584 -0.192152 -0.120651 -0.188576 -0.124224 -0.197091 -0.121084 -0.193049 
3.459 0.337461 -0.136022 0.32566 -0.131671 0.314855 -0.127391 0.304839 -0.123944 0.29568 -0.120477 0.347903 -0.129862 0.336448 -0.125743 
4.059 -0.21041 -0.0894535 -0.204905 -0.0876083 -0.200249 -0.0854412 -0.195281 -0.0841082 -0.190539 -0.0827319 -0.20229 -0.0821403 -0.196908 -0.0804135 
3.852 -0.287111 -0.242857 -0.279632 -0.236973 -0.273164 -0.231172 -0.266418 -0.226289 -0.259952 -0.221585 -0.278694 -0.235076 -0.271387 -0.229525 
4.395 -0.117272 -0.12575 -0.114385 -0.123111 -0.112097 -0.120305 -0.109466 -0.118249 -0.106888 -0.116182 -0.109158 -0.118451 -0.106377 -0.116031 
4.645 -0.0686481 -0.241487 -0.0669947 -0.236642 -0.065796 -0.231642 -0.0642967 -0.227622 -0.0627404 -0.223634 -0.0605655 -0.234196 -0.0588983 -0.22955 
4 -0.229585 -0.167525 -0.223834 -0.163663 -0.219119 -0.159725 -0.213792 -0.156647 -0.208875 -0.153622 -0.22247 -0.160174 -0.21651 -0.156488 
4.27 0.0977674 0.0214902 0.0956593 0.0206248 0.093478 0.0202798 0.0916589 0.0192338 0.0899281 0.0184458 0.106228 0.0286837 0.10436 0.0277698 
4.562 -0.0871387 -0.181222 -0.0850006 -0.177534 -0.0833154 -0.173708 -0.0813208 -0.170758 -0.0793354 -0.167677 -0.0790845 -0.173929 -0.0769514 -0.170527 
2.891 0.465525 -0.115477 0.449891 -0.112001 0.435494 -0.108362 0.422086 -0.105694 0.409733 -0.102779 0.477489 -0.109358 0.462198 -0.10619 
3.82 0.157348 -0.0798658 0.153368 -0.0782185 0.149398 -0.0763615 0.14593 -0.0752243 0.14276 -0.0738852 0.166119 -0.0730579 0.162373 -0.0716123 
3.818 0.158718 -0.0469936 0.154636 -0.0461961 0.150765 -0.04494 0.14733 -0.0444599 0.14399 -0.0436821 0.167625 -0.0400465 0.16389 -0.039175 
3.309 -0.493932 -0.327092 -0.479229 -0.317748 -0.466056 -0.308675 -0.452931 -0.30069 -0.440343 -0.293223 -0.484674 -0.318735 -0.470316 -0.30966 
3.625 -0.35491 -0.0887687 -0.344592 -0.0864695 -0.335807 -0.0842019 -0.32665 -0.0825731 -0.317986 -0.0809445 -0.34638 -0.0810937 -0.336493 -0.079187 
2.176 0.132009 0.0523079 0.127692 0.0502905 0.123489 0.048927 0.120076 0.0469419 0.116595 0.045149 0.14091 0.0596476 0.137153 0.0576482 
3.945 -0.0672785 0.0132722 -0.0653215 0.012683 -0.0638966 0.0124036 -0.06219 0.0113633 -0.0604557 0.0105288 -0.0592776 0.0206561 -0.0573785 0.0197291 
3.748 -0.322038 -0.227106 -0.313262 -0.221421 -0.30564 -0.215837 -0.29769 -0.211155 -0.2902 -0.206697 -0.313679 -0.219407 -0.305175 -0.214063 
4.543 -0.0912478 -0.2093 -0.0891076 -0.205048 -0.0874464 -0.200842 -0.085473 -0.197445 -0.0834049 -0.193929 -0.0831558 -0.201955 -0.0810206 -0.198161 
3.828 -0.281633 -0.122326 -0.273982 -0.119391 -0.267428 -0.116347 -0.260574 -0.114096 -0.253983 -0.111909 -0.27334 -0.114803 -0.265924 -0.112114 
4.512 -0.0919326 -0.118217 -0.0897384 -0.115915 -0.0880779 -0.113384 -0.086062 -0.111596 -0.0840287 -0.109729 -0.0839292 -0.111074 -0.0816667 -0.108935 
4.066 -0.196713 -0.0476784 -0.191638 -0.0467826 -0.187414 -0.0455506 -0.182835 -0.045139 -0.178536 -0.0445975 -0.188671 -0.040322 -0.183744 -0.0395917 
3.939 -0.244651 -0.105205 -0.238292 -0.102789 -0.232884 -0.100465 -0.227242 -0.0987861 -0.221806 -0.0970913 -0.236468 -0.0979408 -0.230285 -0.0957998 
4.527 -0.08166 -0.0737022 -0.0795925 -0.0723897 -0.0781905 -0.071299 -0.0765995 -0.0710619 -0.0748347 -0.0701298 -0.0736875 -0.0672059 -0.0717405 -0.0662078 
3.475 -0.406958 -0.0867141 -0.394975 -0.0845537 -0.384471 -0.0821514 -0.373749 -0.0806382 -0.363556 -0.0791364 -0.398576 -0.0791302 -0.386777 -0.0771184 
4.289 -0.148774 -0.227791 -0.145035 -0.222716 -0.142029 -0.217733 -0.138756 -0.213602 -0.135475 -0.209518 -0.140533 -0.22032 -0.13703 -0.215628 
3.906 -0.0905629 0.0146418 -0.0879543 0.0139075 -0.0857684 0.013697 -0.0833846 0.0127848 -0.0810391 0.0118956 -0.0826399 0.0220419 -0.0799689 0.0210914 
2.49 -0.278208 0.234475 -0.268947 0.226369 -0.260636 0.219619 -0.252694 0.212235 -0.24507 0.205482 -0.270744 0.242816 -0.261601 0.234834 
4.523 -0.0864539 -0.0921929 -0.0843331 -0.0903967 -0.0827467 -0.0882528 -0.0808397 -0.0870266 -0.0789111 -0.0854763 -0.07841 -0.0848911 -0.0763039 -0.0832307 
3.859 -0.278893 -0.291481 -0.271513 -0.28423 -0.265131 -0.277308 -0.25846 -0.271225 -0.252079 -0.265361 -0.270348 -0.283532 -0.263072 -0.276714 
3.479 -0.422709 -0.243542 -0.410613 -0.236991 -0.39974 -0.230546 -0.389131 -0.225236 -0.378767 -0.220052 -0.414317 -0.235684 -0.402205 -0.229386 
