3.586 -0.382304 -0.374346 -0.37166 -0.364313 -0.362232 -0.354816 -0.352698 -0.346368 -0.343499 -0.338364 -0.373337 -0.365865 -0.362905 -0.356377 
3.436 -0.437776 -0.235324 -0.425038 -0.228858 -0.413694 -0.222596 -0.402385 -0.217334 -0.391558 -0.212316 -0.428668 -0.227223 -0.416197 -0.221129 
3.887 -0.274099 -0.345583 -0.266857 -0.337016 -0.260594 -0.328835 -0.254051 -0.321599 -0.247739 -0.314657 -0.265523 -0.337501 -0.258492 -0.329456 
3.615 -0.365183 -0.155198 -0.354746 -0.151177 -0.345647 -0.14718 -0.336431 -0.144007 -0.327623 -0.141001 -0.356668 -0.147444 -0.346508 -0.143773 
4.598 -0.0556362 -0.036721 -0.0541483 -0.036244 -0.0531152 -0.0354151 -0.0517761 -0.0353069 -0.0504395 -0.0350398 -0.0476219 -0.0295566 -0.0460845 -0.0292969 
3.609 -0.359704 -0.0757567 -0.349374 -0.0738835 -0.340329 -0.0718518 -0.331195 -0.070599 -0.322484 -0.069362 -0.351392 -0.0681284 -0.341312 -0.0665596 
4.152 -0.182331 -0.190809 -0.17774 -0.186446 -0.173889 -0.182201 -0.169754 -0.178685 -0.165713 -0.175253 -0.17413 -0.183276 -0.169653 -0.179347 
3.691 -0.343953 -0.401739 -0.334562 -0.391261 -0.326272 -0.381275 -0.317867 -0.372355 -0.309646 -0.363824 -0.335085 -0.393244 -0.32591 -0.383294 
3.84 -0.29122 -0.368867 -0.283515 -0.359634 -0.276831 -0.350799 -0.26992 -0.343001 -0.263177 -0.335493 -0.282574 -0.360634 -0.275083 -0.351922 
3.693 -0.344638 -0.383934 -0.335219 -0.373918 -0.326949 -0.364371 -0.318513 -0.355882 -0.310312 -0.347781 -0.335776 -0.375529 -0.326591 -0.366008 
3.398 -0.455581 -0.238748 -0.442177 -0.232168 -0.430289 -0.22579 -0.418378 -0.220443 -0.406987 -0.215323 -0.446622 -0.230734 -0.433464 -0.224474 
3.738 -0.324777 -0.357225 -0.316051 -0.348053 -0.308362 -0.339267 -0.300502 -0.331525 -0.292878 -0.324097 -0.316074 -0.348998 -0.307486 -0.340315 
4.137 -0.180277 -0.0538419 -0.175651 -0.0528158 -0.171734 -0.0514763 -0.167552 -0.0509123 -0.163509 -0.050206 -0.172275 -0.0465465 -0.167722 -0.0456877 
3.736 -0.325462 -0.396261 -0.316665 -0.386072 -0.308939 -0.376334 -0.301052 -0.367649 -0.29334 -0.359367 -0.316656 -0.387843 -0.30807 -0.378205 
3.885 -0.275469 -0.401739 -0.268241 -0.391779 -0.261943 -0.382235 -0.255403 -0.373758 -0.249011 -0.365601 -0.266837 -0.393415 -0.259752 -0.384007 
4.023 -0.219997 -0.0586358 -0.214251 -0.0574728 -0.209412 -0.056037 -0.204321 -0.0553564 -0.199409 -0.0545586 -0.211898 -0.0512898 -0.206326 -0.0503026 
3.766 -0.316559 -0.384619 -0.308105 -0.374793 -0.300632 -0.365423 -0.293007 -0.357093 -0.285557 -0.349132 -0.307881 -0.376319 -0.299567 -0.367018 
3.842 -0.289166 -0.347637 -0.281505 -0.338944 -0.274894 -0.330637 -0.268007 -0.323274 -0.261299 -0.316242 -0.280613 -0.339551 -0.273158 -0.331384 
3.127 -0.185755 0.124216 -0.179942 0.120144 -0.175027 0.116909 -0.169893 0.112969 -0.165082 0.109421 -0.178 0.131961 -0.172253 0.127827 
3.795 -0.308341 -0.355171 -0.300104 -0.346161 -0.292942 -0.337579 -0.285519 -0.329962 -0.278377 -0.322675 -0.299638 -0.346948 -0.291608 -0.338454 
3.885 -0.275469 -0.383249 -0.268259 -0.373759 -0.261977 -0.364664 -0.255444 -0.356611 -0.249061 -0.348862 -0.26686 -0.37499 -0.259781 -0.366019 
4.715 -0.052212 -0.100411 -0.0509678 -0.0984225 -0.0501436 -0.0962657 -0.0489708 -0.0947884 -0.0477187 -0.0932388 -0.044211 -0.0933265 -0.0428838 -0.0915926 
3.762 -0.302863 -0.066169 -0.294645 -0.064694 -0.287554 -0.062991 -0.280244 -0.0619749 -0.273279 -0.061028 -0.294701 -0.0588081 -0.286701 -0.0575408 
3.438 -0.435036 -0.205876 -0.422214 -0.200248 -0.410862 -0.194701 -0.399524 -0.19017 -0.388685 -0.18586 -0.426272 -0.198017 -0.413739 -0.192719 
3.646 -0.359704 -0.219573 -0.349903 -0.213904 -0.341151 -0.208352 -0.332238 -0.203682 -0.323688 -0.199271 -0.351331 -0.211789 -0.341506 -0.206467 
3.539 -0.400794 -0.238063 -0.389253 -0.231605 -0.379101 -0.225315 -0.368896 -0.220027 -0.359115 -0.214993 -0.391925 -0.230121 -0.380719 -0.224085 
3.664 -0.341898 -0.137392 -0.332392 -0.133994 -0.324085 -0.130531 -0.315689 -0.127935 -0.307564 -0.125381 -0.333542 -0.129783 -0.324237 -0.126706 
4.043 -0.0433091 -0.0100123 -0.042013 -0.0101524 -0.0412166 -0.00991264 -0.0401354 -0.0104127 -0.0389943 -0.0106773 -0.0351748 -0.00287955 -0.0339133 -0.00317411 
3.885 -0.277524 -0.368182 -0.270281 -0.359123 -0.264028 -0.350495 -0.257477 -0.34282 -0.251119 -0.335466 -0.268892 -0.360007 -0.26186 -0.351471 
3.475 -0.417231 -0.197658 -0.405243 -0.192354 -0.394681 -0.187124 -0.384045 -0.182869 -0.37388 -0.178791 -0.408509 -0.189854 -0.396759 -0.184898 
3.621 -0.355595 -0.133283 -0.345607 -0.129829 -0.336828 -0.126299 -0.327904 -0.123616 -0.319366 -0.121042 -0.347347 -0.125758 -0.337555 -0.122552 
3.682 -0.293275 0.101616 -0.284241 0.0982825 -0.27643 0.0956771 -0.268509 0.0923526 -0.261077 0.089358 -0.285535 0.109275 -0.276704 0.105837 
3.58 -0.379564 -0.199712 -0.368832 -0.194513 -0.359398 -0.189393 -0.349855 -0.185218 -0.340748 -0.181201 -0.370935 -0.19193 -0.360428 -0.187096 
4.691 -0.0446788 -0.0757567 -0.0434981 -0.0742985 -0.042693 -0.0726363 -0.0416489 -0.0716541 -0.0405426 -0.0705284 -0.0366196 -0.068677 -0.0353667 -0.0675003 
4.137 -0.0261882 -0.0182304 -0.0254035 -0.0180694 -0.024958 -0.017622 -0.0241848 -0.0178284 -0.0233675 -0.0178518 -0.0181598 -0.011028 -0.0172947 -0.0110464 
3.717 -0.326832 -0.185331 -0.317862 -0.180608 -0.310092 -0.175944 -0.302152 -0.172154 -0.294511 -0.168531 -0.31825 -0.177649 -0.30946 -0.173291 
3.955 -0.244651 -0.174373 -0.238238 -0.170323 -0.232802 -0.16625 -0.22704 -0.16295 -0.221548 -0.159728 -0.236352 -0.166871 -0.230159 -0.163089 
3.873 -0.277524 -0.213409 -0.270203 -0.208177 -0.26388 -0.203007 -0.257252 -0.198716 -0.250964 -0.194583 -0.269132 -0.205781 -0.261966 -0.200895 
3.807 -0.302863 -0.378455 -0.294777 -0.368931 -0.287643 -0.3598 -0.280378 -0.351745 -0.273254 -0.343983 -0.294223 -0.370163 -0.286272 -0.361174 
3.963 -0.0597452 0.0454595 -0.058119 0.0439498 -0.0569092 0.0429294 -0.0554227 0.0412532 -0.0539301 0.0398347 -0.0518327 0.0528517 -0.0500772 0.0512328 
4.18 -0.0433091 -0.0237091 -0.0421681 -0.0234766 -0.0413774 -0.022923 -0.0403193 -0.0230688 -0.0392549 -0.0229973 -0.0352468 -0.0165541 -0.0340389 -0.0165181 
3.861 -0.278208 -0.179167 -0.270855 -0.174809 -0.264476 -0.170488 -0.257908 -0.167006 -0.25156 -0.163599 -0.269793 -0.17155 -0.262689 -0.167546 
3.486 -0.4186 -0.229845 -0.406513 -0.223631 -0.395841 -0.217651 -0.385168 -0.2126 -0.374909 -0.207785 -0.409793 -0.221822 -0.398023 -0.216117 
3.75 -0.308341 -0.0805506 -0.300013 -0.0787336 -0.292744 -0.0765624 -0.285296 -0.0752551 -0.278183 -0.0739386 -0.300186 -0.0731456 -0.29201 -0.0714573 
3.523 -0.402164 -0.224367 -0.390698 -0.218296 -0.38057 -0.212488 -0.370326 -0.207597 -0.36059 -0.202915 -0.393364 -0.216319 -0.382116 -0.210729 
3.648 -0.35765 -0.415436 -0.347773 -0.404539 -0.339048 -0.394159 -0.330147 -0.384856 -0.321579 -0.375993 -0.348697 -0.406914 -0.339057 -0.396551 
3.742 -0.321353 -0.213409 -0.312665 -0.208028 -0.305091 -0.202766 -0.297369 -0.198388 -0.289962 -0.194164 -0.312856 -0.205665 -0.304386 -0.200689 
4.625 -0.0412546 -0.0415149 -0.0400846 -0.0408894 -0.0393673 -0.0400335 -0.038293 -0.039824 -0.0372548 -0.0393084 -0.0331753 -0.0343772 -0.0319738 -0.0339039 
4.156 -0.183701 -0.204506 -0.17905 -0.199918 -0.175179 -0.19534 -0.171053 -0.191577 -0.166973 -0.187833 -0.175472 -0.197034 -0.170976 -0.192769 
3.619 -0.370662 -0.231215 -0.360155 -0.225118 -0.351047 -0.219164 -0.34182 -0.214135 -0.332864 -0.209406 -0.361804 -0.223347 -0.351631 -0.21763 
3.637 -0.355595 -0.192864 -0.345626 -0.187851 -0.336939 -0.182952 -0.328263 -0.178949 -0.319726 -0.175129 -0.347174 -0.18508 -0.337573 -0.180465 
3.24 -0.16795 0.122161 -0.162772 0.118259 -0.158374 0.115092 -0.153819 0.111295 -0.149513 0.107829 -0.160246 0.129927 -0.1551 0.125908 
3.266 -0.196713 0.112574 -0.190555 0.108851 -0.185361 0.105929 -0.17996 0.102311 -0.17491 0.0991313 -0.188975 0.120252 -0.182898 0.116488 
3.342 -0.476127 -0.233954 -0.461846 -0.227327 -0.449159 -0.220894 -0.436577 -0.215499 -0.424532 -0.210387 -0.467042 -0.225898 -0.453121 -0.219644 
3.695 -0.332995 -0.154513 -0.323747 -0.150654 -0.315834 -0.146816 -0.3077 -0.143853 -0.299944 -0.140954 -0.32457 -0.146874 -0.315628 -0.143353 
3.688 -0.340529 -0.216833 -0.331346 -0.211323 -0.323195 -0.205931 -0.314893 -0.201386 -0.306957 -0.197085 -0.332255 -0.209077 -0.323086 -0.203918 
3.318 0.338145 -0.0695932 0.326428 -0.0675188 0.315715 -0.0652882 0.30573 -0.0637708 0.296573 -0.0620906 0.348806 -0.0630221 0.337454 -0.0611427 
2.969 0.527161 -0.057951 0.50814 -0.0563323 0.490803 -0.0544979 0.474505 -0.0533426 0.459655 -0.0518943 0.54032 -0.0514964 0.521599 -0.0500549 
2.525 -0.140556 0.130379 -0.136535 0.126532 -0.133222 0.123391 -0.129654 0.119616 -0.126269 0.116137 -0.132744 0.138196 -0.128729 0.134232 
3.76 -0.313135 -0.190809 -0.304562 -0.186091 -0.297078 -0.181484 -0.289416 -0.17767 -0.282086 -0.174034 -0.304677 -0.183122 -0.29629 -0.178777 
4.086 -0.202876 -0.150404 -0.197735 -0.147028 -0.193451 -0.143628 -0.188756 -0.140986 -0.184275 -0.138346 -0.194733 -0.143002 -0.189694 -0.139909 
3.861 -0.282317 -0.229845 -0.274862 -0.22428 -0.268412 -0.218895 -0.261707 -0.214295 -0.255235 -0.209925 -0.273919 -0.222108 -0.266608 -0.216886 
3.469 -0.41997 -0.174373 -0.407781 -0.169749 -0.396943 -0.165133 -0.386075 -0.161461 -0.375762 -0.157933 -0.411243 -0.166583 -0.399285 -0.162291 
3.924 -0.257663 -0.181907 -0.250992 -0.17761 -0.24505 -0.17333 -0.239179 -0.169898 -0.2332 -0.166461 -0.249454 -0.174373 -0.242899 -0.170371 
4.301 -0.0255034 -0.0339816 -0.024832 -0.0336134 -0.024357 -0.0328845 -0.0236936 -0.0328471 -0.0229429 -0.0326242 -0.0175081 -0.026949 -0.016657 -0.0267378 
4.754 -0.0371456 -0.0969867 -0.0361573 -0.0949971 -0.0355474 -0.0929207 -0.0346476 -0.0914659 -0.0337421 -0.0899092 -0.029035 -0.0898834 -0.0279604 -0.0882047 
4.078 -0.206985 -0.197658 -0.201732 -0.193102 -0.197217 -0.188631 -0.192418 -0.184939 -0.187668 -0.181322 -0.198665 -0.190094 -0.19355 -0.185971 
3.918 -0.259718 -0.203137 -0.252909 -0.198217 -0.246891 -0.193401 -0.240863 -0.189479 -0.234854 -0.185615 -0.251347 -0.195435 -0.244775 -0.190979 
3.232 0.351842 -0.0771264 0.34115 -0.0752303 0.330927 -0.0729789 0.320525 -0.0712659 0.31084 -0.0693204 0.362155 -0.0704491 0.351835 -0.0687838 
4.164 -0.132338 -0.0106972 -0.128797 -0.0107845 -0.125869 -0.0104529 -0.122646 -0.0108813 -0.119622 -0.011125 -0.124447 -0.00344685 -0.120904 -0.00363306 
4.48 -0.10152 -0.163416 -0.0990769 -0.160051 -0.0971686 -0.156643 -0.0949383 -0.153968 -0.0926242 -0.151235 -0.0934955 -0.15617 -0.0910053 -0.153052 
3.676 -0.341898 -0.194234 -0.332369 -0.189305 -0.324115 -0.184491 -0.315655 -0.180533 -0.307511 -0.176791 -0.333404 -0.186494 -0.324203 -0.181955 
2.295 -0.175483 0.155718 -0.170124 0.150897 -0.165562 0.146985 -0.160902 0.142483 -0.156532 0.13843 -0.167771 0.163666 -0.16244 0.15882 
4.695 -0.0624846 -0.205876 -0.0609866 -0.201822 -0.0599589 -0.197716 -0.0586066 -0.194182 -0.057201 -0.190898 -0.0543971 -0.198776 -0.0528866 -0.195007 
4.672 -0.0638543 -0.225736 -0.0624025 -0.221235 -0.0613675 -0.216764 -0.0600084 -0.213057 -0.0585464 -0.209247 -0.0558058 -0.218481 -0.0543078 -0.214341 
3.818 -0.290536 -0.186016 -0.282703 -0.181482 -0.275988 -0.176977 -0.269147 -0.173374 -0.26245 -0.16983 -0.282506 -0.178423 -0.274853 -0.174236 
3.115 0.379921 -0.100411 0.367765 -0.0974978 0.356379 -0.0945622 0.345794 -0.0923455 0.335951 -0.0899573 0.390719 -0.0941129 0.378864 -0.0914393 
4.426 -0.10152 -0.0524723 -0.0990063 -0.0515149 -0.0970454 -0.0503368 -0.0947773 -0.0499095 -0.0924335 -0.0493691 -0.0935674 -0.0452742 -0.0910013 -0.0446532 
3.803 -0.301493 -0.219573 -0.293557 -0.214146 -0.28662 -0.208828 -0.279431 -0.204358 -0.272504 -0.200056 -0.293254 -0.211928 -0.285377 -0.206846 
4.445 0.0292837 -0.00384879 0.0288289 -0.00405645 0.0280698 -0.00393577 0.0276773 -0.00439343 0.0273492 -0.00472983 0.037541 0.0033382 0.0371956 0.00290767 
2.203 -0.267936 0.18996 -0.258835 0.183424 -0.250952 0.178007 -0.243038 0.171942 -0.235639 0.166408 -0.260514 0.198005 -0.251543 0.191479 
3.766 -0.308341 -0.149034 -0.300088 -0.145338 -0.292949 -0.141687 -0.285581 -0.13884 -0.278549 -0.136045 -0.300051 -0.141452 -0.292031 -0.138149 
4.645 -0.0549514 -0.0531571 -0.0535181 -0.0522225 -0.052467 -0.0510398 -0.0511754 -0.0505915 -0.0498434 -0.0499327 -0.0469111 -0.0459761 -0.0454485 -0.0452927 
2.232 -0.149459 0.14887 -0.145174 0.144485 -0.141785 0.140899 -0.137935 0.136696 -0.134388 0.132818 -0.141627 0.156675 -0.137344 0.152239 
4.035 -0.217258 -0.153828 -0.211585 -0.150328 -0.206815 -0.146834 -0.201704 -0.144109 -0.196821 -0.141408 -0.209005 -0.146373 -0.203484 -0.143242 
4.703 -0.0590604 -0.273675 -0.0576443 -0.268186 -0.0566725 -0.262787 -0.0553702 -0.258177 -0.0539498 -0.253558 -0.0509116 -0.266389 -0.0495046 -0.261285 
4.469 -0.100836 -0.138077 -0.0984018 -0.135352 -0.0965444 -0.132508 -0.0943079 -0.130264 -0.092089 -0.128008 -0.0927875 -0.130868 -0.0903491 -0.128407 
4.016 -0.23164 -0.202452 -0.225627 -0.197737 -0.22052 -0.193136 -0.215191 -0.189355 -0.209997 -0.185668 -0.223175 -0.194767 -0.217391 -0.190507 
3.832 -0.298069 -0.317504 -0.290003 -0.309469 -0.282989 -0.301669 -0.275778 -0.294912 -0.268786 -0.288412 -0.289468 -0.309529 -0.281645 -0.301922 
4.051 -0.214519 -0.125065 -0.209078 -0.122328 -0.20418 -0.119479 -0.199234 -0.117385 -0.194438 -0.115303 -0.206434 -0.117722 -0.200904 -0.115224 
3.539 -0.393261 -0.196288 -0.38205 -0.191016 -0.372168 -0.185859 -0.362217 -0.181635 -0.352644 -0.177588 -0.384799 -0.188481 -0.373835 -0.183574 
3.777 -0.294645 -0.0949322 -0.286468 -0.0926684 -0.279418 -0.090256 -0.272149 -0.0886251 -0.265204 -0.0870262 -0.286384 -0.0874676 -0.278455 -0.0854445 
3.508 -0.404219 -0.171634 -0.392547 -0.167121 -0.382497 -0.162624 -0.372259 -0.159045 -0.362435 -0.155612 -0.395673 -0.163891 -0.384328 -0.15969 
4.715 -0.0357759 -0.0552116 -0.0347687 -0.0544848 -0.0341965 -0.0532946 -0.0333597 -0.0527885 -0.0323687 -0.0521724 -0.0276897 -0.0481787 -0.0266948 -0.0475139 
4.297 -0.14398 -0.152459 -0.140339 -0.149029 -0.1374 -0.145768 -0.134103 -0.143195 -0.130875 -0.140532 -0.135904 -0.145087 -0.132309 -0.142139 
3.473 -0.416546 -0.133283 -0.404345 -0.129788 -0.393511 -0.126238 -0.382744 -0.123582 -0.372497 -0.121052 -0.407946 -0.125599 -0.396026 -0.122418 
4.648 -0.0686481 -0.256554 -0.0669903 -0.251382 -0.0657964 -0.246163 -0.0642993 -0.241831 -0.0626871 -0.237442 -0.0605622 -0.249212 -0.0589046 -0.244369 
3.164 -0.274099 0.115998 -0.265507 0.112201 -0.258131 0.109207 -0.250586 0.105507 -0.243511 0.10221 -0.266009 0.123503 -0.257556 0.119637 
4.297 0.00873853 -0.0264484 0.00875266 -0.026275 0.00845183 -0.025606 0.00845563 -0.0256945 0.00854617 -0.0256286 0.0168707 -0.019324 0.0170123 -0.0192835 
3.572 -0.380249 -0.151089 -0.369455 -0.147192 -0.360005 -0.143247 -0.350416 -0.140203 -0.341248 -0.137267 -0.371936 -0.143446 -0.361406 -0.139841 
4.301 -0.144665 -0.175743 -0.141034 -0.171982 -0.138067 -0.168104 -0.134758 -0.164948 -0.131504 -0.16191 -0.136589 -0.168472 -0.13296 -0.164832 
4.598 -0.0830297 -0.25176 -0.0809948 -0.24649 -0.0794351 -0.241304 -0.0776232 -0.23694 -0.0756724 -0.232461 -0.0749343 -0.244284 -0.072861 -0.239542 
2.65 0.538803 -0.0442542 0.519306 -0.0430624 0.501452 -0.04164 0.484689 -0.0408026 0.469146 -0.0397939 0.552219 -0.0375441 0.532932 -0.036453 
3.787 -0.296699 -0.12438 -0.288495 -0.121329 -0.281403 -0.118349 -0.274103 -0.115987 -0.267105 -0.113712 -0.288403 -0.116879 -0.280425 -0.114125 
3.172 -0.543241 -0.225051 -0.526238 -0.21843 -0.510987 -0.211989 -0.495885 -0.206573 -0.481558 -0.201406 -0.534042 -0.21706 -0.517309 -0.210652 
4.289 0.0155869 -0.00521846 0.0153443 -0.00545291 0.0147946 -0.00533287 0.0146143 -0.00583972 0.0144965 -0.00617211 0.0238335 0.00196577 0.023723 0.00154828 
3.514 -0.401479 -0.130544 -0.389948 -0.127171 -0.379847 -0.123693 -0.36953 -0.121142 -0.359749 -0.118657 -0.392916 -0.122874 -0.381717 -0.119779 
3.145 -0.549404 -0.156568 -0.532009 -0.151873 -0.516537 -0.147182 -0.501161 -0.143396 -0.486638 -0.13995 -0.540363 -0.148658 -0.523329 -0.144212 
3.426 -0.437091 -0.166155 -0.424101 -0.16154 -0.41266 -0.156943 -0.401185 -0.153312 -0.390212 -0.14985 -0.428345 -0.158334 -0.415625 -0.154023 
4.559 -0.0864539 -0.16684 -0.0842901 -0.163432 -0.0827186 -0.160008 -0.0807305 -0.157334 -0.0787746 -0.154547 -0.07844 -0.1596 -0.0762964 -0.156484 
3.938 -0.148089 -0.00795781 -0.144189 -0.00806566 -0.140992 -0.0077308 -0.137359 -0.00817517 -0.133932 -0.00839579 -0.13996 -0.00063765 -0.13594 -0.000845392 
2.322 -0.278208 0.172839 -0.268832 0.166975 -0.260663 0.162092 -0.2525 0.156612 -0.244873 0.151557 -0.270742 0.180791 -0.261475 0.17488 
4.098 -0.200822 -0.123011 -0.195599 -0.12034 -0.191337 -0.11754 -0.186714 -0.115518 -0.18226 -0.113462 -0.192654 -0.115676 -0.187575 -0.113238 
4.191 -0.178222 -0.286002 -0.173708 -0.279376 -0.169911 -0.272976 -0.165851 -0.267392 -0.161843 -0.261991 -0.169969 -0.278375 -0.165572 -0.272233 
4.406 -0.119326 -0.25176 -0.116421 -0.246309 -0.114128 -0.241019 -0.111551 -0.236439 -0.108922 -0.232022 -0.111228 -0.244306 -0.108379 -0.23927 
4.059 -0.202876 -0.0606903 -0.197457 -0.0594822 -0.192762 -0.0580065 -0.187785 -0.0572674 -0.183064 -0.0564445 -0.194987 -0.0533942 -0.189614 -0.0523329 
3.354 -0.476811 -0.25176 -0.462572 -0.244657 -0.449878 -0.237743 -0.437257 -0.231905 -0.425209 -0.226392 -0.467748 -0.243704 -0.453875 -0.237025 
3.533 -0.389837 -0.0860293 -0.378772 -0.083906 -0.369011 -0.0816126 -0.359167 -0.0801532 -0.349682 -0.0787435 -0.381645 -0.0784592 -0.370786 -0.0765929 
4.543 -0.0837146 -0.130544 -0.0816715 -0.127923 -0.0800836 -0.125262 -0.0781821 -0.123227 -0.0762995 -0.121263 -0.0757216 -0.123366 -0.0736169 -0.121032 
3.641 -0.352856 -0.149034 -0.342866 -0.145117 -0.334135 -0.141248 -0.325277 -0.138236 -0.316862 -0.13533 -0.344971 -0.141431 -0.335077 -0.137868 
3.531 -0.212464 0.0762772 -0.205742 0.0736526 -0.200062 0.0717636 -0.194199 0.0691049 -0.188596 0.0667351 -0.204759 0.083796 -0.198186 0.0811044 
3.188 -0.534338 -0.213409 -0.51757 -0.207065 -0.502609 -0.200742 -0.487792 -0.195677 -0.473668 -0.190712 -0.52523 -0.205287 -0.508762 -0.199319 
3.814 -0.301493 -0.241487 -0.293444 -0.235482 -0.286379 -0.229747 -0.279198 -0.224802 -0.272202 -0.220053 -0.293014 -0.233643 -0.285152 -0.228093 
3.436 -0.432297 -0.14835 -0.419574 -0.144234 -0.408092 -0.140074 -0.396878 -0.136877 -0.386058 -0.133768 -0.423849 -0.140628 -0.411224 -0.136826 
4.613 -0.0727572 -0.10315 -0.0709867 -0.101118 -0.0695782 -0.0988241 -0.0679267 -0.0973424 -0.0662599 -0.0957254 -0.0648162 -0.0960386 -0.0629036 -0.094251 
3.736 -0.311081 -0.112738 -0.302656 -0.109931 -0.295392 -0.107089 -0.287906 -0.105052 -0.280761 -0.103027 -0.302804 -0.105186 -0.2946 -0.102752 
3.779 -0.296014 -0.0497329 -0.287911 -0.0486084 -0.280864 -0.0473437 -0.273654 -0.046808 -0.266746 -0.046238 -0.287903 -0.0421727 -0.279957 -0.0414191 
3.951 -0.254924 -0.233954 -0.248279 -0.228313 -0.242644 -0.222899 -0.236752 -0.218251 -0.231009 -0.213827 -0.246512 -0.22627 -0.240094 -0.221046 
3.92 -0.238488 -0.0435694 -0.232215 -0.0427091 -0.2269 -0.0416054 -0.2213 -0.0412687 -0.215926 -0.0408043 -0.230403 -0.0361366 -0.224293 -0.0355476 
3.496 -0.405588 -0.113423 -0.393745 -0.110448 -0.383245 -0.1074 -0.372758 -0.105155 -0.362736 -0.103014 -0.397022 -0.105816 -0.385444 -0.103079 
4.402 -0.120696 -0.237378 -0.117756 -0.232179 -0.115386 -0.227027 -0.112742 -0.222707 -0.110037 -0.218483 -0.112558 -0.229976 -0.109634 -0.225106 
3.566 -0.37751 -0.115477 -0.366733 -0.11249 -0.357286 -0.109432 -0.347699 -0.107161 -0.338657 -0.104976 -0.369194 -0.107909 -0.358612 -0.105176 
2.242 0.160088 0.0516231 0.15576 0.0496245 0.151745 0.0483557 0.147945 0.0463752 0.144661 0.0448095 0.168893 0.0588596 0.164951 0.0568972 
4.73 -0.0535817 -0.25176 -0.0522969 -0.246696 -0.0513963 -0.241599 -0.0501804 -0.237442 -0.0488637 -0.233288 -0.04547 -0.2442 -0.0441416 -0.239588 
2.51 -0.196028 0.139967 -0.189741 0.135409 -0.184411 0.131693 -0.179003 0.127363 -0.173823 0.123508 -0.188412 0.147832 -0.182139 0.143326 
4.016 -0.225476 -0.109999 -0.219593 -0.10751 -0.214483 -0.104869 -0.209264 -0.103036 -0.204085 -0.101165 -0.217366 -0.102606 -0.211566 -0.100371 
4.102 -0.190549 -0.0668539 -0.185775 -0.0656123 -0.181828 -0.0640967 -0.177546 -0.0633069 -0.173446 -0.0624876 -0.182474 -0.0595429 -0.17786 -0.0584687 
4.652 -0.0631694 -0.12712 -0.0616368 -0.124633 -0.0604954 -0.122056 -0.0591011 -0.120361 -0.0576315 -0.118124 -0.0551763 -0.120029 -0.053611 -0.117884 
4.758 -0.0487878 -0.194234 -0.047541 -0.190311 -0.0466883 -0.186416 -0.0455536 -0.183318 -0.0443062 -0.180045 -0.040678 -0.186851 -0.0393913 -0.183344 
3.393 -0.439145 -0.107944 -0.426086 -0.104986 -0.414543 -0.101952 -0.402911 -0.0997442 -0.392048 -0.0976719 -0.430464 -0.100294 -0.4178 -0.0975982 
3.518 -0.399425 -0.157252 -0.387973 -0.15308 -0.377902 -0.148913 -0.367745 -0.145644 -0.358136 -0.142515 -0.390914 -0.149538 -0.379686 -0.145691 
2.473 -0.239858 0.140652 -0.231985 0.135984 -0.22527 0.132101 -0.218452 0.127581 -0.211997 0.123537 -0.232048 0.148448 -0.224301 0.143674 
3.4 -0.441885 -0.12575 -0.428775 -0.122358 -0.417181 -0.118865 -0.40553 -0.116316 -0.39455 -0.11382 -0.433201 -0.118054 -0.420344 -0.114925 
4.367 -0.12412 -0.109314 -0.121103 -0.107081 -0.11862 -0.104674 -0.11586 -0.102974 -0.113073 -0.10124 -0.116118 -0.102126 -0.113141 -0.100101 
3.986 -0.233009 -0.14698 -0.227019 -0.1436 -0.221868 -0.140083 -0.21655 -0.137488 -0.211213 -0.134799 -0.224548 -0.139502 -0.218654 -0.136388 
3.451 -0.424079 -0.160677 -0.411835 -0.156341 -0.400742 -0.151998 -0.38996 -0.148578 -0.379194 -0.145272 -0.415542 -0.152937 -0.403293 -0.148867 
4.301 -0.137132 -0.087399 -0.133597 -0.0855861 -0.130693 -0.0836964 -0.12765 -0.0824484 -0.124382 -0.0811292 -0.1291 -0.0801115 -0.125736 -0.0786271 
3.609 -0.356965 -0.0469936 -0.346689 -0.0459278 -0.337711 -0.0446597 -0.328621 -0.044166 -0.319965 -0.0436372 -0.348758 -0.0394455 -0.338765 -0.0387012 
4.238 -0.158362 -0.172319 -0.154468 -0.168449 -0.151202 -0.164567 -0.14766 -0.16163 -0.14422 -0.158428 -0.150191 -0.164924 -0.146312 -0.161316 
3.221 0.367593 -0.0668539 0.354332 -0.064678 0.342196 -0.0625184 0.330941 -0.0609973 0.320613 -0.0593394 0.378776 -0.0603168 0.36582 -0.0584286 
4.102 -0.196713 -0.162731 -0.191791 -0.159012 -0.187576 -0.155304 -0.183085 -0.152384 -0.178735 -0.149429 -0.188653 -0.155304 -0.183636 -0.151865 
2.596 -0.21041 0.133804 -0.203692 0.129434 -0.197908 0.125929 -0.192049 0.121735 -0.186526 0.117924 -0.202828 0.141564 -0.196197 0.137151 
3.816 0.148445 -0.12438 0.144689 -0.121499 0.141146 -0.118506 0.137886 -0.116191 0.134983 -0.113877 0.157141 -0.11768 0.153708 -0.115026 
4.094 -0.200822 -0.0997261 -0.19589 -0.0974947 -0.191365 -0.0951582 -0.186767 -0.0935622 -0.182514 -0.0919916 -0.192412 -0.0922987 -0.187511 -0.0903715 
3.377 -0.43846 -0.0709629 -0.425451 -0.0690976 -0.41363 -0.0669831 -0.402002 -0.0657354 -0.390903 -0.0645327 -0.43 -0.0633731 -0.417136 -0.0616905 
3.822 -0.282317 -0.10315 -0.274752 -0.100717 -0.268213 -0.0981841 -0.261476 -0.0964998 -0.254975 -0.0947391 -0.274051 -0.0956781 -0.266726 -0.0935077 
4.363 -0.119326 -0.0942474 -0.116393 -0.0925075 -0.113955 -0.090448 -0.111253 -0.0891632 -0.108618 -0.0878151 -0.111348 -0.0870107 -0.108384 -0.0854482 
4.27 -0.14535 -0.133283 -0.141717 -0.130291 -0.138739 -0.127306 -0.135433 -0.125012 -0.132191 -0.122725 -0.137319 -0.126001 -0.133689 -0.123343 
4.332 -0.135077 -0.223682 -0.131804 -0.218798 -0.129126 -0.213982 -0.126173 -0.21 -0.123193 -0.206027 -0.127019 -0.216291 -0.123759 -0.211789 
3.836 -0.237118 0.0762772 -0.229739 0.0737383 -0.223447 0.071902 -0.216996 0.0693254 -0.210818 0.0669576 -0.229417 0.0838244 -0.222114 0.0811768 
3.885 -0.266566 -0.14561 -0.259446 -0.142124 -0.253338 -0.138511 -0.246986 -0.135819 -0.240856 -0.133128 -0.258241 -0.138082 -0.251278 -0.134927 
4.27 -0.151513 -0.242857 -0.147708 -0.237325 -0.144567 -0.231909 -0.141107 -0.227334 -0.137659 -0.222801 -0.143347 -0.235408 -0.139588 -0.230197 
4.168 -0.190549 -0.299014 -0.185735 -0.292233 -0.181754 -0.28553 -0.177469 -0.27992 -0.173224 -0.274461 -0.182224 -0.291159 -0.177574 -0.284857 
3.689 -0.329571 -0.0921929 -0.320424 -0.0899335 -0.312542 -0.0874862 -0.304455 -0.0859084 -0.296706 -0.0843301 -0.321221 -0.0846893 -0.312378 -0.0827016 
3.783 0.1731 -0.0784961 0.168696 -0.0768511 0.164386 -0.0750848 0.160566 -0.0738268 0.156928 -0.0725187 0.182119 -0.0717545 0.177895 -0.0702774 
4.352 -0.130284 -0.203821 -0.127055 -0.199394 -0.124449 -0.195116 -0.12157 -0.191513 -0.118652 -0.18786 -0.12219 -0.19643 -0.119014 -0.192395 
2.879 0.484016 -0.0285029 0.46772 -0.0280373 0.452581 -0.0271264 0.438456 -0.0269039 0.425444 -0.0263179 0.396934 -0.0150296 0.384496 -0.0150235 
4.473 -0.0967265 -0.087399 -0.0943076 -0.0858145 -0.0924946 -0.0839504 -0.0903234 -0.082886 -0.0881092 -0.0815489 -0.0887414 -0.0803267 -0.0863439 -0.0788457 
4.594 -0.0823449 -0.191494 -0.0803059 -0.187544 -0.0788107 -0.183569 -0.0770106 -0.180528 -0.0750627 -0.17735 -0.0742636 -0.184188 -0.0722506 -0.180714 
3.686 -0.330941 -0.123695 -0.321747 -0.120578 -0.313654 -0.117342 -0.305413 -0.114974 -0.297558 -0.112642 -0.322701 -0.11614 -0.31366 -0.113304 
4.336 -0.135762 -0.240118 -0.132453 -0.234787 -0.129702 -0.229479 -0.126663 -0.225018 -0.123631 -0.220624 -0.127651 -0.232705 -0.12436 -0.227639 
4.234 -0.155623 -0.142871 -0.151802 -0.139908 -0.148622 -0.136837 -0.145122 -0.134491 -0.141656 -0.132096 -0.147608 -0.135653 -0.143754 -0.132774 
4.406 -0.117956 -0.142186 -0.115148 -0.139356 -0.112833 -0.136379 -0.110192 -0.134135 -0.107627 -0.131827 -0.10994 -0.134961 -0.107161 -0.132329 
4.184 -0.176168 -0.264087 -0.171634 -0.257995 -0.167851 -0.252005 -0.163809 -0.246903 -0.159819 -0.241881 -0.167928 -0.256524 -0.163522 -0.250749 
3.818 -0.283002 -0.0668539 -0.275769 -0.0653378 -0.269509 -0.063657 -0.261988 -0.0626683 -0.254928 -0.0616769 -0.27438 -0.059419 -0.266728 -0.0580916 
4.5 -0.102205 -0.256554 -0.0998076 -0.251193 -0.0978838 -0.245867 -0.0957013 -0.24125 -0.0934735 -0.23662 -0.0940009 -0.249216 -0.0916386 -0.244054 
4.398 -0.120696 -0.222997 -0.117841 -0.218217 -0.115505 -0.213505 -0.112863 -0.209558 -0.110228 -0.205624 -0.112541 -0.215594 -0.109706 -0.211168 
4.57 -0.0741268 -0.0860293 -0.072343 -0.084447 -0.0708817 -0.0826021 -0.0691779 -0.0814997 -0.0675252 -0.0801575 -0.0662156 -0.0787816 -0.0642683 -0.0774797 
4.664 -0.0672785 -0.172319 -0.0656524 -0.168738 -0.0644451 -0.165379 -0.0629611 -0.162417 -0.0614016 -0.159633 -0.0592631 -0.165155 -0.0575315 -0.161939 
4.359 0.0957129 0.0194357 0.0936571 0.0186215 0.0915035 0.0182636 0.0896863 0.0172175 0.0880154 0.0164593 0.104183 0.0266611 0.102312 0.0257073 
4.008 -0.098781 -0.0106972 -0.0962173 -0.0107703 -0.0937286 -0.0104488 -0.0915906 -0.0108397 -0.0891397 -0.0110443 -0.0915018 -0.00346081 -0.0884151 -0.00365956 
3.447 -0.430242 -0.192864 -0.417501 -0.187568 -0.406435 -0.182338 -0.395109 -0.178062 -0.384444 -0.17398 -0.421757 -0.185082 -0.409369 -0.180118 
4.07 -0.187125 0.000945076 -0.182281 0.000617538 -0.178246 0.000671877 -0.173941 6.11489e-05 -0.169638 -0.000473421 -0.179171 0.00824944 -0.174448 0.00774359 
4 -0.229585 -0.16684 -0.223855 -0.162976 -0.21897 -0.159064 -0.213511 -0.155968 -0.208793 -0.152973 -0.221994 -0.15944 -0.21594 -0.155815 
4.078 -0.196028 -0.0483632 -0.190991 -0.0474228 -0.186772 -0.0462303 -0.182266 -0.0458037 -0.177957 -0.0452599 -0.188028 -0.0409866 -0.183081 -0.0403114 
4.398 -0.117272 -0.12575 -0.114349 -0.123092 -0.112047 -0.120349 -0.10943 -0.11833 -0.106862 -0.116251 -0.109201 -0.118424 -0.106354 -0.116164 
3.85 -0.287111 -0.242857 -0.279644 -0.236935 -0.273181 -0.23118 -0.266454 -0.226291 -0.259962 -0.221577 -0.278726 -0.235066 -0.271403 -0.229559 
2.91 0.465525 -0.115477 0.449937 -0.112001 0.435525 -0.108485 0.422071 -0.10574 0.4097 -0.102845 0.477456 -0.109422 0.462178 -0.106262 
4.488 -0.098781 -0.18807 -0.0964466 -0.184148 -0.0946116 -0.180249 -0.0924327 -0.177146 -0.0902521 -0.173949 -0.0907895 -0.180909 -0.0883282 -0.177271 
4.418 -0.106314 -0.0716477 -0.103742 -0.0704774 -0.101699 -0.069 -0.0992651 -0.0682976 -0.0969848 -0.0673167 -0.0982077 -0.0644773 -0.0956467 -0.0634089 
4.543 -0.0905629 -0.208615 -0.0884081 -0.204328 -0.0867835 -0.200213 -0.0848244 -0.196825 -0.082774 -0.193356 -0.0824657 -0.201321 -0.0803251 -0.197609 
3.885 -0.259718 -0.105205 -0.25277 -0.102781 -0.246856 -0.100359 -0.240685 -0.0986105 -0.234736 -0.096986 -0.251425 -0.0977167 -0.244747 -0.0956307 
4.059 -0.21041 -0.0894535 -0.204882 -0.0875736 -0.200255 -0.0854281 -0.195281 -0.084114 -0.190505 -0.0827377 -0.202293 -0.0821096 -0.196869 -0.0804672 
2.416 -0.252185 0.149555 -0.2438 0.144481 -0.236795 0.140312 -0.22942 0.135567 -0.222738 0.131289 -0.244703 0.157389 -0.236551 0.152352 
4.445 -0.110423 -0.212724 -0.107841 -0.208224 -0.105645 -0.203783 -0.103246 -0.200135 -0.100866 -0.196464 -0.102333 -0.205355 -0.0996826 -0.201289 
3.906 -0.256294 -0.120271 -0.249552 -0.117484 -0.243709 -0.114594 -0.237624 -0.112498 -0.231803 -0.110385 -0.248179 -0.112832 -0.241571 -0.110282 
4.023 -0.0700178 -0.0106972 -0.0681665 -0.0107622 -0.0667571 -0.0104498 -0.0650779 -0.0108295 -0.0634231 -0.0110439 -0.0620892 -0.00349475 -0.0601988 -0.00367336 
3.459 -0.16521 0.089974 -0.160161 0.0871089 -0.156092 0.0849952 -0.151679 0.082062 -0.147594 0.0795164 -0.157315 0.0975719 -0.152348 0.0946452 
3.76 -0.31245 -0.177113 -0.303775 -0.172697 -0.296147 -0.168262 -0.288426 -0.164751 -0.280969 -0.161299 -0.304106 -0.169473 -0.295611 -0.165398 
3.279 -0.182331 0.109834 -0.176601 0.106254 -0.171718 0.103413 -0.166668 0.0999537 -0.16191 0.0968344 -0.174518 0.117544 -0.168846 0.113883 
4.031 -0.115217 -0.011382 -0.112043 -0.0114534 -0.109179 -0.0111526 -0.10624 -0.0115425 -0.103568 -0.0117694 -0.107744 -0.00413766 -0.104494 -0.00433111 
4.512 -0.0926174 -0.116162 -0.0904566 -0.114073 -0.0887888 -0.111642 -0.086802 -0.110117 -0.0848225 -0.108323 -0.084666 -0.10911 -0.082382 -0.107078 
4.645 -0.069333 -0.241487 -0.0676783 -0.236534 -0.0664931 -0.231594 -0.0650031 -0.227561 -0.0634154 -0.223576 -0.0612637 -0.234156 -0.0595796 -0.229448 
3.943 -0.0638543 0.0132722 -0.0618854 0.0127922 -0.0604552 0.0124581 -0.0587376 0.0115418 -0.0569907 0.010614 -0.0558711 0.0207733 -0.0539654 0.0198005 
3.85 -0.269306 -0.0935625 -0.262031 -0.0914287 -0.255785 -0.0891025 -0.249278 -0.087615 -0.243246 -0.0860713 -0.261009 -0.0861372 -0.253966 -0.084248 
3.445 0.337461 -0.140131 0.325723 -0.135491 0.314916 -0.130946 0.304875 -0.127221 0.295729 -0.123493 0.34797 -0.133983 0.336507 -0.129519 
3.809 -0.302863 -0.392837 -0.29474 -0.382945 -0.287597 -0.373462 -0.280317 -0.365053 -0.273168 -0.356988 -0.294217 -0.384507 -0.286254 -0.375145 
3.908 -0.0926174 0.013957 -0.0899678 0.0133683 -0.0878092 0.0129897 -0.0854078 0.012141 -0.0830554 0.0111832 -0.0846518 0.0214492 -0.0820145 0.0204578 
3.766 0.178578 -0.101096 0.174014 -0.0986294 0.169523 -0.0963662 0.165482 -0.0944906 0.161748 -0.0925175 0.187557 -0.0942742 0.183174 -0.0922454 
4.207 0.00120531 -0.00453363 0.00153712 -0.00477966 0.00158999 -0.00468105 0.00189713 -0.00523171 0.00223416 -0.00560005 0.00928735 0.00274549 0.00971663 0.00226894 
4.23 -0.161101 -0.260663 -0.157019 -0.254744 -0.153695 -0.248994 -0.149995 -0.244056 -0.146309 -0.239228 -0.152885 -0.253154 -0.148895 -0.247612 
3.812 0.156663 -0.0949322 0.152759 -0.0927301 0.148739 -0.0903288 0.145198 -0.0886357 0.141969 -0.086783 0.165577 -0.0882482 0.161771 -0.0862252 
3.566 -0.382304 -0.186016 -0.37127 -0.180998 -0.361929 -0.176139 -0.352292 -0.1722 -0.343123 -0.168404 -0.373894 -0.17825 -0.363259 -0.173663 
3.473 -0.406958 -0.0867141 -0.394974 -0.0845234 -0.384422 -0.0821597 -0.373725 -0.0806396 -0.363588 -0.0791528 -0.398516 -0.0790871 -0.386702 -0.0771606 
3.734 -0.328886 -0.225051 -0.320018 -0.219378 -0.31234 -0.213851 -0.304445 -0.209178 -0.296889 -0.20473 -0.320453 -0.217333 -0.311824 -0.212022 
4.129 -0.18781 -0.116847 -0.183146 -0.114358 -0.179171 -0.11173 -0.174938 -0.10988 -0.17082 -0.108024 -0.179691 -0.109504 -0.175166 -0.107293 
3.857 -0.278893 -0.291481 -0.271573 -0.284222 -0.265104 -0.277277 -0.25877 -0.271244 -0.252182 -0.265463 -0.27044 -0.283584 -0.263247 -0.276843 
