4.664 0.00599918 -0.0428845 0.00608211 -0.0421387 0.00584632 -0.0412641 0.00592118 -0.0409861 0.00606944 -0.0405874 0.0141177 -0.0356488 0.0142787 -0.0352684 
3.588 -0.382304 -0.374346 -0.371675 -0.364375 -0.362212 -0.354807 -0.352674 -0.346353 -0.343499 -0.338356 -0.373339 -0.365905 -0.362904 -0.35635 
3.438 -0.437776 -0.235324 -0.425046 -0.228883 -0.413699 -0.222581 -0.402411 -0.217309 -0.391619 -0.212314 -0.428764 -0.227274 -0.416263 -0.221106 
4.676 0.0101082 -0.0572661 0.0100777 -0.0563359 0.00978923 -0.0550357 0.00977598 -0.0545303 0.00983271 -0.0537724 0.0182939 -0.0501555 0.0183865 -0.0493021 
3.641 -0.363128 -0.369552 -0.3531 -0.359785 -0.344244 -0.350429 -0.335253 -0.342169 -0.326616 -0.334326 -0.354162 -0.361179 -0.344387 -0.351852 
4.598 -0.0556362 -0.036721 -0.0541727 -0.0362764 -0.0531357 -0.035416 -0.0517892 -0.0352966 -0.0504394 -0.0350308 -0.0476076 -0.0295979 -0.0460808 -0.0292171 
3.617 -0.365183 -0.155198 -0.354783 -0.151205 -0.345665 -0.147188 -0.3364 -0.143992 -0.327646 -0.140972 -0.356673 -0.147453 -0.346523 -0.143737 
3.68 -0.349432 -0.370237 -0.339898 -0.360567 -0.331533 -0.351323 -0.322986 -0.343151 -0.314748 -0.335382 -0.340542 -0.361876 -0.331251 -0.352651 
3.797 -0.307656 -0.354486 -0.299472 -0.345522 -0.292278 -0.3369 -0.284872 -0.329304 -0.277756 -0.32206 -0.298972 -0.346281 -0.290971 -0.33777 
3.957 -0.240542 -0.0634297 -0.23425 -0.0620644 -0.228927 -0.0604487 -0.223312 -0.0595552 -0.217978 -0.0586302 -0.232437 -0.0560929 -0.226309 -0.0548473 
3.887 -0.274099 -0.345583 -0.266871 -0.337039 -0.26059 -0.328806 -0.254037 -0.321559 -0.24773 -0.314624 -0.265506 -0.337525 -0.258475 -0.329414 
3.793 -0.304917 -0.387358 -0.296741 -0.377518 -0.289535 -0.368008 -0.282181 -0.359617 -0.27502 -0.351599 -0.296223 -0.379076 -0.288186 -0.369675 
3.611 -0.359704 -0.0757567 -0.349393 -0.0738894 -0.340325 -0.0718163 -0.33116 -0.0705596 -0.322478 -0.0693367 -0.351377 -0.06816 -0.341302 -0.0664654 
3.824 -0.29396 -0.372291 -0.286249 -0.363038 -0.279506 -0.35411 -0.272563 -0.346274 -0.265819 -0.338733 -0.285263 -0.364054 -0.277752 -0.355243 
4.027 -0.219997 -0.0586358 -0.214312 -0.0574951 -0.209435 -0.056031 -0.204325 -0.0553437 -0.199437 -0.0545416 -0.2119 -0.0513132 -0.20635 -0.0502626 
3.736 -0.325462 -0.396261 -0.316656 -0.386067 -0.308911 -0.376271 -0.301024 -0.367597 -0.29334 -0.359335 -0.316627 -0.387872 -0.308062 -0.378143 
2.1 -0.152198 0.163936 -0.1477 0.15915 -0.144022 0.155296 -0.140013 0.150703 -0.13625 0.146583 -0.144377 0.17209 -0.139937 0.167371 
3.68 -0.347377 -0.387358 -0.337964 -0.377318 -0.329636 -0.367664 -0.321207 -0.359149 -0.313029 -0.351053 -0.338458 -0.378934 -0.329296 -0.369327 
4.137 -0.180277 -0.0538419 -0.175678 -0.0528538 -0.171744 -0.051467 -0.16753 -0.050868 -0.163504 -0.0501809 -0.172269 -0.0465806 -0.167742 -0.0456616 
3.182 -0.287796 0.117367 -0.27891 0.113651 -0.271193 0.110782 -0.263406 0.107177 -0.256056 0.103903 -0.280042 0.124972 -0.271387 0.121293 
3.842 -0.289166 -0.347637 -0.281535 -0.338977 -0.274896 -0.330624 -0.267981 -0.323252 -0.261313 -0.316237 -0.280617 -0.33961 -0.273156 -0.331342 
3.602 -0.361074 -0.101096 -0.350754 -0.0986231 -0.341705 -0.0958802 -0.332497 -0.0940382 -0.323791 -0.0922922 -0.352711 -0.0935934 -0.342603 -0.0912224 
3.734 -0.326832 -0.37914 -0.318028 -0.369419 -0.310286 -0.360064 -0.302402 -0.35184 -0.294725 -0.343955 -0.318043 -0.370819 -0.309453 -0.361551 
3.838 -0.290536 -0.385988 -0.28287 -0.376337 -0.276201 -0.367041 -0.269292 -0.358814 -0.262577 -0.350961 -0.281882 -0.377765 -0.274433 -0.368529 
4.148 -0.182331 -0.190809 -0.177753 -0.186506 -0.173878 -0.182199 -0.169733 -0.178694 -0.165717 -0.175265 -0.174114 -0.183333 -0.16965 -0.179316 
3.883 -0.275469 -0.401739 -0.26826 -0.39178 -0.261962 -0.382212 -0.255393 -0.373711 -0.249012 -0.365567 -0.266849 -0.393436 -0.259773 -0.383957 
3.227 -0.18918 0.117367 -0.183208 0.113505 -0.178108 0.110475 -0.172872 0.10675 -0.167898 0.103427 -0.181433 0.125048 -0.175506 0.121197 
3.738 -0.326147 -0.35928 -0.317393 -0.350083 -0.309685 -0.34121 -0.301791 -0.33342 -0.294159 -0.325977 -0.317405 -0.351056 -0.308819 -0.34225 
3.541 -0.400794 -0.238063 -0.389278 -0.231634 -0.379117 -0.225308 -0.368865 -0.220018 -0.359137 -0.214982 -0.39194 -0.230192 -0.38074 -0.224032 
3.885 -0.276839 -0.367498 -0.269602 -0.35847 -0.263331 -0.349811 -0.256776 -0.342128 -0.250445 -0.33481 -0.26818 -0.359338 -0.261184 -0.350765 
3.885 -0.275469 -0.383249 -0.268273 -0.373783 -0.262005 -0.364632 -0.255442 -0.356554 -0.249075 -0.348844 -0.266861 -0.375014 -0.259795 -0.365946 
3.764 -0.302863 -0.066169 -0.294687 -0.0647206 -0.287565 -0.0629809 -0.280227 -0.0619691 -0.273299 -0.061006 -0.29471 -0.0588751 -0.286725 -0.0575104 
3.438 -0.434351 -0.203821 -0.42155 -0.198234 -0.410188 -0.192649 -0.398856 -0.188125 -0.388055 -0.183807 -0.425575 -0.195994 -0.413102 -0.190638 
3.475 -0.417231 -0.197658 -0.405259 -0.192374 -0.394644 -0.187096 -0.384016 -0.182833 -0.37388 -0.178774 -0.408477 -0.189878 -0.396743 -0.184846 
3.686 -0.331626 -0.131229 -0.322529 -0.128031 -0.314654 -0.124641 -0.306512 -0.122176 -0.29876 -0.119761 -0.323298 -0.123693 -0.314461 -0.120685 
2.314 -0.165895 0.142706 -0.160907 0.13842 -0.156685 0.13498 -0.152306 0.1309 -0.148162 0.12722 -0.158276 0.150588 -0.153343 0.146351 
3.582 -0.379564 -0.199712 -0.368855 -0.194529 -0.359402 -0.189367 -0.349835 -0.185195 -0.340781 -0.181216 -0.370925 -0.191955 -0.360446 -0.187074 
3.623 -0.355595 -0.133283 -0.345633 -0.129823 -0.336839 -0.126244 -0.327887 -0.123572 -0.31938 -0.120981 -0.347346 -0.125763 -0.33758 -0.122503 
3.771 -0.161101 0.0194357 -0.156813 0.018485 -0.153119 0.018184 -0.149169 0.0171182 -0.145372 0.016371 -0.153207 0.0267839 -0.148952 0.0258345 
3.613 -0.299438 0.105725 -0.290298 0.102306 -0.282378 0.099693 -0.274313 0.0963248 -0.266817 0.093254 -0.291678 0.113332 -0.282711 0.109954 
4.34 0.0422956 0.0146418 0.0416311 0.0140433 0.0407139 0.01384 0.0401052 0.0128752 0.0394994 0.0122457 0.050726 0.0219346 0.0500375 0.021128 
4.859 -0.00358855 -0.100411 -0.00331426 -0.0984531 -0.00328296 -0.0962397 -0.00312215 -0.094764 -0.00276147 -0.0931756 0.00442857 -0.0934548 0.00481764 -0.0916204 
3.859 -0.278208 -0.179167 -0.270894 -0.174838 -0.264501 -0.17048 -0.257914 -0.166987 -0.25158 -0.163609 -0.269806 -0.171587 -0.262688 -0.167512 
3.742 -0.321353 -0.213409 -0.312695 -0.208039 -0.305116 -0.20274 -0.297366 -0.198357 -0.289941 -0.19413 -0.312871 -0.205703 -0.304411 -0.200642 
4.676 -0.0350911 -0.044939 -0.0341202 -0.0444164 -0.0335298 -0.0434138 -0.0326268 -0.0432042 -0.0316677 -0.0426856 -0.0270073 -0.0379746 -0.0259181 -0.0373461 
3.951 -0.244651 -0.174373 -0.238246 -0.170334 -0.232814 -0.166217 -0.227038 -0.162932 -0.221538 -0.159728 -0.236323 -0.166895 -0.230151 -0.163066 
3.617 -0.369977 -0.223682 -0.359583 -0.217885 -0.350516 -0.212217 -0.341313 -0.207466 -0.332487 -0.202969 -0.361273 -0.215858 -0.35113 -0.210358 
4.832 -0.0213943 -0.100411 -0.0206753 -0.0984292 -0.0203205 -0.0962181 -0.0197295 -0.0947244 -0.0189513 -0.0931311 -0.0133363 -0.0933748 -0.0125309 -0.0915694 
3.717 -0.326832 -0.185331 -0.317846 -0.180622 -0.310064 -0.175874 -0.30212 -0.172114 -0.294509 -0.168502 -0.318199 -0.177674 -0.30943 -0.173219 
4.121 -0.192604 -0.202452 -0.187778 -0.197878 -0.183581 -0.193227 -0.179219 -0.189486 -0.175016 -0.185799 -0.184354 -0.194966 -0.179631 -0.190643 
3.873 -0.277524 -0.216148 -0.270246 -0.21092 -0.263946 -0.205676 -0.257351 -0.201366 -0.251061 -0.197192 -0.269163 -0.208552 -0.262061 -0.203571 
3.637 -0.355595 -0.192864 -0.345643 -0.187904 -0.336983 -0.182949 -0.328205 -0.178947 -0.319695 -0.175099 -0.347088 -0.185146 -0.3375 -0.180451 
3.936 -0.242597 -0.0908232 -0.23628 -0.0888016 -0.230872 -0.0865007 -0.225241 -0.085053 -0.219855 -0.0835883 -0.234422 -0.0835101 -0.228251 -0.0815743 
3.346 -0.476127 -0.233954 -0.461881 -0.227333 -0.449167 -0.220877 -0.436544 -0.215458 -0.424531 -0.210341 -0.467034 -0.225942 -0.453121 -0.219576 
3.537 -0.400794 -0.224367 -0.389352 -0.218376 -0.379201 -0.212502 -0.368958 -0.207615 -0.359225 -0.202955 -0.391989 -0.21639 -0.380783 -0.21076 
3.695 -0.332995 -0.154513 -0.323867 -0.150683 -0.315898 -0.146812 -0.30776 -0.143845 -0.300031 -0.140963 -0.324636 -0.146921 -0.315667 -0.143305 
3.559 -0.135077 0.115313 -0.131204 0.111902 -0.128009 0.109293 -0.124523 0.105921 -0.121311 0.102988 -0.12723 0.122974 -0.123395 0.11959 
3.75 -0.308341 -0.0805506 -0.300024 -0.0787602 -0.292722 -0.0765167 -0.28527 -0.0752302 -0.278196 -0.0739172 -0.300178 -0.0732044 -0.292029 -0.0714248 
3.688 -0.340529 -0.216833 -0.331448 -0.211365 -0.32333 -0.205938 -0.31503 -0.2014 -0.30718 -0.1971 -0.332306 -0.209146 -0.32323 -0.203914 
4.086 -0.202876 -0.150404 -0.197745 -0.147059 -0.193437 -0.143605 -0.188762 -0.140967 -0.184382 -0.138351 -0.194675 -0.143019 -0.189622 -0.139874 
3.92 -0.257663 -0.181907 -0.251058 -0.177648 -0.245074 -0.173309 -0.239187 -0.169852 -0.233192 -0.166439 -0.249392 -0.174392 -0.242868 -0.170362 
3.879 -0.283002 -0.323668 -0.275609 -0.315671 -0.269167 -0.307843 -0.262507 -0.301054 -0.256017 -0.294592 -0.274461 -0.315698 -0.26725 -0.30802 
3.918 -0.260403 -0.204506 -0.253558 -0.199611 -0.247566 -0.194734 -0.241453 -0.190764 -0.235492 -0.186909 -0.252136 -0.196868 -0.245493 -0.192311 
3.686 -0.339844 -0.173004 -0.330491 -0.168579 -0.322292 -0.164058 -0.313927 -0.160491 -0.305921 -0.157032 -0.331356 -0.16539 -0.32219 -0.161128 
4.48 -0.10152 -0.163416 -0.0990726 -0.160107 -0.0971372 -0.156611 -0.0948943 -0.153924 -0.0926085 -0.151196 -0.0934539 -0.156214 -0.090992 -0.153089 
3.861 -0.282317 -0.23053 -0.274911 -0.225017 -0.268432 -0.219576 -0.261703 -0.214873 -0.255234 -0.210445 -0.273954 -0.222955 -0.266628 -0.217636 
4.148 -0.136447 -0.00864265 -0.132819 -0.00876822 -0.129783 -0.00837731 -0.126547 -0.00884166 -0.12349 -0.00906403 -0.128584 -0.00137892 -0.125009 -0.00151744 
4.074 -0.206985 -0.197658 -0.201786 -0.193142 -0.197239 -0.188613 -0.192446 -0.18493 -0.187808 -0.181333 -0.198682 -0.190143 -0.193604 -0.185927 
4.645 -0.0556362 -0.0531571 -0.0542017 -0.0522657 -0.053162 -0.0510229 -0.0518389 -0.0506294 -0.050507 -0.0499743 -0.0476259 -0.0460657 -0.0461394 -0.0453149 
4.035 -0.217258 -0.153828 -0.211694 -0.150371 -0.206808 -0.1468 -0.201752 -0.144074 -0.196812 -0.141385 -0.208999 -0.146411 -0.203511 -0.143191 
3.998 -0.232324 -0.203137 -0.226296 -0.198454 -0.221191 -0.193812 -0.215803 -0.189989 -0.210583 -0.186285 -0.223714 -0.19549 -0.218025 -0.191149 
4.422 -0.10152 -0.0524723 -0.0990072 -0.0515494 -0.0970456 -0.0502864 -0.0947735 -0.0498733 -0.0924369 -0.0493621 -0.0935499 -0.0453339 -0.091011 -0.0446066 
3.803 -0.299438 -0.219573 -0.291479 -0.214176 -0.284598 -0.208803 -0.27741 -0.204338 -0.270548 -0.200055 -0.291092 -0.21195 -0.283342 -0.206803 
3.832 -0.298069 -0.317504 -0.290085 -0.309468 -0.283025 -0.301619 -0.275803 -0.294842 -0.268837 -0.288383 -0.289526 -0.30954 -0.28168 -0.301851 
4.469 -0.100836 -0.138077 -0.0984123 -0.135387 -0.096537 -0.132462 -0.0943033 -0.130253 -0.0920922 -0.127992 -0.0927798 -0.130917 -0.0903468 -0.128327 
3.764 -0.308341 -0.149034 -0.300074 -0.145367 -0.29292 -0.14167 -0.28553 -0.138785 -0.278517 -0.136003 -0.300012 -0.141474 -0.291991 -0.138082 
4.695 -0.0624846 -0.205876 -0.0609873 -0.201827 -0.0599651 -0.19769 -0.0585951 -0.194149 -0.0572122 -0.190819 -0.0543892 -0.198732 -0.0528735 -0.194834 
3.885 -0.267936 -0.155883 -0.260782 -0.152169 -0.254594 -0.148277 -0.248137 -0.145351 -0.24194 -0.142429 -0.25957 -0.148338 -0.252631 -0.144876 
3.51 -0.404219 -0.171634 -0.392518 -0.167137 -0.382441 -0.162587 -0.372211 -0.159005 -0.362344 -0.15557 -0.395559 -0.163892 -0.384296 -0.159643 
4.672 -0.0638543 -0.225736 -0.0623799 -0.221237 -0.061341 -0.216706 -0.0599805 -0.212975 -0.0585084 -0.209214 -0.0557832 -0.218456 -0.0542834 -0.214287 
4.285 0.00873853 -0.0264484 0.00871437 -0.0262351 0.00842031 -0.0255179 0.00842876 -0.0257531 0.00849906 -0.025567 0.0168511 -0.0193556 0.0169654 -0.019229 
4.297 -0.14398 -0.152459 -0.140351 -0.149142 -0.13739 -0.145734 -0.134096 -0.143191 -0.130884 -0.140562 -0.135884 -0.145134 -0.132305 -0.1421 
4.703 -0.0597452 -0.27436 -0.0583664 -0.268886 -0.0573008 -0.263401 -0.0560115 -0.258749 -0.0545603 -0.25415 -0.0516619 -0.267121 -0.0502205 -0.261927 
3.814 -0.290536 -0.186016 -0.282723 -0.181502 -0.275998 -0.176974 -0.269152 -0.173337 -0.262526 -0.16981 -0.282425 -0.178467 -0.274779 -0.174205 
3.957 -0.254924 -0.309286 -0.248316 -0.301752 -0.242601 -0.294351 -0.23663 -0.28798 -0.230797 -0.281823 -0.246417 -0.301425 -0.239988 -0.294232 
4.281 -0.14535 -0.175743 -0.141706 -0.171981 -0.138729 -0.168049 -0.135396 -0.164919 -0.132146 -0.161828 -0.137264 -0.168408 -0.133618 -0.164774 
3.541 -0.394631 -0.198343 -0.383413 -0.193062 -0.373462 -0.187805 -0.363409 -0.183559 -0.353764 -0.179507 -0.386027 -0.190541 -0.37502 -0.185548 
3.166 -0.274099 0.115998 -0.265537 0.112198 -0.258134 0.109237 -0.250572 0.105545 -0.243518 0.102248 -0.266007 0.12348 -0.257583 0.119682 
3.777 -0.294645 -0.0949322 -0.286496 -0.0927191 -0.279429 -0.090238 -0.272136 -0.0886092 -0.26524 -0.0870071 -0.286409 -0.0875022 -0.278469 -0.0854149 
3.143 -0.549404 -0.156568 -0.532018 -0.151907 -0.516513 -0.147175 -0.501131 -0.143394 -0.486663 -0.139949 -0.540328 -0.148719 -0.523325 -0.144197 
4.809 0.0176414 -0.102465 0.0174478 -0.100418 0.0169761 -0.0980947 0.0168392 -0.09654 0.0168176 -0.0948729 0.025793 -0.0955759 0.0256952 -0.0935941 
4.051 -0.214519 -0.125065 -0.209065 -0.122355 -0.204195 -0.119452 -0.199239 -0.11736 -0.19445 -0.115274 -0.206417 -0.117756 -0.200977 -0.115203 
4.648 -0.0686481 -0.256554 -0.0670007 -0.251434 -0.0658021 -0.246142 -0.0642821 -0.241841 -0.0627069 -0.237476 -0.0605285 -0.24927 -0.0588938 -0.244354 
3.664 -0.120696 0.118737 -0.117207 0.115262 -0.11427 0.112583 -0.111241 0.109104 -0.108224 0.106105 -0.112956 0.126413 -0.109464 0.122952 
4.191 -0.178222 -0.286002 -0.173739 -0.279385 -0.16994 -0.272923 -0.165874 -0.267341 -0.161869 -0.261901 -0.169994 -0.278366 -0.165597 -0.272103 
4.559 -0.0864539 -0.16684 -0.0842815 -0.163444 -0.0826738 -0.159985 -0.0806904 -0.157305 -0.0787712 -0.154572 -0.0783921 -0.159623 -0.0762142 -0.15643 
3.168 -0.543241 -0.221627 -0.526205 -0.215023 -0.510905 -0.208528 -0.495826 -0.203208 -0.481505 -0.198114 -0.53403 -0.213622 -0.517303 -0.207205 
3.77 -0.304232 -0.164786 -0.296051 -0.16073 -0.28889 -0.156572 -0.281527 -0.15333 -0.274521 -0.150158 -0.295896 -0.157228 -0.287878 -0.153396 
3.785 -0.296699 -0.12438 -0.288527 -0.121363 -0.28141 -0.118271 -0.274078 -0.115961 -0.267109 -0.113657 -0.288395 -0.116886 -0.280441 -0.114124 
4.062 -0.202876 -0.0606903 -0.197461 -0.0595182 -0.192791 -0.0579728 -0.187775 -0.0572304 -0.183131 -0.0564254 -0.195052 -0.0534058 -0.189645 -0.0522937 
3.426 -0.437091 -0.166155 -0.424165 -0.161574 -0.412665 -0.15692 -0.401204 -0.153305 -0.390281 -0.149838 -0.428332 -0.158399 -0.415636 -0.154008 
4.598 -0.0830297 -0.25176 -0.0810505 -0.246518 -0.0794687 -0.241252 -0.0776401 -0.236944 -0.0757287 -0.232422 -0.0749516 -0.244362 -0.0728933 -0.239485 
4.758 -0.0494727 -0.22916 -0.0482284 -0.224622 -0.0473612 -0.219992 -0.0461824 -0.21624 -0.0449006 -0.212424 -0.041353 -0.221891 -0.0400592 -0.217637 
3.359 -0.476127 -0.251075 -0.461922 -0.24401 -0.449245 -0.237037 -0.43661 -0.231199 -0.424615 -0.225674 -0.467061 -0.243079 -0.453205 -0.236293 
3.504 -0.402164 -0.131229 -0.390687 -0.12786 -0.380525 -0.124314 -0.370263 -0.121739 -0.36049 -0.119264 -0.393582 -0.123576 -0.382429 -0.120395 
4.43 -0.117956 -0.25176 -0.115113 -0.24636 -0.112824 -0.241008 -0.110218 -0.236406 -0.107604 -0.232041 -0.10988 -0.244416 -0.107035 -0.239289 
3.574 -0.380249 -0.151089 -0.369514 -0.147215 -0.359992 -0.143194 -0.350363 -0.140162 -0.341287 -0.137223 -0.371881 -0.143487 -0.361376 -0.139806 
4.605 -0.0727572 -0.10315 -0.0710038 -0.101159 -0.0695956 -0.0988209 -0.067939 -0.0973318 -0.0662669 -0.0957028 -0.0648339 -0.0960786 -0.0629056 -0.0942078 
4.098 -0.200137 -0.123011 -0.195005 -0.120388 -0.190794 -0.117542 -0.186051 -0.115526 -0.181761 -0.113479 -0.192099 -0.115729 -0.186989 -0.113213 
3.736 -0.311081 -0.112738 -0.302699 -0.109977 -0.295418 -0.107097 -0.287881 -0.105053 -0.280763 -0.103026 -0.302802 -0.105255 -0.294608 -0.102704 
3.57 -0.37751 -0.115477 -0.366786 -0.112521 -0.357342 -0.109396 -0.347699 -0.107149 -0.338696 -0.104954 -0.369193 -0.107949 -0.358697 -0.105143 
3.924 -0.238488 -0.0435694 -0.232229 -0.0427476 -0.226877 -0.0416059 -0.22128 -0.0412407 -0.215941 -0.0408041 -0.230403 -0.0361735 -0.224323 -0.0355052 
2.871 0.00325983 0.100931 0.00328307 0.0976924 0.00319667 0.0951689 0.00347062 0.0919484 0.00357056 0.0892175 0.0112882 0.108679 0.0116302 0.105359 
4.715 -0.0364608 -0.0634297 -0.0354269 -0.0624267 -0.0347927 -0.061131 -0.0338724 -0.0605736 -0.0328681 -0.0598244 -0.0283844 -0.0562563 -0.0273084 -0.0554346 
3.52 -0.212464 0.0762772 -0.205754 0.0736271 -0.200081 0.0717832 -0.194146 0.0691033 -0.188589 0.066746 -0.204735 0.0837674 -0.198182 0.0811779 
3.783 -0.296014 -0.0504178 -0.287938 -0.0493579 -0.280879 -0.0480326 -0.273641 -0.0474968 -0.266762 -0.0468902 -0.287897 -0.0429175 -0.279955 -0.0420415 
3.422 -0.432982 -0.14835 -0.420138 -0.14423 -0.408682 -0.140029 -0.397298 -0.136817 -0.386563 -0.133714 -0.42427 -0.140621 -0.411819 -0.136763 
4.539 -0.0837146 -0.130544 -0.0816943 -0.128004 -0.0800853 -0.125269 -0.078175 -0.123268 -0.076324 -0.121225 -0.0757181 -0.123465 -0.0736273 -0.12107 
4.754 -0.048103 -0.177113 -0.0469011 -0.173483 -0.0460712 -0.169831 -0.0449393 -0.167049 -0.0437406 -0.164221 -0.0400045 -0.169725 -0.038752 -0.166522 
4.84 -0.00701274 -0.0805506 -0.00665811 -0.0790883 -0.00657025 -0.0773256 -0.00607293 -0.0762356 -0.00565309 -0.0750991 0.000954185 -0.0735906 0.00142334 -0.0722566 
4.73 -0.0549514 -0.259978 -0.0536302 -0.254732 -0.0526938 -0.249462 -0.0514333 -0.244965 -0.0501002 -0.240638 -0.0468486 -0.252709 -0.0454792 -0.24775 
3.982 -0.233009 -0.14698 -0.227002 -0.143616 -0.221837 -0.14004 -0.216507 -0.137443 -0.211211 -0.134794 -0.22452 -0.139551 -0.218566 -0.136372 
4.562 -0.0782359 -0.116162 -0.0763666 -0.113928 -0.0749458 -0.111496 -0.073178 -0.109931 -0.071459 -0.108133 -0.070263 -0.109026 -0.068337 -0.106972 
4.598 -0.08166 -0.227106 -0.0797074 -0.222486 -0.0781895 -0.217921 -0.076362 -0.214079 -0.0744981 -0.210325 -0.0736004 -0.219858 -0.0716071 -0.215545 
3.402 -0.441885 -0.12575 -0.42874 -0.122371 -0.417134 -0.11884 -0.40558 -0.116286 -0.394556 -0.113787 -0.433175 -0.11806 -0.420355 -0.114885 
4.109 -0.0672785 -0.0141214 -0.0655064 -0.0141025 -0.0641203 -0.0137131 -0.0624721 -0.0139847 -0.0608194 -0.014085 -0.0593342 -0.00694393 -0.0575188 -0.0069905 
4.758 -0.0494727 -0.194234 -0.0482348 -0.190367 -0.0473706 -0.186386 -0.0462327 -0.183248 -0.0449975 -0.180063 -0.0413557 -0.186831 -0.0400873 -0.183365 
3.951 -0.254924 -0.233954 -0.248319 -0.228351 -0.242671 -0.222905 -0.236744 -0.218238 -0.231028 -0.213831 -0.246511 -0.226305 -0.240091 -0.221003 
4.367 -0.12412 -0.109314 -0.121119 -0.107101 -0.118594 -0.104644 -0.115815 -0.10298 -0.113074 -0.101189 -0.116133 -0.102152 -0.113139 -0.100048 
4.105 -0.190549 -0.0668539 -0.185804 -0.0656498 -0.181836 -0.0640842 -0.177549 -0.0632925 -0.173458 -0.0624644 -0.182497 -0.0595747 -0.17786 -0.0584482 
3.484 -0.411752 -0.114792 -0.399849 -0.111773 -0.38932 -0.108582 -0.378836 -0.106331 -0.368787 -0.10417 -0.40319 -0.107164 -0.391592 -0.104337 
3.941 -0.244651 -0.108629 -0.2383 -0.106036 -0.232895 -0.10364 -0.227245 -0.101949 -0.221824 -0.100217 -0.236447 -0.101199 -0.230248 -0.0988755 
2.383 -0.22753 0.146131 -0.220195 0.141367 -0.213798 0.137564 -0.207351 0.133127 -0.201263 0.129082 -0.21984 0.153935 -0.212644 0.149235 
2.465 -0.196028 0.139967 -0.189737 0.135425 -0.184442 0.131767 -0.178995 0.127366 -0.173807 0.123549 -0.188367 0.147911 -0.182131 0.143443 
4.066 -0.202876 -0.0764416 -0.197629 -0.0749166 -0.193254 -0.0731313 -0.188525 -0.0721057 -0.184063 -0.0709826 -0.194781 -0.0691146 -0.189686 -0.0677356 
4.016 -0.225476 -0.109999 -0.219585 -0.107534 -0.214464 -0.104855 -0.209165 -0.103011 -0.204053 -0.101128 -0.217397 -0.10263 -0.211577 -0.100331 
3.521 -0.399425 -0.157937 -0.387923 -0.15375 -0.377918 -0.149523 -0.367746 -0.146211 -0.358227 -0.143108 -0.390833 -0.150235 -0.379668 -0.146302 
2.49 -0.215203 0.135858 -0.208388 0.131403 -0.202511 0.127851 -0.196404 0.123575 -0.190823 0.119716 -0.207439 0.143627 -0.200664 0.139181 
3.814 -0.302178 -0.240118 -0.294132 -0.234179 -0.287089 -0.228346 -0.279846 -0.223437 -0.272873 -0.218696 -0.293698 -0.232342 -0.285839 -0.226721 
4.719 0.0402411 -0.0497329 0.0395248 -0.0491665 0.0385535 -0.0480343 0.0378678 -0.0476666 0.0373828 -0.0471922 0.048532 -0.0428161 0.0478799 -0.0421746 
3.479 -0.409012 -0.0647993 -0.39702 -0.0631332 -0.386409 -0.0611478 -0.375831 -0.0601178 -0.365915 -0.0590236 -0.400516 -0.0572824 -0.388874 -0.0557317 
3.451 -0.424079 -0.160677 -0.411758 -0.156352 -0.400766 -0.151965 -0.389794 -0.148542 -0.379335 -0.145249 -0.415507 -0.152942 -0.403334 -0.148842 
3.574 -0.373401 -0.0675387 -0.362724 -0.0658819 -0.353531 -0.0639117 -0.344132 -0.0628602 -0.335166 -0.0617265 -0.365328 -0.0600756 -0.354928 -0.0585255 
4.648 -0.0631694 -0.126435 -0.0616458 -0.124016 -0.0605181 -0.121376 -0.0590841 -0.119481 -0.0576155 -0.117454 -0.0551887 -0.119471 -0.0535878 -0.117103 
3.508 -0.39874 -0.100411 -0.3872 -0.0977818 -0.377055 -0.0948923 -0.366814 -0.0929388 -0.357265 -0.0910381 -0.390272 -0.09286 -0.379107 -0.0903715 
3.648 -0.35628 -0.224367 -0.3465 -0.218628 -0.337857 -0.212896 -0.328849 -0.208106 -0.320488 -0.203553 -0.347934 -0.216662 -0.3383 -0.211169 
4.301 -0.137132 -0.087399 -0.133625 -0.0856248 -0.130661 -0.0836557 -0.127628 -0.0824089 -0.124384 -0.0810753 -0.129103 -0.0801105 -0.125723 -0.0786041 
4.41 -0.115217 -0.173004 -0.112399 -0.169409 -0.110075 -0.165737 -0.107444 -0.16288 -0.104855 -0.159975 -0.107199 -0.165709 -0.104374 -0.162338 
3.824 -0.282317 -0.10315 -0.274735 -0.100797 -0.268242 -0.0981801 -0.261428 -0.0964625 -0.254965 -0.0946755 -0.274051 -0.0956816 -0.266718 -0.0934833 
3.379 -0.439145 -0.0709629 -0.426103 -0.0691277 -0.414323 -0.0669597 -0.402634 -0.0657241 -0.391556 -0.0644919 -0.430608 -0.0634133 -0.417696 -0.0616718 
4.336 -0.135762 -0.240118 -0.132475 -0.234809 -0.129704 -0.229473 -0.126683 -0.224988 -0.123674 -0.220628 -0.127652 -0.232729 -0.124372 -0.227641 
4 -0.098781 -0.0106972 -0.096154 -0.0107879 -0.0937719 -0.0104228 -0.0917163 -0.0108297 -0.089175 -0.0110181 -0.0912444 -0.00347887 -0.0883852 -0.00362291 
4.336 -0.135762 -0.221627 -0.132458 -0.216783 -0.129747 -0.211894 -0.126733 -0.207907 -0.123796 -0.203982 -0.127721 -0.21426 -0.124416 -0.209696 
4.082 -0.201507 -0.0997261 -0.196364 -0.0975299 -0.192035 -0.0951449 -0.187385 -0.0935428 -0.18307 -0.0919795 -0.193125 -0.0922963 -0.188183 -0.0903049 
4.27 -0.151513 -0.243542 -0.147716 -0.23805 -0.144585 -0.232574 -0.141101 -0.227967 -0.137678 -0.223438 -0.143354 -0.236139 -0.1396 -0.230902 
4.402 -0.120696 -0.237378 -0.11781 -0.232223 -0.115443 -0.227035 -0.112764 -0.22268 -0.110096 -0.218434 -0.112596 -0.230011 -0.109691 -0.225086 
3.689 -0.329571 -0.0921929 -0.320454 -0.0899736 -0.31257 -0.0875057 -0.304446 -0.0859078 -0.296726 -0.0843173 -0.321228 -0.0847554 -0.31242 -0.0826623 
3.395 -0.439145 -0.107944 -0.426132 -0.105014 -0.414528 -0.101915 -0.402938 -0.0996977 -0.392009 -0.0976105 -0.430565 -0.100333 -0.417804 -0.0975711 
4.234 -0.155623 -0.142871 -0.15178 -0.139998 -0.148601 -0.136881 -0.145083 -0.134508 -0.141662 -0.132189 -0.14754 -0.135685 -0.143735 -0.132886 
4.098 -0.196713 -0.163416 -0.191817 -0.159728 -0.187559 -0.155954 -0.183142 -0.153029 -0.178826 -0.150109 -0.188666 -0.156025 -0.18363 -0.152538 
4.352 -0.132338 -0.204506 -0.129111 -0.200129 -0.126472 -0.195779 -0.123557 -0.192156 -0.120625 -0.188531 -0.124233 -0.197123 -0.121043 -0.193046 
4.184 -0.176168 -0.264772 -0.171642 -0.258736 -0.167847 -0.252629 -0.163779 -0.247516 -0.159823 -0.242561 -0.167912 -0.257241 -0.163495 -0.251427 
4.402 -0.117956 -0.142186 -0.11513 -0.139399 -0.112785 -0.136385 -0.110213 -0.134148 -0.107608 -0.131768 -0.109938 -0.135013 -0.107159 -0.13233 
4.164 -0.190549 -0.299014 -0.185719 -0.292319 -0.181732 -0.285742 -0.177451 -0.279978 -0.173234 -0.274477 -0.182218 -0.291392 -0.177563 -0.284958 
4.27 -0.14535 -0.133283 -0.141697 -0.130339 -0.138737 -0.127311 -0.135396 -0.124987 -0.132184 -0.122753 -0.137293 -0.126006 -0.133664 -0.123317 
4.566 -0.0748117 -0.0860293 -0.0730254 -0.0845637 -0.0715616 -0.0826692 -0.0698397 -0.0816487 -0.0681577 -0.0804075 -0.0668938 -0.0789924 -0.0649343 -0.0776419 
4.363 -0.119326 -0.0942474 -0.116381 -0.0925127 -0.113937 -0.0904326 -0.111235 -0.0891375 -0.108608 -0.0877812 -0.111353 -0.0870487 -0.108389 -0.0854322 
4.078 -0.196028 -0.0483632 -0.191013 -0.0474564 -0.1868 -0.0462147 -0.182274 -0.0457892 -0.177975 -0.0452332 -0.188032 -0.0410198 -0.183119 -0.0402578 
4.59 -0.0823449 -0.191494 -0.0802938 -0.187615 -0.0787853 -0.183621 -0.0770058 -0.180535 -0.0750953 -0.177483 -0.0742784 -0.184291 -0.0722367 -0.180707 
4.523 -0.0980962 -0.255184 -0.0957577 -0.249871 -0.093868 -0.244475 -0.0917081 -0.239915 -0.0895103 -0.235383 -0.0899513 -0.247815 -0.0875999 -0.242648 
3.82 -0.283002 -0.0668539 -0.275558 -0.0653635 -0.269275 -0.063627 -0.261927 -0.0626519 -0.254851 -0.0616487 -0.2744 -0.059435 -0.26706 -0.0581036 
4.07 -0.187125 -0.000424599 -0.182333 -0.000780561 -0.17822 -0.000626824 -0.173987 -0.00124073 -0.169832 -0.00167686 -0.179249 0.00692449 -0.174456 0.00649818 
4.398 -0.120011 -0.222312 -0.117248 -0.217578 -0.114878 -0.212785 -0.112273 -0.208858 -0.109693 -0.204948 -0.11187 -0.214926 -0.109076 -0.210473 
4.031 -0.23027 0.0735379 -0.223064 0.0710557 -0.216832 0.0693136 -0.210512 0.0667501 -0.204544 0.064494 -0.222569 0.0810662 -0.215355 0.0785518 
4.664 -0.0672785 -0.172319 -0.0656176 -0.168725 -0.0644267 -0.165292 -0.0628787 -0.162383 -0.0613482 -0.159653 -0.0591979 -0.165151 -0.0575011 -0.162013 
4 -0.229585 -0.16684 -0.223827 -0.162986 -0.218987 -0.15905 -0.213548 -0.15595 -0.208798 -0.152933 -0.221932 -0.159478 -0.216261 -0.155795 
4.648 -0.069333 -0.241487 -0.0676962 -0.236622 -0.0664981 -0.231628 -0.06498 -0.22761 -0.0634273 -0.223612 -0.0612345 -0.234174 -0.0595754 -0.229516 
3.305 -0.493932 -0.327777 -0.479259 -0.318427 -0.466084 -0.309307 -0.45292 -0.301319 -0.44035 -0.293868 -0.484719 -0.319369 -0.470298 -0.310388 
4.395 -0.117272 -0.12575 -0.114384 -0.123213 -0.112012 -0.120343 -0.10944 -0.118297 -0.10681 -0.116298 -0.109188 -0.118524 -0.106314 -0.116107 
4.512 -0.0974113 -0.186016 -0.095089 -0.182092 -0.0932785 -0.17812 -0.0911057 -0.174993 -0.0889851 -0.171746 -0.0893846 -0.178831 -0.0869943 -0.175115 
4.543 -0.0912478 -0.208615 -0.0890847 -0.204304 -0.0874438 -0.200265 -0.0854612 -0.196945 -0.0833856 -0.193335 -0.0831424 -0.201448 -0.0809792 -0.197558 
4.586 -0.0631694 -0.0654842 -0.0614477 -0.0643531 -0.0602782 -0.0629653 -0.0587899 -0.0622654 -0.0572791 -0.0614066 -0.0550937 -0.0585159 -0.0534074 -0.0574148 
3.828 -0.281633 -0.122326 -0.274039 -0.1194 -0.267448 -0.116374 -0.260603 -0.11411 -0.254071 -0.111918 -0.273396 -0.114842 -0.265989 -0.112146 
4.527 -0.08166 -0.0737022 -0.0795808 -0.0724343 -0.0781761 -0.0712885 -0.0765817 -0.0708209 -0.0748041 -0.0700021 -0.0736785 -0.0671685 -0.0717182 -0.0660837 
3.291 -0.176852 0.111204 -0.171355 0.107561 -0.166552 0.104771 -0.161572 0.101246 -0.156862 0.0981686 -0.169251 0.11882 -0.163699 0.115225 
1.882 -0.0392001 0.243378 -0.036719 0.230866 -0.0348731 0.220268 -0.0327008 0.209635 -0.0310795 0.200579 -0.0312204 0.25295 -0.0286554 0.240276 
3.906 -0.256294 -0.120271 -0.249581 -0.117447 -0.243708 -0.114541 -0.23761 -0.112447 -0.231837 -0.110342 -0.248154 -0.11281 -0.241535 -0.110217 
4.512 -0.0926174 -0.116847 -0.0904209 -0.114652 -0.0887614 -0.11219 -0.0867425 -0.11059 -0.0848196 -0.108892 -0.0846117 -0.1097 -0.0823695 -0.107636 
3.461 -0.16521 0.0906588 -0.160187 0.0877815 -0.156 0.0855945 -0.151528 0.0827208 -0.147495 0.0801596 -0.157351 0.0981361 -0.152348 0.0952638 
2.572 -0.155623 0.131064 -0.151043 0.127212 -0.147113 0.124078 -0.143043 0.120301 -0.139199 0.116895 -0.147853 0.138834 -0.143336 0.134973 
3.898 -0.138502 0.013957 -0.134586 0.0132287 -0.131288 0.0129422 -0.127885 0.0119543 -0.124511 0.0112276 -0.130584 0.021264 -0.126615 0.0204834 
3.84 -0.287796 -0.206561 -0.279931 -0.201428 -0.27321 -0.196398 -0.266468 -0.192234 -0.259927 -0.188256 -0.279157 -0.198863 -0.271661 -0.194054 
4.07 -0.196713 0.0701137 -0.190565 0.0677149 -0.18557 0.0661234 -0.18006 0.0636334 -0.175217 0.0615771 -0.18892 0.0775534 -0.182845 0.075204 
4.289 -0.148774 -0.227791 -0.145058 -0.222717 -0.142126 -0.217719 -0.138805 -0.213586 -0.135489 -0.209491 -0.140634 -0.220328 -0.137062 -0.21563 
4.258 -0.153568 -0.162731 -0.149751 -0.159189 -0.146588 -0.155653 -0.143102 -0.152863 -0.139762 -0.150214 -0.14541 -0.155354 -0.141638 -0.152171 
4.027 -0.115217 -0.011382 -0.112089 -0.0114734 -0.109353 -0.0111194 -0.106481 -0.0115144 -0.103688 -0.0117316 -0.107976 -0.00414017 -0.104504 -0.0042848 
3.734 -0.328886 -0.225051 -0.320022 -0.219419 -0.312351 -0.213829 -0.304378 -0.209145 -0.296851 -0.204708 -0.320463 -0.217397 -0.311871 -0.212007 
3.852 -0.269306 -0.0935625 -0.26206 -0.091501 -0.255874 -0.0890993 -0.249377 -0.0876142 -0.243297 -0.0860673 -0.26113 -0.0861991 -0.254045 -0.0842203 
4.098 -0.191234 -0.0846596 -0.186254 -0.0828175 -0.182137 -0.0807767 -0.177711 -0.0795312 -0.173463 -0.0782261 -0.183109 -0.0773439 -0.178295 -0.075673 
4.047 -0.213834 -0.0867141 -0.208304 -0.0848938 -0.203556 -0.0828225 -0.198531 -0.0815439 -0.193773 -0.0801737 -0.205765 -0.0793631 -0.200317 -0.0776847 
3.846 -0.284372 -0.292165 -0.276971 -0.285008 -0.270564 -0.278043 -0.263985 -0.271984 -0.257578 -0.266161 -0.275855 -0.284344 -0.26863 -0.277499 
