4.086 -0.181646 -0.032612 -0.206021 -0.0324154 -0.230152 -0.0323412 -0.254752 -0.0325361 -0.27932 -0.0326985 -0.303279 -0.0324216 -0.327444 -0.0319109 
4.117 -0.115902 -0.0196001 -0.139407 -0.0194317 -0.162743 -0.0192362 -0.186527 -0.0194171 -0.210302 -0.0194422 -0.233752 -0.019068 -0.257532 -0.0185494 
2.891 -0.35765 0.141337 -0.391906 0.141668 -0.425891 0.141975 -0.460291 0.142107 -0.494774 0.142161 -0.528568 0.142468 -0.562313 0.142937 
3.084 -0.247391 0.183112 -0.279493 0.183469 -0.311324 0.183717 -0.343445 0.183794 -0.375338 0.183847 -0.406638 0.184046 -0.438061 0.184662 
3.57 -0.340529 -0.0353513 -0.369247 -0.0351585 -0.397747 -0.0350399 -0.426763 -0.0351248 -0.455685 -0.0353021 -0.484025 -0.0350459 -0.512503 -0.0345491 
4.055 -0.156307 -0.0175455 -0.17833 -0.0172584 -0.200281 -0.0171418 -0.222598 -0.0172254 -0.244884 -0.0172956 -0.266815 -0.0170401 -0.288834 -0.0164533 
4.051 -0.182331 -0.0134365 -0.206597 -0.0131827 -0.230653 -0.0130613 -0.255296 -0.0131637 -0.279928 -0.0132798 -0.304014 -0.0129744 -0.328296 -0.0124029 
3.342 0.42238 -0.00521846 0.393343 -0.00495814 0.364606 -0.00477803 0.335702 -0.00503237 0.306966 -0.00485682 0.278349 -0.0042129 0.249734 -0.00353036 
3.609 -0.0570059 0.0975072 -0.079798 0.0977332 -0.102239 0.0979265 -0.125066 0.0978458 -0.147926 0.0978931 -0.170406 0.0983532 -0.192961 0.098995 
4.434 -0.0556362 0.0269689 -0.0786744 0.0271954 -0.101653 0.0273276 -0.124919 0.0272046 -0.148189 0.0271983 -0.171003 0.0275974 -0.194071 0.0281614 
3.904 -0.0843994 0.068744 -0.10878 0.068987 -0.133014 0.0691775 -0.157605 0.0690455 -0.182198 0.0690521 -0.206506 0.0694586 -0.230823 0.0700082 
4.125 -0.110423 -0.0339816 -0.134123 -0.0336171 -0.15773 -0.0333583 -0.181609 -0.0336354 -0.205718 -0.0337057 -0.229285 -0.0333153 -0.253058 -0.0329082 
3.486 -0.202191 0.18996 -0.232663 0.19038 -0.262981 0.190728 -0.293582 0.190814 -0.324169 0.190899 -0.354074 0.191262 -0.384274 0.191963 
3.281 -0.4186 -0.0531571 -0.449914 -0.0528783 -0.481056 -0.0527158 -0.512676 -0.0527553 -0.544167 -0.0529845 -0.574728 -0.0526596 -0.605387 -0.0521773 
4.219 -0.191234 -0.0784961 -0.215908 -0.0783719 -0.240394 -0.0783234 -0.265308 -0.0785204 -0.289764 -0.0786694 -0.313807 -0.0784204 -0.338198 -0.0779206 
4.176 -0.12412 -0.0798658 -0.148213 -0.0796424 -0.172204 -0.0795529 -0.196568 -0.0798103 -0.221061 -0.0800264 -0.244958 -0.0796827 -0.269066 -0.0792591 
4.172 -0.139186 -0.0798658 -0.163525 -0.0796791 -0.187557 -0.0796069 -0.21214 -0.0798386 -0.236621 -0.0800423 -0.260704 -0.0797507 -0.284828 -0.0793086 
4.098 -0.133023 -0.0216546 -0.155335 -0.0215182 -0.177462 -0.0214233 -0.199886 -0.0214967 -0.222227 -0.0215247 -0.244391 -0.0212558 -0.266617 -0.0206149 
4.215 -0.176852 -0.0805506 -0.200209 -0.080392 -0.223332 -0.0803585 -0.246921 -0.0806142 -0.270486 -0.0808628 -0.293459 -0.0805677 -0.303011 -0.0797658 
2.943 -0.386413 0.145446 -0.421146 0.145963 -0.455711 0.146323 -0.49071 0.146508 -0.525804 0.146532 -0.560001 0.146877 -0.594187 0.1474 
2.887 0.540173 -0.0148062 0.504245 -0.0145699 0.468857 -0.014399 0.433561 -0.0146531 0.398181 -0.0144333 0.363178 -0.0138706 0.327973 -0.013118 
4 -0.0583756 0.0735379 -0.0810841 0.0737495 -0.103557 0.07383 -0.126498 0.0736793 -0.149354 0.0736184 -0.171907 0.0739473 -0.19541 0.0745808 
3.953 -0.0707026 0.0406657 -0.0950797 0.0408752 -0.118879 0.0410003 -0.143371 0.0409915 -0.167659 0.0409815 -0.191838 0.0413358 -0.21612 0.0420095 
3.697 -0.305602 -0.0339816 -0.333287 -0.0337194 -0.3607 -0.0335621 -0.388612 -0.0336572 -0.416493 -0.0338459 -0.443695 -0.0335155 -0.471081 -0.0329985 
3.488 -0.364498 -0.044939 -0.393909 -0.0445966 -0.423094 -0.044441 -0.452766 -0.044511 -0.482436 -0.044676 -0.511322 -0.0444011 -0.540365 -0.0440009 
3.725 -0.143295 0.072853 -0.170341 0.0731608 -0.197038 0.0733917 -0.224163 0.0733934 -0.251444 0.0734337 -0.278287 0.0738231 -0.305242 0.0744365 
2.789 0.630571 -0.0442542 0.595085 -0.0441304 0.558862 -0.0439957 0.522741 -0.0442502 0.486703 -0.0440856 0.450484 -0.0432501 0.414834 -0.0426747 
3.574 -0.269306 0.047514 -0.298216 0.0478711 -0.326961 0.0480046 -0.356055 0.0479731 -0.385252 0.0479072 -0.413753 0.0482815 -0.442372 0.0489585 
3.932 -0.115217 0.0173812 -0.140258 0.0177058 -0.165136 0.0179349 -0.190617 0.0178963 -0.21594 0.017927 -0.240963 0.0183795 -0.266183 0.018894 
3.225 -0.433667 -0.0531571 -0.46525 -0.0528467 -0.496631 -0.0526792 -0.528526 -0.0527061 -0.560164 -0.0528849 -0.591033 -0.0525901 -0.621809 -0.0521535 
2.955 0.484701 -0.0127517 0.449674 -0.0125083 0.415253 -0.0123439 0.380506 -0.0126133 0.345839 -0.012396 0.311696 -0.0118286 0.27753 -0.011124 
3.014 -0.254239 0.1701 -0.287021 0.170476 -0.319982 0.170705 -0.353427 0.170759 -0.387092 0.170786 -0.420186 0.171102 -0.453447 0.171686 
3.268 -0.432982 -0.185331 -0.464102 -0.185116 -0.494948 -0.184984 -0.526331 -0.185081 -0.557359 -0.185337 -0.58745 -0.184939 -0.617508 -0.184335 
3.211 -0.259033 0.100931 -0.292115 0.101411 -0.32498 0.101744 -0.358206 0.101854 -0.391557 0.101907 -0.424303 0.102325 -0.457239 0.102936 
2.93 -0.374771 0.135858 -0.408642 0.136294 -0.442388 0.136686 -0.476502 0.136862 -0.510731 0.136899 -0.544187 0.13725 -0.577691 0.13778 
3.225 -0.448733 -0.218888 -0.480202 -0.218665 -0.511339 -0.218527 -0.542919 -0.218558 -0.574108 -0.218746 -0.604345 -0.21827 -0.634506 -0.21755 
4.039 -0.153568 0.000260238 -0.177304 0.000506394 -0.200736 0.000576658 -0.224348 0.000425387 -0.247973 0.000296436 -0.271423 0.000608216 -0.295115 0.00122045 
3.377 -0.406273 -0.177113 -0.43645 -0.176895 -0.466313 -0.17676 -0.496839 -0.176906 -0.5271 -0.177191 -0.556446 -0.176801 -0.585922 -0.176227 
2.838 -0.380249 0.159143 -0.415247 0.159587 -0.449996 0.159847 -0.485177 0.16 -0.520456 0.159979 -0.554817 0.160274 -0.589264 0.16069 
3.438 -0.213149 0.179688 -0.243093 0.180042 -0.272909 0.180188 -0.302917 0.180206 -0.332986 0.180279 -0.362508 0.180591 -0.392249 0.181216 
3.744 -0.29396 0.0146418 -0.321423 0.0149371 -0.348649 0.0150767 -0.376283 0.0150675 -0.403923 0.0150083 -0.430936 0.0152447 -0.458239 0.0158184 
3.199 -0.457636 -0.187385 -0.489499 -0.187148 -0.521046 -0.187037 -0.553085 -0.187045 -0.584695 -0.187217 -0.615296 -0.186789 -0.645876 -0.186076 
3.473 -0.367922 -0.0764416 -0.397273 -0.0761739 -0.426399 -0.0760123 -0.456052 -0.0760524 -0.485607 -0.0761981 -0.514416 -0.0759549 -0.543346 -0.0754621 
3.49 -0.371346 -0.170264 -0.400453 -0.170055 -0.429282 -0.169964 -0.45873 -0.170114 -0.488048 -0.170438 -0.516591 -0.170097 -0.545199 -0.169624 
3.656 0.372387 -0.0778113 0.33984 -0.0774328 0.307621 -0.0770952 0.275163 -0.0772676 0.242867 -0.0769502 0.211058 -0.0761806 0.179325 -0.0752505 
3.418 0.386084 -0.032612 0.353086 -0.0323552 0.320485 -0.0321406 0.287721 -0.0323259 0.255088 -0.0321066 0.222736 -0.0314072 0.190327 -0.0306609 
3.678 -0.157677 0.0742227 -0.185429 0.0745393 -0.212931 0.0747689 -0.240698 0.074801 -0.268588 0.0748196 -0.295886 0.0751965 -0.323428 0.0758273 
4.125 -0.100151 0.0160115 -0.123292 0.0162915 -0.14624 0.0165382 -0.169605 0.0165211 -0.192984 0.0165773 -0.215974 0.0170787 -0.239083 0.0176416 
3.162 -0.45969 -0.12438 -0.491986 -0.12415 -0.523898 -0.123978 -0.556323 -0.124021 -0.5884 -0.124223 -0.619545 -0.123853 -0.650593 -0.123238 
3.973 -0.156992 0.0146418 -0.182559 0.0149336 -0.208011 0.0151531 -0.233825 0.0150894 -0.259579 0.0150294 -0.284772 0.0154212 -0.31009 0.0158831 
3.322 -0.419285 -0.187385 -0.449813 -0.187155 -0.480186 -0.187019 -0.511165 -0.187149 -0.541776 -0.1874 -0.571558 -0.187083 -0.601263 -0.186446 
3.295 -0.431612 -0.222312 -0.46249 -0.22212 -0.492977 -0.221987 -0.524088 -0.222068 -0.554656 -0.222266 -0.584465 -0.221853 -0.61418 -0.221168 
4.18 -0.110423 -0.0757567 -0.134207 -0.075524 -0.157953 -0.0754277 -0.182232 -0.0757217 -0.206594 -0.0759638 -0.230377 -0.0755525 -0.254433 -0.0751394 
3.955 -0.183701 0.0132722 -0.209573 0.013512 -0.235079 0.013528 -0.261196 0.0132989 -0.28724 0.0129623 -0.312724 0.0130705 -0.338321 0.013344 
4.051 -0.139186 0.00573894 -0.164507 0.00597055 -0.1895 0.00609214 -0.214924 0.00589264 -0.240258 0.00575909 -0.265118 0.00607371 -0.290121 0.00659348 
3.369 -0.408328 -0.216833 -0.438413 -0.216643 -0.468253 -0.216534 -0.498563 -0.21664 -0.528643 -0.216892 -0.557884 -0.216527 -0.587118 -0.21594 
3.455 -0.383673 -0.178482 -0.413184 -0.178291 -0.442265 -0.178184 -0.472147 -0.178341 -0.501773 -0.178634 -0.530625 -0.178314 -0.559494 -0.17784 
3.566 -0.360389 -0.201082 -0.389172 -0.200947 -0.417594 -0.200894 -0.446412 -0.201054 -0.475011 -0.201354 -0.503197 -0.201073 -0.53137 -0.200591 
3.012 -0.256978 0.155034 -0.290776 0.155377 -0.324337 0.155636 -0.358242 0.155708 -0.392369 0.155717 -0.425862 0.156091 -0.459448 0.156662 
3.781 -0.277524 0.0187509 -0.305846 0.0189858 -0.333908 0.0191151 -0.362418 0.019071 -0.390935 0.0189709 -0.418952 0.0192477 -0.447031 0.0197949 
3.125 0.299795 -0.0784961 0.268024 -0.0781438 0.236471 -0.0777743 0.204611 -0.0778742 0.173263 -0.0775796 0.141643 -0.0768438 0.108459 -0.0759477 
2.84 -0.355595 0.157773 -0.390079 0.158252 -0.424434 0.158535 -0.459102 0.15871 -0.494 0.158736 -0.528041 0.159073 -0.562298 0.159647 
3.213 -0.454212 -0.2319 -0.485807 -0.231685 -0.51698 -0.231504 -0.548673 -0.231561 -0.579937 -0.231713 -0.610165 -0.231218 -0.640297 -0.230429 
2.705 -0.332311 0.225572 -0.37077 0.225999 -0.408951 0.226409 -0.447499 0.226611 -0.48638 0.226655 -0.524235 0.226938 -0.562159 0.227415 
3.607 -0.343953 -0.14561 -0.372282 -0.145407 -0.400249 -0.145295 -0.428867 -0.145453 -0.457307 -0.145743 -0.485114 -0.145444 -0.513047 -0.144998 
3.252 0.455938 -0.00795781 0.421968 -0.00795731 0.3878 -0.00778581 0.353606 -0.00803556 0.319625 -0.00782519 0.285834 -0.00724731 0.251907 -0.00682017 
3.459 -0.37614 -0.133968 -0.405337 -0.133557 -0.434345 -0.133293 -0.464109 -0.133347 -0.493628 -0.133553 -0.522338 -0.133293 -0.551207 -0.13273 
2.695 -0.324777 0.244062 -0.36277 0.244724 -0.400637 0.245148 -0.438938 0.245448 -0.477374 0.245588 -0.515021 0.245941 -0.552644 0.246448 
3.908 -0.239858 0.0146418 -0.26803 0.0149573 -0.29618 0.0151507 -0.324633 0.0151349 -0.353235 0.0150936 -0.381139 0.0154406 -0.40907 0.0159464 
3.445 -0.389837 -0.212724 -0.419399 -0.212539 -0.448701 -0.212459 -0.478502 -0.212582 -0.508037 -0.212857 -0.536912 -0.212533 -0.56571 -0.211987 
3.295 0.387454 0.0112176 0.355284 0.0112519 0.323325 0.0113173 0.291169 0.0109932 0.259167 0.0110402 0.227481 0.0113962 0.195911 0.0118129 
4.051 -0.230955 -0.0305575 -0.256064 -0.0303095 -0.280975 -0.0302278 -0.306363 -0.0302872 -0.331647 -0.0304341 -0.356399 -0.0301725 -0.381348 -0.0297254 
3.328 0.360745 0.0105328 0.328521 0.0106471 0.296441 0.0107949 0.264063 0.01058 0.231846 0.010669 0.20005 0.0110623 0.168385 0.0116151 
3.25 -0.226846 0.152979 -0.257884 0.153076 -0.288015 0.153145 -0.318121 0.153159 -0.348254 0.153186 -0.377804 0.153567 -0.407509 0.154205 
3.662 -0.326832 -0.110683 -0.35476 -0.110486 -0.3826 -0.110366 -0.410812 -0.110493 -0.438943 -0.110733 -0.466379 -0.110438 -0.494049 -0.109965 
3.172 -0.461745 -0.151089 -0.494007 -0.150848 -0.525803 -0.150658 -0.558049 -0.150665 -0.590028 -0.150835 -0.620996 -0.150389 -0.652005 -0.149806 
3.654 0.258704 0.000945076 0.230305 0.00113392 0.20219 0.00129648 0.173875 0.00103979 0.145955 0.00128093 0.117161 0.00169395 0.088195 0.00204995 
3.361 -0.416546 -0.241487 -0.446669 -0.241212 -0.476488 -0.24105 -0.506864 -0.241116 -0.536937 -0.241309 -0.566063 -0.240834 -0.595243 -0.240066 
3.641 -0.321353 -0.0387755 -0.349367 -0.0385161 -0.377212 -0.0383587 -0.405454 -0.0384152 -0.433709 -0.0385655 -0.461289 -0.0382872 -0.489066 -0.0377815 
3.287 -0.42134 -0.0819203 -0.45261 -0.0816203 -0.48371 -0.081583 -0.515321 -0.0816668 -0.546724 -0.0819718 -0.57718 -0.0816943 -0.607758 -0.0812703 
3.674 -0.329571 -0.140816 -0.357442 -0.140601 -0.385162 -0.140499 -0.413298 -0.140637 -0.441406 -0.140927 -0.468748 -0.140595 -0.49632 -0.140149 
4.141 -0.00495822 0.0755924 -0.0365559 0.075961 -0.0682615 0.0761776 -0.10064 0.0760846 -0.132675 0.0762739 -0.164492 0.0768151 -0.19056 0.0775275 
4.254 -0.152883 -0.0826051 -0.177049 -0.0824363 -0.201285 -0.0823666 -0.22595 -0.0825967 -0.250478 -0.0827829 -0.274535 -0.0824888 -0.298808 -0.0820829 
2.77 -0.391207 0.187221 -0.426141 0.187832 -0.460665 0.188241 -0.495602 0.188404 -0.530633 0.188415 -0.564711 0.188739 -0.598877 0.189366 
3.252 -0.437091 -0.144925 -0.468354 -0.144674 -0.499381 -0.144541 -0.530887 -0.144564 -0.562162 -0.144743 -0.592471 -0.144339 -0.622793 -0.143726 
4.09 -0.119326 0.00162991 -0.14395 0.00177094 -0.168455 0.00183026 -0.193336 0.00160947 -0.218203 0.00146464 -0.2426 0.00174745 -0.26722 0.00209305 
3.373 -0.402164 -0.162046 -0.432398 -0.161822 -0.462371 -0.161721 -0.492838 -0.161832 -0.523016 -0.162075 -0.552406 -0.161761 -0.581782 -0.161215 
3.756 -0.111793 0.172154 -0.14039 0.172488 -0.168971 0.172713 -0.197799 0.17274 -0.226903 0.172827 -0.255387 0.173268 -0.283809 0.173982 
3.277 -0.424079 -0.116162 -0.455316 -0.11603 -0.486371 -0.115947 -0.517893 -0.115989 -0.549155 -0.11615 -0.579522 -0.115776 -0.609933 -0.115078 
3.311 0.40252 0.0112176 0.370005 0.0113354 0.337804 0.0115551 0.305524 0.0112227 0.273325 0.0112901 0.241374 0.0115784 0.209477 0.0119601 
3.254 -0.212464 0.205027 -0.242901 0.205394 -0.273215 0.205626 -0.303927 0.205695 -0.334964 0.205853 -0.365294 0.206133 -0.395748 0.206606 
3.406 -0.395316 -0.149719 -0.425513 -0.149499 -0.455346 -0.149355 -0.485747 -0.149454 -0.515911 -0.149653 -0.545279 -0.149402 -0.574653 -0.148874 
3.947 0.0149021 -0.0949322 -0.0107276 -0.0947164 -0.0361383 -0.094561 -0.0620101 -0.0946926 -0.0876558 -0.094776 -0.112914 -0.0944681 -0.138277 -0.0938842 
3.57 -0.187125 0.159827 -0.216641 0.160185 -0.245777 0.160446 -0.275298 0.16051 -0.304964 0.160565 -0.334204 0.160927 -0.363525 0.161572 
3.227 -0.426133 0.0119025 -0.464868 0.0122563 -0.50321 0.0125397 -0.542047 0.0126525 -0.580656 0.0125423 -0.618018 0.012875 -0.655591 0.0132407 
4.027 -0.165895 -0.00727298 -0.188457 -0.00694569 -0.210859 -0.00678585 -0.233781 -0.00687062 -0.256687 -0.00693578 -0.279052 -0.00664896 -0.301489 -0.0060957 
4.07 -0.0843994 0.0208054 -0.108605 0.0210434 -0.132481 0.021213 -0.156792 0.0211005 -0.181085 0.0210566 -0.204341 0.021556 -0.227662 0.0222217 
3.502 -0.380249 -0.244227 -0.409449 -0.243994 -0.438433 -0.243922 -0.467901 -0.244066 -0.49715 -0.244366 -0.525568 -0.243952 -0.55401 -0.243332 
3.104 0.312806 -0.0497329 0.280267 -0.04946 0.248212 -0.0492532 0.214298 -0.0494068 0.17996 -0.0492038 0.146239 -0.0485627 0.112574 -0.0477778 
3.596 -0.341214 -0.114108 -0.369548 -0.113869 -0.39758 -0.113755 -0.426284 -0.113881 -0.454843 -0.114132 -0.482564 -0.113835 -0.510777 -0.113391 
3.48 -0.211779 0.155034 -0.241535 0.15535 -0.271007 0.15561 -0.300829 0.155683 -0.330773 0.155718 -0.36021 0.156064 -0.389826 0.15669 
3.543 -0.359704 -0.138762 -0.388443 -0.138496 -0.416941 -0.138403 -0.445999 -0.138563 -0.474943 -0.138868 -0.503218 -0.13855 -0.531537 -0.138093 
3.854 -0.260403 0.0160115 -0.288622 0.0163539 -0.31635 0.0165104 -0.344788 0.0164802 -0.372913 0.0164328 -0.400546 0.0166892 -0.428574 0.0172096 
3.27 0.460731 0.0112176 0.42644 0.0112192 0.392418 0.0112444 0.358196 0.0108608 0.324179 0.0110228 0.290425 0.0116697 0.256589 0.0122862 
2.945 -0.275469 0.149555 -0.309418 0.150017 -0.343143 0.150239 -0.377321 0.150361 -0.411615 0.150412 -0.445287 0.1508 -0.479168 0.151409 
3.594 -0.337105 -0.0531571 -0.365765 -0.0528994 -0.394226 -0.05276 -0.423146 -0.0528168 -0.451984 -0.0530364 -0.480253 -0.0527308 -0.508669 -0.052281 
3.707 -0.318614 -0.123695 -0.346231 -0.123467 -0.373594 -0.12338 -0.40149 -0.12352 -0.429259 -0.123795 -0.456323 -0.123484 -0.483783 -0.123087 
3.701 -0.324093 -0.154513 -0.351755 -0.15428 -0.379201 -0.154194 -0.407129 -0.154326 -0.434954 -0.154606 -0.462128 -0.154308 -0.489542 -0.153925 
3.154 -0.456951 -0.0374058 -0.489559 -0.0370892 -0.521765 -0.0368294 -0.554552 -0.0367466 -0.587072 -0.0369867 -0.61858 -0.0366262 -0.650036 -0.03614 
2.799 -0.407643 0.186536 -0.443545 0.186974 -0.479204 0.187247 -0.515268 0.187346 -0.551294 0.187232 -0.586409 0.187375 -0.621367 0.187778 
3.549 -0.351486 -0.0969867 -0.380331 -0.0967551 -0.408959 -0.0966561 -0.438053 -0.0967677 -0.467005 -0.0970113 -0.495388 -0.0967258 -0.52399 -0.096291 
3.291 -0.412437 -0.0237091 -0.44377 -0.0234609 -0.47495 -0.0233247 -0.506544 -0.0233616 -0.538068 -0.0235536 -0.56872 -0.0232636 -0.599514 -0.0228187 
3.779 0.13064 0.0762772 0.104171 0.0766059 0.0779342 0.0768215 0.051512 0.0766294 0.0250655 0.0766966 -0.000944501 0.0771284 -0.0269436 0.0777036 
3.652 -0.326832 -0.0846596 -0.355009 -0.0844445 -0.382938 -0.0843421 -0.411237 -0.0844672 -0.439496 -0.0847022 -0.467007 -0.0844 -0.494867 -0.0839356 
3.471 -0.371346 -0.109314 -0.400614 -0.10908 -0.429697 -0.109023 -0.459269 -0.109106 -0.48878 -0.109455 -0.51746 -0.109144 -0.546273 -0.108729 
3.26 -0.432982 -0.161361 -0.46414 -0.161029 -0.495049 -0.160785 -0.526495 -0.160807 -0.557652 -0.160938 -0.587891 -0.160532 -0.618111 -0.159865 
4.148 -0.131653 -0.0606903 -0.155501 -0.0604857 -0.179148 -0.0603735 -0.203159 -0.0605165 -0.227142 -0.0606525 -0.250891 -0.0603958 -0.274687 -0.0599207 
3.613 -0.111793 0.193384 -0.140455 0.193837 -0.168977 0.19412 -0.197933 0.194186 -0.227034 0.194401 -0.255622 0.194892 -0.284164 0.19553 
3.615 0.363484 -0.0401452 0.331269 -0.0398112 0.299318 -0.039542 0.267011 -0.0397192 0.234905 -0.0394941 0.203091 -0.0388 0.171435 -0.0379568 
3.322 -0.41997 -0.173004 -0.450678 -0.172782 -0.48093 -0.172646 -0.511917 -0.17274 -0.542636 -0.172972 -0.572308 -0.172654 -0.602265 -0.172108 
3.389 -0.411067 0.0208054 -0.449634 0.0211517 -0.487753 0.0214094 -0.526663 0.0214665 -0.565402 0.0213313 -0.603009 0.0216723 -0.640489 0.0219971 
3.818 0.0806465 -0.0511026 0.0541196 -0.0508175 0.0279485 -0.0506123 0.00149356 -0.0507761 -0.0248885 -0.0507681 -0.0509808 -0.0504124 -0.0770972 -0.0498009 
3.463 -0.364498 -0.0216546 -0.393971 -0.0214112 -0.423203 -0.0212914 -0.45298 -0.0213699 -0.482676 -0.021565 -0.511632 -0.0212729 -0.540696 -0.0208078 
2.652 -0.396001 0.224887 -0.433946 0.225405 -0.471738 0.225754 -0.509813 0.225988 -0.547947 0.226002 -0.585148 0.226186 -0.622119 0.226447 
4.023 -0.201507 0.00916313 -0.225891 0.00950346 -0.25016 0.0097372 -0.274945 0.00971785 -0.299719 0.00968737 -0.323943 0.010052 -0.348382 0.0105446 
3.281 0.384714 -0.00864265 0.352627 -0.0083557 0.320655 -0.00814988 0.288549 -0.00834935 0.256533 -0.00820777 0.224892 -0.00760582 0.193294 -0.00694799 
4.473 -0.0809752 -0.0257636 -0.1044 -0.0255342 -0.127667 -0.0254866 -0.151346 -0.0256422 -0.174971 -0.0257301 -0.19833 -0.02541 -0.221728 -0.0247793 
4.43 -0.0556362 0.047514 -0.0785393 0.0478398 -0.101344 0.0481051 -0.124411 0.048052 -0.147444 0.0481021 -0.169857 0.0484416 -0.192462 0.0490044 
4.074 -0.132338 -0.00658814 -0.154967 -0.00635837 -0.177539 -0.00621989 -0.200484 -0.00616714 -0.223039 -0.00605035 -0.245006 -0.00551177 -0.2671 -0.00461743 
3.66 -0.324093 -0.0668539 -0.35199 -0.0666324 -0.379704 -0.066519 -0.407879 -0.0666439 -0.436041 -0.0668769 -0.463493 -0.0665994 -0.491111 -0.0660916 
3.303 -0.432982 -0.248336 -0.463747 -0.24814 -0.494149 -0.248013 -0.525112 -0.24809 -0.555667 -0.248275 -0.585307 -0.247819 -0.614939 -0.247056 
4.266 -0.214519 -0.142186 -0.238557 -0.141741 -0.262409 -0.141488 -0.286731 -0.141862 -0.310916 -0.142021 -0.334533 -0.141822 -0.358241 -0.14104 
4.438 -0.0392001 0.0447747 -0.0616474 0.0449542 -0.0840374 0.04506 -0.106979 0.0449365 -0.129956 0.044956 -0.152096 0.0451941 -0.174594 0.045745 
4.434 -0.0255034 0.0461444 -0.0484978 0.0463891 -0.0712761 0.0465528 -0.0944134 0.0463991 -0.117529 0.0463916 -0.140288 0.0467214 -0.16324 0.0473163 
3.957 -0.223421 0.013957 -0.250532 0.0142567 -0.276936 0.0144371 -0.304118 0.014397 -0.330802 0.014343 -0.357752 0.0147039 -0.384406 0.0152516 
3.307 0.401835 -0.00864265 0.369394 -0.00838492 0.337287 -0.00820372 0.305 -0.00846634 0.272878 -0.00825296 0.241011 -0.00763412 0.209167 -0.00685177 
3.193 -0.447363 -0.0538419 -0.479737 -0.0536087 -0.511731 -0.0534721 -0.544278 -0.0534926 -0.576449 -0.0536506 -0.607847 -0.0534143 -0.63908 -0.0528689 
3.002 0.466895 -0.0264484 0.438716 -0.0260016 0.40643 -0.0256772 0.373162 -0.0259019 0.33934 -0.0255697 0.305999 -0.0249088 0.272625 -0.0240871 
3.793 0.10804 -0.015491 0.0810595 -0.015185 0.0544749 -0.0149975 0.0276171 -0.0149484 0.000999495 -0.015003 -0.02544 -0.0144861 -0.0519168 -0.0140882 
3.385 -0.396001 -0.0949322 -0.426265 -0.0947122 -0.456186 -0.0946922 -0.486811 -0.0948388 -0.517246 -0.0951148 -0.546886 -0.094643 -0.57654 -0.093987 
3.24 -0.437091 -0.108629 -0.468558 -0.108312 -0.499808 -0.108156 -0.531551 -0.10819 -0.563042 -0.108404 -0.593643 -0.108044 -0.62425 -0.107478 
2.83 -0.308341 0.194069 -0.344996 0.194618 -0.381398 0.195008 -0.418338 0.195184 -0.45542 0.195271 -0.491786 0.195768 -0.528269 0.196374 
2.744 -0.314505 0.23242 -0.351674 0.232846 -0.388443 0.233106 -0.425773 0.233228 -0.463365 0.233262 -0.500142 0.233575 -0.536876 0.234097 
3.91 -0.261772 -0.0545268 -0.288077 -0.0542736 -0.314158 -0.0541649 -0.340697 -0.054255 -0.367096 -0.0543962 -0.392971 -0.0541089 -0.419074 -0.0536834 
3.021 -0.248076 0.220093 -0.280429 0.220474 -0.312541 0.220726 -0.344906 0.220794 -0.377684 0.220756 -0.409643 0.221137 -0.441699 0.221932 
3.311 -0.422709 -0.21067 -0.453303 -0.210477 -0.483753 -0.210397 -0.51462 -0.210495 -0.545065 -0.210706 -0.574833 -0.21031 -0.604447 -0.209662 
3.385 -0.389152 -0.0332968 -0.419394 -0.0329815 -0.449491 -0.0328549 -0.480074 -0.0328916 -0.510613 -0.0330166 -0.540334 -0.0328212 -0.570207 -0.0323565 
2.654 -0.381619 0.247487 -0.419797 0.248019 -0.457661 0.24842 -0.495809 0.24849 -0.534286 0.248518 -0.571554 0.248709 -0.608671 0.249036 
3.326 0.36143 -0.00864265 0.329102 -0.00835825 0.297125 -0.00814754 0.264781 -0.008398 0.232615 -0.00822211 0.200872 -0.00758706 0.169224 -0.00687024 
3.686 -0.156992 0.0399808 -0.185391 0.0401716 -0.213275 0.0403507 -0.241821 0.0402633 -0.270457 0.0401736 -0.298565 0.0404595 -0.326648 0.0409361 
3.549 -0.35765 -0.161361 -0.386541 -0.161174 -0.415066 -0.16109 -0.444056 -0.161241 -0.472764 -0.161501 -0.501014 -0.161197 -0.529238 -0.160717 
2.662 -0.381619 0.223517 -0.419795 0.224059 -0.457659 0.224437 -0.495867 0.224703 -0.534347 0.224732 -0.57164 0.224995 -0.608849 0.225304 
3.195 -0.444624 -0.0689084 -0.476858 -0.0686396 -0.508748 -0.0685028 -0.54124 -0.0685229 -0.573388 -0.0687347 -0.604599 -0.0684739 -0.635758 -0.0679893 
4.426 -0.0234488 0.060526 -0.0464877 0.0607246 -0.0692325 0.0607325 -0.0923558 0.0604511 -0.115507 0.0604021 -0.138216 0.0606189 -0.161188 0.0610632 
3.438 -0.378195 -0.0887687 -0.407893 -0.0885102 -0.437388 -0.0885282 -0.467361 -0.0886102 -0.497254 -0.0889268 -0.526425 -0.0885899 -0.555698 -0.0880483 
3.799 0.117628 -0.0380907 0.0906499 -0.0378394 0.0640372 -0.0376042 0.0371763 -0.0377085 0.0104143 -0.0375179 -0.0159902 -0.037017 -0.0425262 -0.0363773 
3.898 -0.267936 -0.0668539 -0.294541 -0.0667012 -0.320875 -0.0666073 -0.347639 -0.0666915 -0.374397 -0.0668235 -0.400518 -0.0666181 -0.426831 -0.0660277 
3.26 -0.426818 -0.0250788 -0.458304 -0.0248329 -0.48953 -0.0247089 -0.521251 -0.0247589 -0.552884 -0.0249157 -0.583518 -0.0247105 -0.614295 -0.0242123 
2.926 0.509355 -0.0168607 0.474493 -0.0166977 0.440965 -0.0164502 0.407412 -0.0168975 0.40245 -0.0172025 0.36741 -0.016587 0.33221 -0.0159045 
3.928 0.0402411 0.0639501 0.0141992 0.0641767 -0.0114803 0.0644354 -0.0374549 0.0642359 -0.0634279 0.0643379 -0.0891204 0.0646469 -0.114867 0.0653158 
2.943 -0.346692 0.132434 -0.380049 0.132943 -0.413297 0.133255 -0.446888 0.13341 -0.48061 0.133472 -0.513671 0.13378 -0.546768 0.134357 
3.627 -0.185755 0.102986 -0.214592 0.103391 -0.243187 0.103762 -0.272284 0.103866 -0.301434 0.103923 -0.33013 0.104237 -0.35875 0.104949 
3.465 -0.382304 -0.201082 -0.411729 -0.200937 -0.441084 -0.20092 -0.470755 -0.201076 -0.500085 -0.201333 -0.529052 -0.2011 -0.557941 -0.200594 
3.625 0.377181 -0.0456239 0.345016 -0.0453272 0.313062 -0.0450712 0.280933 -0.0453148 0.248962 -0.045105 0.217393 -0.044571 0.185866 -0.0436488 
3.695 -0.276154 0.0324476 -0.30484 0.0328229 -0.333339 0.033039 -0.362197 0.0331038 -0.391067 0.0331417 -0.419415 0.0336422 -0.447886 0.0341049 
3.885 -0.272045 -0.0805506 -0.298799 -0.080383 -0.325101 -0.0803281 -0.352046 -0.0804178 -0.378762 -0.080619 -0.40495 -0.080373 -0.431354 -0.0800102 
3.344 -0.402849 -0.0805506 -0.433393 -0.0802777 -0.463764 -0.0801513 -0.494525 -0.0802019 -0.525258 -0.0804002 -0.555124 -0.0801916 -0.585113 -0.0797232 
2.781 0.651116 -0.0558965 0.614801 -0.0557797 0.579111 -0.0555463 0.542295 -0.0559779 0.506232 -0.0557488 0.469882 -0.055205 0.433543 -0.0544089 
3.781 -0.315875 0.0269689 -0.342879 0.0272047 -0.369775 0.0273685 -0.397086 0.027233 -0.424269 0.0269388 -0.450988 0.0272379 -0.477952 0.0276958 
3.809 0.101192 0.0119025 0.0744347 0.0121947 0.0479419 0.0123657 0.0211702 0.0121868 -0.00546044 0.0122555 -0.0318066 0.0126696 -0.0583057 0.0132113 
3.17 -0.453527 -0.100411 -0.485964 -0.100202 -0.518107 -0.100108 -0.550599 -0.100145 -0.582779 -0.100341 -0.614142 -0.100072 -0.645454 -0.0995513 
3.627 0.401151 -0.036721 0.36854 -0.0363541 0.336122 -0.0361113 0.303541 -0.0363128 0.271149 -0.0361149 0.239032 -0.0354756 0.207066 -0.0345577 
3.775 -0.16658 0.0262841 -0.194702 0.0265998 -0.222589 0.0267957 -0.251006 0.0267568 -0.279474 0.0267242 -0.307367 0.0270769 -0.335386 0.0276145 
3.793 0.117628 -0.0839748 0.0906262 -0.0836276 0.0640102 -0.0833272 0.03717 -0.0835873 0.0104387 -0.0833933 -0.0159494 -0.0829571 -0.0424387 -0.0823399 
3.383 -0.409012 -0.301068 -0.438966 -0.300825 -0.468697 -0.300696 -0.498919 -0.300757 -0.528752 -0.300994 -0.557634 -0.300296 -0.586515 -0.299578 
3.633 -0.185071 0.0413505 -0.213835 0.0415233 -0.242416 0.0417217 -0.271375 0.0416529 -0.300518 0.0416581 -0.329009 0.0420947 -0.357627 0.0425794 
3.777 0.115573 0.0762772 0.0886443 0.0765337 0.0618978 0.0768217 0.0349989 0.0767232 0.00817646 0.0769284 -0.0182619 0.0774642 -0.0448884 0.0780809 
3.689 -0.31245 -0.0565813 -0.340127 -0.0562165 -0.367561 -0.0560106 -0.395503 -0.0559755 -0.423379 -0.0560342 -0.450632 -0.0557416 -0.47809 -0.055268 
3.604 -0.337789 -0.0709629 -0.366326 -0.0706533 -0.394696 -0.0703747 -0.423601 -0.0703431 -0.452395 -0.0704289 -0.480558 -0.0700071 -0.508909 -0.0693827 
3.807 0.0854404 -0.0743871 0.0589035 -0.0741493 0.0325779 -0.0740113 0.00591052 -0.0741397 -0.0205715 -0.0741278 -0.0466349 -0.0737236 -0.0728212 -0.0730822 
3.232 -0.447363 -0.172319 -0.47886 -0.172051 -0.510082 -0.171905 -0.541657 -0.171929 -0.572818 -0.172089 -0.603259 -0.171676 -0.633758 -0.171078 
3.379 -0.408328 -0.279838 -0.438279 -0.279609 -0.468037 -0.27946 -0.498247 -0.279544 -0.52811 -0.279709 -0.557001 -0.27922 -0.585837 -0.278517 
3.758 -0.233009 0.0269689 -0.261455 0.0272016 -0.289888 0.027404 -0.31863 0.0273454 -0.347417 0.0272804 -0.375625 0.0275857 -0.403913 0.0280961 
3.391 -0.392576 -0.109999 -0.422654 -0.109849 -0.452539 -0.109785 -0.482922 -0.109941 -0.513188 -0.110169 -0.542715 -0.109814 -0.572259 -0.109283 
4.391 -0.0378304 0.0673743 -0.060958 0.0676514 -0.0837959 0.0677695 -0.107202 0.0676935 -0.13051 0.0677266 -0.153286 0.0680647 -0.176632 0.0687594 
3.623 -0.339844 -0.131229 -0.368084 -0.130998 -0.396083 -0.130915 -0.424582 -0.131045 -0.452759 -0.131306 -0.48059 -0.131017 -0.508567 -0.130587 
3.6 -0.247391 0.0440899 -0.276334 0.0442983 -0.305114 0.0445315 -0.334188 0.0444711 -0.363378 0.0443679 -0.391952 0.0446696 -0.420785 0.0452572 
3.139 -0.404219 0.155034 -0.438749 0.155307 -0.473064 0.155498 -0.507867 0.155663 -0.542842 0.155626 -0.576852 0.155829 -0.611041 0.156137 
3.834 0.0943432 0.0536776 0.0675547 0.0539221 0.0410816 0.054266 0.0145224 0.0541826 -0.0122849 0.0543341 -0.0386362 0.0547238 -0.0647802 0.0551584 
