4.07 -0.181646 -0.032612 -0.206006 -0.0324107 -0.230146 -0.0323434 -0.254761 -0.0325397 -0.279314 -0.0326847 -0.30329 -0.0323615 -0.327445 -0.0319585 
4.102 -0.115902 -0.0196001 -0.13942 -0.0194469 -0.162765 -0.0192377 -0.186554 -0.0194194 -0.210326 -0.0194422 -0.233786 -0.0189859 -0.257531 -0.018536 
2.885 -0.35765 0.141337 -0.391925 0.141708 -0.425935 0.141977 -0.460298 0.142141 -0.494826 0.142156 -0.52863 0.142552 -0.562336 0.142945 
4.02 -0.178222 0.000260238 -0.202834 0.000164644 -0.227277 5.97277e-05 -0.251481 -0.000141619 -0.276124 -0.000192489 -0.300513 0.000203015 -0.325265 0.000624685 
3.568 -0.340529 -0.0353513 -0.369293 -0.0351566 -0.397775 -0.0350223 -0.426778 -0.0351204 -0.45573 -0.035288 -0.484049 -0.0349962 -0.512501 -0.0345371 
4.043 -0.156307 -0.0175455 -0.178383 -0.0172527 -0.200315 -0.0171383 -0.222602 -0.0172251 -0.244929 -0.0172922 -0.266837 -0.0169942 -0.288863 -0.0164563 
3.082 -0.247391 0.183112 -0.279504 0.18348 -0.31133 0.183716 -0.34346 0.183787 -0.375343 0.183837 -0.406671 0.184111 -0.438044 0.184676 
4.039 -0.182331 -0.0134365 -0.206615 -0.0131893 -0.230664 -0.0130711 -0.255289 -0.0131775 -0.279947 -0.0132763 -0.304047 -0.0129165 -0.328287 -0.0124107 
3.291 0.42238 -0.00521846 0.39333 -0.00495751 0.364615 -0.00475035 0.335667 -0.00502945 0.306956 -0.00484796 0.278321 -0.0041604 0.249776 -0.00352484 
3.535 -0.0570059 0.0975072 -0.0797924 0.0977543 -0.102251 0.0979397 -0.125075 0.0978538 -0.147939 0.0979201 -0.170423 0.0984598 -0.192953 0.0990089 
2.793 0.624408 -0.120956 0.588334 -0.120589 0.552795 -0.1204 0.516403 -0.120756 0.480801 -0.120371 0.444619 -0.119472 0.409181 -0.118503 
2.836 -0.380934 0.157773 -0.415957 0.158197 -0.45067 0.158439 -0.485858 0.158565 -0.521128 0.15855 -0.555542 0.158888 -0.589899 0.159246 
3.412 -0.403534 -0.365443 -0.433285 -0.365124 -0.462639 -0.36484 -0.492593 -0.364846 -0.522094 -0.364952 -0.550651 -0.364183 -0.579167 -0.363231 
3.908 -0.0843994 0.068744 -0.108795 0.0689675 -0.133052 0.0691839 -0.157636 0.0690505 -0.182253 0.0690204 -0.206532 0.0695228 -0.230818 0.0700139 
3.279 -0.4186 -0.0531571 -0.449912 -0.0528825 -0.481035 -0.0527198 -0.512673 -0.052764 -0.544169 -0.0529892 -0.574763 -0.0525972 -0.605357 -0.052173 
2.943 -0.386413 0.144761 -0.42113 0.145291 -0.455637 0.145646 -0.490616 0.145812 -0.52572 0.145849 -0.559953 0.146252 -0.594117 0.146712 
4.438 -0.0556362 0.0269689 -0.0786931 0.027197 -0.101649 0.0273389 -0.12493 0.0271961 -0.14821 0.0272058 -0.171016 0.0276865 -0.194072 0.0281663 
4.207 -0.191234 -0.0784961 -0.215919 -0.0783784 -0.240394 -0.0783131 -0.265304 -0.0785137 -0.289793 -0.0786744 -0.31385 -0.0783758 -0.338225 -0.0779083 
3.484 -0.364498 -0.044939 -0.393927 -0.0446047 -0.423108 -0.0444755 -0.452792 -0.0445182 -0.482471 -0.0447144 -0.511358 -0.0443837 -0.540372 -0.0439944 
3.477 -0.202191 0.18996 -0.232677 0.190393 -0.262955 0.190732 -0.293598 0.190812 -0.324165 0.190921 -0.354113 0.191339 -0.384272 0.191989 
1.808 0.0998219 0.250226 0.0424546 0.250383 -0.0145657 0.250538 -0.071694 0.250557 -0.129319 0.250973 -0.186362 0.251787 -0.243634 0.252744 
3.73 -0.139871 0.0824408 -0.166913 0.082826 -0.193673 0.0830034 -0.220811 0.0830165 -0.248163 0.0830848 -0.27509 0.0836361 -0.302014 0.0841771 
4.117 -0.110423 -0.0339816 -0.134137 -0.0336384 -0.157751 -0.0333739 -0.181624 -0.0336424 -0.205734 -0.0337163 -0.229323 -0.033212 -0.253088 -0.0328821 
2.922 -0.374771 0.135858 -0.408676 0.136297 -0.4424 0.136674 -0.476529 0.136855 -0.510803 0.136889 -0.544261 0.137311 -0.577742 0.137785 
4.211 -0.12549 -0.0819203 -0.149613 -0.0817004 -0.173585 -0.0816135 -0.197985 -0.0818739 -0.222431 -0.0820803 -0.246335 -0.0817149 -0.270393 -0.0813048 
4.082 -0.133023 -0.0216546 -0.155372 -0.0215076 -0.17746 -0.0214176 -0.199928 -0.0214958 -0.222244 -0.0215204 -0.244402 -0.0211754 -0.26666 -0.0206161 
3.693 -0.304917 -0.0332968 -0.332585 -0.0330141 -0.359967 -0.0328599 -0.38786 -0.0329409 -0.415764 -0.0331501 -0.442984 -0.0327331 -0.470328 -0.0322815 
4.152 -0.139186 -0.0798658 -0.163483 -0.0796794 -0.187532 -0.0796155 -0.212135 -0.0798548 -0.236653 -0.0800512 -0.260703 -0.0797117 -0.284817 -0.0793053 
3.223 -0.433667 -0.0531571 -0.465258 -0.0528356 -0.496625 -0.0526717 -0.528526 -0.0526984 -0.560174 -0.0528895 -0.591064 -0.0525407 -0.621811 -0.0521489 
3.113 -0.239858 0.202287 -0.271037 0.202771 -0.301886 0.203121 -0.333135 0.203289 -0.364563 0.20341 -0.395398 0.203888 -0.426267 0.204433 
3.574 -0.269306 0.047514 -0.298241 0.0478719 -0.32697 0.0480056 -0.356076 0.0479355 -0.385259 0.0479621 -0.413803 0.0483239 -0.4424 0.0488884 
4.008 -0.0583756 0.0735379 -0.0811214 0.0737601 -0.103572 0.0738375 -0.126526 0.0736674 -0.149383 0.0736148 -0.171921 0.0739951 -0.195463 0.0746062 
3.969 -0.0707026 0.0406657 -0.0950491 0.0408927 -0.118879 0.0410155 -0.143344 0.0410039 -0.167663 0.0410228 -0.191855 0.0414761 -0.216061 0.0420094 
3.012 -0.254239 0.169415 -0.287207 0.169826 -0.320331 0.170062 -0.353855 0.170133 -0.387603 0.170184 -0.420785 0.170587 -0.4541 0.171132 
3.949 -0.115217 0.0173812 -0.14027 0.0176859 -0.165143 0.0179294 -0.190625 0.0178866 -0.215936 0.0179108 -0.240992 0.0184216 -0.266183 0.0188889 
3.268 -0.432982 -0.185331 -0.464091 -0.185114 -0.494938 -0.184998 -0.526317 -0.185098 -0.557357 -0.18537 -0.587463 -0.184894 -0.617491 -0.184347 
3.23 -0.452157 -0.227791 -0.483678 -0.227571 -0.51484 -0.227443 -0.546468 -0.227499 -0.577721 -0.227665 -0.607949 -0.227111 -0.638056 -0.226411 
3.201 -0.259033 0.100931 -0.292161 0.10139 -0.325016 0.101718 -0.358259 0.101824 -0.391548 0.10188 -0.424356 0.102362 -0.457239 0.102919 
3.377 -0.406273 -0.177113 -0.436464 -0.176885 -0.466313 -0.176779 -0.496841 -0.176903 -0.527116 -0.177179 -0.556465 -0.176775 -0.585903 -0.176208 
4.035 -0.153568 0.000260238 -0.177216 0.000486288 -0.200748 0.00055952 -0.224401 0.000398343 -0.24808 0.000275662 -0.271441 0.000645836 -0.295093 0.00121138 
3.646 0.305958 -0.109999 0.271337 -0.109527 0.236947 -0.109139 0.202531 -0.109444 0.168521 -0.1094 0.134815 -0.109031 0.101059 -0.108069 
3.488 -0.371346 -0.170264 -0.400485 -0.170067 -0.429304 -0.16998 -0.45876 -0.170105 -0.488056 -0.170463 -0.51664 -0.170074 -0.545226 -0.169645 
3.338 0.450459 -0.125065 0.416816 -0.124837 0.383281 -0.124692 0.349312 -0.124853 0.315721 -0.124716 0.282279 -0.123842 0.248979 -0.12314 
3.217 -0.448048 -0.185331 -0.479553 -0.185134 -0.510751 -0.185014 -0.542522 -0.185097 -0.57387 -0.185293 -0.604265 -0.184752 -0.634571 -0.184142 
3.781 -0.307656 -0.183276 -0.335003 -0.183189 -0.362142 -0.183222 -0.389873 -0.183545 -0.417431 -0.183921 -0.444315 -0.183673 -0.47132 -0.183334 
3.646 -0.33505 -0.192864 -0.362864 -0.192683 -0.390451 -0.192609 -0.418548 -0.192799 -0.446285 -0.193067 -0.473683 -0.192746 -0.501134 -0.192351 
3.725 -0.29396 0.0146418 -0.321405 0.0149438 -0.348648 0.0150923 -0.376313 0.0150658 -0.403883 0.0150097 -0.430963 0.0153125 -0.458217 0.0158163 
3.16 -0.45969 -0.12438 -0.491963 -0.124131 -0.523874 -0.123976 -0.556318 -0.124017 -0.588436 -0.124221 -0.619545 -0.123811 -0.650555 -0.123235 
3.721 -0.321353 -0.198343 -0.348653 -0.198168 -0.37569 -0.198067 -0.403245 -0.198217 -0.430588 -0.198501 -0.457342 -0.198148 -0.484513 -0.197793 
3.473 -0.367922 -0.0764416 -0.397284 -0.0761461 -0.42641 -0.0759967 -0.456056 -0.0760314 -0.485626 -0.0761871 -0.514449 -0.0758949 -0.543362 -0.0754562 
3.43 -0.213149 0.179688 -0.243123 0.180031 -0.272945 0.180198 -0.302948 0.180215 -0.333006 0.180285 -0.362574 0.180632 -0.392266 0.181231 
3.566 -0.360389 -0.201082 -0.38911 -0.200943 -0.417591 -0.200882 -0.44638 -0.201071 -0.474937 -0.201322 -0.503165 -0.201009 -0.531331 -0.200582 
3.965 -0.156992 0.0146418 -0.182592 0.0149442 -0.208022 0.0151412 -0.233836 0.015091 -0.259585 0.0150355 -0.284792 0.0154523 -0.310114 0.0158938 
2.861 -0.347377 0.152294 -0.381619 0.152743 -0.415692 0.153068 -0.450182 0.153175 -0.484889 0.153154 -0.518943 0.15348 -0.553104 0.153847 
3.436 0.386084 -0.032612 0.353126 -0.0323718 0.320527 -0.0321528 0.287752 -0.032338 0.255155 -0.0321267 0.222793 -0.0313595 0.190377 -0.0306829 
4.047 -0.139186 0.00573894 -0.164519 0.00597159 -0.189511 0.00609883 -0.214931 0.00588285 -0.240258 0.00576607 -0.265129 0.00612333 -0.290088 0.00659327 
3.658 0.371703 -0.0757567 0.339171 -0.0753729 0.306939 -0.0750728 0.274502 -0.0751976 0.242288 -0.0749076 0.210429 -0.0740703 0.178697 -0.0732113 
3.609 -0.345323 -0.203821 -0.373619 -0.203686 -0.401604 -0.203639 -0.429941 -0.203811 -0.458058 -0.20409 -0.485651 -0.203757 -0.513438 -0.203383 
3.297 -0.431612 -0.222312 -0.462539 -0.222124 -0.492996 -0.221998 -0.5241 -0.222083 -0.554698 -0.22228 -0.584504 -0.221787 -0.614179 -0.221176 
3.322 -0.419285 -0.187385 -0.44982 -0.187149 -0.480204 -0.187035 -0.511203 -0.187154 -0.541811 -0.187396 -0.571614 -0.18702 -0.601296 -0.186439 
3.947 -0.183701 0.0132722 -0.209628 0.0134851 -0.235066 0.0135047 -0.261208 0.013267 -0.287242 0.0129346 -0.312786 0.0131076 -0.338349 0.0133062 
3.764 -0.277524 0.0187509 -0.305838 0.0189948 -0.333907 0.0191249 -0.362409 0.0190668 -0.390952 0.0189739 -0.418935 0.0193346 -0.44702 0.0198122 
3.682 -0.157677 0.0742227 -0.185396 0.0745366 -0.212927 0.0747272 -0.240653 0.0747789 -0.268545 0.0748083 -0.295901 0.0752343 -0.323399 0.0758015 
3.455 -0.383673 -0.178482 -0.413188 -0.178295 -0.442273 -0.178184 -0.472145 -0.178346 -0.5018 -0.178642 -0.530644 -0.178266 -0.559503 -0.177828 
4.023 -0.0974113 0.0208054 -0.120831 0.0211052 -0.144003 0.021389 -0.167529 0.0213764 -0.191092 0.021485 -0.214439 0.0221041 -0.237786 0.0226971 
2.957 -0.269306 0.152294 -0.303329 0.152753 -0.337022 0.152981 -0.371222 0.153094 -0.405566 0.153134 -0.439325 0.153624 -0.473155 0.154181 
3.369 -0.409012 -0.212724 -0.439139 -0.212493 -0.468928 -0.212376 -0.499285 -0.212481 -0.529366 -0.212705 -0.558624 -0.212261 -0.587851 -0.211698 
3.184 -0.463115 -0.188755 -0.49519 -0.188518 -0.526833 -0.188363 -0.558973 -0.188375 -0.590788 -0.188516 -0.621474 -0.187998 -0.652143 -0.1873 
4.18 -0.110423 -0.0757567 -0.134163 -0.075529 -0.157942 -0.0754441 -0.182224 -0.0757478 -0.206577 -0.075966 -0.230375 -0.0755148 -0.254403 -0.07512 
3.684 -0.311081 -0.0463087 -0.338807 -0.0460674 -0.36625 -0.0459211 -0.394205 -0.0459942 -0.422122 -0.0461267 -0.449386 -0.0458277 -0.476793 -0.0453491 
3.457 -0.37614 -0.133968 -0.405335 -0.133583 -0.434333 -0.13338 -0.464092 -0.133375 -0.493631 -0.133596 -0.522371 -0.133208 -0.551201 -0.132744 
3.596 0.299795 -0.0784961 0.268044 -0.0781449 0.236486 -0.0777757 0.204665 -0.0779061 0.173279 -0.0775987 0.141671 -0.0768082 0.108474 -0.0759138 
3.605 -0.343953 -0.14561 -0.372274 -0.145395 -0.400276 -0.145293 -0.428903 -0.145465 -0.457359 -0.145756 -0.485149 -0.145401 -0.513101 -0.145005 
3.896 -0.240542 0.0153267 -0.268653 0.0156454 -0.296773 0.0158241 -0.325277 0.0158127 -0.353792 0.0157559 -0.381807 0.0161591 -0.409634 0.0166127 
4.449 -0.199452 -0.264772 -0.222462 -0.264589 -0.245166 -0.264562 -0.2685 -0.264883 -0.291577 -0.2652 -0.314206 -0.264962 -0.336887 -0.264555 
3.445 -0.389837 -0.212724 -0.419423 -0.212547 -0.448667 -0.212453 -0.47849 -0.212587 -0.508016 -0.212857 -0.536913 -0.212483 -0.565709 -0.211996 
4.047 -0.230955 -0.0305575 -0.256073 -0.0302964 -0.280992 -0.0301991 -0.306365 -0.0302936 -0.331679 -0.0304336 -0.356465 -0.0301015 -0.381354 -0.0297097 
4.387 -0.202191 -0.214094 -0.225389 -0.213902 -0.248312 -0.213791 -0.271846 -0.214097 -0.295125 -0.214366 -0.317914 -0.214003 -0.340823 -0.213571 
3.654 0.375812 -0.103835 0.343366 -0.103448 0.311301 -0.103133 0.278937 -0.103285 0.246754 -0.103008 0.214907 -0.102159 0.183184 -0.101268 
3.17 -0.461745 -0.151089 -0.494033 -0.150846 -0.52581 -0.150668 -0.558111 -0.150677 -0.590063 -0.150832 -0.621054 -0.150324 -0.651971 -0.149803 
3.49 -0.382304 -0.321613 -0.411629 -0.321377 -0.440677 -0.321219 -0.470272 -0.321311 -0.499529 -0.321487 -0.527937 -0.32091 -0.556361 -0.32017 
3.664 -0.326832 -0.110683 -0.354724 -0.110471 -0.382595 -0.110355 -0.41085 -0.110495 -0.438932 -0.110723 -0.466364 -0.110393 -0.494067 -0.109956 
2.785 0.630571 -0.146295 0.596504 -0.146096 0.56251 -0.145914 0.528205 -0.146202 0.493896 -0.145935 0.459701 -0.145007 0.42545 -0.143998 
3.674 -0.329571 -0.140816 -0.357482 -0.140605 -0.38516 -0.1405 -0.41333 -0.140652 -0.441406 -0.140918 -0.468755 -0.140564 -0.496345 -0.140151 
3.248 -0.212464 0.205027 -0.242872 0.205375 -0.273205 0.205639 -0.303889 0.205714 -0.334919 0.205853 -0.365264 0.206166 -0.395657 0.206595 
3.371 -0.402164 -0.162046 -0.432443 -0.161827 -0.462369 -0.161717 -0.492877 -0.161835 -0.523062 -0.162083 -0.552491 -0.161727 -0.581798 -0.161215 
3.379 -0.410382 -0.246281 -0.440511 -0.24609 -0.470317 -0.246022 -0.500727 -0.246136 -0.530792 -0.2464 -0.559914 -0.245919 -0.589073 -0.245287 
3.252 -0.437091 -0.144925 -0.468358 -0.14468 -0.499392 -0.144561 -0.53089 -0.144567 -0.562176 -0.144759 -0.592505 -0.144276 -0.622801 -0.14374 
2.771 -0.391207 0.187221 -0.426091 0.187832 -0.46061 0.188239 -0.495577 0.188396 -0.530594 0.188428 -0.564757 0.188828 -0.598884 0.189359 
3.275 -0.424079 -0.116162 -0.45532 -0.115973 -0.486383 -0.11591 -0.517905 -0.115901 -0.549172 -0.116065 -0.579566 -0.115648 -0.609939 -0.115015 
4.215 -0.152883 -0.0826051 -0.177096 -0.0824357 -0.201305 -0.0823741 -0.225974 -0.0825996 -0.250494 -0.0827906 -0.274543 -0.0824715 -0.2988 -0.0820854 
4.184 -0.00495822 0.0755924 -0.0365554 0.0759526 -0.068231 0.0761898 -0.100628 0.0760925 -0.132657 0.076265 -0.164477 0.0768675 -0.190418 0.0775255 
4.363 -0.206985 -0.246966 -0.230334 -0.246746 -0.253505 -0.246711 -0.277196 -0.247018 -0.300633 -0.247287 -0.323557 -0.246962 -0.346561 -0.246496 
3.451 -0.113847 0.207081 -0.140749 0.207833 -0.16735 0.20847 -0.194517 0.208815 -0.221757 0.209261 -0.248614 0.210138 -0.274958 0.211076 
4.074 -0.246021 -0.161361 -0.271305 -0.161199 -0.296313 -0.16112 -0.321832 -0.16138 -0.347186 -0.161595 -0.371999 -0.16127 -0.396915 -0.16092 
4.414 -0.200137 -0.183276 -0.223338 -0.183067 -0.246399 -0.183044 -0.269952 -0.18327 -0.293372 -0.183587 -0.316346 -0.183236 -0.339431 -0.182895 
4.098 -0.25013 -0.245596 -0.275158 -0.24544 -0.299932 -0.245367 -0.325305 -0.245671 -0.350356 -0.245946 -0.374927 -0.245577 -0.399574 -0.245198 
3.77 -0.111793 0.172154 -0.14039 0.172493 -0.168967 0.172717 -0.197759 0.172743 -0.22689 0.172826 -0.255275 0.173375 -0.283748 0.17398 
3.561 -0.187125 0.159827 -0.216596 0.160205 -0.245769 0.160462 -0.27529 0.160542 -0.304964 0.160585 -0.334183 0.161024 -0.363566 0.161586 
3.941 0.0149021 -0.095617 -0.010719 -0.0954078 -0.0361321 -0.0952589 -0.061981 -0.0954194 -0.0876466 -0.0954742 -0.112886 -0.0951181 -0.138291 -0.0945907 
4.477 -0.191919 -0.223682 -0.214824 -0.223529 -0.23747 -0.223433 -0.260657 -0.223655 -0.283614 -0.224002 -0.30608 -0.223524 -0.328637 -0.223106 
3.623 -0.326832 -0.04083 -0.355235 -0.0405678 -0.383332 -0.040429 -0.412025 -0.0405066 -0.440593 -0.0406808 -0.468637 -0.040362 -0.496753 -0.0399199 
3.502 -0.380249 -0.244227 -0.409453 -0.243992 -0.438414 -0.243919 -0.467898 -0.24407 -0.497136 -0.244339 -0.525591 -0.243915 -0.553993 -0.243321 
1.761 0.0840707 0.261183 0.0259809 0.261317 -0.0316677 0.261521 -0.0896378 0.261646 -0.147926 0.262192 -0.205721 0.262995 -0.263864 0.264038 
4.359 -0.206985 -0.233269 -0.230365 -0.233134 -0.253548 -0.233068 -0.277224 -0.233319 -0.300682 -0.233567 -0.323645 -0.233279 -0.346697 -0.232907 
4.02 -0.165895 -0.00727298 -0.188487 -0.00694845 -0.210884 -0.00677657 -0.233812 -0.00686853 -0.256715 -0.00693578 -0.279126 -0.00658718 -0.301568 -0.00610222 
3.549 0.312806 -0.0497329 0.280329 -0.0494475 0.248218 -0.0492508 0.214353 -0.0494271 0.179979 -0.049201 0.146273 -0.0485135 0.112583 -0.0477685 
3.906 -0.273415 -0.16547 -0.29968 -0.165256 -0.325697 -0.165111 -0.352251 -0.165291 -0.378619 -0.165557 -0.404444 -0.165172 -0.430374 -0.164853 
2.91 0.559348 -0.139447 0.526491 -0.139226 0.493772 -0.139013 0.460636 -0.139359 0.4279 -0.13915 0.395377 -0.138484 0.362734 -0.137874 
1.439 0.186111 0.364594 0.115996 0.364412 0.0450503 0.364157 -0.0247271 0.363806 -0.0946603 0.364022 -0.167174 0.365111 -0.240188 0.366447 
3.221 -0.426133 0.0119025 -0.464888 0.0122798 -0.503168 0.012553 -0.542008 0.0126637 -0.580649 0.0125466 -0.618131 0.0129432 -0.655596 0.0132505 
3.387 -0.396685 -0.14835 -0.426864 -0.148106 -0.456749 -0.147987 -0.48713 -0.148068 -0.517303 -0.148354 -0.546652 -0.147985 -0.576001 -0.147508 
3.195 -0.222737 0.1927 -0.253498 0.193176 -0.284063 0.193539 -0.314962 0.193765 -0.34601 0.194064 -0.376535 0.194592 -0.407306 0.195035 
3.838 -0.260403 0.0160115 -0.288346 0.0163767 -0.316333 0.0165148 -0.344529 0.0164949 -0.372697 0.0164381 -0.400626 0.0167367 -0.428249 0.0172294 
3.283 -0.42134 -0.0819203 -0.452623 -0.0816304 -0.483714 -0.0815877 -0.515331 -0.0816889 -0.546744 -0.0819569 -0.577231 -0.081674 -0.60776 -0.0812664 
3.439 0.583317 -0.199028 0.548985 -0.198836 0.514995 -0.198655 0.480697 -0.198874 0.446446 -0.198661 0.41226 -0.198071 0.377967 -0.197145 
4.48 -0.193973 -0.240118 -0.21688 -0.240071 -0.239527 -0.240034 -0.262722 -0.240345 -0.285641 -0.240585 -0.308107 -0.240253 -0.33066 -0.239846 
2.836 -0.365868 0.157773 -0.400536 0.158265 -0.434934 0.158606 -0.469778 0.158752 -0.504723 0.158797 -0.538961 0.159177 -0.573065 0.159634 
4.281 -0.217258 -0.216148 -0.241143 -0.216088 -0.264881 -0.216048 -0.289057 -0.216305 -0.313099 -0.216441 -0.336569 -0.216199 -0.360126 -0.215719 
3.598 -0.341214 -0.114108 -0.369573 -0.113872 -0.397549 -0.113749 -0.426265 -0.113885 -0.454845 -0.114138 -0.482588 -0.1138 -0.510772 -0.113406 
3.295 -0.415176 -0.0250788 -0.446548 -0.0248754 -0.477744 -0.0247712 -0.509407 -0.0248504 -0.540969 -0.02505 -0.57166 -0.0247198 -0.60241 -0.0243336 
3.342 0.553869 -0.164786 0.521029 -0.164552 0.488409 -0.164353 0.455329 -0.164603 0.422696 -0.16441 0.390174 -0.163657 0.357611 -0.16296 
3.541 -0.359704 -0.138762 -0.388456 -0.138524 -0.4169 -0.138422 -0.446003 -0.13858 -0.474902 -0.138898 -0.503203 -0.138526 -0.531446 -0.138092 
4.418 -0.0528969 0.0509382 -0.0756799 0.0512296 -0.0983066 0.0514241 -0.121223 0.0513533 -0.144157 0.0513724 -0.166632 0.0518071 -0.189222 0.052316 
3.617 -0.111793 0.193384 -0.140499 0.193825 -0.169091 0.194073 -0.197945 0.194163 -0.227121 0.194353 -0.255633 0.194923 -0.284259 0.195472 
4.496 -0.187125 -0.161361 -0.210086 -0.161207 -0.232772 -0.161076 -0.255993 -0.161333 -0.279061 -0.161815 -0.301579 -0.161361 -0.324246 -0.16097 
3.594 -0.337105 -0.0531571 -0.365763 -0.0529061 -0.39423 -0.0527409 -0.423149 -0.0528481 -0.451998 -0.0530743 -0.480289 -0.052683 -0.508691 -0.0522923 
3.902 0.0251746 -0.155883 -0.000613201 -0.155573 -0.0261877 -0.155335 -0.0521857 -0.155554 -0.0780285 -0.155662 -0.103406 -0.155197 -0.12894 -0.154846 
3.701 -0.324093 -0.154513 -0.351774 -0.154301 -0.379186 -0.154203 -0.407128 -0.154352 -0.434985 -0.154644 -0.462125 -0.154277 -0.489466 -0.153908 
3.479 -0.211779 0.155034 -0.241562 0.155367 -0.271044 0.155639 -0.300895 0.155678 -0.330849 0.155717 -0.360314 0.156146 -0.389868 0.156695 
4.129 -0.131653 -0.0606903 -0.155459 -0.0604644 -0.179147 -0.0603662 -0.203136 -0.0605222 -0.227124 -0.0606483 -0.250889 -0.0603396 -0.274667 -0.0599103 
3.707 -0.318614 -0.123695 -0.346296 -0.123477 -0.373639 -0.123396 -0.40151 -0.123534 -0.429313 -0.123805 -0.456471 -0.123463 -0.483762 -0.123095 
3.152 -0.456951 -0.0374058 -0.489522 -0.0370849 -0.521776 -0.0368089 -0.554551 -0.0367835 -0.587126 -0.0369004 -0.61868 -0.0365311 -0.650035 -0.0360823 
4.109 -0.110423 -0.00658814 -0.134137 -0.00648218 -0.157711 -0.0064925 -0.181755 -0.0067484 -0.205988 -0.00696467 -0.229763 -0.00677013 -0.253821 -0.00639256 
3.758 0.13064 0.0762772 0.104123 0.0766214 0.0779094 0.0768289 0.0515015 0.076645 0.0250752 0.0766949 -0.000958838 0.0771892 -0.026936 0.0777314 
3.988 -0.263827 -0.214779 -0.28952 -0.214598 -0.315044 -0.214559 -0.341 -0.214841 -0.366784 -0.215137 -0.392005 -0.214805 -0.417436 -0.214437 
2.811 0.604547 -0.171634 0.570452 -0.171324 0.53648 -0.171066 0.502008 -0.171282 0.467736 -0.170822 0.4336 -0.169933 0.399435 -0.16869 
3.383 -0.411067 0.0208054 -0.449688 0.0211516 -0.487861 0.0214167 -0.526642 0.0214662 -0.565417 0.021322 -0.603012 0.0217473 -0.640473 0.0220078 
3.01 -0.253554 0.155034 -0.287262 0.15539 -0.32072 0.15563 -0.354544 0.155652 -0.3886 0.15563 -0.422005 0.156065 -0.455461 0.156566 
3.289 0.384714 -0.00864265 0.35259 -0.00833618 0.320619 -0.00820673 0.288525 -0.00836556 0.256543 -0.00828038 0.224875 -0.0076332 0.19332 -0.00697219 
3.549 -0.351486 -0.0969867 -0.380337 -0.0967516 -0.408928 -0.0966478 -0.438039 -0.0967689 -0.467038 -0.0970232 -0.49543 -0.0966843 -0.523938 -0.0962898 
3.486 -0.370662 -0.109314 -0.399957 -0.109163 -0.429033 -0.109073 -0.458616 -0.109268 -0.488109 -0.109493 -0.516837 -0.109175 -0.545602 -0.108734 
4.383 -0.202876 -0.199712 -0.226221 -0.199539 -0.249362 -0.199452 -0.273057 -0.19979 -0.296503 -0.200034 -0.319482 -0.199679 -0.342491 -0.199225 
3.553 -0.190549 0.176948 -0.219925 0.177437 -0.249215 0.177789 -0.278976 0.177936 -0.308776 0.178088 -0.33795 0.178611 -0.367441 0.179156 
3.65 -0.326832 -0.0846596 -0.354957 -0.0844301 -0.382852 -0.084325 -0.411129 -0.0844397 -0.439255 -0.0846867 -0.466939 -0.0843499 -0.494724 -0.0839195 
3.635 0.363484 -0.0401452 0.331288 -0.0398166 0.29934 -0.0395169 0.267024 -0.039701 0.234887 -0.0394564 0.203087 -0.0387101 0.171473 -0.0379362 
3.461 -0.361074 -0.0237091 -0.390521 -0.0234587 -0.419712 -0.0233976 -0.449475 -0.0234769 -0.479174 -0.0237217 -0.508111 -0.0234011 -0.537098 -0.023002 
4.008 -0.262457 -0.195603 -0.288121 -0.195435 -0.313456 -0.195306 -0.339393 -0.195475 -0.365155 -0.19577 -0.390316 -0.195359 -0.415625 -0.194931 
3.301 -0.432982 -0.248336 -0.463759 -0.248139 -0.494143 -0.248027 -0.525118 -0.248081 -0.555691 -0.248295 -0.58537 -0.24776 -0.614942 -0.247025 
3.607 -0.325462 -0.0271333 -0.353848 -0.0268452 -0.381998 -0.0266839 -0.410623 -0.0267281 -0.43912 -0.0268459 -0.467109 -0.0265155 -0.495251 -0.0260552 
4.258 -0.222737 -0.244227 -0.246714 -0.243973 -0.270451 -0.243831 -0.294675 -0.244064 -0.318734 -0.244364 -0.342206 -0.243949 -0.365823 -0.243626 
2.842 -0.306972 0.18996 -0.343474 0.190436 -0.379779 0.19083 -0.416509 0.191014 -0.453489 0.191133 -0.489776 0.191672 -0.526114 0.192234 
3.301 -0.426818 -0.16684 -0.457892 -0.166622 -0.488723 -0.166506 -0.520123 -0.166615 -0.5512 -0.166834 -0.58137 -0.166484 -0.611492 -0.165958 
4.086 -0.252185 -0.23053 -0.277298 -0.230357 -0.302173 -0.230328 -0.327644 -0.230596 -0.35279 -0.230895 -0.377562 -0.230631 -0.402357 -0.230221 
4.469 -0.08166 -0.0257636 -0.105069 -0.025545 -0.128357 -0.025506 -0.15205 -0.0256483 -0.175673 -0.0257559 -0.198992 -0.0253791 -0.222419 -0.0248103 
3.812 -0.303547 -0.223682 -0.330864 -0.223395 -0.357978 -0.223303 -0.385665 -0.223551 -0.413169 -0.223799 -0.440013 -0.223421 -0.466947 -0.222913 
4.02 -0.205616 0.00916313 -0.230017 0.00947286 -0.254286 0.00967299 -0.279101 0.00963065 -0.303858 0.00960026 -0.328096 0.0100343 -0.352473 0.0105296 
4.41 -0.0213943 0.0495686 -0.0444462 0.0497643 -0.0672082 0.0498916 -0.0903712 0.0497358 -0.113526 0.0496812 -0.136312 0.05008 -0.159282 0.0505819 
3.818 0.0792768 -0.0524723 0.0528134 -0.0521519 0.0266617 -0.0519361 0.000173836 -0.052087 -0.0261968 -0.0520848 -0.0522372 -0.0516219 -0.0783493 -0.0511305 
3.236 -0.437091 -0.10452 -0.468582 -0.104318 -0.499845 -0.104278 -0.53161 -0.104401 -0.563114 -0.104735 -0.593787 -0.104381 -0.62431 -0.103956 
4 -0.0789207 0.0228599 -0.103098 0.0231259 -0.127004 0.0233183 -0.151372 0.0231998 -0.175673 0.023171 -0.199629 0.0236366 -0.223774 0.0240568 
3.605 0.329243 -0.0469936 0.294445 -0.0466771 0.259885 -0.0463886 0.225205 -0.0465333 0.190775 -0.0463165 0.156828 -0.0455439 0.1229 -0.0447784 
3.896 -0.263142 -0.0695932 -0.289622 -0.0694393 -0.315726 -0.0693612 -0.342302 -0.0695025 -0.368877 -0.0696924 -0.394806 -0.0693861 -0.42091 -0.068903 
3.916 -0.280263 -0.239433 -0.30654 -0.239298 -0.332536 -0.239248 -0.359098 -0.239582 -0.385428 -0.239933 -0.411226 -0.239641 -0.437102 -0.23924 
3.949 -0.223421 0.013957 -0.250529 0.014262 -0.277141 0.0144401 -0.304002 0.0143931 -0.331003 0.0143477 -0.357791 0.0147769 -0.384652 0.0152512 
3.658 -0.324093 -0.0675387 -0.352005 -0.0673076 -0.379741 -0.0672226 -0.407882 -0.0672962 -0.436038 -0.0675217 -0.463549 -0.0672099 -0.491161 -0.0668063 
3.383 -0.221367 0.165991 -0.251226 0.166471 -0.280933 0.166969 -0.310994 0.167259 -0.341216 0.167691 -0.370793 0.16815 -0.400486 0.168548 
3.355 0.342254 -0.00932749 0.307063 -0.00906988 0.272042 -0.00887886 0.23696 -0.00908798 0.202129 -0.00885691 0.16755 -0.00813579 0.133252 -0.00738182 
3.348 0.36143 -0.00864265 0.329084 -0.00837752 0.297105 -0.00815749 0.264804 -0.00840749 0.232584 -0.00823599 0.20088 -0.00759211 0.169289 -0.00687877 
4.258 -0.21041 -0.0997261 -0.234468 -0.0995444 -0.258285 -0.0994538 -0.282666 -0.0996824 -0.30684 -0.0999029 -0.330533 -0.0994862 -0.354256 -0.0990099 
3.383 -0.396001 -0.0949322 -0.426262 -0.0946841 -0.456202 -0.0946677 -0.486802 -0.0948411 -0.51723 -0.0951091 -0.546948 -0.0946203 -0.576541 -0.0940506 
2.658 -0.381619 0.223517 -0.419765 0.224061 -0.457664 0.224409 -0.49587 0.22468 -0.534312 0.224758 -0.571545 0.225094 -0.608799 0.225308 
2.246 0.0169566 0.174209 -0.020307 0.174738 -0.0572829 0.175104 -0.0947672 0.175145 -0.132357 0.175486 -0.169462 0.176453 -0.206994 0.177053 
3.189 -0.447363 -0.0538419 -0.479704 -0.0535952 -0.511744 -0.0534611 -0.544265 -0.0534908 -0.57645 -0.0536467 -0.607876 -0.0533594 -0.639076 -0.0528657 
3.547 -0.356965 -0.161361 -0.385956 -0.161187 -0.41437 -0.16109 -0.443306 -0.161242 -0.472096 -0.161525 -0.500458 -0.161171 -0.528485 -0.160707 
3.91 -0.261772 -0.0545268 -0.288094 -0.0542751 -0.314171 -0.0541735 -0.340703 -0.0542641 -0.367077 -0.0544009 -0.393005 -0.0540894 -0.419049 -0.0536698 
3.312 -0.422709 -0.21067 -0.453377 -0.210464 -0.483789 -0.210374 -0.514648 -0.210463 -0.545138 -0.210698 -0.574916 -0.210241 -0.604502 -0.209643 
4.434 -0.0385153 0.0447747 -0.060927 0.0449628 -0.0833257 0.0450773 -0.106362 0.0449711 -0.129248 0.0449673 -0.151482 0.0452977 -0.173923 0.0457876 
3.883 0.0375017 -0.136022 0.0117493 -0.135671 -0.0137555 -0.135488 -0.0394897 -0.135708 -0.0651708 -0.135761 -0.0910318 -0.13542 -0.116552 -0.134827 
3.381 -0.389152 -0.0332968 -0.419425 -0.0330563 -0.449477 -0.0329211 -0.480023 -0.0329488 -0.510626 -0.033057 -0.540379 -0.0328058 -0.570175 -0.032367 
2.779 0.651116 -0.172319 0.617355 -0.172452 0.583646 -0.172162 0.549447 -0.172722 0.51551 -0.172333 0.481422 -0.171492 0.447349 -0.170773 
2.98 -0.39874 0.152979 -0.433616 0.153383 -0.468242 0.153681 -0.503333 0.15386 -0.538433 0.153848 -0.572647 0.154197 -0.606795 0.154527 
3.244 -0.444624 -0.215464 -0.476105 -0.215283 -0.507187 -0.215172 -0.538738 -0.215219 -0.569906 -0.215409 -0.600157 -0.214919 -0.630239 -0.21425 
3.938 -0.278208 -0.223682 -0.304336 -0.223492 -0.330211 -0.22342 -0.356652 -0.223635 -0.382811 -0.223915 -0.408494 -0.223559 -0.434259 -0.22319 
3.791 0.108725 -0.015491 0.0818535 -0.0151979 0.055134 -0.0149393 0.0283589 -0.0149274 0.0015948 -0.0148509 -0.0247293 -0.0143396 -0.0512503 -0.0139113 
3.867 -0.278893 -0.146295 -0.305351 -0.14609 -0.331536 -0.146083 -0.358249 -0.14618 -0.384876 -0.146429 -0.41092 -0.146127 -0.437077 -0.145761 
3.998 -0.265881 -0.234639 -0.291531 -0.234448 -0.316961 -0.234423 -0.342935 -0.234736 -0.368742 -0.235075 -0.393907 -0.234761 -0.419262 -0.234373 
3.623 -0.185755 0.102986 -0.21453 0.103435 -0.243147 0.103804 -0.272263 0.103862 -0.301437 0.103933 -0.330208 0.104268 -0.358818 0.104911 
3.168 -0.453527 -0.100411 -0.485989 -0.100185 -0.518129 -0.100116 -0.55067 -0.100156 -0.582794 -0.100347 -0.61423 -0.10003 -0.645402 -0.0995165 
3.695 -0.156307 0.039296 -0.184689 0.0394633 -0.212609 0.0396735 -0.241124 0.0395374 -0.269786 0.0394639 -0.297858 0.0397447 -0.325944 0.0402352 
3.564 -0.174798 0.175579 -0.204246 0.176084 -0.233459 0.176437 -0.263171 0.17662 -0.292986 0.176874 -0.322158 0.17742 -0.351466 0.177958 
3.295 0.401835 -0.00932749 0.369437 -0.00906382 0.337346 -0.00884847 0.304993 -0.00913898 0.272875 -0.00898051 0.241061 -0.00823172 0.209232 -0.00756256 
4.188 -0.235064 -0.236694 -0.259481 -0.236396 -0.283567 -0.236339 -0.308252 -0.23657 -0.332706 -0.236926 -0.356546 -0.236439 -0.380536 -0.236094 
3.656 0.366224 -0.0935625 0.334311 -0.0931905 0.302665 -0.0929013 0.270646 -0.0930649 0.238888 -0.0927828 0.207549 -0.0919472 0.176273 -0.0911015 
4.25 -0.213149 -0.123011 -0.237276 -0.123001 -0.261183 -0.122904 -0.285518 -0.123399 -0.309768 -0.12337 -0.333358 -0.122934 -0.35714 -0.122676 
3.342 -0.402849 -0.0805506 -0.433422 -0.0802542 -0.463779 -0.0801431 -0.494657 -0.0801951 -0.52534 -0.0803893 -0.555227 -0.0801292 -0.585169 -0.0797179 
3.457 -0.375455 -0.0928777 -0.404886 -0.0926639 -0.434125 -0.0927269 -0.46391 -0.0929754 -0.493559 -0.0933217 -0.522555 -0.0929547 -0.551628 -0.0924147 
3.795 0.117628 -0.0380907 0.0906649 -0.0378246 0.0640515 -0.0376536 0.0371491 -0.0376739 0.0103998 -0.0376207 -0.0160224 -0.037053 -0.0425298 -0.0364773 
3.191 -0.444624 -0.0689084 -0.476851 -0.0686451 -0.508739 -0.0685051 -0.541233 -0.0685307 -0.573391 -0.0687409 -0.604626 -0.0684302 -0.635706 -0.0680188 
3.58 -0.159732 0.179688 -0.188874 0.180239 -0.217761 0.180693 -0.247145 0.180949 -0.276657 0.181243 -0.305592 0.181824 -0.334844 0.182316 
4.355 -0.203561 -0.157937 -0.227125 -0.157886 -0.250467 -0.157808 -0.274323 -0.157888 -0.298024 -0.158293 -0.321099 -0.157901 -0.344377 -0.157626 
3.883 -0.272045 -0.0805506 -0.298815 -0.0803738 -0.325076 -0.0803292 -0.352029 -0.0804429 -0.378742 -0.0806498 -0.404955 -0.0803538 -0.431288 -0.0799895 
3.648 0.38403 -0.0463087 0.351745 -0.0459495 0.320007 -0.0455988 0.287909 -0.0458365 0.25604 -0.0455264 0.224357 -0.0449666 0.192809 -0.043993 
2.938 -0.346692 0.132434 -0.380108 0.132921 -0.413319 0.133247 -0.446933 0.133383 -0.480651 0.133465 -0.513736 0.133849 -0.546768 0.134345 
3.689 -0.276154 0.0324476 -0.304853 0.0328292 -0.333349 0.0330204 -0.362194 0.0330906 -0.39108 0.0331205 -0.419437 0.033716 -0.447876 0.034103 
3.74 0.115573 0.0762772 0.0887173 0.0765597 0.0619912 0.0768609 0.0350807 0.0767318 0.00822624 0.0769819 -0.0182133 0.0775438 -0.0448137 0.0780906 
3.801 0.102561 0.0119025 0.0758511 0.0121015 0.0492698 0.012289 0.022419 0.0120644 -0.00409616 0.0121531 -0.0303814 0.0126781 -0.0569468 0.0131728 
3.236 -0.429558 -0.0230242 -0.461124 -0.0227125 -0.492344 -0.0225939 -0.524166 -0.0226029 -0.555833 -0.0227408 -0.586499 -0.0224735 -0.617248 -0.0220243 
2.783 0.636735 -0.06206 0.6008 -0.0619733 0.565299 -0.0616161 0.528493 -0.0619749 0.492225 -0.0617583 0.456142 -0.0609648 0.419997 -0.0601432 
3.199 -0.463115 -0.237378 -0.495048 -0.237149 -0.526462 -0.236968 -0.55828 -0.236975 -0.589701 -0.237104 -0.620208 -0.236521 -0.650316 -0.235684 
3.928 0.0395562 0.0639501 0.0135388 0.0642188 -0.0121892 0.0644241 -0.0381853 0.0643405 -0.0641785 0.0644292 -0.0898628 0.0647643 -0.11561 0.065261 
4.152 -0.213149 -0.0531571 -0.237396 -0.0527863 -0.261437 -0.0529062 -0.285979 -0.0530225 -0.310405 -0.0531314 -0.334359 -0.0526892 -0.358394 -0.0520703 
4.41 -0.0357759 0.0653198 -0.0589022 0.0655904 -0.0817604 0.0657181 -0.105179 0.0656373 -0.128446 0.0656694 -0.151272 0.0660858 -0.174413 0.0666558 
2.877 0.57236 -0.16684 0.538796 -0.166635 0.50561 -0.166516 0.47144 -0.166637 0.438103 -0.166469 0.404866 -0.165676 0.370631 -0.164507 
2.314 0.0416107 0.152979 -3.07291e-05 0.153265 -0.0415044 0.153553 -0.0825814 0.153606 -0.124208 0.153794 -0.160514 0.154609 -0.202524 0.155459 
4.234 -0.224791 -0.197658 -0.248978 -0.197645 -0.272825 -0.197475 -0.297243 -0.19784 -0.32154 -0.198171 -0.345175 -0.197744 -0.368971 -0.197257 
3.633 0.401151 -0.036721 0.368481 -0.0363578 0.336109 -0.0361241 0.303484 -0.036325 0.271098 -0.0361106 0.239027 -0.0354248 0.207074 -0.0345527 
3.158 -0.456266 -0.0771264 -0.4886 -0.0767758 -0.520635 -0.0766549 -0.553072 -0.0765811 -0.585334 -0.0767545 -0.616644 -0.0763621 -0.647852 -0.075911 
3.416 -0.383673 -0.0798658 -0.413722 -0.079598 -0.443467 -0.0794515 -0.473657 -0.0795011 -0.503756 -0.0796646 -0.533284 -0.0793877 -0.562665 -0.0789762 
3.574 -0.127544 0.168045 -0.156842 0.168345 -0.185873 0.168513 -0.214583 0.168596 -0.242955 0.168809 -0.270234 0.169506 -0.297541 0.170359 
4.121 -0.120011 -0.0497329 -0.143683 -0.0494455 -0.167204 -0.0493338 -0.191103 -0.049431 -0.214951 -0.049486 -0.238472 -0.0490903 -0.26216 -0.0486477 
2.871 -0.318614 0.158458 -0.355947 0.158921 -0.393028 0.159306 -0.43067 0.159462 -0.468447 0.159505 -0.505303 0.159907 -0.542483 0.160428 
3.367 -0.414491 -0.306547 -0.444468 -0.306325 -0.474209 -0.306209 -0.50447 -0.306264 -0.534254 -0.306437 -0.563203 -0.305784 -0.592055 -0.305068 
3.793 -0.167265 0.0262841 -0.195367 0.0266238 -0.223258 0.0268315 -0.251666 0.0267736 -0.280125 0.0267398 -0.308077 0.0271455 -0.336074 0.0276406 
3.637 -0.184386 0.0420353 -0.213087 0.0421446 -0.241684 0.0423369 -0.270749 0.0422959 -0.299841 0.042264 -0.328337 0.0428818 -0.357008 0.0433024 
4.359 0.00257499 -0.170949 -0.0228089 -0.170683 -0.0479748 -0.170628 -0.0735212 -0.171088 -0.0990047 -0.171218 -0.124071 -0.17088 -0.14927 -0.170561 
3.805 0.0854404 -0.211355 0.0589049 -0.211009 0.0323418 -0.210789 0.0050263 -0.210772 -0.0216563 -0.210554 -0.0477033 -0.210048 -0.0740691 -0.209397 
3.379 -0.408328 -0.279838 -0.43833 -0.279606 -0.46803 -0.279444 -0.4982 -0.279556 -0.528086 -0.279722 -0.556929 -0.279196 -0.585761 -0.278459 
3.811 0.118997 0.0331324 0.0920136 0.0333428 0.0653414 0.0333969 0.0384897 0.0333376 0.0116223 0.0334363 -0.0148095 0.0337771 -0.0413286 0.0346026 
3.77 -0.315875 0.0276537 -0.342832 0.0278691 -0.369777 0.028 -0.396949 0.0278068 -0.42424 0.0276198 -0.450952 0.0278804 -0.47794 0.0282964 
3.809 0.0854404 -0.0743871 0.058977 -0.0741784 0.0326456 -0.0740109 0.00600185 -0.0741804 -0.0204499 -0.0741407 -0.0464795 -0.0736976 -0.0726154 -0.0731139 
2.805 -0.367922 0.174894 -0.403036 0.175487 -0.438012 0.175864 -0.473335 0.176153 -0.508731 0.176342 -0.543408 0.176697 -0.578024 0.177068 
3.623 -0.242597 0.0427202 -0.271559 0.0429543 -0.300224 0.0431526 -0.329377 0.0431344 -0.358581 0.0430614 -0.387129 0.043468 -0.415939 0.0439576 
3.455 0.327873 -0.0298726 0.29287 -0.0295413 0.258037 -0.0292394 0.223025 -0.0294538 0.188332 -0.0293008 0.153981 -0.0286778 0.119785 -0.0279399 
3.832 0.0943432 0.0536776 0.0673829 0.053971 0.0409404 0.0542239 0.0143084 0.0542571 -0.0123401 0.0542993 -0.0386599 0.0547861 -0.0649013 0.0553141 
3.434 -0.396001 -0.242172 -0.426006 -0.242138 -0.45521 -0.242032 -0.484795 -0.242089 -0.513816 -0.242187 -0.543298 -0.241963 -0.57178 -0.241282 
3.334 -0.410382 -0.112738 -0.441032 -0.112561 -0.47143 -0.112444 -0.502403 -0.112529 -0.533279 -0.112741 -0.56319 -0.112314 -0.593119 -0.111787 
3.102 -0.240542 0.125586 -0.273579 0.125926 -0.306247 0.12607 -0.339243 0.126114 -0.372261 0.126128 -0.404757 0.126464 -0.437404 0.126966 
3.559 -0.148089 0.165991 -0.175604 0.166582 -0.203049 0.167068 -0.230696 0.167305 -0.258886 0.167552 -0.286268 0.168192 -0.313874 0.169009 
2.918 -0.286427 0.160512 -0.320571 0.160743 -0.354809 0.160992 -0.389479 0.160961 -0.424477 0.16095 -0.458583 0.161378 -0.493667 0.16205 
3.809 -0.305602 -0.251075 -0.332831 -0.250669 -0.359938 -0.250637 -0.387538 -0.250603 -0.414951 -0.250633 -0.441712 -0.250328 -0.468589 -0.249547 
4.34 -0.201507 -0.137392 -0.225092 -0.13729 -0.248432 -0.137263 -0.272326 -0.137726 -0.295967 -0.137648 -0.319126 -0.137415 -0.342348 -0.136911 
