4.09 -0.181646 -0.032612 -0.206 -0.0324064 -0.230146 -0.0323345 -0.254751 -0.0325489 -0.27931 -0.0326953 -0.30327 -0.0324037 -0.327433 -0.0318973 
4.102 -0.115902 -0.0196001 -0.139419 -0.0194365 -0.162751 -0.0192345 -0.186524 -0.0194279 -0.210308 -0.0194408 -0.233736 -0.0190624 -0.257525 -0.0185407 
2.891 -0.35765 0.141337 -0.391925 0.141689 -0.425921 0.141981 -0.460293 0.14212 -0.494788 0.142152 -0.528583 0.142457 -0.562317 0.14294 
3.086 -0.247391 0.183112 -0.279492 0.183466 -0.311315 0.183719 -0.343449 0.183799 -0.375335 0.183847 -0.406632 0.184055 -0.438041 0.184674 
4.047 -0.156307 -0.0175455 -0.178343 -0.0172501 -0.200294 -0.0171387 -0.222587 -0.0172246 -0.244879 -0.0172912 -0.266808 -0.0170298 -0.288837 -0.0164512 
4.027 -0.178222 0.000260238 -0.202846 0.000161843 -0.227297 6.71261e-05 -0.251538 -0.000144378 -0.276128 -0.000203733 -0.300522 0.000146628 -0.325285 0.000615364 
3.572 -0.340529 -0.0353513 -0.369247 -0.0351565 -0.397763 -0.0350378 -0.426761 -0.0351278 -0.455695 -0.0353045 -0.484008 -0.0350389 -0.51252 -0.0345566 
2.941 0.489495 0.0571018 0.454174 0.0572436 0.419152 0.0573643 0.383923 0.05695 0.348809 0.0570253 0.314004 0.0575222 0.279169 0.0581049 
4.062 -0.182331 -0.015491 -0.206604 -0.0152297 -0.230677 -0.0151262 -0.255322 -0.0152323 -0.279924 -0.0153217 -0.30397 -0.0150307 -0.328251 -0.0144534 
3.479 -0.202191 0.18996 -0.232667 0.190378 -0.262989 0.190731 -0.293597 0.190815 -0.324172 0.190892 -0.354084 0.191262 -0.38427 0.191966 
3.73 -0.143295 0.072853 -0.170374 0.0731871 -0.197028 0.0734111 -0.22419 0.0733788 -0.25146 0.0734541 -0.278306 0.0738284 -0.305254 0.0744457 
3.635 -0.0570059 0.0975072 -0.0797879 0.097737 -0.102233 0.0979226 -0.125075 0.0978424 -0.147929 0.0978912 -0.170414 0.098379 -0.192974 0.0989953 
3.912 -0.0843994 0.068744 -0.108788 0.0689487 -0.13303 0.0691627 -0.157643 0.0690231 -0.182253 0.0690152 -0.206596 0.0694194 -0.230909 0.0699737 
3.348 0.421696 -0.00521846 0.39268 -0.00495918 0.363938 -0.00476682 0.335012 -0.00503371 0.306278 -0.00485414 0.277669 -0.00419342 0.249053 -0.00352154 
4.117 -0.110423 -0.0339816 -0.134122 -0.0336243 -0.157742 -0.0333871 -0.181602 -0.0336564 -0.205718 -0.0337261 -0.229289 -0.0333096 -0.253074 -0.032906 
3.117 -0.239858 0.202287 -0.271014 0.202764 -0.301891 0.203145 -0.333166 0.203295 -0.364581 0.203414 -0.395388 0.203838 -0.426299 0.204446 
3.281 -0.4186 -0.0531571 -0.449913 -0.0528699 -0.481056 -0.0527183 -0.51268 -0.0527702 -0.544169 -0.0529814 -0.574728 -0.0526607 -0.605394 -0.052182 
2.84 -0.380934 0.157773 -0.415917 0.158201 -0.450649 0.15844 -0.485828 0.158595 -0.521116 0.158549 -0.555486 0.158824 -0.589898 0.159263 
4.082 -0.133023 -0.0216546 -0.15532 -0.0215144 -0.177465 -0.0214227 -0.199891 -0.0214988 -0.222227 -0.0215267 -0.244381 -0.0212469 -0.266611 -0.0206225 
4.176 -0.12412 -0.0798658 -0.148211 -0.0796434 -0.172205 -0.0795547 -0.196578 -0.0798103 -0.221055 -0.0800269 -0.244946 -0.0796789 -0.269071 -0.0792583 
4.172 -0.139186 -0.0798658 -0.163526 -0.0796834 -0.187578 -0.0796122 -0.212146 -0.0798417 -0.236626 -0.0800454 -0.260701 -0.0797582 -0.284827 -0.0793088 
3.686 -0.309711 -0.036721 -0.337426 -0.0364891 -0.364922 -0.0363627 -0.392901 -0.0364777 -0.420856 -0.0366941 -0.448143 -0.0364072 -0.475594 -0.0358996 
4.223 -0.191234 -0.0784961 -0.215915 -0.0783746 -0.240391 -0.0783162 -0.265308 -0.0785126 -0.289759 -0.0786668 -0.313805 -0.0784226 -0.338195 -0.0779221 
4.219 -0.176852 -0.0805506 -0.200178 -0.0803832 -0.22329 -0.0803457 -0.246839 -0.0806133 -0.270403 -0.0808578 -0.293373 -0.0805448 -0.302238 -0.0797469 
3.568 -0.269306 0.047514 -0.298253 0.0478942 -0.326978 0.0480228 -0.356072 0.047977 -0.385273 0.0479293 -0.413792 0.0482975 -0.442417 0.0489466 
4.434 -0.0556362 0.0269689 -0.078695 0.0271931 -0.101673 0.0273267 -0.124934 0.0272069 -0.148215 0.0271918 -0.171017 0.0275939 -0.19409 0.0281591 
3.971 -0.0707026 0.0406657 -0.095062 0.0408685 -0.11888 0.040999 -0.143368 0.0409789 -0.167639 0.04096 -0.191818 0.0413238 -0.216099 0.0420126 
3.484 -0.364498 -0.0442542 -0.39391 -0.0439299 -0.423086 -0.0437955 -0.452776 -0.0438584 -0.482438 -0.0439963 -0.511325 -0.0437563 -0.540368 -0.0433531 
3.225 -0.433667 -0.0531571 -0.465247 -0.0528319 -0.496621 -0.0526716 -0.528522 -0.0526987 -0.560159 -0.0528866 -0.591029 -0.0525844 -0.621804 -0.0521477 
3.951 -0.115217 0.0173812 -0.14026 0.0176981 -0.165134 0.0179322 -0.190615 0.0178946 -0.215933 0.0179149 -0.240967 0.0183829 -0.266185 0.0188959 
3.014 -0.254239 0.1701 -0.287017 0.170475 -0.319973 0.170702 -0.35342 0.170753 -0.38709 0.170789 -0.420196 0.171105 -0.453477 0.171697 
4.008 -0.0583756 0.0735379 -0.0811111 0.0737274 -0.103584 0.0738241 -0.126517 0.0736668 -0.149378 0.0736129 -0.171925 0.0739391 -0.195435 0.0745677 
2.949 0.484701 -0.0134365 0.44968 -0.0131866 0.415308 -0.0130416 0.380515 -0.0132943 0.34585 -0.0131023 0.311707 -0.0125551 0.277548 -0.0118413 
4.035 -0.153568 0.000260238 -0.177343 0.000495108 -0.201056 0.000555633 -0.22461 0.000393034 -0.248258 0.000290417 -0.271595 0.000610474 -0.295196 0.00122279 
2.932 -0.374771 0.135858 -0.408639 0.136302 -0.44238 0.136693 -0.476494 0.136864 -0.510736 0.136905 -0.544189 0.137261 -0.577712 0.137792 
3.213 -0.259033 0.100931 -0.292107 0.101399 -0.324968 0.101739 -0.358223 0.101847 -0.391559 0.101897 -0.424346 0.102311 -0.457214 0.10293 
3.268 -0.432982 -0.185331 -0.464106 -0.185113 -0.49496 -0.184981 -0.526349 -0.185086 -0.55737 -0.185337 -0.587449 -0.184932 -0.617516 -0.184332 
3.648 -0.33505 -0.192864 -0.36279 -0.192678 -0.390424 -0.19261 -0.4185 -0.192783 -0.446271 -0.193062 -0.473678 -0.192784 -0.501171 -0.192363 
3.426 0.450459 -0.0285029 0.416637 -0.0278793 0.382913 -0.0275163 0.348898 -0.0277239 0.315194 -0.0274216 0.281589 -0.0268423 0.248142 -0.0259767 
3.432 -0.213149 0.179688 -0.243094 0.180047 -0.272905 0.180204 -0.302907 0.180228 -0.332969 0.180278 -0.362514 0.180592 -0.392261 0.181225 
3.377 -0.406273 -0.177113 -0.436445 -0.176902 -0.466313 -0.176762 -0.496832 -0.176907 -0.527096 -0.177176 -0.556447 -0.176806 -0.585925 -0.176231 
3.783 -0.307656 -0.183276 -0.335003 -0.183198 -0.362148 -0.183216 -0.389863 -0.183503 -0.417418 -0.183912 -0.444281 -0.183685 -0.471337 -0.183336 
3.461 0.386084 -0.032612 0.353075 -0.0323693 0.320508 -0.0321476 0.287731 -0.0323466 0.255103 -0.0321271 0.222733 -0.031409 0.190322 -0.0306783 
3.74 -0.29396 0.0146418 -0.32143 0.0149395 -0.348644 0.0150785 -0.37627 0.0150692 -0.403943 0.0150014 -0.430931 0.0152529 -0.458271 0.0158245 
3.49 -0.371346 -0.170264 -0.400459 -0.17006 -0.429297 -0.169979 -0.458739 -0.170134 -0.488044 -0.170454 -0.516609 -0.170108 -0.545213 -0.16964 
3.475 -0.367922 -0.0764416 -0.397291 -0.0761811 -0.426404 -0.0760141 -0.456052 -0.0760466 -0.485633 -0.0762107 -0.514425 -0.0759628 -0.54336 -0.075468 
2.867 -0.347377 0.152294 -0.3816 0.15275 -0.415675 0.153068 -0.450166 0.15318 -0.484865 0.153183 -0.518893 0.15345 -0.553094 0.153875 
3.971 -0.156992 0.0146418 -0.182569 0.0149289 -0.208007 0.0151559 -0.23382 0.0150933 -0.259565 0.015038 -0.284769 0.0154268 -0.310097 0.0158833 
3.461 -0.37614 -0.133968 -0.40533 -0.133566 -0.434339 -0.133311 -0.464104 -0.133344 -0.493632 -0.133571 -0.52234 -0.133265 -0.551216 -0.132726 
3.658 0.371703 -0.0757567 0.339101 -0.0753657 0.30686 -0.0750742 0.274454 -0.0752062 0.24217 -0.0749111 0.210382 -0.0741273 0.178608 -0.0732202 
3.389 -0.406273 -0.211355 -0.436356 -0.211131 -0.466172 -0.211047 -0.496479 -0.21116 -0.526535 -0.211419 -0.555762 -0.211032 -0.58498 -0.210449 
3.16 -0.45969 -0.12438 -0.49195 -0.124139 -0.523868 -0.123972 -0.556281 -0.12401 -0.588394 -0.124219 -0.61951 -0.123841 -0.650561 -0.123233 
3.344 0.332667 -0.0887687 0.297954 -0.0882672 0.26355 -0.0879419 0.228816 -0.0880042 0.194437 -0.0877259 0.160395 -0.086847 0.126408 -0.0858911 
3.568 -0.360389 -0.201082 -0.389106 -0.200943 -0.417597 -0.200893 -0.446349 -0.201057 -0.47496 -0.201353 -0.503161 -0.201065 -0.531356 -0.2006 
3.457 -0.383673 -0.178482 -0.413183 -0.178285 -0.442262 -0.178179 -0.472147 -0.178337 -0.50179 -0.178634 -0.530623 -0.178305 -0.559505 -0.17784 
3.721 -0.321353 -0.198343 -0.348709 -0.198165 -0.375763 -0.198069 -0.403246 -0.198218 -0.430615 -0.198488 -0.45738 -0.198187 -0.48457 -0.197782 
4.047 -0.139186 0.00573894 -0.164514 0.00598142 -0.189504 0.00608683 -0.214923 0.00587696 -0.240265 0.00576444 -0.265116 0.00607095 -0.290116 0.00659114 
3.322 -0.419285 -0.187385 -0.449824 -0.187177 -0.480196 -0.187022 -0.511184 -0.187153 -0.541803 -0.187399 -0.571568 -0.187068 -0.601276 -0.186451 
3.611 -0.345323 -0.203821 -0.373573 -0.203679 -0.401563 -0.203636 -0.429919 -0.203813 -0.458027 -0.204089 -0.485632 -0.203805 -0.513462 -0.203402 
2.961 -0.269306 0.152294 -0.303295 0.152752 -0.337057 0.153 -0.371228 0.153109 -0.405565 0.153133 -0.439278 0.153528 -0.473156 0.154158 
4.184 -0.110423 -0.0757567 -0.134194 -0.0755281 -0.157939 -0.0754323 -0.182229 -0.0757444 -0.206589 -0.0759649 -0.230351 -0.0755543 -0.254414 -0.0751366 
3.137 0.299795 -0.0784961 0.268029 -0.0781497 0.236465 -0.0777646 0.204607 -0.0778912 0.173247 -0.0775919 0.141643 -0.0768616 0.108465 -0.07594 
2.703 -0.332311 0.225572 -0.370788 0.225998 -0.408944 0.226403 -0.447512 0.226603 -0.486345 0.226631 -0.524259 0.226925 -0.562152 0.227415 
3.785 -0.277524 0.0187509 -0.305854 0.0189835 -0.333897 0.0191064 -0.3624 0.0190568 -0.390922 0.0189641 -0.418923 0.0192596 -0.447033 0.0198 
3.684 -0.157677 0.0742227 -0.185414 0.074543 -0.212947 0.0747612 -0.240692 0.0748009 -0.268571 0.0748421 -0.295883 0.0752291 -0.323444 0.0758294 
3.447 -0.389837 -0.212724 -0.419437 -0.212532 -0.448715 -0.212452 -0.478508 -0.212578 -0.508052 -0.212853 -0.536932 -0.212521 -0.565728 -0.211988 
3.609 -0.343953 -0.14561 -0.372336 -0.145424 -0.400258 -0.145304 -0.4289 -0.145468 -0.457327 -0.145746 -0.485089 -0.145452 -0.513084 -0.145023 
3.908 -0.239858 0.0146418 -0.268061 0.0149627 -0.296195 0.0151603 -0.324669 0.0151384 -0.353257 0.0150948 -0.381133 0.0154488 -0.409094 0.0159462 
4.121 -0.100151 0.0160115 -0.123304 0.0162777 -0.146231 0.016563 -0.169614 0.0165219 -0.192972 0.0165707 -0.215953 0.0171016 -0.239058 0.0176423 
4.453 -0.199452 -0.264772 -0.222423 -0.264583 -0.245141 -0.26453 -0.268491 -0.26489 -0.291555 -0.265159 -0.314166 -0.264995 -0.336837 -0.264511 
2.941 -0.394631 0.149555 -0.429526 0.15006 -0.464178 0.150434 -0.499272 0.150615 -0.534467 0.150627 -0.568709 0.150947 -0.602965 0.151428 
3.322 0.360745 0.0105328 0.328494 0.010654 0.296429 0.0108071 0.264062 0.0105745 0.231824 0.010672 0.200038 0.011069 0.168367 0.0116251 
3.65 0.375812 -0.103835 0.343347 -0.103435 0.311253 -0.103129 0.278852 -0.103262 0.246704 -0.102999 0.214827 -0.102183 0.183091 -0.101284 
3.297 0.387454 0.0112176 0.355274 0.0112793 0.32331 0.0113042 0.291168 0.0109634 0.259162 0.0109857 0.227473 0.0113958 0.195904 0.0118258 
3.172 -0.461745 -0.151089 -0.493996 -0.15085 -0.525776 -0.150667 -0.558054 -0.150668 -0.590002 -0.150837 -0.621009 -0.150395 -0.651992 -0.149815 
3.287 0.342939 0.0105328 0.307749 0.0106728 0.272889 0.0109222 0.237879 0.0109935 0.20295 0.011338 0.168408 0.0118628 0.133955 0.0122146 
4.051 -0.230955 -0.0305575 -0.256078 -0.0302972 -0.280973 -0.0302158 -0.306327 -0.0302849 -0.331653 -0.0304395 -0.356391 -0.0301535 -0.38133 -0.029724 
4.523 -0.189864 -0.216833 -0.212785 -0.216672 -0.235457 -0.216585 -0.258679 -0.216849 -0.281653 -0.217138 -0.304095 -0.216785 -0.326692 -0.216367 
4.387 -0.204246 -0.209985 -0.227604 -0.209839 -0.250721 -0.209758 -0.274399 -0.21008 -0.297838 -0.210386 -0.320805 -0.21013 -0.343821 -0.209617 
3.664 -0.326832 -0.110683 -0.354743 -0.110475 -0.382594 -0.110361 -0.410838 -0.110495 -0.438936 -0.11072 -0.466357 -0.110423 -0.494035 -0.109961 
3.479 -0.213834 0.155718 -0.243588 0.156068 -0.273145 0.156345 -0.303016 0.156383 -0.332962 0.156423 -0.362403 0.156751 -0.392031 0.157407 
3.691 0.258704 -0.106574 0.230501 -0.106073 0.202552 -0.105741 0.174454 -0.105782 0.146624 -0.105598 0.11908 -0.10485 0.0921459 -0.104163 
3.385 0.339515 0.0612108 0.304137 0.0612747 0.269094 0.0613681 0.233864 0.0611228 0.198807 0.0612154 0.164044 0.0615599 0.129509 0.0623127 
4.074 -0.246021 -0.161361 -0.271303 -0.161197 -0.296318 -0.161151 -0.321826 -0.161354 -0.347159 -0.161601 -0.371999 -0.161321 -0.396943 -0.160925 
3.676 -0.329571 -0.140816 -0.357461 -0.1406 -0.385168 -0.140492 -0.413307 -0.140636 -0.441407 -0.140903 -0.468738 -0.140586 -0.496333 -0.140149 
4.082 -0.119326 0.000945076 -0.143851 0.00113108 -0.168364 0.00117451 -0.193206 0.00096514 -0.218064 0.000835186 -0.242385 0.00110529 -0.266863 0.00144115 
4.109 -0.00495822 0.0755924 -0.0365893 0.0759624 -0.0682553 0.0761945 -0.100646 0.076065 -0.132663 0.0762806 -0.164472 0.0768229 -0.190522 0.077528 
4.25 -0.152883 -0.0826051 -0.177053 -0.0824359 -0.201292 -0.0823674 -0.225955 -0.0825942 -0.250473 -0.0827786 -0.274528 -0.0824898 -0.298804 -0.0820837 
3.373 -0.402164 -0.162046 -0.432431 -0.161825 -0.462376 -0.161722 -0.492827 -0.161818 -0.523013 -0.16207 -0.552394 -0.161751 -0.581738 -0.161208 
3.287 -0.42134 -0.0819203 -0.452609 -0.0816146 -0.483708 -0.0815958 -0.515322 -0.0816777 -0.546733 -0.0819514 -0.577183 -0.0817351 -0.607757 -0.0812539 
3.588 0.346364 -0.0428845 0.311502 -0.0422902 0.27682 -0.0419517 0.242046 -0.042069 0.207294 -0.0418046 0.173033 -0.0409005 0.138884 -0.0398281 
3.254 -0.437091 -0.144925 -0.468345 -0.144663 -0.499378 -0.144533 -0.530883 -0.144565 -0.562154 -0.14474 -0.592469 -0.144313 -0.622789 -0.143715 
3.25 -0.212464 0.205027 -0.242872 0.205374 -0.273185 0.205614 -0.303932 0.20571 -0.334942 0.205834 -0.365273 0.206127 -0.395715 0.20659 
4.363 -0.206985 -0.246966 -0.230334 -0.246745 -0.253536 -0.246728 -0.277201 -0.247044 -0.300655 -0.247258 -0.32354 -0.247014 -0.346565 -0.246518 
2.867 0.575784 -0.143556 0.541596 -0.14314 0.507764 -0.142826 0.473565 -0.14297 0.439574 -0.142526 0.405631 -0.141564 0.371675 -0.140479 
3.277 -0.424079 -0.116162 -0.455311 -0.11602 -0.486367 -0.115945 -0.517891 -0.116 -0.54915 -0.116109 -0.579527 -0.115776 -0.609935 -0.115075 
4.418 -0.200137 -0.183276 -0.223339 -0.183114 -0.246412 -0.183066 -0.269924 -0.183286 -0.293349 -0.183581 -0.316306 -0.183287 -0.339428 -0.182894 
3.779 -0.111793 0.172154 -0.140385 0.172485 -0.168959 0.172721 -0.197775 0.172732 -0.226859 0.172828 -0.25532 0.173279 -0.283735 0.173986 
3.943 0.0149021 -0.0949322 -0.010735 -0.0947156 -0.0361638 -0.0945457 -0.0620495 -0.0946753 -0.0877128 -0.0947897 -0.112926 -0.0944765 -0.138317 -0.0938735 
3.625 -0.326832 -0.04083 -0.355221 -0.0405797 -0.38333 -0.0404351 -0.411963 -0.0405105 -0.440524 -0.0406828 -0.468487 -0.0404059 -0.496718 -0.0399124 
3.908 -0.273415 -0.16547 -0.299671 -0.165298 -0.325715 -0.165167 -0.352236 -0.165338 -0.378613 -0.165594 -0.404403 -0.165242 -0.430373 -0.164861 
4.098 -0.25013 -0.245596 -0.27512 -0.245384 -0.299887 -0.245333 -0.325232 -0.245652 -0.350303 -0.245917 -0.374865 -0.245612 -0.399536 -0.245197 
3.561 -0.187125 0.159827 -0.216642 0.160197 -0.245791 0.160459 -0.275306 0.160519 -0.30497 0.160573 -0.33419 0.160952 -0.363516 0.161586 
4.359 -0.206985 -0.233269 -0.230352 -0.233138 -0.253538 -0.23306 -0.277211 -0.233322 -0.300649 -0.233564 -0.323617 -0.233236 -0.346671 -0.232854 
3.232 -0.426133 0.0119025 -0.464913 0.0122724 -0.503194 0.0125494 -0.542039 0.0126684 -0.580654 0.0125575 -0.618037 0.0128819 -0.655575 0.0132524 
4.023 -0.165895 -0.00727298 -0.188479 -0.00694088 -0.21088 -0.00677891 -0.233816 -0.00686857 -0.256717 -0.00692863 -0.279065 -0.00663838 -0.301534 -0.00609395 
2.84 -0.365868 0.157773 -0.400549 0.158239 -0.434946 0.158581 -0.469764 0.158758 -0.50471 0.158765 -0.538932 0.159096 -0.573072 0.159616 
3.105 0.310752 -0.0689084 0.27878 -0.06849 0.246436 -0.0682005 0.212469 -0.0684949 0.178265 -0.0682109 0.144368 -0.0674031 0.110851 -0.0665329 
4.086 -0.0843994 0.0208054 -0.108613 0.0210391 -0.132499 0.0212127 -0.156789 0.0210911 -0.18108 0.0210476 -0.204361 0.0215523 -0.227682 0.0222105 
3.131 0.312806 -0.0497329 0.280287 -0.0494636 0.248193 -0.0492515 0.214326 -0.0494162 0.179982 -0.0491945 0.146243 -0.0485602 0.112588 -0.0477735 
3.543 -0.359704 -0.138762 -0.388437 -0.138504 -0.416947 -0.138409 -0.446009 -0.138568 -0.474922 -0.138867 -0.503201 -0.138539 -0.53145 -0.138082 
3.389 -0.396685 -0.14835 -0.426887 -0.14813 -0.456701 -0.147972 -0.487075 -0.148084 -0.517214 -0.148273 -0.546598 -0.148032 -0.576013 -0.147522 
3.199 -0.222737 0.1927 -0.253496 0.193198 -0.284074 0.193562 -0.314987 0.193789 -0.345998 0.194073 -0.376531 0.194541 -0.407361 0.195043 
3.6 -0.341214 -0.114108 -0.369567 -0.113866 -0.397586 -0.113748 -0.426289 -0.11388 -0.454846 -0.114139 -0.482591 -0.11384 -0.510785 -0.113385 
3.854 -0.260403 0.0160115 -0.288594 0.0163543 -0.316298 0.0165182 -0.344727 0.0164813 -0.372858 0.0164363 -0.400607 0.0166918 -0.428516 0.0172117 
4.285 -0.217258 -0.216148 -0.241142 -0.216041 -0.264886 -0.215963 -0.28908 -0.216239 -0.31308 -0.216329 -0.336555 -0.216042 -0.360154 -0.215623 
2.801 -0.407643 0.186536 -0.443532 0.186983 -0.479189 0.18723 -0.515255 0.187333 -0.551312 0.187207 -0.586413 0.187382 -0.621376 0.187766 
3.596 -0.337105 -0.0531571 -0.365763 -0.0528946 -0.394223 -0.0527639 -0.423139 -0.0528186 -0.451975 -0.0530613 -0.480251 -0.0527269 -0.508674 -0.0523074 
2.768 0.633311 -0.0250788 0.596972 -0.0247352 0.560769 -0.0246144 0.52411 -0.0248905 0.487594 -0.0245789 0.451069 -0.0239043 0.414659 -0.0230288 
3.289 0.384714 -0.00864265 0.352601 -0.00843194 0.320625 -0.00822922 0.288537 -0.00843654 0.256531 -0.0082752 0.224862 -0.00763358 0.193277 -0.0069948 
3.703 -0.324093 -0.154513 -0.351734 -0.154294 -0.379169 -0.154212 -0.407102 -0.154347 -0.434995 -0.154641 -0.462101 -0.154303 -0.489462 -0.153919 
3.297 -0.415176 -0.0250788 -0.44653 -0.0248319 -0.477727 -0.0247209 -0.509367 -0.0247884 -0.54094 -0.0250016 -0.571615 -0.0247357 -0.602389 -0.0242926 
3.26 0.460731 0.0112176 0.426439 0.0112431 0.392424 0.0112382 0.358203 0.0108378 0.324185 0.0110232 0.290429 0.0116672 0.256593 0.0122714 
3.471 -0.371346 -0.109314 -0.400607 -0.109045 -0.429691 -0.108951 -0.459278 -0.109147 -0.48878 -0.109458 -0.517475 -0.109155 -0.54628 -0.108678 
3.711 -0.318614 -0.123695 -0.346263 -0.123483 -0.373641 -0.123398 -0.401532 -0.123538 -0.429308 -0.123813 -0.456326 -0.123498 -0.483835 -0.123108 
3.551 -0.351486 -0.0969867 -0.380344 -0.0967568 -0.408946 -0.0966502 -0.438067 -0.0967684 -0.467 -0.0970157 -0.495398 -0.0967318 -0.524 -0.096293 
3.99 -0.263827 -0.214094 -0.289501 -0.213926 -0.315007 -0.21387 -0.340962 -0.214149 -0.366757 -0.214458 -0.39195 -0.214168 -0.417402 -0.213743 
3.627 0.363484 -0.0401452 0.331284 -0.0398171 0.299248 -0.0395351 0.26696 -0.0397177 0.234832 -0.0394771 0.203036 -0.0387833 0.171387 -0.0379486 
3.783 0.13064 0.0762772 0.104124 0.0766094 0.077905 0.0768335 0.0514985 0.0766369 0.0250486 0.0767112 -0.00096306 0.0771359 -0.0269669 0.0777063 
3.617 -0.111793 0.193384 -0.140497 0.193849 -0.16901 0.194135 -0.197927 0.194214 -0.227091 0.194406 -0.255621 0.194872 -0.284199 0.195533 
3.555 -0.189864 0.176948 -0.219329 0.177423 -0.248614 0.17779 -0.278293 0.17793 -0.308091 0.17808 -0.337372 0.178536 -0.366826 0.17916 
4.137 -0.131653 -0.0606903 -0.155521 -0.0604862 -0.179213 -0.0603815 -0.203193 -0.0605194 -0.2272 -0.0606782 -0.250911 -0.0603944 -0.274726 -0.0599366 
3.633 -0.319984 -0.0271333 -0.347991 -0.0268317 -0.375786 -0.0266857 -0.404068 -0.0267544 -0.432351 -0.0268916 -0.459879 -0.0266344 -0.487649 -0.0261136 
3.648 0.381975 -0.131913 0.349941 -0.131332 0.318179 -0.130954 0.286219 -0.131084 0.254587 -0.13085 0.222981 -0.129957 0.191472 -0.128779 
3.322 -0.41997 -0.173004 -0.450678 -0.172788 -0.481031 -0.172653 -0.511907 -0.17274 -0.542657 -0.172989 -0.572358 -0.172661 -0.60227 -0.172117 
3.654 -0.326832 -0.0846596 -0.354993 -0.0844369 -0.382962 -0.084337 -0.411238 -0.0844606 -0.439418 -0.0846837 -0.466994 -0.0843887 -0.494849 -0.0839282 
2.65 -0.396001 0.224887 -0.433903 0.225353 -0.471716 0.225724 -0.50976 0.225933 -0.547925 0.225971 -0.585138 0.226147 -0.622142 0.226425 
3.383 -0.411067 0.0208054 -0.449672 0.0211566 -0.487787 0.0214206 -0.526674 0.0214734 -0.565404 0.0213383 -0.603052 0.0216952 -0.640607 0.0220029 
4.262 -0.222737 -0.244227 -0.246709 -0.243991 -0.270429 -0.243804 -0.294668 -0.24407 -0.318721 -0.244428 -0.342195 -0.244027 -0.365848 -0.24367 
3.262 -0.432982 -0.162046 -0.464134 -0.161699 -0.495046 -0.161457 -0.526498 -0.161489 -0.557651 -0.161626 -0.587883 -0.16118 -0.618107 -0.160532 
2.996 0.466895 -0.0264484 0.438927 -0.0260106 0.407298 -0.0256853 0.373598 -0.0259149 0.339819 -0.0256039 0.306423 -0.0249073 0.272984 -0.0240888 
4.414 -0.0528969 0.0509382 -0.075601 0.0511959 -0.0982267 0.0514063 -0.121171 0.0513349 -0.144096 0.0513569 -0.166568 0.051742 -0.189216 0.0522996 
3.463 -0.364498 -0.0216546 -0.393977 -0.0213877 -0.42318 -0.0212763 -0.452939 -0.0213563 -0.482654 -0.0215598 -0.511626 -0.0212587 -0.54068 -0.020806 
3.668 -0.31519 -0.0497329 -0.342904 -0.0494767 -0.370341 -0.0493273 -0.398287 -0.049366 -0.426188 -0.0494981 -0.453454 -0.0492345 -0.480904 -0.0487044 
3.818 0.0806465 -0.0511026 0.0540957 -0.050799 0.0279315 -0.0505737 0.00150827 -0.0507563 -0.0248924 -0.050737 -0.051004 -0.0503812 -0.0770706 -0.049726 
3.012 -0.253554 0.155034 -0.28727 0.155386 -0.320738 0.155622 -0.354553 0.155653 -0.38861 0.155633 -0.421986 0.156007 -0.455505 0.156557 
4.473 -0.0809752 -0.0257636 -0.104378 -0.0255382 -0.127672 -0.0254931 -0.151327 -0.0256333 -0.174934 -0.0257123 -0.198283 -0.0254076 -0.221675 -0.0247694 
3.918 -0.280263 -0.239433 -0.306535 -0.239282 -0.332537 -0.239239 -0.359088 -0.239579 -0.385415 -0.239887 -0.411181 -0.239642 -0.437129 -0.239241 
3.51 0.329243 -0.0490481 0.294498 -0.0486951 0.259998 -0.0484116 0.225402 -0.048535 0.191044 -0.0482924 0.157126 -0.0475672 0.123241 -0.0467291 
3.189 -0.447363 -0.0538419 -0.479728 -0.0536032 -0.511759 -0.0534689 -0.544244 -0.0534891 -0.576504 -0.0536633 -0.607843 -0.0534133 -0.639093 -0.0528637 
3.662 -0.324093 -0.0668539 -0.351976 -0.0666079 -0.379719 -0.0665171 -0.407871 -0.0666298 -0.436022 -0.0668624 -0.463478 -0.066582 -0.491087 -0.0660789 
4.266 -0.214519 -0.142186 -0.238568 -0.141802 -0.262416 -0.14153 -0.286745 -0.141915 -0.310927 -0.142107 -0.334532 -0.141737 -0.358255 -0.141101 
4.012 -0.262457 -0.196288 -0.288103 -0.196086 -0.31344 -0.195966 -0.339383 -0.19619 -0.365149 -0.19644 -0.390323 -0.196104 -0.415647 -0.195667 
4.027 -0.205616 0.00916313 -0.229998 0.00947299 -0.254269 0.00967266 -0.279052 0.00962831 -0.303811 0.00959696 -0.328027 0.00998294 -0.352438 0.0105246 
3.887 0.0375017 -0.136022 0.0116553 -0.135754 -0.0134647 -0.135628 -0.0394665 -0.135696 -0.0652833 -0.135758 -0.0909588 -0.13536 -0.11666 -0.134796 
4.09 -0.252185 -0.23053 -0.277262 -0.23036 -0.302185 -0.230316 -0.327642 -0.2306 -0.352759 -0.230876 -0.377476 -0.230626 -0.40235 -0.230196 
3.652 0.364854 -0.0627448 0.333221 -0.0621921 0.301439 -0.0618222 0.269502 -0.0619694 0.237563 -0.0617289 0.206242 -0.060917 0.174987 -0.0600955 
4.348 -0.198767 -0.109999 -0.22235 -0.109706 -0.245661 -0.109658 -0.26953 -0.109818 -0.293161 -0.109907 -0.316412 -0.109772 -0.339757 -0.109307 
4.262 -0.21041 -0.0997261 -0.234452 -0.0995456 -0.258311 -0.099454 -0.282639 -0.0996998 -0.306799 -0.0998715 -0.330455 -0.0995339 -0.354239 -0.0990002 
3.814 -0.303547 -0.223682 -0.330856 -0.223425 -0.357976 -0.223276 -0.385652 -0.223464 -0.413184 -0.223831 -0.44 -0.223504 -0.466967 -0.222911 
4.074 -0.168634 -0.0243939 -0.192571 -0.0240251 -0.216229 -0.0239576 -0.240066 -0.0240948 -0.263873 -0.0242472 -0.265449 -0.0236033 -0.287499 -0.0230296 
3.957 -0.223421 0.013957 -0.250516 0.0142497 -0.276877 0.0144338 -0.304052 0.0143905 -0.330765 0.0143389 -0.35758 0.0147084 -0.384391 0.0152484 
4.066 -0.132338 -0.00658814 -0.154919 -0.00634487 -0.177498 -0.00621809 -0.200433 -0.00615786 -0.222996 -0.00602744 -0.244966 -0.00550633 -0.267068 -0.00462048 
3.383 -0.396001 -0.0949322 -0.426281 -0.0947537 -0.45622 -0.0946993 -0.486796 -0.0948353 -0.517238 -0.0951097 -0.546893 -0.0946406 -0.576545 -0.0939908 
2.809 -0.306972 0.25639 -0.343636 0.25686 -0.380209 0.257396 -0.417024 0.257536 -0.454135 0.257683 -0.490481 0.258059 -0.526899 0.258723 
3.047 0.313491 -0.0285029 0.278854 -0.028042 0.244673 -0.0278032 0.210638 -0.0279692 0.176595 -0.0276914 0.1428 -0.0271625 0.108944 -0.026397 
3.018 -0.248076 0.220778 -0.280451 0.221173 -0.312578 0.221428 -0.345054 0.221473 -0.377889 0.221477 -0.409943 0.221851 -0.442025 0.222633 
3.916 -0.261772 -0.0545268 -0.288063 -0.0542611 -0.314152 -0.0541491 -0.340676 -0.0542412 -0.367079 -0.0543817 -0.392952 -0.0540962 -0.419075 -0.053675 
4.426 -0.0261882 0.0461444 -0.0491665 0.0464026 -0.0719351 0.0465655 -0.0950823 0.0464107 -0.118193 0.0464077 -0.140947 0.046752 -0.163918 0.0473231 
3.336 0.342254 -0.00932749 0.307058 -0.00907264 0.27201 -0.00885616 0.236892 -0.00906813 0.202087 -0.00883693 0.167516 -0.0082051 0.133203 -0.00735482 
3.238 -0.437091 -0.108629 -0.468567 -0.108322 -0.499814 -0.108161 -0.531563 -0.108218 -0.563058 -0.108397 -0.593661 -0.108048 -0.624273 -0.107515 
3.795 0.10804 -0.015491 0.0810612 -0.0151135 0.0545083 -0.0150305 0.0276198 -0.0149968 0.000983528 -0.0149053 -0.0254555 -0.0143974 -0.0519374 -0.0138803 
2.76 -0.313135 0.233105 -0.350318 0.233544 -0.387129 0.233831 -0.424475 0.233952 -0.462036 0.233975 -0.49888 0.234254 -0.535551 0.234818 
3.586 -0.159732 0.179688 -0.188746 0.180237 -0.217818 0.180671 -0.247265 0.180881 -0.276778 0.181218 -0.305778 0.181696 -0.334771 0.182313 
3.318 0.401835 -0.00864265 0.369443 -0.00841978 0.337341 -0.00821174 0.305015 -0.00845861 0.272909 -0.00825743 0.24104 -0.00764348 0.209199 -0.0068544 
3.346 0.36143 -0.00864265 0.329086 -0.00836682 0.297121 -0.00812919 0.264791 -0.00840252 0.232615 -0.00822194 0.200881 -0.0075784 0.169235 -0.00686982 
3.551 -0.35765 -0.161361 -0.386581 -0.16118 -0.415031 -0.16107 -0.444024 -0.161235 -0.472857 -0.161505 -0.501094 -0.161194 -0.529329 -0.16072 
3.52 0.346364 -0.0285029 0.31146 -0.0284205 0.27681 -0.02834 0.241986 -0.0286449 0.20737 -0.0286321 0.173326 -0.0282261 0.140372 -0.0273427 
2.654 -0.381619 0.247487 -0.419831 0.247916 -0.457734 0.248338 -0.495862 0.248438 -0.534382 0.248466 -0.571612 0.248593 -0.608744 0.248917 
3.695 -0.156992 0.0399808 -0.185359 0.0402209 -0.213276 0.0403742 -0.241811 0.0402935 -0.27044 0.0401787 -0.298572 0.0404802 -0.326658 0.0409648 
3.938 -0.278208 -0.223682 -0.30433 -0.223488 -0.330191 -0.223389 -0.356615 -0.223611 -0.382806 -0.223897 -0.408431 -0.223587 -0.434293 -0.223169 
3.57 -0.173428 0.179688 -0.202944 0.180163 -0.232087 0.180498 -0.261788 0.180624 -0.291647 0.180753 -0.32084 0.181165 -0.350199 0.181788 
2.66 -0.381619 0.223517 -0.41978 0.224075 -0.457645 0.224431 -0.495835 0.224714 -0.534345 0.224781 -0.571494 0.224982 -0.608817 0.225319 
3.629 -0.185755 0.102986 -0.214592 0.103371 -0.243145 0.103771 -0.272211 0.10388 -0.301528 0.103881 -0.330142 0.104204 -0.358796 0.104901 
3.439 -0.378195 -0.0887687 -0.407893 -0.0884925 -0.437388 -0.0884633 -0.467365 -0.0885835 -0.497249 -0.0888865 -0.526427 -0.0885531 -0.555688 -0.0880182 
3.898 -0.267936 -0.0675387 -0.294553 -0.0673867 -0.320889 -0.0672884 -0.347656 -0.0673746 -0.374419 -0.0675084 -0.400538 -0.0672884 -0.426857 -0.0667136 
3.209 -0.437776 -0.0675387 -0.469414 -0.0672085 -0.500778 -0.0670383 -0.532693 -0.0670644 -0.564395 -0.0672347 -0.595207 -0.0669485 -0.626089 -0.0664619 
3.646 0.377181 -0.0456239 0.344979 -0.0453493 0.313037 -0.0450866 0.28096 -0.0453327 0.248958 -0.0451174 0.217384 -0.0445836 0.185869 -0.0436711 
4 -0.265881 -0.234639 -0.291554 -0.234461 -0.316993 -0.234412 -0.342942 -0.234719 -0.368748 -0.235066 -0.393913 -0.23481 -0.419311 -0.234393 
3.801 0.117628 -0.0380907 0.090649 -0.0378173 0.0640411 -0.0376359 0.0371564 -0.0377562 0.0104273 -0.0375758 -0.0159963 -0.0370605 -0.0425354 -0.0364121 
4.195 -0.236433 -0.249706 -0.260752 -0.24947 -0.284881 -0.24936 -0.309543 -0.249575 -0.333951 -0.249768 -0.357874 -0.249542 -0.381852 -0.24905 
3.648 0.366224 -0.0928777 0.334308 -0.0924864 0.302651 -0.0922402 0.270625 -0.0923545 0.238872 -0.0921164 0.207519 -0.0913195 0.176208 -0.0904429 
4.422 -0.0234488 0.060526 -0.0465046 0.0607243 -0.069227 0.0607268 -0.0923375 0.0604181 -0.115518 0.0603937 -0.138209 0.0605924 -0.161184 0.0610487 
3.385 -0.389152 -0.032612 -0.41943 -0.0323137 -0.449431 -0.032193 -0.480062 -0.0322276 -0.510529 -0.0323318 -0.540301 -0.0321661 -0.570213 -0.0316582 
3.527 -0.367922 -0.213409 -0.397159 -0.213308 -0.426142 -0.213265 -0.454463 -0.213268 -0.482048 -0.213263 -0.511488 -0.213224 -0.542369 -0.213224 
3.779 -0.317244 0.0235447 -0.344341 0.0237265 -0.37109 0.0238633 -0.398345 0.023752 -0.425662 0.0234769 -0.452372 0.0237668 -0.479377 0.0242548 
3.709 -0.276154 0.0324476 -0.30486 0.032833 -0.333355 0.0330487 -0.362199 0.0331355 -0.391079 0.0331276 -0.419421 0.0336674 -0.447893 0.0340962 
3.16 -0.454897 -0.0750719 -0.487223 -0.0747477 -0.519235 -0.0746097 -0.55169 -0.0745859 -0.583937 -0.0747499 -0.615208 -0.0744326 -0.646455 -0.0739649 
3.871 -0.279578 -0.146295 -0.306015 -0.146065 -0.332243 -0.14599 -0.359019 -0.146096 -0.385724 -0.146415 -0.411806 -0.146085 -0.438066 -0.145738 
2.945 -0.346007 0.131749 -0.379371 0.132253 -0.412596 0.132568 -0.446199 0.132709 -0.479953 0.132772 -0.512951 0.133102 -0.546057 0.133664 
3.777 0.115573 0.0762772 0.0886336 0.0765479 0.0619195 0.076814 0.035023 0.0767389 0.00819781 0.0769513 -0.0182174 0.0775019 -0.044848 0.078089 
3.24 -0.223421 0.168045 -0.253296 0.168532 -0.283012 0.168947 -0.313047 0.16909 -0.343263 0.16923 -0.372902 0.169722 -0.402665 0.170408 
3.924 0.0402411 0.0639501 0.0143384 0.0641425 -0.0113604 0.0643484 -0.0373387 0.0642164 -0.0632581 0.0643276 -0.0889589 0.0646033 -0.114778 0.0652408 
3.168 -0.453527 -0.100411 -0.485939 -0.100175 -0.518124 -0.100093 -0.550616 -0.10013 -0.582799 -0.100339 -0.614159 -0.100058 -0.645428 -0.0995244 
3.379 -0.394631 -0.0798658 -0.42508 -0.0796122 -0.455198 -0.0794794 -0.48582 -0.0795338 -0.516302 -0.0797227 -0.546088 -0.0795204 -0.575821 -0.0790413 
3.799 -0.16658 0.0269689 -0.194753 0.0272745 -0.222588 0.0274748 -0.251053 0.0274394 -0.279473 0.0274294 -0.307424 0.0277758 -0.335482 0.0282903 
4.234 -0.225476 -0.197658 -0.249659 -0.197608 -0.273541 -0.197611 -0.297935 -0.197745 -0.322251 -0.198163 -0.345884 -0.197744 -0.36971 -0.197151 
3.809 0.101192 0.0119025 0.0743837 0.0121436 0.0478671 0.0123438 0.0209892 0.0121369 -0.00548749 0.0121976 -0.031852 0.0126516 -0.0583218 0.0132039 
3.24 -0.429558 -0.0230242 -0.461142 -0.0227314 -0.492383 -0.0225875 -0.524159 -0.0226065 -0.555798 -0.0227527 -0.58646 -0.0225311 -0.617261 -0.0220201 
3.467 -0.382304 -0.201082 -0.411732 -0.200938 -0.441057 -0.20092 -0.470692 -0.201073 -0.500077 -0.201332 -0.528999 -0.201072 -0.557953 -0.200606 
3.793 0.117628 -0.0839748 0.0906265 -0.0836411 0.063989 -0.0833532 0.0371677 -0.0835389 0.0104368 -0.083423 -0.0159629 -0.0828956 -0.0424379 -0.0823784 
4.41 -0.0364608 0.0653198 -0.0596032 0.0655957 -0.0824474 0.065712 -0.105871 0.0656445 -0.129159 0.0656711 -0.151983 0.066034 -0.175217 0.0666885 
3.885 -0.272045 -0.0826051 -0.298725 -0.0824431 -0.325046 -0.0823836 -0.351968 -0.0824863 -0.378684 -0.0826876 -0.404852 -0.0824376 -0.431264 -0.0820819 
3.809 0.0854404 -0.0743871 0.0588436 -0.0741456 0.0325877 -0.0739985 0.00598664 -0.0741952 -0.0204946 -0.0741613 -0.0465705 -0.0737742 -0.0727879 -0.0731137 
3.629 0.401151 -0.036721 0.368547 -0.036371 0.336151 -0.036109 0.30356 -0.036315 0.271159 -0.0361035 0.239043 -0.0354786 0.207087 -0.0345624 
3.639 -0.185071 0.0413505 -0.213789 0.0415595 -0.242395 0.0417325 -0.271397 0.0416741 -0.3005 0.0416798 -0.328978 0.0421377 -0.35762 0.042637 
2.943 0.498397 0.068744 0.46311 0.0687848 0.428082 0.0689334 0.392842 0.0684303 0.357719 0.0685628 0.323009 0.0689284 0.288176 0.0694561 
3.604 -0.337789 -0.0709629 -0.366357 -0.0705949 -0.3947 -0.0703654 -0.423633 -0.0703083 -0.452411 -0.0704128 -0.48057 -0.0699618 -0.508932 -0.0693484 
3.627 -0.339844 -0.131229 -0.368061 -0.130997 -0.396123 -0.130918 -0.424526 -0.131045 -0.452652 -0.131291 -0.480571 -0.131009 -0.508499 -0.130583 
3.816 0.105985 0.0365566 0.0791854 0.0368684 0.0525674 0.0368622 0.0257099 0.0367886 -0.000972883 0.0367823 -0.0273339 0.0371567 -0.0536624 0.0379454 
3.623 -0.242597 0.0427202 -0.271549 0.0429807 -0.300338 0.0432217 -0.329413 0.0431636 -0.35856 0.0430975 -0.387163 0.0434256 -0.415911 0.0440161 
3.834 0.0943432 0.0536776 0.0675259 0.0539226 0.0410549 0.0542075 0.0145362 0.0542075 -0.0122527 0.0544427 -0.0385699 0.0548035 -0.0647249 0.055275 
