4.082 -0.181646 -0.032612 -0.206015 -0.032406 -0.230157 -0.0323526 -0.254752 -0.0325493 -0.279308 -0.0326926 -0.303294 -0.0323536 -0.327453 -0.0319096 
3.035 -0.296699 0.109834 -0.33027 0.11058 -0.363659 0.111067 -0.396391 0.111268 -0.430115 0.11137 -0.464 0.111897 -0.4983 0.112439 
4.105 -0.115902 -0.0196001 -0.139412 -0.0194438 -0.162762 -0.01925 -0.186526 -0.0194218 -0.210343 -0.0194378 -0.233752 -0.0189605 -0.257546 -0.0185385 
2.918 -0.366553 0.136543 -0.400484 0.137035 -0.434195 0.137424 -0.468322 0.137639 -0.502615 0.137749 -0.536121 0.138237 -0.56965 0.138738 
4.051 -0.156307 -0.0175455 -0.17837 -0.0172542 -0.200302 -0.0171385 -0.222596 -0.0172215 -0.244915 -0.0172904 -0.266841 -0.0169943 -0.28886 -0.0164563 
3.57 -0.340529 -0.0353513 -0.369276 -0.035156 -0.39776 -0.0350437 -0.426777 -0.0351258 -0.455702 -0.0352952 -0.484044 -0.0349926 -0.512496 -0.0345307 
4.047 -0.182331 -0.0134365 -0.206596 -0.0131875 -0.230655 -0.0130837 -0.255289 -0.0131838 -0.279935 -0.0132765 -0.304032 -0.0129395 -0.328291 -0.0124226 
2.803 0.624408 -0.120956 0.588379 -0.120547 0.552838 -0.120377 0.516445 -0.120699 0.480846 -0.120337 0.444658 -0.119434 0.409189 -0.118457 
4.441 -0.0556362 0.0269689 -0.0786813 0.0271998 -0.101668 0.0273117 -0.124937 0.0272035 -0.148205 0.0271907 -0.171004 0.0276805 -0.194073 0.0281604 
3.277 -0.4186 -0.0531571 -0.449916 -0.0528884 -0.481056 -0.0527314 -0.512682 -0.0527762 -0.544177 -0.0529967 -0.574774 -0.0526109 -0.605368 -0.0521695 
2.938 -0.386413 0.145446 -0.421156 0.145984 -0.455724 0.146347 -0.49074 0.146517 -0.525829 0.146539 -0.560045 0.146951 -0.594171 0.147398 
3.727 -0.143295 0.072853 -0.170319 0.0731526 -0.197022 0.0734088 -0.224158 0.0733698 -0.251443 0.0734179 -0.278316 0.0739168 -0.305257 0.0744358 
4.227 -0.191234 -0.0784961 -0.21594 -0.0783772 -0.240395 -0.0783154 -0.265309 -0.0785235 -0.289769 -0.0786787 -0.313814 -0.0783885 -0.338199 -0.0779185 
4.086 -0.133023 -0.0216546 -0.155368 -0.0215077 -0.177478 -0.0214202 -0.199937 -0.0214988 -0.222248 -0.0215262 -0.244398 -0.0211823 -0.266673 -0.0206196 
3.318 0.42238 -0.00521846 0.393339 -0.00495425 0.364595 -0.00476444 0.335673 -0.00502886 0.306943 -0.00485715 0.278314 -0.00415961 0.249737 -0.00352209 
1.799 0.0998219 0.250226 0.042441 0.250389 -0.0145924 0.250532 -0.0717031 0.250558 -0.129362 0.250986 -0.186362 0.251786 -0.243655 0.252745 
4.117 -0.110423 -0.0339816 -0.134124 -0.0336347 -0.157739 -0.0333922 -0.181628 -0.0336129 -0.205731 -0.0336871 -0.229329 -0.0332106 -0.253091 -0.0328623 
3.035 0.454568 -0.0469936 0.420706 -0.0470044 0.387091 -0.0469321 0.353157 -0.0472553 0.319484 -0.0471869 0.285974 -0.0462742 0.252463 -0.0457669 
3.682 -0.309711 -0.036721 -0.33744 -0.0364698 -0.364928 -0.0363596 -0.392887 -0.0364776 -0.420871 -0.0366921 -0.448181 -0.0363318 -0.475586 -0.0358876 
4.164 -0.12412 -0.0798658 -0.148201 -0.079649 -0.172179 -0.0795578 -0.196594 -0.0798251 -0.221019 -0.0800358 -0.245004 -0.0796643 -0.269023 -0.0792516 
3.203 -0.259033 0.100931 -0.292083 0.101395 -0.325005 0.101722 -0.358235 0.101835 -0.391594 0.101888 -0.424315 0.102368 -0.457242 0.102945 
3.486 -0.364498 -0.044939 -0.393908 -0.0446116 -0.423097 -0.0444802 -0.452784 -0.0445124 -0.482442 -0.0447074 -0.511337 -0.0443758 -0.540352 -0.0439999 
4.16 -0.14672 -0.0798658 -0.17105 -0.0796938 -0.195109 -0.079627 -0.21976 -0.0798616 -0.244305 -0.0800505 -0.268321 -0.0797217 -0.292566 -0.0793313 
2.789 0.630571 -0.0442542 0.595082 -0.044133 0.558864 -0.043968 0.522739 -0.0442456 0.486709 -0.044075 0.450491 -0.0432145 0.4148 -0.0426709 
3.223 -0.433667 -0.0531571 -0.465245 -0.052842 -0.496626 -0.0526844 -0.528525 -0.0527105 -0.560166 -0.0528967 -0.591073 -0.0525554 -0.62181 -0.0521512 
3.416 -0.140556 0.152979 -0.175051 0.153747 -0.202174 0.154058 -0.22963 0.154283 -0.266353 0.154322 -0.305938 0.154785 -0.345696 0.155355 
3.578 -0.269306 0.047514 -0.298222 0.0478823 -0.326954 0.0480204 -0.35604 0.0479829 -0.385229 0.0479541 -0.413772 0.0483454 -0.442392 0.0489515 
2.814 0.638789 -0.18807 0.605067 -0.187914 0.571405 -0.187759 0.537305 -0.188062 0.503361 -0.187783 0.469443 -0.186857 0.435509 -0.185828 
2.939 -0.352856 0.131749 -0.386256 0.132257 -0.419568 0.132606 -0.45321 0.132777 -0.486978 0.132855 -0.520147 0.133244 -0.553162 0.133792 
3.334 0.450459 -0.0285029 0.416653 -0.0278854 0.382946 -0.027527 0.348911 -0.0277399 0.315208 -0.0274292 0.281625 -0.0268037 0.24816 -0.0259895 
3.941 -0.115217 0.0173812 -0.140252 0.0176953 -0.165129 0.0179392 -0.19061 0.0178822 -0.215926 0.0179229 -0.240967 0.0184352 -0.266181 0.0188985 
3.227 -0.448733 -0.218888 -0.480227 -0.218665 -0.511333 -0.21853 -0.542914 -0.218567 -0.574122 -0.218744 -0.604375 -0.218205 -0.634506 -0.217538 
3.648 -0.33505 -0.192864 -0.362849 -0.192676 -0.390453 -0.19261 -0.418605 -0.192807 -0.446339 -0.193071 -0.473744 -0.192744 -0.501261 -0.19236 
3.377 -0.406273 -0.177113 -0.436448 -0.176887 -0.466318 -0.176776 -0.496842 -0.176893 -0.527111 -0.177171 -0.556454 -0.176764 -0.585903 -0.176205 
1.492 0.183372 0.348158 0.109836 0.348158 0.036945 0.348428 -0.0360958 0.348525 -0.109714 0.349145 -0.182311 0.35001 -0.254994 0.35118 
3.783 -0.307656 -0.183276 -0.335019 -0.183209 -0.36215 -0.183217 -0.389874 -0.183507 -0.417434 -0.183902 -0.444308 -0.183635 -0.471334 -0.183337 
2.822 -0.378195 0.163252 -0.413251 0.163692 -0.448078 0.164016 -0.483307 0.164191 -0.518683 0.164208 -0.553162 0.164531 -0.587566 0.164935 
3.281 0.450459 -0.125065 0.41684 -0.124836 0.383265 -0.124693 0.349304 -0.124834 0.315717 -0.124712 0.282266 -0.123832 0.248981 -0.123113 
4.035 -0.153568 0.000260238 -0.177471 0.000489967 -0.201445 0.000548193 -0.225096 0.000376398 -0.248734 0.000265881 -0.272069 0.000639566 -0.295527 0.00121334 
3.25 -0.44257 -0.192864 -0.474 -0.192686 -0.505119 -0.192545 -0.536756 -0.192667 -0.568039 -0.192884 -0.598342 -0.192422 -0.628528 -0.191832 
3.158 -0.45969 -0.12438 -0.491966 -0.124137 -0.523894 -0.123983 -0.556293 -0.12403 -0.58844 -0.124226 -0.61956 -0.123815 -0.650569 -0.123232 
3.49 -0.371346 -0.170264 -0.400472 -0.170063 -0.42929 -0.169966 -0.458742 -0.170137 -0.488052 -0.17046 -0.516637 -0.170081 -0.545212 -0.16964 
3.473 -0.367922 -0.0764416 -0.397274 -0.0761874 -0.426388 -0.0759911 -0.456051 -0.0760588 -0.485618 -0.0762069 -0.514446 -0.0758899 -0.543349 -0.0754532 
3.197 -0.457636 -0.187385 -0.489514 -0.187152 -0.521046 -0.187025 -0.553086 -0.187059 -0.584707 -0.187216 -0.615323 -0.186751 -0.645878 -0.186093 
3.971 -0.156992 0.0146418 -0.182559 0.0149445 -0.208007 0.0151484 -0.233828 0.0150917 -0.259576 0.0150476 -0.284775 0.0154514 -0.310113 0.0158973 
3.723 -0.321353 -0.198343 -0.348671 -0.198168 -0.37575 -0.198066 -0.403242 -0.198211 -0.430597 -0.198485 -0.457384 -0.198143 -0.484516 -0.197768 
3.74 -0.29396 0.0146418 -0.321429 0.014946 -0.348638 0.0150952 -0.376304 0.0150734 -0.403952 0.0150102 -0.430972 0.0153218 -0.458227 0.0158291 
3.389 -0.406273 -0.211355 -0.436388 -0.211143 -0.466195 -0.211049 -0.496538 -0.211174 -0.526589 -0.21144 -0.555826 -0.211013 -0.585019 -0.210452 
3.312 0.332667 -0.0887687 0.297959 -0.0882815 0.263563 -0.0879435 0.228816 -0.0880416 0.19446 -0.0877343 0.160422 -0.0868306 0.126431 -0.0859234 
2.859 -0.347377 0.152294 -0.381613 0.152748 -0.415687 0.153052 -0.450184 0.15316 -0.484867 0.153157 -0.518935 0.153497 -0.553077 0.153854 
3.652 0.371703 -0.0757567 0.339153 -0.0753665 0.306905 -0.0750779 0.274499 -0.0752124 0.242235 -0.0749082 0.210401 -0.0740957 0.178623 -0.0732173 
3.213 -0.454212 -0.2319 -0.485784 -0.23163 -0.516993 -0.231488 -0.548673 -0.23154 -0.579939 -0.231702 -0.610169 -0.231131 -0.640244 -0.230385 
2.957 -0.269306 0.152294 -0.303324 0.152747 -0.337031 0.153017 -0.371222 0.153097 -0.405562 0.153154 -0.439308 0.153647 -0.473132 0.154164 
3.947 -0.183701 0.0132722 -0.209617 0.0134908 -0.235084 0.0134805 -0.261211 0.0132375 -0.28725 0.0129448 -0.312756 0.0130991 -0.338337 0.0133078 
3.434 0.386084 -0.032612 0.353132 -0.0323657 0.320547 -0.0321521 0.287776 -0.0323167 0.255158 -0.0321235 0.222795 -0.0313384 0.190375 -0.0306653 
3.566 -0.360389 -0.201082 -0.389105 -0.20093 -0.417534 -0.200879 -0.446375 -0.201043 -0.474973 -0.201341 -0.503165 -0.201029 -0.531319 -0.20056 
4.051 -0.139186 0.00573894 -0.164521 0.0059657 -0.189534 0.00610552 -0.214945 0.00587826 -0.240286 0.00575524 -0.265146 0.00613043 -0.290116 0.00659741 
4.012 -0.0974113 0.0208054 -0.120837 0.0211029 -0.144015 0.0213638 -0.167532 0.0213724 -0.19114 0.0214553 -0.214484 0.0221187 -0.23779 0.0226694 
3.305 -0.423394 -0.185331 -0.453987 -0.185066 -0.484498 -0.184932 -0.51551 -0.185057 -0.546218 -0.185272 -0.575984 -0.184858 -0.605763 -0.184306 
3.773 -0.277524 0.0187509 -0.305828 0.0189813 -0.333857 0.019119 -0.36238 0.0190502 -0.390898 0.0189633 -0.418919 0.0193342 -0.446986 0.0198133 
3.611 -0.345323 -0.203821 -0.373609 -0.203686 -0.401605 -0.203653 -0.429916 -0.203819 -0.45803 -0.204075 -0.485627 -0.203752 -0.513463 -0.203389 
3.461 -0.37614 -0.133968 -0.40533 -0.13357 -0.434349 -0.133401 -0.464109 -0.133407 -0.4936 -0.133594 -0.522372 -0.13321 -0.551178 -0.132766 
2.963 0.611396 -0.196973 0.577557 -0.196863 0.543833 -0.196738 0.509626 -0.196979 0.475639 -0.196795 0.441747 -0.195862 0.40779 -0.195131 
4.168 -0.110423 -0.0757567 -0.13419 -0.0754984 -0.157974 -0.0754292 -0.182242 -0.0757261 -0.206611 -0.0759441 -0.230388 -0.0754987 -0.254437 -0.0751051 
3.299 -0.428873 -0.225736 -0.459768 -0.22556 -0.490258 -0.225435 -0.521336 -0.225559 -0.551897 -0.225743 -0.581734 -0.225316 -0.611435 -0.224686 
3.414 -0.391892 -0.176428 -0.421715 -0.176207 -0.451069 -0.176115 -0.48117 -0.176288 -0.511024 -0.176587 -0.540106 -0.176193 -0.569113 -0.175695 
3.131 0.299795 -0.0784961 0.268047 -0.0781108 0.236483 -0.0777568 0.204627 -0.0778629 0.173266 -0.0775649 0.141646 -0.0767703 0.108441 -0.075889 
2.703 -0.332311 0.225572 -0.370769 0.22602 -0.40895 0.226411 -0.447541 0.226599 -0.486346 0.226639 -0.524288 0.226996 -0.562142 0.227433 
4.051 -0.230955 -0.0305575 -0.25606 -0.0302982 -0.280962 -0.0302035 -0.306327 -0.0302899 -0.33165 -0.0304373 -0.356427 -0.0301204 -0.381319 -0.0296964 
3.908 -0.239858 0.0153267 -0.267996 0.0156459 -0.296138 0.0158378 -0.324622 0.0158117 -0.353139 0.0157603 -0.381105 0.0161731 -0.409004 0.0166229 
4.391 -0.202191 -0.214094 -0.225382 -0.213911 -0.248305 -0.213799 -0.271834 -0.214068 -0.295125 -0.214384 -0.31791 -0.21402 -0.340816 -0.213566 
2.852 -0.363813 0.151609 -0.398306 0.152022 -0.432624 0.152301 -0.467285 0.152426 -0.502156 0.152395 -0.536208 0.152723 -0.570213 0.153172 
3.607 -0.343953 -0.14561 -0.372308 -0.145413 -0.400275 -0.145299 -0.428883 -0.145464 -0.457324 -0.145748 -0.485143 -0.145407 -0.513083 -0.145008 
3.68 -0.158362 0.0749075 -0.186167 0.0752151 -0.213866 0.0753823 -0.241655 0.0754353 -0.26962 0.0754493 -0.296951 0.0758943 -0.3245 0.076458 
3.447 -0.389837 -0.212039 -0.41943 -0.211846 -0.448668 -0.211747 -0.478482 -0.211888 -0.508063 -0.212171 -0.536931 -0.211769 -0.565709 -0.211263 
1.757 0.0710588 0.287892 0.0124271 0.288143 -0.0458208 0.288394 -0.104387 0.28854 -0.163381 0.288986 -0.22178 0.289823 -0.28036 0.290747 
3.168 -0.461745 -0.151089 -0.494067 -0.150859 -0.525806 -0.150674 -0.558065 -0.150674 -0.590013 -0.150839 -0.621021 -0.150324 -0.651961 -0.149789 
2.768 -0.391207 0.187221 -0.426106 0.187835 -0.460647 0.188238 -0.495571 0.188398 -0.530608 0.188419 -0.564749 0.188804 -0.598864 0.189362 
3.643 0.375812 -0.10452 0.343354 -0.104134 0.311293 -0.103827 0.278891 -0.103963 0.246693 -0.103693 0.214846 -0.10282 0.18308 -0.101946 
4.074 -0.246021 -0.161361 -0.271291 -0.161175 -0.296292 -0.161149 -0.321847 -0.161369 -0.347178 -0.161625 -0.372018 -0.161283 -0.39694 -0.160909 
3.664 -0.326832 -0.110683 -0.354726 -0.110458 -0.382586 -0.110346 -0.410835 -0.110486 -0.43892 -0.110713 -0.46641 -0.11037 -0.49407 -0.109952 
4.094 -0.118641 0.00231475 -0.143366 0.00244734 -0.16786 0.00248793 -0.192707 0.00227646 -0.217578 0.00212732 -0.241976 0.00246627 -0.266592 0.00276071 
3.693 0.258704 -0.106574 0.230481 -0.106077 0.202559 -0.10573 0.174412 -0.105816 0.146631 -0.105578 0.119075 -0.104792 0.0921535 -0.104123 
3.674 -0.329571 -0.140816 -0.357516 -0.140614 -0.385177 -0.140507 -0.4133 -0.140654 -0.441419 -0.140927 -0.468753 -0.140565 -0.496332 -0.14014 
3.357 -0.412437 -0.235324 -0.442513 -0.235056 -0.472324 -0.234902 -0.502675 -0.234953 -0.532753 -0.235121 -0.561894 -0.234542 -0.590996 -0.233795 
3.371 -0.402164 -0.162046 -0.432386 -0.161827 -0.462382 -0.161724 -0.492803 -0.161837 -0.523008 -0.162086 -0.552386 -0.161711 -0.581741 -0.161203 
2.787 0.630571 -0.146295 0.596514 -0.146125 0.562536 -0.145944 0.528229 -0.146209 0.493925 -0.145921 0.459687 -0.145021 0.425429 -0.144003 
2.881 0.584002 -0.175743 0.549659 -0.175494 0.515594 -0.175191 0.481055 -0.175344 0.44681 -0.175003 0.412674 -0.173998 0.37842 -0.17302 
4.145 -0.00495822 0.0755924 -0.0365594 0.075975 -0.0682417 0.0761851 -0.100605 0.0760788 -0.132657 0.0762912 -0.164476 0.0768784 -0.190467 0.0775809 
3.25 -0.437091 -0.144925 -0.468351 -0.144681 -0.499379 -0.144564 -0.530881 -0.14457 -0.562171 -0.144764 -0.592491 -0.144275 -0.62279 -0.143731 
3.275 -0.424079 -0.116162 -0.455316 -0.116 -0.486362 -0.115948 -0.517893 -0.115913 -0.549167 -0.116067 -0.579568 -0.115673 -0.609933 -0.115031 
3.928 0.0149021 -0.0949322 -0.0107036 -0.0946732 -0.0361847 -0.0945157 -0.0620068 -0.0946763 -0.0876675 -0.0947765 -0.112905 -0.0943847 -0.138349 -0.093873 
1.765 0.0881797 0.287892 0.0304363 0.288034 -0.0268137 0.288259 -0.0844626 0.28835 -0.142636 0.288778 -0.200063 0.289544 -0.257617 0.290397 
4.48 -0.191919 -0.223682 -0.214814 -0.22353 -0.237467 -0.223422 -0.260654 -0.223678 -0.283598 -0.223967 -0.306077 -0.223522 -0.328637 -0.223063 
3.285 -0.42134 -0.0819203 -0.452628 -0.0816169 -0.483718 -0.0815683 -0.515333 -0.0817207 -0.546743 -0.0819771 -0.577233 -0.0816689 -0.607758 -0.0812755 
4.027 -0.165895 -0.00727298 -0.188457 -0.00694163 -0.210881 -0.00677481 -0.233818 -0.00687145 -0.256723 -0.00693001 -0.279098 -0.00658421 -0.301558 -0.00608847 
1.776 0.103246 0.27625 0.0461979 0.276388 -0.0104062 0.276526 -0.0673266 0.276571 -0.124576 0.276956 -0.181363 0.277816 -0.238428 0.278789 
4.418 -0.200137 -0.183276 -0.22335 -0.183086 -0.246405 -0.183092 -0.269938 -0.183289 -0.293369 -0.183588 -0.31633 -0.18323 -0.33942 -0.182887 
3.908 -0.273415 -0.166155 -0.299666 -0.165987 -0.325677 -0.165864 -0.352214 -0.16602 -0.378591 -0.166261 -0.404402 -0.165904 -0.430331 -0.165578 
3.625 -0.326832 -0.04083 -0.355239 -0.040573 -0.383346 -0.0404393 -0.411986 -0.0405101 -0.440568 -0.040673 -0.46859 -0.0403597 -0.49681 -0.0399163 
1.757 0.0840707 0.261183 0.0259625 0.261326 -0.0316657 0.261533 -0.0896118 0.261652 -0.147935 0.262202 -0.205731 0.262991 -0.263904 0.26404 
3.385 -0.396685 -0.14835 -0.426827 -0.148108 -0.456685 -0.147986 -0.487068 -0.148091 -0.517244 -0.148324 -0.546582 -0.147969 -0.575934 -0.1475 
3.102 0.310752 -0.0689084 0.278811 -0.0684453 0.246538 -0.0682224 0.212529 -0.0684573 0.178318 -0.0681527 0.14448 -0.0673189 0.110929 -0.0665151 
1.652 0.0231201 0.328297 -0.0377733 0.328611 -0.0984206 0.329024 -0.159376 0.329358 -0.220878 0.329802 -0.281668 0.330668 -0.342737 0.331652 
3.297 -0.415176 -0.0250788 -0.446539 -0.0248582 -0.477732 -0.0247493 -0.509345 -0.0248157 -0.540971 -0.025043 -0.571656 -0.0246948 -0.602397 -0.0243076 
3.441 0.583317 -0.199028 0.548987 -0.198883 0.515027 -0.198659 0.480777 -0.198862 0.446465 -0.198678 0.412254 -0.198065 0.377925 -0.19714 
3.113 0.312806 -0.0497329 0.280341 -0.0494384 0.248287 -0.0492428 0.214395 -0.0494075 0.180056 -0.0492018 0.146382 -0.048487 0.112629 -0.0477496 
4.281 -0.217258 -0.216148 -0.241173 -0.216031 -0.264907 -0.216002 -0.289075 -0.216176 -0.313112 -0.216421 -0.3366 -0.216145 -0.360163 -0.215715 
3.896 0.0251746 -0.155883 -0.000649148 -0.155539 -0.0262138 -0.155257 -0.0522432 -0.155529 -0.0780765 -0.155639 -0.103399 -0.155249 -0.128999 -0.154759 
2.807 0.603862 -0.144925 0.569658 -0.144835 0.535601 -0.144649 0.501322 -0.144862 0.466737 -0.144644 0.432637 -0.143662 0.398653 -0.142728 
3.852 -0.260403 0.0160115 -0.288405 0.0163759 -0.316315 0.0165179 -0.344533 0.0164888 -0.372724 0.016436 -0.400531 0.0167407 -0.428435 0.0172223 
3.598 -0.341214 -0.114108 -0.369539 -0.113871 -0.397566 -0.113753 -0.426267 -0.11389 -0.454831 -0.114143 -0.482591 -0.113805 -0.510759 -0.11339 
3.543 -0.359704 -0.138762 -0.388433 -0.138526 -0.416899 -0.138414 -0.445989 -0.138578 -0.474901 -0.138886 -0.503182 -0.138528 -0.531426 -0.138092 
4.047 -0.0617998 0.0598411 -0.0847766 0.0602618 -0.107485 0.0605566 -0.13052 0.0605267 -0.153521 0.0606361 -0.176126 0.0611362 -0.198674 0.0616157 
3.551 -0.351486 -0.0969867 -0.380355 -0.0967645 -0.40892 -0.0966461 -0.438055 -0.0967753 -0.466973 -0.097035 -0.495435 -0.0966868 -0.523963 -0.0962911 
3.709 -0.318614 -0.123695 -0.346297 -0.123487 -0.373666 -0.123401 -0.40162 -0.123542 -0.429369 -0.123811 -0.456528 -0.123471 -0.483819 -0.123099 
3.701 -0.324093 -0.154513 -0.351759 -0.154293 -0.379162 -0.154215 -0.40717 -0.154354 -0.435033 -0.154637 -0.462136 -0.154257 -0.489511 -0.153887 
4.25 -0.162471 -0.0819203 -0.186982 -0.0817566 -0.208688 -0.0816359 -0.233417 -0.0818404 -0.258103 -0.0820508 -0.281963 -0.0817226 -0.305792 -0.0813131 
2.789 0.63742 -0.102465 0.601536 -0.102259 0.565777 -0.102108 0.529467 -0.102368 0.493343 -0.102115 0.457195 -0.101275 0.421064 -0.100388 
3 0.466895 -0.0264484 0.439255 -0.0260171 0.408744 -0.0257493 0.374569 -0.0259644 0.340522 -0.0256214 0.306963 -0.0248698 0.273475 -0.0241017 
3.482 0.329243 -0.0490481 0.294549 -0.0487064 0.260003 -0.0484341 0.225422 -0.0485363 0.191068 -0.0482906 0.157141 -0.0475056 0.123272 -0.0467139 
3.469 -0.371346 -0.109314 -0.400619 -0.109123 -0.4297 -0.109079 -0.459277 -0.109213 -0.488789 -0.109518 -0.517507 -0.109193 -0.546279 -0.10878 
3.277 0.384714 -0.00864265 0.352618 -0.00836561 0.32064 -0.00821425 0.288538 -0.00838697 0.256541 -0.00826316 0.224883 -0.00764603 0.193297 -0.00699514 
3.666 -0.31519 -0.0497329 -0.342914 -0.0494763 -0.370356 -0.0493249 -0.398297 -0.0493781 -0.426215 -0.0495186 -0.453479 -0.0491684 -0.480888 -0.0487077 
3.324 -0.432297 -0.25039 -0.463063 -0.250202 -0.493448 -0.250097 -0.524452 -0.250161 -0.554979 -0.250336 -0.584677 -0.249826 -0.614233 -0.249092 
3.594 -0.337105 -0.0531571 -0.365767 -0.0528583 -0.394225 -0.0527163 -0.423143 -0.052809 -0.451991 -0.0530206 -0.480291 -0.0526215 -0.508687 -0.0522714 
3.15 -0.456951 -0.036721 -0.489522 -0.0363419 -0.521753 -0.0361362 -0.554576 -0.0360845 -0.587066 -0.0363086 -0.618614 -0.0358646 -0.650008 -0.0354536 
3.365 0.553869 -0.164786 0.521062 -0.164565 0.488377 -0.164324 0.45537 -0.164599 0.422699 -0.164422 0.390191 -0.163637 0.357594 -0.162959 
3.168 -0.0576907 0.155718 -0.0942766 0.156525 -0.130283 0.15685 -0.166825 0.15717 -0.203654 0.15758 -0.239992 0.158401 -0.276503 0.159197 
4.133 -0.131653 -0.0606903 -0.155475 -0.0604575 -0.179145 -0.0603677 -0.203164 -0.0605142 -0.227098 -0.0606374 -0.250863 -0.0603299 -0.27466 -0.0599028 
2.889 0.594275 -0.190809 0.560211 -0.190558 0.52633 -0.19035 0.491954 -0.190543 0.457714 -0.190181 0.423726 -0.189161 0.389573 -0.188131 
3.625 0.363484 -0.0401452 0.331346 -0.0398089 0.299372 -0.0395184 0.26705 -0.0397065 0.234887 -0.0394661 0.203087 -0.0387299 0.171422 -0.0379347 
3.447 0.566196 -0.185331 0.533087 -0.184996 0.500087 -0.184802 0.466667 -0.184939 0.433597 -0.184652 0.400597 -0.183659 0.367649 -0.182655 
3.818 0.0806465 -0.0517874 0.0541563 -0.05147 0.0280238 -0.0512643 0.00153135 -0.0514038 -0.0248874 -0.051422 -0.0509292 -0.0509563 -0.0770676 -0.0504545 
3.463 -0.364498 -0.0216546 -0.393971 -0.0213822 -0.423176 -0.0213009 -0.452962 -0.0213531 -0.482675 -0.0215723 -0.511667 -0.0212029 -0.54067 -0.0207925 
2.785 0.649747 -0.0826051 0.613742 -0.0823692 0.577908 -0.082246 0.541532 -0.0824719 0.505277 -0.082225 0.468966 -0.0814223 0.432785 -0.080649 
3.646 0.364854 -0.0627448 0.333153 -0.0622293 0.301404 -0.0618862 0.269453 -0.0619909 0.237498 -0.0618067 0.206212 -0.0609128 0.174918 -0.0601232 
3.654 -0.326832 -0.0846596 -0.354942 -0.0844445 -0.382777 -0.0843377 -0.411202 -0.0844764 -0.439361 -0.0846973 -0.467081 -0.0843665 -0.494727 -0.0839306 
4.008 -0.262457 -0.195603 -0.288101 -0.195403 -0.313452 -0.195314 -0.339375 -0.195528 -0.365148 -0.19575 -0.390296 -0.195367 -0.415592 -0.194982 
4.441 -0.0830297 0.0119025 -0.106655 0.0121858 -0.130155 0.0124339 -0.154033 0.0123994 -0.1779 0.012502 -0.201462 0.0130257 -0.224989 0.0136681 
4.48 -0.0809752 -0.0257636 -0.104427 -0.0255377 -0.12767 -0.0254898 -0.151359 -0.0256598 -0.175004 -0.0257517 -0.198305 -0.0253892 -0.221703 -0.0248063 
4.383 -0.202876 -0.199712 -0.226232 -0.199474 -0.249357 -0.199405 -0.273059 -0.199726 -0.296482 -0.19997 -0.319474 -0.199596 -0.342485 -0.199173 
4.09 -0.148089 -0.0291878 -0.170296 -0.0289638 -0.192272 -0.0288431 -0.214774 -0.0288912 -0.237192 -0.0289202 -0.259159 -0.0286122 -0.28132 -0.0279685 
3.312 -0.422709 -0.21067 -0.453357 -0.210465 -0.483821 -0.210379 -0.514635 -0.210472 -0.545096 -0.210694 -0.57489 -0.210255 -0.604454 -0.20963 
4.262 -0.21041 -0.0990412 -0.234468 -0.0988909 -0.258271 -0.0987724 -0.282634 -0.0990591 -0.306814 -0.0991948 -0.330499 -0.0988327 -0.354229 -0.0983372 
4.27 -0.214519 -0.142186 -0.238584 -0.141845 -0.262419 -0.141555 -0.286744 -0.141872 -0.310922 -0.142061 -0.334574 -0.141744 -0.358279 -0.141125 
3.631 -0.319984 -0.0271333 -0.347972 -0.026845 -0.375786 -0.0266921 -0.404023 -0.0267695 -0.432374 -0.0268792 -0.459876 -0.026567 -0.487618 -0.0261188 
3.812 -0.303547 -0.223682 -0.330858 -0.223431 -0.357975 -0.223347 -0.385641 -0.223547 -0.41316 -0.223866 -0.44 -0.223424 -0.466949 -0.222918 
2.912 0.560033 -0.146295 0.527207 -0.146055 0.494532 -0.145935 0.461389 -0.146281 0.428688 -0.146126 0.396103 -0.14543 0.363479 -0.144755 
3.277 -0.430927 -0.162046 -0.462046 -0.161733 -0.492959 -0.161515 -0.524413 -0.161569 -0.555574 -0.161715 -0.585818 -0.161266 -0.616015 -0.160701 
1.517 0.164197 0.33994 0.0929468 0.340026 0.0215453 0.340171 -0.0504377 0.34019 -0.122551 0.340643 -0.193818 0.341283 -0.264842 0.342342 
4.027 -0.205616 0.00916313 -0.230017 0.0094785 -0.254282 0.00967822 -0.279081 0.00962664 -0.303841 0.00960612 -0.328086 0.0100298 -0.352479 0.0105504 
3.957 -0.223421 0.013957 -0.250588 0.01425 -0.277243 0.0144371 -0.304085 0.0143823 -0.331248 0.0143415 -0.357746 0.014771 -0.384674 0.0152488 
4.031 -0.077551 0.0262841 -0.101698 0.0265424 -0.125532 0.0267411 -0.149936 0.0266225 -0.174228 0.0266138 -0.198241 0.0270674 -0.222391 0.0274934 
3.877 0.0375017 -0.136022 0.0116992 -0.135728 -0.013795 -0.135586 -0.0395316 -0.135659 -0.0653699 -0.13573 -0.0912051 -0.13533 -0.11677 -0.134745 
3.662 -0.324093 -0.0675387 -0.352008 -0.0673124 -0.379765 -0.0672265 -0.407909 -0.0673266 -0.436047 -0.0675226 -0.463588 -0.0672283 -0.49123 -0.0668293 
3.795 0.108725 -0.015491 0.0818001 -0.0151336 0.055087 -0.0148991 0.0283273 -0.0149853 0.00155789 -0.0148159 -0.024755 -0.0143092 -0.0513544 -0.0138961 
4.434 -0.0556362 0.047514 -0.0785468 0.0478384 -0.10136 0.0480969 -0.124422 0.04805 -0.147446 0.0480992 -0.169845 0.0484966 -0.192444 0.0489828 
3.639 0.376496 -0.0456239 0.344462 -0.0453385 0.312467 -0.0450797 0.280236 -0.0453396 0.248152 -0.0451324 0.216702 -0.0445282 0.185184 -0.0436922 
3.236 -0.437091 -0.10452 -0.468572 -0.104356 -0.49983 -0.10427 -0.531594 -0.104417 -0.563103 -0.104723 -0.593754 -0.104374 -0.624326 -0.103965 
3.912 -0.261772 -0.0545268 -0.288079 -0.0542567 -0.314156 -0.0541497 -0.340694 -0.0542426 -0.367084 -0.0543638 -0.393009 -0.0540575 -0.419061 -0.0536383 
3.549 -0.356965 -0.161361 -0.38603 -0.161186 -0.414458 -0.161078 -0.443375 -0.161246 -0.472128 -0.161527 -0.500332 -0.161146 -0.528507 -0.160688 
2.229 0.0169566 0.174209 -0.0203006 0.174711 -0.0572989 0.175055 -0.0947616 0.175119 -0.132375 0.175539 -0.169463 0.176409 -0.207002 0.177004 
3.209 -0.437776 -0.0675387 -0.469426 -0.0672202 -0.50077 -0.0670733 -0.532682 -0.0670773 -0.564433 -0.0672359 -0.595255 -0.0669277 -0.62609 -0.0664818 
1.869 0.173784 0.259129 0.119469 0.259367 0.0659175 0.259394 0.0121863 0.259204 -0.0416947 0.259561 -0.0950745 0.260304 -0.148515 0.261224 
3.275 0.342254 -0.00932749 0.307026 -0.009055 0.271989 -0.00886899 0.236909 -0.00905592 0.202075 -0.00886043 0.167525 -0.00815674 0.133217 -0.00734888 
3.322 0.36143 -0.00864265 0.3291 -0.0083817 0.297139 -0.0081546 0.264827 -0.00840594 0.232602 -0.00820614 0.200885 -0.00754739 0.169227 -0.00682857 
3.52 0.0676346 0.0742227 0.0974987 0.0759402 0.0712621 0.0763102 0.0447079 0.0760707 0.0182056 0.0762221 -0.00804025 0.0767399 -0.0342039 0.0771876 
3.383 -0.389152 -0.0332968 -0.419343 -0.0330017 -0.449489 -0.0328653 -0.480068 -0.0328671 -0.51056 -0.0330127 -0.540313 -0.0327958 -0.570209 -0.0322962 
3.686 -0.156307 0.039296 -0.184702 0.0394697 -0.21259 0.0397368 -0.241126 0.0395966 -0.269761 0.0395474 -0.297879 0.0398223 -0.325938 0.040329 
2.795 0.620299 -0.180537 0.586317 -0.180279 0.552472 -0.180107 0.518171 -0.180344 0.483988 -0.179971 0.44992 -0.179029 0.415794 -0.177959 
3.898 -0.267936 -0.0668539 -0.294573 -0.0666923 -0.320896 -0.0665784 -0.347643 -0.0666543 -0.374415 -0.066807 -0.400538 -0.0665509 -0.426815 -0.0660252 
3.045 0.313491 -0.0285029 0.278871 -0.02801 0.244651 -0.0277937 0.210593 -0.0279957 0.176538 -0.0277414 0.142779 -0.0271673 0.108928 -0.0264158 
3.436 -0.378195 -0.0887687 -0.407884 -0.0884935 -0.437381 -0.0885104 -0.467372 -0.0886115 -0.497295 -0.088941 -0.526468 -0.0885584 -0.55569 -0.0879627 
3.248 -0.439145 -0.176428 -0.470446 -0.176174 -0.50168 -0.176067 -0.53323 -0.176121 -0.564493 -0.176313 -0.594811 -0.175862 -0.625149 -0.175297 
3.801 0.117628 -0.0380907 0.0906423 -0.0378168 0.064048 -0.0376415 0.0371629 -0.0377358 0.01042 -0.0375236 -0.0160117 -0.0370667 -0.0425313 -0.0364484 
1.771 0.0881797 0.301589 0.0304223 0.301713 -0.0268648 0.301808 -0.0845277 0.301831 -0.14254 0.302184 -0.199926 0.302962 -0.25743 0.303941 
4.078 -0.249445 -0.214094 -0.274373 -0.213847 -0.299045 -0.213713 -0.324335 -0.213938 -0.349257 -0.214206 -0.373838 -0.213788 -0.398499 -0.213358 
3.643 0.366224 -0.0928777 0.334325 -0.0925229 0.302635 -0.0922539 0.270642 -0.0923697 0.238898 -0.0921051 0.207538 -0.0912836 0.176203 -0.0904452 
3.869 -0.278893 -0.146295 -0.305324 -0.146067 -0.331532 -0.146077 -0.358236 -0.14619 -0.384873 -0.14651 -0.410913 -0.146156 -0.437102 -0.145782 
2.801 0.63468 -0.087399 0.598758 -0.0872429 0.562897 -0.0871366 0.526603 -0.0873296 0.490394 -0.087131 0.454378 -0.0861479 0.418323 -0.0854119 
4.188 -0.235064 -0.236694 -0.25949 -0.236496 -0.283583 -0.236344 -0.308265 -0.236618 -0.332713 -0.236895 -0.356589 -0.236694 -0.380574 -0.236159 
3.342 -0.402849 -0.0805506 -0.433437 -0.0802738 -0.463762 -0.080152 -0.494546 -0.0802008 -0.525238 -0.0803994 -0.555152 -0.08013 -0.585075 -0.0797126 
2.779 0.651116 -0.0627448 0.61474 -0.0626048 0.579115 -0.0625546 0.542444 -0.0626399 0.506445 -0.0625699 0.470246 -0.0617326 0.433734 -0.060926 
3.623 0.401151 -0.036721 0.368503 -0.03637 0.336173 -0.0361404 0.303532 -0.0363428 0.271158 -0.0361516 0.239066 -0.0354271 0.207106 -0.0345905 
4.25 -0.213149 -0.123011 -0.237266 -0.122954 -0.261171 -0.12288 -0.285491 -0.123004 -0.30973 -0.123261 -0.333361 -0.12284 -0.357154 -0.122629 
3.168 -0.456951 -0.101781 -0.48946 -0.101597 -0.521635 -0.101536 -0.554318 -0.10168 -0.586612 -0.101942 -0.617955 -0.101552 -0.649181 -0.101116 
3.885 -0.272045 -0.0805506 -0.298805 -0.0803921 -0.32509 -0.080321 -0.352038 -0.0804448 -0.378729 -0.0806378 -0.404953 -0.0803608 -0.431335 -0.0800076 
3.238 -0.429558 -0.0237091 -0.461117 -0.0233946 -0.492359 -0.0232698 -0.524145 -0.0232834 -0.555793 -0.0234332 -0.586461 -0.023152 -0.617211 -0.0226975 
4.152 -0.213149 -0.0531571 -0.237407 -0.0528009 -0.261459 -0.052898 -0.28599 -0.052983 -0.310421 -0.0530951 -0.334375 -0.0526635 -0.358449 -0.0522221 
4.066 -0.171374 -0.0216546 -0.195697 -0.021398 -0.219422 -0.0213478 -0.243296 -0.0215396 -0.267088 -0.0216571 -0.290388 -0.0213155 -0.313965 -0.0210238 
4.355 -0.202876 -0.157937 -0.226415 -0.157859 -0.249746 -0.157839 -0.273628 -0.157947 -0.297292 -0.158228 -0.320397 -0.157784 -0.343679 -0.157553 
3.156 -0.454212 -0.0689084 -0.486555 -0.0685892 -0.5186 -0.0683791 -0.551062 -0.06846 -0.583316 -0.0686875 -0.614622 -0.0683585 -0.64583 -0.0678786 
3.596 -0.196028 0.104356 -0.224613 0.104924 -0.253136 0.105355 -0.282003 0.105579 -0.311139 0.105674 -0.339604 0.106247 -0.368048 0.107006 
4.125 -0.120011 -0.0531571 -0.143745 -0.0529157 -0.16734 -0.0528217 -0.191081 -0.0528147 -0.215041 -0.0529512 -0.238666 -0.0526432 -0.262299 -0.0521418 
2.969 -0.39874 0.152979 -0.433588 0.153383 -0.468223 0.153674 -0.503279 0.153836 -0.538448 0.153843 -0.572579 0.154161 -0.6068 0.154524 
3.293 0.401835 -0.00932749 0.369477 -0.00906792 0.337333 -0.00885299 0.305011 -0.00910934 0.272885 -0.00895999 0.241048 -0.00825321 0.209198 -0.00754325 
3.793 0.112834 -0.188755 0.0856963 -0.18836 0.0589392 -0.187972 0.0320015 -0.188022 0.00528119 -0.188019 -0.0212384 -0.187567 -0.0476966 -0.186743 
2.873 0.57236 -0.16684 0.538661 -0.166628 0.50553 -0.166494 0.471639 -0.16671 0.438153 -0.166492 0.404773 -0.165641 0.370569 -0.164469 
3.781 -0.315875 0.0269689 -0.342874 0.0271998 -0.36977 0.0273879 -0.396944 0.0272389 -0.424256 0.0269907 -0.450954 0.0272766 -0.477892 0.027723 
3.809 0.0854404 -0.211355 0.0588185 -0.210995 0.0321893 -0.21071 0.00503165 -0.210851 -0.0215989 -0.210657 -0.0476083 -0.210137 -0.0739676 -0.209531 
3.805 0.102561 0.0119025 0.0757622 0.012187 0.0492079 0.0123885 0.0224041 0.0121648 -0.00415012 0.0122259 -0.0305031 0.0127802 -0.0569855 0.0132671 
3.771 -0.16658 0.0262841 -0.19468 0.0266294 -0.222561 0.0268206 -0.251002 0.0267569 -0.279408 0.026745 -0.307431 0.0270989 -0.335387 0.0276232 
2.791 0.638104 -0.0572661 0.602101 -0.0572032 0.566691 -0.0569575 0.529969 -0.0574127 0.493664 -0.0572041 0.45758 -0.0563951 0.421552 -0.0558149 
3.691 -0.275469 0.0324476 -0.30417 0.0327969 -0.332642 0.033025 -0.361486 0.0330985 -0.390362 0.0331467 -0.418737 0.0337013 -0.447192 0.0340555 
2.799 0.61619 -0.151089 0.582181 -0.150924 0.548124 -0.15077 0.513543 -0.150949 0.479347 -0.150749 0.445177 -0.149765 0.410979 -0.148823 
2.816 -0.365868 0.169415 -0.400648 0.169984 -0.435137 0.170469 -0.469929 0.170883 -0.504888 0.171111 -0.539226 0.171538 -0.57347 0.172036 
3.41 -0.387098 -0.110683 -0.417029 -0.110568 -0.446689 -0.110533 -0.476906 -0.110676 -0.50696 -0.110916 -0.536323 -0.110557 -0.565683 -0.110071 
3.926 0.0183263 -0.198343 -0.00744302 -0.198054 -0.0332663 -0.197657 -0.0594892 -0.19772 -0.0853101 -0.197755 -0.1104 -0.197483 -0.136002 -0.196815 
4.129 -0.160416 -0.0613752 -0.184563 -0.0611864 -0.208555 -0.0611092 -0.233324 -0.061244 -0.257893 -0.0614085 -0.281037 -0.0612508 -0.303885 -0.0610865 
3.811 0.0847555 -0.0743871 0.0582441 -0.0742264 0.0319706 -0.0740273 0.00528855 -0.074168 -0.0210873 -0.0742095 -0.0471762 -0.0737335 -0.0733389 -0.0731301 
3.604 -0.337789 -0.0709629 -0.366363 -0.0706048 -0.394707 -0.0703743 -0.423623 -0.0703608 -0.452403 -0.0704279 -0.480601 -0.069935 -0.508924 -0.0693566 
1.654 0.0224353 0.289947 -0.0382266 0.29042 -0.0988818 0.290893 -0.15974 0.291312 -0.221178 0.291919 -0.281836 0.29282 -0.342928 0.293776 
3.336 -0.415861 -0.166155 -0.446781 -0.165989 -0.477141 -0.165876 -0.507933 -0.165964 -0.538223 -0.166147 -0.568394 -0.165866 -0.59836 -0.165402 
2.867 -0.318614 0.158458 -0.355941 0.158921 -0.392989 0.159262 -0.430671 0.159438 -0.468484 0.159518 -0.505364 0.159908 -0.542605 0.160425 
3.334 -0.410382 -0.112738 -0.441055 -0.112573 -0.471483 -0.112445 -0.502423 -0.112512 -0.533293 -0.112688 -0.563189 -0.112309 -0.593133 -0.111792 
3.625 -0.242597 0.0427202 -0.271467 0.042984 -0.300194 0.0431836 -0.329367 0.0431335 -0.358447 0.0430437 -0.387163 0.0435279 -0.415889 0.0439775 
3.816 0.105301 0.0365566 0.0784133 0.0367961 0.0519759 0.0368561 0.0250344 0.0366995 -0.00155051 0.0368313 -0.0279627 0.037282 -0.0543721 0.0379189 
3.602 -0.184386 0.122161 -0.213135 0.122608 -0.241612 0.122914 -0.270763 0.122949 -0.29977 0.122991 -0.328326 0.123323 -0.356991 0.124044 
3.631 -0.184386 0.0413505 -0.213248 0.0415666 -0.241744 0.0416909 -0.270721 0.0416746 -0.299906 0.0416853 -0.328367 0.0422895 -0.357063 0.0427231 
3.814 0.118997 0.0338173 0.0920199 0.0340272 0.0653581 0.0340644 0.0385049 0.0339869 0.0116388 0.0341433 -0.014782 0.0344598 -0.0413075 0.0352747 
3.109 -0.240542 0.125586 -0.273516 0.125992 -0.306168 0.12614 -0.33908 0.126097 -0.372157 0.126073 -0.404631 0.126518 -0.437388 0.126951 
2.896 -0.302178 0.146131 -0.337397 0.146714 -0.37211 0.146925 -0.407456 0.146984 -0.442911 0.146978 -0.477647 0.147301 -0.512517 0.147822 
3.482 -0.371346 -0.149719 -0.400467 -0.149311 -0.429373 -0.149021 -0.458847 -0.149084 -0.488172 -0.149196 -0.516823 -0.148902 -0.545492 -0.148456 
3.209 -0.446679 -0.116847 -0.478483 -0.11662 -0.509875 -0.116445 -0.541643 -0.116457 -0.573101 -0.116576 -0.603922 -0.116185 -0.634617 -0.115646 
3.545 -0.256978 0.0625805 -0.285737 0.0631674 -0.314443 0.0635235 -0.343492 0.0636701 -0.372599 0.0638019 -0.401132 0.064359 -0.430016 0.0647579 
2.791 0.63605 -0.0730174 0.599946 -0.0726198 0.564173 -0.0726729 0.527452 -0.0724534 0.491194 -0.0720833 0.455284 -0.0712834 0.419134 -0.0705829 
