3.588 -0.382304 -0.374346 -0.37167 -0.364349 -0.362224 -0.354793 -0.352694 -0.346377 -0.343518 -0.338354 -0.373327 -0.365888 -0.362926 -0.356383 
3.695 -0.343953 -0.401739 -0.334578 -0.391253 -0.326282 -0.38123 -0.317859 -0.37232 -0.309669 -0.363815 -0.335088 -0.393242 -0.325901 -0.383263 
3.639 -0.363128 -0.369552 -0.353087 -0.359777 -0.344232 -0.350411 -0.33526 -0.342174 -0.326618 -0.334317 -0.354161 -0.361157 -0.344398 -0.351878 
3.436 -0.437776 -0.235324 -0.425058 -0.228884 -0.41369 -0.222581 -0.402419 -0.217326 -0.391604 -0.21232 -0.42872 -0.227277 -0.416229 -0.221132 
3.59 -0.382989 -0.394891 -0.372341 -0.384382 -0.362877 -0.374267 -0.353351 -0.365361 -0.344169 -0.356838 -0.373955 -0.386374 -0.363546 -0.376318 
1.366 0.607287 0.224887 0.568479 0.209297 0.5346 0.196223 0.504212 0.183914 0.477534 0.173347 0.407215 0.148424 0.394689 0.141708 
3.611 -0.359704 -0.0757567 -0.349376 -0.0739104 -0.340313 -0.0718339 -0.331176 -0.0705924 -0.32249 -0.0693536 -0.351382 -0.0681547 -0.341336 -0.0665302 
3.824 -0.29396 -0.372291 -0.286237 -0.363036 -0.279499 -0.354111 -0.272576 -0.346282 -0.265818 -0.338754 -0.285265 -0.364056 -0.277745 -0.355247 
4.742 -0.0172853 -0.044939 -0.0168628 -0.0442836 -0.0166216 -0.0433501 -0.0161911 -0.0430782 -0.0156986 -0.0426081 -0.00924385 -0.0377862 -0.00865975 -0.0373432 
3.588 -0.383673 -0.414751 -0.373059 -0.403724 -0.363604 -0.39317 -0.354115 -0.38381 -0.344943 -0.374843 -0.374611 -0.406159 -0.364228 -0.395614 
4.141 -0.180277 -0.0538419 -0.17566 -0.0528498 -0.171714 -0.0514637 -0.167533 -0.0508734 -0.1635 -0.0501646 -0.172248 -0.0465642 -0.16773 -0.0456677 
3.623 -0.367237 -0.413382 -0.357172 -0.402534 -0.348256 -0.392127 -0.339238 -0.382877 -0.330517 -0.374067 -0.358223 -0.404818 -0.348383 -0.394434 
3.615 -0.365183 -0.155198 -0.354763 -0.151223 -0.345645 -0.147186 -0.336416 -0.144023 -0.327641 -0.140987 -0.356669 -0.147448 -0.346529 -0.143792 
3.693 -0.344638 -0.383934 -0.335226 -0.373928 -0.326911 -0.36433 -0.318503 -0.355851 -0.310322 -0.347787 -0.33577 -0.375549 -0.326595 -0.365996 
3.736 -0.325462 -0.396261 -0.316663 -0.386073 -0.308905 -0.376271 -0.301022 -0.367625 -0.293341 -0.359329 -0.316625 -0.38787 -0.308071 -0.378161 
3.682 -0.347377 -0.368182 -0.337955 -0.358615 -0.329651 -0.349411 -0.321156 -0.341302 -0.312989 -0.333581 -0.338545 -0.359875 -0.329316 -0.350732 
3.795 -0.309026 -0.374346 -0.300804 -0.364877 -0.293551 -0.35573 -0.28616 -0.347727 -0.278969 -0.340049 -0.300321 -0.366079 -0.292233 -0.357031 
3.602 -0.361074 -0.101096 -0.350714 -0.0986507 -0.341665 -0.0958871 -0.332485 -0.0940595 -0.323784 -0.0922978 -0.352713 -0.0935883 -0.34261 -0.0912432 
3.795 -0.308341 -0.354486 -0.300131 -0.345513 -0.292946 -0.336895 -0.285537 -0.329311 -0.278405 -0.322043 -0.299648 -0.346282 -0.291645 -0.337788 
4.027 -0.219997 -0.0586358 -0.214276 -0.0574922 -0.209425 -0.0560265 -0.204326 -0.0553523 -0.199424 -0.0545514 -0.211887 -0.051295 -0.206333 -0.0502851 
3.691 -0.343953 -0.420915 -0.334608 -0.409926 -0.326335 -0.39942 -0.317929 -0.390103 -0.309758 -0.381147 -0.335092 -0.412358 -0.325923 -0.401897 
4.148 -0.182331 -0.190809 -0.17773 -0.186491 -0.173874 -0.182176 -0.169748 -0.178705 -0.165701 -0.175248 -0.174126 -0.183307 -0.169651 -0.179344 
3.842 -0.293275 -0.353116 -0.285582 -0.344285 -0.278865 -0.335805 -0.271968 -0.328351 -0.265243 -0.32121 -0.284663 -0.344937 -0.277159 -0.336588 
3.625 -0.365868 -0.392152 -0.355823 -0.38184 -0.346965 -0.371966 -0.337958 -0.363217 -0.32925 -0.35491 -0.35686 -0.38362 -0.347086 -0.3738 
4.598 -0.0556362 -0.036721 -0.0541634 -0.0362633 -0.0531272 -0.0353991 -0.0517832 -0.035299 -0.0504535 -0.0350175 -0.0476347 -0.0295847 -0.0461199 -0.0292401 
3.777 -0.31245 -0.416121 -0.304202 -0.405592 -0.296903 -0.395468 -0.289479 -0.386509 -0.282231 -0.377949 -0.303614 -0.407591 -0.295543 -0.397565 
3.887 -0.274099 -0.345583 -0.266855 -0.337046 -0.260559 -0.328802 -0.254034 -0.3216 -0.247723 -0.31465 -0.265485 -0.337529 -0.258467 -0.329438 
3.738 -0.326832 -0.37914 -0.318021 -0.369411 -0.310285 -0.360066 -0.302407 -0.351856 -0.29472 -0.343963 -0.318044 -0.370816 -0.309455 -0.361571 
3.738 -0.326147 -0.35928 -0.317402 -0.350083 -0.309674 -0.3412 -0.301799 -0.333434 -0.294158 -0.325966 -0.317406 -0.351047 -0.308829 -0.342282 
3.838 -0.291905 -0.388043 -0.284241 -0.378346 -0.277553 -0.369007 -0.270627 -0.360758 -0.263896 -0.352857 -0.28328 -0.379818 -0.27582 -0.370574 
3.887 -0.275469 -0.401739 -0.268243 -0.391765 -0.261945 -0.382201 -0.255401 -0.373721 -0.24902 -0.365579 -0.266835 -0.39343 -0.259754 -0.383976 
3.539 -0.400794 -0.238063 -0.389251 -0.231633 -0.379089 -0.225296 -0.368884 -0.220034 -0.359112 -0.21497 -0.391898 -0.230145 -0.380727 -0.224057 
3.721 -0.330256 -0.4216 -0.321427 -0.410803 -0.313618 -0.400438 -0.305699 -0.391263 -0.297939 -0.38245 -0.321356 -0.413021 -0.312713 -0.402715 
3.795 -0.309026 -0.392837 -0.300766 -0.382882 -0.293551 -0.373288 -0.286154 -0.364825 -0.278934 -0.356705 -0.30027 -0.384507 -0.29222 -0.37502 
3.764 -0.302863 -0.066169 -0.294675 -0.0647381 -0.287557 -0.0629952 -0.280244 -0.0619634 -0.273302 -0.0610091 -0.29471 -0.0588808 -0.286727 -0.0575177 
4.523 0.0669497 0.00231475 0.0656489 0.00189956 0.0641759 0.00196573 0.0630874 0.00127199 0.0621175 0.000950928 0.0753827 0.00943219 0.0742477 0.00896859 
3.688 -0.330941 -0.130544 -0.321894 -0.127358 -0.313993 -0.123975 -0.305884 -0.121525 -0.298193 -0.119104 -0.322605 -0.123016 -0.313795 -0.120039 
3.887 -0.275469 -0.383249 -0.268275 -0.373778 -0.261997 -0.364625 -0.255454 -0.356573 -0.249091 -0.348843 -0.26687 -0.375021 -0.259812 -0.365972 
3.838 -0.29259 -0.407218 -0.284876 -0.397015 -0.278141 -0.387204 -0.271218 -0.378542 -0.264449 -0.370195 -0.283887 -0.398861 -0.276384 -0.389135 
3.473 -0.417231 -0.197658 -0.405255 -0.192372 -0.394665 -0.187104 -0.384035 -0.182847 -0.373909 -0.178772 -0.408508 -0.189862 -0.396785 -0.184881 
3.436 -0.434351 -0.203821 -0.421542 -0.198217 -0.410168 -0.19262 -0.398855 -0.18811 -0.388055 -0.183777 -0.425564 -0.195963 -0.413104 -0.190621 
4.051 -0.0433091 -0.0100123 -0.0420214 -0.0102072 -0.0412177 -0.00988367 -0.0401257 -0.0103977 -0.0389991 -0.0106391 -0.0351848 -0.00288364 -0.0339337 -0.00312524 
3.887 -0.273415 -0.362704 -0.266178 -0.353712 -0.259923 -0.345072 -0.253404 -0.337454 -0.24709 -0.330129 -0.264779 -0.354579 -0.257801 -0.346049 
4.703 -0.052212 -0.100411 -0.0509674 -0.0984561 -0.0501227 -0.0962313 -0.0489559 -0.0947733 -0.0477347 -0.0932066 -0.0442078 -0.0933353 -0.0428885 -0.0915594 
4.859 -0.00358855 -0.100411 -0.00333951 -0.098454 -0.00329106 -0.0962409 -0.00306756 -0.0947779 -0.00273877 -0.0931791 0.00440676 -0.0934474 0.00479963 -0.091647 
4.148 -0.0261882 -0.0182304 -0.0254252 -0.0181089 -0.0249525 -0.017604 -0.0241672 -0.0178088 -0.0233791 -0.0178084 -0.0181539 -0.0110332 -0.0172896 -0.0110264 
3.623 -0.355595 -0.136022 -0.345619 -0.132535 -0.336824 -0.128905 -0.327901 -0.126187 -0.319393 -0.12356 -0.347294 -0.128489 -0.337562 -0.125222 
3.953 -0.244651 -0.174373 -0.238248 -0.170325 -0.232794 -0.166221 -0.227061 -0.162921 -0.221569 -0.159713 -0.23634 -0.166886 -0.23017 -0.163076 
3.969 -0.0597452 0.0454595 -0.0581345 0.0438943 -0.0568883 0.042957 -0.0553909 0.0412167 -0.0539258 0.0398675 -0.0518034 0.0528151 -0.0500786 0.0512432 
3.719 -0.326832 -0.185331 -0.317853 -0.180622 -0.310071 -0.175896 -0.302129 -0.172141 -0.294505 -0.168494 -0.318221 -0.177679 -0.309465 -0.173251 
4.258 0.0162717 0.0427202 0.0160614 0.0412951 0.0155389 0.0404806 0.0153079 0.0389322 0.0151857 0.0376539 0.0245595 0.0500592 0.0244671 0.048646 
3.756 -0.316559 -0.213409 -0.307928 -0.20808 -0.300405 -0.20279 -0.292729 -0.198472 -0.285349 -0.194268 -0.308077 -0.205686 -0.299666 -0.200693 
3.859 -0.278208 -0.179167 -0.270861 -0.174834 -0.264475 -0.17047 -0.257925 -0.166998 -0.251578 -0.163611 -0.269798 -0.171581 -0.262709 -0.167544 
4.625 -0.0412546 -0.0415149 -0.0401334 -0.0409585 -0.0393966 -0.0400202 -0.0383046 -0.0398146 -0.0372664 -0.039263 -0.0331898 -0.0344276 -0.0319904 -0.0338749 
4.68 -0.0446788 -0.0757567 -0.0435063 -0.0743467 -0.04269 -0.0726139 -0.0416536 -0.0716314 -0.0405517 -0.0705014 -0.0366214 -0.068697 -0.0353472 -0.0674495 
4.828 -0.0213943 -0.100411 -0.0207151 -0.0984243 -0.0203418 -0.0962277 -0.0197518 -0.0947445 -0.0189862 -0.0931493 -0.0133584 -0.0933833 -0.0125836 -0.0915847 
3.934 -0.242597 -0.0908232 -0.236245 -0.0888018 -0.230847 -0.0864981 -0.225228 -0.0850531 -0.219848 -0.0835949 -0.234411 -0.0834863 -0.228253 -0.0816116 
3.344 -0.476127 -0.233954 -0.461863 -0.227338 -0.449145 -0.220851 -0.436566 -0.215493 -0.424543 -0.210344 -0.467046 -0.225912 -0.453131 -0.219625 
3.697 -0.332995 -0.154513 -0.323805 -0.150672 -0.315895 -0.14679 -0.307756 -0.143854 -0.300047 -0.140945 -0.324612 -0.146898 -0.315717 -0.143335 
3.523 -0.402164 -0.224367 -0.390694 -0.218326 -0.380549 -0.212482 -0.370321 -0.207594 -0.360589 -0.20289 -0.393336 -0.216346 -0.382132 -0.210723 
3.873 -0.277524 -0.216148 -0.27024 -0.210921 -0.263907 -0.205675 -0.257336 -0.201374 -0.251075 -0.197204 -0.269198 -0.208556 -0.262003 -0.203588 
3.688 -0.340529 -0.216833 -0.331361 -0.211341 -0.323283 -0.205907 -0.314985 -0.20139 -0.307148 -0.197081 -0.332333 -0.209116 -0.323172 -0.20391 
4.156 -0.183701 -0.204506 -0.179069 -0.199943 -0.175184 -0.195323 -0.171051 -0.191577 -0.16699 -0.187824 -0.175474 -0.197035 -0.171003 -0.19273 
3.65 -0.35491 -0.192864 -0.344975 -0.187894 -0.336329 -0.182941 -0.32763 -0.178956 -0.319152 -0.175124 -0.346483 -0.185128 -0.336933 -0.180477 
3.75 -0.308341 -0.0805506 -0.300012 -0.0787476 -0.29271 -0.0765154 -0.285286 -0.0752406 -0.278197 -0.0738928 -0.300187 -0.0731847 -0.292037 -0.0714389 
2.758 0.0683194 0.0481989 0.067111 0.0466695 0.0656257 0.0457859 0.0644473 0.0442316 0.0632956 0.0430197 0.0770899 0.0549809 0.0759515 0.0534791 
4.301 0.0313382 0.0420353 0.0306525 0.0406096 0.0298081 0.0397635 0.0292347 0.0382024 0.0287836 0.036914 0.0397537 0.0493207 0.0392607 0.0478713 
3.922 -0.257663 -0.181907 -0.251039 -0.177635 -0.245075 -0.173287 -0.239203 -0.169854 -0.233244 -0.166428 -0.249393 -0.174395 -0.242866 -0.170364 
4.082 -0.202876 -0.150404 -0.197726 -0.147046 -0.19339 -0.143597 -0.188757 -0.140945 -0.184337 -0.138328 -0.19467 -0.142999 -0.189668 -0.139867 
3.789 -0.302178 -0.184646 -0.29406 -0.18004 -0.287009 -0.175473 -0.279693 -0.17181 -0.272692 -0.168229 -0.293673 -0.17699 -0.285856 -0.172724 
4.246 -0.00427339 -0.0196001 -0.00401561 -0.0194681 -0.00397757 -0.0190355 -0.00373017 -0.0192159 -0.00341274 -0.0192099 0.00382984 -0.012482 0.00421088 -0.0124724 
4.074 -0.206985 -0.197658 -0.201785 -0.193142 -0.197157 -0.188605 -0.192415 -0.184932 -0.187714 -0.181309 -0.19861 -0.190122 -0.193559 -0.185953 
4.738 -0.0378304 -0.0969867 -0.0367996 -0.0950162 -0.0361317 -0.092873 -0.0352074 -0.0914237 -0.0341976 -0.0898822 -0.0297472 -0.0898866 -0.0286711 -0.088153 
3.877 -0.283002 -0.323668 -0.275571 -0.315706 -0.269132 -0.307874 -0.262491 -0.301085 -0.255989 -0.294606 -0.274447 -0.31575 -0.267213 -0.308071 
4.469 -0.100836 -0.138077 -0.0984212 -0.135394 -0.0965378 -0.13247 -0.0943064 -0.13025 -0.0921059 -0.128009 -0.0928218 -0.130918 -0.0903631 -0.128366 
4.48 -0.100836 -0.163416 -0.0983803 -0.160062 -0.0964519 -0.156613 -0.0942068 -0.153908 -0.0919235 -0.151191 -0.0927797 -0.156183 -0.090306 -0.153069 
4.641 -0.0549514 -0.0531571 -0.0535241 -0.0522428 -0.0524826 -0.0510103 -0.0511773 -0.0505936 -0.049855 -0.0499268 -0.0469309 -0.0460236 -0.0454611 -0.0452935 
4.668 -0.0638543 -0.225736 -0.0623931 -0.221252 -0.0613464 -0.216698 -0.0599763 -0.212993 -0.0585306 -0.209221 -0.0557855 -0.218472 -0.0542897 -0.214323 
3.689 -0.339844 -0.173004 -0.330475 -0.168596 -0.322268 -0.164077 -0.31386 -0.160509 -0.305953 -0.157046 -0.331359 -0.165381 -0.322202 -0.161168 
4.695 -0.0590604 -0.273675 -0.0576664 -0.268224 -0.0566627 -0.262758 -0.0553653 -0.258149 -0.0539607 -0.253514 -0.0509004 -0.266407 -0.0494766 -0.261241 
3.51 -0.404219 -0.171634 -0.392559 -0.167142 -0.382553 -0.162593 -0.372273 -0.159027 -0.362364 -0.155579 -0.395647 -0.163897 -0.384389 -0.159673 
4.707 -0.0357759 -0.0558965 -0.0347819 -0.0551617 -0.0342008 -0.0539165 -0.0333263 -0.0534494 -0.0323692 -0.0528001 -0.027669 -0.0488372 -0.026696 -0.0480943 
3.832 -0.298069 -0.317504 -0.290045 -0.309466 -0.282967 -0.3016 -0.275772 -0.294867 -0.268799 -0.288382 -0.289454 -0.309545 -0.281641 -0.301892 
3.775 -0.294645 -0.0949322 -0.286487 -0.09271 -0.279414 -0.0902254 -0.272139 -0.0885906 -0.265232 -0.0870145 -0.286405 -0.0874905 -0.278471 -0.0854373 
3.766 -0.308341 -0.149034 -0.30006 -0.145369 -0.292913 -0.141695 -0.285537 -0.138802 -0.278517 -0.136011 -0.30001 -0.141458 -0.292001 -0.13812 
3.705 -0.320668 -0.070278 -0.311759 -0.0687897 -0.303904 -0.0669262 -0.295926 -0.0659353 -0.288279 -0.064941 -0.312464 -0.0628244 -0.303708 -0.0614567 
3.857 -0.274784 -0.16547 -0.267376 -0.161419 -0.261095 -0.157318 -0.254533 -0.154128 -0.248249 -0.150937 -0.266372 -0.157974 -0.259322 -0.154196 
4.695 -0.0624846 -0.206561 -0.0609939 -0.202492 -0.0599583 -0.19835 -0.058612 -0.194783 -0.0572441 -0.191519 -0.0543821 -0.199406 -0.052883 -0.195507 
4.426 -0.10152 -0.0524723 -0.0990292 -0.0515498 -0.0970283 -0.0503161 -0.0947889 -0.0499012 -0.0924483 -0.0493178 -0.0935341 -0.0452863 -0.0910107 -0.0445863 
4.289 0.00873853 -0.0264484 0.00871834 -0.0262141 0.00841229 -0.0255924 0.00844581 -0.025706 0.0085195 -0.0255837 0.0168608 -0.0193471 0.0169812 -0.0193101 
3.148 -0.548719 -0.181222 -0.531382 -0.175897 -0.515926 -0.170548 -0.500605 -0.166264 -0.486205 -0.162242 -0.539525 -0.173293 -0.522567 -0.168134 
4.297 -0.14398 -0.152459 -0.140357 -0.149157 -0.137378 -0.145741 -0.134098 -0.143226 -0.130885 -0.14053 -0.135886 -0.145103 -0.132314 -0.142147 
3.951 -0.247391 -0.142186 -0.240994 -0.138741 -0.235556 -0.135241 -0.22989 -0.132662 -0.224424 -0.130117 -0.239123 -0.134621 -0.232945 -0.131595 
4.281 -0.14535 -0.175743 -0.141715 -0.172057 -0.138723 -0.168068 -0.135402 -0.164933 -0.132168 -0.161841 -0.13727 -0.168431 -0.133633 -0.164817 
4.809 0.0176414 -0.102465 0.0174338 -0.100448 0.016989 -0.0980946 0.0168344 -0.0965734 0.0168184 -0.0948912 0.0257915 -0.0955785 0.0256913 -0.0936419 
3.516 -0.402849 -0.199712 -0.391294 -0.194356 -0.381103 -0.18903 -0.37081 -0.184704 -0.360945 -0.180565 -0.394108 -0.191931 -0.382809 -0.186879 
4.645 -0.0686481 -0.256554 -0.0670258 -0.251404 -0.0658041 -0.24612 -0.0642991 -0.241832 -0.0627272 -0.237426 -0.0605518 -0.249212 -0.0588958 -0.244344 
3.957 -0.255609 -0.308602 -0.248971 -0.301048 -0.243261 -0.293689 -0.237315 -0.287332 -0.231479 -0.281164 -0.247088 -0.30073 -0.240667 -0.293568 
3.502 -0.402164 -0.131229 -0.390547 -0.127867 -0.380429 -0.124307 -0.370136 -0.121746 -0.360377 -0.119259 -0.393511 -0.123578 -0.382335 -0.12043 
3.164 -0.542556 -0.203137 -0.525561 -0.197162 -0.510337 -0.191244 -0.495322 -0.186372 -0.481103 -0.181863 -0.533407 -0.195134 -0.516786 -0.189385 
3.17 -0.543241 -0.225051 -0.526219 -0.21844 -0.510936 -0.211926 -0.495878 -0.206556 -0.481566 -0.201376 -0.534 -0.217056 -0.517321 -0.210625 
4.191 -0.178222 -0.286002 -0.173725 -0.27939 -0.169946 -0.272916 -0.165884 -0.267373 -0.161876 -0.261945 -0.169972 -0.27836 -0.165595 -0.272134 
3.574 -0.380249 -0.151089 -0.369446 -0.147206 -0.359997 -0.143204 -0.35042 -0.14018 -0.341388 -0.137233 -0.371917 -0.143479 -0.361446 -0.139812 
4.387 0.0607862 0.0201205 0.0596197 0.0193174 0.0582497 0.0190417 0.0571538 0.0179753 0.0562128 0.0171902 0.0692463 0.0273929 0.0682254 0.0264739 
3.623 -0.181646 0.068744 -0.176839 0.0663516 -0.172566 0.0647389 -0.168104 0.0622639 -0.163767 0.0602332 -0.173643 0.076171 -0.168965 0.0738055 
4.598 -0.0830297 -0.25176 -0.081035 -0.246488 -0.0794627 -0.241328 -0.0776401 -0.236884 -0.075731 -0.232507 -0.0749626 -0.244326 -0.0729078 -0.239522 
3.785 -0.296699 -0.12438 -0.288509 -0.121374 -0.281387 -0.118296 -0.27408 -0.115964 -0.267102 -0.113715 -0.288388 -0.116889 -0.280441 -0.114137 
4.605 -0.0727572 -0.10315 -0.0709995 -0.101143 -0.0695885 -0.0988253 -0.0679295 -0.0973285 -0.0662687 -0.0957089 -0.0648115 -0.0960604 -0.0629167 -0.0942271 
3.424 -0.437091 -0.166155 -0.424124 -0.16156 -0.412624 -0.156902 -0.401162 -0.153298 -0.390263 -0.149834 -0.428256 -0.158377 -0.415641 -0.153988 
4.406 -0.119326 -0.25176 -0.116441 -0.246331 -0.114151 -0.240969 -0.111532 -0.236404 -0.108896 -0.231991 -0.111225 -0.244351 -0.108349 -0.239265 
4.293 0.0155869 -0.00521846 0.0153421 -0.0054836 0.0148077 -0.00529809 0.0146282 -0.00584449 0.014484 -0.00613993 0.0238888 0.00193563 0.0237449 0.00156558 
3.533 -0.389837 -0.0860293 -0.378683 -0.083918 -0.368942 -0.0815678 -0.359056 -0.0801308 -0.349714 -0.0787012 -0.381508 -0.0784603 -0.370695 -0.0765445 
3.355 -0.476811 -0.25176 -0.462576 -0.244721 -0.449888 -0.237722 -0.437251 -0.231894 -0.42521 -0.226357 -0.467782 -0.24372 -0.45388 -0.237008 
4.098 -0.200822 -0.123011 -0.195655 -0.120384 -0.191443 -0.117528 -0.186745 -0.115511 -0.182361 -0.113452 -0.19275 -0.11572 -0.187597 -0.113215 
4.316 -0.0241337 -0.032612 -0.023508 -0.0322522 -0.0231216 -0.0314752 -0.0224312 -0.0314454 -0.0217799 -0.0312263 -0.0161815 -0.0255299 -0.015444 -0.0253021 
3.568 -0.37751 -0.115477 -0.366719 -0.112479 -0.357274 -0.109382 -0.347734 -0.107136 -0.338681 -0.104943 -0.369228 -0.107913 -0.358695 -0.105137 
3.771 -0.304232 -0.164786 -0.296031 -0.160744 -0.28888 -0.156576 -0.281524 -0.153344 -0.274512 -0.15016 -0.295886 -0.157227 -0.287889 -0.153433 
4.062 -0.202876 -0.0606903 -0.197482 -0.0595152 -0.192847 -0.0579728 -0.187848 -0.0572362 -0.18318 -0.0564104 -0.195186 -0.0534106 -0.189807 -0.0523014 
3.738 -0.311081 -0.112738 -0.302669 -0.109985 -0.295386 -0.10709 -0.287887 -0.105061 -0.280762 -0.103001 -0.302808 -0.10522 -0.294622 -0.102734 
3.428 -0.423394 -0.0894535 -0.410896 -0.0872261 -0.39985 -0.0847491 -0.38882 -0.083203 -0.378406 -0.0816951 -0.414849 -0.08183 -0.402702 -0.0797917 
4.539 -0.0837146 -0.130544 -0.0816598 -0.127992 -0.0800556 -0.12526 -0.0781626 -0.123267 -0.076292 -0.121212 -0.0756987 -0.123473 -0.0736093 -0.121062 
3.779 -0.296014 -0.0504178 -0.287901 -0.0493335 -0.280848 -0.0479819 -0.27365 -0.0474621 -0.26676 -0.0468646 -0.287893 -0.0428758 -0.279958 -0.0420484 
3.434 -0.432297 -0.14835 -0.419432 -0.144251 -0.40809 -0.140037 -0.396856 -0.136852 -0.386164 -0.133746 -0.423683 -0.140636 -0.411253 -0.136784 
4.113 -0.0672785 -0.0141214 -0.0655139 -0.0141347 -0.0641232 -0.0137013 -0.0624741 -0.0140008 -0.0608244 -0.0140827 -0.0593343 -0.00692834 -0.0575117 -0.00700789 
3.922 -0.238488 -0.0435694 -0.232208 -0.0427531 -0.226878 -0.0415898 -0.221286 -0.0412446 -0.215933 -0.0407958 -0.23039 -0.0361545 -0.224333 -0.0355401 
3.496 -0.405588 -0.113423 -0.393769 -0.110468 -0.383337 -0.107363 -0.372731 -0.105123 -0.362799 -0.102983 -0.397016 -0.105817 -0.385511 -0.103058 
3.621 -0.363813 -0.176428 -0.353458 -0.17185 -0.34428 -0.167216 -0.33509 -0.163534 -0.326311 -0.159929 -0.355239 -0.168805 -0.345151 -0.164457 
4.727 -0.0535817 -0.258608 -0.0522777 -0.253405 -0.05134 -0.248209 -0.0501086 -0.243845 -0.0487748 -0.23956 -0.0454787 -0.251286 -0.0441224 -0.246478 
3.984 -0.233009 -0.14698 -0.227031 -0.143631 -0.221885 -0.140063 -0.216526 -0.137443 -0.211234 -0.1348 -0.224498 -0.139514 -0.218667 -0.136389 
4.367 -0.12412 -0.109314 -0.121119 -0.107063 -0.118565 -0.104645 -0.115846 -0.102957 -0.113121 -0.101193 -0.116078 -0.102135 -0.113127 -0.100097 
4.109 -0.189864 -0.0668539 -0.185113 -0.0656551 -0.181145 -0.0640789 -0.176891 -0.0633079 -0.172807 -0.0624645 -0.181804 -0.0595727 -0.177182 -0.0584641 
4.145 -0.185755 -0.142186 -0.181198 -0.139063 -0.177316 -0.135749 -0.173211 -0.133327 -0.169226 -0.130882 -0.17756 -0.134816 -0.173089 -0.131872 
3.951 -0.254924 -0.233954 -0.248314 -0.228342 -0.242672 -0.222896 -0.236754 -0.218249 -0.231054 -0.213827 -0.246504 -0.226273 -0.240103 -0.221027 
4.016 -0.225476 -0.109999 -0.219569 -0.107531 -0.214433 -0.104846 -0.209198 -0.103008 -0.204029 -0.101125 -0.217321 -0.102615 -0.211547 -0.100336 
4.734 0.0395562 -0.0497329 0.0388368 -0.0491469 0.0378645 -0.048024 0.0371896 -0.047652 0.0366809 -0.0471641 0.0478017 -0.0428107 0.0471985 -0.0421601 
4.301 -0.137132 -0.087399 -0.133625 -0.0856356 -0.130666 -0.0836797 -0.127643 -0.0824186 -0.124429 -0.0811027 -0.129114 -0.0801179 -0.125727 -0.0786237 
4.648 -0.0631694 -0.126435 -0.0616582 -0.124045 -0.0605347 -0.1214 -0.0590924 -0.119627 -0.0576282 -0.117447 -0.0551884 -0.11938 -0.0536055 -0.117132 
4.402 -0.120696 -0.237378 -0.117794 -0.232242 -0.115433 -0.227036 -0.112753 -0.222704 -0.110081 -0.21848 -0.112608 -0.23006 -0.10969 -0.225134 
3.521 -0.399425 -0.157937 -0.38801 -0.153762 -0.378018 -0.149542 -0.367773 -0.146229 -0.358284 -0.143119 -0.39088 -0.150241 -0.379797 -0.146339 
3.398 -0.4412 -0.120956 -0.428065 -0.117658 -0.416435 -0.114181 -0.404772 -0.111674 -0.393796 -0.109252 -0.432408 -0.113297 -0.419609 -0.110181 
3.615 -0.359019 -0.0497329 -0.348716 -0.0486534 -0.339707 -0.0473059 -0.330558 -0.0467745 -0.321896 -0.0462164 -0.350799 -0.0421576 -0.340775 -0.0413267 
3.822 -0.282317 -0.10315 -0.274743 -0.100737 -0.268211 -0.0981551 -0.261459 -0.0964494 -0.254997 -0.0946426 -0.274023 -0.0956101 -0.266732 -0.0934447 
3.449 -0.424079 -0.160677 -0.411771 -0.156339 -0.400754 -0.151957 -0.38992 -0.148545 -0.379415 -0.145257 -0.415541 -0.152924 -0.403417 -0.148831 
4.27 -0.151513 -0.242857 -0.147715 -0.237383 -0.144567 -0.231862 -0.141104 -0.227327 -0.137678 -0.222807 -0.143358 -0.235418 -0.139607 -0.230212 
3.395 -0.434351 -0.0791809 -0.421327 -0.0771682 -0.409765 -0.0748607 -0.398222 -0.073484 -0.38734 -0.0721459 -0.425746 -0.0715754 -0.413035 -0.0697096 
2.283 0.160772 0.0516231 0.1564 0.0495996 0.152201 0.0483321 0.148418 0.0463488 0.145097 0.0447751 0.169578 0.0589629 0.165674 0.0570588 
4.051 -0.187125 -0.000424599 -0.182293 -0.000744238 -0.178186 -0.000634975 -0.173926 -0.00123621 -0.169775 -0.001669 -0.179192 0.00687533 -0.174511 0.00650733 
3.691 -0.326147 -0.0880838 -0.317105 -0.0861651 -0.309299 -0.0838884 -0.301283 -0.0825157 -0.293645 -0.081124 -0.317819 -0.0806963 -0.309098 -0.0788435 
4.336 -0.135762 -0.240118 -0.13247 -0.234805 -0.129681 -0.229473 -0.126661 -0.225036 -0.123655 -0.220638 -0.127648 -0.232755 -0.124362 -0.227668 
4.27 -0.14535 -0.133283 -0.141704 -0.130346 -0.138716 -0.127328 -0.135413 -0.124993 -0.132192 -0.122742 -0.137305 -0.126043 -0.133676 -0.123346 
4.078 -0.201507 -0.0997261 -0.196292 -0.0975491 -0.191962 -0.0951453 -0.187312 -0.0935718 -0.183037 -0.0919827 -0.192979 -0.0922993 -0.188106 -0.0903444 
3.885 -0.266566 -0.14561 -0.259455 -0.142159 -0.25332 -0.138472 -0.246999 -0.135832 -0.240896 -0.133093 -0.258246 -0.138121 -0.251334 -0.134891 
4.004 -0.098781 -0.0106972 -0.0962872 -0.0108007 -0.0938555 -0.0104337 -0.0916804 -0.0108326 -0.0891403 -0.0110183 -0.0912563 -0.00348388 -0.0883892 -0.00362403 
4.102 -0.196713 -0.163416 -0.191836 -0.15972 -0.187585 -0.155965 -0.183163 -0.15303 -0.178863 -0.150126 -0.188695 -0.156021 -0.183692 -0.152555 
4.332 -0.135077 -0.223682 -0.131824 -0.218792 -0.12914 -0.213909 -0.126094 -0.20991 -0.123182 -0.205996 -0.127044 -0.216278 -0.12377 -0.211732 
4.352 -0.129599 -0.199712 -0.126386 -0.195332 -0.123786 -0.191009 -0.120902 -0.18738 -0.117974 -0.18378 -0.12152 -0.192352 -0.118331 -0.188311 
4.469 -0.0967265 -0.087399 -0.0943063 -0.0858438 -0.0924746 -0.0838815 -0.0902981 -0.08281 -0.0881357 -0.0815104 -0.0887185 -0.0802741 -0.0863056 -0.0787901 
3.818 -0.283002 -0.0668539 -0.275475 -0.0653678 -0.269102 -0.0636165 -0.261593 -0.0626351 -0.25455 -0.0616318 -0.27404 -0.0594188 -0.266591 -0.0580864 
4.184 -0.176168 -0.264087 -0.171664 -0.257994 -0.167855 -0.251942 -0.163774 -0.24685 -0.159825 -0.241836 -0.167921 -0.256462 -0.163516 -0.250738 
4.395 0.0840707 0.0201205 0.0822918 0.0193047 0.0802986 0.0190694 0.0788728 0.0179993 0.077489 0.0172618 0.0926656 0.0273376 0.0912295 0.0264309 
4.562 -0.0741268 -0.0860293 -0.072353 -0.0844899 -0.0708958 -0.0826805 -0.0691845 -0.0815193 -0.0675364 -0.0802716 -0.0662118 -0.0788462 -0.0642953 -0.0774859 
4.398 -0.120696 -0.222312 -0.117885 -0.217583 -0.115496 -0.212777 -0.112873 -0.208856 -0.110219 -0.204943 -0.112518 -0.214914 -0.109729 -0.21049 
4.66 -0.0672785 -0.172319 -0.0656688 -0.168828 -0.0644708 -0.16532 -0.0629649 -0.162469 -0.061433 -0.159696 -0.0592758 -0.16511 -0.0575567 -0.162006 
4 -0.229585 -0.16684 -0.223891 -0.162995 -0.219012 -0.159042 -0.213666 -0.155961 -0.208913 -0.152939 -0.222475 -0.159525 -0.216508 -0.155837 
4.52 -0.0980962 -0.255184 -0.0957432 -0.249876 -0.0938524 -0.244462 -0.0916979 -0.239943 -0.0894991 -0.235474 -0.0899099 -0.247883 -0.0875858 -0.242765 
3.648 -0.340529 -0.0867141 -0.331252 -0.0845541 -0.323144 -0.0823242 -0.314773 -0.0808096 -0.306897 -0.0791471 -0.332314 -0.0789498 -0.323534 -0.0775969 
4.645 -0.0686481 -0.242172 -0.0670007 -0.237215 -0.0657934 -0.232288 -0.0642972 -0.228245 -0.0627397 -0.224282 -0.0605534 -0.234834 -0.0588928 -0.230186 
4.395 -0.116587 -0.12575 -0.113722 -0.123131 -0.111412 -0.120362 -0.108824 -0.11837 -0.106282 -0.116296 -0.108496 -0.11855 -0.105735 -0.11622 
3.869 -0.265197 -0.10315 -0.25809 -0.100811 -0.251966 -0.0983076 -0.245602 -0.0965758 -0.239505 -0.0948656 -0.256876 -0.0956891 -0.250041 -0.0935527 
4.066 -0.196713 -0.0483632 -0.191666 -0.0474585 -0.187411 -0.0462249 -0.182892 -0.0458175 -0.178539 -0.045268 -0.18872 -0.0410095 -0.183761 -0.0402806 
4.27 0.0998219 0.022175 0.0977092 0.021292 0.0954985 0.0209468 0.0936568 0.0198608 0.0919564 0.0190875 0.108312 0.0293654 0.106414 0.0284276 
4.488 -0.098781 -0.188755 -0.0964215 -0.184837 -0.0945726 -0.180899 -0.0924321 -0.177798 -0.0902486 -0.174538 -0.0907355 -0.181602 -0.0882969 -0.177907 
3.307 -0.493932 -0.327092 -0.479244 -0.31783 -0.466067 -0.308678 -0.452922 -0.300731 -0.440324 -0.293264 -0.484716 -0.318744 -0.470284 -0.309673 
4.027 -0.114532 -0.011382 -0.111464 -0.0114975 -0.108523 -0.0111453 -0.105914 -0.0115346 -0.10311 -0.0117485 -0.107242 -0.00415288 -0.103823 -0.00429922 
4.516 -0.094672 -0.208615 -0.0924773 -0.204412 -0.0907734 -0.200181 -0.0887738 -0.196694 -0.0866739 -0.193202 -0.0865771 -0.201286 -0.0843931 -0.197467 
3.828 -0.281633 -0.122326 -0.273988 -0.119382 -0.267404 -0.116344 -0.260563 -0.114095 -0.254007 -0.111894 -0.273345 -0.11481 -0.26595 -0.112122 
3.791 -0.307656 -0.224367 -0.299619 -0.21888 -0.292568 -0.2134 -0.285269 -0.208905 -0.278243 -0.2045 -0.299227 -0.216728 -0.291335 -0.211531 
3.947 -0.0638543 0.0132722 -0.0619648 0.0127281 -0.0605674 0.0123506 -0.0588045 0.0114632 -0.0571294 0.0105783 -0.0559271 0.020683 -0.0540125 0.0197651 
3.566 -0.385728 -0.1867 -0.374975 -0.181776 -0.365473 -0.176834 -0.355845 -0.17288 -0.346591 -0.169081 -0.377245 -0.179016 -0.366693 -0.174366 
4.047 -0.213834 -0.0860293 -0.208282 -0.0842134 -0.203525 -0.0821414 -0.198507 -0.0808763 -0.193739 -0.0795046 -0.205709 -0.0787083 -0.200292 -0.0770581 
3.475 -0.406958 -0.0867141 -0.395047 -0.0845687 -0.384392 -0.0821468 -0.37375 -0.0806319 -0.363614 -0.0791325 -0.398539 -0.0791317 -0.386726 -0.0771316 
4.266 -0.150144 -0.228476 -0.146447 -0.223391 -0.143428 -0.218373 -0.140139 -0.214264 -0.136789 -0.210164 -0.141976 -0.221029 -0.138412 -0.216325 
4.441 -0.110423 -0.212724 -0.107888 -0.208248 -0.105701 -0.203759 -0.103289 -0.200133 -0.100916 -0.196425 -0.102346 -0.205349 -0.0997229 -0.201286 
3.648 -0.341214 -0.0730174 -0.331256 -0.07138 -0.322818 -0.069473 -0.314209 -0.0684314 -0.306067 -0.0673419 -0.332598 -0.0655409 -0.323195 -0.0641063 
3.73 -0.328886 -0.225051 -0.320052 -0.219426 -0.312342 -0.213833 -0.304407 -0.209165 -0.296917 -0.204722 -0.320523 -0.217389 -0.311907 -0.212038 
3.904 -0.256978 -0.120271 -0.250264 -0.117477 -0.244366 -0.114557 -0.238283 -0.112443 -0.232396 -0.110342 -0.248912 -0.11283 -0.242243 -0.110248 
4.23 -0.161101 -0.260663 -0.156995 -0.254804 -0.153631 -0.248991 -0.149951 -0.244053 -0.146298 -0.239252 -0.152843 -0.253144 -0.14888 -0.247607 
3.908 -0.0926174 0.013957 -0.0898783 0.0132929 -0.0876749 0.0130236 -0.0852525 0.0121254 -0.0829437 0.0113874 -0.084614 0.0214143 -0.0819272 0.0205123 
3.514 -0.395316 -0.0689084 -0.383826 -0.0671893 -0.373633 -0.0651281 -0.363465 -0.0639759 -0.353608 -0.062838 -0.387141 -0.0614155 -0.375835 -0.0598251 
3.625 -0.35491 -0.0887687 -0.344654 -0.0866701 -0.335791 -0.0842842 -0.326681 -0.0827049 -0.317992 -0.081061 -0.346414 -0.0812321 -0.336552 -0.0793702 
3.953 -0.244651 -0.156568 -0.238263 -0.152856 -0.232804 -0.148972 -0.227132 -0.146008 -0.221629 -0.143086 -0.236408 -0.149156 -0.230175 -0.145551 
3.645 -0.345323 -0.121641 -0.335796 -0.118622 -0.327427 -0.1154 -0.318986 -0.113119 -0.310865 -0.110893 -0.336981 -0.114132 -0.327662 -0.111259 
