4.633 0.00599918 -0.0428845 0.00608804 -0.0421391 0.00583971 -0.0412952 0.00592415 -0.0410172 0.00607705 -0.0406218 0.0141306 -0.0356724 0.0142922 -0.0352963 
4.641 0.0101082 -0.0572661 0.01008 -0.0563167 0.00978292 -0.0550506 0.00976733 -0.0545583 0.00983852 -0.053755 0.0182585 -0.0501147 0.0183793 -0.0492661 
3.438 -0.437776 -0.235324 -0.425044 -0.228859 -0.413709 -0.222606 -0.402398 -0.217351 -0.391571 -0.212317 -0.428687 -0.227259 -0.416243 -0.221106 
3.613 -0.359704 -0.0757567 -0.349387 -0.0738834 -0.340332 -0.0718369 -0.3312 -0.0705953 -0.322487 -0.0693715 -0.351399 -0.0681534 -0.341302 -0.0664674 
4.594 -0.0556362 -0.036721 -0.0541607 -0.0362727 -0.0531193 -0.0354218 -0.0517856 -0.035326 -0.0504292 -0.0350495 -0.0476276 -0.0295895 -0.0460951 -0.0291969 
3.4 -0.455581 -0.238748 -0.442178 -0.23218 -0.430254 -0.225802 -0.418365 -0.220467 -0.406969 -0.215328 -0.446596 -0.23077 -0.433442 -0.22444 
2.602 0.561403 -0.0415149 0.540646 -0.0404961 0.521509 -0.0391537 0.503698 -0.0385603 0.487406 -0.0375521 0.574962 -0.03453 0.554463 -0.0337088 
4.152 -0.182331 -0.190809 -0.177742 -0.186496 -0.173898 -0.182242 -0.169769 -0.178727 -0.165714 -0.175266 -0.174151 -0.183333 -0.169657 -0.179299 
2.062 -0.152198 0.163936 -0.147693 0.159178 -0.143993 0.155273 -0.140015 0.15069 -0.136233 0.146559 -0.144368 0.172081 -0.139902 0.167343 
3.617 -0.365183 -0.155198 -0.354782 -0.151212 -0.345672 -0.147211 -0.336465 -0.144048 -0.327649 -0.141017 -0.356695 -0.147474 -0.346525 -0.143732 
4.133 -0.180277 -0.0538419 -0.175664 -0.0528268 -0.171728 -0.0515012 -0.167545 -0.0509266 -0.163485 -0.0501939 -0.17225 -0.0465425 -0.167694 -0.0456732 
4.023 -0.219997 -0.0586358 -0.214261 -0.0574711 -0.209423 -0.0560648 -0.204334 -0.0553705 -0.199406 -0.0545631 -0.211912 -0.0513061 -0.206311 -0.050272 
3.953 -0.240542 -0.0634297 -0.234244 -0.062063 -0.228934 -0.0604853 -0.223346 -0.0595986 -0.217983 -0.0586508 -0.232455 -0.0561014 -0.226314 -0.0548732 
4.512 0.0669497 0.00231475 0.0656911 0.00190315 0.06418 0.00193618 0.0631044 0.00123545 0.062128 0.000911762 0.0753902 0.00943202 0.0742332 0.00898536 
3.137 -0.185755 0.124216 -0.179931 0.120145 -0.175029 0.116906 -0.16989 0.112957 -0.165071 0.109437 -0.178001 0.131936 -0.172243 0.127845 
3.604 -0.361074 -0.101096 -0.350732 -0.098632 -0.341706 -0.0959215 -0.332526 -0.0940538 -0.323794 -0.0923219 -0.352728 -0.0935892 -0.342596 -0.0911995 
3.439 -0.434351 -0.203821 -0.421559 -0.198241 -0.410198 -0.192689 -0.398888 -0.188148 -0.388076 -0.183833 -0.425612 -0.19601 -0.413094 -0.190655 
3.791 -0.29259 -0.0695932 -0.284495 -0.0680792 -0.277439 -0.0662806 -0.270244 -0.0653414 -0.263314 -0.0643439 -0.284428 -0.062139 -0.276483 -0.0608158 
3.689 -0.330941 -0.130544 -0.321918 -0.127334 -0.314032 -0.124001 -0.305942 -0.121534 -0.298214 -0.119128 -0.322698 -0.123001 -0.313797 -0.11999 
3.646 -0.359704 -0.219573 -0.349825 -0.213913 -0.341186 -0.208372 -0.332193 -0.2037 -0.323649 -0.199277 -0.351234 -0.211809 -0.34143 -0.206391 
4.043 -0.0433091 -0.0100123 -0.0420338 -0.0101722 -0.0412285 -0.00992513 -0.0401416 -0.0104136 -0.0390064 -0.0106752 -0.0352063 -0.00288774 -0.0339372 -0.00312616 
3.752 -0.307656 -0.0695932 -0.299317 -0.0681291 -0.292083 -0.0664142 -0.284654 -0.0654003 -0.277613 -0.064455 -0.299517 -0.0622342 -0.291377 -0.060882 
3.58 -0.379564 -0.199712 -0.368856 -0.194541 -0.359417 -0.189423 -0.349891 -0.185256 -0.340771 -0.181219 -0.37096 -0.191989 -0.360444 -0.187047 
4.344 0.0422956 0.0146418 0.0416612 0.013987 0.040683 0.0137541 0.0400813 0.0127938 0.0395255 0.0121733 0.0506712 0.0218907 0.0500289 0.0211131 
4.145 -0.0261882 -0.0182304 -0.0254079 -0.0181016 -0.024949 -0.0176416 -0.0241583 -0.0178544 -0.0233575 -0.0178445 -0.0181633 -0.0110551 -0.0172868 -0.0110164 
4.859 -0.00358855 -0.100411 -0.00331815 -0.0984395 -0.00330197 -0.0962667 -0.00307689 -0.0947977 -0.00279424 -0.0932017 0.00442322 -0.0934537 0.00484878 -0.0916312 
3.773 -0.161101 0.0194357 -0.156821 0.0184373 -0.153128 0.0181226 -0.149214 0.0170185 -0.145342 0.0163565 -0.15322 0.0267528 -0.148935 0.0258176 
4.688 -0.0446788 -0.0757567 -0.0434936 -0.074337 -0.0426739 -0.0726532 -0.0416252 -0.0716776 -0.0405353 -0.0705158 -0.0366035 -0.0687219 -0.035338 -0.0674184 
3.209 -0.256978 0.111889 -0.249082 0.108161 -0.242233 0.105251 -0.235299 0.101596 -0.228673 0.0983269 -0.249432 0.11945 -0.241612 0.115728 
4.832 -0.0213943 -0.100411 -0.0206803 -0.0984197 -0.0203556 -0.0962605 -0.0197601 -0.0947691 -0.0189886 -0.0931785 -0.0133988 -0.0933959 -0.0125831 -0.0915997 
3.861 -0.278208 -0.179167 -0.270879 -0.174847 -0.2645 -0.170527 -0.257949 -0.167042 -0.251595 -0.163632 -0.269815 -0.171618 -0.262707 -0.167532 
3.936 -0.242597 -0.0908232 -0.236252 -0.0887432 -0.230856 -0.0865125 -0.225259 -0.0850511 -0.219842 -0.0835902 -0.234422 -0.0834785 -0.228227 -0.0815485 
4.672 -0.0350911 -0.044939 -0.03407 -0.044334 -0.0335153 -0.0434278 -0.0326206 -0.0432068 -0.0316461 -0.0426808 -0.0270134 -0.0379379 -0.0259285 -0.0373315 
2.723 -0.172743 0.133119 -0.16754 0.12901 -0.163133 0.125806 -0.158651 0.121865 -0.154319 0.118338 -0.16492 0.140657 -0.159767 0.136584 
3.486 -0.4186 -0.229845 -0.406568 -0.223712 -0.395918 -0.217708 -0.385188 -0.212652 -0.374917 -0.207805 -0.409853 -0.221893 -0.398033 -0.216058 
3.697 -0.332995 -0.154513 -0.323819 -0.150668 -0.315913 -0.146847 -0.307771 -0.143888 -0.300019 -0.140979 -0.324655 -0.146917 -0.31567 -0.143289 
3.756 -0.317929 -0.213409 -0.309317 -0.208067 -0.301755 -0.202817 -0.294072 -0.198481 -0.286639 -0.194263 -0.309534 -0.205723 -0.301104 -0.20067 
3.955 -0.244651 -0.174373 -0.238258 -0.170362 -0.232823 -0.16627 -0.227058 -0.162957 -0.221563 -0.159736 -0.236339 -0.166921 -0.230164 -0.163083 
3.613 -0.299438 0.105725 -0.290272 0.102329 -0.282367 0.0996597 -0.274307 0.0962869 -0.266808 0.0932091 -0.291693 0.113327 -0.282689 0.109958 
4.266 -0.0433091 -0.0257636 -0.0421912 -0.0255224 -0.0414603 -0.0249396 -0.0403885 -0.0250687 -0.0393442 -0.0249567 -0.0352202 -0.0186449 -0.0340659 -0.018507 
4.156 -0.183701 -0.204506 -0.17907 -0.199929 -0.175205 -0.195345 -0.171066 -0.191572 -0.166994 -0.187824 -0.175492 -0.197047 -0.170977 -0.192674 
3.266 -0.196713 0.112574 -0.190603 0.108833 -0.185408 0.105923 -0.180006 0.102318 -0.174917 0.0991411 -0.189053 0.120234 -0.182944 0.116535 
3.619 -0.369977 -0.231215 -0.359559 -0.225166 -0.350439 -0.219187 -0.341223 -0.214197 -0.332269 -0.209423 -0.361166 -0.223369 -0.351008 -0.217574 
3.922 -0.257663 -0.181907 -0.251022 -0.177625 -0.245078 -0.17333 -0.239198 -0.169907 -0.233218 -0.166454 -0.249435 -0.174402 -0.242867 -0.170376 
3.635 -0.355595 -0.192864 -0.345626 -0.18788 -0.336965 -0.182959 -0.328235 -0.178958 -0.31972 -0.175125 -0.34714 -0.185122 -0.337539 -0.180428 
3.895 -0.164525 -0.00658814 -0.160188 -0.0067063 -0.156552 -0.00632388 -0.15268 -0.00678037 -0.148931 -0.0069979 -0.156602 0.000665899 -0.152355 0.000508609 
3.576 -0.135077 0.115313 -0.131173 0.111957 -0.127995 0.109288 -0.12454 0.105894 -0.121263 0.102928 -0.127247 0.123023 -0.123351 0.119611 
3.523 -0.402164 -0.224367 -0.390734 -0.218352 -0.380598 -0.212526 -0.37038 -0.207655 -0.360595 -0.202934 -0.393393 -0.216372 -0.382143 -0.210709 
3.916 -0.259718 -0.203137 -0.252917 -0.198272 -0.24694 -0.193442 -0.240875 -0.189498 -0.234889 -0.185629 -0.251392 -0.195483 -0.244769 -0.190928 
3.863 -0.282317 -0.229845 -0.274905 -0.224322 -0.268451 -0.21893 -0.261744 -0.214314 -0.255256 -0.209915 -0.27394 -0.222184 -0.266615 -0.216902 
4.25 -0.00358855 -0.0196001 -0.00332241 -0.0194756 -0.00331548 -0.0190857 -0.00306807 -0.0192517 -0.00275424 -0.0192617 0.0045222 -0.0125213 0.00488987 -0.0124914 
4.242 -0.0570059 -0.0216546 -0.0555009 -0.0214464 -0.0544716 -0.0208431 -0.053135 -0.0209963 -0.0517706 -0.0209272 -0.0490015 -0.0144264 -0.0474707 -0.0143537 
3.76 -0.313135 -0.190809 -0.304598 -0.186158 -0.297102 -0.181526 -0.289425 -0.177713 -0.282094 -0.174067 -0.304665 -0.183156 -0.296302 -0.178799 
4.086 -0.202876 -0.150404 -0.197711 -0.147027 -0.193437 -0.143635 -0.188764 -0.140996 -0.184295 -0.138346 -0.194721 -0.143021 -0.18966 -0.139836 
4.746 -0.0378304 -0.0969867 -0.0367894 -0.0950008 -0.0361182 -0.092922 -0.035225 -0.0914672 -0.0341873 -0.0899127 -0.0297521 -0.0899121 -0.0286643 -0.0881682 
4.344 -0.0255034 -0.0339816 -0.0247908 -0.0336413 -0.0243234 -0.0328865 -0.0236481 -0.0328612 -0.0228981 -0.0326317 -0.017449 -0.0269501 -0.0166062 -0.0267022 
4.562 0.0299685 -0.00521846 0.0295178 -0.00544063 0.0287694 -0.00530407 0.0283643 -0.00577067 0.0280373 -0.00610824 0.0382297 0.00195089 0.0378744 0.00159037 
4.695 -0.0624846 -0.205876 -0.0609964 -0.201891 -0.0599872 -0.197741 -0.0586168 -0.194232 -0.0572115 -0.190866 -0.0544171 -0.19879 -0.0528982 -0.19497 
3.688 -0.340529 -0.216833 -0.331364 -0.211359 -0.32326 -0.205973 -0.314961 -0.201434 -0.307022 -0.197118 -0.332286 -0.209132 -0.323167 -0.2039 
2.236 -0.175483 0.155718 -0.170136 0.150872 -0.165624 0.146998 -0.160943 0.142504 -0.156545 0.138424 -0.167805 0.163701 -0.162488 0.158884 
4.672 -0.0638543 -0.225736 -0.0623922 -0.221239 -0.0613622 -0.216753 -0.0599962 -0.213044 -0.0585077 -0.209231 -0.0558037 -0.218505 -0.054297 -0.214301 
3.814 -0.290536 -0.186016 -0.282704 -0.181505 -0.275998 -0.177003 -0.26918 -0.173398 -0.262483 -0.169863 -0.282471 -0.17849 -0.274799 -0.1742 
4.645 -0.0549514 -0.0531571 -0.0535286 -0.0522699 -0.0524977 -0.0510491 -0.0511981 -0.05064 -0.0498675 -0.0499669 -0.0469551 -0.0460594 -0.0454682 -0.0453215 
4.078 -0.206985 -0.197658 -0.201771 -0.193135 -0.197257 -0.188661 -0.192438 -0.184971 -0.187844 -0.18137 -0.198696 -0.190149 -0.193636 -0.185923 
4.016 -0.23164 -0.202452 -0.225589 -0.197748 -0.220515 -0.19316 -0.215224 -0.189397 -0.209974 -0.185673 -0.223156 -0.194797 -0.21739 -0.190441 
4.422 -0.10152 -0.0524723 -0.0990048 -0.0515152 -0.0970464 -0.0503238 -0.0947724 -0.0499012 -0.0924186 -0.0493319 -0.0935389 -0.0452861 -0.0909994 -0.0445859 
3.471 -0.41997 -0.174373 -0.407858 -0.169756 -0.397038 -0.165126 -0.386148 -0.161454 -0.375794 -0.157912 -0.4113 -0.166595 -0.399363 -0.162238 
4.035 -0.217258 -0.153828 -0.211662 -0.150351 -0.20683 -0.146834 -0.201757 -0.144114 -0.196849 -0.141402 -0.209033 -0.146423 -0.203481 -0.143142 
2.055 -0.252185 0.186536 -0.242935 0.180026 -0.235452 0.174611 -0.227767 0.168612 -0.220099 0.163012 -0.242379 0.193838 -0.233569 0.187731 
4.164 -0.136447 -0.00864265 -0.132814 -0.00876395 -0.129833 -0.00841673 -0.126556 -0.00888224 -0.123502 -0.00910123 -0.128567 -0.00139793 -0.125045 -0.00154214 
4.48 -0.10152 -0.163416 -0.0990736 -0.160023 -0.0971592 -0.156652 -0.0949151 -0.153965 -0.0926139 -0.151193 -0.0934844 -0.15617 -0.0909976 -0.153042 
4.469 -0.100836 -0.138077 -0.0984032 -0.135379 -0.096551 -0.132494 -0.0943191 -0.130284 -0.0921024 -0.128034 -0.0928057 -0.130917 -0.0903473 -0.128335 
3.777 -0.294645 -0.0949322 -0.286507 -0.0927198 -0.279449 -0.0902719 -0.272187 -0.0886316 -0.265234 -0.0870245 -0.286413 -0.0875086 -0.278477 -0.0853558 
3.803 -0.301493 -0.219573 -0.293564 -0.214161 -0.286659 -0.208836 -0.279486 -0.204379 -0.272546 -0.200066 -0.293221 -0.211952 -0.285438 -0.206802 
2.184 -0.267936 0.18996 -0.258854 0.183438 -0.25097 0.178009 -0.243054 0.17194 -0.235657 0.166419 -0.26054 0.197968 -0.251523 0.191549 
3.766 -0.308341 -0.149034 -0.300095 -0.145375 -0.292965 -0.141716 -0.285595 -0.138859 -0.278555 -0.136069 -0.300062 -0.141487 -0.29204 -0.138092 
3.541 -0.394631 -0.198343 -0.383423 -0.19307 -0.37348 -0.187851 -0.363404 -0.183612 -0.353728 -0.179519 -0.386072 -0.19055 -0.37506 -0.185531 
3.162 -0.274099 0.115998 -0.265552 0.112192 -0.25814 0.109217 -0.250599 0.10553 -0.243526 0.102237 -0.266028 0.12348 -0.257556 0.119674 
3.691 -0.339844 -0.192864 -0.330417 -0.188028 -0.322192 -0.183174 -0.313793 -0.179269 -0.305732 -0.175496 -0.331492 -0.185197 -0.322328 -0.180647 
4.047 -0.214519 -0.125065 -0.209062 -0.122359 -0.204154 -0.119491 -0.199278 -0.117392 -0.194376 -0.115297 -0.20644 -0.117755 -0.200963 -0.115192 
3.461 -0.417231 -0.133968 -0.405041 -0.130497 -0.394301 -0.12691 -0.383449 -0.124253 -0.373195 -0.121717 -0.408662 -0.126302 -0.396731 -0.123026 
3.51 -0.404219 -0.171634 -0.392584 -0.167138 -0.382508 -0.162626 -0.372267 -0.159048 -0.36237 -0.155599 -0.395629 -0.163911 -0.384387 -0.159645 
4.301 0.00873853 -0.0264484 0.0087596 -0.0262568 0.00844518 -0.0256105 0.0084405 -0.0256885 0.00854471 -0.0256397 0.0168515 -0.0193496 0.0169864 -0.0192199 
3.174 -0.543241 -0.225051 -0.526242 -0.218445 -0.510999 -0.211983 -0.495915 -0.206559 -0.481572 -0.201419 -0.534048 -0.217082 -0.517314 -0.210661 
4.648 -0.0686481 -0.256554 -0.0670037 -0.251416 -0.0657917 -0.246196 -0.0642923 -0.241864 -0.0627057 -0.23746 -0.0605624 -0.249241 -0.0589053 -0.244295 
3.66 -0.120696 0.118737 -0.117193 0.115235 -0.114209 0.112548 -0.111239 0.109055 -0.108209 0.106062 -0.112936 0.126404 -0.10945 0.122944 
4.297 -0.14398 -0.152459 -0.140341 -0.14908 -0.1374 -0.145791 -0.134112 -0.143219 -0.130879 -0.140525 -0.135903 -0.145112 -0.132316 -0.142093 
4.277 -0.14535 -0.175743 -0.141721 -0.171981 -0.138755 -0.168084 -0.135433 -0.164966 -0.132166 -0.161874 -0.13728 -0.168457 -0.13364 -0.164787 
3.574 -0.380249 -0.151089 -0.369561 -0.147212 -0.360048 -0.143249 -0.350444 -0.140195 -0.341292 -0.137279 -0.371957 -0.143507 -0.361384 -0.139806 
4.809 0.0176414 -0.102465 0.0174464 -0.100421 0.0169621 -0.0981151 0.0168357 -0.0965727 0.0168078 -0.0948908 0.0257756 -0.0955591 0.0256925 -0.0935872 
2.107 -0.137132 0.151609 -0.132998 0.147141 -0.129645 0.143455 -0.126025 0.139131 -0.12258 0.135242 -0.129311 0.159387 -0.125213 0.154972 
4.355 0.0601014 0.0201205 0.0589305 0.0193306 0.0575689 0.0190241 0.0564862 0.0179732 0.0555563 0.0171873 0.068544 0.0273665 0.0675341 0.0265163 
3.666 -0.338474 -0.107944 -0.329322 -0.105542 -0.321367 -0.102862 -0.313145 -0.101007 -0.305388 -0.0992962 -0.329963 -0.100396 -0.320933 -0.0980118 
4.195 -0.178222 -0.286002 -0.173734 -0.279411 -0.169941 -0.272979 -0.165894 -0.267419 -0.161877 -0.261979 -0.170006 -0.278368 -0.165598 -0.272111 
2.281 0.00531434 0.100247 0.00532709 0.0970509 0.00512491 0.0944875 0.00534444 0.0913133 0.0054973 0.0885731 0.0135223 0.107987 0.0134967 0.104732 
3.93 0.114204 -0.120271 0.111545 -0.11759 0.108826 -0.114836 0.106476 -0.112664 0.104347 -0.110484 0.122784 -0.113558 0.120202 -0.111051 
4.559 -0.0864539 -0.16684 -0.0842798 -0.163435 -0.0826949 -0.160021 -0.0806878 -0.157283 -0.0787588 -0.154549 -0.0784049 -0.159623 -0.0762803 -0.156422 
3.787 -0.296699 -0.12438 -0.288514 -0.121374 -0.281412 -0.118363 -0.274116 -0.116049 -0.267116 -0.11376 -0.288418 -0.116906 -0.280427 -0.114109 
4.098 -0.200137 -0.123011 -0.195096 -0.120378 -0.190771 -0.117572 -0.186153 -0.115556 -0.181765 -0.113509 -0.192108 -0.115706 -0.187051 -0.113201 
3.502 -0.402164 -0.131229 -0.390635 -0.127842 -0.380517 -0.124345 -0.370242 -0.121788 -0.360452 -0.119293 -0.393652 -0.123588 -0.38235 -0.120401 
4.059 -0.202876 -0.0606903 -0.197412 -0.0594868 -0.192791 -0.0579884 -0.187813 -0.057254 -0.183074 -0.0564319 -0.195033 -0.0533879 -0.189627 -0.0522698 
3.631 -0.280948 0.100247 -0.272388 0.0970097 -0.264901 0.0944892 -0.257312 0.0913233 -0.250149 0.0884334 -0.273364 0.107854 -0.264862 0.104641 
3.535 -0.389837 -0.0860293 -0.378719 -0.0839103 -0.369021 -0.0816096 -0.359167 -0.0801552 -0.349716 -0.0787407 -0.381644 -0.0784901 -0.370777 -0.0765455 
4.754 -0.048103 -0.177113 -0.0468927 -0.173585 -0.0460953 -0.169986 -0.0449623 -0.167166 -0.0437525 -0.164289 -0.0400228 -0.169678 -0.0387647 -0.166494 
4.43 -0.117956 -0.25176 -0.115027 -0.246378 -0.112785 -0.241039 -0.110178 -0.236487 -0.107568 -0.232042 -0.109847 -0.244381 -0.107007 -0.23924 
3.74 -0.309711 -0.117532 -0.301335 -0.114705 -0.294119 -0.11174 -0.286655 -0.109636 -0.279532 -0.10748 -0.301409 -0.110095 -0.293212 -0.107412 
4.543 -0.0837146 -0.130544 -0.0816709 -0.12798 -0.080089 -0.125287 -0.0781981 -0.123289 -0.0762866 -0.121226 -0.0757167 -0.123435 -0.0736228 -0.121105 
3.135 0.387454 -0.0963019 0.374889 -0.0936649 0.363113 -0.090984 0.352152 -0.0888879 0.342086 -0.0865753 0.398599 -0.089826 0.386318 -0.08732 
3.814 -0.301493 -0.241487 -0.293442 -0.235531 -0.286411 -0.229738 -0.279191 -0.224828 -0.272212 -0.220068 -0.293027 -0.233706 -0.285151 -0.228085 
3.43 -0.423394 -0.0894535 -0.410857 -0.087195 -0.399909 -0.0847599 -0.388912 -0.0832 -0.378511 -0.0817049 -0.414916 -0.081814 -0.402742 -0.0797587 
4.598 -0.0809752 -0.227106 -0.0790284 -0.222498 -0.0775237 -0.217925 -0.0757199 -0.21413 -0.0738442 -0.210321 -0.0728879 -0.219756 -0.0709029 -0.21546 
3.916 -0.238488 -0.0435694 -0.232226 -0.0427294 -0.226896 -0.041625 -0.221324 -0.041273 -0.215945 -0.0408208 -0.230437 -0.0361713 -0.224316 -0.0354822 
2.469 -0.196028 0.139967 -0.189755 0.135385 -0.184393 0.131701 -0.179032 0.127344 -0.173782 0.123391 -0.188393 0.147942 -0.182148 0.143394 
3.498 -0.405588 -0.113423 -0.393733 -0.110458 -0.38335 -0.107406 -0.372816 -0.10517 -0.362778 -0.10302 -0.397071 -0.105838 -0.385518 -0.103061 
3.707 -0.322723 -0.0723326 -0.313673 -0.0708143 -0.305751 -0.0689928 -0.297665 -0.0679681 -0.289922 -0.0669029 -0.314587 -0.0649343 -0.305667 -0.0634591 
4.41 -0.115217 -0.173004 -0.112369 -0.169373 -0.110058 -0.165766 -0.107437 -0.162909 -0.104869 -0.159996 -0.107188 -0.165736 -0.104351 -0.162342 
4.016 -0.225476 -0.109999 -0.219573 -0.107522 -0.214477 -0.104863 -0.209265 -0.103035 -0.204016 -0.101154 -0.217383 -0.102638 -0.211509 -0.100317 
4.578 -0.0748117 -0.0976716 -0.0730212 -0.0957645 -0.071603 -0.0935117 -0.0699062 -0.0920838 -0.0682161 -0.0905144 -0.0669216 -0.0906031 -0.064961 -0.0887991 
3.951 -0.254924 -0.233954 -0.248314 -0.22835 -0.242675 -0.222932 -0.236787 -0.218297 -0.231013 -0.213862 -0.246544 -0.226283 -0.240092 -0.221017 
2.561 -0.208355 0.133804 -0.201723 0.129433 -0.196041 0.125938 -0.190248 0.121778 -0.184772 0.117954 -0.200804 0.141564 -0.194254 0.137252 
3.781 -0.29396 -0.0504178 -0.285863 -0.0493329 -0.278822 -0.0480501 -0.27161 -0.0475504 -0.2647 -0.0469495 -0.285872 -0.0429105 -0.2779 -0.0420292 
4.562 -0.0782359 -0.116162 -0.0763324 -0.113959 -0.0749375 -0.11153 -0.0731665 -0.109957 -0.0714726 -0.108169 -0.0702784 -0.108984 -0.0683076 -0.106987 
4.102 -0.190549 -0.0668539 -0.185793 -0.0656084 -0.181836 -0.0640919 -0.177556 -0.0633158 -0.17345 -0.0624754 -0.182495 -0.0595523 -0.177867 -0.0584386 
3.982 -0.233009 -0.14698 -0.227065 -0.143614 -0.221883 -0.140091 -0.216579 -0.137485 -0.211214 -0.134798 -0.224563 -0.139545 -0.218678 -0.136355 
4.402 -0.120696 -0.237378 -0.117778 -0.232214 -0.115432 -0.227032 -0.112779 -0.222709 -0.110057 -0.218466 -0.112622 -0.229997 -0.109667 -0.225075 
3.531 -0.212464 0.0762772 -0.205771 0.0736395 -0.200043 0.0717638 -0.194193 0.0690952 -0.188646 0.0667241 -0.204755 0.0837624 -0.198173 0.0811851 
3.402 -0.441885 -0.12575 -0.42874 -0.122364 -0.417215 -0.118875 -0.40555 -0.116321 -0.394531 -0.113831 -0.433254 -0.11808 -0.420389 -0.114902 
3.451 -0.424079 -0.160677 -0.41164 -0.156344 -0.400672 -0.151998 -0.389857 -0.148577 -0.379227 -0.145276 -0.415475 -0.152955 -0.403467 -0.14885 
4.141 -0.183701 -0.114108 -0.179235 -0.111667 -0.175461 -0.109071 -0.171397 -0.107234 -0.167394 -0.105427 -0.175688 -0.106774 -0.17122 -0.104537 
4.297 -0.137132 -0.087399 -0.133643 -0.0856221 -0.130694 -0.0836987 -0.127638 -0.0824553 -0.124433 -0.081141 -0.129159 -0.0801285 -0.125765 -0.0785947 
2.438 -0.239173 0.140652 -0.231348 0.135944 -0.224715 0.132122 -0.217959 0.127554 -0.211511 0.123513 -0.231617 0.148466 -0.223896 0.143763 
3.52 -0.399425 -0.157252 -0.388002 -0.153105 -0.377986 -0.148931 -0.367796 -0.145653 -0.358213 -0.142524 -0.390933 -0.149566 -0.379725 -0.145636 
2.309 0.160088 0.0516231 0.155796 0.0496185 0.151666 0.0483228 0.14795 0.0463451 0.144673 0.0448416 0.168932 0.0588964 0.164977 0.0569827 
4.652 -0.0631694 -0.12712 -0.061655 -0.124593 -0.0605273 -0.122044 -0.0591099 -0.120351 -0.0576204 -0.118103 -0.0551793 -0.120119 -0.0535783 -0.117706 
3.611 -0.356965 -0.0469936 -0.346688 -0.0459387 -0.337731 -0.044665 -0.328667 -0.0441851 -0.319993 -0.0436438 -0.348762 -0.0394397 -0.338709 -0.0385727 
3.664 -0.337105 -0.0743871 -0.327604 -0.0726856 -0.319412 -0.070778 -0.311038 -0.069668 -0.302993 -0.0685585 -0.32889 -0.0668628 -0.319583 -0.065332 
4.062 -0.202876 -0.0757567 -0.197678 -0.0742251 -0.193275 -0.0724917 -0.188557 -0.0714726 -0.184044 -0.0703865 -0.194756 -0.0684413 -0.189638 -0.0670653 
4.078 -0.201507 -0.0997261 -0.196422 -0.097519 -0.192044 -0.0951671 -0.187406 -0.0935754 -0.183151 -0.0919968 -0.192991 -0.0923246 -0.188227 -0.0903285 
4.102 -0.196713 -0.162731 -0.191797 -0.159032 -0.187573 -0.15531 -0.183108 -0.152386 -0.178755 -0.149451 -0.18862 -0.155328 -0.183625 -0.151869 
2.574 0.587426 -0.0456239 0.565025 -0.0445738 0.544615 -0.0432382 0.525502 -0.0424686 0.508335 -0.0414408 0.60154 -0.0389216 0.579335 -0.0379456 
4.23 -0.155623 -0.142871 -0.151798 -0.139914 -0.148629 -0.136804 -0.145122 -0.134515 -0.141667 -0.132125 -0.147579 -0.135608 -0.143751 -0.132773 
3.824 -0.282317 -0.10315 -0.274754 -0.100741 -0.268268 -0.0982742 -0.261507 -0.0965329 -0.254997 -0.0947688 -0.274088 -0.0956722 -0.266719 -0.0934337 
4.008 -0.098781 -0.0106972 -0.0962809 -0.0107836 -0.0938746 -0.0104634 -0.0917154 -0.0108481 -0.0891486 -0.0110464 -0.0917076 -0.00347289 -0.0885607 -0.00362884 
4.289 -0.14535 -0.231215 -0.141728 -0.226198 -0.138809 -0.221231 -0.135599 -0.21713 -0.132333 -0.21302 -0.13721 -0.2238 -0.133659 -0.219091 
4.402 -0.117956 -0.142186 -0.115162 -0.139386 -0.112821 -0.136449 -0.110231 -0.134188 -0.107622 -0.131799 -0.109955 -0.134994 -0.107166 -0.132293 
3.619 -0.363813 -0.176428 -0.353456 -0.171854 -0.344313 -0.167266 -0.335135 -0.163594 -0.326317 -0.159984 -0.355254 -0.168842 -0.345103 -0.164456 
4.27 -0.151513 -0.243542 -0.147725 -0.238049 -0.144569 -0.232592 -0.141125 -0.22804 -0.137677 -0.223487 -0.143372 -0.236109 -0.139593 -0.230867 
3.785 0.1731 -0.0771264 0.168763 -0.0755409 0.164447 -0.0736686 0.160492 -0.0725647 0.15701 -0.0711805 0.182141 -0.0703497 0.177939 -0.0689582 
3.709 -0.323408 -0.109314 -0.314535 -0.106715 -0.306719 -0.103995 -0.298698 -0.102009 -0.291052 -0.100111 -0.315085 -0.101797 -0.306399 -0.0993743 
4.348 0.0957129 0.0187509 0.093638 0.0179118 0.0914799 0.0175735 0.0896366 0.016508 0.0879591 0.0157654 0.104147 0.0259445 0.102274 0.0250733 
4.352 -0.132338 -0.204506 -0.129108 -0.20012 -0.126495 -0.1958 -0.123603 -0.192214 -0.120669 -0.188552 -0.124272 -0.197128 -0.121074 -0.193037 
4.367 -0.12412 -0.109314 -0.121119 -0.10704 -0.118627 -0.104652 -0.115843 -0.102972 -0.113103 -0.101197 -0.116126 -0.102129 -0.113141 -0.100025 
3.883 -0.266566 -0.14561 -0.259515 -0.14216 -0.253389 -0.138543 -0.24702 -0.135847 -0.240909 -0.133106 -0.25828 -0.138141 -0.251301 -0.134871 
3.533 -0.348747 -0.0182304 -0.337672 -0.0181273 -0.328234 -0.0175695 -0.318713 -0.017876 -0.293081 -0.0165134 -0.323246 -0.00914023 -0.312512 -0.00915858 
3.84 -0.237118 0.0762772 -0.229815 0.073765 -0.223472 0.0718997 -0.216996 0.0693059 -0.210802 0.0669455 -0.229484 0.0838303 -0.222085 0.0812529 
4.055 -0.187125 0.000945076 -0.182336 0.000610975 -0.178196 0.000668742 -0.173911 7.08045e-05 -0.169736 -0.000308816 -0.179184 0.00826319 -0.174436 0.00787584 
4.473 -0.0967265 -0.087399 -0.0943051 -0.0858454 -0.0924923 -0.0839998 -0.0903027 -0.0828687 -0.0880898 -0.0815392 -0.0887129 -0.0802958 -0.0863252 -0.0787941 
4.332 -0.137817 -0.218203 -0.134469 -0.213359 -0.131708 -0.208547 -0.128727 -0.204624 -0.125744 -0.200691 -0.129772 -0.210802 -0.126391 -0.206246 
4.398 -0.120696 -0.222997 -0.11788 -0.218258 -0.11553 -0.213536 -0.112909 -0.209593 -0.110253 -0.205665 -0.112545 -0.215647 -0.109719 -0.211159 
4.496 -0.102205 -0.256554 -0.0998313 -0.251181 -0.0979279 -0.245878 -0.0957468 -0.241335 -0.0934896 -0.236703 -0.0940305 -0.249202 -0.0916947 -0.244001 
4.184 -0.176168 -0.264087 -0.171658 -0.257977 -0.167875 -0.252056 -0.16383 -0.246953 -0.15985 -0.241926 -0.167979 -0.256572 -0.163542 -0.250756 
4 -0.23027 -0.16684 -0.224452 -0.162972 -0.219715 -0.159083 -0.214265 -0.155987 -0.209151 -0.152935 -0.223115 -0.159529 -0.217068 -0.155826 
4.074 -0.196028 -0.0483632 -0.191024 -0.047441 -0.186785 -0.0462548 -0.1823 -0.0458221 -0.177978 -0.0452571 -0.188053 -0.0410216 -0.18309 -0.0402433 
2.273 -0.196713 0.157088 -0.190557 0.152011 -0.185191 0.147928 -0.179694 0.143181 -0.174571 0.13891 -0.189213 0.164935 -0.183078 0.159957 
3.875 -0.260403 -0.0511026 -0.253347 -0.0500722 -0.247108 -0.0487664 -0.240783 -0.0485421 -0.234775 -0.0482238 -0.25228 -0.0443065 -0.245276 -0.0436468 
4.648 -0.069333 -0.241487 -0.0676962 -0.236687 -0.0664866 -0.231704 -0.0649934 -0.227662 -0.0634293 -0.223704 -0.0612544 -0.234225 -0.0595675 -0.229511 
3.691 -0.326147 -0.0880838 -0.317133 -0.0861527 -0.309337 -0.0839239 -0.301323 -0.082548 -0.29366 -0.0811703 -0.317859 -0.0807515 -0.309076 -0.0788343 
4.395 -0.117272 -0.12575 -0.114375 -0.123094 -0.112095 -0.120345 -0.109439 -0.118331 -0.10687 -0.116211 -0.109188 -0.118482 -0.106383 -0.116153 
3.852 -0.287111 -0.242857 -0.279657 -0.236949 -0.273187 -0.231216 -0.266465 -0.226323 -0.25996 -0.221589 -0.278734 -0.235102 -0.271392 -0.229499 
4.484 -0.098781 -0.18807 -0.0964317 -0.184145 -0.0945945 -0.180198 -0.0924462 -0.177129 -0.0902211 -0.173854 -0.0907981 -0.180898 -0.0883258 -0.177211 
4.543 -0.0905629 -0.208615 -0.0884172 -0.204266 -0.086776 -0.200125 -0.084823 -0.196711 -0.0827803 -0.193299 -0.0824619 -0.20132 -0.0803168 -0.197493 
4.414 -0.106314 -0.0716477 -0.103742 -0.0705036 -0.101686 -0.0689738 -0.0992533 -0.0682898 -0.096992 -0.0673023 -0.0981937 -0.0644843 -0.0956492 -0.0633811 
4.645 -0.0638543 -0.108629 -0.0623365 -0.106576 -0.0611185 -0.104266 -0.0596381 -0.102724 -0.0580253 -0.101071 -0.0557923 -0.101595 -0.0543094 -0.0996244 
4.02 -0.069333 -0.0106972 -0.0674988 -0.0107841 -0.0660853 -0.0104544 -0.0644295 -0.010841 -0.0627429 -0.0110217 -0.0614211 -0.00351205 -0.0595076 -0.00363068 
4.035 -0.115217 -0.011382 -0.112221 -0.0114685 -0.109305 -0.0111537 -0.106579 -0.0115443 -0.103691 -0.0117616 -0.107837 -0.00414728 -0.104542 -0.00430895 
3.83 -0.281633 -0.122326 -0.274092 -0.119426 -0.267495 -0.116423 -0.260656 -0.114175 -0.254034 -0.111969 -0.273408 -0.114853 -0.265985 -0.112134 
3.76 -0.31245 -0.177113 -0.303785 -0.172716 -0.29615 -0.168279 -0.288441 -0.164778 -0.281002 -0.161316 -0.304161 -0.169515 -0.29563 -0.165374 
3.885 -0.261088 -0.102465 -0.25415 -0.10007 -0.248255 -0.0976665 -0.242025 -0.095969 -0.235933 -0.0942809 -0.25286 -0.0949983 -0.246095 -0.0928783 
4.043 -0.213834 -0.0860293 -0.208276 -0.0842283 -0.203527 -0.0821802 -0.198522 -0.0809192 -0.193717 -0.079569 -0.205725 -0.0787521 -0.200314 -0.0769942 
4.508 -0.0926174 -0.116162 -0.0903791 -0.114123 -0.0887818 -0.111662 -0.0867608 -0.110134 -0.0847651 -0.108355 -0.0846117 -0.109114 -0.0823285 -0.106973 
3.906 -0.255609 -0.120271 -0.248914 -0.117438 -0.243029 -0.114615 -0.23696 -0.112501 -0.231153 -0.110403 -0.247557 -0.112829 -0.240886 -0.110179 
2.457 -0.154938 0.131064 -0.150341 0.127211 -0.146391 0.124038 -0.142403 0.120277 -0.13858 0.116863 -0.147099 0.138807 -0.142578 0.134971 
3.457 -0.16521 0.0906588 -0.160238 0.0877696 -0.156028 0.0855828 -0.15164 0.0826954 -0.147527 0.08008 -0.157383 0.0981349 -0.15238 0.0952745 
3.943 -0.0638543 0.0132722 -0.0619634 0.0127321 -0.0605248 0.0124555 -0.058791 0.0115039 -0.0571164 0.0105901 -0.0559541 0.0207249 -0.0540066 0.0198414 
4.445 -0.110423 -0.212724 -0.107845 -0.208233 -0.105656 -0.203783 -0.10328 -0.200143 -0.100865 -0.196453 -0.102334 -0.205348 -0.0997116 -0.201252 
3.475 -0.406958 -0.0867141 -0.394962 -0.0845344 -0.384446 -0.082168 -0.373802 -0.0806542 -0.363615 -0.0791499 -0.398586 -0.079107 -0.386826 -0.0770967 
3.766 0.178578 -0.101096 0.173967 -0.0987304 0.16953 -0.0963451 0.165491 -0.094575 0.16173 -0.092563 0.187471 -0.0944437 0.183114 -0.0922767 
4.07 -0.196713 0.0701137 -0.190597 0.0677355 -0.185524 0.0660743 -0.180096 0.0636095 -0.175078 0.0615118 -0.18875 0.0775204 -0.182611 0.0751275 
3.645 -0.345323 -0.121641 -0.33582 -0.118619 -0.32745 -0.115482 -0.318977 -0.113204 -0.310795 -0.110953 -0.336973 -0.114139 -0.327576 -0.111193 
