4.637 0.00531434 -0.0428845 0.00539271 -0.0421258 0.00514326 -0.0413389 0.00523246 -0.0409988 0.00539042 -0.0406159 0.0134404 -0.035691 0.0135979 -0.0353124 
3.586 -0.382304 -0.374346 -0.371645 -0.364303 -0.362207 -0.35483 -0.352695 -0.346364 -0.343481 -0.338347 -0.373324 -0.365888 -0.362875 -0.356313 
4.656 0.0101082 -0.0572661 0.0100836 -0.0563327 0.00978154 -0.0550723 0.0097637 -0.0545581 0.00984148 -0.0538147 0.0182484 -0.0501627 0.0183793 -0.0492973 
3.639 -0.363128 -0.369552 -0.35308 -0.359752 -0.344228 -0.350473 -0.33526 -0.342186 -0.326596 -0.334328 -0.354155 -0.361172 -0.344357 -0.351827 
3.439 -0.437776 -0.235324 -0.425023 -0.228862 -0.413678 -0.222626 -0.40244 -0.21735 -0.391581 -0.212326 -0.42874 -0.227275 -0.416232 -0.2211 
3.678 -0.345323 -0.403794 -0.335925 -0.393291 -0.327623 -0.383272 -0.319173 -0.374297 -0.310968 -0.365739 -0.336419 -0.395337 -0.327222 -0.385256 
3.717 -0.330256 -0.4216 -0.321425 -0.410755 -0.313627 -0.400446 -0.305706 -0.391245 -0.297916 -0.382435 -0.321341 -0.413006 -0.31269 -0.402668 
3.795 -0.309026 -0.374346 -0.30081 -0.364851 -0.293558 -0.35577 -0.286161 -0.347751 -0.278954 -0.340037 -0.300307 -0.366038 -0.292206 -0.356985 
3.693 -0.344638 -0.383934 -0.335218 -0.37389 -0.326926 -0.364342 -0.318491 -0.355834 -0.310318 -0.347769 -0.335775 -0.375526 -0.326577 -0.36595 
3.887 -0.274099 -0.345583 -0.26687 -0.337021 -0.260587 -0.328863 -0.254056 -0.321613 -0.247709 -0.314653 -0.265527 -0.337554 -0.258482 -0.329405 
4.59 -0.0556362 -0.036721 -0.0541489 -0.0362447 -0.0531122 -0.0354471 -0.0517716 -0.0353171 -0.050428 -0.035053 -0.0476188 -0.0295972 -0.0460869 -0.0292101 
3.68 -0.349432 -0.370237 -0.339903 -0.360552 -0.33155 -0.351378 -0.323007 -0.343173 -0.314759 -0.335401 -0.340553 -0.361884 -0.331253 -0.352651 
4.742 -0.0172853 -0.044939 -0.0168452 -0.0441884 -0.0166106 -0.0433603 -0.0161972 -0.0430637 -0.0157006 -0.0426057 -0.00921823 -0.0377899 -0.00863827 -0.0372972 
3.84 -0.29122 -0.368867 -0.283497 -0.35961 -0.276816 -0.350785 -0.269905 -0.342982 -0.263159 -0.335482 -0.282553 -0.360665 -0.275048 -0.351883 
3.611 -0.359704 -0.0757567 -0.349381 -0.0738449 -0.340321 -0.0718545 -0.331189 -0.0705893 -0.32248 -0.0693393 -0.351393 -0.0681619 -0.341288 -0.0664798 
3.584 -0.383673 -0.414751 -0.373057 -0.403693 -0.363613 -0.393237 -0.354119 -0.38383 -0.344933 -0.374871 -0.374603 -0.406173 -0.364205 -0.395592 
3.623 -0.368607 -0.403794 -0.358473 -0.393061 -0.34957 -0.382837 -0.340468 -0.37366 -0.331687 -0.364947 -0.359568 -0.395278 -0.349695 -0.38496 
3.586 -0.382989 -0.394891 -0.372339 -0.384369 -0.362887 -0.374351 -0.353353 -0.3654 -0.344139 -0.35685 -0.373964 -0.386398 -0.363511 -0.376267 
3.736 -0.325462 -0.396261 -0.316651 -0.386039 -0.308912 -0.376318 -0.301029 -0.367629 -0.293312 -0.359337 -0.316653 -0.387877 -0.308042 -0.378133 
3.838 -0.290536 -0.385988 -0.282856 -0.376271 -0.276204 -0.36705 -0.26931 -0.358818 -0.262575 -0.35094 -0.281884 -0.377723 -0.274411 -0.368495 
3.65 -0.359019 -0.383249 -0.348988 -0.373022 -0.340203 -0.363349 -0.33126 -0.354685 -0.322624 -0.346487 -0.350065 -0.374845 -0.340322 -0.365074 
3.617 -0.365183 -0.155198 -0.354768 -0.151187 -0.34566 -0.147215 -0.336439 -0.144024 -0.327636 -0.141007 -0.356678 -0.147457 -0.346496 -0.14373 
3.604 -0.361074 -0.101096 -0.350729 -0.0986041 -0.341685 -0.0959467 -0.332508 -0.0940554 -0.323775 -0.0923012 -0.35271 -0.0935971 -0.342573 -0.0912049 
3.789 -0.309026 -0.410642 -0.300779 -0.400184 -0.293543 -0.390241 -0.286131 -0.381348 -0.278902 -0.372813 -0.300219 -0.402221 -0.292182 -0.392228 
3.842 -0.289166 -0.347637 -0.281515 -0.338938 -0.274912 -0.330663 -0.267994 -0.323271 -0.261292 -0.316224 -0.280621 -0.339601 -0.273147 -0.331304 
3.736 -0.329571 -0.382564 -0.320731 -0.372757 -0.31296 -0.363448 -0.305066 -0.355126 -0.297305 -0.347189 -0.320748 -0.374231 -0.312115 -0.364885 
4.152 -0.182331 -0.190809 -0.177751 -0.186472 -0.173893 -0.182241 -0.169765 -0.178713 -0.165722 -0.175268 -0.174146 -0.183327 -0.169637 -0.179302 
3.689 -0.343953 -0.420915 -0.334587 -0.409906 -0.326332 -0.399451 -0.3179 -0.390094 -0.309741 -0.381173 -0.335069 -0.412389 -0.325886 -0.401852 
3.23 -0.18918 0.117367 -0.183183 0.113527 -0.178104 0.110424 -0.172874 0.106736 -0.167905 0.103409 -0.181415 0.125033 -0.175467 0.121177 
3.885 -0.275469 -0.401739 -0.268249 -0.391754 -0.261954 -0.382263 -0.255419 -0.373737 -0.249008 -0.365588 -0.266844 -0.393431 -0.259722 -0.383917 
4.133 -0.180277 -0.0538419 -0.175677 -0.0528092 -0.171752 -0.0515161 -0.167552 -0.0509007 -0.163517 -0.0501749 -0.172298 -0.0465501 -0.167717 -0.0456388 
4.516 0.0669497 0.00231475 0.0656794 0.00193513 0.0641965 0.00189116 0.0631182 0.00127809 0.0621498 0.000921125 0.075403 0.00943917 0.0742685 0.00898394 
3.795 -0.308341 -0.354486 -0.300118 -0.345498 -0.292959 -0.336956 -0.285519 -0.329326 -0.278385 -0.322062 -0.299652 -0.346312 -0.291609 -0.33776 
3.779 -0.311766 -0.396261 -0.30346 -0.386244 -0.296232 -0.376664 -0.288792 -0.368146 -0.281532 -0.359955 -0.302922 -0.387873 -0.294852 -0.378315 
3.736 -0.328202 -0.362019 -0.319409 -0.352712 -0.311668 -0.343865 -0.30376 -0.335974 -0.296078 -0.328493 -0.319455 -0.353765 -0.310805 -0.344863 
3.838 -0.29259 -0.407218 -0.284862 -0.396991 -0.278136 -0.387237 -0.27121 -0.378559 -0.264418 -0.37018 -0.283885 -0.398851 -0.276352 -0.389128 
3.646 -0.359704 -0.219573 -0.34984 -0.21388 -0.341061 -0.208373 -0.332172 -0.203655 -0.32367 -0.199249 -0.351159 -0.211811 -0.341517 -0.206407 
3.541 -0.400794 -0.238063 -0.389269 -0.231598 -0.37913 -0.225356 -0.368907 -0.220034 -0.359113 -0.214989 -0.39193 -0.230176 -0.380722 -0.224022 
3.439 -0.435036 -0.205876 -0.42222 -0.200245 -0.410859 -0.194743 -0.399519 -0.190188 -0.388697 -0.185865 -0.426269 -0.198074 -0.413748 -0.192708 
3.689 -0.330941 -0.130544 -0.321861 -0.127322 -0.314003 -0.124022 -0.305896 -0.121535 -0.298165 -0.119127 -0.322625 -0.123022 -0.313757 -0.120018 
3.885 -0.275469 -0.383249 -0.268279 -0.373737 -0.261987 -0.36468 -0.255447 -0.356596 -0.249072 -0.348856 -0.266852 -0.375005 -0.259777 -0.365927 
3.885 -0.276839 -0.367498 -0.269586 -0.358433 -0.263337 -0.349844 -0.256781 -0.342151 -0.250435 -0.334812 -0.268187 -0.359347 -0.261151 -0.350747 
3.623 -0.355595 -0.136022 -0.345624 -0.132519 -0.336851 -0.12897 -0.327903 -0.126214 -0.319379 -0.123582 -0.3473 -0.12853 -0.337513 -0.125203 
3.477 -0.417231 -0.197658 -0.405227 -0.19237 -0.394639 -0.187141 -0.384023 -0.182858 -0.373872 -0.178793 -0.40849 -0.189901 -0.39672 -0.184852 
4.055 -0.0433091 -0.0100123 -0.0420288 -0.0101445 -0.0412219 -0.00994796 -0.0401455 -0.0104014 -0.039017 -0.0106714 -0.0352006 -0.00289217 -0.0339343 -0.00310978 
3.584 -0.379564 -0.199712 -0.368836 -0.19449 -0.359398 -0.189413 -0.349864 -0.185217 -0.340769 -0.181211 -0.37092 -0.191955 -0.360409 -0.187036 
4.105 -0.026873 -0.0100123 -0.0260748 -0.010125 -0.0255795 -0.00996434 -0.0247651 -0.010373 -0.0239268 -0.0106526 -0.0188892 -0.00292457 -0.0179489 -0.00313473 
4.254 0.0162717 0.0427202 0.0160783 0.0413382 0.0155177 0.0403471 0.0152885 0.0389005 0.0151874 0.0376211 0.0245617 0.0500349 0.0244174 0.0486282 
3.721 -0.326832 -0.185331 -0.317833 -0.18058 -0.310056 -0.17595 -0.302126 -0.172144 -0.294526 -0.168518 -0.318229 -0.177685 -0.309419 -0.173225 
3.871 -0.277524 -0.213409 -0.270174 -0.208174 -0.263821 -0.203027 -0.257251 -0.1987 -0.250916 -0.194575 -0.269104 -0.205822 -0.26195 -0.20083 
3.756 -0.161101 0.0194357 -0.1568 0.0184964 -0.153096 0.0181586 -0.149175 0.017108 -0.145342 0.0163804 -0.153218 0.026796 -0.148919 0.0258534 
4.297 -0.0426243 -0.0264484 -0.0415084 -0.0261531 -0.040761 -0.0256116 -0.0397147 -0.0256764 -0.0386647 -0.0255735 -0.0345096 -0.0193234 -0.033343 -0.0191662 
4.254 -0.026873 -0.0285029 -0.0260859 -0.0281663 -0.025702 -0.0275636 -0.0249832 -0.0275735 -0.0242253 -0.0274544 -0.0187729 -0.0213422 -0.0179299 -0.0211858 
4.34 0.0422956 0.0146418 0.0416669 0.0140179 0.040687 0.0137077 0.0401127 0.0128139 0.0395081 0.0121628 0.0506654 0.0218809 0.0500217 0.0211065 
4.668 -0.0350911 -0.044939 -0.0340886 -0.044316 -0.0335172 -0.0434213 -0.0326192 -0.0431786 -0.0316509 -0.0426733 -0.0269985 -0.0379516 -0.0258999 -0.0373125 
3.955 -0.244651 -0.174373 -0.238225 -0.1703 -0.232795 -0.166255 -0.22703 -0.16293 -0.221535 -0.159726 -0.236336 -0.166894 -0.230123 -0.163061 
4.832 -0.0213943 -0.100411 -0.0206822 -0.0983861 -0.020339 -0.096302 -0.0197496 -0.0947645 -0.0189746 -0.0931676 -0.013414 -0.0933953 -0.0125702 -0.0916027 
3.861 -0.278208 -0.179167 -0.270839 -0.174795 -0.264496 -0.17051 -0.257922 -0.167011 -0.251557 -0.163605 -0.269792 -0.171584 -0.26266 -0.167494 
3.209 -0.256978 0.111889 -0.249033 0.108207 -0.242155 0.105232 -0.235274 0.101593 -0.228624 0.0982995 -0.249368 0.119468 -0.241583 0.115723 
3.756 -0.317929 -0.213409 -0.30931 -0.208034 -0.301757 -0.202816 -0.29404 -0.198451 -0.286637 -0.194246 -0.309526 -0.205714 -0.301021 -0.20066 
1.593 -0.278208 0.290631 -0.262973 0.275154 -0.24998 0.26192 -0.237564 0.248984 -0.226495 0.237334 -0.271805 0.300007 -0.256531 0.284487 
3.967 -0.0597452 0.0454595 -0.0581492 0.0439461 -0.0569457 0.0429258 -0.0554383 0.0412438 -0.0539507 0.0398551 -0.0518357 0.0527992 -0.050089 0.0512858 
4.867 -0.00427339 -0.101096 -0.00395174 -0.0990778 -0.00394639 -0.0969829 -0.00375182 -0.0954643 -0.00342052 -0.0938631 0.00379001 -0.0941341 0.0041096 -0.0922952 
4.156 -0.183701 -0.204506 -0.179074 -0.199908 -0.175196 -0.195366 -0.171048 -0.191548 -0.166995 -0.187809 -0.175473 -0.197057 -0.17099 -0.192714 
3.637 -0.355595 -0.192864 -0.345627 -0.187856 -0.336969 -0.182991 -0.328222 -0.178962 -0.319714 -0.175142 -0.347143 -0.185143 -0.337533 -0.180449 
3.621 -0.369977 -0.231215 -0.359496 -0.225122 -0.350424 -0.219208 -0.341186 -0.214164 -0.332271 -0.209403 -0.361151 -0.223384 -0.351014 -0.217579 
3.525 -0.402164 -0.224367 -0.390726 -0.218325 -0.380595 -0.212574 -0.370373 -0.207642 -0.360601 -0.202951 -0.393373 -0.216411 -0.382134 -0.210724 
3.346 -0.476127 -0.233954 -0.461846 -0.227303 -0.449149 -0.22092 -0.436566 -0.215498 -0.424531 -0.210396 -0.467031 -0.225926 -0.453085 -0.219572 
3.688 -0.340529 -0.216833 -0.331405 -0.211312 -0.323307 -0.205965 -0.314943 -0.201404 -0.307034 -0.197095 -0.332243 -0.209119 -0.323133 -0.203875 
4.824 0.00942337 -0.0976716 0.00936067 -0.0956386 0.00909629 -0.0936024 0.00907313 -0.0922171 0.0091013 -0.0906906 0.0175488 -0.090597 0.0176364 -0.0888616 
3.697 -0.332995 -0.154513 -0.323824 -0.150656 -0.315904 -0.146856 -0.307796 -0.143869 -0.300024 -0.140957 -0.324612 -0.146922 -0.315668 -0.143301 
3.803 -0.299438 -0.220257 -0.291414 -0.214804 -0.284584 -0.209514 -0.277328 -0.205003 -0.270444 -0.200712 -0.291055 -0.212628 -0.283273 -0.207467 
4.555 0.0299685 -0.00521846 0.0295045 -0.00542085 0.0287876 -0.00532108 0.028342 -0.00575333 0.0280364 -0.00608153 0.0382293 0.00195327 0.0378812 0.00159346 
3.922 -0.257663 -0.181907 -0.25099 -0.177596 -0.245066 -0.173349 -0.239155 -0.16985 -0.233177 -0.166462 -0.249348 -0.174391 -0.24285 -0.170354 
4.254 -0.00358855 -0.0196001 -0.00330553 -0.0194283 -0.00329955 -0.0190949 -0.00305891 -0.0192332 -0.00274308 -0.0192426 0.00454524 -0.0125231 0.00489179 -0.0124741 
1.553 -0.181646 0.372812 -0.169972 0.350407 -0.160414 0.331239 -0.151186 0.313215 -0.142927 0.29717 -0.170794 0.376142 -0.15906 0.353822 
3.066 0.374442 -0.0791809 0.362195 -0.0767971 0.350875 -0.0742417 0.340358 -0.072349 0.330689 -0.070303 0.385179 -0.0726912 0.373256 -0.070453 
3.916 -0.259718 -0.203137 -0.252935 -0.198237 -0.246973 -0.193467 -0.240901 -0.189505 -0.234857 -0.185631 -0.251448 -0.195521 -0.244769 -0.190926 
4.082 -0.202876 -0.150404 -0.197727 -0.147023 -0.193461 -0.14366 -0.188786 -0.140982 -0.184346 -0.138338 -0.194724 -0.143023 -0.189684 -0.139871 
2.473 -0.140556 0.130379 -0.136535 0.126508 -0.133207 0.123334 -0.129656 0.119603 -0.126236 0.116134 -0.13275 0.13814 -0.128715 0.134267 
3.861 -0.282317 -0.229845 -0.274886 -0.224284 -0.268436 -0.218912 -0.261709 -0.214245 -0.255234 -0.20987 -0.27392 -0.222118 -0.266583 -0.21679 
4.676 -0.0638543 -0.225736 -0.0623875 -0.221212 -0.0613629 -0.216766 -0.0600041 -0.213025 -0.0585376 -0.209252 -0.055793 -0.218472 -0.0542889 -0.214314 
3.689 -0.339844 -0.173004 -0.330455 -0.168572 -0.322285 -0.164148 -0.313907 -0.160536 -0.305921 -0.157077 -0.331385 -0.165424 -0.322188 -0.161142 
4.48 -0.10152 -0.163416 -0.0990766 -0.160002 -0.0971464 -0.156632 -0.0949112 -0.153954 -0.0926091 -0.15118 -0.0934722 -0.156196 -0.0909929 -0.153029 
4.18 -0.131653 -0.0106972 -0.128091 -0.0107684 -0.125103 -0.0104797 -0.121998 -0.0108709 -0.118922 -0.0111141 -0.123731 -0.00346825 -0.120219 -0.0036069 
4.078 -0.206985 -0.197658 -0.201693 -0.193091 -0.197173 -0.188657 -0.192386 -0.184954 -0.187828 -0.181341 -0.198565 -0.190124 -0.193537 -0.185905 
1.804 -0.205616 0.261183 -0.193692 0.246803 -0.183875 0.234669 -0.174044 0.222551 -0.165682 0.212082 -0.198946 0.270452 -0.187004 0.256064 
3.877 -0.283002 -0.323668 -0.27557 -0.315642 -0.269155 -0.30791 -0.262492 -0.301076 -0.255991 -0.294583 -0.274441 -0.315724 -0.267199 -0.308031 
2.193 -0.267936 0.18996 -0.258845 0.183443 -0.250966 0.177959 -0.243049 0.171949 -0.235669 0.166427 -0.26052 0.197951 -0.251538 0.191518 
3.816 -0.290536 -0.186016 -0.282695 -0.181463 -0.275988 -0.17702 -0.269134 -0.173365 -0.262441 -0.169804 -0.282496 -0.178472 -0.274824 -0.174193 
2.885 0.356636 -0.0791809 0.34584 -0.0770477 0.335617 -0.0747143 0.325241 -0.0729044 0.315525 -0.0709659 0.366716 -0.072614 0.356404 -0.0706213 
4.473 -0.100836 -0.138077 -0.0983895 -0.135297 -0.0965305 -0.13251 -0.0942879 -0.13023 -0.092102 -0.128007 -0.0928045 -0.130885 -0.0903488 -0.128314 
4.641 -0.0556362 -0.0531571 -0.0541964 -0.0522246 -0.0531672 -0.0510837 -0.0518499 -0.0506365 -0.0505304 -0.0499561 -0.047642 -0.04606 -0.0461327 -0.0452943 
4.699 -0.0590604 -0.273675 -0.0576733 -0.268224 -0.0567223 -0.262845 -0.05539 -0.258187 -0.0539724 -0.253564 -0.0509592 -0.266464 -0.0494865 -0.261225 
1.856 -0.202191 0.197493 -0.192193 0.18799 -0.183717 0.18 -0.175468 0.171644 -0.167869 0.16425 -0.195105 0.206279 -0.185128 0.196799 
4.426 -0.10152 -0.0524723 -0.099012 -0.0515138 -0.097011 -0.0503853 -0.0947765 -0.0499059 -0.0924443 -0.0493534 -0.0935583 -0.0453144 -0.0910023 -0.0445787 
3.832 -0.298069 -0.317504 -0.290038 -0.30943 -0.283028 -0.301678 -0.275813 -0.294904 -0.268811 -0.288404 -0.289512 -0.309544 -0.281635 -0.301845 
4.016 -0.23164 -0.202452 -0.225613 -0.197731 -0.220513 -0.19318 -0.215196 -0.189368 -0.209945 -0.185673 -0.22308 -0.19481 -0.217388 -0.190451 
3.471 -0.41997 -0.174373 -0.407797 -0.169732 -0.396914 -0.165131 -0.386127 -0.161452 -0.375747 -0.157912 -0.411238 -0.166593 -0.39929 -0.162222 
4.035 -0.217258 -0.153828 -0.211631 -0.150338 -0.20683 -0.14683 -0.20181 -0.144082 -0.196782 -0.141376 -0.209047 -0.146405 -0.203501 -0.143172 
1.858 -0.098781 0.245432 -0.0929543 0.232202 -0.0879555 0.221052 -0.0834603 0.210094 -0.0788934 0.200211 -0.0910744 0.254821 -0.0852476 0.24166 
4.699 -0.0624846 -0.205876 -0.0609933 -0.201799 -0.0599707 -0.197745 -0.0586069 -0.194153 -0.0572098 -0.190885 -0.0544076 -0.198779 -0.0528796 -0.194884 
3.691 -0.339844 -0.192864 -0.330343 -0.187963 -0.322138 -0.183167 -0.313713 -0.179221 -0.305682 -0.17547 -0.331404 -0.185203 -0.322238 -0.180614 
3.775 -0.294645 -0.0949322 -0.286474 -0.0926706 -0.279434 -0.090269 -0.272157 -0.0886087 -0.26521 -0.0870076 -0.286404 -0.0874857 -0.278457 -0.0853816 
3.887 -0.267251 -0.155883 -0.260025 -0.152104 -0.253906 -0.14837 -0.247459 -0.145368 -0.241271 -0.142466 -0.258876 -0.148346 -0.251905 -0.144866 
4.047 -0.214519 -0.125065 -0.209032 -0.12232 -0.204177 -0.119497 -0.199262 -0.11737 -0.194355 -0.11528 -0.206364 -0.117756 -0.200937 -0.115188 
3.707 -0.320668 -0.070278 -0.311772 -0.0687564 -0.303933 -0.0670085 -0.295965 -0.0659726 -0.2883 -0.0649859 -0.312497 -0.0628682 -0.303696 -0.0614736 
1.517 -0.154938 0.3824 -0.145018 0.359483 -0.136711 0.339999 -0.128937 0.321655 -0.12192 0.30522 -0.148184 0.393308 -0.138111 0.37027 
3.479 -0.416546 -0.133283 -0.404337 -0.129791 -0.393539 -0.126249 -0.38279 -0.123581 -0.372502 -0.121046 -0.40791 -0.125621 -0.39598 -0.122366 
4.375 -0.0741268 -0.015491 -0.0723234 -0.015518 -0.0708869 -0.0152139 -0.0691666 -0.0155282 -0.0674969 -0.0156777 -0.0662068 -0.00833246 -0.0643248 -0.00841765 
3.957 -0.254924 -0.309286 -0.24829 -0.30169 -0.242581 -0.294422 -0.236625 -0.288019 -0.230785 -0.281858 -0.246417 -0.301417 -0.239953 -0.294227 
4.297 -0.14398 -0.152459 -0.140349 -0.14911 -0.13738 -0.145765 -0.134115 -0.143208 -0.130894 -0.14062 -0.13591 -0.145157 -0.132314 -0.142184 
4.191 -0.178222 -0.286002 -0.17369 -0.279371 -0.169904 -0.272946 -0.165872 -0.267374 -0.161848 -0.261935 -0.169956 -0.27838 -0.165563 -0.272107 
3.512 -0.404219 -0.171634 -0.392515 -0.16711 -0.382487 -0.162641 -0.372197 -0.159025 -0.362326 -0.155594 -0.395538 -0.163891 -0.384282 -0.159652 
3.516 -0.402849 -0.199712 -0.391306 -0.194341 -0.381106 -0.189073 -0.370802 -0.184704 -0.360951 -0.180571 -0.394053 -0.191928 -0.382698 -0.186813 
1.81 -0.172743 0.244062 -0.162835 0.230749 -0.15417 0.218908 -0.146587 0.208303 -0.138816 0.197781 -0.165619 0.253196 -0.15575 0.239734 
3.766 -0.308341 -0.149034 -0.300082 -0.145312 -0.292938 -0.141692 -0.285561 -0.1388 -0.278526 -0.13601 -0.300034 -0.141464 -0.291996 -0.138077 
4.301 -0.144665 -0.175743 -0.141041 -0.171964 -0.138056 -0.168105 -0.134731 -0.164878 -0.131503 -0.161845 -0.136597 -0.168412 -0.132949 -0.164801 
4.559 -0.0864539 -0.16684 -0.0842484 -0.163377 -0.0826902 -0.160019 -0.0806684 -0.157256 -0.078753 -0.154538 -0.0784056 -0.159642 -0.076221 -0.156416 
3.576 -0.380249 -0.151089 -0.369445 -0.147189 -0.359989 -0.143246 -0.350379 -0.140186 -0.34128 -0.137245 -0.371873 -0.143483 -0.361345 -0.139815 
3.176 -0.543241 -0.225051 -0.526215 -0.218434 -0.510954 -0.21193 -0.495887 -0.206542 -0.481536 -0.201395 -0.534007 -0.21705 -0.51728 -0.210604 
4.648 -0.0686481 -0.256554 -0.0669897 -0.251378 -0.0657994 -0.246149 -0.0642847 -0.241825 -0.0626938 -0.237454 -0.0605446 -0.249236 -0.0588903 -0.24431 
4.762 -0.0494727 -0.22916 -0.0482374 -0.224587 -0.0473742 -0.220018 -0.0462115 -0.21625 -0.0449297 -0.212451 -0.0413804 -0.221901 -0.0400932 -0.217644 
4.301 0.00873853 -0.0264484 0.00874568 -0.0262273 0.00842587 -0.0256163 0.00844305 -0.0256646 0.0085618 -0.0255825 0.0168624 -0.0193745 0.0169879 -0.0192619 
2.301 0.00531434 0.100247 0.00531902 0.0970808 0.00522681 0.0944535 0.005444 0.0913433 0.00557249 0.088593 0.0134872 0.10799 0.013661 0.104737 
4.355 0.0601014 0.0201205 0.0589342 0.019356 0.0575767 0.0190024 0.0564943 0.0180045 0.0555631 0.0171891 0.0685426 0.0273629 0.0675247 0.026464 
4.055 -0.202876 -0.0606903 -0.197416 -0.0594633 -0.192817 -0.0580138 -0.187848 -0.0572394 -0.183118 -0.0564308 -0.194972 -0.0533951 -0.189619 -0.0522817 
4.098 -0.200137 -0.123011 -0.194996 -0.120339 -0.190788 -0.11758 -0.186155 -0.115522 -0.181756 -0.113466 -0.192082 -0.115693 -0.186939 -0.11319 
3.93 0.114204 -0.120271 0.111535 -0.117551 0.10876 -0.114792 0.106442 -0.112635 0.104347 -0.110418 0.122718 -0.113532 0.120213 -0.111013 
4.715 -0.0364608 -0.0634297 -0.0354178 -0.0623982 -0.0347996 -0.0611692 -0.0338834 -0.060617 -0.0328527 -0.0598619 -0.028389 -0.0562545 -0.027299 -0.0554531 
4.598 -0.0830297 -0.25176 -0.0810156 -0.246407 -0.0794507 -0.241292 -0.0776337 -0.236884 -0.0756977 -0.232427 -0.0749452 -0.244263 -0.0728701 -0.23948 
3.518 -0.401479 -0.131229 -0.38998 -0.127827 -0.379806 -0.12437 -0.369536 -0.121781 -0.359736 -0.119297 -0.392944 -0.123588 -0.381682 -0.120421 
4.43 -0.117956 -0.25176 -0.115099 -0.246342 -0.112828 -0.241055 -0.110223 -0.236448 -0.10758 -0.232056 -0.109875 -0.244359 -0.106995 -0.239223 
3.572 -0.37751 -0.115477 -0.366713 -0.112473 -0.357203 -0.109434 -0.347674 -0.107153 -0.338622 -0.104961 -0.369187 -0.10793 -0.358596 -0.105148 
3.416 -0.44257 -0.171634 -0.429613 -0.166915 -0.418129 -0.1623 -0.406651 -0.15858 -0.395656 -0.155058 -0.433877 -0.163829 -0.421138 -0.159437 
3.355 -0.476811 -0.25176 -0.462563 -0.24465 -0.449864 -0.237802 -0.437244 -0.231937 -0.425202 -0.226407 -0.467739 -0.243767 -0.453826 -0.236948 
3.43 -0.423394 -0.0894535 -0.410909 -0.0871767 -0.399878 -0.0847626 -0.388858 -0.0832032 -0.3784 -0.0816826 -0.414935 -0.0818203 -0.402718 -0.079775 
1.841 -0.135762 0.255705 -0.12773 0.241683 -0.121211 0.229881 -0.114591 0.218155 -0.108708 0.207782 -0.128634 0.26508 -0.120506 0.251059 
3.537 -0.389837 -0.0860293 -0.37872 -0.0838829 -0.369013 -0.0816118 -0.359157 -0.0801334 -0.349681 -0.0787193 -0.381581 -0.0784696 -0.370713 -0.0765275 
3.787 -0.296699 -0.12438 -0.288487 -0.121356 -0.281396 -0.118346 -0.274089 -0.115978 -0.267091 -0.113721 -0.288385 -0.116902 -0.280396 -0.114102 
3.77 -0.304232 -0.164786 -0.296035 -0.160706 -0.288904 -0.156637 -0.281543 -0.15338 -0.274533 -0.150197 -0.295917 -0.157252 -0.287876 -0.153391 
4.547 -0.0837146 -0.130544 -0.0816615 -0.127919 -0.0800447 -0.125325 -0.0781577 -0.123259 -0.0762764 -0.121188 -0.0756961 -0.123429 -0.0736039 -0.121057 
4.758 -0.048103 -0.177113 -0.0468927 -0.173563 -0.0460855 -0.170001 -0.0449452 -0.167108 -0.0437466 -0.164294 -0.0400105 -0.169672 -0.0387448 -0.166464 
3.191 -0.534338 -0.213409 -0.51755 -0.20707 -0.502584 -0.200793 -0.487747 -0.195636 -0.47367 -0.190717 -0.525184 -0.205344 -0.508709 -0.199286 
3.609 -0.356965 -0.0469936 -0.346689 -0.0459065 -0.337737 -0.0446983 -0.328605 -0.0441523 -0.319962 -0.0436426 -0.348735 -0.0394452 -0.338702 -0.0386038 
3.41 -0.43983 -0.153143 -0.426769 -0.148836 -0.41537 -0.144617 -0.403889 -0.141271 -0.392966 -0.138142 -0.431168 -0.145396 -0.418443 -0.141357 
3.736 -0.311081 -0.112738 -0.302655 -0.109942 -0.295406 -0.107145 -0.287904 -0.105068 -0.280752 -0.103051 -0.3028 -0.105258 -0.294582 -0.102675 
3.5 -0.405588 -0.113423 -0.393784 -0.110432 -0.383261 -0.107391 -0.372785 -0.105135 -0.36289 -0.103003 -0.397026 -0.105843 -0.385504 -0.103063 
4.102 -0.190549 -0.0668539 -0.185752 -0.0656074 -0.18181 -0.0641131 -0.177529 -0.0633014 -0.17343 -0.0624658 -0.182464 -0.059571 -0.177818 -0.0584505 
3.264 -0.202876 0.109834 -0.196579 0.106131 -0.191281 0.103219 -0.185836 0.0996275 -0.180641 0.0964502 -0.195118 0.11758 -0.188964 0.113868 
3.814 -0.301493 -0.241487 -0.293426 -0.23551 -0.286401 -0.229747 -0.279178 -0.224823 -0.272183 -0.22006 -0.29301 -0.233702 -0.285132 -0.228077 
2.967 -0.295329 0.139282 -0.286175 0.13474 -0.2783 0.130931 -0.270307 0.126589 -0.262833 0.122539 -0.287589 0.147057 -0.278578 0.142545 
4.613 -0.069333 -0.10589 -0.0675683 -0.103827 -0.0661828 -0.101598 -0.0645198 -0.100067 -0.0628423 -0.0984575 -0.0614054 -0.0988369 -0.0595017 -0.0968948 
3.404 -0.441885 -0.12575 -0.428757 -0.122339 -0.417164 -0.11889 -0.405549 -0.116315 -0.394608 -0.11383 -0.433245 -0.118081 -0.420416 -0.114899 
4.73 -0.0535817 -0.258608 -0.0522624 -0.253365 -0.0513421 -0.248183 -0.0501036 -0.243857 -0.0487642 -0.239592 -0.0454829 -0.251274 -0.0441129 -0.246411 
3.949 -0.254924 -0.233954 -0.248305 -0.228343 -0.242679 -0.222968 -0.236743 -0.218307 -0.230998 -0.213874 -0.24651 -0.226344 -0.240098 -0.221041 
4.598 -0.0809752 -0.227106 -0.0790593 -0.222453 -0.0775459 -0.217907 -0.0757328 -0.214103 -0.0738632 -0.210309 -0.0729148 -0.219822 -0.0709059 -0.215496 
4.715 0.0402411 -0.0497329 0.0395176 -0.0490089 0.0385265 -0.0480358 0.0378559 -0.047627 0.0373163 -0.0471794 0.048495 -0.042745 0.0478624 -0.0421534 
3.984 -0.233009 -0.14698 -0.227045 -0.143578 -0.221828 -0.140081 -0.216524 -0.137429 -0.211215 -0.134781 -0.224471 -0.139523 -0.218715 -0.136362 
4.016 -0.225476 -0.109999 -0.219645 -0.107501 -0.214416 -0.104887 -0.209312 -0.103038 -0.204047 -0.101162 -0.217339 -0.102633 -0.211547 -0.100322 
3.779 -0.296014 -0.0497329 -0.287906 -0.0486358 -0.280855 -0.0473753 -0.273656 -0.0468124 -0.266748 -0.0462293 -0.287895 -0.0422378 -0.279932 -0.0413246 
3.529 -0.212464 0.0762772 -0.205746 0.0736551 -0.20004 0.07171 -0.194228 0.0690927 -0.188643 0.0667389 -0.204767 0.0837291 -0.198172 0.0811485 
4.414 -0.115217 -0.173004 -0.112373 -0.169372 -0.110083 -0.165737 -0.107458 -0.162853 -0.10489 -0.159979 -0.107201 -0.165706 -0.104353 -0.162318 
3.523 -0.399425 -0.157252 -0.387837 -0.153068 -0.37772 -0.148917 -0.367594 -0.145617 -0.358101 -0.142514 -0.390869 -0.14957 -0.379698 -0.145672 
4.234 -0.158362 -0.172319 -0.154458 -0.168478 -0.1512 -0.164632 -0.147642 -0.161589 -0.144213 -0.158399 -0.150178 -0.164916 -0.146308 -0.16121 
3.914 -0.238488 -0.0435694 -0.232221 -0.0427221 -0.226897 -0.041659 -0.221312 -0.0412597 -0.215951 -0.0408364 -0.230421 -0.0361848 -0.224286 -0.0355059 
4.758 -0.0494727 -0.194234 -0.0482331 -0.19031 -0.0473971 -0.186379 -0.0462348 -0.183228 -0.044988 -0.180032 -0.0413619 -0.186787 -0.0400778 -0.183362 
2.371 0.160088 0.0516231 0.155857 0.0496629 0.151708 0.0483489 0.148036 0.0464051 0.144698 0.0448501 0.168983 0.0588907 0.165068 0.0569991 
4.367 -0.12412 -0.109314 -0.121079 -0.107091 -0.118581 -0.104721 -0.115842 -0.103008 -0.113072 -0.101241 -0.116083 -0.102163 -0.113096 -0.100022 
4.332 -0.135762 -0.240118 -0.132415 -0.234809 -0.129707 -0.229516 -0.126659 -0.225028 -0.123652 -0.220644 -0.127619 -0.23273 -0.124312 -0.227656 
3.945 -0.244651 -0.120271 -0.238288 -0.117488 -0.232948 -0.114805 -0.227284 -0.112738 -0.221847 -0.110668 -0.236456 -0.112818 -0.230217 -0.110267 
4.129 -0.189864 -0.138762 -0.185068 -0.135629 -0.181004 -0.132415 -0.176725 -0.130019 -0.172587 -0.127565 -0.181834 -0.131406 -0.177011 -0.128485 
3.623 -0.363813 -0.176428 -0.353448 -0.171836 -0.344313 -0.167293 -0.335106 -0.163545 -0.326288 -0.159973 -0.355265 -0.168824 -0.345075 -0.16444 
4.652 -0.0631694 -0.126435 -0.0616518 -0.124029 -0.0605229 -0.121354 -0.0590916 -0.119683 -0.0576033 -0.117408 -0.0551762 -0.119376 -0.0535658 -0.117113 
3.453 -0.424079 -0.160677 -0.411728 -0.156309 -0.400562 -0.151993 -0.389759 -0.148546 -0.379288 -0.145268 -0.415526 -0.152943 -0.403431 -0.148832 
3.82 -0.282317 -0.10315 -0.274711 -0.10072 -0.268213 -0.0982169 -0.261468 -0.0964988 -0.254972 -0.0947062 -0.27402 -0.0956708 -0.266687 -0.0934251 
4.078 -0.201507 -0.0997261 -0.196411 -0.0975102 -0.19207 -0.0951888 -0.187423 -0.0935663 -0.183088 -0.0919833 -0.193116 -0.0923195 -0.188207 -0.0903215 
4.102 -0.196713 -0.163416 -0.191791 -0.159696 -0.187655 -0.156011 -0.183122 -0.153051 -0.178716 -0.15012 -0.188614 -0.15601 -0.183638 -0.152557 
4.402 -0.120696 -0.237378 -0.11776 -0.232178 -0.115401 -0.227066 -0.112735 -0.222698 -0.110055 -0.218435 -0.112559 -0.229985 -0.109639 -0.225065 
4.293 -0.137132 -0.087399 -0.133615 -0.0855946 -0.130675 -0.0836917 -0.127656 -0.0824318 -0.124406 -0.0811082 -0.129106 -0.0801069 -0.125737 -0.0786157 
3.396 -0.439145 -0.107944 -0.426081 -0.104985 -0.414555 -0.101965 -0.403045 -0.0997363 -0.392058 -0.0976694 -0.430549 -0.100326 -0.417827 -0.0975818 
4.062 -0.202876 -0.0757567 -0.19764 -0.0742329 -0.193273 -0.0725271 -0.188533 -0.0714754 -0.184018 -0.0703667 -0.194793 -0.0684811 -0.18966 -0.0670945 
4.23 -0.155623 -0.142871 -0.151779 -0.139894 -0.148615 -0.136875 -0.145115 -0.134432 -0.141677 -0.132093 -0.147595 -0.135657 -0.143755 -0.132808 
4.328 -0.135077 -0.223682 -0.131804 -0.21879 -0.129159 -0.213972 -0.126144 -0.209951 -0.123184 -0.206009 -0.12702 -0.216297 -0.123742 -0.211727 
4.266 -0.151513 -0.243542 -0.147712 -0.23804 -0.144577 -0.232639 -0.14112 -0.227997 -0.137662 -0.223473 -0.143388 -0.236124 -0.139598 -0.230901 
4.594 -0.0823449 -0.191494 -0.0803516 -0.187573 -0.0787922 -0.183634 -0.0770468 -0.180611 -0.0751101 -0.177464 -0.0742955 -0.184209 -0.0722352 -0.180653 
4.359 -0.119326 -0.0942474 -0.116391 -0.0924752 -0.113958 -0.0904444 -0.111274 -0.0891411 -0.108625 -0.0877855 -0.111364 -0.0870251 -0.108429 -0.0854097 
4.164 -0.190549 -0.299014 -0.185712 -0.292263 -0.181729 -0.285573 -0.17746 -0.27995 -0.173209 -0.274476 -0.182199 -0.291253 -0.177566 -0.28478 
4.352 -0.132338 -0.203821 -0.129108 -0.199418 -0.1265 -0.195213 -0.123599 -0.191593 -0.120659 -0.187927 -0.124257 -0.196486 -0.121061 -0.192391 
4.574 -0.0741268 -0.0860293 -0.0723553 -0.0845691 -0.0708979 -0.0827341 -0.0691714 -0.0815972 -0.0675483 -0.0803525 -0.066227 -0.0790047 -0.0642771 -0.077598 
4.402 -0.117956 -0.142186 -0.115144 -0.139429 -0.112832 -0.13648 -0.11023 -0.134206 -0.107649 -0.131878 -0.109964 -0.13508 -0.107166 -0.132353 
4.18 -0.176168 -0.264772 -0.17166 -0.258683 -0.167885 -0.252722 -0.163809 -0.247585 -0.159864 -0.242612 -0.167949 -0.25724 -0.163533 -0.251445 
4.383 0.0847555 0.0201205 0.0829926 0.0193472 0.0810745 0.0189965 0.0795593 0.0179788 0.0782839 0.0172025 0.0933085 0.0273272 0.0919355 0.0264523 
3.816 -0.283002 -0.0668539 -0.275558 -0.0653374 -0.269339 -0.0636956 -0.261888 -0.0626715 -0.254759 -0.0616749 -0.274306 -0.0594292 -0.266958 -0.058101 
4.539 -0.0871387 -0.113423 -0.0849988 -0.111249 -0.0833833 -0.108868 -0.0814421 -0.107279 -0.0794533 -0.105526 -0.0791852 -0.106312 -0.0769907 -0.104278 
4.398 -0.120696 -0.222312 -0.117826 -0.217537 -0.11548 -0.212818 -0.112836 -0.208872 -0.11021 -0.204945 -0.112502 -0.214918 -0.109615 -0.210467 
4.098 -0.187125 -0.000424599 -0.182384 -0.000682667 -0.17822 -0.000712094 -0.173996 -0.00125536 -0.169827 -0.00166733 -0.179198 0.00685707 -0.174553 0.00655511 
4.332 0.105985 -0.141501 0.103591 -0.138284 0.101078 -0.135106 0.0989461 -0.132534 0.0970808 -0.129886 0.11441 -0.134933 0.112167 -0.131664 
4.414 -0.106314 -0.0716477 -0.103741 -0.0704555 -0.101656 -0.0689757 -0.0992691 -0.0683082 -0.0969763 -0.0672881 -0.0982222 -0.0644855 -0.0956591 -0.0633684 
3.9 -0.252869 -0.101781 -0.246227 -0.0994879 -0.240477 -0.0971622 -0.234497 -0.0953464 -0.228721 -0.0938146 -0.244731 -0.0944294 -0.238159 -0.0923849 
4.664 -0.0672785 -0.172319 -0.0656671 -0.168677 -0.064488 -0.165301 -0.0629674 -0.162481 -0.0613956 -0.159576 -0.0592662 -0.165224 -0.057528 -0.161852 
3.691 -0.326147 -0.0880838 -0.31709 -0.0861009 -0.309316 -0.0839434 -0.301286 -0.082521 -0.293632 -0.0811376 -0.317821 -0.0807233 -0.309042 -0.0788267 
4.523 -0.0980962 -0.255184 -0.0957369 -0.249856 -0.0938651 -0.244575 -0.0917081 -0.240046 -0.0895208 -0.235559 -0.0899392 -0.247965 -0.0875755 -0.2427 
2.463 -0.252185 0.140652 -0.243894 0.135829 -0.236849 0.13198 -0.229501 0.12746 -0.222777 0.123398 -0.244763 0.148466 -0.236551 0.143811 
3.609 -0.372716 -0.385303 -0.362274 -0.374976 -0.35306 -0.365154 -0.343735 -0.356385 -0.33474 -0.348073 -0.363691 -0.376823 -0.353489 -0.36696 
4.398 -0.117272 -0.12575 -0.114352 -0.123073 -0.112061 -0.120466 -0.109464 -0.118337 -0.106853 -0.116262 -0.109187 -0.118541 -0.106356 -0.116101 
3.85 -0.287111 -0.242857 -0.279618 -0.236948 -0.273132 -0.231224 -0.266416 -0.226318 -0.25991 -0.221586 -0.278667 -0.235105 -0.27133 -0.22951 
4.426 -0.107684 -0.0860293 -0.105045 -0.0843163 -0.102929 -0.0825927 -0.100595 -0.0814309 -0.0982362 -0.0801554 -0.099622 -0.0788441 -0.0969954 -0.0774279 
3.76 0.192275 -0.0127517 0.187383 -0.0127346 0.182487 -0.0124871 0.177979 -0.0126763 0.174027 -0.0127185 0.201558 -0.00579245 0.196802 -0.00592307 
3.451 -0.430242 -0.192864 -0.417558 -0.187576 -0.406434 -0.182368 -0.39517 -0.178073 -0.384451 -0.173978 -0.421847 -0.185118 -0.409508 -0.180093 
4.648 -0.0686481 -0.241487 -0.0669976 -0.236605 -0.0658059 -0.231646 -0.064293 -0.227589 -0.0627272 -0.223585 -0.0605537 -0.234155 -0.0588777 -0.22941 
2.52 -0.276154 0.237214 -0.266915 0.229184 -0.258772 0.222356 -0.250615 0.21496 -0.24301 0.208214 -0.268879 0.245526 -0.259578 0.23756 
4.594 -0.0631694 -0.0654842 -0.0614572 -0.0642885 -0.0603112 -0.0629362 -0.0588033 -0.0621584 -0.057295 -0.0614235 -0.055106 -0.058482 -0.0534294 -0.0574499 
4.488 -0.098781 -0.18807 -0.0964242 -0.184091 -0.094546 -0.180193 -0.0924385 -0.177089 -0.0902439 -0.173836 -0.0907542 -0.180933 -0.0882978 -0.177195 
3.459 -0.16521 0.089974 -0.160227 0.0871522 -0.156071 0.0849004 -0.151657 0.0820856 -0.147585 0.0795291 -0.157353 0.0975335 -0.152412 0.0946292 
4.012 -0.107684 -0.0120668 -0.104765 -0.012129 -0.101784 -0.0118471 -0.0994069 -0.0121749 -0.0964996 -0.0123798 -0.10024 -0.00482555 -0.0971563 -0.00498865 
3.305 -0.493932 -0.327092 -0.479242 -0.317845 -0.466093 -0.308687 -0.452951 -0.300695 -0.44038 -0.293228 -0.484727 -0.318737 -0.470317 -0.309562 
4.516 -0.094672 -0.208615 -0.0924347 -0.204193 -0.0907519 -0.200146 -0.0887582 -0.196672 -0.0866329 -0.193096 -0.0865283 -0.201106 -0.0843148 -0.197429 
4.055 -0.196713 -0.0483632 -0.191657 -0.0474457 -0.187424 -0.0462748 -0.182909 -0.0458355 -0.178557 -0.0452908 -0.188715 -0.041027 -0.183727 -0.0402662 
4 -0.229585 -0.16684 -0.223713 -0.162943 -0.218945 -0.159081 -0.213327 -0.15593 -0.208661 -0.152917 -0.221714 -0.15943 -0.216057 -0.155758 
3.812 0.157348 -0.0949322 0.153384 -0.0926981 0.149354 -0.0903286 0.145871 -0.0886316 0.142604 -0.0867428 0.166214 -0.0882613 0.162424 -0.08618 
4.125 -0.18781 -0.116847 -0.183047 -0.114344 -0.179109 -0.111748 -0.174863 -0.109862 -0.170761 -0.108 -0.179624 -0.109524 -0.175049 -0.107251 
3.715 0.208711 -0.112053 0.203218 -0.109367 0.198029 -0.106478 0.193265 -0.104278 0.188906 -0.102005 0.217801 -0.10554 0.212649 -0.10288 
3.648 -0.341214 -0.0730174 -0.331284 -0.0713453 -0.322918 -0.0695364 -0.314302 -0.0684486 -0.306114 -0.0673725 -0.332715 -0.0655907 -0.323167 -0.0641018 
3.861 -0.268621 -0.121641 -0.261465 -0.118756 -0.255359 -0.115879 -0.248962 -0.113677 -0.242809 -0.111509 -0.260193 -0.114181 -0.253287 -0.111546 
3.854 -0.268621 -0.106574 -0.261438 -0.104168 -0.255257 -0.101739 -0.248845 -0.099895 -0.242755 -0.0982403 -0.26028 -0.0990954 -0.253303 -0.0968958 
3.947 -0.0659088 0.013957 -0.0639502 0.0133978 -0.0625622 0.0130086 -0.0608388 0.0120986 -0.0590663 0.0112411 -0.0579467 0.0213267 -0.0560382 0.020443 
4.445 -0.110423 -0.212724 -0.107836 -0.208212 -0.105649 -0.203824 -0.103261 -0.200123 -0.100817 -0.196467 -0.102314 -0.205391 -0.0996994 -0.201261 
3.832 -0.282317 -0.122326 -0.274659 -0.119377 -0.268108 -0.116412 -0.261253 -0.114138 -0.254668 -0.111954 -0.274048 -0.11484 -0.266578 -0.112118 
4.262 -0.150144 -0.228476 -0.146429 -0.223386 -0.143451 -0.218433 -0.140115 -0.214287 -0.136759 -0.210173 -0.142005 -0.221029 -0.138375 -0.216324 
4.531 -0.08166 -0.0737022 -0.0795846 -0.0724032 -0.0781984 -0.0713008 -0.0765986 -0.0709906 -0.0748313 -0.070005 -0.073699 -0.0670663 -0.0717279 -0.0661059 
4.652 -0.0604301 -0.0860293 -0.0587307 -0.0843951 -0.0575748 -0.0824294 -0.0560665 -0.0814025 -0.0545755 -0.0802105 -0.0523715 -0.0787853 -0.0506955 -0.0774232 
3.844 -0.285057 -0.292165 -0.277674 -0.284955 -0.271223 -0.277969 -0.264668 -0.27192 -0.258107 -0.266059 -0.276555 -0.284293 -0.269246 -0.277429 
3.477 -0.407643 -0.087399 -0.395659 -0.0851907 -0.385117 -0.0828318 -0.374384 -0.0812741 -0.364189 -0.0797696 -0.399129 -0.079822 -0.387309 -0.0777762 
3.666 -0.341898 -0.142186 -0.33242 -0.138627 -0.324127 -0.135027 -0.315748 -0.132272 -0.307587 -0.129594 -0.333522 -0.134582 -0.324215 -0.131249 
4.227 -0.161101 -0.260663 -0.157026 -0.254785 -0.153681 -0.249023 -0.149983 -0.24409 -0.146331 -0.239236 -0.152849 -0.253177 -0.148853 -0.247596 
3.555 -0.386413 -0.1867 -0.37562 -0.181735 -0.365974 -0.176832 -0.356369 -0.172855 -0.347191 -0.169063 -0.377853 -0.17898 -0.36729 -0.174309 
3.734 -0.326832 -0.225736 -0.317948 -0.220043 -0.310341 -0.214507 -0.302357 -0.209812 -0.294874 -0.205353 -0.318399 -0.218058 -0.309875 -0.212679 
