4.672 0.00599918 -0.0428845 0.00607789 -0.0421532 0.00585163 -0.0412712 0.00593163 -0.0410054 0.00607082 -0.0405884 0.0141257 -0.0356561 0.014288 -0.0352762 
3.693 -0.343953 -0.401739 -0.334559 -0.391272 -0.326258 -0.38122 -0.317828 -0.372307 -0.309638 -0.363806 -0.335059 -0.393231 -0.325883 -0.383251 
4.59 -0.0556362 -0.036721 -0.0541419 -0.0362635 -0.0531209 -0.0353958 -0.0517724 -0.0352877 -0.0504257 -0.0350255 -0.0476091 -0.0295824 -0.0460783 -0.0292208 
3.891 -0.274099 -0.345583 -0.266871 -0.337058 -0.260582 -0.328812 -0.254029 -0.321573 -0.247731 -0.314634 -0.2655 -0.337526 -0.25848 -0.32943 
3.736 -0.325462 -0.396261 -0.316654 -0.386067 -0.308905 -0.37627 -0.301022 -0.367595 -0.293339 -0.359333 -0.316621 -0.38787 -0.30806 -0.378144 
3.619 -0.365183 -0.155198 -0.354771 -0.151228 -0.345664 -0.147191 -0.336404 -0.14401 -0.32764 -0.140983 -0.356673 -0.147457 -0.346527 -0.143758 
3.625 -0.359704 -0.0757567 -0.349388 -0.0738844 -0.340311 -0.071812 -0.331169 -0.0705564 -0.322482 -0.0693478 -0.351373 -0.0681399 -0.341308 -0.0664805 
3.826 -0.29396 -0.372291 -0.286242 -0.363033 -0.279504 -0.35411 -0.272574 -0.346277 -0.265821 -0.338734 -0.285267 -0.364057 -0.277759 -0.35526 
3.793 -0.304917 -0.387358 -0.296738 -0.377514 -0.289532 -0.36801 -0.282179 -0.359616 -0.275016 -0.351597 -0.296218 -0.379073 -0.288181 -0.369674 
3.68 -0.349432 -0.370237 -0.339898 -0.360546 -0.331533 -0.351309 -0.322984 -0.343137 -0.314747 -0.335367 -0.340539 -0.361848 -0.331249 -0.352637 
3.693 -0.344638 -0.383934 -0.33522 -0.373944 -0.326921 -0.364335 -0.318479 -0.355849 -0.310313 -0.347783 -0.335769 -0.375563 -0.326591 -0.365993 
4.742 -0.0172853 -0.044939 -0.0168478 -0.0442967 -0.016612 -0.0433465 -0.0161875 -0.0430754 -0.0156882 -0.0426099 -0.0092235 -0.0377936 -0.00865829 -0.0373133 
3.637 -0.362444 -0.387358 -0.352389 -0.37714 -0.343571 -0.367301 -0.334603 -0.35862 -0.32595 -0.350362 -0.353455 -0.378931 -0.343706 -0.369147 
4.141 -0.180277 -0.0538419 -0.175676 -0.052864 -0.171743 -0.0514759 -0.167541 -0.0508837 -0.163522 -0.050185 -0.17226 -0.0465805 -0.167746 -0.0456705 
4.523 0.0669497 0.00231475 0.0656547 0.00188301 0.0641788 0.00195611 0.0631081 0.00127312 0.0621051 0.000939726 0.0754088 0.00943537 0.0742432 0.00894845 
4.027 -0.219997 -0.0586358 -0.214281 -0.0574908 -0.209413 -0.0560277 -0.204306 -0.0553366 -0.199423 -0.0545447 -0.211895 -0.0512958 -0.206343 -0.0502587 
3.611 -0.361074 -0.101096 -0.350766 -0.0986434 -0.341708 -0.0958965 -0.332506 -0.0940327 -0.323806 -0.092318 -0.352733 -0.0935936 -0.342622 -0.0912435 
3.74 -0.326147 -0.35928 -0.31739 -0.350086 -0.309685 -0.341216 -0.301788 -0.33342 -0.294156 -0.325973 -0.317403 -0.351064 -0.308821 -0.342276 
3.799 -0.307656 -0.354486 -0.299457 -0.345523 -0.292268 -0.336901 -0.284863 -0.329311 -0.277757 -0.322067 -0.298963 -0.346279 -0.290964 -0.337779 
3.736 -0.326832 -0.37914 -0.318028 -0.369417 -0.310286 -0.360066 -0.3024 -0.351842 -0.294726 -0.343959 -0.318044 -0.370815 -0.309452 -0.361551 
3.846 -0.289166 -0.347637 -0.281536 -0.338982 -0.274897 -0.330641 -0.267983 -0.323253 -0.261309 -0.316245 -0.280617 -0.339604 -0.273162 -0.331354 
4.148 -0.182331 -0.190809 -0.177731 -0.186505 -0.173865 -0.182192 -0.169722 -0.178695 -0.165698 -0.175244 -0.174097 -0.183314 -0.169646 -0.179329 
3.838 -0.290536 -0.385988 -0.282872 -0.376335 -0.276194 -0.367036 -0.269294 -0.35881 -0.262579 -0.350953 -0.281886 -0.377761 -0.274434 -0.368529 
3.773 -0.309711 -0.412697 -0.301478 -0.402229 -0.294209 -0.392167 -0.286784 -0.383248 -0.279568 -0.374703 -0.300867 -0.404207 -0.29284 -0.394225 
3.094 -0.185755 0.124216 -0.179937 0.120127 -0.175003 0.116939 -0.169871 0.112981 -0.165059 0.109461 -0.177997 0.131929 -0.172252 0.127865 
3.676 -0.346007 -0.423654 -0.336623 -0.412618 -0.328335 -0.402063 -0.319886 -0.392667 -0.31171 -0.383692 -0.337111 -0.4151 -0.32792 -0.40455 
3.885 -0.275469 -0.401739 -0.268254 -0.391778 -0.261953 -0.382207 -0.255381 -0.373704 -0.249002 -0.36557 -0.266844 -0.393433 -0.259753 -0.383977 
3.65 -0.359704 -0.403794 -0.349733 -0.393122 -0.340944 -0.382866 -0.332003 -0.373759 -0.323356 -0.365066 -0.350781 -0.395309 -0.341052 -0.385076 
3.748 -0.323408 -0.412012 -0.314665 -0.401385 -0.306937 -0.39116 -0.299067 -0.382112 -0.291411 -0.373408 -0.314612 -0.403561 -0.306042 -0.393375 
3.543 -0.400794 -0.238063 -0.389271 -0.231646 -0.379094 -0.225313 -0.368869 -0.22002 -0.359122 -0.214984 -0.391911 -0.23016 -0.380714 -0.224045 
3.836 -0.29259 -0.407218 -0.284869 -0.397006 -0.278127 -0.387204 -0.271181 -0.378526 -0.264414 -0.370174 -0.283857 -0.398844 -0.276342 -0.389121 
3.885 -0.275469 -0.383249 -0.268257 -0.373772 -0.261995 -0.364613 -0.255434 -0.356546 -0.249073 -0.348834 -0.266861 -0.374995 -0.259792 -0.365942 
1.786 0.0450349 0.121477 0.0436037 0.115974 0.0420068 0.111624 0.0407577 0.106693 0.0397778 0.102488 0.0535778 0.129647 0.0522094 0.124098 
3.779 -0.302863 -0.066169 -0.294676 -0.0647313 -0.287562 -0.0629857 -0.280232 -0.0619664 -0.273296 -0.0610148 -0.294703 -0.0588778 -0.286723 -0.0575171 
3.781 -0.313135 -0.368182 -0.304803 -0.358808 -0.297501 -0.349747 -0.290021 -0.341813 -0.282752 -0.334191 -0.304398 -0.359989 -0.29626 -0.351023 
3.891 -0.273415 -0.362704 -0.266193 -0.353714 -0.259933 -0.34508 -0.253398 -0.337427 -0.247071 -0.330108 -0.264778 -0.354573 -0.257795 -0.346034 
4.051 -0.0433091 -0.0100123 -0.0420372 -0.0102059 -0.0412122 -0.00989817 -0.0401385 -0.0104059 -0.038988 -0.0106636 -0.0351727 -0.00288996 -0.0339271 -0.00311596 
4.703 -0.052212 -0.100411 -0.0509917 -0.0984617 -0.0501436 -0.0962334 -0.0489634 -0.0947556 -0.0477525 -0.0932036 -0.0442276 -0.0933374 -0.0429041 -0.0915455 
4.258 0.0162717 0.0427202 0.0160883 0.0413712 0.0155361 0.0405154 0.0153209 0.0389762 0.0151552 0.0377327 0.024598 0.0500924 0.0244545 0.0486835 
3.695 -0.330941 -0.130544 -0.321878 -0.127374 -0.313982 -0.123967 -0.305856 -0.121515 -0.298181 -0.119097 -0.322614 -0.123011 -0.313788 -0.120022 
3.76 -0.161101 0.0194357 -0.156805 0.018467 -0.153097 0.0181943 -0.149174 0.0170753 -0.145343 0.0163723 -0.153203 0.0268001 -0.148951 0.0258086 
4.855 -0.00358855 -0.100411 -0.0033431 -0.0984629 -0.00328881 -0.0962415 -0.00306836 -0.0947678 -0.00274429 -0.0931801 0.00442347 -0.09345 0.00481028 -0.0916342 
4.145 -0.0261882 -0.0182304 -0.025419 -0.0181023 -0.0249583 -0.0176107 -0.0241755 -0.017807 -0.0233755 -0.0178094 -0.0181653 -0.0110358 -0.0173105 -0.0110069 
4.344 0.0422956 0.0146418 0.0416642 0.0140021 0.0407268 0.0137907 0.0401076 0.012843 0.0395285 0.0121926 0.0507358 0.0219011 0.0500417 0.0211069 
3.756 -0.317929 -0.213409 -0.309271 -0.208057 -0.301725 -0.20277 -0.29401 -0.19843 -0.286645 -0.194235 -0.309477 -0.205713 -0.301055 -0.200693 
3.205 -0.256978 0.111889 -0.249067 0.108136 -0.242203 0.105247 -0.235256 0.101603 -0.228674 0.0983373 -0.249342 0.119493 -0.241566 0.115743 
4.832 -0.0213943 -0.100411 -0.0206643 -0.0984384 -0.0203256 -0.0962256 -0.0197191 -0.0947329 -0.0189455 -0.0931364 -0.0133316 -0.0933789 -0.0125263 -0.0915853 
3.859 -0.278208 -0.179167 -0.270897 -0.174847 -0.264507 -0.17048 -0.25792 -0.166991 -0.251584 -0.163617 -0.269807 -0.171587 -0.262703 -0.167536 
4.258 -0.0426243 -0.0264484 -0.0414873 -0.0261843 -0.040749 -0.0255539 -0.0396908 -0.0256584 -0.0386607 -0.0255529 -0.0344873 -0.0192994 -0.0333179 -0.0191714 
3.684 -0.293275 0.101616 -0.284267 0.0982499 -0.276464 0.0957082 -0.268516 0.0923842 -0.261104 0.0893901 -0.285547 0.109243 -0.276701 0.105896 
3.951 -0.244651 -0.174373 -0.238241 -0.17034 -0.232793 -0.166207 -0.227034 -0.162915 -0.221531 -0.159719 -0.236342 -0.1669 -0.230141 -0.16306 
4.668 -0.0350911 -0.044939 -0.0341108 -0.0444278 -0.033518 -0.0434237 -0.0326092 -0.0432038 -0.0316537 -0.042687 -0.0269869 -0.0379477 -0.0259101 -0.0373739 
4.676 -0.0453636 -0.0757567 -0.0442112 -0.0743359 -0.0433568 -0.07263 -0.0422868 -0.0716573 -0.0411994 -0.0705077 -0.037329 -0.068696 -0.0360594 -0.0674255 
3.873 -0.277524 -0.213409 -0.270211 -0.208212 -0.263871 -0.202984 -0.257246 -0.198705 -0.250948 -0.194572 -0.269081 -0.205809 -0.261969 -0.200858 
3.748 -0.318614 -0.183961 -0.310027 -0.179334 -0.302502 -0.17467 -0.294797 -0.170976 -0.287479 -0.167399 -0.310181 -0.176278 -0.301784 -0.171957 
3.689 -0.340529 -0.216833 -0.33141 -0.211368 -0.323303 -0.205942 -0.314987 -0.2014 -0.307141 -0.197102 -0.332358 -0.209144 -0.323233 -0.203931 
3.637 -0.355595 -0.192864 -0.345645 -0.187911 -0.33694 -0.182954 -0.328199 -0.178951 -0.319696 -0.175112 -0.347072 -0.185137 -0.337497 -0.180462 
3.701 -0.332995 -0.154513 -0.32382 -0.150685 -0.31587 -0.146811 -0.307731 -0.143843 -0.29998 -0.140951 -0.324598 -0.146913 -0.315665 -0.143318 
4.121 -0.192604 -0.202452 -0.18778 -0.197891 -0.183594 -0.193239 -0.179222 -0.189503 -0.17503 -0.185808 -0.18439 -0.194973 -0.179675 -0.190677 
3.941 -0.242597 -0.0908232 -0.236257 -0.0888142 -0.230848 -0.0865007 -0.225223 -0.0850736 -0.219833 -0.0836125 -0.234403 -0.0835099 -0.228237 -0.08159 
3.232 -0.16795 0.122161 -0.162779 0.1182 -0.158373 0.115106 -0.153801 0.111276 -0.14951 0.107861 -0.160233 0.129889 -0.155104 0.125946 
3.705 -0.332311 -0.186016 -0.323167 -0.181318 -0.315236 -0.176543 -0.307201 -0.172768 -0.299352 -0.169108 -0.323951 -0.178392 -0.31501 -0.173921 
3.264 -0.196713 0.112574 -0.190563 0.10882 -0.18535 0.10599 -0.179975 0.102321 -0.174934 0.0991784 -0.188994 0.120271 -0.182949 0.116526 
4.227 -0.00358855 -0.0196001 -0.00331757 -0.0194768 -0.00329261 -0.0190569 -0.00303726 -0.0192272 -0.00273401 -0.019216 0.00454645 -0.0124895 0.00490128 -0.0124768 
4.301 0.0313382 0.0420353 0.0307002 0.0406223 0.0298587 0.0397529 0.0292819 0.0382142 0.0288325 0.036919 0.0397602 0.0493053 0.0392319 0.0478484 
4.25 -0.0570059 -0.0216546 -0.0555282 -0.0214685 -0.0544528 -0.0208229 -0.0531212 -0.0209566 -0.0517565 -0.0209014 -0.0489914 -0.0144408 -0.0474566 -0.0143564 
4.074 -0.206985 -0.197658 -0.201742 -0.193148 -0.197181 -0.188608 -0.192396 -0.184933 -0.187766 -0.181331 -0.198624 -0.190128 -0.193549 -0.185942 
3.789 -0.302178 -0.184646 -0.294089 -0.180064 -0.287009 -0.175479 -0.279734 -0.17182 -0.27277 -0.168249 -0.293731 -0.176986 -0.285913 -0.172721 
3.914 -0.259718 -0.203137 -0.252965 -0.198286 -0.246919 -0.193392 -0.240827 -0.189467 -0.234937 -0.185619 -0.251401 -0.195484 -0.244784 -0.190966 
1.88 -0.0179701 0.206396 -0.016515 0.195358 -0.0154408 0.186094 -0.0142763 0.176698 -0.0131244 0.168437 -0.00998763 0.215531 -0.00839742 0.204486 
4.539 0.0299685 -0.00521846 0.0295078 -0.00545271 0.0287624 -0.00525257 0.0283498 -0.00573773 0.0280235 -0.00605637 0.0382359 0.00194663 0.0378925 0.0015752 
4.086 -0.202876 -0.150404 -0.19772 -0.147059 -0.193426 -0.143596 -0.188755 -0.140967 -0.184435 -0.138355 -0.194692 -0.143007 -0.189702 -0.139889 
4.168 -0.132338 -0.0106972 -0.12881 -0.0108193 -0.125794 -0.0104285 -0.122647 -0.0108618 -0.119569 -0.0111053 -0.124407 -0.00345868 -0.120887 -0.00360067 
4.426 -0.10152 -0.0524723 -0.0990003 -0.0515611 -0.0970216 -0.0503182 -0.09476 -0.0499044 -0.0924205 -0.0493487 -0.0935237 -0.0453172 -0.0909925 -0.0446075 
3.922 -0.257663 -0.181907 -0.251043 -0.177646 -0.24506 -0.173305 -0.239188 -0.169845 -0.233193 -0.16644 -0.249416 -0.17439 -0.242884 -0.170363 
4.742 -0.0371456 -0.0969867 -0.0361684 -0.0950225 -0.0355643 -0.092886 -0.0346504 -0.0914336 -0.0337691 -0.0898807 -0.0290332 -0.0898916 -0.0279917 -0.088164 
3.883 -0.283002 -0.323668 -0.275587 -0.315704 -0.269141 -0.307865 -0.262482 -0.301084 -0.255982 -0.294592 -0.274432 -0.315715 -0.267198 -0.308045 
4.48 -0.10152 -0.163416 -0.0990694 -0.160111 -0.0971303 -0.156623 -0.0948815 -0.153925 -0.0926036 -0.151228 -0.0934526 -0.156217 -0.0909905 -0.153085 
4.637 -0.0556362 -0.0531571 -0.0542081 -0.0522868 -0.0531653 -0.0510324 -0.0518257 -0.0506184 -0.0505123 -0.0499743 -0.0476269 -0.0460697 -0.0461374 -0.0453246 
3.865 -0.282317 -0.23053 -0.27489 -0.224992 -0.268424 -0.219551 -0.261685 -0.214869 -0.255235 -0.210454 -0.273948 -0.222917 -0.26663 -0.217641 
2.203 -0.267936 0.18996 -0.258831 0.183424 -0.250954 0.178026 -0.243007 0.171952 -0.235644 0.166455 -0.260485 0.197968 -0.251524 0.191536 
3.787 -0.294645 -0.0949322 -0.286497 -0.0927351 -0.279427 -0.0902451 -0.272144 -0.0886182 -0.265241 -0.0870121 -0.28641 -0.0874951 -0.278469 -0.0854307 
3.512 -0.404219 -0.171634 -0.392506 -0.167149 -0.382424 -0.16259 -0.372193 -0.159016 -0.36232 -0.155576 -0.3956 -0.163899 -0.384278 -0.159652 
3.836 -0.298069 -0.317504 -0.290051 -0.309478 -0.283012 -0.301654 -0.275753 -0.294872 -0.268803 -0.288371 -0.289492 -0.309563 -0.281651 -0.301881 
3.307 0.351842 -0.0771264 0.341108 -0.0752919 0.330897 -0.0730055 0.320466 -0.0712776 0.310836 -0.0693199 0.362098 -0.0705005 0.351816 -0.0687828 
3.859 -0.274784 -0.16547 -0.267401 -0.161441 -0.261133 -0.157343 -0.254568 -0.154126 -0.248289 -0.150944 -0.266429 -0.157992 -0.259325 -0.154186 
4.73 -0.0549514 -0.226421 -0.0536551 -0.221938 -0.0527622 -0.217334 -0.0515526 -0.21363 -0.0502365 -0.209841 -0.0468497 -0.219159 -0.0455104 -0.214958 
4.469 -0.100836 -0.138077 -0.0984113 -0.135382 -0.0965231 -0.132431 -0.0942946 -0.130264 -0.0921178 -0.127995 -0.092781 -0.130917 -0.0903457 -0.128325 
3.77 -0.308341 -0.149034 -0.300057 -0.145373 -0.292898 -0.14164 -0.285518 -0.138774 -0.278505 -0.135999 -0.299997 -0.14145 -0.291987 -0.138093 
4.695 -0.0624846 -0.205876 -0.0609754 -0.201831 -0.0599457 -0.197654 -0.0585953 -0.194147 -0.0572046 -0.190814 -0.0543752 -0.198699 -0.0528692 -0.194829 
4.297 -0.14398 -0.152459 -0.140351 -0.14914 -0.137386 -0.145707 -0.134095 -0.143174 -0.130889 -0.140566 -0.135888 -0.145119 -0.132304 -0.142102 
4.699 -0.0597452 -0.27436 -0.0583696 -0.268922 -0.057331 -0.263435 -0.0560213 -0.258779 -0.0545917 -0.254174 -0.0516773 -0.267118 -0.0502304 -0.26195 
4.367 -0.0748117 -0.0148062 -0.0730044 -0.0148693 -0.0715644 -0.0144836 -0.0698211 -0.0148284 -0.0681624 -0.0149958 -0.0668911 -0.00763997 -0.0650356 -0.00773306 
3.805 -0.299438 -0.219573 -0.291495 -0.214187 -0.284625 -0.208817 -0.27743 -0.204349 -0.270574 -0.20007 -0.29112 -0.211954 -0.283357 -0.206829 
3.721 -0.320668 -0.0709629 -0.311766 -0.0694748 -0.303903 -0.0676071 -0.295885 -0.0666301 -0.288257 -0.0656347 -0.312528 -0.0635462 -0.303727 -0.0621661 
3.541 -0.394631 -0.198343 -0.383391 -0.193086 -0.373467 -0.18782 -0.363385 -0.183556 -0.353726 -0.17951 -0.386038 -0.190557 -0.375026 -0.185569 
4.051 -0.214519 -0.125065 -0.209029 -0.122368 -0.204154 -0.119453 -0.199194 -0.117361 -0.194437 -0.115284 -0.206391 -0.117747 -0.200947 -0.115207 
4.809 0.0176414 -0.102465 0.0174229 -0.100483 0.0169498 -0.0981303 0.0168206 -0.0965884 0.0167886 -0.0949099 0.0257676 -0.0956127 0.0256721 -0.093643 
4.281 0.00873853 -0.0264484 0.00874902 -0.0262544 0.00844769 -0.0255615 0.00845785 -0.0257478 0.0085404 -0.0256155 0.0168748 -0.0193489 0.0170005 -0.0192665 
4.277 -0.14535 -0.175743 -0.141697 -0.172035 -0.138714 -0.168095 -0.135385 -0.164944 -0.132129 -0.161878 -0.137245 -0.168428 -0.133607 -0.164826 
3.957 -0.254924 -0.309286 -0.248317 -0.301762 -0.242602 -0.294379 -0.236625 -0.287987 -0.230788 -0.281828 -0.246421 -0.301418 -0.239997 -0.294253 
1.9 -0.0330366 0.283783 -0.0307595 0.268839 -0.0289424 0.256107 -0.0272063 0.243672 -0.0252368 0.232343 -0.0248573 0.293612 -0.0225313 0.278629 
4.645 -0.0686481 -0.256554 -0.0670068 -0.251429 -0.0657748 -0.246125 -0.0642804 -0.241836 -0.0627078 -0.237462 -0.0605136 -0.249241 -0.058882 -0.244357 
3.506 -0.402164 -0.131229 -0.390602 -0.127855 -0.380437 -0.124311 -0.370147 -0.121729 -0.360402 -0.119263 -0.393601 -0.12357 -0.382345 -0.120407 
3.938 -0.148089 -0.00795781 -0.144189 -0.00808584 -0.140969 -0.00770292 -0.137392 -0.00815084 -0.134042 -0.00836665 -0.140037 -0.000645174 -0.136114 -0.0008112 
3.773 -0.304232 -0.164786 -0.296056 -0.160747 -0.2889 -0.156578 -0.281539 -0.153349 -0.274524 -0.15017 -0.295899 -0.157237 -0.28789 -0.153418 
4.363 0.0601014 0.0201205 0.0589158 0.019319 0.0575808 0.019045 0.0564759 0.0179999 0.0555523 0.0172071 0.0685483 0.0273821 0.0675292 0.0264722 
4.281 0.0155869 -0.00521846 0.0153629 -0.0054545 0.014808 -0.00527013 0.0146239 -0.00580842 0.0144988 -0.00611522 0.0238475 0.00194416 0.0237293 0.00161587 
4.062 -0.202876 -0.0606903 -0.197428 -0.0595194 -0.192793 -0.0579704 -0.187757 -0.0572281 -0.183141 -0.0564247 -0.195 -0.0534038 -0.189614 -0.0523009 
3.791 -0.296699 -0.12438 -0.28852 -0.121393 -0.281403 -0.118303 -0.274073 -0.115966 -0.267102 -0.113687 -0.288386 -0.116884 -0.280435 -0.114161 
4.191 -0.178222 -0.286002 -0.173715 -0.279404 -0.169911 -0.272916 -0.165868 -0.267349 -0.161853 -0.261928 -0.169975 -0.278369 -0.165581 -0.272111 
4.598 -0.0830297 -0.25176 -0.0810057 -0.246482 -0.0794518 -0.241218 -0.07762 -0.236948 -0.0757145 -0.232511 -0.0749374 -0.244436 -0.0728742 -0.239525 
4.098 -0.200137 -0.123011 -0.195 -0.120392 -0.190758 -0.117547 -0.186039 -0.115527 -0.181758 -0.113484 -0.192117 -0.115727 -0.186993 -0.113227 
4.43 -0.117956 -0.25176 -0.11504 -0.246378 -0.112764 -0.241 -0.110124 -0.236418 -0.10753 -0.232032 -0.109787 -0.244383 -0.106938 -0.239283 
4.543 -0.0837146 -0.130544 -0.0816937 -0.127988 -0.0800779 -0.125254 -0.0781653 -0.123239 -0.0763218 -0.121181 -0.0757058 -0.123411 -0.0736142 -0.121007 
3.541 -0.389837 -0.0860293 -0.378706 -0.0839167 -0.368958 -0.0815734 -0.359119 -0.0801267 -0.349665 -0.0787142 -0.381543 -0.0784614 -0.370726 -0.0765452 
4.605 -0.0727572 -0.10315 -0.0710087 -0.101159 -0.0695934 -0.0988243 -0.0679341 -0.0973327 -0.0662844 -0.0957161 -0.064824 -0.0960679 -0.0629049 -0.0942082 
3.436 -0.423394 -0.0894535 -0.41092 -0.0872108 -0.399851 -0.0847418 -0.388853 -0.083195 -0.378466 -0.0816935 -0.414886 -0.0818231 -0.402743 -0.0797795 
4.305 -0.0241337 -0.032612 -0.0235368 -0.0322639 -0.0230927 -0.0314865 -0.0224195 -0.0314561 -0.0217505 -0.0312298 -0.0161589 -0.0255504 -0.0153955 -0.0253092 
3.793 -0.296014 -0.0504178 -0.287935 -0.0493755 -0.280879 -0.0480257 -0.273635 -0.0474876 -0.266754 -0.0469039 -0.28789 -0.0429094 -0.279953 -0.0420549 
3.574 -0.380249 -0.151089 -0.369435 -0.147206 -0.359923 -0.143186 -0.35032 -0.140144 -0.34125 -0.137213 -0.37182 -0.143465 -0.361358 -0.139791 
2.4 0.00531434 0.100247 0.00523496 0.097015 0.0051262 0.0944935 0.00531722 0.0913177 0.00549483 0.0885758 0.0135218 0.107984 0.0136573 0.104692 
3.93 0.114204 -0.120271 0.11152 -0.117598 0.108787 -0.114811 0.106439 -0.112569 0.104276 -0.110407 0.122816 -0.113592 0.120271 -0.111061 
3.928 -0.238488 -0.0435694 -0.23221 -0.0427791 -0.226875 -0.0416229 -0.221274 -0.041266 -0.215903 -0.0408309 -0.230384 -0.0361954 -0.224322 -0.0355505 
3.984 -0.233009 -0.14698 -0.227053 -0.143622 -0.221858 -0.140038 -0.216511 -0.137424 -0.211229 -0.13477 -0.224495 -0.139521 -0.218541 -0.136358 
4.105 -0.190549 -0.0668539 -0.185787 -0.0656514 -0.181812 -0.064083 -0.177536 -0.063298 -0.173444 -0.0624587 -0.182487 -0.0595797 -0.177852 -0.0584585 
4.559 -0.0782359 -0.116162 -0.0763722 -0.113919 -0.0749528 -0.111496 -0.0731923 -0.109906 -0.0714702 -0.108125 -0.07025 -0.109 -0.0683528 -0.106986 
1.87 -0.0289275 0.215299 -0.0268439 0.203944 -0.0254429 0.194405 -0.0236618 0.184712 -0.0221418 0.176371 -0.0208336 0.224383 -0.0187591 0.213013 
4.73 -0.0528969 -0.25039 -0.0516092 -0.245252 -0.0507005 -0.240121 -0.049494 -0.235987 -0.0481955 -0.231917 -0.0447876 -0.242852 -0.0434542 -0.238256 
3.748 -0.311081 -0.112738 -0.302699 -0.110011 -0.295417 -0.107119 -0.287887 -0.105071 -0.280769 -0.103055 -0.302807 -0.105268 -0.29462 -0.102742 
4.758 -0.0494727 -0.194234 -0.0482259 -0.190337 -0.0473723 -0.186435 -0.0462255 -0.183274 -0.044995 -0.180086 -0.0413512 -0.186855 -0.0400801 -0.183358 
3.887 -0.266566 -0.14561 -0.25949 -0.142195 -0.253432 -0.138532 -0.247037 -0.135859 -0.240934 -0.133135 -0.258289 -0.138174 -0.251419 -0.134935 
4.145 -0.185755 -0.142186 -0.181187 -0.139074 -0.177307 -0.135771 -0.173201 -0.133344 -0.169208 -0.130892 -0.177556 -0.13484 -0.173056 -0.131903 
3.955 -0.254924 -0.233954 -0.248314 -0.228349 -0.242673 -0.222917 -0.23673 -0.218232 -0.231033 -0.213823 -0.246504 -0.226293 -0.24009 -0.22101 
3.824 -0.302178 -0.240803 -0.294123 -0.234862 -0.287073 -0.229029 -0.279833 -0.224127 -0.272857 -0.21939 -0.293693 -0.233016 -0.285825 -0.227402 
4.062 -0.202876 -0.0764416 -0.197628 -0.074928 -0.19329 -0.0731209 -0.188552 -0.0721 -0.184086 -0.0710066 -0.194824 -0.069118 -0.189742 -0.0677625 
3.947 -0.244651 -0.109314 -0.238294 -0.106796 -0.2329 -0.104375 -0.227245 -0.102683 -0.221833 -0.100919 -0.23646 -0.10186 -0.230255 -0.0995766 
3.523 -0.212464 0.0762772 -0.20577 0.0736208 -0.200048 0.071778 -0.19417 0.0690965 -0.188651 0.0667404 -0.204769 0.08377 -0.198192 0.0811518 
4.02 -0.225476 -0.109999 -0.219547 -0.107537 -0.214432 -0.104855 -0.209145 -0.103013 -0.20402 -0.101122 -0.21737 -0.102626 -0.211555 -0.100333 
4.719 0.0402411 -0.0497329 0.0395469 -0.0491321 0.0385825 -0.0480235 0.0379013 -0.047636 0.037364 -0.04718 0.0484859 -0.0427581 0.0479169 -0.0421652 
4.297 -0.137132 -0.087399 -0.133607 -0.0856281 -0.130663 -0.0836592 -0.127626 -0.0824065 -0.124397 -0.0810835 -0.129103 -0.0801065 -0.125714 -0.0786073 
2.48 -0.239173 0.145446 -0.231364 0.14056 -0.224717 0.136684 -0.217871 0.132034 -0.21143 0.127881 -0.231595 0.153257 -0.223909 0.148409 
4.367 -0.12412 -0.109314 -0.121107 -0.107126 -0.118583 -0.104657 -0.115817 -0.102972 -0.113098 -0.101232 -0.116116 -0.102164 -0.113145 -0.100067 
3.65 -0.35628 -0.224367 -0.346501 -0.218635 -0.337815 -0.212891 -0.32892 -0.208131 -0.320479 -0.203563 -0.347951 -0.216664 -0.338294 -0.211181 
4.336 -0.135762 -0.240118 -0.132473 -0.234807 -0.1297 -0.229489 -0.126683 -0.225001 -0.123681 -0.220649 -0.127648 -0.232748 -0.124349 -0.22767 
3.629 -0.356965 -0.0469936 -0.346717 -0.0459697 -0.337729 -0.0446404 -0.328626 -0.0441642 -0.319997 -0.043631 -0.348771 -0.0394784 -0.33878 -0.038642 
4.078 -0.201507 -0.0997261 -0.196326 -0.0975201 -0.19199 -0.0951384 -0.187271 -0.0935415 -0.183006 -0.0919634 -0.193157 -0.0922834 -0.188214 -0.0903145 
4.355 -0.122065 -0.0798658 -0.119022 -0.0782524 -0.116527 -0.0762101 -0.11382 -0.0751276 -0.111166 -0.0739123 -0.114056 -0.0726494 -0.111045 -0.0711284 
3.818 0.148445 -0.12438 0.144728 -0.121443 0.14108 -0.118571 0.13783 -0.116315 0.134961 -0.113879 0.157139 -0.117845 0.153705 -0.115135 
2.506 -0.196028 0.139967 -0.189751 0.135327 -0.184434 0.131679 -0.179011 0.127274 -0.173819 0.123431 -0.188406 0.147799 -0.182169 0.143322 
4.648 -0.0631694 -0.126435 -0.0616504 -0.124032 -0.0605019 -0.121384 -0.0590831 -0.119603 -0.057621 -0.117462 -0.0551637 -0.119316 -0.0536073 -0.117139 
3.832 -0.282317 -0.10315 -0.274746 -0.100774 -0.268245 -0.0981966 -0.261449 -0.0964835 -0.254976 -0.0947069 -0.274038 -0.0957 -0.266729 -0.0935054 
4.352 -0.133023 -0.204506 -0.12976 -0.200115 -0.127134 -0.195766 -0.124204 -0.192148 -0.121298 -0.188537 -0.124863 -0.19711 -0.121693 -0.19305 
4.27 -0.151513 -0.243542 -0.147707 -0.238045 -0.144565 -0.232546 -0.141079 -0.227976 -0.137649 -0.22343 -0.143306 -0.236116 -0.139565 -0.230876 
4.098 -0.196713 -0.163416 -0.191711 -0.159744 -0.18749 -0.155967 -0.183066 -0.153035 -0.178758 -0.15012 -0.188603 -0.156012 -0.183564 -0.152551 
4.402 -0.120696 -0.237378 -0.117795 -0.232237 -0.11544 -0.227032 -0.112761 -0.222682 -0.110095 -0.218439 -0.112624 -0.230017 -0.109698 -0.225073 
2.299 0.160772 0.0523079 0.156482 0.0502811 0.152324 0.0490507 0.148566 0.0470394 0.145147 0.0453983 0.169591 0.059444 0.165574 0.0575077 
4.355 -0.133023 -0.220942 -0.129722 -0.216104 -0.127028 -0.21121 -0.124043 -0.207245 -0.121104 -0.20331 -0.124993 -0.21358 -0.121684 -0.209026 
3.816 -0.291905 -0.174373 -0.284062 -0.170211 -0.277234 -0.165954 -0.270122 -0.16263 -0.263343 -0.159354 -0.283564 -0.166882 -0.275872 -0.162947 
4.18 -0.176168 -0.264772 -0.171674 -0.258763 -0.167863 -0.252641 -0.163768 -0.247521 -0.159838 -0.242574 -0.167913 -0.257186 -0.163496 -0.251423 
4.402 -0.117956 -0.142186 -0.11512 -0.139394 -0.112786 -0.136393 -0.110211 -0.134104 -0.107603 -0.131767 -0.109927 -0.134989 -0.107153 -0.132346 
4.395 0.0840707 0.0201205 0.0823569 0.0192693 0.0803451 0.0190566 0.0789339 0.017976 0.077605 0.0172172 0.0927048 0.0273293 0.0912893 0.0264214 
4.273 -0.14535 -0.133283 -0.141726 -0.130336 -0.138734 -0.127319 -0.135377 -0.12498 -0.132163 -0.122742 -0.137283 -0.126005 -0.133665 -0.123335 
4.008 -0.098781 -0.0106972 -0.0961465 -0.0107978 -0.093784 -0.0104293 -0.0917989 -0.0108318 -0.0891549 -0.0110182 -0.091372 -0.00347999 -0.0885141 -0.0036252 
2.475 -0.252185 0.140652 -0.243863 0.135901 -0.236836 0.1321 -0.22941 0.127507 -0.222715 0.123403 -0.244687 0.148491 -0.236544 0.143749 
4.566 -0.0864539 -0.194919 -0.0844126 -0.191061 -0.0828939 -0.187128 -0.0810889 -0.184102 -0.0791735 -0.180922 -0.0783616 -0.187572 -0.076324 -0.184151 
4.07 -0.187125 -0.000424599 -0.182287 -0.000802882 -0.178121 -0.000626824 -0.173921 -0.00124169 -0.169817 -0.0016104 -0.179179 0.00696052 -0.174417 0.00650065 
4.523 -0.0980962 -0.255184 -0.0957502 -0.249914 -0.0938532 -0.244502 -0.0916898 -0.23992 -0.0894919 -0.235402 -0.089937 -0.247974 -0.0875728 -0.242709 
4.562 -0.0741268 -0.0860293 -0.0723478 -0.0845058 -0.0708864 -0.0826748 -0.0691673 -0.0815594 -0.0675298 -0.0802711 -0.0662075 -0.0789223 -0.0642639 -0.0775993 
3.885 -0.260403 -0.0511026 -0.253354 -0.0501052 -0.247177 -0.0487739 -0.240765 -0.0485265 -0.234815 -0.0483186 -0.252271 -0.0444203 -0.245289 -0.043717 
3.832 -0.282317 -0.066169 -0.27504 -0.0646994 -0.268698 -0.0629582 -0.261358 -0.0619752 -0.254265 -0.0609725 -0.273694 -0.0587506 -0.266376 -0.0574235 
4.66 -0.0672785 -0.172319 -0.065612 -0.168708 -0.0644272 -0.165268 -0.0628626 -0.162333 -0.0613472 -0.15955 -0.0591965 -0.165053 -0.0575042 -0.161973 
4.238 0.0984523 0.0242296 0.0963163 0.0233781 0.0941694 0.0230381 0.0923089 0.0219697 0.090597 0.0211756 0.106991 0.0314567 0.105088 0.0305419 
3.705 -0.326832 -0.087399 -0.317792 -0.0854943 -0.309991 -0.0832229 -0.30194 -0.0818619 -0.294308 -0.0804962 -0.318491 -0.080053 -0.309746 -0.0781856 
4.469 -0.108369 -0.218888 -0.105771 -0.214218 -0.103643 -0.209653 -0.101233 -0.20583 -0.0988547 -0.20207 -0.100253 -0.211445 -0.0976787 -0.207187 
4.395 -0.117272 -0.12575 -0.114384 -0.12317 -0.112053 -0.120332 -0.109442 -0.118314 -0.106822 -0.11633 -0.109182 -0.118531 -0.10633 -0.116135 
3.855 -0.287111 -0.243542 -0.279624 -0.237667 -0.273154 -0.231829 -0.2664 -0.226952 -0.259919 -0.222228 -0.278698 -0.23575 -0.271393 -0.230208 
4.645 -0.069333 -0.241487 -0.0676896 -0.236643 -0.0664749 -0.231652 -0.0649785 -0.227582 -0.0634074 -0.223626 -0.0612259 -0.234189 -0.0595681 -0.229481 
4.062 -0.196713 -0.0483632 -0.191667 -0.0474595 -0.187419 -0.0462279 -0.182909 -0.0457996 -0.17856 -0.0452628 -0.188737 -0.041009 -0.18378 -0.040271 
3.945 -0.0638543 0.0132722 -0.0620024 0.0126972 -0.0605421 0.0123946 -0.0588533 0.011583 -0.0571012 0.010582 -0.0559282 0.0207303 -0.0540228 0.0197732 
4.543 -0.0912478 -0.208615 -0.0891008 -0.20435 -0.0874602 -0.200206 -0.0854624 -0.196868 -0.0833954 -0.193315 -0.08315 -0.201379 -0.0809964 -0.197502 
4.582 -0.0631694 -0.0654842 -0.0614512 -0.0643528 -0.0602798 -0.0629256 -0.058795 -0.0622092 -0.0572885 -0.0613762 -0.055103 -0.0585288 -0.0534183 -0.0574986 
3.463 -0.16521 0.089974 -0.160261 0.0870794 -0.156049 0.0849053 -0.15165 0.0820932 -0.147617 0.0795287 -0.157383 0.0974544 -0.152365 0.0946016 
3.834 -0.281633 -0.122326 -0.274058 -0.119398 -0.267447 -0.116357 -0.260588 -0.114099 -0.254052 -0.111917 -0.273387 -0.114827 -0.266013 -0.112142 
4.512 -0.0919326 -0.118217 -0.0897202 -0.116002 -0.0880637 -0.113425 -0.0860215 -0.111653 -0.0840514 -0.109775 -0.0839297 -0.11115 -0.0816835 -0.109023 
3.912 -0.254924 -0.120271 -0.248264 -0.117494 -0.24243 -0.114588 -0.236319 -0.112468 -0.23056 -0.110401 -0.246798 -0.11283 -0.240183 -0.110256 
4.031 -0.116587 -0.0106972 -0.113226 -0.0108204 -0.110363 -0.0104718 -0.107462 -0.0108749 -0.104584 -0.0111057 -0.109208 -0.00346921 -0.105562 -0.00363298 
4.27 -0.150144 -0.229845 -0.146422 -0.224769 -0.143418 -0.219766 -0.140087 -0.215638 -0.136767 -0.21151 -0.14205 -0.22239 -0.138391 -0.217691 
3.895 -0.138502 0.013957 -0.134634 0.0132671 -0.131346 0.0129561 -0.127911 0.0119644 -0.124553 0.0112002 -0.130604 0.0213029 -0.126675 0.0204932 
4.047 -0.213834 -0.0867141 -0.208303 -0.0848968 -0.20357 -0.0828064 -0.198539 -0.0815373 -0.193767 -0.0801831 -0.205771 -0.0793541 -0.200334 -0.0776802 
4.23 -0.161101 -0.260663 -0.157004 -0.254873 -0.153632 -0.24904 -0.149916 -0.244066 -0.146325 -0.239302 -0.152836 -0.253195 -0.148875 -0.247664 
3.738 -0.328886 -0.225051 -0.320057 -0.219421 -0.312389 -0.213836 -0.304418 -0.209156 -0.296884 -0.20471 -0.320508 -0.21739 -0.311962 -0.212024 
4.52 -0.0864539 -0.0928777 -0.084342 -0.0911326 -0.0827457 -0.0889884 -0.0808379 -0.0876677 -0.0789256 -0.0862561 -0.07839 -0.0855655 -0.0762766 -0.08401 
3.713 0.208711 -0.112053 0.203248 -0.109464 0.198111 -0.106368 0.193295 -0.104314 0.188959 -0.101966 0.217865 -0.105467 0.212705 -0.102862 
3.48 -0.407643 -0.087399 -0.395685 -0.085229 -0.384972 -0.0827971 -0.374382 -0.0812639 -0.364247 -0.0797732 -0.399188 -0.0798059 -0.387406 -0.077797 
3.848 -0.284372 -0.292165 -0.27698 -0.285006 -0.270593 -0.277995 -0.264015 -0.271955 -0.257552 -0.266049 -0.275893 -0.284307 -0.268653 -0.277434 
3.764 0.178578 -0.101096 0.174093 -0.0988302 0.169604 -0.0963877 0.165492 -0.0944975 0.161769 -0.0925049 0.187518 -0.0944447 0.183158 -0.092276 
