4.07 -0.181646 -0.032612 -0.206012 -0.0324134 -0.230152 -0.0323578 -0.254785 -0.0325557 -0.279304 -0.0327012 -0.303265 -0.0323552 -0.327463 -0.0319245 
4.102 -0.115902 -0.0196001 -0.139411 -0.0194454 -0.162754 -0.0192379 -0.186598 -0.0194284 -0.21033 -0.0194462 -0.233763 -0.0189941 -0.257547 -0.0185448 
3.371 -0.413121 -0.40037 -0.44305 -0.400016 -0.472677 -0.39969 -0.502849 -0.399663 -0.532478 -0.399683 -0.561113 -0.398816 -0.589731 -0.397744 
2.881 -0.35765 0.141337 -0.391924 0.14171 -0.42592 0.141992 -0.460369 0.142139 -0.494794 0.142177 -0.528571 0.142566 -0.562336 0.142961 
4.016 -0.178222 0.000260238 -0.202829 0.000162637 -0.227297 5.3416e-05 -0.251599 -0.000158673 -0.276174 -0.000186344 -0.300519 0.000191479 -0.325287 0.000616827 
3.088 -0.247391 0.183112 -0.279511 0.183492 -0.311332 0.183727 -0.343504 0.183803 -0.375378 0.183865 -0.406656 0.184117 -0.438088 0.184671 
3.338 -0.426133 -0.37914 -0.45651 -0.378747 -0.486489 -0.37836 -0.517027 -0.378292 -0.546969 -0.378255 -0.575976 -0.377361 -0.604905 -0.37625 
3.572 -0.340529 -0.0353513 -0.369251 -0.0351612 -0.397751 -0.0350343 -0.426793 -0.0351219 -0.455685 -0.0352951 -0.484008 -0.0349982 -0.512508 -0.0345487 
2.799 0.624408 -0.120956 0.588366 -0.120596 0.552791 -0.120399 0.516402 -0.120726 0.480803 -0.120345 0.444609 -0.119453 0.409142 -0.118503 
4.047 -0.182331 -0.015491 -0.20662 -0.0152322 -0.230678 -0.0151236 -0.255371 -0.0152164 -0.279942 -0.0153056 -0.30397 -0.0149718 -0.328273 -0.014465 
3.393 -0.407643 -0.37914 -0.437467 -0.378766 -0.466872 -0.378442 -0.496934 -0.378432 -0.526413 -0.378483 -0.555024 -0.377677 -0.583602 -0.376713 
3.611 -0.0570059 0.0975072 -0.0797842 0.0977406 -0.10223 0.0979116 -0.125104 0.0978457 -0.147932 0.0979093 -0.170399 0.0984277 -0.192944 0.0989839 
4.434 -0.0556362 0.0269689 -0.0786955 0.0272012 -0.101673 0.0273191 -0.124977 0.0272004 -0.148208 0.0272041 -0.171006 0.0276937 -0.194093 0.0281511 
3.412 -0.402849 -0.364758 -0.432595 -0.364467 -0.461939 -0.364145 -0.491949 -0.36418 -0.521379 -0.364263 -0.549923 -0.363473 -0.578473 -0.362574 
3.297 0.42238 -0.00521846 0.393348 -0.0049563 0.364606 -0.0047575 0.335678 -0.0050529 0.306962 -0.00483914 0.278335 -0.00417369 0.249742 -0.00352764 
2.943 -0.386413 0.145446 -0.421126 0.145971 -0.45571 0.146329 -0.490782 0.146509 -0.525808 0.146532 -0.560011 0.146929 -0.594206 0.147389 
3.279 -0.4186 -0.0531571 -0.449934 -0.0528843 -0.481074 -0.0527269 -0.512744 -0.0527651 -0.544198 -0.0529941 -0.574757 -0.0526171 -0.605407 -0.0521887 
3.117 -0.239858 0.202287 -0.271036 0.202787 -0.301925 0.203165 -0.333249 0.203306 -0.364627 0.203429 -0.395442 0.203895 -0.426336 0.204459 
2.816 0.638789 -0.18807 0.605063 -0.18794 0.571378 -0.187788 0.537257 -0.188089 0.503349 -0.187805 0.469403 -0.18688 0.435506 -0.185855 
4.16 -0.139186 -0.0798658 -0.163515 -0.0796862 -0.187551 -0.0796147 -0.212139 -0.0798555 -0.236621 -0.0800478 -0.260679 -0.0797137 -0.284827 -0.0793022 
4.113 -0.110423 -0.0339816 -0.134122 -0.0336376 -0.157753 -0.033381 -0.181688 -0.0336354 -0.205722 -0.0336981 -0.229311 -0.0332292 -0.253092 -0.0328953 
4.219 -0.191234 -0.0784961 -0.215925 -0.078374 -0.240411 -0.0783195 -0.26535 -0.0785262 -0.28979 -0.0786554 -0.313819 -0.078374 -0.338206 -0.0779298 
3.477 -0.202191 0.18996 -0.23269 0.190379 -0.262992 0.190712 -0.293632 0.190809 -0.324201 0.190906 -0.354062 0.191318 -0.384242 0.19197 
3.92 -0.0843994 0.068744 -0.108771 0.0689652 -0.132987 0.0691848 -0.157659 0.0690564 -0.182183 0.0690562 -0.2065 0.0695254 -0.230824 0.069975 
3.727 -0.143295 0.072853 -0.170372 0.0731315 -0.197064 0.0733513 -0.224249 0.0733585 -0.251467 0.0734108 -0.278364 0.0738629 -0.305287 0.0744008 
3.488 -0.364498 -0.044939 -0.393919 -0.0446045 -0.4231 -0.0444489 -0.452859 -0.0445282 -0.482459 -0.0446821 -0.511338 -0.0443956 -0.540381 -0.0439986 
4.211 -0.12549 -0.0819203 -0.149608 -0.0817068 -0.173586 -0.0816167 -0.197987 -0.0818742 -0.222452 -0.0820929 -0.246325 -0.0817241 -0.27046 -0.081325 
4.078 -0.133023 -0.0216546 -0.15536 -0.021514 -0.177477 -0.021418 -0.199947 -0.0214997 -0.222245 -0.0215255 -0.244375 -0.0211766 -0.266664 -0.0206306 
3.695 -0.304917 -0.0332968 -0.332578 -0.0330295 -0.359956 -0.0328561 -0.387896 -0.0329503 -0.415763 -0.0331299 -0.442923 -0.0327274 -0.470315 -0.0322853 
3.977 -0.0707026 0.0406657 -0.0950745 0.0409026 -0.118877 0.0410172 -0.143399 0.0410048 -0.167675 0.0409935 -0.191834 0.0414351 -0.216085 0.0420231 
3.225 -0.433667 -0.0531571 -0.465252 -0.0528349 -0.496609 -0.0526684 -0.528557 -0.0526997 -0.560163 -0.0528773 -0.59103 -0.052549 -0.621818 -0.0521514 
3.014 -0.254239 0.169415 -0.287173 0.169822 -0.320278 0.170054 -0.353793 0.170138 -0.387522 0.170188 -0.420662 0.170556 -0.454054 0.171135 
4.023 -0.0583756 0.0735379 -0.0810987 0.0737607 -0.103574 0.0738357 -0.126556 0.0736883 -0.149384 0.0736275 -0.171909 0.0739846 -0.195467 0.0745875 
3.207 -0.259033 0.100931 -0.292161 0.101394 -0.324999 0.101727 -0.358268 0.10183 -0.391573 0.101904 -0.424343 0.102365 -0.457217 0.102941 
3.229 -0.452157 -0.227791 -0.483657 -0.227584 -0.514834 -0.227434 -0.546472 -0.227484 -0.577719 -0.227662 -0.607929 -0.227126 -0.638084 -0.226443 
3.582 -0.269306 0.047514 -0.298217 0.047858 -0.326947 0.0480329 -0.356112 0.0479827 -0.385226 0.0479757 -0.41374 0.0483475 -0.442382 0.0489587 
3.396 0.450459 -0.125065 0.416791 -0.124812 0.383224 -0.124663 0.349221 -0.124804 0.315654 -0.124691 0.282224 -0.123777 0.248944 -0.123104 
2.92 -0.374771 0.135858 -0.408667 0.136288 -0.442417 0.136682 -0.476553 0.136849 -0.510756 0.136901 -0.544184 0.137312 -0.577733 0.13779 
2.947 0.484701 -0.0127517 0.449686 -0.0124962 0.415247 -0.0123525 0.380485 -0.012611 0.345866 -0.0123899 0.311704 -0.0117655 0.277554 -0.0111317 
3.943 -0.115217 0.0173812 -0.140257 0.017705 -0.165142 0.017949 -0.190645 0.0179084 -0.215949 0.017957 -0.240961 0.0184434 -0.266192 0.0189081 
2.826 -0.378195 0.163252 -0.41325 0.163717 -0.448046 0.164041 -0.483358 0.1642 -0.51868 0.164209 -0.553119 0.164563 -0.587539 0.164947 
3.266 -0.432982 -0.185331 -0.464105 -0.185105 -0.494959 -0.184987 -0.526364 -0.185083 -0.557371 -0.18535 -0.587454 -0.184886 -0.61752 -0.184328 
2.787 0.630571 -0.0442542 0.595099 -0.0441414 0.55886 -0.0439969 0.522686 -0.044251 0.486721 -0.0440833 0.450498 -0.0432351 0.414837 -0.0426796 
4.027 -0.153568 0.000260238 -0.177378 0.000494565 -0.201277 0.000556385 -0.225026 0.00039759 -0.248618 0.000268807 -0.271908 0.000645543 -0.295461 0.00120854 
3.781 -0.307656 -0.183276 -0.335004 -0.183193 -0.362142 -0.183205 -0.389929 -0.183533 -0.417433 -0.183917 -0.444288 -0.183658 -0.471361 -0.183356 
3.213 -0.448048 -0.185331 -0.479578 -0.185135 -0.510756 -0.185007 -0.542568 -0.185061 -0.573857 -0.185272 -0.604239 -0.184742 -0.63459 -0.184122 
3.375 -0.406273 -0.177113 -0.436455 -0.176888 -0.466323 -0.176759 -0.496876 -0.176889 -0.527093 -0.177161 -0.556437 -0.176771 -0.585915 -0.176219 
3.16 -0.45969 -0.12438 -0.491988 -0.124137 -0.523902 -0.123979 -0.556342 -0.124015 -0.588419 -0.124214 -0.619541 -0.123805 -0.650601 -0.123231 
3.734 -0.29396 0.0146418 -0.321412 0.0149315 -0.348643 0.0150788 -0.376331 0.0150683 -0.403921 0.0150029 -0.430968 0.0152998 -0.458261 0.0158136 
3.564 -0.360389 -0.201082 -0.389149 -0.200952 -0.41761 -0.200898 -0.446488 -0.201085 -0.475012 -0.201346 -0.50318 -0.201003 -0.531371 -0.2006 
3.182 -0.463115 -0.18944 -0.495181 -0.189189 -0.526852 -0.189042 -0.559049 -0.189044 -0.590798 -0.189187 -0.621455 -0.18865 -0.652188 -0.187964 
3.488 -0.371346 -0.170264 -0.400461 -0.170072 -0.429293 -0.169957 -0.4588 -0.170124 -0.488046 -0.170439 -0.516602 -0.170072 -0.545227 -0.169631 
3.646 -0.33505 -0.192864 -0.362874 -0.1927 -0.390443 -0.192624 -0.418631 -0.192811 -0.446322 -0.193074 -0.473737 -0.192755 -0.501211 -0.192376 
3.961 -0.156992 0.0146418 -0.182566 0.0149248 -0.208013 0.0151529 -0.233864 0.0150798 -0.259565 0.015039 -0.284764 0.0154084 -0.310096 0.0158764 
3.322 -0.419285 -0.187385 -0.44982 -0.187164 -0.480191 -0.187031 -0.511236 -0.187156 -0.541789 -0.187391 -0.571555 -0.187025 -0.601267 -0.186444 
3.945 -0.183701 0.0132722 -0.209574 0.0135148 -0.235042 0.0135393 -0.26119 0.013278 -0.287235 0.0130111 -0.312721 0.0131379 -0.33831 0.0133517 
3.475 -0.367922 -0.0764416 -0.397287 -0.0761666 -0.426407 -0.0759932 -0.456117 -0.076035 -0.48563 -0.0761732 -0.514421 -0.0758683 -0.543365 -0.0754336 
3.428 0.386084 -0.032612 0.35314 -0.0323854 0.320566 -0.0321577 0.287759 -0.0323504 0.255132 -0.0321222 0.222772 -0.0313692 0.190369 -0.0306796 
3.686 -0.311081 -0.0463087 -0.33881 -0.0460675 -0.36626 -0.045921 -0.394225 -0.0459906 -0.422122 -0.0461246 -0.449355 -0.0458032 -0.476811 -0.0453468 
3.387 -0.406273 -0.211355 -0.436389 -0.211151 -0.466192 -0.211053 -0.496556 -0.211165 -0.526574 -0.211432 -0.555781 -0.210998 -0.585008 -0.210446 
3.197 0.305273 -0.0997261 0.271441 -0.0995148 0.237591 -0.0991795 0.20355 -0.0991818 0.169648 -0.0989445 0.136105 -0.0981535 0.10263 -0.0974919 
4.176 -0.110423 -0.0757567 -0.134199 -0.0755323 -0.157943 -0.0754045 -0.182268 -0.07573 -0.206581 -0.0759672 -0.230365 -0.0755069 -0.254425 -0.0751406 
3.344 0.332667 -0.0887687 0.297966 -0.088272 0.263552 -0.0879652 0.22879 -0.0880203 0.19445 -0.0877394 0.160406 -0.0868341 0.12643 -0.0859325 
3.375 -0.412437 -0.341474 -0.442391 -0.341291 -0.471993 -0.34109 -0.502233 -0.34122 -0.531906 -0.341419 -0.560711 -0.340797 -0.589523 -0.339968 
3.721 -0.321353 -0.198343 -0.348655 -0.198177 -0.375704 -0.198068 -0.403257 -0.198221 -0.43062 -0.198491 -0.457337 -0.198149 -0.484521 -0.197787 
3.654 0.371703 -0.0757567 0.339171 -0.0753607 0.306927 -0.0750495 0.274474 -0.0751944 0.242262 -0.0748811 0.210407 -0.074063 0.178637 -0.0732047 
3.295 -0.431612 -0.222312 -0.462488 -0.222112 -0.49298 -0.221977 -0.524116 -0.222068 -0.554645 -0.222244 -0.58447 -0.221783 -0.614198 -0.221156 
4.121 -0.100151 0.0160115 -0.123291 0.0162805 -0.146235 0.0165504 -0.169652 0.016518 -0.192967 0.0165651 -0.215954 0.0171346 -0.239051 0.017636 
3.609 -0.345323 -0.204506 -0.373586 -0.204369 -0.401583 -0.204316 -0.429932 -0.204478 -0.458005 -0.204733 -0.485554 -0.204403 -0.513421 -0.204053 
2.953 -0.268621 0.15024 -0.302612 0.150733 -0.336349 0.150984 -0.37057 0.151098 -0.404831 0.151145 -0.438552 0.151612 -0.472329 0.152131 
2.969 0.611396 -0.196973 0.577525 -0.196881 0.543773 -0.196771 0.50957 -0.196986 0.475616 -0.196808 0.441673 -0.195867 0.407753 -0.19515 
4.039 -0.139186 0.00573894 -0.164522 0.00595617 -0.189505 0.00608508 -0.214981 0.00588678 -0.240278 0.00573936 -0.265126 0.00612358 -0.290095 0.00658278 
2.857 -0.347377 0.152294 -0.381622 0.152739 -0.415683 0.153042 -0.450274 0.153173 -0.484859 0.153172 -0.518891 0.153488 -0.553089 0.15386 
3.9 -0.239858 0.0146418 -0.268068 0.0149537 -0.296152 0.015159 -0.324672 0.0151411 -0.353212 0.0151032 -0.381119 0.0154958 -0.409053 0.0159394 
3.459 -0.37614 -0.133968 -0.405349 -0.133585 -0.434359 -0.133364 -0.464162 -0.133393 -0.49364 -0.133621 -0.52238 -0.133229 -0.551216 -0.13275 
3.135 0.299795 -0.0784961 0.26801 -0.0781349 0.236461 -0.0777741 0.204565 -0.077871 0.173238 -0.0775668 0.141622 -0.076778 0.108414 -0.0758963 
3.453 -0.383673 -0.178482 -0.413211 -0.178294 -0.44227 -0.178182 -0.472198 -0.178362 -0.501783 -0.178635 -0.530622 -0.178258 -0.559512 -0.177842 
3.775 -0.277524 0.0187509 -0.305862 0.0189822 -0.333884 0.0191108 -0.362414 0.019067 -0.390916 0.0189681 -0.418844 0.0193223 -0.447018 0.0198084 
3.68 -0.157677 0.0742227 -0.18543 0.074539 -0.212985 0.0747321 -0.240733 0.0748015 -0.26859 0.0748125 -0.295914 0.0752597 -0.32347 0.0758291 
3.344 0.360745 0.0105328 0.328518 0.0106653 0.296423 0.0108135 0.263989 0.0105766 0.231844 0.0106639 0.200024 0.0111011 0.168366 0.0116117 
3.607 -0.343953 -0.14561 -0.372304 -0.145422 -0.400259 -0.145298 -0.428924 -0.145455 -0.45734 -0.145752 -0.485109 -0.145414 -0.513082 -0.145012 
3.645 0.375812 -0.103835 0.343397 -0.10346 0.311276 -0.103161 0.278864 -0.103282 0.246707 -0.103008 0.21487 -0.102165 0.183126 -0.10128 
3.168 0.455938 -0.00795781 0.422017 -0.00803798 0.387855 -0.0078381 0.353636 -0.00811623 0.319699 -0.0078914 0.285868 -0.00725057 0.251986 -0.00689829 
3.445 -0.389152 -0.205191 -0.41871 -0.204996 -0.448071 -0.204919 -0.47788 -0.205062 -0.507318 -0.205317 -0.53618 -0.204911 -0.565107 -0.204414 
4.387 -0.202191 -0.214094 -0.22538 -0.213923 -0.248311 -0.213811 -0.271878 -0.214116 -0.295128 -0.214382 -0.317886 -0.214033 -0.340841 -0.213599 
3.273 0.342939 0.0105328 0.307772 0.0106589 0.272899 0.0109476 0.237831 0.010994 0.202965 0.0113356 0.168419 0.0119127 0.133961 0.012241 
4.086 -0.118641 0.00231475 -0.143348 0.00244337 -0.167864 0.00248801 -0.192768 0.00227074 -0.217537 0.00213702 -0.241946 0.00245628 -0.266591 0.00275034 
3.492 -0.382304 -0.321613 -0.411599 -0.321371 -0.44066 -0.321197 -0.470269 -0.321309 -0.499491 -0.321469 -0.527889 -0.320891 -0.556338 -0.320176 
3.17 -0.461745 -0.151089 -0.494064 -0.150852 -0.525847 -0.150673 -0.558197 -0.150684 -0.590093 -0.150853 -0.621043 -0.150323 -0.652021 -0.149806 
3.664 -0.326832 -0.110683 -0.354775 -0.110471 -0.382639 -0.110368 -0.410867 -0.110485 -0.438906 -0.110718 -0.466463 -0.110396 -0.494104 -0.109962 
4.047 -0.23027 -0.0305575 -0.255408 -0.0303312 -0.280296 -0.0302249 -0.305724 -0.0303003 -0.331016 -0.0304404 -0.35575 -0.0301313 -0.380679 -0.0297281 
3.371 -0.402164 -0.162046 -0.432433 -0.161835 -0.46238 -0.161718 -0.492922 -0.161843 -0.523089 -0.162087 -0.55244 -0.161706 -0.581861 -0.161232 
3.357 -0.412437 -0.234639 -0.442496 -0.234331 -0.472318 -0.23418 -0.502698 -0.234234 -0.532726 -0.234406 -0.561827 -0.233829 -0.591001 -0.233136 
3.451 -0.214519 0.155718 -0.244285 0.156078 -0.273858 0.156337 -0.303789 0.156388 -0.333811 0.156403 -0.363256 0.156782 -0.392826 0.157388 
2.771 -0.391207 0.187221 -0.426099 0.187818 -0.460627 0.188233 -0.495716 0.188397 -0.530683 0.188416 -0.564748 0.188803 -0.59894 0.189365 
3.252 -0.437091 -0.144925 -0.468365 -0.144674 -0.499392 -0.144529 -0.530934 -0.144556 -0.562171 -0.144744 -0.592478 -0.144273 -0.622803 -0.143745 
2.893 0.584002 -0.175743 0.54969 -0.175487 0.515572 -0.175195 0.481041 -0.175364 0.446801 -0.175008 0.412609 -0.17397 0.378418 -0.173041 
4.238 -0.152883 -0.0826051 -0.177073 -0.0824395 -0.201302 -0.0823682 -0.226009 -0.0825988 -0.250485 -0.082775 -0.274528 -0.0824634 -0.298856 -0.082088 
3.285 -0.42134 -0.0819203 -0.452635 -0.0816529 -0.483724 -0.0816085 -0.515393 -0.0817055 -0.546758 -0.0819937 -0.577196 -0.08171 -0.607776 -0.081324 
3.422 0.339515 0.0612108 0.304134 0.06129 0.269099 0.0613317 0.233828 0.0611009 0.198813 0.0611883 0.164056 0.0615683 0.129516 0.0622798 
4.074 -0.246021 -0.161361 -0.271302 -0.161177 -0.296324 -0.161135 -0.321859 -0.161349 -0.347164 -0.161599 -0.371984 -0.161284 -0.39695 -0.160913 
2.791 0.630571 -0.146295 0.596526 -0.146122 0.562528 -0.145912 0.528215 -0.146184 0.493894 -0.145911 0.459681 -0.145027 0.425451 -0.144011 
4.133 -0.00495822 0.0755924 -0.0365674 0.0759344 -0.0682509 0.0761916 -0.100687 0.0760887 -0.132627 0.0763013 -0.164496 0.0768471 -0.190681 0.0775536 
3.674 -0.329571 -0.140816 -0.35746 -0.140608 -0.385186 -0.14051 -0.413336 -0.140649 -0.441433 -0.140924 -0.468755 -0.140579 -0.496361 -0.140157 
3.65 0.259389 0.000945076 0.230985 0.00112272 0.202867 0.00127985 0.174548 0.00104389 0.146386 0.00125936 0.117673 0.00173257 0.0887358 0.00218033 
3.768 -0.111793 0.172154 -0.140387 0.172485 -0.168954 0.172724 -0.197798 0.172745 -0.226849 0.172834 -0.255271 0.173347 -0.283767 0.173979 
3.236 -0.215203 0.208451 -0.245871 0.208858 -0.276344 0.20916 -0.307272 0.209276 -0.338304 0.209433 -0.368752 0.209835 -0.399367 0.210368 
3.195 -0.222737 0.1927 -0.253515 0.193185 -0.284108 0.193527 -0.315053 0.19378 -0.346042 0.194041 -0.376557 0.194556 -0.407353 0.195022 
4.41 -0.200137 -0.182591 -0.22335 -0.18242 -0.246409 -0.182412 -0.269978 -0.182599 -0.293395 -0.182911 -0.316344 -0.182525 -0.339471 -0.182221 
3.348 -0.417915 -0.247651 -0.44805 -0.247365 -0.477879 -0.247208 -0.508315 -0.247253 -0.538354 -0.247436 -0.567517 -0.246891 -0.596734 -0.246233 
3.545 -0.187125 0.159827 -0.21664 0.160197 -0.245819 0.160463 -0.275353 0.160516 -0.305023 0.160568 -0.334166 0.161004 -0.363585 0.161572 
3.906 -0.273415 -0.166155 -0.299666 -0.165948 -0.325675 -0.16582 -0.352264 -0.165984 -0.378595 -0.166225 -0.404371 -0.165872 -0.430324 -0.165543 
3.123 0.312806 -0.0497329 0.280255 -0.0494626 0.248105 -0.0492602 0.214217 -0.0494216 0.179892 -0.0492034 0.146176 -0.0485209 0.112516 -0.0477874 
4.355 -0.206985 -0.233269 -0.23036 -0.233099 -0.25355 -0.23303 -0.27726 -0.233293 -0.300668 -0.233591 -0.323627 -0.233244 -0.346701 -0.232881 
3.445 0.583317 -0.199028 0.549 -0.198902 0.515031 -0.198661 0.48069 -0.198911 0.446536 -0.198687 0.412292 -0.197985 0.377962 -0.197169 
4.062 -0.191919 -0.00453363 -0.216096 -0.00429633 -0.240101 -0.0041925 -0.264621 -0.00433575 -0.288994 -0.0045317 -0.312954 -0.00428651 -0.337069 -0.00421792 
3.102 0.310752 -0.0689084 0.278795 -0.068463 0.246442 -0.0681865 0.212444 -0.068486 0.178266 -0.0681426 0.144362 -0.0673032 0.110835 -0.0665305 
3.939 0.0149021 -0.0963019 -0.0107367 -0.0961086 -0.0361503 -0.0959459 -0.0620039 -0.0961067 -0.087588 -0.0961741 -0.112868 -0.095774 -0.138315 -0.0952703 
3.385 -0.396685 -0.14835 -0.426881 -0.148112 -0.456753 -0.147992 -0.487191 -0.14809 -0.517327 -0.148331 -0.546617 -0.14797 -0.576003 -0.147501 
4.016 -0.165895 -0.00727298 -0.188481 -0.00695773 -0.21089 -0.00678974 -0.233875 -0.00688458 -0.256744 -0.0069492 -0.279101 -0.00661234 -0.301561 -0.00611292 
4.094 -0.25013 -0.245596 -0.275146 -0.245446 -0.299936 -0.245356 -0.325335 -0.245624 -0.350333 -0.245932 -0.374916 -0.245584 -0.39958 -0.245216 
4.125 -0.131653 -0.0606903 -0.155491 -0.0604746 -0.179184 -0.0603856 -0.203227 -0.0605307 -0.227163 -0.0606708 -0.25088 -0.0603362 -0.274682 -0.059922 
4.477 -0.191919 -0.223682 -0.214825 -0.22354 -0.237482 -0.223446 -0.260699 -0.22366 -0.283606 -0.223947 -0.306061 -0.22355 -0.32865 -0.223093 
3.277 -0.424079 -0.116162 -0.455317 -0.116018 -0.486378 -0.115955 -0.517939 -0.11592 -0.549171 -0.116151 -0.579537 -0.115729 -0.609943 -0.115097 
3.502 -0.380249 -0.244227 -0.409461 -0.244019 -0.438417 -0.243912 -0.467963 -0.244072 -0.497158 -0.244334 -0.525568 -0.243905 -0.554019 -0.243337 
3.904 0.0251746 -0.155883 -0.000634435 -0.155553 -0.0262561 -0.155307 -0.0523409 -0.155481 -0.0780539 -0.155623 -0.103427 -0.155195 -0.128979 -0.154822 
3.219 -0.426133 0.0119025 -0.464935 0.0122675 -0.503236 0.0125459 -0.542085 0.0126606 -0.580711 0.0125488 -0.618138 0.0129216 -0.655671 0.0132332 
4.48 -0.193289 -0.237378 -0.216175 -0.237246 -0.238821 -0.237162 -0.262058 -0.237475 -0.284916 -0.237669 -0.307382 -0.237326 -0.329949 -0.237021 
3.598 -0.341214 -0.114108 -0.369547 -0.113886 -0.397586 -0.113771 -0.426307 -0.113896 -0.454872 -0.114158 -0.482587 -0.113801 -0.510785 -0.113415 
3.844 -0.260403 0.0160115 -0.288467 0.0163602 -0.316348 0.0165216 -0.344722 0.0164924 -0.37288 0.0164353 -0.400638 0.0167249 -0.428545 0.0172193 
3.623 -0.326147 -0.0435694 -0.354327 -0.0433215 -0.382302 -0.0431842 -0.410713 -0.0432486 -0.439016 -0.0434174 -0.46682 -0.0431001 -0.494798 -0.0426439 
2.812 0.603862 -0.144925 0.56967 -0.144804 0.535621 -0.144654 0.501269 -0.144842 0.466707 -0.144631 0.432626 -0.143644 0.398648 -0.142706 
3.701 -0.324093 -0.154513 -0.351808 -0.154306 -0.379235 -0.154205 -0.407186 -0.154346 -0.435025 -0.154646 -0.462034 -0.15426 -0.489515 -0.153924 
3.174 0.460731 0.0112176 0.426436 0.0112304 0.392419 0.011241 0.358162 0.0108434 0.324167 0.01102 0.290404 0.0116666 0.256601 0.0122368 
4.074 -0.0843994 0.0208054 -0.108614 0.0210336 -0.132441 0.0212165 -0.156826 0.0210839 -0.181065 0.0210491 -0.20433 0.0216117 -0.227642 0.0222269 
2.918 0.559348 -0.139447 0.52646 -0.139263 0.493764 -0.139066 0.460609 -0.139415 0.427894 -0.139157 0.395344 -0.138535 0.362693 -0.137928 
3.633 -0.111793 0.193384 -0.140522 0.193809 -0.169025 0.194117 -0.197981 0.194172 -0.227141 0.194379 -0.255615 0.194911 -0.28424 0.195492 
3.549 -0.351486 -0.0969867 -0.380322 -0.096759 -0.40894 -0.0966505 -0.438108 -0.0967592 -0.467084 -0.0970282 -0.495477 -0.0966975 -0.523988 -0.0962958 
3.707 -0.318614 -0.123695 -0.346264 -0.123489 -0.37363 -0.123388 -0.401526 -0.12353 -0.429271 -0.123795 -0.456438 -0.12346 -0.483799 -0.123105 
3.541 -0.359704 -0.138762 -0.388467 -0.138506 -0.416917 -0.138411 -0.446081 -0.138573 -0.474934 -0.138876 -0.503179 -0.138523 -0.531484 -0.138092 
4.047 -0.0617998 0.0598411 -0.0848031 0.0602391 -0.107475 0.0605753 -0.13047 0.0605138 -0.153496 0.0606509 -0.176041 0.0610932 -0.198685 0.061634 
3.986 -0.263827 -0.215464 -0.28956 -0.215318 -0.315014 -0.215249 -0.341 -0.215537 -0.366737 -0.215826 -0.391922 -0.215498 -0.417368 -0.215106 
3.15 -0.456951 -0.0374058 -0.489576 -0.0370531 -0.521753 -0.0368112 -0.554566 -0.036764 -0.587039 -0.0369662 -0.618517 -0.0364973 -0.650013 -0.0361238 
3.627 0.363484 -0.0401452 0.331281 -0.0398208 0.299304 -0.0395115 0.266937 -0.0397076 0.234889 -0.0394784 0.203039 -0.0387368 0.171409 -0.037952 
3.441 0.566196 -0.185331 0.533101 -0.185021 0.500074 -0.184764 0.466656 -0.185004 0.433647 -0.18464 0.400667 -0.183719 0.36771 -0.182651 
4.203 -0.208355 -0.0716477 -0.232541 -0.0716965 -0.256784 -0.071816 -0.281581 -0.0723036 -0.306232 -0.0727341 -0.330217 -0.0726729 -0.354507 -0.0724744 
2.773 0.633311 -0.0250788 0.604256 -0.0246673 0.568089 -0.0246087 0.531399 -0.0248826 0.494965 -0.0245556 0.458499 -0.0238285 0.422002 -0.0229522 
3.367 0.553869 -0.164786 0.521094 -0.164609 0.488393 -0.164391 0.455306 -0.164634 0.422704 -0.16446 0.390151 -0.163673 0.357616 -0.163009 
3.295 -0.415176 -0.0250788 -0.446543 -0.0248559 -0.477722 -0.0247605 -0.509437 -0.0248081 -0.540958 -0.0250284 -0.571625 -0.0246849 -0.602428 -0.0243316 
3.754 0.13064 0.0762772 0.104158 0.076602 0.0779162 0.0767998 0.0514646 0.076627 0.0250646 0.0766938 -0.000936183 0.0771736 -0.0269084 0.0777211 
3.596 -0.337105 -0.0531571 -0.365778 -0.0528839 -0.394237 -0.052746 -0.423196 -0.0527977 -0.451993 -0.0530422 -0.480254 -0.0526933 -0.50869 -0.0523039 
4.258 -0.21041 -0.0997261 -0.234485 -0.0995396 -0.258279 -0.0994515 -0.282698 -0.0996853 -0.306809 -0.0998868 -0.330475 -0.0994942 -0.354256 -0.09902 
3.715 -0.31382 -0.0928777 -0.341373 -0.092657 -0.368781 -0.0925379 -0.396487 -0.0926466 -0.424171 -0.0928929 -0.451211 -0.0925335 -0.478468 -0.0921092 
3.654 -0.326832 -0.0846596 -0.354894 -0.0844457 -0.383037 -0.0843591 -0.411176 -0.08447 -0.439379 -0.0846965 -0.467126 -0.0843789 -0.494822 -0.0839403 
3.545 -0.190549 0.176948 -0.219938 0.177411 -0.249286 0.17776 -0.279016 0.177911 -0.308715 0.178083 -0.337974 0.178573 -0.3674 0.17919 
2.787 0.638789 -0.0826051 0.602829 -0.0824104 0.567058 -0.0823118 0.530643 -0.0824886 0.494557 -0.0822979 0.458478 -0.0813801 0.422349 -0.0806648 
4.258 -0.222737 -0.244227 -0.246721 -0.244041 -0.270452 -0.243865 -0.294717 -0.244086 -0.318728 -0.244439 -0.342204 -0.243968 -0.365865 -0.243651 
3.816 0.0806465 -0.0511026 0.0540891 -0.050806 0.0279425 -0.050604 0.00141954 -0.050769 -0.0248757 -0.0507427 -0.0510173 -0.0503385 -0.077129 -0.0498129 
3.189 -0.447363 -0.0538419 -0.479724 -0.0535979 -0.511755 -0.0534604 -0.544314 -0.053482 -0.576484 -0.0536455 -0.607846 -0.0533542 -0.639089 -0.052862 
3.463 -0.364498 -0.0216546 -0.393996 -0.0213856 -0.423192 -0.0212917 -0.453012 -0.0213758 -0.482674 -0.0215641 -0.511649 -0.0211853 -0.540674 -0.0208195 
3.482 -0.370662 -0.0969867 -0.400009 -0.0968026 -0.429105 -0.0967815 -0.458805 -0.0971538 -0.488334 -0.0977023 -0.517063 -0.0970703 -0.545975 -0.0965756 
3.514 0.329243 -0.0497329 0.294537 -0.0493782 0.260065 -0.0490842 0.225423 -0.049199 0.191167 -0.0489401 0.157258 -0.0481345 0.123395 -0.0473935 
2.85 -0.364498 0.153664 -0.399014 0.1541 -0.433386 0.154432 -0.468135 0.1546 -0.502979 0.154602 -0.537032 0.15496 -0.571061 0.15543 
3.324 -0.432297 -0.25039 -0.463082 -0.250194 -0.493476 -0.250074 -0.524479 -0.250133 -0.55498 -0.250325 -0.58463 -0.249807 -0.614255 -0.249088 
3.32 -0.41997 -0.173004 -0.450646 -0.172799 -0.480962 -0.17265 -0.511971 -0.172758 -0.542702 -0.172992 -0.572369 -0.172626 -0.602312 -0.172126 
3.262 0.387454 -0.00247911 0.35521 -0.00227802 0.323278 -0.00208173 0.291063 -0.00228374 0.259092 -0.00213268 0.227375 -0.00153453 0.195807 -0.000923723 
3.262 -0.432982 -0.162731 -0.464145 -0.162389 -0.495047 -0.162141 -0.526544 -0.162153 -0.557647 -0.162317 -0.587884 -0.161833 -0.618113 -0.161215 
3.896 -0.263142 -0.0695932 -0.289607 -0.0694565 -0.315714 -0.0693652 -0.34234 -0.069519 -0.368901 -0.069684 -0.394828 -0.0694058 -0.420923 -0.0689416 
4.418 -0.0255034 0.0461444 -0.0484877 0.046414 -0.071279 0.0465792 -0.0944611 0.0464318 -0.117509 0.0464221 -0.140283 0.0468162 -0.163249 0.0473376 
2.99 0.466895 -0.0264484 0.439434 -0.0260333 0.408195 -0.0257391 0.374142 -0.02595 0.340312 -0.0256176 0.306831 -0.0248762 0.273312 -0.0241158 
2.898 0.594275 -0.190809 0.560241 -0.190561 0.526351 -0.190356 0.491949 -0.190536 0.457744 -0.190204 0.423749 -0.189189 0.389597 -0.188178 
3.66 -0.324093 -0.0668539 -0.351997 -0.0666291 -0.379749 -0.0665362 -0.407935 -0.0666641 -0.436048 -0.0668705 -0.463515 -0.0665456 -0.49116 -0.0661382 
4.008 -0.262457 -0.196288 -0.288113 -0.196132 -0.313447 -0.196015 -0.33942 -0.196274 -0.365165 -0.196512 -0.390327 -0.196148 -0.415652 -0.195719 
3.311 -0.422709 -0.21067 -0.453368 -0.210479 -0.483827 -0.210395 -0.514728 -0.210486 -0.545089 -0.210685 -0.574915 -0.210274 -0.604519 -0.20966 
3.238 -0.437091 -0.108629 -0.468561 -0.108296 -0.499814 -0.108134 -0.531608 -0.108192 -0.563061 -0.108368 -0.593656 -0.107978 -0.624271 -0.107479 
3.629 -0.320668 -0.0271333 -0.348717 -0.0268314 -0.376564 -0.0266706 -0.404906 -0.0267198 -0.433169 -0.0268568 -0.460731 -0.0265178 -0.488522 -0.026061 
3.006 -0.253554 0.155034 -0.287271 0.155381 -0.32072 0.155622 -0.354598 0.155658 -0.38861 0.155632 -0.421987 0.15604 -0.455503 0.156555 
3.812 -0.303547 -0.223682 -0.330859 -0.223446 -0.357978 -0.223383 -0.385728 -0.223544 -0.413177 -0.223903 -0.439992 -0.223444 -0.466974 -0.222971 
3.385 -0.411067 0.0208054 -0.449617 0.0211522 -0.4878 0.0214081 -0.52666 0.0214733 -0.565483 0.0213305 -0.603073 0.0217411 -0.640507 0.0219964 
4.02 -0.205616 0.00916313 -0.230019 0.00945811 -0.2543 0.00966785 -0.27913 0.00962493 -0.303872 0.00959161 -0.328055 0.010012 -0.35248 0.0105155 
3.383 -0.396001 -0.0949322 -0.426281 -0.0947011 -0.456231 -0.094738 -0.486858 -0.0948818 -0.517267 -0.0951387 -0.546892 -0.0946364 -0.576555 -0.0940222 
3.314 0.342254 -0.00864265 0.307044 -0.0083929 0.272025 -0.00817613 0.236916 -0.00839436 0.202101 -0.00818374 0.167528 -0.00748632 0.133228 -0.00665284 
4.383 -0.202191 -0.199712 -0.225533 -0.199525 -0.248661 -0.199454 -0.27241 -0.19978 -0.295777 -0.200022 -0.318747 -0.199675 -0.34179 -0.199241 
3.91 -0.261772 -0.0545268 -0.288077 -0.054284 -0.31417 -0.054182 -0.34072 -0.0542624 -0.367105 -0.0543939 -0.392995 -0.0540872 -0.419095 -0.0536893 
3.283 0.401835 -0.00864265 0.369442 -0.00836531 0.337311 -0.00817137 0.304952 -0.00844277 0.272855 -0.00826353 0.240991 -0.00758308 0.209177 -0.00686125 
4.434 -0.0412546 0.047514 -0.0636478 0.0476654 -0.0860954 0.0477861 -0.109084 0.0476653 -0.13187 0.0476509 -0.154041 0.0479494 -0.176494 0.0484022 
3.883 0.0375017 -0.136022 0.0116786 -0.135742 -0.0138034 -0.135517 -0.0395443 -0.135692 -0.0653232 -0.135783 -0.0911505 -0.13537 -0.116725 -0.134856 
3.039 0.313491 -0.0285029 0.27882 -0.028084 0.244638 -0.0279036 0.210573 -0.0280557 0.176522 -0.0278099 0.142769 -0.0272588 0.108911 -0.026458 
4.426 -0.0556362 0.047514 -0.078545 0.0478347 -0.10135 0.048116 -0.124464 0.0480588 -0.147447 0.0481075 -0.169844 0.0485044 -0.192459 0.0490112 
2.83 -0.306972 0.193384 -0.343512 0.193937 -0.37983 0.19431 -0.416664 0.194471 -0.453662 0.194573 -0.489962 0.19507 -0.526357 0.19561 
3.953 -0.223421 0.013957 -0.25052 0.0142484 -0.277076 0.0144279 -0.304277 0.0143815 -0.331006 0.0143443 -0.357643 0.0147617 -0.384489 0.0152472 
2.814 0.619614 -0.186016 0.585706 -0.185745 0.55182 -0.185521 0.517585 -0.185737 0.483483 -0.185495 0.449375 -0.184669 0.415226 -0.183906 
3.336 0.36143 -0.00864265 0.329128 -0.00838049 0.297175 -0.00811745 0.264782 -0.00839048 0.232624 -0.00822688 0.200903 -0.00756093 0.169246 -0.00687179 
3.797 0.117628 -0.0380907 0.0906546 -0.0378112 0.064043 -0.0375951 0.0371483 -0.0378339 0.0104226 -0.0375593 -0.0160008 -0.0370928 -0.0425114 -0.0365013 
3.791 0.108725 -0.015491 0.0817932 -0.0151953 0.0551089 -0.0149816 0.0283173 -0.0150626 0.00161528 -0.0149511 -0.0247005 -0.0144274 -0.0513018 -0.0139297 
3.932 -0.276839 -0.222997 -0.302832 -0.222809 -0.328662 -0.222726 -0.354974 -0.222913 -0.381084 -0.223194 -0.406568 -0.222823 -0.432405 -0.22246 
2.234 0.0169566 0.174209 -0.020253 0.174818 -0.057276 0.175184 -0.0947663 0.175331 -0.1323 0.175649 -0.169426 0.176525 -0.206946 0.177062 
3.549 -0.35765 -0.161361 -0.386597 -0.161186 -0.415117 -0.161087 -0.444172 -0.161267 -0.472992 -0.161532 -0.501044 -0.161155 -0.529482 -0.160756 
3.242 -0.445309 -0.215464 -0.476744 -0.215271 -0.50786 -0.215142 -0.539428 -0.215188 -0.570588 -0.215366 -0.600786 -0.214879 -0.630945 -0.214225 
3.691 -0.156992 0.0399808 -0.185353 0.040187 -0.213301 0.0404161 -0.241839 0.0403259 -0.270467 0.0401899 -0.298528 0.0404761 -0.326639 0.0409483 
3.158 -0.454897 -0.0689084 -0.487238 -0.0686337 -0.519275 -0.0684324 -0.551786 -0.0685094 -0.583992 -0.0687347 -0.61525 -0.0684285 -0.646534 -0.0679454 
3.592 -0.159732 0.179688 -0.1888 0.180232 -0.217901 0.18065 -0.247237 0.180911 -0.276674 0.18125 -0.305801 0.181768 -0.334685 0.182337 
3.557 -0.173428 0.174894 -0.202808 0.175395 -0.232082 0.17579 -0.261899 0.175961 -0.291629 0.176226 -0.320805 0.176733 -0.350152 0.177275 
3.869 -0.279578 -0.146295 -0.306043 -0.146088 -0.332281 -0.146041 -0.359095 -0.146114 -0.38576 -0.146404 -0.41184 -0.146117 -0.438085 -0.145723 
3.629 -0.185755 0.102986 -0.214656 0.103377 -0.243263 0.103704 -0.272364 0.103837 -0.301518 0.103892 -0.33019 0.104274 -0.358826 0.104929 
3.383 -0.389152 -0.0332968 -0.419449 -0.0330489 -0.449504 -0.0329258 -0.480137 -0.0329365 -0.510597 -0.0330697 -0.540315 -0.0328028 -0.570237 -0.0323404 
2.793 0.622353 -0.159307 0.588062 -0.159055 0.554038 -0.158884 0.519687 -0.159073 0.485348 -0.15883 0.451013 -0.15784 0.416773 -0.156842 
3.996 -0.265881 -0.235324 -0.291559 -0.235158 -0.316971 -0.235122 -0.342982 -0.23538 -0.368721 -0.235735 -0.393897 -0.23543 -0.419305 -0.235062 
3.369 -0.414491 -0.306547 -0.444539 -0.306295 -0.474263 -0.306129 -0.504495 -0.306164 -0.534324 -0.306392 -0.563207 -0.305702 -0.592191 -0.304996 
2.816 -0.365868 0.169415 -0.400715 0.169955 -0.435198 0.170419 -0.470052 0.170817 -0.504948 0.171076 -0.539199 0.17156 -0.573523 0.172 
3.898 -0.172059 0.0208054 -0.199671 0.0211862 -0.227006 0.0214143 -0.254995 0.0214462 -0.282902 0.021475 -0.310264 0.0219265 -0.337802 0.0225301 
4.355 -0.203561 -0.158622 -0.227098 -0.158463 -0.250446 -0.158503 -0.274312 -0.158613 -0.297974 -0.158914 -0.32106 -0.158606 -0.344365 -0.1583 
3.629 0.401151 -0.036721 0.368518 -0.036363 0.336129 -0.0361121 0.3035 -0.0363086 0.271146 -0.0361175 0.23901 -0.0354271 0.207098 -0.0345564 
4.418 -0.0234488 0.060526 -0.0464936 0.0607072 -0.0692324 0.0607306 -0.0923815 0.0604121 -0.115508 0.0603928 -0.13819 0.0606297 -0.161151 0.061014 
2.781 0.651116 -0.172319 0.617339 -0.172382 0.58363 -0.172208 0.549392 -0.172639 0.515476 -0.172337 0.481357 -0.171386 0.447341 -0.170664 
4.246 -0.213149 -0.123011 -0.237262 -0.122907 -0.261182 -0.122796 -0.285547 -0.122965 -0.30975 -0.12307 -0.333349 -0.122802 -0.357169 -0.122518 
4.234 -0.225476 -0.198343 -0.249653 -0.19817 -0.273531 -0.198156 -0.297961 -0.198268 -0.32227 -0.198662 -0.345903 -0.19825 -0.369736 -0.197713 
3.527 -0.200822 0.157773 -0.23063 0.158126 -0.26023 0.15836 -0.289935 0.158414 -0.319839 0.158458 -0.349258 0.15886 -0.378738 0.159392 
3.43 -0.381619 -0.109999 -0.41133 -0.109886 -0.440843 -0.109842 -0.470846 -0.110035 -0.500761 -0.110341 -0.529949 -0.109988 -0.559254 -0.109531 
3.168 -0.453527 -0.100411 -0.485959 -0.100194 -0.518142 -0.100106 -0.550683 -0.100155 -0.582773 -0.100333 -0.61426 -0.100051 -0.645474 -0.0995701 
3.799 0.108725 -0.319559 0.0816343 -0.319057 0.0549023 -0.318711 0.0276922 -0.318973 0.000880326 -0.319225 -0.0255287 -0.318583 -0.0520877 -0.317845 
3.803 0.115573 -0.228476 0.0884549 -0.228075 0.0616125 -0.227783 0.0346722 -0.228106 0.00807589 -0.228106 -0.0185043 -0.227453 -0.0449464 -0.226959 
3.922 0.0395562 0.0639501 0.013705 0.064167 -0.0120871 0.0644344 -0.0380205 0.0642358 -0.0640227 0.0643087 -0.0896586 0.0647802 -0.115373 0.0653025 
2.934 -0.346692 0.132434 -0.38004 0.132915 -0.413285 0.133272 -0.446901 0.133418 -0.480615 0.133469 -0.513627 0.133855 -0.546743 0.13436 
4.148 -0.213149 -0.0531571 -0.237388 -0.0528407 -0.261447 -0.0529448 -0.286026 -0.0530042 -0.310411 -0.0530625 -0.334343 -0.0527242 -0.358445 -0.0521855 
2.783 0.638104 -0.0572661 0.602075 -0.0571863 0.56667 -0.056957 0.530049 -0.0573796 0.493795 -0.0572018 0.457623 -0.0564134 0.421623 -0.0558375 
3.883 -0.272045 -0.0805506 -0.298797 -0.0803908 -0.325097 -0.0803188 -0.352068 -0.0804355 -0.378766 -0.0806173 -0.404967 -0.0803519 -0.431364 -0.0799909 
3.209 -0.437776 -0.0675387 -0.469437 -0.0672245 -0.500805 -0.0670536 -0.532785 -0.067085 -0.564417 -0.0672434 -0.59523 -0.066915 -0.626126 -0.0665083 
3.344 -0.402849 -0.0805506 -0.433508 -0.080294 -0.463807 -0.0801602 -0.494715 -0.0802214 -0.525303 -0.080411 -0.555207 -0.0801505 -0.585179 -0.0797168 
3.803 0.0854404 -0.211355 0.0588317 -0.21111 0.0321574 -0.210855 0.00487332 -0.210845 -0.0217308 -0.210798 -0.047767 -0.210118 -0.0740525 -0.20963 
3.799 0.102561 0.0119025 0.0758863 0.0121756 0.0493567 0.0123454 0.0224891 0.0121662 -0.00405858 0.0122594 -0.0303456 0.0126907 -0.0568515 0.013207 
3.791 0.117628 -0.0839748 0.0906305 -0.0837425 0.0640039 -0.0834248 0.0371269 -0.0835914 0.0104381 -0.0833816 -0.0159713 -0.0828586 -0.0424411 -0.0823285 
2.924 0.509355 -0.0168607 0.474522 -0.0166796 0.441171 -0.0164198 0.407001 -0.0168933 0.415667 -0.0166994 0.380078 -0.0160573 0.344668 -0.0153541 
3.701 -0.277524 0.0324476 -0.30622 0.0327673 -0.33472 0.0329795 -0.363591 0.0331276 -0.392444 0.0330819 -0.420763 0.0336819 -0.449235 0.0341158 
3.447 -0.388467 -0.218888 -0.418123 -0.218721 -0.447377 -0.21861 -0.477166 -0.218751 -0.506663 -0.219 -0.5355 -0.218629 -0.564308 -0.218167 
3.236 -0.429558 -0.0230242 -0.461149 -0.0227335 -0.492397 -0.022595 -0.524225 -0.0226012 -0.555826 -0.0227398 -0.586466 -0.0224702 -0.617263 -0.0220444 
3.775 -0.315875 0.0269689 -0.342816 0.0270871 -0.369716 0.0273347 -0.397046 0.027174 -0.424181 0.0269189 -0.450924 0.0272559 -0.477933 0.0276234 
3.334 -0.410382 -0.112738 -0.441047 -0.112571 -0.471488 -0.112458 -0.502446 -0.112504 -0.533286 -0.112701 -0.563202 -0.112304 -0.593143 -0.111779 
3.639 -0.184386 0.0420353 -0.213156 0.0422284 -0.241709 0.0424153 -0.270729 0.0423145 -0.299835 0.0423021 -0.328318 0.0429295 -0.357046 0.0433977 
3.416 -0.382989 -0.0784961 -0.413015 -0.0782524 -0.44276 -0.0780957 -0.473082 -0.0781542 -0.503109 -0.0783309 -0.532534 -0.0780564 -0.561935 -0.077639 
3.602 -0.248076 0.0454595 -0.277007 0.0456651 -0.305693 0.0458185 -0.334921 0.0457792 -0.364129 0.0456468 -0.392762 0.0460858 -0.421538 0.0465505 
1.544 0.652486 -0.0784961 0.616467 -0.0782165 0.580262 -0.0781084 0.543807 -0.0783449 0.503429 -0.0780356 0.467092 -0.0771202 0.430991 -0.0764248 
3.758 -0.232324 0.0269689 -0.26076 0.0272161 -0.289147 0.0274264 -0.317962 0.0273521 -0.346644 0.027285 -0.374967 0.0276684 -0.403316 0.02812 
3.809 0.118313 0.0338173 0.0913121 0.0340387 0.0646397 0.0341006 0.037724 0.0339901 0.010937 0.0340363 -0.01549 0.0344854 -0.0420497 0.0352087 
3.602 -0.337789 -0.0709629 -0.366381 -0.0706035 -0.394749 -0.0703428 -0.42371 -0.0703314 -0.45243 -0.0704144 -0.480586 -0.0699338 -0.508954 -0.069353 
3.729 -0.144665 0.114628 -0.171544 0.114953 -0.198444 0.115166 -0.225734 0.11521 -0.253134 0.115299 -0.279799 0.115639 -0.30733 0.116416 
3.809 0.0854404 -0.0743871 0.0589566 -0.0741303 0.0326948 -0.0739793 0.005994 -0.0740863 -0.0204606 -0.0740989 -0.0464883 -0.0736084 -0.0726372 -0.0730464 
2.822 0.597699 -0.159307 0.563611 -0.15916 0.529562 -0.159052 0.494991 -0.159231 0.460782 -0.158962 0.426543 -0.157991 0.392601 -0.157066 
3.381 -0.408328 -0.279838 -0.438312 -0.279603 -0.46807 -0.279428 -0.498335 -0.279541 -0.528177 -0.279707 -0.557032 -0.279134 -0.585883 -0.278477 
4.121 -0.160416 -0.0613752 -0.184517 -0.0612011 -0.208544 -0.0611044 -0.233369 -0.0612495 -0.257934 -0.061389 -0.280986 -0.06126 -0.303889 -0.0610877 
3.096 -0.240542 0.125586 -0.273555 0.125954 -0.306241 0.126096 -0.33924 0.126068 -0.372212 0.126091 -0.404681 0.126497 -0.437369 0.127018 
3.406 -0.402164 -0.409273 -0.431798 -0.408818 -0.461059 -0.408428 -0.490984 -0.408392 -0.520233 -0.408373 -0.548609 -0.407458 -0.576996 -0.406372 
3.318 -0.432297 -0.395576 -0.462864 -0.395188 -0.493056 -0.394829 -0.523855 -0.394751 -0.553978 -0.394726 -0.583091 -0.393742 -0.612122 -0.392603 
3.541 -0.256978 0.0625805 -0.285823 0.0630806 -0.31452 0.0634594 -0.343727 0.0634618 -0.372818 0.0635802 -0.401278 0.0641624 -0.430223 0.0645291 
3.826 0.0943432 0.0536776 0.0674532 0.0538896 0.040953 0.0541274 0.0143602 0.0541467 -0.0123536 0.0543222 -0.0387256 0.0548169 -0.064839 0.0552058 
3.232 0.327873 -0.0298726 0.292761 -0.0295246 0.257943 -0.0292705 0.222964 -0.0294604 0.188214 -0.0292239 0.15393 -0.0286903 0.119719 -0.0279037 
3.926 0.0162717 -0.136022 -0.00945009 -0.135756 -0.0350886 -0.135747 -0.0611096 -0.136057 -0.0868078 -0.136147 -0.111818 -0.135702 -0.137418 -0.135094 
4.453 -0.0871387 -0.00795781 -0.110709 -0.00767003 -0.134139 -0.00735988 -0.158053 -0.0074487 -0.181864 -0.00754601 -0.205209 -0.00724861 -0.228502 -0.00716748 
