4.078 -0.181646 -0.032612 -0.206006 -0.032414 -0.230141 -0.0323446 -0.254741 -0.0325478 -0.279307 -0.032693 -0.303252 -0.0323429 -0.327454 -0.0319224 
4.102 -0.115902 -0.0196001 -0.139406 -0.0194285 -0.16275 -0.0192425 -0.186504 -0.0194136 -0.210333 -0.0194254 -0.233725 -0.0189565 -0.257511 -0.0185306 
3.355 -0.420655 -0.393521 -0.450779 -0.393161 -0.480525 -0.392767 -0.510819 -0.392681 -0.540656 -0.392662 -0.56942 -0.391718 -0.598199 -0.390606 
2.887 -0.35765 0.141337 -0.391918 0.141692 -0.425889 0.141986 -0.460278 0.142134 -0.494797 0.142159 -0.528569 0.14251 -0.562356 0.142915 
3.082 -0.247391 0.183112 -0.279505 0.183477 -0.311323 0.183728 -0.343447 0.183813 -0.37535 0.183856 -0.406639 0.18413 -0.438053 0.18468 
4.023 -0.178222 0.000260238 -0.202822 0.000167068 -0.227271 4.50144e-05 -0.251466 -0.000152403 -0.276096 -0.000193826 -0.30048 0.000201301 -0.325266 0.000613859 
3.57 -0.340529 -0.0353513 -0.36927 -0.0351398 -0.397778 -0.0350448 -0.426782 -0.0351226 -0.455697 -0.0352981 -0.484031 -0.0349846 -0.512527 -0.0345245 
3.338 -0.426133 -0.37914 -0.45651 -0.378754 -0.486458 -0.378345 -0.516969 -0.378282 -0.546949 -0.378244 -0.575952 -0.377335 -0.604883 -0.376224 
4.047 -0.156307 -0.0175455 -0.178363 -0.0172517 -0.200277 -0.0171371 -0.222594 -0.0172193 -0.244906 -0.0172828 -0.266806 -0.0169953 -0.288847 -0.0164586 
3.385 -0.409012 -0.435297 -0.438734 -0.434831 -0.467938 -0.434344 -0.497809 -0.434212 -0.527091 -0.434089 -0.555385 -0.432998 -0.583746 -0.431817 
2.941 0.490179 0.0612108 0.454823 0.0613526 0.419822 0.0614423 0.384547 0.0610297 0.349424 0.0611088 0.31457 0.0616198 0.279754 0.0621713 
3.406 -0.406273 -0.410642 -0.435962 -0.410212 -0.46521 -0.409772 -0.495108 -0.40971 -0.524417 -0.409657 -0.552764 -0.408677 -0.581158 -0.407557 
3.393 -0.407643 -0.37914 -0.437459 -0.378795 -0.466869 -0.378461 -0.496889 -0.378468 -0.526411 -0.378514 -0.55501 -0.377674 -0.583588 -0.376728 
4.059 -0.182331 -0.015491 -0.206608 -0.0152383 -0.230675 -0.0151456 -0.25533 -0.015233 -0.279953 -0.0153314 -0.303969 -0.0149932 -0.328271 -0.0144695 
2.945 -0.386413 0.144761 -0.421154 0.145299 -0.455678 0.14566 -0.490683 0.145835 -0.525769 0.145862 -0.559942 0.146243 -0.594144 0.146725 
3.33 0.42238 -0.00521846 0.393387 -0.00495973 0.364653 -0.00475303 0.335705 -0.00502878 0.306999 -0.00487007 0.278356 -0.00416354 0.249735 -0.0035493 
3.727 -0.143295 0.072853 -0.170337 0.0731395 -0.197036 0.0733856 -0.224181 0.0733746 -0.251449 0.0734045 -0.278296 0.0738803 -0.305257 0.074444 
3.412 -0.403534 -0.365443 -0.433285 -0.365142 -0.46264 -0.364842 -0.492583 -0.36484 -0.522075 -0.364947 -0.550616 -0.364153 -0.579173 -0.363241 
3.609 -0.0570059 0.0975072 -0.0797801 0.0977531 -0.102238 0.0979394 -0.125084 0.0978526 -0.147927 0.0979027 -0.170411 0.0984493 -0.192965 0.0989949 
3.48 -0.202191 0.18996 -0.232702 0.190388 -0.262959 0.190724 -0.293585 0.19081 -0.324161 0.190897 -0.354077 0.191316 -0.384286 0.191963 
3.279 -0.4186 -0.0531571 -0.449931 -0.0528842 -0.481066 -0.0527299 -0.512687 -0.0527632 -0.544186 -0.0529825 -0.57473 -0.0525986 -0.60539 -0.0521635 
4.113 -0.110423 -0.0339816 -0.134121 -0.0336144 -0.157742 -0.0333867 -0.181615 -0.0336372 -0.20573 -0.0336967 -0.22931 -0.0332468 -0.2531 -0.0329038 
3.902 -0.0843994 0.068744 -0.108756 0.0689953 -0.133035 0.0692058 -0.157595 0.0690576 -0.182204 0.0690369 -0.206498 0.0695324 -0.230767 0.0700176 
4.43 -0.0556362 0.0269689 -0.0786843 0.027196 -0.101666 0.0273245 -0.124947 0.0272119 -0.148213 0.0271986 -0.171003 0.0276853 -0.194091 0.0281564 
3.111 -0.239858 0.202287 -0.271025 0.202764 -0.301917 0.20313 -0.333183 0.203288 -0.364614 0.203399 -0.395449 0.203888 -0.426353 0.204447 
4.16 -0.139186 -0.0798658 -0.163498 -0.0796994 -0.187553 -0.0796235 -0.212155 -0.0798566 -0.236664 -0.0800508 -0.260691 -0.0797166 -0.284854 -0.0793083 
3.016 -0.254239 0.169415 -0.287189 0.169826 -0.320285 0.170055 -0.353827 0.170145 -0.387529 0.170187 -0.420632 0.170557 -0.45403 0.171129 
4.082 -0.133023 -0.0216546 -0.155375 -0.021515 -0.177484 -0.0214295 -0.199922 -0.0214951 -0.222268 -0.0215266 -0.244398 -0.0211769 -0.266667 -0.0206243 
4.215 -0.191234 -0.0784961 -0.215931 -0.0783754 -0.240404 -0.078325 -0.26531 -0.0785187 -0.289781 -0.078674 -0.313799 -0.0783699 -0.338213 -0.0779177 
3.695 -0.304917 -0.0332968 -0.332605 -0.0330267 -0.359983 -0.0328567 -0.387851 -0.0329268 -0.415773 -0.0331315 -0.442954 -0.0327403 -0.470319 -0.0322739 
4.172 -0.12412 -0.0798658 -0.148191 -0.0796709 -0.172154 -0.0795718 -0.196552 -0.079829 -0.22101 -0.0800466 -0.24492 -0.0796834 -0.26902 -0.0792656 
2.922 -0.374771 0.135858 -0.408635 0.13629 -0.44242 0.136674 -0.476494 0.136844 -0.510776 0.136894 -0.544176 0.137317 -0.577713 0.137776 
2.838 -0.380934 0.157773 -0.415935 0.1582 -0.450658 0.15843 -0.485844 0.158591 -0.521104 0.158565 -0.555474 0.158897 -0.589892 0.159249 
3.572 -0.269306 0.047514 -0.298251 0.0478329 -0.326976 0.0479959 -0.356096 0.0479475 -0.385238 0.047966 -0.413763 0.0483286 -0.442395 0.0489199 
3.957 -0.0707026 0.0406657 -0.0950822 0.0408821 -0.118906 0.040988 -0.143388 0.0409994 -0.167707 0.0410219 -0.191854 0.0414508 -0.21613 0.042005 
3.223 -0.259033 0.100931 -0.292178 0.10138 -0.325035 0.101723 -0.358258 0.101823 -0.391618 0.101894 -0.424297 0.102381 -0.45728 0.102928 
2.951 0.484701 -0.0134365 0.44969 -0.0132032 0.415305 -0.0130501 0.380547 -0.0133025 0.345906 -0.0131219 0.311731 -0.0125198 0.277576 -0.0118475 
3.225 -0.433667 -0.0531571 -0.465259 -0.0528486 -0.496639 -0.0526792 -0.528525 -0.0527042 -0.56017 -0.0528927 -0.591029 -0.0525446 -0.621819 -0.0521428 
3.488 -0.364498 -0.044939 -0.393935 -0.0446055 -0.423108 -0.0444742 -0.452797 -0.0445288 -0.482472 -0.0447046 -0.51131 -0.0443851 -0.540374 -0.0440032 
3.268 -0.432982 -0.185331 -0.464111 -0.18511 -0.494952 -0.184979 -0.526331 -0.185083 -0.557367 -0.185343 -0.587435 -0.184874 -0.617499 -0.184327 
3.227 -0.452157 -0.227791 -0.483656 -0.227573 -0.514835 -0.22743 -0.546459 -0.227488 -0.577729 -0.227675 -0.607943 -0.227103 -0.638109 -0.226436 
4 -0.0583756 0.0735379 -0.081097 0.0737536 -0.103582 0.0738382 -0.126508 0.0736799 -0.14937 0.0736214 -0.171905 0.0739942 -0.195451 0.074599 
3.932 -0.115217 0.0173812 -0.140283 0.0177114 -0.165142 0.0179385 -0.190617 0.0178982 -0.215926 0.017954 -0.240952 0.0184413 -0.266181 0.0189066 
3.324 0.450459 -0.0285029 0.41666 -0.027904 0.382929 -0.0275083 0.34892 -0.027718 0.315204 -0.0274367 0.281612 -0.0268011 0.248159 -0.0259924 
4.016 -0.156992 0.00573894 -0.182224 0.00596603 -0.207346 0.00607166 -0.232904 0.00591997 -0.258381 0.0058263 -0.283354 0.00622515 -0.30851 0.00677731 
3.645 -0.33505 -0.192864 -0.362871 -0.192695 -0.390421 -0.192623 -0.41857 -0.192807 -0.44629 -0.193067 -0.473642 -0.192731 -0.501196 -0.192373 
3.473 -0.367922 -0.0764416 -0.397294 -0.0761788 -0.426409 -0.0759933 -0.456066 -0.0760263 -0.485646 -0.0762051 -0.514431 -0.0758775 -0.543375 -0.0754758 
2.807 0.602493 -0.00864265 0.608208 -0.00894352 0.571783 -0.00877294 0.534915 -0.00916004 0.498088 -0.00885085 0.461347 -0.00820769 0.424737 -0.00744034 
3.375 -0.406273 -0.177113 -0.43645 -0.176914 -0.466325 -0.176786 -0.496835 -0.1769 -0.527096 -0.177178 -0.556423 -0.176772 -0.585915 -0.176218 
3.387 -0.406273 -0.211355 -0.436391 -0.211153 -0.466196 -0.211062 -0.496532 -0.211186 -0.526581 -0.211433 -0.555793 -0.211001 -0.58501 -0.210449 
3.781 -0.307656 -0.183276 -0.335024 -0.183195 -0.36216 -0.183216 -0.389874 -0.183505 -0.417433 -0.183902 -0.444276 -0.183612 -0.471357 -0.183348 
3.439 -0.213149 0.179688 -0.243136 0.18001 -0.272935 0.18018 -0.302932 0.180211 -0.332993 0.180269 -0.362534 0.180643 -0.392262 0.181227 
3.488 -0.371346 -0.170264 -0.400465 -0.170065 -0.429296 -0.169984 -0.458746 -0.170119 -0.488042 -0.170445 -0.516602 -0.170075 -0.545218 -0.169636 
3.16 -0.45969 -0.12438 -0.491965 -0.124138 -0.523916 -0.123973 -0.556302 -0.124017 -0.588426 -0.12421 -0.619534 -0.123796 -0.65058 -0.123243 
3.734 -0.29396 0.0146418 -0.321443 0.0149403 -0.348648 0.0150832 -0.376317 0.0150638 -0.403929 0.0149944 -0.430962 0.0153057 -0.458275 0.015811 
3.232 -0.446679 -0.192179 -0.478199 -0.192004 -0.50936 -0.191827 -0.541127 -0.191905 -0.572443 -0.192092 -0.602806 -0.191543 -0.633149 -0.190922 
2.863 -0.347377 0.152294 -0.381633 0.152738 -0.415683 0.153046 -0.450168 0.153186 -0.484889 0.15316 -0.518905 0.153487 -0.553083 0.153861 
3.68 -0.157677 0.0742227 -0.185424 0.0745552 -0.212967 0.0747285 -0.240722 0.074774 -0.268606 0.0748186 -0.295919 0.0752666 -0.32349 0.0758349 
3.648 0.372387 -0.0778113 0.339859 -0.0774203 0.307643 -0.0770816 0.275156 -0.0772243 0.242904 -0.0769368 0.211076 -0.0761096 0.179344 -0.0752338 
3.373 -0.412437 -0.341474 -0.44241 -0.341293 -0.471998 -0.341114 -0.502178 -0.341213 -0.531937 -0.341417 -0.56071 -0.340745 -0.589525 -0.339939 
3.445 0.386084 -0.032612 0.353113 -0.0323878 0.320514 -0.0321444 0.287725 -0.0323356 0.255118 -0.0321396 0.222757 -0.0313525 0.190324 -0.0306776 
3.184 -0.463115 -0.18944 -0.495196 -0.189219 -0.526871 -0.189054 -0.559017 -0.18906 -0.590816 -0.189221 -0.621477 -0.188672 -0.652205 -0.187983 
3.719 -0.321353 -0.198343 -0.348708 -0.198163 -0.375794 -0.198079 -0.40328 -0.19821 -0.430616 -0.198476 -0.457384 -0.198135 -0.484554 -0.19777 
3.607 -0.345323 -0.203821 -0.37357 -0.203686 -0.401582 -0.203659 -0.429881 -0.203807 -0.458015 -0.204097 -0.48561 -0.203753 -0.513492 -0.20341 
3.998 -0.139186 0.0146418 -0.164569 0.0149323 -0.189594 0.0151536 -0.215139 0.0151333 -0.240669 0.0151179 -0.265858 0.0155863 -0.291036 0.016027 
3.684 -0.311081 -0.0463087 -0.338827 -0.0460579 -0.366264 -0.0459142 -0.394198 -0.0459923 -0.42214 -0.0461331 -0.449359 -0.0457917 -0.476825 -0.0453591 
3.564 -0.360389 -0.201082 -0.389136 -0.200952 -0.417557 -0.200899 -0.446356 -0.201064 -0.474981 -0.201358 -0.503108 -0.200992 -0.531319 -0.200592 
3.336 0.332667 -0.0887687 0.29795 -0.0882889 0.263577 -0.0879741 0.228835 -0.0880317 0.194458 -0.0877406 0.160408 -0.0868322 0.126408 -0.085931 
3.434 -0.390522 -0.175743 -0.420297 -0.175518 -0.449602 -0.175437 -0.479616 -0.175607 -0.509454 -0.175911 -0.538436 -0.175505 -0.567464 -0.175009 
3.293 -0.431612 -0.222312 -0.462502 -0.222104 -0.493002 -0.221979 -0.524105 -0.222081 -0.554649 -0.222257 -0.584474 -0.221775 -0.614184 -0.22116 
3.951 -0.183701 0.0132722 -0.209585 0.0135057 -0.235055 0.0134851 -0.261156 0.0132575 -0.287206 0.0129563 -0.312697 0.0131214 -0.338303 0.0133133 
2.959 -0.269306 0.152294 -0.303344 0.152774 -0.337115 0.152991 -0.371272 0.153116 -0.405623 0.153168 -0.439349 0.153637 -0.473155 0.154167 
3.129 0.299795 -0.0784961 0.268019 -0.0781391 0.236477 -0.077788 0.204593 -0.0778767 0.173233 -0.0775795 0.141617 -0.0767866 0.108437 -0.0758932 
3.766 -0.277524 0.0187509 -0.305826 0.0189812 -0.333907 0.0190989 -0.362399 0.0190573 -0.390927 0.018956 -0.418899 0.0193135 -0.447023 0.0197924 
3.32 -0.419285 -0.187385 -0.449819 -0.187164 -0.480229 -0.187037 -0.511198 -0.187159 -0.541832 -0.187402 -0.571584 -0.18703 -0.601304 -0.186446 
4.125 -0.100151 0.0160115 -0.123283 0.0162803 -0.146233 0.0165742 -0.169607 0.016534 -0.192959 0.0166 -0.215961 0.0171662 -0.23907 0.0176542 
4.18 -0.110423 -0.0757567 -0.134161 -0.0755255 -0.157917 -0.0754227 -0.182202 -0.0757213 -0.206565 -0.0759603 -0.230325 -0.0754749 -0.254424 -0.0751172 
2.699 -0.332311 0.225572 -0.370773 0.225982 -0.40898 0.226374 -0.447519 0.226577 -0.486366 0.226612 -0.524234 0.226983 -0.562168 0.227366 
3.904 -0.239858 0.0146418 -0.268055 0.0149568 -0.296173 0.0151476 -0.32466 0.0151271 -0.35319 0.0150878 -0.381126 0.0154848 -0.409104 0.0159415 
3.605 -0.343953 -0.14561 -0.372309 -0.145426 -0.400239 -0.145302 -0.428899 -0.145465 -0.45733 -0.145756 -0.485117 -0.145407 -0.513041 -0.145016 
3.459 -0.37614 -0.133968 -0.405343 -0.133563 -0.434346 -0.133316 -0.464121 -0.133386 -0.493628 -0.133583 -0.522356 -0.133151 -0.55122 -0.132748 
3.445 -0.389837 -0.212039 -0.419435 -0.211857 -0.448718 -0.211766 -0.478496 -0.211904 -0.508031 -0.212165 -0.536862 -0.211756 -0.565702 -0.211277 
4.395 -0.202191 -0.214094 -0.225396 -0.21393 -0.248303 -0.213816 -0.271842 -0.214096 -0.295124 -0.214369 -0.317871 -0.214019 -0.34085 -0.213591 
4.453 -0.199452 -0.264772 -0.222443 -0.264625 -0.245124 -0.264549 -0.268466 -0.264909 -0.291566 -0.2652 -0.314158 -0.26494 -0.336852 -0.264559 
3.326 0.360745 0.0105328 0.328489 0.0106388 0.29642 0.0108131 0.264037 0.0105681 0.231835 0.0106749 0.200028 0.0111386 0.168353 0.0116052 
3.494 -0.213149 0.155718 -0.242894 0.156069 -0.272403 0.156334 -0.302246 0.156377 -0.3322 0.156414 -0.361673 0.156817 -0.39124 0.157401 
4.062 -0.130968 -0.000424599 -0.155212 -0.000247956 -0.179419 -0.000104125 -0.204349 -0.000207202 -0.229881 -0.000281604 -0.254814 0.000126356 -0.279805 0.000662179 
4.047 -0.230955 -0.0305575 -0.256097 -0.0303167 -0.280986 -0.0302155 -0.30635 -0.0302812 -0.331686 -0.0304454 -0.356419 -0.0301124 -0.38139 -0.0297058 
3.17 -0.461745 -0.151089 -0.494012 -0.150862 -0.52577 -0.150673 -0.558051 -0.150674 -0.590007 -0.150835 -0.620963 -0.150323 -0.652019 -0.149812 
3.662 -0.326832 -0.110683 -0.354706 -0.110453 -0.382557 -0.11036 -0.410797 -0.110486 -0.438898 -0.110703 -0.46636 -0.110371 -0.494031 -0.109963 
4.074 -0.246021 -0.161361 -0.271265 -0.161212 -0.296293 -0.161151 -0.321802 -0.161361 -0.347164 -0.161617 -0.371939 -0.161282 -0.396914 -0.16095 
2.689 -0.324777 0.244062 -0.36278 0.244694 -0.400653 0.245136 -0.438936 0.245455 -0.4774 0.245596 -0.514984 0.245992 -0.552642 0.246466 
3.275 -0.226846 0.152979 -0.257884 0.153032 -0.288024 0.15311 -0.318122 0.153151 -0.348302 0.153167 -0.377816 0.153594 -0.407526 0.154178 
4.367 -0.206985 -0.246966 -0.230335 -0.246714 -0.25353 -0.24667 -0.277182 -0.246951 -0.300648 -0.247246 -0.323519 -0.246859 -0.346568 -0.246444 
3.492 -0.381619 -0.322298 -0.41097 -0.322104 -0.439999 -0.321905 -0.469589 -0.322022 -0.498855 -0.322185 -0.527257 -0.3216 -0.555699 -0.32087 
2.773 -0.391207 0.187221 -0.426066 0.187858 -0.460614 0.188257 -0.495573 0.188419 -0.530631 0.188438 -0.564693 0.188825 -0.598869 0.189369 
3.371 -0.402164 -0.162046 -0.432407 -0.16184 -0.462383 -0.161735 -0.49282 -0.161832 -0.523014 -0.16207 -0.552409 -0.161704 -0.581766 -0.161221 
3.357 -0.412437 -0.235324 -0.442507 -0.235085 -0.472319 -0.234904 -0.502656 -0.234962 -0.532728 -0.235093 -0.561849 -0.234558 -0.591003 -0.233836 
3.57 0.346364 -0.0428845 0.311454 -0.0423577 0.276782 -0.0419051 0.241959 -0.0420898 0.207273 -0.0418171 0.172948 -0.0408826 0.138786 -0.0398601 
3.23 -0.215203 0.208451 -0.245872 0.208876 -0.276388 0.209186 -0.307227 0.209302 -0.338349 0.209463 -0.368786 0.209869 -0.399396 0.210417 
3.674 -0.329571 -0.140816 -0.357471 -0.14061 -0.385149 -0.140508 -0.413284 -0.140639 -0.441379 -0.140913 -0.468717 -0.140569 -0.496312 -0.140152 
3.252 -0.437091 -0.144925 -0.468368 -0.14467 -0.499406 -0.144559 -0.530897 -0.144575 -0.56218 -0.144743 -0.592471 -0.144266 -0.622822 -0.143732 
4.023 -0.00495822 0.0755924 -0.036578 0.0759421 -0.0682535 0.076159 -0.100652 0.0760651 -0.132665 0.0762803 -0.164453 0.0768665 -0.190438 0.0775243 
4.414 -0.200137 -0.182591 -0.223365 -0.182471 -0.246418 -0.182476 -0.269959 -0.182687 -0.293398 -0.182964 -0.316362 -0.182585 -0.339499 -0.182284 
3.285 -0.42134 -0.0819203 -0.452636 -0.0816641 -0.483734 -0.0816197 -0.515332 -0.081708 -0.546758 -0.0819843 -0.577197 -0.0816845 -0.607779 -0.081313 
3.758 -0.111793 0.172154 -0.140395 0.172491 -0.168962 0.172715 -0.197756 0.172738 -0.226904 0.172834 -0.25531 0.173358 -0.283779 0.173978 
4.238 -0.152883 -0.0826051 -0.177103 -0.0824396 -0.20127 -0.0823689 -0.225958 -0.0825826 -0.250457 -0.082789 -0.274502 -0.0824628 -0.298812 -0.0820867 
3.939 0.0149021 -0.095617 -0.0107069 -0.0953853 -0.0361684 -0.0952512 -0.0619616 -0.0954312 -0.0875913 -0.0954963 -0.11287 -0.0951053 -0.138306 -0.0946108 
3.217 -0.426133 0.0119025 -0.46495 0.012263 -0.503198 0.0125516 -0.542049 0.0126623 -0.580739 0.0125367 -0.618116 0.0129299 -0.655638 0.0132382 
3.412 0.339515 0.0612108 0.304136 0.061293 0.269105 0.0613286 0.233857 0.0611156 0.198812 0.0612226 0.164037 0.0615681 0.129507 0.0623102 
3.578 -0.188495 0.159143 -0.218046 0.159497 -0.247215 0.159764 -0.27674 0.159837 -0.30642 0.159895 -0.335574 0.16031 -0.364978 0.160902 
4.059 -0.0843994 0.0208054 -0.108624 0.021037 -0.132476 0.0212026 -0.156779 0.0210841 -0.181093 0.021048 -0.204326 0.0216166 -0.227664 0.0222053 
4.023 -0.165895 -0.00727298 -0.18848 -0.00695923 -0.210881 -0.00677753 -0.233801 -0.00686456 -0.256697 -0.00694051 -0.279055 -0.0065952 -0.301523 -0.00610448 
3.107 0.310752 -0.0689084 0.278816 -0.0684895 0.246537 -0.068185 0.212518 -0.0683963 0.178334 -0.0681154 0.144436 -0.0672962 0.110939 -0.066509 
3.936 -0.27273 -0.166155 -0.298968 -0.16597 -0.324964 -0.165844 -0.351472 -0.166042 -0.377843 -0.166257 -0.403614 -0.165932 -0.429569 -0.165633 
3.195 -0.222737 0.1927 -0.253507 0.193165 -0.284079 0.193527 -0.31494 0.193772 -0.345971 0.194067 -0.376501 0.194564 -0.407295 0.195049 
3.277 -0.424079 -0.116162 -0.455324 -0.115989 -0.486354 -0.115921 -0.517903 -0.11594 -0.549178 -0.11606 -0.579535 -0.115672 -0.609941 -0.115024 
3.504 -0.380249 -0.244227 -0.40946 -0.243976 -0.438404 -0.243898 -0.467897 -0.244067 -0.497148 -0.244315 -0.525566 -0.243911 -0.554031 -0.243312 
3.143 0.312806 -0.0497329 0.280329 -0.0494659 0.248297 -0.0492592 0.214404 -0.0494238 0.180068 -0.0492066 0.146345 -0.0485077 0.112646 -0.0477773 
4.484 -0.193289 -0.237378 -0.216188 -0.237267 -0.238801 -0.237168 -0.262014 -0.237444 -0.284922 -0.237652 -0.307371 -0.237272 -0.32995 -0.237004 
4.285 -0.217258 -0.216148 -0.24113 -0.216078 -0.26487 -0.216009 -0.289061 -0.216273 -0.313086 -0.216465 -0.336545 -0.216172 -0.360157 -0.215783 
4.098 -0.25013 -0.245596 -0.275154 -0.24546 -0.29993 -0.245356 -0.325262 -0.245644 -0.350356 -0.24594 -0.374915 -0.245578 -0.399598 -0.245218 
3.623 -0.326832 -0.04083 -0.355254 -0.0405754 -0.383325 -0.0404337 -0.411973 -0.0405058 -0.440567 -0.0406798 -0.468576 -0.0403594 -0.496732 -0.0399216 
4.363 -0.206985 -0.233269 -0.230347 -0.23315 -0.253549 -0.23311 -0.277215 -0.233364 -0.300666 -0.233574 -0.323605 -0.233301 -0.346706 -0.232941 
4.105 -0.111108 -0.00179427 -0.13504 -0.0015245 -0.158782 -0.0012773 -0.183047 -0.00130727 -0.207316 -0.00146352 -0.231093 -0.00119023 -0.255183 -0.000787416 
3.404 -0.395316 -0.149719 -0.42549 -0.149461 -0.455327 -0.149324 -0.485802 -0.149454 -0.515927 -0.149682 -0.545257 -0.149317 -0.57464 -0.148866 
2.84 -0.365868 0.157773 -0.400535 0.158246 -0.434971 0.15859 -0.469759 0.158748 -0.504717 0.158779 -0.538924 0.159161 -0.573086 0.159615 
3.539 -0.355595 -0.133968 -0.384324 -0.133748 -0.412659 -0.133652 -0.441715 -0.133796 -0.470517 -0.134097 -0.498731 -0.133739 -0.527018 -0.133355 
3.598 -0.341214 -0.114108 -0.369582 -0.113891 -0.397592 -0.113755 -0.426304 -0.113898 -0.454883 -0.114158 -0.4826 -0.113801 -0.510807 -0.1134 
3.281 0.460731 0.0112176 0.426447 0.0112806 0.392437 0.011235 0.358212 0.0108648 0.324193 0.0110025 0.290404 0.0116907 0.256604 0.0122478 
2.771 0.633311 -0.0250788 0.596968 -0.0247504 0.56087 -0.0246504 0.524187 -0.0249058 0.48764 -0.0246073 0.451109 -0.0238586 0.414743 -0.023037 
3.549 -0.351486 -0.0969867 -0.380348 -0.0967656 -0.408942 -0.0966499 -0.438059 -0.0967742 -0.467001 -0.0970318 -0.495415 -0.0966848 -0.523967 -0.0962976 
2.803 -0.407643 0.186536 -0.443492 0.186937 -0.479199 0.187218 -0.51527 0.187304 -0.551295 0.187174 -0.586373 0.187403 -0.621385 0.187774 
3.701 -0.324093 -0.154513 -0.351796 -0.154316 -0.37932 -0.154238 -0.40716 -0.154374 -0.435064 -0.154685 -0.462116 -0.154283 -0.489517 -0.153945 
3.82 -0.262457 0.0173812 -0.29045 0.017731 -0.318366 0.0178969 -0.346631 0.0178538 -0.374701 0.0177867 -0.402592 0.0180826 -0.430043 0.0185579 
3.707 -0.318614 -0.123695 -0.34625 -0.123502 -0.373643 -0.123397 -0.401518 -0.123539 -0.429292 -0.123815 -0.456416 -0.123459 -0.483764 -0.123095 
3.152 -0.456951 -0.0374058 -0.489541 -0.0370492 -0.521774 -0.036828 -0.554535 -0.0367261 -0.587048 -0.0369719 -0.618581 -0.036501 -0.650015 -0.0361039 
3.594 -0.111793 0.193384 -0.140454 0.193846 -0.168996 0.194102 -0.197938 0.19417 -0.22706 0.194379 -0.255589 0.194942 -0.284262 0.195496 
3.988 -0.263827 -0.214094 -0.289512 -0.213918 -0.314994 -0.213872 -0.34097 -0.214143 -0.366762 -0.214466 -0.391941 -0.214088 -0.41742 -0.213739 
3.293 -0.415176 -0.0250788 -0.446569 -0.0248757 -0.477787 -0.0247891 -0.509392 -0.0248183 -0.540996 -0.0250403 -0.571637 -0.0246847 -0.602417 -0.0243098 
3.594 -0.337105 -0.0531571 -0.365767 -0.0528749 -0.394234 -0.05274 -0.42315 -0.0528253 -0.451993 -0.0530251 -0.480261 -0.0526739 -0.508701 -0.052314 
4.129 -0.131653 -0.0606903 -0.155489 -0.060473 -0.179088 -0.0603453 -0.203131 -0.0605123 -0.227139 -0.060654 -0.250862 -0.0603311 -0.274703 -0.0599297 
3.771 0.13064 0.0762772 0.104143 0.0766281 0.0779334 0.0768142 0.0514761 0.0766492 0.0250697 0.0766832 -0.000930749 0.0771955 -0.0269408 0.0777345 
3.609 0.363484 -0.0401452 0.331259 -0.0398035 0.299308 -0.0395257 0.267026 -0.0397228 0.23488 -0.0394839 0.203069 -0.0387196 0.171424 -0.0379491 
3.496 0.329243 -0.0469936 0.294456 -0.0466583 0.259921 -0.0463808 0.225198 -0.0465113 0.190826 -0.0462627 0.156818 -0.0455237 0.122881 -0.0447549 
3.467 -0.371346 -0.109314 -0.400606 -0.109085 -0.429702 -0.109047 -0.45927 -0.109199 -0.488788 -0.109521 -0.517473 -0.109166 -0.546281 -0.108682 
3.262 -0.432982 -0.162731 -0.464149 -0.162402 -0.495045 -0.162174 -0.526493 -0.162166 -0.557654 -0.162299 -0.587878 -0.161817 -0.618108 -0.161207 
3.645 0.381975 -0.131913 0.349977 -0.131347 0.318235 -0.131013 0.286233 -0.131142 0.254624 -0.130896 0.223027 -0.129898 0.191514 -0.128874 
3.629 -0.319984 -0.0271333 -0.348007 -0.0268415 -0.375764 -0.0267068 -0.403996 -0.026772 -0.432338 -0.0269089 -0.459826 -0.0265875 -0.487621 -0.0261318 
3.561 -0.190549 0.176948 -0.219938 0.177435 -0.249196 0.17781 -0.278902 0.177921 -0.308716 0.178106 -0.337931 0.178582 -0.367419 0.179178 
3.471 -0.361074 -0.0243939 -0.390536 -0.0241554 -0.419702 -0.0240864 -0.449444 -0.0241668 -0.479158 -0.0243898 -0.508055 -0.0240516 -0.5371 -0.0236746 
3.896 -0.263142 -0.0695932 -0.289618 -0.0694477 -0.315716 -0.0693518 -0.342305 -0.0695002 -0.368883 -0.069696 -0.394798 -0.0693864 -0.420918 -0.0689415 
3.32 -0.41997 -0.173004 -0.450546 -0.172773 -0.480801 -0.172644 -0.511868 -0.172742 -0.542521 -0.172968 -0.572305 -0.172607 -0.602178 -0.172087 
3.652 -0.326832 -0.0846596 -0.354949 -0.0844432 -0.382976 -0.0843523 -0.41125 -0.0844714 -0.439355 -0.0846905 -0.466997 -0.0843399 -0.494669 -0.0839192 
4.418 -0.052212 0.0516231 -0.0749736 0.0519145 -0.0975332 0.0520897 -0.120492 0.0520229 -0.143431 0.0520495 -0.165951 0.0525154 -0.188504 0.0529724 
2.941 0.485386 0.0481989 0.450205 0.0485059 0.415378 0.0488013 0.380271 0.0485969 0.345274 0.0487356 0.310585 0.0493878 0.276002 0.0502554 
3.273 0.384714 -0.00864265 0.352613 -0.00832845 0.320648 -0.00817655 0.288529 -0.00836874 0.256544 -0.00824347 0.224884 -0.00758772 0.193312 -0.00697691 
3.916 -0.280263 -0.239433 -0.306553 -0.239279 -0.332542 -0.239229 -0.359094 -0.239569 -0.385408 -0.239901 -0.411184 -0.239591 -0.437132 -0.239226 
3.014 -0.253554 0.155034 -0.287266 0.155379 -0.320695 0.155629 -0.354549 0.155647 -0.388609 0.155631 -0.421952 0.156048 -0.455501 0.156568 
4.203 -0.208355 -0.0716477 -0.232566 -0.0716707 -0.256789 -0.0718022 -0.281537 -0.0722537 -0.306236 -0.072687 -0.330209 -0.0726068 -0.354509 -0.0724114 
3.809 0.0820162 -0.0463087 0.0554413 -0.0459886 0.0292541 -0.0458286 0.0028196 -0.0460048 -0.0235931 -0.0460082 -0.0495964 -0.0455774 -0.0757836 -0.0450005 
2.994 0.466895 -0.0264484 0.439206 -0.0260158 0.407869 -0.0257189 0.373935 -0.025941 0.340024 -0.0256088 0.306509 -0.024867 0.273048 -0.0241013 
4.086 -0.252185 -0.23053 -0.277265 -0.230331 -0.302174 -0.23031 -0.327651 -0.230609 -0.35278 -0.230881 -0.377497 -0.230591 -0.402355 -0.2302 
4.082 -0.148089 -0.0291878 -0.17026 -0.0289551 -0.192253 -0.0288532 -0.21474 -0.0288927 -0.237182 -0.0289198 -0.259129 -0.0286189 -0.281294 -0.0279723 
3.812 -0.303547 -0.223682 -0.330842 -0.22339 -0.357982 -0.223316 -0.385648 -0.223515 -0.41316 -0.223765 -0.439974 -0.223427 -0.466959 -0.222928 
3.324 -0.432297 -0.25039 -0.463058 -0.250184 -0.49346 -0.250073 -0.524428 -0.250144 -0.55496 -0.250326 -0.584619 -0.249813 -0.614244 -0.249101 
3.191 -0.447363 -0.0538419 -0.479723 -0.0536029 -0.511742 -0.0534795 -0.544273 -0.0534966 -0.576467 -0.0536543 -0.607842 -0.0533693 -0.639089 -0.0528796 
2.809 -0.302863 0.255705 -0.339337 0.256241 -0.375611 0.25667 -0.412193 0.256877 -0.449075 0.256975 -0.485212 0.257385 -0.521413 0.257974 
3.959 -0.223421 0.013957 -0.250426 0.0142369 -0.276941 0.0144217 -0.30411 0.0143817 -0.331009 0.0143257 -0.357848 0.0147685 -0.384692 0.015234 
3.236 -0.437091 -0.10452 -0.468581 -0.104355 -0.499826 -0.10432 -0.531597 -0.104457 -0.563108 -0.104745 -0.593737 -0.104418 -0.624362 -0.103992 
4.262 -0.222737 -0.244227 -0.246729 -0.244003 -0.27045 -0.243871 -0.294646 -0.244104 -0.318718 -0.244436 -0.342177 -0.243964 -0.365834 -0.243626 
4.387 -0.202876 -0.199712 -0.226214 -0.199513 -0.249343 -0.199428 -0.273043 -0.199728 -0.296461 -0.199977 -0.319439 -0.199617 -0.342474 -0.199203 
4.023 -0.204246 0.00916313 -0.228681 0.00947378 -0.252962 0.00968236 -0.277726 0.00964014 -0.302521 0.00962597 -0.326693 0.0100535 -0.351111 0.0105405 
2.646 -0.395316 0.224887 -0.433286 0.225367 -0.471112 0.225731 -0.509171 0.225978 -0.547352 0.225979 -0.584479 0.226249 -0.621515 0.226438 
3.383 -0.411067 0.0208054 -0.449599 0.0211583 -0.487752 0.0214176 -0.526594 0.021468 -0.565418 0.0213266 -0.60308 0.0217568 -0.640428 0.0220165 
4.473 -0.0809752 -0.0257636 -0.104418 -0.0255339 -0.127725 -0.0254954 -0.151369 -0.0256444 -0.174963 -0.0257268 -0.198292 -0.0253767 -0.221728 -0.0247824 
4.41 -0.0213943 0.0495686 -0.0444294 0.0497704 -0.067225 0.0498882 -0.0903602 0.0497251 -0.113508 0.0496935 -0.136272 0.050075 -0.159271 0.0505806 
3.049 0.313491 -0.0285029 0.27887 -0.0280926 0.244681 -0.0278037 0.210621 -0.0280561 0.176569 -0.0278284 0.14279 -0.0272496 0.108933 -0.0264292 
3.66 -0.324093 -0.0675387 -0.352016 -0.0673192 -0.379754 -0.0672294 -0.407888 -0.0673069 -0.436038 -0.0675262 -0.46346 -0.0671711 -0.49119 -0.0668011 
4.266 -0.214519 -0.142186 -0.238578 -0.141945 -0.262384 -0.141588 -0.286738 -0.141915 -0.310905 -0.14216 -0.334512 -0.141762 -0.358246 -0.14121 
4.008 -0.262457 -0.195603 -0.288117 -0.195469 -0.313469 -0.195334 -0.339382 -0.195529 -0.365158 -0.195834 -0.390307 -0.195393 -0.415657 -0.194997 
2.656 -0.381619 0.223517 -0.41975 0.224036 -0.457638 0.224415 -0.495815 0.224679 -0.534316 0.224744 -0.571564 0.225077 -0.608827 0.225292 
2.734 -0.314505 0.23242 -0.351681 0.23284 -0.388496 0.233121 -0.425711 0.233204 -0.463333 0.233294 -0.50005 0.233634 -0.536787 0.234116 
3.383 -0.396001 -0.0949322 -0.426253 -0.0946498 -0.456202 -0.0946914 -0.486795 -0.0947857 -0.517234 -0.0950502 -0.546892 -0.0946035 -0.576553 -0.0940227 
2.631 -0.396685 0.247487 -0.434718 0.247902 -0.472428 0.248182 -0.510504 0.248415 -0.54858 0.248278 -0.585596 0.248588 -0.622639 0.248944 
3.547 -0.356965 -0.161361 -0.385959 -0.161184 -0.414261 -0.16109 -0.443334 -0.161234 -0.472058 -0.161521 -0.500263 -0.161141 -0.528568 -0.160718 
3.293 0.401835 -0.00864265 0.369482 -0.00842793 0.337344 -0.00820259 0.305016 -0.00846856 0.272896 -0.00828953 0.241035 -0.00757824 0.209212 -0.00690648 
3.311 -0.422709 -0.209985 -0.453286 -0.209769 -0.483714 -0.209695 -0.514602 -0.209783 -0.545078 -0.210012 -0.57484 -0.209575 -0.604477 -0.208972 
4.434 -0.0392001 0.0447747 -0.0615854 0.0449451 -0.0839879 0.0450508 -0.107011 0.0449423 -0.129909 0.0449477 -0.152059 0.0452505 -0.174585 0.0457392 
3.91 -0.261772 -0.0545268 -0.288087 -0.0542792 -0.314174 -0.054168 -0.340683 -0.0542631 -0.367091 -0.0544023 -0.392965 -0.0540851 -0.419084 -0.0536925 
3.883 0.0375017 -0.136022 0.0116343 -0.135719 -0.0138667 -0.135525 -0.0396618 -0.135658 -0.065318 -0.135706 -0.0913173 -0.135283 -0.116764 -0.134757 
3.574 -0.174113 0.175579 -0.203705 0.176047 -0.23302 0.176396 -0.262696 0.176613 -0.292467 0.176838 -0.321726 0.177363 -0.351037 0.177944 
3.158 -0.454212 -0.0689084 -0.486543 -0.0686348 -0.518605 -0.0683884 -0.55106 -0.068486 -0.583322 -0.0687176 -0.614574 -0.0683829 -0.645862 -0.0678869 
3.014 -0.248076 0.220778 -0.280451 0.221205 -0.312588 0.221403 -0.345103 0.221495 -0.377891 0.221507 -0.409942 0.221943 -0.442051 0.222613 
3.301 0.342254 -0.00864265 0.307033 -0.00835566 0.272046 -0.00816602 0.236935 -0.00836385 0.202091 -0.00815515 0.167536 -0.00746646 0.133249 -0.00664975 
3.334 0.36143 -0.00864265 0.329111 -0.00839244 0.297137 -0.00815812 0.264807 -0.00842396 0.232659 -0.00827356 0.200914 -0.00759491 0.169301 -0.00692174 
3.791 0.108725 -0.015491 0.0818076 -0.0151327 0.0551433 -0.0150369 0.0283391 -0.0150464 0.00161436 -0.0149392 -0.0247085 -0.0144324 -0.0513276 -0.0139023 
3.605 0.38403 -0.0463087 0.351785 -0.0459408 0.320046 -0.0456116 0.287921 -0.0458203 0.256054 -0.0455374 0.224376 -0.0449635 0.192802 -0.0439938 
3.799 0.117628 -0.0380907 0.0906367 -0.0377937 0.0640264 -0.0376139 0.0371452 -0.0376783 0.010405 -0.0375418 -0.0160305 -0.0370939 -0.0425342 -0.0364883 
3.383 -0.389152 -0.0332968 -0.419454 -0.0330016 -0.449531 -0.0328619 -0.480184 -0.0328881 -0.5106 -0.0330177 -0.540348 -0.0327682 -0.570214 -0.0323068 
3.576 -0.160416 0.179688 -0.189439 0.18024 -0.218357 0.180678 -0.247758 0.180947 -0.277238 0.181242 -0.306104 0.181829 -0.335253 0.182362 
3.936 -0.278208 -0.223682 -0.304335 -0.223491 -0.330208 -0.223414 -0.356634 -0.223638 -0.38279 -0.223913 -0.408459 -0.223556 -0.434291 -0.22319 
3.641 0.364854 -0.0627448 0.333097 -0.0622516 0.301434 -0.0619458 0.269462 -0.0620767 0.237491 -0.0618421 0.206092 -0.0609849 0.174949 -0.0601539 
2.988 -0.39874 0.152979 -0.433546 0.153373 -0.468192 0.153664 -0.503217 0.153822 -0.538366 0.153839 -0.572552 0.154183 -0.606725 0.154513 
3.883 -0.272045 -0.0805506 -0.29879 -0.080381 -0.3251 -0.0803196 -0.352016 -0.0804173 -0.378702 -0.0806449 -0.40491 -0.0803258 -0.431357 -0.0799954 
3.361 -0.416546 -0.249706 -0.446677 -0.249456 -0.476494 -0.249271 -0.506919 -0.249354 -0.537006 -0.249563 -0.566108 -0.249028 -0.595344 -0.248322 
3.342 -0.402849 -0.0805506 -0.433514 -0.0802921 -0.463897 -0.0801784 -0.49462 -0.0802201 -0.525362 -0.0804169 -0.55525 -0.080153 -0.585209 -0.0797398 
4.492 -0.193289 -0.25176 -0.216209 -0.25169 -0.23885 -0.251606 -0.262108 -0.251985 -0.285045 -0.25224 -0.307513 -0.251856 -0.330115 -0.251484 
4.195 -0.236433 -0.249706 -0.2608 -0.249559 -0.284907 -0.249405 -0.309568 -0.249531 -0.333998 -0.249903 -0.357914 -0.249487 -0.381906 -0.249157 
3.623 0.401151 -0.036721 0.368487 -0.0363351 0.33612 -0.0361268 0.303526 -0.0363149 0.271142 -0.0361112 0.239008 -0.0354182 0.207061 -0.0345545 
2.641 -0.381619 0.247487 -0.41983 0.247949 -0.45776 0.248351 -0.495919 0.248519 -0.534387 0.248421 -0.571564 0.24866 -0.608821 0.249042 
3.996 -0.265881 -0.234639 -0.291545 -0.234478 -0.316978 -0.234441 -0.342945 -0.234728 -0.368737 -0.235096 -0.393902 -0.234754 -0.41932 -0.234396 
4.359 -0.203561 -0.157937 -0.227125 -0.157767 -0.250461 -0.157777 -0.274303 -0.157779 -0.297973 -0.158209 -0.321063 -0.157835 -0.344398 -0.157678 
4.25 -0.213149 -0.123011 -0.237265 -0.122907 -0.261173 -0.122847 -0.285486 -0.122956 -0.309775 -0.123306 -0.333365 -0.122853 -0.357193 -0.122643 
3.631 -0.185755 0.102986 -0.21459 0.103396 -0.243246 0.103725 -0.272307 0.10383 -0.301495 0.103894 -0.330148 0.104285 -0.358757 0.104932 
3.236 -0.429558 -0.0230242 -0.461149 -0.0227125 -0.49237 -0.0225934 -0.524169 -0.0226012 -0.555825 -0.0227408 -0.586429 -0.0224776 -0.617263 -0.022032 
3.936 0.0395562 0.0639501 0.0137373 0.0641691 -0.0120037 0.064355 -0.0379429 0.0642418 -0.0639117 0.0643712 -0.0895592 0.0647398 -0.115376 0.0653148 
3.168 -0.453527 -0.100411 -0.48597 -0.100193 -0.518153 -0.100113 -0.550554 -0.100135 -0.582765 -0.100323 -0.61416 -0.100003 -0.645456 -0.0995429 
4.148 -0.213149 -0.0531571 -0.23739 -0.0527334 -0.261431 -0.0528673 -0.285968 -0.0528998 -0.310389 -0.0529857 -0.334327 -0.0525724 -0.358422 -0.0519721 
3.688 -0.156992 0.0399808 -0.18539 0.0402512 -0.213303 0.0404158 -0.241831 0.0403159 -0.270478 0.040235 -0.298557 0.0405152 -0.326674 0.0410139 
3.871 -0.278893 -0.146295 -0.305326 -0.146084 -0.331515 -0.14607 -0.358227 -0.146137 -0.38487 -0.146439 -0.41086 -0.146083 -0.437089 -0.145763 
3.809 0.118997 0.0331324 0.0920226 0.0332928 0.0653311 0.0333183 0.0384772 0.0332933 0.0116345 0.0333887 -0.0147943 0.0337616 -0.0413431 0.0345524 
2.934 -0.346692 0.132434 -0.380084 0.13293 -0.413327 0.133258 -0.446924 0.133405 -0.480676 0.133467 -0.513697 0.13384 -0.546761 0.134342 
3.643 0.366224 -0.0928777 0.334349 -0.0924722 0.30268 -0.0922039 0.270668 -0.0923514 0.238955 -0.0920893 0.207558 -0.0912576 0.176267 -0.0904082 
3.242 -0.445309 -0.215464 -0.476765 -0.215272 -0.507875 -0.215166 -0.53943 -0.215218 -0.570575 -0.215382 -0.600817 -0.214892 -0.630975 -0.21424 
4.234 -0.225476 -0.197658 -0.249651 -0.197529 -0.273509 -0.197374 -0.297921 -0.197727 -0.32224 -0.198096 -0.345848 -0.197593 -0.369695 -0.197186 
3.438 -0.378195 -0.0887687 -0.407903 -0.0885447 -0.437408 -0.0885019 -0.467404 -0.0886533 -0.497278 -0.088952 -0.526435 -0.0885332 -0.555747 -0.0880537 
3.801 0.102561 0.0119025 0.0757736 0.0121886 0.0492571 0.0123839 0.0224166 0.0121601 -0.00410168 0.0122521 -0.0305208 0.0127874 -0.05698 0.0132561 
3.227 -0.223421 0.167361 -0.2533 0.167935 -0.283041 0.168339 -0.313117 0.168473 -0.343305 0.168674 -0.372919 0.16921 -0.402694 0.169824 
3.379 -0.409012 -0.301068 -0.439022 -0.300806 -0.468756 -0.300676 -0.498969 -0.30073 -0.528795 -0.300957 -0.557694 -0.300303 -0.58661 -0.299604 
3.732 -0.14398 0.114628 -0.170972 0.11497 -0.197732 0.115207 -0.22523 0.115283 -0.252651 0.115403 -0.279203 0.115717 -0.306953 0.116558 
3.795 0.117628 -0.0839748 0.0906584 -0.083686 0.0639929 -0.0835181 0.0371541 -0.0836164 0.0104243 -0.0834177 -0.0159923 -0.0828772 -0.0424452 -0.0823573 
4.406 -0.0357759 0.0653198 -0.0589245 0.0655946 -0.0817794 0.0657105 -0.105178 0.0656378 -0.128456 0.0656671 -0.15125 0.066076 -0.17443 0.0666472 
3.9 -0.172059 0.0208054 -0.199589 0.02116 -0.226995 0.021391 -0.254862 0.0213755 -0.282872 0.0214222 -0.310215 0.0218982 -0.337772 0.022508 
3.113 -0.240542 0.125586 -0.273418 0.125848 -0.306074 0.12605 -0.338947 0.126054 -0.372034 0.12604 -0.40453 0.126309 -0.437175 0.12684 
3.631 -0.185071 0.0413505 -0.213905 0.0415381 -0.242398 0.0417355 -0.271469 0.0416665 -0.300555 0.0416323 -0.328979 0.0422157 -0.357694 0.0427146 
3.783 -0.315875 0.0269689 -0.342778 0.0271418 -0.369692 0.0273117 -0.396878 0.0271352 -0.424139 0.0267846 -0.450735 0.027154 -0.477815 0.0275038 
3.377 -0.408328 -0.279838 -0.43817 -0.279554 -0.467986 -0.279451 -0.498223 -0.279557 -0.528171 -0.279738 -0.556989 -0.279158 -0.585808 -0.278481 
3.807 0.0854404 -0.0743871 0.0589356 -0.0741281 0.0326434 -0.0739709 0.00604349 -0.0741654 -0.020404 -0.0741413 -0.046515 -0.0735709 -0.0726428 -0.0731119 
3.592 -0.248076 0.0454595 -0.277004 0.0456987 -0.305811 0.0458776 -0.334883 0.0458172 -0.364066 0.0457646 -0.392687 0.0460959 -0.42142 0.0465423 
3.604 -0.337789 -0.0709629 -0.36636 -0.0706179 -0.394746 -0.0703466 -0.423619 -0.0703593 -0.452421 -0.0703963 -0.480575 -0.0699289 -0.508913 -0.0693843 
3.209 -0.437776 -0.0675387 -0.469446 -0.0672265 -0.50082 -0.0670849 -0.532698 -0.0670867 -0.564453 -0.0672632 -0.595227 -0.0669272 -0.626118 -0.066523 
3.926 0.0169566 -0.135338 -0.0087831 -0.135157 -0.0344451 -0.134951 -0.0604052 -0.135177 -0.0861136 -0.135382 -0.111347 -0.134868 -0.136737 -0.134412 
3.334 -0.410382 -0.112053 -0.441035 -0.111879 -0.471464 -0.111778 -0.50241 -0.111835 -0.533254 -0.112039 -0.563156 -0.111606 -0.593147 -0.111126 
2.797 -0.366553 0.176948 -0.401855 0.177381 -0.436639 0.17792 -0.471889 0.178254 -0.507304 0.178416 -0.541932 0.178815 -0.576707 0.179131 
3.391 -0.395316 -0.111368 -0.425497 -0.111224 -0.455376 -0.111145 -0.485863 -0.111262 -0.516165 -0.111485 -0.545732 -0.111088 -0.575356 -0.110595 
3.18 -0.465854 -0.236694 -0.497945 -0.236491 -0.529415 -0.236313 -0.56126 -0.236287 -0.592701 -0.236389 -0.623152 -0.235765 -0.653332 -0.23496 
3.273 0.323764 -0.0641145 0.289159 -0.0636265 0.254801 -0.0632905 0.220194 -0.0634021 0.186301 -0.0633383 0.152745 -0.0622445 0.118877 -0.0614611 
2.863 -0.311081 0.168045 -0.347057 0.168297 -0.383218 0.168535 -0.420075 0.168682 -0.457119 0.168725 -0.492388 0.168955 -0.527496 0.169194 
3.25 0.327873 -0.0298726 0.292731 -0.0294473 0.257994 -0.0291345 0.222981 -0.0293443 0.18829 -0.0291897 0.153943 -0.0286096 0.119768 -0.0278127 
