4.656 0.00599918 -0.0428845 0.00605264 -0.0421619 0.00582726 -0.0412852 0.00592908 -0.041001 0.00607692 -0.040622 0.0141289 -0.0356622 0.0142956 -0.0352915 
3.588 -0.382304 -0.374346 -0.371655 -0.364358 -0.362221 -0.354818 -0.352682 -0.346394 -0.343502 -0.338382 -0.373329 -0.365902 -0.362905 -0.356359 
3.668 -0.351486 -0.370922 -0.341882 -0.361228 -0.333453 -0.351998 -0.324857 -0.343786 -0.316527 -0.336005 -0.342632 -0.362598 -0.333293 -0.353349 
3.439 -0.437776 -0.235324 -0.425025 -0.228879 -0.413724 -0.222587 -0.402419 -0.217323 -0.391563 -0.212314 -0.428733 -0.227251 -0.416242 -0.221104 
4.672 0.0101082 -0.0572661 0.0100593 -0.0563659 0.00978447 -0.0550578 0.00976524 -0.0545729 0.00983852 -0.0538046 0.0182629 -0.0501558 0.0183743 -0.0493106 
3.586 -0.383673 -0.414751 -0.373074 -0.403735 -0.36362 -0.393194 -0.354118 -0.383825 -0.34494 -0.374867 -0.374613 -0.406186 -0.364237 -0.395621 
3.611 -0.359704 -0.0757567 -0.349391 -0.0739067 -0.340315 -0.0718425 -0.331176 -0.0706001 -0.322487 -0.0693614 -0.351376 -0.0681404 -0.341325 -0.0664815 
3.588 -0.382989 -0.394891 -0.372335 -0.384386 -0.362878 -0.37429 -0.353357 -0.365368 -0.344159 -0.356862 -0.373965 -0.386398 -0.36354 -0.376303 
4.738 -0.0172853 -0.044939 -0.0168561 -0.0442715 -0.0166297 -0.0433297 -0.0161996 -0.0430667 -0.0156885 -0.0426016 -0.00923654 -0.0377806 -0.00866794 -0.0372868 
3.748 -0.323408 -0.412012 -0.314686 -0.40136 -0.30696 -0.391138 -0.299089 -0.382094 -0.291417 -0.373397 -0.314629 -0.40353 -0.306059 -0.393356 
3.953 -0.240542 -0.0634297 -0.234224 -0.0620802 -0.228916 -0.0604627 -0.223324 -0.059567 -0.217983 -0.0586433 -0.232426 -0.0560805 -0.226335 -0.0548618 
3.889 -0.274099 -0.345583 -0.266887 -0.337041 -0.260592 -0.328828 -0.254075 -0.321584 -0.247742 -0.314648 -0.265523 -0.337508 -0.258501 -0.329421 
3.719 -0.332311 -0.424339 -0.323379 -0.413411 -0.315558 -0.402991 -0.307564 -0.393739 -0.299779 -0.384872 -0.323343 -0.415693 -0.314634 -0.405274 
3.402 -0.456266 -0.238748 -0.442816 -0.2322 -0.430906 -0.225768 -0.418981 -0.220444 -0.407575 -0.215333 -0.447281 -0.230776 -0.434175 -0.22447 
3.65 -0.359019 -0.383249 -0.348984 -0.373073 -0.340196 -0.363312 -0.331265 -0.354704 -0.322642 -0.346507 -0.350053 -0.374822 -0.340341 -0.365096 
4.023 -0.219997 -0.0586358 -0.214266 -0.0574998 -0.20942 -0.0560461 -0.204316 -0.0553731 -0.199423 -0.0545706 -0.211895 -0.0513012 -0.206344 -0.0502547 
4.586 -0.0556362 -0.036721 -0.05416 -0.0362791 -0.053136 -0.0354137 -0.0517876 -0.0353252 -0.0504526 -0.035041 -0.0476316 -0.0295819 -0.0460942 -0.0292022 
3.795 -0.309026 -0.374346 -0.300799 -0.364862 -0.293541 -0.355731 -0.28613 -0.347722 -0.278944 -0.340018 -0.300298 -0.366048 -0.292218 -0.356998 
3.844 -0.289166 -0.347637 -0.281552 -0.338976 -0.274918 -0.330628 -0.26802 -0.323276 -0.261329 -0.31625 -0.280609 -0.33958 -0.273175 -0.331328 
3.736 -0.326832 -0.37914 -0.318036 -0.369393 -0.310304 -0.360067 -0.302417 -0.351855 -0.294726 -0.343957 -0.318046 -0.37081 -0.309458 -0.361554 
3.797 -0.308341 -0.354486 -0.300118 -0.345534 -0.29294 -0.336921 -0.285532 -0.329331 -0.278391 -0.322059 -0.299641 -0.346282 -0.291612 -0.337761 
3.617 -0.365183 -0.155198 -0.354757 -0.151225 -0.345649 -0.14719 -0.336432 -0.144019 -0.327645 -0.141015 -0.356657 -0.147474 -0.346525 -0.143748 
3.693 -0.344638 -0.383934 -0.33523 -0.373932 -0.32694 -0.364338 -0.318498 -0.355851 -0.310329 -0.347777 -0.335781 -0.375539 -0.32661 -0.365971 
3.693 -0.343953 -0.401739 -0.334575 -0.391263 -0.326291 -0.381246 -0.317865 -0.372334 -0.309662 -0.363808 -0.335096 -0.393236 -0.325912 -0.383249 
4.137 -0.180277 -0.0538419 -0.175656 -0.0528482 -0.171735 -0.0514823 -0.167544 -0.0508958 -0.163516 -0.0501929 -0.172287 -0.0465665 -0.167712 -0.04566 
3.824 -0.29396 -0.372291 -0.286249 -0.363028 -0.279534 -0.354141 -0.272581 -0.346285 -0.265831 -0.338763 -0.28528 -0.36405 -0.277758 -0.355243 
3.766 -0.302863 -0.066169 -0.29467 -0.0647241 -0.287557 -0.0630021 -0.280243 -0.061974 -0.273298 -0.061036 -0.294709 -0.0588533 -0.28672 -0.0575292 
3.738 -0.325462 -0.396261 -0.316675 -0.386082 -0.308919 -0.376303 -0.301047 -0.367643 -0.293336 -0.359354 -0.316652 -0.38785 -0.308076 -0.378144 
3.885 -0.275469 -0.401739 -0.268233 -0.391793 -0.261947 -0.382232 -0.25539 -0.37374 -0.249016 -0.36561 -0.266821 -0.393427 -0.259739 -0.383939 
4.512 0.0669497 0.00231475 0.0656726 0.00190144 0.0641502 0.00194842 0.063077 0.00128081 0.0621002 0.000910759 0.0753812 0.0094339 0.0742309 0.00898903 
3.604 -0.361074 -0.101096 -0.350727 -0.0986334 -0.341687 -0.0958851 -0.332517 -0.0940419 -0.323785 -0.0922892 -0.352707 -0.0935798 -0.342616 -0.0912039 
3.838 -0.29259 -0.407218 -0.284866 -0.397014 -0.278141 -0.387231 -0.27119 -0.378555 -0.264434 -0.370189 -0.283862 -0.398846 -0.276366 -0.389147 
3.438 -0.435036 -0.205876 -0.422218 -0.200286 -0.410858 -0.194703 -0.399518 -0.190178 -0.38871 -0.185863 -0.426247 -0.198047 -0.413744 -0.192699 
4.152 -0.182331 -0.190809 -0.177737 -0.186472 -0.173871 -0.182183 -0.169747 -0.17868 -0.165713 -0.175244 -0.174117 -0.18329 -0.169654 -0.1793 
3.777 -0.309711 -0.412697 -0.301483 -0.402228 -0.294239 -0.392182 -0.286801 -0.38326 -0.279589 -0.374711 -0.300887 -0.404201 -0.292867 -0.394219 
3.676 -0.346007 -0.423654 -0.336618 -0.412603 -0.328342 -0.402065 -0.319886 -0.392667 -0.311705 -0.383692 -0.337074 -0.415063 -0.327915 -0.404545 
3.738 -0.326147 -0.35928 -0.317395 -0.350043 -0.309691 -0.34121 -0.301805 -0.333411 -0.294155 -0.325951 -0.317394 -0.351016 -0.308822 -0.34222 
3.838 -0.290536 -0.385988 -0.282878 -0.376331 -0.276207 -0.367051 -0.269316 -0.35884 -0.262592 -0.350974 -0.281898 -0.377743 -0.274424 -0.368528 
3.795 -0.309026 -0.392837 -0.300768 -0.382879 -0.293561 -0.373284 -0.286164 -0.36482 -0.278924 -0.356676 -0.30026 -0.384483 -0.292216 -0.374981 
4.699 -0.052212 -0.100411 -0.0509976 -0.0984632 -0.0501711 -0.0962433 -0.0489662 -0.0947831 -0.0477553 -0.0932295 -0.0442432 -0.0933342 -0.0429023 -0.0915549 
3.885 -0.276839 -0.367498 -0.269581 -0.358445 -0.263324 -0.349794 -0.256774 -0.342128 -0.250425 -0.334814 -0.268167 -0.359326 -0.261156 -0.350751 
3.689 -0.330941 -0.130544 -0.32187 -0.127361 -0.313993 -0.12398 -0.305904 -0.121512 -0.298189 -0.119111 -0.322601 -0.123002 -0.313794 -0.120005 
3.477 -0.417231 -0.197658 -0.405246 -0.192377 -0.394663 -0.187129 -0.384022 -0.182869 -0.373893 -0.178802 -0.408486 -0.189873 -0.396755 -0.184861 
3.887 -0.275469 -0.383249 -0.268269 -0.373792 -0.261996 -0.364651 -0.255456 -0.356598 -0.249089 -0.348871 -0.266864 -0.375007 -0.259806 -0.365963 
3.625 -0.355595 -0.133283 -0.345609 -0.129828 -0.336834 -0.126255 -0.327901 -0.123578 -0.319382 -0.121002 -0.347352 -0.125767 -0.337582 -0.1225 
3.754 -0.161101 0.0194357 -0.156831 0.0184158 -0.153142 0.0181436 -0.149173 0.0171196 -0.14536 0.0163721 -0.153205 0.0267906 -0.148913 0.025863 
3.541 -0.400794 -0.238063 -0.389261 -0.231648 -0.379119 -0.225321 -0.368888 -0.220045 -0.359138 -0.21499 -0.39193 -0.230181 -0.380729 -0.224028 
3.584 -0.379564 -0.199712 -0.368835 -0.194517 -0.359387 -0.189356 -0.349849 -0.185198 -0.340764 -0.181176 -0.37094 -0.191958 -0.360451 -0.187051 
4.102 -0.026873 -0.0100123 -0.0260908 -0.0101848 -0.0255889 -0.00991573 -0.0247577 -0.0103786 -0.023925 -0.0106358 -0.0188805 -0.00292097 -0.0179502 -0.0031311 
3.721 -0.326832 -0.185331 -0.317863 -0.180627 -0.310065 -0.175914 -0.302144 -0.172141 -0.294538 -0.168519 -0.318221 -0.177667 -0.309447 -0.173222 
3.756 -0.317929 -0.213409 -0.309301 -0.208067 -0.301733 -0.202771 -0.294028 -0.198438 -0.286659 -0.194251 -0.309472 -0.205695 -0.301064 -0.200677 
3.619 -0.369977 -0.223682 -0.35953 -0.21789 -0.350483 -0.212232 -0.341282 -0.207493 -0.332505 -0.203 -0.361299 -0.215869 -0.351116 -0.210348 
3.955 -0.244651 -0.174373 -0.238247 -0.170318 -0.2328 -0.166212 -0.22705 -0.16293 -0.221557 -0.159724 -0.236323 -0.166866 -0.23015 -0.163058 
4.859 -0.00427339 -0.101096 -0.00404525 -0.0991126 -0.00405106 -0.0968998 -0.00385159 -0.0954253 -0.00354136 -0.0938402 0.0036835 -0.0941077 0.00406266 -0.0922768 
4.336 0.0422956 0.0146418 0.0416414 0.0139789 0.0407049 0.0137676 0.0400781 0.0128116 0.0395203 0.0121959 0.0506883 0.0218952 0.0500364 0.0211038 
3.486 -0.4186 -0.229845 -0.406522 -0.223654 -0.395845 -0.217647 -0.38515 -0.21261 -0.374913 -0.207783 -0.409787 -0.221857 -0.39801 -0.216055 
4.605 -0.0412546 -0.0415149 -0.0401225 -0.040966 -0.0393805 -0.0399988 -0.0383126 -0.039811 -0.0372702 -0.0392894 -0.0331914 -0.0344364 -0.0319959 -0.0338419 
4.246 -0.026873 -0.0285029 -0.0260976 -0.0282035 -0.0256713 -0.0275289 -0.0249747 -0.027576 -0.0242237 -0.0274603 -0.0188187 -0.0213298 -0.017972 -0.0211687 
3.861 -0.278208 -0.179167 -0.270861 -0.174853 -0.264494 -0.170487 -0.25793 -0.167017 -0.251594 -0.163622 -0.269803 -0.171603 -0.262724 -0.167548 
4.672 -0.0446788 -0.0757567 -0.0435397 -0.0743228 -0.0427122 -0.0726119 -0.0416537 -0.071643 -0.0405537 -0.0704906 -0.0366324 -0.0687043 -0.035374 -0.0674076 
4.223 -0.0515272 -0.0216546 -0.0501276 -0.0214531 -0.0491213 -0.0208252 -0.0478747 -0.0209641 -0.0466077 -0.020873 -0.0434413 -0.0144989 -0.0419693 -0.0143869 
3.873 -0.277524 -0.216148 -0.270217 -0.210913 -0.263885 -0.205678 -0.257342 -0.201356 -0.251063 -0.19721 -0.26915 -0.208549 -0.262026 -0.203563 
4.84 -0.0213943 -0.10315 -0.0207254 -0.101151 -0.0203481 -0.0989674 -0.01977 -0.0974751 -0.0189971 -0.0958797 -0.013376 -0.0961193 -0.0125907 -0.0943087 
3.965 -0.0597452 0.0454595 -0.0581596 0.0439107 -0.0569266 0.0429612 -0.0554336 0.0412603 -0.0539214 0.0398703 -0.0518255 0.0528091 -0.0500892 0.0512763 
3.207 -0.256978 0.111889 -0.249059 0.108102 -0.242176 0.105243 -0.23527 0.101566 -0.228655 0.0983068 -0.249382 0.119453 -0.241575 0.115725 
4.16 -0.183701 -0.204506 -0.179047 -0.199923 -0.175178 -0.195292 -0.171038 -0.191519 -0.166988 -0.187807 -0.175453 -0.196993 -0.170969 -0.192699 
3.689 -0.340529 -0.216833 -0.331516 -0.211359 -0.323277 -0.205922 -0.314977 -0.201404 -0.307074 -0.197099 -0.332238 -0.209097 -0.323186 -0.203895 
3.344 -0.476127 -0.233954 -0.461855 -0.227335 -0.449143 -0.220873 -0.43657 -0.215483 -0.424556 -0.210386 -0.467037 -0.225918 -0.453139 -0.219581 
3.938 -0.242597 -0.0908232 -0.236265 -0.0888102 -0.23086 -0.0865254 -0.22525 -0.0850759 -0.219859 -0.0836117 -0.234412 -0.0834967 -0.228261 -0.0815572 
3.65 -0.35491 -0.192864 -0.344957 -0.187892 -0.336333 -0.182942 -0.32763 -0.178954 -0.319163 -0.175137 -0.346535 -0.185125 -0.336977 -0.180456 
3.525 -0.402164 -0.224367 -0.390712 -0.218333 -0.380563 -0.212486 -0.370343 -0.207608 -0.36061 -0.202922 -0.393366 -0.216381 -0.382141 -0.210689 
3.697 -0.332995 -0.154513 -0.32387 -0.15068 -0.315939 -0.146812 -0.307821 -0.143858 -0.300018 -0.140967 -0.324611 -0.146902 -0.31572 -0.143294 
4.246 0.0388714 0.0481989 0.0381093 0.0465029 0.037144 0.0454129 0.0365263 0.0436872 0.0359699 0.042279 0.0471548 0.0556159 0.0465761 0.0539 
3.879 -0.164525 -0.00658814 -0.160209 -0.00672298 -0.156575 -0.00630762 -0.152662 -0.00677034 -0.148896 -0.00699668 -0.156528 0.000650308 -0.152304 0.00050677 
3.75 -0.308341 -0.0805506 -0.300028 -0.0787572 -0.292746 -0.0765302 -0.285285 -0.075238 -0.278192 -0.0739166 -0.300171 -0.0731938 -0.292018 -0.0713939 
3.689 -0.339844 -0.173004 -0.330515 -0.168624 -0.322261 -0.164088 -0.313941 -0.16053 -0.305943 -0.157086 -0.331372 -0.165422 -0.322247 -0.161159 
3.65 -0.358334 -0.415436 -0.348439 -0.404552 -0.339658 -0.394102 -0.330739 -0.384816 -0.322127 -0.375952 -0.349411 -0.406893 -0.339707 -0.396482 
4.82 0.00942337 -0.0976716 0.0093633 -0.0957087 0.00911142 -0.0935911 0.00904776 -0.0922378 0.00910206 -0.0906981 0.0175442 -0.0906019 0.0176366 -0.0888921 
4.734 -0.0378304 -0.0969867 -0.0367713 -0.0950331 -0.0361384 -0.092908 -0.0352186 -0.0914364 -0.0341766 -0.089894 -0.0297159 -0.0899014 -0.0286793 -0.0881612 
4.086 -0.202876 -0.150404 -0.197693 -0.147046 -0.193394 -0.143593 -0.188772 -0.140972 -0.184311 -0.13835 -0.194662 -0.143006 -0.18967 -0.139861 
3.791 -0.302178 -0.184646 -0.294103 -0.180053 -0.287026 -0.175481 -0.279767 -0.171832 -0.272777 -0.168233 -0.293819 -0.177004 -0.285941 -0.172725 
4.188 -0.00427339 -0.00727298 -0.00398761 -0.00746433 -0.00392696 -0.00727197 -0.00367578 -0.00769912 -0.00331222 -0.00799389 0.00376928 -4.76126e-05 0.00420549 -0.000359267 
2.479 -0.140556 0.130379 -0.136523 0.126507 -0.133205 0.123392 -0.129629 0.119614 -0.126248 0.116151 -0.132737 0.138157 -0.128719 0.134289 
3.922 -0.257663 -0.181907 -0.251001 -0.177621 -0.245056 -0.173295 -0.23916 -0.16987 -0.233189 -0.166435 -0.249377 -0.174371 -0.242882 -0.170384 
4.633 -0.0549514 -0.0531571 -0.053527 -0.0522795 -0.0524926 -0.0510438 -0.051191 -0.0506265 -0.0498726 -0.049958 -0.0469442 -0.0460602 -0.0454741 -0.0452848 
4.176 -0.136447 -0.00864265 -0.132848 -0.00879505 -0.129802 -0.00839549 -0.126606 -0.00885938 -0.123528 -0.00908459 -0.128598 -0.00138832 -0.125065 -0.0015434 
3.918 -0.259718 -0.203137 -0.252898 -0.198259 -0.246883 -0.193398 -0.240803 -0.189454 -0.23481 -0.185616 -0.251384 -0.195473 -0.244728 -0.190931 
4.559 0.0299685 -0.00521846 0.0294974 -0.00542474 0.0287589 -0.00525842 0.0283462 -0.00571311 0.0280146 -0.00605077 0.0382488 0.00198604 0.0378978 0.00164362 
4.48 -0.10152 -0.163416 -0.0990869 -0.160063 -0.0971503 -0.156618 -0.0949101 -0.153887 -0.0926187 -0.151171 -0.0934723 -0.156181 -0.0910121 -0.153041 
4.422 -0.10152 -0.0524723 -0.0990455 -0.0515324 -0.0970489 -0.0503156 -0.0947751 -0.0499006 -0.0924354 -0.0493561 -0.0935694 -0.0453178 -0.0910167 -0.0445933 
3.879 -0.283002 -0.323668 -0.275575 -0.315656 -0.269122 -0.307853 -0.262501 -0.30108 -0.25599 -0.294623 -0.274442 -0.315702 -0.267205 -0.308049 
4.668 -0.0638543 -0.225736 -0.0623957 -0.221217 -0.0613627 -0.216667 -0.06 -0.212994 -0.0585223 -0.209211 -0.0557932 -0.218447 -0.0543064 -0.214262 
3.471 -0.41997 -0.174373 -0.407761 -0.169766 -0.396989 -0.165112 -0.386116 -0.161431 -0.375787 -0.157913 -0.41122 -0.16658 -0.399324 -0.16223 
4.078 -0.206985 -0.197658 -0.201741 -0.193121 -0.197196 -0.188609 -0.192378 -0.18493 -0.187679 -0.181322 -0.198529 -0.190093 -0.193437 -0.185893 
4.699 -0.0590604 -0.273675 -0.0576674 -0.268222 -0.05666 -0.26278 -0.0553801 -0.258161 -0.0539788 -0.253578 -0.0509364 -0.266455 -0.0495067 -0.261244 
4.465 -0.100836 -0.138077 -0.0984131 -0.135395 -0.0965565 -0.132525 -0.094297 -0.130295 -0.0921125 -0.128036 -0.0927994 -0.130928 -0.0903592 -0.128334 
4.348 -0.0111218 -0.0298726 -0.0107892 -0.0295437 -0.0105963 -0.0287434 -0.0100994 -0.0287224 -0.00960441 -0.0284654 -0.0031163 -0.0229243 -0.00260159 -0.022607 
3.705 -0.320668 -0.070278 -0.311811 -0.0687981 -0.303952 -0.0669348 -0.295945 -0.0659454 -0.288314 -0.0649664 -0.312488 -0.0628289 -0.303714 -0.0614538 
3.832 -0.298069 -0.317504 -0.290032 -0.309476 -0.283019 -0.301619 -0.275805 -0.294908 -0.268822 -0.288396 -0.289491 -0.30956 -0.28165 -0.301856 
4.297 -0.14398 -0.152459 -0.140344 -0.149048 -0.137383 -0.14567 -0.134113 -0.143151 -0.130884 -0.140529 -0.135897 -0.145046 -0.13231 -0.142014 
3.664 -0.343953 -0.140816 -0.334404 -0.137323 -0.326092 -0.133705 -0.317638 -0.131009 -0.309533 -0.128393 -0.335533 -0.133222 -0.326252 -0.129951 
3.871 -0.269306 -0.153828 -0.262121 -0.150105 -0.255947 -0.146234 -0.249519 -0.143324 -0.243321 -0.140428 -0.260933 -0.146294 -0.254001 -0.142856 
3.779 -0.294645 -0.0949322 -0.286484 -0.0927372 -0.279418 -0.0902287 -0.272143 -0.0886193 -0.265199 -0.0870182 -0.286379 -0.087503 -0.278459 -0.0854012 
2.221 -0.149459 0.14887 -0.145147 0.144447 -0.141778 0.140885 -0.137909 0.136689 -0.134383 0.132831 -0.141527 0.156624 -0.137303 0.15233 
4.691 -0.0624846 -0.205876 -0.0609966 -0.201834 -0.0599731 -0.197703 -0.0586025 -0.194156 -0.0572256 -0.190898 -0.0543897 -0.1987 -0.0528738 -0.194816 
4.699 -0.0357759 -0.0558965 -0.0347831 -0.0551568 -0.0341944 -0.0539347 -0.0333358 -0.0534537 -0.0323564 -0.0527974 -0.0276862 -0.0488348 -0.0266845 -0.0480569 
3.152 -0.548719 -0.181222 -0.531371 -0.175902 -0.515913 -0.170559 -0.5006 -0.166248 -0.486188 -0.162243 -0.539525 -0.173304 -0.522548 -0.168163 
3.459 -0.417231 -0.133968 -0.404998 -0.130498 -0.394213 -0.12687 -0.383425 -0.124224 -0.373176 -0.121686 -0.408571 -0.126278 -0.39669 -0.123036 
3.518 -0.402849 -0.199712 -0.391286 -0.194387 -0.381117 -0.189055 -0.370802 -0.184716 -0.360948 -0.180571 -0.394088 -0.191937 -0.382762 -0.186834 
4.645 -0.0686481 -0.256554 -0.0670054 -0.251348 -0.0658179 -0.246141 -0.064295 -0.241822 -0.0626972 -0.237375 -0.0605387 -0.249208 -0.0588932 -0.244322 
3.766 -0.308341 -0.149034 -0.300064 -0.145347 -0.292919 -0.141664 -0.285556 -0.13882 -0.278515 -0.136013 -0.300024 -0.141465 -0.292007 -0.138099 
4.367 0.0607862 0.0201205 0.0595993 0.0193049 0.0582208 0.0190303 0.0571351 0.0179614 0.0562131 0.0171838 0.0692188 0.0273744 0.0682076 0.0264863 
4.289 0.00873853 -0.0264484 0.00871989 -0.0263019 0.00843101 -0.025519 0.00845091 -0.0256771 0.00851486 -0.0256342 0.0168608 -0.0193417 0.0169589 -0.0192367 
4.277 -0.14535 -0.175743 -0.141713 -0.172003 -0.138725 -0.168025 -0.1354 -0.164884 -0.132154 -0.161809 -0.137279 -0.168401 -0.133629 -0.164741 
3.957 -0.254924 -0.309286 -0.248296 -0.301736 -0.242598 -0.294409 -0.236632 -0.288034 -0.230795 -0.281874 -0.246418 -0.301436 -0.239978 -0.294238 
3.576 -0.380249 -0.151089 -0.369466 -0.147223 -0.360007 -0.143202 -0.350403 -0.140176 -0.341317 -0.137238 -0.371884 -0.143503 -0.361443 -0.139814 
4.594 -0.0830297 -0.25176 -0.0810053 -0.246505 -0.0794347 -0.241269 -0.0776244 -0.236952 -0.0757027 -0.232496 -0.0749236 -0.244346 -0.0728497 -0.239438 
3.512 -0.404219 -0.171634 -0.392533 -0.167162 -0.38252 -0.162619 -0.372198 -0.159036 -0.362274 -0.155594 -0.395572 -0.163906 -0.384257 -0.159676 
4.758 -0.0494727 -0.22916 -0.0482413 -0.224611 -0.0473803 -0.220001 -0.046201 -0.216256 -0.0449253 -0.212456 -0.0413662 -0.221893 -0.0400848 -0.217635 
3.172 -0.543241 -0.225051 -0.526211 -0.218395 -0.51095 -0.211899 -0.495897 -0.206494 -0.481596 -0.201395 -0.534024 -0.217047 -0.517315 -0.210581 
4.559 -0.0864539 -0.16684 -0.0843161 -0.163457 -0.0827203 -0.159999 -0.0807301 -0.157275 -0.0787992 -0.154551 -0.0784308 -0.159661 -0.07629 -0.15641 
4.102 -0.200137 -0.123011 -0.195017 -0.120377 -0.19082 -0.11754 -0.18621 -0.115538 -0.181791 -0.113494 -0.19216 -0.115727 -0.187018 -0.11322 
3.504 -0.402164 -0.131229 -0.390588 -0.127866 -0.380446 -0.124329 -0.370169 -0.121763 -0.360397 -0.119273 -0.393537 -0.12359 -0.382323 -0.120408 
3.533 -0.389837 -0.0860293 -0.378742 -0.0839191 -0.369044 -0.0815897 -0.35917 -0.0801332 -0.349791 -0.0787283 -0.381586 -0.0784705 -0.370746 -0.0765312 
4.191 -0.178222 -0.286002 -0.173717 -0.279382 -0.16991 -0.272931 -0.165869 -0.267363 -0.161871 -0.261964 -0.169953 -0.278329 -0.165582 -0.272115 
3.424 -0.437091 -0.166155 -0.424212 -0.161574 -0.412692 -0.156924 -0.401279 -0.153313 -0.390298 -0.149848 -0.428468 -0.158391 -0.415739 -0.154001 
3.787 -0.296699 -0.12438 -0.288507 -0.121378 -0.281397 -0.11832 -0.274085 -0.115979 -0.267097 -0.113735 -0.288384 -0.11691 -0.280424 -0.114115 
3.738 -0.311081 -0.112738 -0.302692 -0.109983 -0.295401 -0.1071 -0.2879 -0.105077 -0.280763 -0.103066 -0.302811 -0.105246 -0.294621 -0.102692 
3.357 -0.476811 -0.25176 -0.462571 -0.24471 -0.449864 -0.237724 -0.437239 -0.23193 -0.425221 -0.226384 -0.467723 -0.243762 -0.453866 -0.236979 
4.059 -0.202876 -0.0606903 -0.197448 -0.0595066 -0.192802 -0.0579773 -0.187814 -0.0572395 -0.183144 -0.0564206 -0.195036 -0.0534005 -0.189644 -0.0522922 
4.43 -0.117956 -0.25176 -0.115103 -0.246349 -0.112787 -0.240989 -0.110212 -0.23643 -0.107569 -0.232041 -0.109865 -0.244373 -0.107004 -0.239248 
3.189 -0.534338 -0.213409 -0.517567 -0.207094 -0.502564 -0.200741 -0.487777 -0.195619 -0.473673 -0.19069 -0.52518 -0.205329 -0.508759 -0.199316 
3.771 -0.304232 -0.164786 -0.296036 -0.160772 -0.288894 -0.156598 -0.281549 -0.153371 -0.274532 -0.150224 -0.29588 -0.157265 -0.287897 -0.153431 
3.57 -0.37751 -0.115477 -0.366661 -0.112502 -0.357248 -0.109415 -0.347617 -0.107141 -0.338582 -0.104963 -0.369131 -0.107949 -0.358567 -0.105154 
4.539 -0.0837146 -0.130544 -0.0817021 -0.127942 -0.0800824 -0.125234 -0.0781881 -0.123252 -0.0763271 -0.121195 -0.0757335 -0.123445 -0.0736369 -0.121078 
3.814 -0.301493 -0.241487 -0.293429 -0.235508 -0.2864 -0.229689 -0.279169 -0.224804 -0.272201 -0.220052 -0.293 -0.233701 -0.285141 -0.228075 
3.428 -0.423394 -0.0894535 -0.410857 -0.0872184 -0.399908 -0.0847392 -0.388826 -0.0831945 -0.378462 -0.081698 -0.414886 -0.0818153 -0.402715 -0.0797719 
4.75 -0.048103 -0.177113 -0.0468945 -0.173522 -0.0460698 -0.169795 -0.0449487 -0.167104 -0.0437509 -0.164285 -0.0399993 -0.16956 -0.0387467 -0.166486 
3.621 -0.363813 -0.176428 -0.353453 -0.17184 -0.344276 -0.167227 -0.335092 -0.163549 -0.326318 -0.159951 -0.355227 -0.168799 -0.34513 -0.164422 
3.498 -0.405588 -0.113423 -0.393693 -0.110462 -0.383343 -0.107377 -0.372796 -0.105131 -0.362809 -0.102997 -0.397049 -0.105827 -0.385485 -0.103058 
3.92 -0.240542 -0.0428845 -0.234282 -0.0420771 -0.228942 -0.0409382 -0.223338 -0.0405967 -0.217956 -0.0401794 -0.23246 -0.0354915 -0.226373 -0.0348383 
3.781 -0.288481 -0.0442542 -0.280488 -0.0433349 -0.273543 -0.0421039 -0.266474 -0.0417613 -0.259729 -0.0413121 -0.28046 -0.0368369 -0.272614 -0.0360695 
4.727 -0.0549514 -0.259978 -0.0536391 -0.254668 -0.0526992 -0.249414 -0.0514473 -0.244958 -0.0501042 -0.240567 -0.0468571 -0.252578 -0.0454918 -0.247679 
3.951 -0.254924 -0.233954 -0.248304 -0.228377 -0.242685 -0.222909 -0.236767 -0.218277 -0.231042 -0.213878 -0.246508 -0.226294 -0.240097 -0.221012 
4.602 -0.0727572 -0.10315 -0.0709915 -0.10117 -0.0695959 -0.098819 -0.0679187 -0.0973603 -0.0662573 -0.0957371 -0.0648152 -0.0960773 -0.0628976 -0.0941954 
3.984 -0.233009 -0.14698 -0.22708 -0.143615 -0.221911 -0.140036 -0.216599 -0.137442 -0.211221 -0.13478 -0.224563 -0.139508 -0.218713 -0.136365 
4.594 -0.08166 -0.227106 -0.0797057 -0.222516 -0.0781753 -0.217869 -0.0763558 -0.214074 -0.0744942 -0.210341 -0.0735958 -0.219842 -0.0715862 -0.215349 
3.611 -0.35765 -0.0469936 -0.347378 -0.045962 -0.3384 -0.0446327 -0.329315 -0.0441362 -0.320688 -0.0436276 -0.349471 -0.03948 -0.339443 -0.0385984 
4.109 -0.190549 -0.0668539 -0.185782 -0.0656451 -0.181819 -0.0640846 -0.177534 -0.0632909 -0.173452 -0.0624516 -0.182476 -0.059567 -0.177841 -0.0584464 
3.451 -0.424079 -0.160677 -0.411635 -0.15633 -0.400667 -0.151963 -0.389757 -0.148542 -0.379219 -0.14525 -0.415415 -0.152932 -0.403383 -0.148825 
4.078 -0.201507 -0.0997261 -0.196377 -0.0975459 -0.192053 -0.0951717 -0.187524 -0.0935706 -0.183297 -0.0919997 -0.193004 -0.0923334 -0.188089 -0.0903373 
3.947 -0.245336 -0.120271 -0.238986 -0.11761 -0.233617 -0.114779 -0.227954 -0.112717 -0.22253 -0.110656 -0.23714 -0.112851 -0.230913 -0.110238 
4.148 -0.185755 -0.142186 -0.181192 -0.139063 -0.177326 -0.135768 -0.173209 -0.133331 -0.169234 -0.130877 -0.177555 -0.134826 -0.173085 -0.131883 
3.521 -0.399425 -0.157252 -0.387917 -0.153087 -0.377991 -0.148897 -0.367658 -0.145616 -0.358205 -0.142513 -0.390915 -0.149566 -0.379772 -0.145682 
4.645 -0.0631694 -0.126435 -0.0616228 -0.124 -0.0605087 -0.121382 -0.0590869 -0.119581 -0.0576177 -0.117441 -0.0551675 -0.119333 -0.0535839 -0.117012 
4.367 -0.12412 -0.109314 -0.121123 -0.107134 -0.118593 -0.104679 -0.115868 -0.103004 -0.113098 -0.101277 -0.116111 -0.102176 -0.113151 -0.100066 
4.016 -0.225476 -0.109999 -0.219547 -0.107523 -0.2144 -0.10485 -0.209213 -0.103013 -0.203979 -0.101143 -0.217329 -0.102623 -0.211478 -0.100326 
4.066 -0.202876 -0.0757567 -0.197629 -0.0742631 -0.193235 -0.0724604 -0.188514 -0.0714738 -0.18406 -0.0703645 -0.194747 -0.0684408 -0.189665 -0.0670728 
4.527 -0.0871387 -0.113423 -0.0849773 -0.111284 -0.0833365 -0.108851 -0.0813825 -0.107303 -0.0793868 -0.105505 -0.0790778 -0.106317 -0.0769035 -0.104301 
4.82 -0.0063279 -0.0798658 -0.00602381 -0.0784359 -0.00587024 -0.0766609 -0.00542809 -0.0755949 -0.00496332 -0.0744292 0.00161946 -0.0729145 0.00213313 -0.0715462 
3.395 -0.434351 -0.0791809 -0.421313 -0.0771817 -0.409758 -0.0748865 -0.398249 -0.0734956 -0.387373 -0.0721652 -0.425728 -0.0715806 -0.412968 -0.069731 
4.336 -0.135762 -0.240118 -0.132433 -0.234828 -0.129665 -0.22949 -0.126651 -0.225026 -0.123653 -0.220672 -0.127628 -0.232701 -0.124342 -0.227629 
4.754 -0.0487878 -0.194234 -0.0475661 -0.190397 -0.0467198 -0.186406 -0.0455767 -0.183398 -0.0443289 -0.180105 -0.0406872 -0.186886 -0.0394201 -0.183375 
4.398 -0.120696 -0.237378 -0.117775 -0.232206 -0.115406 -0.22701 -0.112757 -0.222694 -0.110063 -0.218479 -0.11257 -0.230041 -0.109646 -0.225084 
4.102 -0.196713 -0.162731 -0.191722 -0.159031 -0.18757 -0.155289 -0.183061 -0.152365 -0.178712 -0.149434 -0.188678 -0.155334 -0.183641 -0.151846 
3.824 -0.282317 -0.10315 -0.274733 -0.100756 -0.268242 -0.0981724 -0.261482 -0.0964969 -0.254972 -0.0947048 -0.274007 -0.0956575 -0.266734 -0.0934712 
4.27 -0.146035 -0.133968 -0.142386 -0.131028 -0.139436 -0.128039 -0.136119 -0.125696 -0.132877 -0.123443 -0.137962 -0.126682 -0.134378 -0.123985 
4.355 -0.133023 -0.220942 -0.129718 -0.216069 -0.126979 -0.211186 -0.123988 -0.207234 -0.121041 -0.203297 -0.124962 -0.21356 -0.121652 -0.208998 
2.959 -0.295329 0.139282 -0.286232 0.13471 -0.278389 0.130975 -0.270345 0.126578 -0.262967 0.122551 -0.287615 0.147079 -0.278636 0.142561 
3.822 -0.282317 -0.066169 -0.274987 -0.0647049 -0.268655 -0.0629555 -0.261219 -0.0619753 -0.254255 -0.0609817 -0.273588 -0.0587218 -0.266305 -0.0574102 
4.066 -0.187125 -0.000424599 -0.182253 -0.000824199 -0.178094 -0.00069249 -0.173887 -0.00135246 -0.169732 -0.00177655 -0.179164 0.00680102 -0.174386 0.00642549 
4.184 -0.176168 -0.264087 -0.171648 -0.257989 -0.167862 -0.251965 -0.163768 -0.246808 -0.159818 -0.24187 -0.167951 -0.25652 -0.163516 -0.250739 
4.27 -0.151513 -0.243542 -0.147687 -0.238037 -0.144552 -0.232579 -0.141078 -0.227975 -0.137669 -0.223466 -0.14335 -0.236122 -0.13958 -0.230886 
4.164 -0.190549 -0.299014 -0.185716 -0.292235 -0.181716 -0.285676 -0.177448 -0.280029 -0.173209 -0.274619 -0.182183 -0.291334 -0.177576 -0.285074 
3.447 -0.430242 -0.192864 -0.417626 -0.187606 -0.406469 -0.182323 -0.395132 -0.178054 -0.384518 -0.173971 -0.42173 -0.185092 -0.409441 -0.180066 
4.562 -0.0741268 -0.0860293 -0.0723589 -0.0844847 -0.0709061 -0.0826707 -0.0691864 -0.0815702 -0.0675377 -0.0802451 -0.0662265 -0.0789636 -0.0642841 -0.0775435 
3.691 -0.326147 -0.0880838 -0.317105 -0.0861743 -0.309308 -0.0838973 -0.301296 -0.0825348 -0.293645 -0.0811496 -0.3178 -0.080739 -0.30909 -0.0788612 
4.59 -0.0823449 -0.191494 -0.0803434 -0.18763 -0.0788032 -0.183606 -0.0770612 -0.180751 -0.0751154 -0.177431 -0.0742985 -0.184244 -0.0722611 -0.180765 
4.402 -0.118641 -0.142186 -0.11585 -0.139389 -0.113508 -0.13642 -0.110874 -0.134163 -0.108317 -0.131862 -0.110602 -0.134994 -0.107837 -0.132312 
4.66 -0.0672785 -0.172319 -0.0656755 -0.168836 -0.0644455 -0.165318 -0.0629522 -0.162432 -0.0613928 -0.159529 -0.0592467 -0.165021 -0.0575479 -0.161875 
3.627 -0.365868 -0.366128 -0.355884 -0.356492 -0.347003 -0.347184 -0.33806 -0.339008 -0.329431 -0.331217 -0.356958 -0.357767 -0.347196 -0.348536 
4.352 -0.130968 -0.202452 -0.127769 -0.198096 -0.125146 -0.193732 -0.122284 -0.190139 -0.119371 -0.186568 -0.122872 -0.195076 -0.119728 -0.191026 
4.375 0.0847555 0.0201205 0.0830703 0.0192852 0.0810674 0.0190452 0.0796019 0.0179771 0.0782889 0.0172149 0.0933975 0.027327 0.0919398 0.0264651 
4.402 -0.109054 -0.0860293 -0.106366 -0.0843527 -0.104208 -0.0825429 -0.101783 -0.0814175 -0.0992912 -0.0801298 -0.101027 -0.0788322 -0.0983683 -0.0774142 
4.398 -0.119326 -0.220942 -0.116562 -0.216208 -0.114245 -0.211455 -0.111682 -0.207552 -0.109076 -0.203639 -0.111178 -0.213546 -0.108487 -0.209101 
3.662 -0.337105 -0.0743871 -0.327715 -0.0726328 -0.319444 -0.0707344 -0.311079 -0.0695935 -0.30302 -0.0685315 -0.328878 -0.066815 -0.319647 -0.0653056 
4.395 -0.117272 -0.12575 -0.114397 -0.123121 -0.112112 -0.120324 -0.109475 -0.118289 -0.106903 -0.116211 -0.109181 -0.118484 -0.106399 -0.116058 
3.904 -0.252869 -0.102465 -0.2462 -0.100159 -0.240518 -0.0976997 -0.23451 -0.0960267 -0.228754 -0.0944321 -0.244751 -0.0951118 -0.238211 -0.0930521 
3.742 -0.303547 -0.0442542 -0.295304 -0.0433221 -0.288161 -0.0421069 -0.280869 -0.0416737 -0.27385 -0.041232 -0.295352 -0.0367911 -0.287352 -0.0360138 
3.873 -0.260403 -0.0511026 -0.253225 -0.0500894 -0.247173 -0.0487667 -0.240764 -0.0485156 -0.234788 -0.0482276 -0.252306 -0.0443738 -0.245298 -0.043666 
3.85 -0.287111 -0.242857 -0.279644 -0.236975 -0.273166 -0.231167 -0.26643 -0.226308 -0.25996 -0.221592 -0.278696 -0.23509 -0.271387 -0.229528 
4.645 -0.069333 -0.241487 -0.0676915 -0.236643 -0.066483 -0.231645 -0.0649859 -0.227629 -0.0634285 -0.223606 -0.0612484 -0.234191 -0.0595875 -0.22953 
3.307 -0.493932 -0.327092 -0.479257 -0.317806 -0.466087 -0.308669 -0.452953 -0.300706 -0.440384 -0.293254 -0.484711 -0.318824 -0.470338 -0.309676 
4.484 -0.098781 -0.18807 -0.0964229 -0.184116 -0.0945763 -0.180187 -0.0924104 -0.17704 -0.0902571 -0.173842 -0.0907601 -0.180893 -0.088333 -0.177185 
4.078 -0.196028 -0.0483632 -0.190998 -0.0474585 -0.186767 -0.0462195 -0.182227 -0.0458015 -0.177977 -0.0452429 -0.187981 -0.0410166 -0.18309 -0.0402411 
4.539 -0.0912478 -0.208615 -0.0890998 -0.20439 -0.0874419 -0.200185 -0.0854926 -0.196821 -0.0834196 -0.193244 -0.0831647 -0.201247 -0.0810244 -0.197564 
3.832 -0.281633 -0.122326 -0.273971 -0.119394 -0.267415 -0.116348 -0.260561 -0.1141 -0.254007 -0.111918 -0.273339 -0.114816 -0.26593 -0.112116 
4.043 -0.213834 -0.0860293 -0.208321 -0.0841954 -0.203527 -0.0821746 -0.198521 -0.0808881 -0.193755 -0.0795298 -0.205738 -0.078722 -0.200322 -0.0770104 
3.473 -0.406958 -0.0867141 -0.39496 -0.0845546 -0.384438 -0.0821536 -0.37373 -0.080639 -0.363507 -0.0791401 -0.398546 -0.079144 -0.386732 -0.0771153 
3.869 -0.264512 -0.0935625 -0.257467 -0.0914867 -0.251318 -0.0891084 -0.244971 -0.0876512 -0.239026 -0.0861265 -0.256179 -0.0861602 -0.249412 -0.0841956 
4.293 -0.148774 -0.227791 -0.145045 -0.222718 -0.142046 -0.217723 -0.138772 -0.21359 -0.135475 -0.20952 -0.140557 -0.220328 -0.137032 -0.215621 
4.52 -0.0864539 -0.0921929 -0.0843316 -0.090466 -0.0827568 -0.0883709 -0.0808526 -0.0870815 -0.0789434 -0.0855857 -0.0784203 -0.0849743 -0.0763149 -0.0833171 
3.953 -0.244651 -0.156568 -0.238274 -0.152862 -0.232803 -0.148994 -0.227125 -0.145997 -0.221625 -0.143059 -0.236389 -0.149147 -0.230157 -0.145556 
3.857 -0.278893 -0.291481 -0.271514 -0.284231 -0.265094 -0.277331 -0.258562 -0.271227 -0.251978 -0.265338 -0.270301 -0.283619 -0.263088 -0.276706 
