3.293 -0.265881 0.0995617 -0.257665 0.0965008 -0.250535 0.0941103 -0.243427 0.090983 -0.236619 0.0881399 -0.258304 0.107164 -0.250286 0.103951 
4.633 0.00531434 -0.0428845 0.00539597 -0.0421159 0.00515099 -0.0412848 0.00524328 -0.040995 0.0053951 -0.0406235 0.0134445 -0.0356546 0.0136001 -0.0353032 
3.586 -0.382304 -0.374346 -0.37165 -0.364306 -0.362213 -0.354812 -0.352689 -0.34638 -0.343489 -0.338361 -0.373321 -0.365864 -0.362899 -0.35638 
3.666 -0.351486 -0.370922 -0.341883 -0.361202 -0.333462 -0.351996 -0.324853 -0.343799 -0.316505 -0.336003 -0.342651 -0.362576 -0.333303 -0.35336 
3.678 -0.345323 -0.403794 -0.335917 -0.393281 -0.327615 -0.383226 -0.319178 -0.374282 -0.310958 -0.365731 -0.336416 -0.395305 -0.327224 -0.385256 
4.664 0.00942337 -0.0572661 0.00941221 -0.0563073 0.00916956 -0.0550613 0.00918093 -0.0545964 0.00928229 -0.0538419 0.0174658 -0.0501008 0.0176092 -0.0493217 
3.887 -0.274099 -0.345583 -0.266853 -0.337001 -0.260581 -0.328817 -0.254043 -0.321586 -0.247705 -0.314648 -0.265514 -0.337488 -0.258468 -0.329426 
3.398 -0.455581 -0.238748 -0.442144 -0.232155 -0.430241 -0.225777 -0.418332 -0.220431 -0.406945 -0.21532 -0.446602 -0.230725 -0.433475 -0.224469 
3.436 -0.437776 -0.235324 -0.425016 -0.228838 -0.41368 -0.222598 -0.402431 -0.217338 -0.391585 -0.212317 -0.428762 -0.22726 -0.416241 -0.221126 
3.838 -0.29122 -0.368867 -0.283501 -0.359617 -0.276822 -0.350778 -0.269904 -0.342979 -0.263156 -0.335478 -0.282558 -0.360665 -0.27506 -0.351894 
3.586 -0.382989 -0.394891 -0.372332 -0.384343 -0.362886 -0.374308 -0.353366 -0.365391 -0.344133 -0.356849 -0.373959 -0.386345 -0.363515 -0.376307 
3.693 -0.344638 -0.383934 -0.335224 -0.373884 -0.326928 -0.364344 -0.3185 -0.355847 -0.310313 -0.347769 -0.335782 -0.375515 -0.326597 -0.365971 
3.586 -0.383673 -0.414751 -0.373063 -0.403688 -0.363618 -0.393195 -0.354125 -0.383835 -0.344939 -0.374872 -0.374613 -0.406142 -0.364215 -0.395593 
3.602 -0.361074 -0.101096 -0.350723 -0.098587 -0.34168 -0.0959028 -0.332497 -0.0940333 -0.323779 -0.092307 -0.352711 -0.0935311 -0.342587 -0.0912545 
3.717 -0.330256 -0.4216 -0.321426 -0.410762 -0.313621 -0.400443 -0.30571 -0.391249 -0.297918 -0.382424 -0.321345 -0.412981 -0.312692 -0.402681 
3.734 -0.325462 -0.396261 -0.316645 -0.386048 -0.30891 -0.376325 -0.301027 -0.367634 -0.293309 -0.359334 -0.316642 -0.387867 -0.308041 -0.378153 
4.598 -0.0556362 -0.036721 -0.0541537 -0.0362329 -0.0531201 -0.0354039 -0.0517712 -0.0352925 -0.0504253 -0.0350321 -0.0476091 -0.0295588 -0.0460669 -0.0292183 
3.838 -0.290536 -0.385988 -0.282858 -0.37629 -0.27619 -0.367049 -0.269299 -0.358823 -0.262572 -0.350959 -0.281871 -0.37772 -0.274406 -0.368489 
3.65 -0.359019 -0.383249 -0.348993 -0.373034 -0.340203 -0.363342 -0.33126 -0.354701 -0.322629 -0.346505 -0.350058 -0.374835 -0.340317 -0.365109 
3.615 -0.365183 -0.155198 -0.354751 -0.151185 -0.345657 -0.147193 -0.336425 -0.144018 -0.327622 -0.141015 -0.356674 -0.147447 -0.346501 -0.143769 
3.955 -0.240542 -0.0634297 -0.234228 -0.0620201 -0.228903 -0.0604668 -0.223328 -0.0595776 -0.217967 -0.0586233 -0.23243 -0.056092 -0.226308 -0.054877 
3.736 -0.326832 -0.37914 -0.31802 -0.369389 -0.310283 -0.360106 -0.302403 -0.351884 -0.294688 -0.343973 -0.318041 -0.370808 -0.309427 -0.361568 
3.793 -0.309026 -0.374346 -0.300793 -0.364831 -0.293554 -0.35573 -0.286158 -0.347744 -0.278948 -0.340028 -0.300307 -0.366031 -0.292196 -0.356968 
3.775 -0.31245 -0.416121 -0.304213 -0.405555 -0.296922 -0.395495 -0.289492 -0.386517 -0.282214 -0.377945 -0.303627 -0.407568 -0.295542 -0.39754 
3.836 -0.29259 -0.407218 -0.284858 -0.39699 -0.278131 -0.387221 -0.271209 -0.378559 -0.264423 -0.370192 -0.283881 -0.398847 -0.276343 -0.389123 
3.883 -0.275469 -0.401739 -0.268232 -0.391735 -0.26193 -0.382223 -0.255394 -0.373744 -0.249002 -0.365587 -0.266832 -0.393408 -0.259735 -0.383974 
4.75 -0.00838241 -0.044939 -0.00799744 -0.0441723 -0.00788672 -0.0433242 -0.00752461 -0.043033 -0.00708041 -0.0426309 -0.00034184 -0.0377075 0.000178518 -0.0373408 
4.133 -0.180277 -0.0538419 -0.175648 -0.0527822 -0.171724 -0.0514774 -0.167529 -0.0508739 -0.163489 -0.0501669 -0.172271 -0.0465295 -0.167712 -0.0456298 
3.674 -0.346007 -0.423654 -0.336616 -0.412599 -0.328341 -0.402083 -0.319881 -0.392679 -0.311675 -0.383694 -0.337097 -0.415076 -0.327914 -0.404546 
4.148 -0.182331 -0.190809 -0.177746 -0.18648 -0.173887 -0.182203 -0.169754 -0.178708 -0.165698 -0.175256 -0.174127 -0.183281 -0.169649 -0.179326 
3.795 -0.308341 -0.354486 -0.30012 -0.345482 -0.292953 -0.336924 -0.285516 -0.329321 -0.278375 -0.322053 -0.299645 -0.346249 -0.29161 -0.337764 
4.031 -0.216573 -0.0552116 -0.210881 -0.0540271 -0.20606 -0.0526628 -0.200999 -0.0519794 -0.196121 -0.0512396 -0.208503 -0.0478402 -0.202965 -0.0468894 
3.766 -0.302863 -0.066169 -0.294658 -0.0646859 -0.287556 -0.0630049 -0.280235 -0.0619764 -0.273276 -0.0610435 -0.29471 -0.0588489 -0.286695 -0.0575235 
3.736 -0.328202 -0.362019 -0.319409 -0.352711 -0.311672 -0.343841 -0.303759 -0.335974 -0.296062 -0.328485 -0.319453 -0.353705 -0.31081 -0.344907 
3.777 -0.311766 -0.396261 -0.303459 -0.386243 -0.296225 -0.376642 -0.288789 -0.368139 -0.281524 -0.359949 -0.302918 -0.387852 -0.294861 -0.378326 
3.842 -0.289166 -0.347637 -0.281523 -0.338936 -0.274895 -0.330635 -0.268 -0.32327 -0.261301 -0.316239 -0.28061 -0.339549 -0.27316 -0.331352 
3.438 -0.435036 -0.205876 -0.422212 -0.200231 -0.410849 -0.194699 -0.399511 -0.190163 -0.388689 -0.185854 -0.426262 -0.198004 -0.413752 -0.192689 
3.516 -0.289851 0.108465 -0.280909 0.105033 -0.273118 0.102369 -0.265252 0.0990022 -0.257876 0.0959046 -0.28209 0.116117 -0.273343 0.112641 
3.541 -0.401479 -0.238063 -0.389954 -0.231589 -0.3798 -0.22533 -0.369572 -0.220025 -0.359797 -0.214996 -0.392609 -0.23013 -0.381405 -0.224062 
3.885 -0.276839 -0.367498 -0.269582 -0.358433 -0.263324 -0.349815 -0.256788 -0.342149 -0.250423 -0.334802 -0.268177 -0.359322 -0.261161 -0.350769 
3.662 -0.341898 -0.136707 -0.332379 -0.133311 -0.324071 -0.129819 -0.315665 -0.127236 -0.307511 -0.124695 -0.333509 -0.129099 -0.324198 -0.125978 
3.582 -0.379564 -0.199712 -0.368838 -0.194497 -0.359392 -0.189389 -0.349865 -0.185189 -0.340764 -0.18121 -0.37093 -0.191947 -0.360432 -0.187085 
3.645 -0.359704 -0.219573 -0.349813 -0.213868 -0.341126 -0.208338 -0.332169 -0.203648 -0.323665 -0.199236 -0.35119 -0.211753 -0.341445 -0.206423 
3.623 -0.355595 -0.136022 -0.345619 -0.13251 -0.336839 -0.128926 -0.327902 -0.126205 -0.319373 -0.123576 -0.347305 -0.128473 -0.337535 -0.125222 
3.883 -0.275469 -0.383249 -0.268252 -0.373735 -0.261972 -0.364643 -0.255427 -0.356594 -0.249062 -0.348864 -0.266831 -0.374989 -0.259786 -0.365959 
3.475 -0.417231 -0.197658 -0.405247 -0.192325 -0.394645 -0.187108 -0.384028 -0.18285 -0.373882 -0.178779 -0.408481 -0.189847 -0.396751 -0.184854 
4.133 -0.0261882 -0.0182304 -0.0254168 -0.0180438 -0.0249529 -0.0176107 -0.0241845 -0.0178218 -0.0233721 -0.0178385 -0.0181772 -0.0110032 -0.0172968 -0.011034 
3.715 -0.326832 -0.185331 -0.317839 -0.180584 -0.310064 -0.175942 -0.302149 -0.172127 -0.294532 -0.168519 -0.318239 -0.177626 -0.309438 -0.173252 
4.043 -0.0433091 -0.0100123 -0.0420198 -0.0101536 -0.0412364 -0.00992229 -0.0401487 -0.0104151 -0.0390001 -0.0106777 -0.0351968 -0.00286492 -0.03395 -0.0031395 
3.758 -0.319299 -0.215464 -0.310608 -0.210057 -0.303023 -0.204783 -0.295243 -0.200407 -0.28781 -0.196172 -0.310811 -0.207724 -0.302275 -0.202701 
3.861 -0.278208 -0.179167 -0.270849 -0.17479 -0.264501 -0.170482 -0.257929 -0.167006 -0.251586 -0.1636 -0.26979 -0.17155 -0.262694 -0.167531 
3.771 -0.161101 0.0194357 -0.156795 0.0185047 -0.153102 0.0181847 -0.149143 0.0171587 -0.145319 0.0163754 -0.153195 0.0268132 -0.148882 0.0258604 
4.16 -0.0433091 -0.0237091 -0.0421577 -0.0234671 -0.0413789 -0.02293 -0.0403313 -0.0230651 -0.039252 -0.0229961 -0.0352207 -0.016554 -0.034022 -0.0164937 
3.936 -0.242597 -0.0908232 -0.236256 -0.0887287 -0.230864 -0.0864776 -0.225237 -0.0850159 -0.219833 -0.0835772 -0.234401 -0.0834073 -0.228229 -0.08157 
3.871 -0.277524 -0.213409 -0.270231 -0.208163 -0.263872 -0.202984 -0.257314 -0.198704 -0.250977 -0.194579 -0.269194 -0.205775 -0.26202 -0.200865 
4.672 -0.0344062 -0.044939 -0.033433 -0.0443188 -0.0328805 -0.0434126 -0.0320171 -0.0431936 -0.0310733 -0.0426942 -0.0263553 -0.0378692 -0.0252735 -0.0373454 
3.484 -0.4186 -0.229845 -0.406519 -0.223611 -0.395863 -0.217673 -0.385174 -0.212616 -0.374904 -0.207804 -0.409776 -0.221839 -0.398033 -0.216125 
3.951 -0.244651 -0.174373 -0.238241 -0.170287 -0.232799 -0.166224 -0.22702 -0.162905 -0.221529 -0.159715 -0.236328 -0.166844 -0.230125 -0.16306 
4.156 -0.183701 -0.204506 -0.179044 -0.199908 -0.175174 -0.19532 -0.171057 -0.191564 -0.166973 -0.187822 -0.175446 -0.197001 -0.17097 -0.192727 
3.523 -0.402164 -0.224367 -0.390699 -0.218296 -0.380539 -0.212484 -0.370332 -0.207611 -0.360548 -0.202924 -0.393321 -0.216321 -0.382113 -0.210724 
3.686 -0.340529 -0.216833 -0.331435 -0.211322 -0.32335 -0.205948 -0.315027 -0.201402 -0.30709 -0.19709 -0.33229 -0.209085 -0.323157 -0.203918 
3.697 -0.332995 -0.154513 -0.323804 -0.15066 -0.31587 -0.146824 -0.307703 -0.143851 -0.299962 -0.140968 -0.324575 -0.146868 -0.315602 -0.143323 
3.648 -0.35765 -0.415436 -0.347788 -0.40453 -0.339033 -0.39413 -0.330155 -0.384848 -0.321573 -0.375968 -0.348695 -0.406898 -0.339043 -0.396504 
3.637 -0.355595 -0.192864 -0.345609 -0.187858 -0.336942 -0.18296 -0.328219 -0.178971 -0.319725 -0.175149 -0.347127 -0.185094 -0.337535 -0.180461 
3.342 -0.476127 -0.233954 -0.461857 -0.227293 -0.449152 -0.22091 -0.43657 -0.215488 -0.424518 -0.210373 -0.467031 -0.22588 -0.453101 -0.219609 
3.752 -0.308341 -0.0805506 -0.299998 -0.0786911 -0.292712 -0.0765254 -0.285279 -0.0752478 -0.278162 -0.0739244 -0.30016 -0.0731418 -0.291995 -0.0714561 
3.621 -0.370662 -0.231215 -0.360153 -0.225075 -0.351027 -0.219138 -0.341816 -0.214116 -0.332887 -0.209354 -0.361774 -0.223321 -0.351653 -0.217588 
4.082 -0.202876 -0.150404 -0.19773 -0.147031 -0.193457 -0.14364 -0.18879 -0.140995 -0.184293 -0.138367 -0.194687 -0.143 -0.1897 -0.139903 
3.348 -0.249445 0.0906588 -0.24176 0.0878045 -0.235183 0.0856608 -0.22846 0.0827919 -0.222115 0.0801967 -0.241732 0.0982347 -0.234157 0.0953022 
3.902 -0.164525 -0.00658814 -0.160202 -0.00666438 -0.156554 -0.0063103 -0.15268 -0.00675943 -0.148939 -0.00699171 -0.156578 0.000680027 -0.152345 0.000511451 
4.18 -0.00495822 -0.00727298 -0.00463328 -0.00742968 -0.00460105 -0.00727891 -0.00431176 -0.00770861 -0.00396825 -0.0080035 0.00313497 -1.89384e-05 0.00356224 -0.000378913 
4.199 -0.0570059 -0.0216546 -0.0554974 -0.0214228 -0.0544549 -0.0208455 -0.0531255 -0.0209679 -0.0517473 -0.0209193 -0.0489644 -0.0144304 -0.0474567 -0.0143639 
3.861 -0.282317 -0.229845 -0.274894 -0.22428 -0.268416 -0.218881 -0.261724 -0.21422 -0.255245 -0.209889 -0.273916 -0.222098 -0.266617 -0.216882 
4.48 -0.10152 -0.163416 -0.0990767 -0.160043 -0.0971463 -0.15662 -0.0949051 -0.153938 -0.0925952 -0.151195 -0.0934594 -0.156127 -0.0909864 -0.153067 
3.914 -0.259718 -0.203137 -0.252844 -0.198208 -0.246841 -0.193395 -0.240828 -0.189458 -0.234813 -0.185614 -0.251359 -0.195439 -0.244672 -0.190957 
3.789 -0.302178 -0.184646 -0.294071 -0.180028 -0.286983 -0.175499 -0.279765 -0.171858 -0.272739 -0.168268 -0.293712 -0.176989 -0.285847 -0.172737 
4.281 -0.0255034 -0.0339816 -0.024796 -0.0336027 -0.0243702 -0.0328728 -0.023683 -0.0328251 -0.0229275 -0.0326043 -0.0174686 -0.0269179 -0.0166483 -0.026706 
3.92 -0.257663 -0.181907 -0.250974 -0.17757 -0.245048 -0.173292 -0.239155 -0.16984 -0.233118 -0.166449 -0.249348 -0.174356 -0.242839 -0.170355 
4.012 -0.23164 -0.202452 -0.225631 -0.197713 -0.220546 -0.193135 -0.215163 -0.189348 -0.209924 -0.185666 -0.22315 -0.194764 -0.217433 -0.190504 
4.645 -0.0556362 -0.0531571 -0.0541987 -0.0522086 -0.0531822 -0.0510156 -0.0518564 -0.0506153 -0.0505262 -0.0499629 -0.0476263 -0.0460274 -0.0461504 -0.0453009 
4.148 -0.132338 -0.0106972 -0.128787 -0.0107602 -0.125749 -0.0104446 -0.12264 -0.0108745 -0.119551 -0.0111135 -0.124381 -0.0034509 -0.120858 -0.00360828 
4.672 -0.0638543 -0.225736 -0.0623762 -0.221205 -0.0613491 -0.216717 -0.0599816 -0.213019 -0.0585112 -0.209244 -0.0557704 -0.21845 -0.0542769 -0.214344 
4.469 -0.100836 -0.138077 -0.0983993 -0.135336 -0.0965388 -0.132485 -0.0943021 -0.130253 -0.0920996 -0.128032 -0.0927954 -0.130905 -0.090344 -0.128367 
3.803 -0.299438 -0.219573 -0.291603 -0.214122 -0.284593 -0.208803 -0.2774 -0.204337 -0.27053 -0.200065 -0.291119 -0.211922 -0.283352 -0.206824 
4.418 -0.10152 -0.0524723 -0.0989955 -0.0514835 -0.0970127 -0.0502877 -0.0947529 -0.0498966 -0.0924117 -0.0493337 -0.0935441 -0.0452759 -0.0909821 -0.0446178 
4.035 -0.217258 -0.153828 -0.211676 -0.150326 -0.206841 -0.146817 -0.20172 -0.144094 -0.196805 -0.141392 -0.209061 -0.146379 -0.203503 -0.143205 
4.699 -0.0590604 -0.273675 -0.0576284 -0.268177 -0.0566473 -0.262767 -0.0553763 -0.258154 -0.053959 -0.25357 -0.0509154 -0.266382 -0.0494723 -0.261262 
4.273 0.00873853 -0.0264484 0.00874405 -0.0262216 0.00844443 -0.0255605 0.00845935 -0.0256759 0.00854659 -0.0256085 0.0168752 -0.0193079 0.0169952 -0.0192632 
4.695 -0.0624846 -0.205876 -0.0609779 -0.201803 -0.0599776 -0.197714 -0.0586106 -0.194158 -0.0572193 -0.190856 -0.0544027 -0.198712 -0.0529036 -0.194925 
3.83 -0.298069 -0.317504 -0.290035 -0.309425 -0.283004 -0.301645 -0.275805 -0.294884 -0.268793 -0.28839 -0.289488 -0.309513 -0.28165 -0.301886 
3.871 -0.269306 -0.153828 -0.262121 -0.15008 -0.255951 -0.146248 -0.249506 -0.143339 -0.24335 -0.140461 -0.260968 -0.1463 -0.253959 -0.14286 
4.047 -0.214519 -0.125065 -0.209067 -0.122331 -0.204197 -0.119492 -0.199277 -0.117381 -0.194387 -0.115289 -0.206369 -0.117729 -0.20097 -0.115208 
4.809 0.0176414 -0.102465 0.0174521 -0.100393 0.0169374 -0.0981359 0.0168307 -0.0965774 0.0167923 -0.0949111 0.0257654 -0.09556 0.0256768 -0.0936506 
4.297 -0.14398 -0.152459 -0.140347 -0.149083 -0.137386 -0.145777 -0.134101 -0.143171 -0.130883 -0.140506 -0.135886 -0.145059 -0.1323 -0.142073 
3.766 -0.308341 -0.149034 -0.300061 -0.145297 -0.29292 -0.141651 -0.285557 -0.138787 -0.278507 -0.135994 -0.300017 -0.141397 -0.292002 -0.138108 
3.51 -0.404219 -0.171634 -0.392468 -0.167084 -0.382437 -0.162593 -0.37214 -0.159015 -0.362262 -0.155582 -0.395488 -0.163863 -0.384275 -0.159654 
3.777 -0.294645 -0.0949322 -0.286466 -0.0926576 -0.279418 -0.0902693 -0.272138 -0.0886221 -0.265185 -0.0870197 -0.286394 -0.0874478 -0.278464 -0.0854353 
4.074 -0.206985 -0.197658 -0.201734 -0.193089 -0.197161 -0.188623 -0.192379 -0.184933 -0.187619 -0.181333 -0.198595 -0.190077 -0.193517 -0.18593 
3.691 -0.339844 -0.192864 -0.330375 -0.187958 -0.322137 -0.183133 -0.313723 -0.179213 -0.305673 -0.175463 -0.331393 -0.185158 -0.322249 -0.180628 
3.572 -0.380249 -0.151089 -0.369478 -0.147169 -0.359994 -0.143221 -0.350382 -0.140167 -0.341303 -0.137244 -0.371859 -0.143431 -0.361347 -0.13981 
3.949 -0.247391 -0.142186 -0.241008 -0.13875 -0.235568 -0.135309 -0.229903 -0.132645 -0.224422 -0.130154 -0.239124 -0.134618 -0.232922 -0.131647 
4.188 -0.178222 -0.286002 -0.173685 -0.279331 -0.169878 -0.272921 -0.16585 -0.267361 -0.161834 -0.261949 -0.169956 -0.278354 -0.165561 -0.272113 
3.539 -0.394631 -0.198343 -0.383385 -0.193036 -0.37342 -0.187841 -0.36339 -0.183574 -0.353698 -0.179523 -0.386042 -0.190525 -0.375037 -0.185577 
4.648 -0.0686481 -0.256554 -0.0670122 -0.251328 -0.065802 -0.246126 -0.0642968 -0.241824 -0.0627006 -0.237404 -0.0605435 -0.249148 -0.0589033 -0.244308 
4.301 -0.144665 -0.175743 -0.141035 -0.171995 -0.138081 -0.168107 -0.134756 -0.164905 -0.131504 -0.161879 -0.136601 -0.168443 -0.132965 -0.164842 
3.502 -0.402164 -0.131229 -0.390659 -0.127814 -0.380462 -0.124322 -0.370167 -0.121752 -0.360368 -0.119286 -0.393578 -0.12356 -0.382364 -0.120412 
3.93 -0.148089 -0.00795781 -0.144212 -0.00804743 -0.141009 -0.00773461 -0.137396 -0.00817045 -0.134001 -0.00839721 -0.140065 -0.000647222 -0.136089 -0.000842131 
4.559 -0.0864539 -0.16684 -0.0842743 -0.163315 -0.0826944 -0.160004 -0.0806854 -0.157281 -0.0787532 -0.154553 -0.0784037 -0.159611 -0.0762303 -0.156426 
4.43 -0.118641 -0.25176 -0.115758 -0.246323 -0.113488 -0.241003 -0.11089 -0.236436 -0.108273 -0.232053 -0.110575 -0.244356 -0.10771 -0.23926 
4.055 -0.202876 -0.0606903 -0.197445 -0.0594684 -0.192819 -0.0579887 -0.187804 -0.0572319 -0.183104 -0.0564284 -0.195015 -0.0533748 -0.189549 -0.0522942 
4.758 -0.0494727 -0.22916 -0.0482361 -0.224571 -0.0473793 -0.220002 -0.0461972 -0.216238 -0.044915 -0.212452 -0.041386 -0.221877 -0.0400981 -0.217633 
3.77 -0.304232 -0.164101 -0.296037 -0.160022 -0.288881 -0.155902 -0.281542 -0.152685 -0.274528 -0.149508 -0.295899 -0.15653 -0.287886 -0.152757 
3.787 -0.296699 -0.12438 -0.288493 -0.121346 -0.281389 -0.118317 -0.274073 -0.115982 -0.267089 -0.113728 -0.288384 -0.116872 -0.280419 -0.114108 
4.598 -0.0830297 -0.25176 -0.0810281 -0.246401 -0.0794654 -0.24125 -0.0776184 -0.236904 -0.0757073 -0.232477 -0.0749448 -0.244291 -0.0728642 -0.239456 
3.424 -0.437091 -0.166155 -0.424164 -0.16153 -0.412695 -0.156928 -0.40119 -0.153291 -0.390263 -0.149838 -0.428307 -0.158339 -0.415651 -0.154005 
4.754 -0.048103 -0.177113 -0.0468963 -0.173522 -0.0460934 -0.170021 -0.0449452 -0.16717 -0.0437557 -0.164364 -0.0400243 -0.169733 -0.0387547 -0.166527 
4.711 -0.0364608 -0.0634297 -0.0354147 -0.062376 -0.0347951 -0.0611275 -0.0338658 -0.0605802 -0.0328535 -0.0598387 -0.0283846 -0.0562598 -0.0273096 -0.0554629 
3.352 -0.476811 -0.25176 -0.462551 -0.244646 -0.449862 -0.237718 -0.437236 -0.231929 -0.425183 -0.226374 -0.467723 -0.24369 -0.453835 -0.236985 
4.098 -0.200137 -0.123695 -0.194943 -0.120988 -0.190706 -0.118212 -0.186049 -0.116169 -0.18172 -0.114138 -0.192034 -0.116362 -0.186893 -0.113887 
3.477 -0.212464 0.0762772 -0.205742 0.0736684 -0.199994 0.0717538 -0.194122 0.0690846 -0.188589 0.066714 -0.204712 0.0837718 -0.198157 0.0811098 
3.566 -0.37751 -0.115477 -0.366728 -0.112506 -0.357275 -0.109444 -0.347678 -0.107177 -0.338621 -0.104991 -0.369154 -0.107944 -0.358585 -0.105179 
4.414 -0.115217 -0.173004 -0.112378 -0.169347 -0.110071 -0.165726 -0.107445 -0.162858 -0.104872 -0.159964 -0.107174 -0.165673 -0.104341 -0.162349 
4.613 -0.069333 -0.106574 -0.0675666 -0.104507 -0.066192 -0.102219 -0.0645282 -0.100707 -0.0628477 -0.0990937 -0.061396 -0.0994532 -0.0595165 -0.0976079 
3.434 -0.432297 -0.14835 -0.419532 -0.144216 -0.408165 -0.140073 -0.39687 -0.136865 -0.386114 -0.133762 -0.423791 -0.140649 -0.411218 -0.136783 
3.814 -0.301493 -0.241487 -0.293421 -0.235518 -0.286405 -0.229726 -0.279188 -0.224833 -0.272189 -0.22007 -0.293008 -0.233685 -0.285146 -0.228092 
3.172 -0.54598 -0.296274 -0.529145 -0.287565 -0.514099 -0.279234 -0.499132 -0.271987 -0.484931 -0.265153 -0.536618 -0.287961 -0.52013 -0.27961 
4.539 -0.0837146 -0.130544 -0.0816936 -0.127917 -0.0800679 -0.1253 -0.0781974 -0.123276 -0.0763043 -0.121214 -0.0757129 -0.123387 -0.0736087 -0.121046 
3.982 -0.233009 -0.14698 -0.227035 -0.143585 -0.221866 -0.140065 -0.216495 -0.137429 -0.211236 -0.134805 -0.224538 -0.139501 -0.218637 -0.136363 
3.621 -0.363813 -0.176428 -0.353417 -0.171826 -0.344289 -0.167247 -0.335108 -0.163554 -0.326309 -0.159979 -0.355266 -0.168778 -0.345122 -0.164467 
3.736 -0.311081 -0.112738 -0.302662 -0.109944 -0.295404 -0.1071 -0.28789 -0.105078 -0.280748 -0.103059 -0.3028 -0.105214 -0.294607 -0.10274 
3.285 -0.180962 0.113258 -0.175214 0.109698 -0.170357 0.106851 -0.165328 0.103344 -0.160576 0.100208 -0.173238 0.120955 -0.167558 0.117309 
4.73 -0.0535817 -0.258608 -0.0522632 -0.25335 -0.0513476 -0.248182 -0.0501274 -0.243825 -0.0487729 -0.239535 -0.0454945 -0.251268 -0.0441215 -0.246428 
3.4 -0.441885 -0.12575 -0.428761 -0.122334 -0.417118 -0.11884 -0.405592 -0.116298 -0.394562 -0.113814 -0.433215 -0.118051 -0.420385 -0.114894 
3.496 -0.405588 -0.113423 -0.393683 -0.110426 -0.383298 -0.107375 -0.372716 -0.105139 -0.362761 -0.102998 -0.397055 -0.105827 -0.385477 -0.103074 
2.463 -0.221367 0.142022 -0.21426 0.137418 -0.208038 0.133655 -0.201752 0.129344 -0.195766 0.125356 -0.213923 0.149805 -0.206819 0.145177 
4.598 -0.08166 -0.226421 -0.0796832 -0.221781 -0.0781581 -0.217263 -0.0763625 -0.21355 -0.074471 -0.20968 -0.0735849 -0.219147 -0.0715814 -0.214859 
3.916 -0.240542 -0.0428845 -0.23426 -0.0420244 -0.22891 -0.0409577 -0.223335 -0.0405831 -0.217941 -0.0401755 -0.232442 -0.0354631 -0.226332 -0.0348884 
3.508 -0.39874 -0.100411 -0.387108 -0.0977289 -0.377036 -0.0949034 -0.366831 -0.0929563 -0.357051 -0.0910271 -0.390359 -0.0928598 -0.379074 -0.0903803 
3.824 -0.282317 -0.10315 -0.274752 -0.100762 -0.268239 -0.0982122 -0.261485 -0.0965605 -0.25498 -0.0947577 -0.274031 -0.0957278 -0.266718 -0.0935205 
4.012 -0.225476 -0.109999 -0.219638 -0.107504 -0.214571 -0.104856 -0.209248 -0.103014 -0.204026 -0.101142 -0.217418 -0.102613 -0.211529 -0.100331 
3.947 -0.254924 -0.233954 -0.248309 -0.228321 -0.242643 -0.222905 -0.236747 -0.218245 -0.230994 -0.213872 -0.246523 -0.226295 -0.240075 -0.220999 
3.449 -0.424079 -0.160677 -0.411694 -0.156313 -0.400618 -0.151976 -0.389723 -0.148552 -0.379225 -0.145274 -0.415307 -0.152913 -0.403227 -0.148833 
4.715 0.0402411 -0.0497329 0.0395306 -0.0490672 0.0384397 -0.0480293 0.0378706 -0.0476721 0.037371 -0.0472164 0.0484644 -0.042766 0.0478929 -0.042164 
3.52 -0.399425 -0.157937 -0.387934 -0.153718 -0.377981 -0.149546 -0.367729 -0.146229 -0.358238 -0.143121 -0.390905 -0.15023 -0.379844 -0.146333 
3.945 -0.244651 -0.120271 -0.238292 -0.117423 -0.232942 -0.114674 -0.227262 -0.112625 -0.221838 -0.11066 -0.236453 -0.11275 -0.230215 -0.110201 
4.402 -0.120696 -0.237378 -0.117787 -0.232168 -0.115421 -0.227054 -0.112766 -0.222687 -0.110077 -0.21845 -0.112617 -0.229968 -0.109676 -0.225043 
4.145 -0.185755 -0.142186 -0.181174 -0.139032 -0.177322 -0.135766 -0.173227 -0.13335 -0.169218 -0.130903 -0.177564 -0.134781 -0.173076 -0.131869 
4.297 -0.137132 -0.087399 -0.133589 -0.0856052 -0.130686 -0.0836825 -0.127645 -0.0824086 -0.124398 -0.0811433 -0.129118 -0.0801151 -0.12572 -0.0786207 
4.367 -0.12412 -0.108629 -0.121121 -0.106347 -0.118613 -0.103971 -0.115816 -0.102238 -0.113092 -0.100551 -0.116114 -0.101412 -0.11313 -0.0993596 
4.23 -0.155623 -0.142871 -0.151797 -0.139961 -0.148631 -0.136868 -0.145126 -0.134487 -0.141662 -0.132193 -0.147579 -0.135624 -0.143761 -0.132862 
4.074 -0.201507 -0.0997261 -0.196325 -0.0974783 -0.191977 -0.0951581 -0.187449 -0.093559 -0.183122 -0.0919793 -0.193017 -0.0922881 -0.188085 -0.0903071 
4.758 -0.0487878 -0.194234 -0.0475492 -0.190292 -0.0466977 -0.186381 -0.0455596 -0.183204 -0.0443166 -0.180073 -0.0406798 -0.186817 -0.0394068 -0.183395 
3.572 -0.373401 -0.0675387 -0.362717 -0.0658439 -0.353453 -0.0639496 -0.344087 -0.0628603 -0.335114 -0.0617534 -0.365335 -0.0600544 -0.354908 -0.0585282 
3.377 -0.439145 -0.0709629 -0.426101 -0.0690898 -0.414281 -0.0669754 -0.402664 -0.0657416 -0.391656 -0.0645081 -0.430606 -0.0633619 -0.417735 -0.0616988 
3.395 -0.439145 -0.107944 -0.426011 -0.104972 -0.41454 -0.101942 -0.402955 -0.0997272 -0.392056 -0.0976438 -0.430534 -0.100293 -0.41776 -0.0975735 
4.355 -0.120696 -0.0867141 -0.117696 -0.0850155 -0.115188 -0.0829972 -0.112533 -0.0817591 -0.109876 -0.0804741 -0.112736 -0.0794813 -0.109815 -0.0779326 
4.062 -0.202876 -0.0757567 -0.197644 -0.0742254 -0.193286 -0.0724648 -0.188576 -0.0714781 -0.184063 -0.070383 -0.194764 -0.06843 -0.189682 -0.0670911 
4.355 -0.133023 -0.220942 -0.129746 -0.216028 -0.127013 -0.211206 -0.12402 -0.207218 -0.121066 -0.203294 -0.124982 -0.213524 -0.121654 -0.209004 
4.098 -0.196713 -0.162731 -0.191829 -0.159021 -0.187468 -0.155306 -0.183169 -0.152362 -0.178671 -0.149441 -0.188622 -0.155291 -0.183674 -0.151844 
3.475 -0.409012 -0.0647993 -0.396972 -0.0631146 -0.386371 -0.0611608 -0.375827 -0.0601283 -0.365849 -0.0590579 -0.400557 -0.0572835 -0.38891 -0.0557529 
4.27 -0.151513 -0.243542 -0.147713 -0.237992 -0.14457 -0.232585 -0.141109 -0.228012 -0.137676 -0.22349 -0.143378 -0.236122 -0.139603 -0.230883 
4.352 -0.132338 -0.204506 -0.129123 -0.200073 -0.126481 -0.195792 -0.123589 -0.192162 -0.120643 -0.188518 -0.124262 -0.197081 -0.121084 -0.193036 
3.996 -0.098781 -0.0106972 -0.0961321 -0.0107645 -0.0937668 -0.0104514 -0.0916362 -0.0108379 -0.0890395 -0.0110522 -0.0913911 -0.00345868 -0.0883729 -0.00363051 
3.803 -0.237118 0.0762772 -0.229774 0.0737694 -0.223436 0.0719047 -0.216952 0.0692991 -0.21075 0.0669257 -0.229391 0.0838009 -0.222102 0.0811989 
3.814 -0.29122 -0.174373 -0.28338 -0.170156 -0.276565 -0.165974 -0.269505 -0.16265 -0.262696 -0.159404 -0.282882 -0.166838 -0.275238 -0.162964 
4.824 -0.0063279 -0.0798658 -0.00595689 -0.0783609 -0.00589983 -0.076683 -0.00540631 -0.0755768 -0.00494067 -0.0744325 0.00159651 -0.0728813 0.00208021 -0.0716375 
3.82 -0.283002 -0.0668539 -0.275636 -0.0653288 -0.269395 -0.0636525 -0.262053 -0.0626678 -0.254922 -0.0616869 -0.274349 -0.0594132 -0.266955 -0.0580899 
4.566 -0.0864539 -0.195603 -0.0844475 -0.191632 -0.0829138 -0.187744 -0.0811323 -0.184726 -0.0792359 -0.181513 -0.078402 -0.188269 -0.0763387 -0.184787 
3.449 -0.417231 -0.101781 -0.40503 -0.0990431 -0.394176 -0.0961194 -0.383243 -0.0940897 -0.373097 -0.0921748 -0.408604 -0.0941918 -0.396698 -0.0916403 
3.688 -0.331626 -0.12438 -0.322449 -0.12119 -0.314404 -0.117954 -0.306177 -0.115586 -0.298327 -0.113227 -0.323374 -0.116802 -0.314363 -0.113939 
4.184 -0.176168 -0.264772 -0.171671 -0.258722 -0.167868 -0.252712 -0.163826 -0.24762 -0.159852 -0.242603 -0.167954 -0.257222 -0.163539 -0.251442 
3.445 -0.430242 -0.192864 -0.417593 -0.187565 -0.406523 -0.18234 -0.395254 -0.178072 -0.384532 -0.173989 -0.421957 -0.185109 -0.409603 -0.180117 
3.848 -0.287111 -0.242857 -0.279608 -0.23693 -0.273131 -0.231176 -0.266417 -0.22629 -0.259911 -0.221592 -0.27867 -0.235047 -0.271367 -0.229525 
4.164 -0.190549 -0.299699 -0.185711 -0.292871 -0.18171 -0.286134 -0.177453 -0.280457 -0.17321 -0.27493 -0.182203 -0.291893 -0.177577 -0.285457 
4.566 -0.0741268 -0.0860293 -0.0723354 -0.0844339 -0.0708927 -0.0826773 -0.0691694 -0.0815007 -0.0675326 -0.0801565 -0.0662269 -0.078887 -0.0642736 -0.0775279 
4.523 -0.0980962 -0.255184 -0.0957253 -0.249821 -0.0938775 -0.244467 -0.0917111 -0.239947 -0.0895132 -0.235482 -0.0899168 -0.247829 -0.0876079 -0.242801 
4.508 -0.0905629 -0.114108 -0.0883886 -0.112003 -0.0867538 -0.109598 -0.0847664 -0.108032 -0.0827599 -0.10631 -0.0825656 -0.107007 -0.0803493 -0.10501 
4.402 -0.117956 -0.142186 -0.115146 -0.139362 -0.11281 -0.136429 -0.110225 -0.134159 -0.107651 -0.13184 -0.109959 -0.135024 -0.107174 -0.132398 
4.582 -0.0631694 -0.0647993 -0.06147 -0.0636218 -0.0602952 -0.0624093 -0.0588214 -0.0617778 -0.0573197 -0.0609998 -0.055105 -0.0575791 -0.0534275 -0.0566271 
4.664 -0.0672785 -0.172319 -0.0656703 -0.168761 -0.0644878 -0.165527 -0.0629724 -0.162426 -0.0614197 -0.159689 -0.0592747 -0.165092 -0.0575527 -0.162176 
4.562 -0.0871387 -0.181222 -0.0850311 -0.177518 -0.0833352 -0.173725 -0.0813466 -0.170745 -0.0792953 -0.167656 -0.0791063 -0.173912 -0.076908 -0.170522 
3.9 -0.252869 -0.101781 -0.246136 -0.0994714 -0.240428 -0.0970906 -0.234491 -0.0953823 -0.228694 -0.0937641 -0.244735 -0.0943882 -0.238187 -0.0923646 
3.609 -0.372716 -0.385303 -0.362282 -0.374992 -0.353059 -0.365142 -0.34373 -0.356401 -0.334741 -0.348083 -0.363682 -0.376792 -0.353496 -0.366979 
4.395 -0.116587 -0.12575 -0.11374 -0.123108 -0.111424 -0.120367 -0.108854 -0.118321 -0.1063 -0.116295 -0.10856 -0.118488 -0.105758 -0.116169 
4.645 -0.0686481 -0.241487 -0.0669883 -0.236636 -0.0658084 -0.23166 -0.0642937 -0.227663 -0.0627196 -0.223653 -0.0605481 -0.23417 -0.0588714 -0.229492 
4.074 -0.196028 -0.0483632 -0.191002 -0.0474227 -0.186784 -0.0462285 -0.182311 -0.0457981 -0.177989 -0.0452446 -0.188013 -0.0410037 -0.183101 -0.0402771 
4.488 -0.098781 -0.188755 -0.0964534 -0.184803 -0.0945457 -0.180902 -0.0924382 -0.177747 -0.0902536 -0.174528 -0.0907783 -0.181574 -0.0883202 -0.177884 
4.52 -0.094672 -0.208615 -0.0924926 -0.204303 -0.090782 -0.200081 -0.0887797 -0.196653 -0.0866631 -0.193148 -0.0865615 -0.201133 -0.0843494 -0.197412 
4.02 -0.116587 -0.0106972 -0.113309 -0.0107673 -0.110216 -0.0104968 -0.107495 -0.0108858 -0.104607 -0.0111228 -0.108941 -0.00346691 -0.105719 -0.00365509 
4.016 -0.069333 -0.0106972 -0.0674925 -0.0107407 -0.0660555 -0.0104488 -0.064377 -0.0108498 -0.0627338 -0.0110556 -0.0613734 -0.00350503 -0.0595101 -0.00367423 
3.832 -0.281633 -0.122326 -0.274017 -0.119383 -0.267449 -0.116403 -0.260585 -0.114153 -0.254024 -0.111973 -0.273369 -0.114806 -0.265935 -0.112142 
3.998 -0.229585 -0.167525 -0.223882 -0.163631 -0.219113 -0.159744 -0.213781 -0.15664 -0.20877 -0.153604 -0.22176 -0.160086 -0.216016 -0.156443 
3.676 -0.349432 -0.23053 -0.339533 -0.224563 -0.331497 -0.218855 -0.322352 -0.213933 -0.31431 -0.209307 -0.340156 -0.222607 -0.33117 -0.217121 
3.553 -0.386413 -0.1867 -0.375624 -0.181733 -0.366032 -0.176824 -0.356461 -0.172884 -0.347283 -0.16908 -0.377924 -0.178949 -0.367255 -0.174353 
3.459 -0.16521 0.0906588 -0.160162 0.0878187 -0.156089 0.0855681 -0.151641 0.0826641 -0.147564 0.0801444 -0.15737 0.0981317 -0.152343 0.095245 
4.039 -0.196713 0.0701137 -0.19057 0.0677681 -0.185512 0.0661055 -0.18 0.0636337 -0.175086 0.0615168 -0.188776 0.0775729 -0.18275 0.0751178 
3.105 -0.289166 0.123531 -0.280238 0.119696 -0.272488 0.116665 -0.264645 0.112932 -0.257285 0.109479 -0.281463 0.131202 -0.272699 0.127374 
4.043 -0.213834 -0.0860293 -0.208303 -0.0841534 -0.203546 -0.0821479 -0.198541 -0.0808761 -0.193743 -0.0795254 -0.205784 -0.0786108 -0.20032 -0.0769958 
4.523 -0.0864539 -0.0921929 -0.0843492 -0.0902622 -0.0827481 -0.0882255 -0.0808288 -0.0869728 -0.0789191 -0.0856131 -0.0784289 -0.0849203 -0.076293 -0.0833007 
4.227 -0.161101 -0.260663 -0.157039 -0.254826 -0.153725 -0.249074 -0.149976 -0.244108 -0.146314 -0.239276 -0.15283 -0.253217 -0.148857 -0.247642 
4.289 -0.148089 -0.227791 -0.144431 -0.222715 -0.141482 -0.217777 -0.138269 -0.213653 -0.134963 -0.209559 -0.139974 -0.22034 -0.136398 -0.215653 
