3.586 -0.382304 -0.374346 -0.371656 -0.364337 -0.362214 -0.354818 -0.352695 -0.346382 -0.343481 -0.33836 -0.373344 -0.365886 -0.362897 -0.356322 
3.666 -0.351486 -0.370922 -0.341878 -0.36121 -0.333463 -0.351993 -0.324868 -0.343797 -0.316505 -0.335985 -0.34264 -0.362587 -0.333282 -0.353314 
4.742 -0.0172853 -0.044939 -0.0168327 -0.0441949 -0.016604 -0.0433446 -0.0161885 -0.0430826 -0.0156986 -0.0426106 -0.00920577 -0.0377616 -0.00863852 -0.0372943 
3.586 -0.382989 -0.394891 -0.372335 -0.384372 -0.362873 -0.37429 -0.353356 -0.365409 -0.344136 -0.356848 -0.373952 -0.386374 -0.363515 -0.376284 
3.586 -0.383673 -0.414751 -0.373048 -0.403706 -0.36361 -0.393217 -0.35412 -0.383863 -0.344929 -0.374866 -0.374592 -0.406174 -0.364207 -0.395602 
3.439 -0.437776 -0.235324 -0.425024 -0.228847 -0.413655 -0.222594 -0.402436 -0.217338 -0.391542 -0.212307 -0.428753 -0.227263 -0.416224 -0.221089 
3.719 -0.330256 -0.4216 -0.321403 -0.410765 -0.313603 -0.400445 -0.30568 -0.391261 -0.297892 -0.382421 -0.321314 -0.41299 -0.312653 -0.40266 
3.691 -0.343953 -0.401739 -0.334563 -0.391264 -0.326261 -0.381251 -0.317862 -0.372342 -0.309638 -0.3638 -0.335073 -0.393251 -0.325881 -0.383224 
3.795 -0.309026 -0.374346 -0.30079 -0.364842 -0.293542 -0.355724 -0.286153 -0.347724 -0.278929 -0.340005 -0.3003 -0.366028 -0.292196 -0.356965 
3.68 -0.347377 -0.387358 -0.337962 -0.377276 -0.329651 -0.367687 -0.321228 -0.359168 -0.313016 -0.351049 -0.338473 -0.378903 -0.329282 -0.369272 
3.889 -0.274099 -0.345583 -0.266862 -0.337025 -0.260581 -0.328826 -0.254053 -0.321603 -0.247717 -0.314654 -0.265506 -0.337521 -0.258473 -0.3294 
3.609 -0.359704 -0.0750719 -0.349369 -0.0732431 -0.340318 -0.0712176 -0.331188 -0.0700279 -0.322482 -0.0688352 -0.351369 -0.0674749 -0.341286 -0.0658505 
3.625 -0.365868 -0.372976 -0.355779 -0.36308 -0.346912 -0.353685 -0.337906 -0.345394 -0.329219 -0.337481 -0.356872 -0.364534 -0.347048 -0.355093 
2.105 -0.152198 0.163936 -0.14765 0.159146 -0.143936 0.155232 -0.139971 0.150659 -0.136185 0.146539 -0.144331 0.172067 -0.139875 0.167339 
3.615 -0.365183 -0.155198 -0.354761 -0.151184 -0.345663 -0.147182 -0.336443 -0.144013 -0.327626 -0.141004 -0.356681 -0.147459 -0.346509 -0.143718 
3.736 -0.325462 -0.396261 -0.316648 -0.386071 -0.308929 -0.376339 -0.301034 -0.367664 -0.293328 -0.359356 -0.316652 -0.387901 -0.308053 -0.378159 
3.824 -0.29396 -0.372291 -0.286218 -0.363006 -0.279507 -0.354137 -0.272573 -0.346292 -0.265789 -0.338736 -0.285261 -0.364036 -0.277731 -0.355221 
3.791 -0.309026 -0.412012 -0.300791 -0.40155 -0.293551 -0.391551 -0.286148 -0.382647 -0.278885 -0.374077 -0.300223 -0.403556 -0.292181 -0.393539 
4.598 -0.0556362 -0.036721 -0.0541366 -0.0362415 -0.053103 -0.035405 -0.0517686 -0.0353022 -0.050418 -0.0350359 -0.0476218 -0.0295588 -0.0460876 -0.0291938 
4.141 -0.180277 -0.0572661 -0.175655 -0.0562224 -0.171722 -0.0548549 -0.167534 -0.0542229 -0.163484 -0.0534744 -0.172287 -0.0499863 -0.167718 -0.0490527 
3.885 -0.275469 -0.401739 -0.268259 -0.391762 -0.26194 -0.382229 -0.255407 -0.37374 -0.248998 -0.365573 -0.266863 -0.393409 -0.25973 -0.383897 
3.736 -0.329571 -0.382564 -0.320734 -0.372765 -0.312955 -0.363407 -0.305057 -0.355129 -0.297297 -0.347175 -0.320743 -0.374207 -0.31211 -0.364872 
4.152 -0.182331 -0.190809 -0.177731 -0.186482 -0.17388 -0.182202 -0.16975 -0.178721 -0.16569 -0.175259 -0.174114 -0.18329 -0.169624 -0.179296 
4.715 -0.052212 -0.100411 -0.050919 -0.0984233 -0.0500791 -0.0962595 -0.0489297 -0.0947846 -0.04771 -0.0932316 -0.0441746 -0.0933225 -0.0428489 -0.0915412 
4.023 -0.219997 -0.0586358 -0.214271 -0.0574633 -0.209401 -0.0560538 -0.204311 -0.0553709 -0.199389 -0.0545794 -0.211897 -0.0512912 -0.206297 -0.0502508 
3.795 -0.308341 -0.354486 -0.300118 -0.345485 -0.292946 -0.336923 -0.285512 -0.329329 -0.278386 -0.322046 -0.299638 -0.346262 -0.291603 -0.337751 
3.764 -0.302863 -0.066169 -0.294653 -0.0646861 -0.287555 -0.062999 -0.280231 -0.0619811 -0.273264 -0.0610378 -0.294709 -0.0588526 -0.286687 -0.0575135 
3.842 -0.289166 -0.347637 -0.281512 -0.338937 -0.274896 -0.330633 -0.267998 -0.323271 -0.261286 -0.316228 -0.28062 -0.339573 -0.273136 -0.3313 
3.85 -0.287111 -0.417491 -0.279487 -0.406951 -0.272873 -0.396937 -0.266033 -0.387975 -0.25929 -0.37936 -0.278462 -0.40916 -0.271022 -0.399098 
3.227 -0.18918 0.117367 -0.183161 0.113521 -0.178063 0.110442 -0.172853 0.106738 -0.167883 0.103405 -0.181415 0.125044 -0.175458 0.121181 
3.439 -0.435036 -0.205876 -0.4222 -0.200259 -0.410835 -0.19473 -0.399501 -0.190195 -0.388666 -0.185868 -0.426234 -0.198051 -0.413715 -0.192697 
3.838 -0.290536 -0.385988 -0.282854 -0.376294 -0.276187 -0.367054 -0.269315 -0.358827 -0.262582 -0.35095 -0.281878 -0.377747 -0.274421 -0.368474 
3.602 -0.361074 -0.101096 -0.350724 -0.0986206 -0.341682 -0.0959029 -0.332513 -0.0940581 -0.323783 -0.0923226 -0.352702 -0.0935831 -0.34258 -0.0912103 
3.709 -0.337105 -0.370237 -0.327936 -0.36065 -0.319816 -0.351478 -0.311574 -0.343399 -0.303547 -0.33563 -0.328406 -0.361956 -0.319406 -0.352805 
3.676 -0.346007 -0.423654 -0.336613 -0.412611 -0.328324 -0.402083 -0.319876 -0.392699 -0.311669 -0.383693 -0.337088 -0.415091 -0.327901 -0.40452 
3.738 -0.326147 -0.35928 -0.317394 -0.350046 -0.309691 -0.341221 -0.301795 -0.333429 -0.29414 -0.325965 -0.317425 -0.351035 -0.308794 -0.342198 
3.637 -0.363128 -0.388728 -0.353085 -0.378461 -0.344263 -0.368673 -0.33529 -0.359965 -0.3266 -0.351661 -0.354158 -0.380279 -0.344364 -0.370436 
3.182 -0.287796 0.117367 -0.278897 0.113669 -0.271178 0.110734 -0.263399 0.107169 -0.25606 0.103855 -0.280072 0.124978 -0.271375 0.121272 
3.793 -0.309026 -0.392837 -0.30075 -0.382848 -0.293552 -0.373292 -0.286143 -0.364828 -0.27891 -0.356673 -0.30026 -0.384483 -0.292196 -0.374969 
3.623 -0.355595 -0.133283 -0.345594 -0.129814 -0.336808 -0.126275 -0.327888 -0.123595 -0.319334 -0.121013 -0.347346 -0.125758 -0.337545 -0.122504 
3.885 -0.275469 -0.383249 -0.268257 -0.373759 -0.261975 -0.364664 -0.25544 -0.356597 -0.249051 -0.348859 -0.266837 -0.374997 -0.259783 -0.365918 
3.688 -0.330941 -0.130544 -0.321861 -0.127346 -0.313991 -0.123995 -0.305893 -0.121537 -0.298175 -0.119135 -0.322604 -0.123021 -0.313744 -0.120018 
4.055 -0.0433091 -0.0100123 -0.0420316 -0.0101792 -0.04123 -0.00992033 -0.0401364 -0.0104246 -0.0389917 -0.0106898 -0.035194 -0.00289175 -0.0339184 -0.00311651 
3.541 -0.400794 -0.238063 -0.38926 -0.23162 -0.379098 -0.225337 -0.368897 -0.220059 -0.359116 -0.215008 -0.391908 -0.230156 -0.380695 -0.224038 
3.582 -0.379564 -0.199712 -0.368824 -0.194493 -0.359385 -0.189372 -0.349854 -0.185219 -0.340745 -0.181188 -0.370901 -0.191945 -0.360397 -0.187053 
3.475 -0.417231 -0.197658 -0.405236 -0.192331 -0.394653 -0.187125 -0.384037 -0.182855 -0.37387 -0.178773 -0.408497 -0.18987 -0.39673 -0.184839 
4.34 0.0422956 0.0146418 0.0416671 0.01402 0.0406937 0.0137561 0.040106 0.012835 0.0395335 0.0121862 0.0507027 0.0219082 0.0500114 0.0211063 
4.254 0.0162717 0.0427202 0.016116 0.0413226 0.0155911 0.040447 0.0153357 0.038918 0.0152079 0.0376265 0.0246006 0.0500742 0.0244839 0.048645 
3.646 -0.359704 -0.219573 -0.349968 -0.21391 -0.341175 -0.208367 -0.332249 -0.20368 -0.323799 -0.199266 -0.351352 -0.211804 -0.3415 -0.206424 
3.967 -0.0597452 0.0454595 -0.0581064 0.0439228 -0.0568822 0.0429221 -0.0553991 0.0412247 -0.0539125 0.0398279 -0.0517878 0.0528113 -0.0500345 0.0512654 
3.719 -0.326832 -0.185331 -0.317827 -0.180598 -0.31003 -0.17594 -0.302102 -0.172142 -0.294493 -0.168518 -0.318247 -0.17767 -0.309441 -0.173222 
3.613 -0.299438 0.105725 -0.290254 0.102328 -0.282317 0.0996775 -0.274298 0.0963032 -0.266749 0.0932306 -0.291666 0.113361 -0.282691 0.10996 
4.691 -0.0453636 -0.0757567 -0.0441814 -0.0743027 -0.043357 -0.0726506 -0.042294 -0.0716726 -0.041187 -0.0705249 -0.0373179 -0.0686896 -0.0360495 -0.0674028 
4.238 -0.026873 -0.0285029 -0.0261085 -0.0281988 -0.0256964 -0.0275439 -0.0249958 -0.027585 -0.0242605 -0.027463 -0.0188012 -0.0213245 -0.0179273 -0.0211841 
3.859 -0.278208 -0.179167 -0.270857 -0.174794 -0.264496 -0.17048 -0.257927 -0.167006 -0.251555 -0.163612 -0.269789 -0.171585 -0.262674 -0.167488 
3.953 -0.244651 -0.174373 -0.238239 -0.170312 -0.232792 -0.166228 -0.227038 -0.162917 -0.221537 -0.159717 -0.236358 -0.166877 -0.230134 -0.16305 
3.209 -0.256978 0.111889 -0.249028 0.108136 -0.242172 0.105221 -0.235298 0.101541 -0.228653 0.0982761 -0.249361 0.119463 -0.241578 0.115728 
3.764 -0.161101 0.0194357 -0.156775 0.0185282 -0.153096 0.0181677 -0.149146 0.0171275 -0.145311 0.0163771 -0.153195 0.0268187 -0.148898 0.0258542 
3.932 -0.242597 -0.0908232 -0.236239 -0.0887757 -0.230853 -0.0865085 -0.225227 -0.0850444 -0.219819 -0.0835869 -0.234402 -0.0834527 -0.228222 -0.0815479 
4.676 -0.0350911 -0.044939 -0.034085 -0.0443258 -0.0334877 -0.0434358 -0.0326169 -0.0432048 -0.0316811 -0.0426868 -0.0269853 -0.0378864 -0.0259175 -0.0373178 
3.75 -0.308341 -0.0805506 -0.300001 -0.0787425 -0.292726 -0.0765855 -0.285287 -0.0752816 -0.278165 -0.0739684 -0.300157 -0.0731647 -0.291984 -0.0714287 
3.873 -0.277524 -0.216148 -0.270227 -0.210896 -0.263942 -0.205695 -0.257357 -0.201369 -0.251074 -0.197221 -0.269266 -0.20855 -0.262056 -0.203543 
4.16 -0.183701 -0.204506 -0.179028 -0.199895 -0.175167 -0.195316 -0.171027 -0.191544 -0.166959 -0.187819 -0.175456 -0.197007 -0.170957 -0.192686 
3.697 -0.332995 -0.154513 -0.323857 -0.15066 -0.315958 -0.146824 -0.30776 -0.14386 -0.299996 -0.140954 -0.324604 -0.1469 -0.315666 -0.143284 
3.488 -0.4186 -0.229845 -0.406535 -0.223642 -0.395877 -0.217673 -0.385182 -0.212627 -0.37492 -0.207799 -0.409801 -0.221852 -0.398032 -0.216058 
3.732 -0.324777 -0.220942 -0.316027 -0.215338 -0.308403 -0.209835 -0.30051 -0.205255 -0.293095 -0.200862 -0.316376 -0.213284 -0.307871 -0.207998 
3.621 -0.370662 -0.231215 -0.360217 -0.225134 -0.351066 -0.219155 -0.341886 -0.214156 -0.332937 -0.209382 -0.361833 -0.223362 -0.351692 -0.217564 
3.346 -0.476127 -0.233954 -0.461841 -0.227322 -0.449145 -0.220898 -0.436566 -0.215485 -0.424516 -0.210373 -0.46703 -0.225894 -0.453088 -0.219564 
4.383 -0.0419395 -0.032612 -0.0408502 -0.0322301 -0.0400819 -0.0315436 -0.0390496 -0.0315454 -0.0380047 -0.0313628 -0.0338926 -0.0255356 -0.0327098 -0.0253095 
3.686 -0.340529 -0.216833 -0.331351 -0.211348 -0.323212 -0.20595 -0.314889 -0.201409 -0.306932 -0.197097 -0.332164 -0.209106 -0.323084 -0.203886 
3.537 -0.401479 -0.224367 -0.39002 -0.218313 -0.379882 -0.212515 -0.36967 -0.207621 -0.359894 -0.20293 -0.392667 -0.21634 -0.381433 -0.21071 
3.648 -0.358334 -0.415436 -0.348448 -0.40454 -0.339652 -0.394114 -0.330753 -0.384822 -0.322132 -0.375949 -0.349438 -0.406918 -0.339703 -0.396497 
3.916 -0.259718 -0.203137 -0.252902 -0.19824 -0.246877 -0.19341 -0.240829 -0.189488 -0.234814 -0.185616 -0.251405 -0.195466 -0.244734 -0.19093 
3.65 -0.35491 -0.192864 -0.344961 -0.187879 -0.33632 -0.18298 -0.327615 -0.178989 -0.319146 -0.175158 -0.346415 -0.18512 -0.336863 -0.180468 
4.086 -0.202876 -0.150404 -0.197705 -0.14702 -0.193445 -0.14363 -0.188776 -0.140978 -0.184241 -0.138338 -0.19465 -0.142992 -0.189616 -0.139858 
3.879 -0.283002 -0.323668 -0.275583 -0.315639 -0.269135 -0.307882 -0.262514 -0.301078 -0.255999 -0.29459 -0.274427 -0.315719 -0.267196 -0.308047 
3.863 -0.282317 -0.229845 -0.274867 -0.224334 -0.268418 -0.218949 -0.261726 -0.214283 -0.255247 -0.209932 -0.273927 -0.222183 -0.266609 -0.216933 
3.922 -0.257663 -0.181907 -0.251022 -0.177605 -0.24504 -0.17332 -0.239191 -0.169861 -0.233194 -0.166468 -0.249342 -0.174386 -0.242861 -0.170351 
4.75 -0.0378304 -0.0969867 -0.0367663 -0.0949796 -0.0360936 -0.0928931 -0.0352085 -0.091439 -0.0341584 -0.0898715 -0.029712 -0.0898687 -0.0286514 -0.0881469 
3.574 -0.135077 0.115313 -0.131176 0.111934 -0.127995 0.109249 -0.124511 0.105871 -0.121246 0.10294 -0.127231 0.123 -0.123357 0.119613 
3.816 -0.290536 -0.186016 -0.282691 -0.181487 -0.276008 -0.177004 -0.269177 -0.173384 -0.262529 -0.169842 -0.282438 -0.178456 -0.274764 -0.174179 
4.016 -0.23164 -0.202452 -0.225648 -0.197747 -0.220581 -0.193164 -0.215221 -0.18937 -0.209966 -0.185665 -0.223152 -0.194782 -0.217487 -0.190463 
4.676 -0.0638543 -0.225736 -0.0623822 -0.221187 -0.0613447 -0.216691 -0.0599879 -0.213001 -0.0585238 -0.209206 -0.0557971 -0.218437 -0.0542688 -0.21425 
4.484 -0.10152 -0.163416 -0.099083 -0.160088 -0.0971325 -0.156621 -0.0949161 -0.153979 -0.0926004 -0.151202 -0.0934733 -0.156177 -0.0909912 -0.153077 
4.648 -0.0549514 -0.0531571 -0.0534852 -0.0522231 -0.0524782 -0.0510569 -0.0511766 -0.0506154 -0.0498642 -0.0499772 -0.0469271 -0.0460473 -0.0454413 -0.045295 
4.164 -0.132338 -0.0100123 -0.128775 -0.0101175 -0.12581 -0.00977382 -0.122655 -0.0102169 -0.119615 -0.0104463 -0.124384 -0.00279298 -0.120881 -0.00291479 
2.074 -0.252185 0.186536 -0.243035 0.180041 -0.235594 0.174669 -0.227905 0.168679 -0.220307 0.163103 -0.242621 0.193948 -0.233859 0.187762 
4.078 -0.206985 -0.197658 -0.201763 -0.193112 -0.197202 -0.188631 -0.192446 -0.184951 -0.187808 -0.181364 -0.198671 -0.190107 -0.193573 -0.18592 
3.832 -0.298069 -0.317504 -0.290015 -0.309437 -0.283024 -0.301624 -0.275788 -0.294903 -0.268792 -0.288378 -0.289491 -0.309509 -0.281646 -0.301825 
3.803 -0.301493 -0.219573 -0.293644 -0.214149 -0.286669 -0.208818 -0.27945 -0.204345 -0.272548 -0.200054 -0.293294 -0.211944 -0.285475 -0.2068 
4.473 -0.100836 -0.138077 -0.0984164 -0.135383 -0.0965615 -0.132493 -0.0943157 -0.130281 -0.0921087 -0.12804 -0.0928075 -0.1309 -0.0903521 -0.128369 
4.34 -0.0111218 -0.0298726 -0.010787 -0.029533 -0.0105734 -0.0287598 -0.0100962 -0.0287215 -0.00963789 -0.0284735 -0.00316588 -0.0228884 -0.00258934 -0.0225985 
4.035 -0.217258 -0.153828 -0.211664 -0.150339 -0.20682 -0.146818 -0.201743 -0.144098 -0.196784 -0.141387 -0.208982 -0.146385 -0.203436 -0.143171 
4.426 -0.10152 -0.0524723 -0.0990011 -0.0515312 -0.0970351 -0.0503273 -0.0947988 -0.0499355 -0.0924242 -0.0493639 -0.0935736 -0.0453226 -0.091013 -0.0446202 
2.254 -0.268621 0.190645 -0.259469 0.184133 -0.251578 0.178673 -0.243674 0.172628 -0.236287 0.167107 -0.261131 0.198653 -0.25214 0.192193 
3.775 -0.294645 -0.0949322 -0.286466 -0.0927059 -0.279429 -0.0902862 -0.272141 -0.0886574 -0.265191 -0.0870444 -0.286394 -0.0875469 -0.278459 -0.0854334 
3.541 -0.394631 -0.198343 -0.383395 -0.193065 -0.373425 -0.187858 -0.36338 -0.183606 -0.35374 -0.179533 -0.386083 -0.190561 -0.375069 -0.185568 
4.297 -0.14398 -0.152459 -0.140341 -0.149101 -0.13739 -0.145715 -0.134118 -0.143201 -0.130882 -0.140504 -0.135901 -0.145095 -0.132304 -0.142018 
3.512 -0.404219 -0.171634 -0.392434 -0.167111 -0.382437 -0.162613 -0.372144 -0.159023 -0.362261 -0.155583 -0.395486 -0.163871 -0.384166 -0.159626 
4.352 -0.0741268 -0.015491 -0.0723239 -0.0155179 -0.0709131 -0.0151743 -0.0691612 -0.015528 -0.0674929 -0.0156801 -0.0662367 -0.00830032 -0.0643477 -0.00841806 
4.047 -0.214519 -0.125065 -0.209051 -0.122328 -0.204214 -0.119478 -0.199269 -0.117369 -0.194415 -0.115284 -0.206391 -0.117719 -0.20101 -0.115182 
3.766 -0.308341 -0.149034 -0.300058 -0.145378 -0.29291 -0.141697 -0.28555 -0.138837 -0.278503 -0.136062 -0.300015 -0.141452 -0.291986 -0.138099 
3.166 -0.274099 0.115998 -0.265516 0.11221 -0.258122 0.109193 -0.25056 0.105515 -0.243511 0.102218 -0.266009 0.123471 -0.257543 0.119668 
3.164 -0.542556 -0.203137 -0.525573 -0.197142 -0.510343 -0.191234 -0.495311 -0.186392 -0.48106 -0.18186 -0.533433 -0.195184 -0.516755 -0.189397 
3.145 -0.549404 -0.156568 -0.531995 -0.151839 -0.516508 -0.147162 -0.501162 -0.143408 -0.486649 -0.139976 -0.540384 -0.148718 -0.523346 -0.144205 
4.562 -0.0864539 -0.16684 -0.0842788 -0.163365 -0.0826581 -0.159992 -0.080697 -0.157297 -0.0787562 -0.154537 -0.0784085 -0.159641 -0.0762316 -0.156473 
3.691 -0.339844 -0.192864 -0.330357 -0.187975 -0.322158 -0.183151 -0.313725 -0.179244 -0.30567 -0.175465 -0.33138 -0.185163 -0.322218 -0.180599 
3.955 -0.254924 -0.309286 -0.24827 -0.301718 -0.242562 -0.294379 -0.23661 -0.288027 -0.230762 -0.281879 -0.246402 -0.301398 -0.239913 -0.294214 
4.301 -0.144665 -0.175743 -0.141019 -0.172028 -0.138055 -0.168123 -0.134739 -0.164947 -0.13149 -0.161876 -0.136592 -0.168472 -0.132955 -0.164895 
4.191 -0.178222 -0.286002 -0.173702 -0.279379 -0.169912 -0.272937 -0.165873 -0.267373 -0.161862 -0.261957 -0.169964 -0.278341 -0.165553 -0.272091 
3.574 -0.380249 -0.151089 -0.36941 -0.147205 -0.359941 -0.143236 -0.350346 -0.140197 -0.341225 -0.137265 -0.371861 -0.143467 -0.361278 -0.139796 
3.533 -0.389837 -0.0860293 -0.378756 -0.0839116 -0.368994 -0.0815983 -0.359123 -0.0801512 -0.349677 -0.0787328 -0.381575 -0.0784727 -0.370749 -0.0765358 
4.613 -0.0727572 -0.10315 -0.0709624 -0.101138 -0.0695772 -0.0988634 -0.067902 -0.0973668 -0.0662502 -0.0957533 -0.0648016 -0.0960576 -0.0628777 -0.0941885 
2.348 -0.278208 0.172839 -0.268803 0.166957 -0.260662 0.162041 -0.252512 0.156526 -0.24487 0.151506 -0.270719 0.180732 -0.261474 0.174863 
3.504 -0.402164 -0.131229 -0.390609 -0.127849 -0.380473 -0.124332 -0.370175 -0.121764 -0.360387 -0.119277 -0.393551 -0.123566 -0.382262 -0.120391 
3.785 -0.296699 -0.12438 -0.288491 -0.121343 -0.281391 -0.118337 -0.274088 -0.115971 -0.26708 -0.113725 -0.288391 -0.116927 -0.280405 -0.114102 
3.41 -0.43983 -0.153143 -0.426863 -0.148851 -0.415327 -0.144602 -0.403872 -0.141262 -0.392993 -0.13813 -0.43106 -0.145391 -0.418411 -0.141361 
3.77 -0.304232 -0.164101 -0.296031 -0.16004 -0.288883 -0.155928 -0.281544 -0.152684 -0.274514 -0.14953 -0.295896 -0.156583 -0.287885 -0.152723 
3.736 -0.311081 -0.112738 -0.302662 -0.109933 -0.295387 -0.107108 -0.287897 -0.105073 -0.280749 -0.103039 -0.302802 -0.105211 -0.29459 -0.102679 
4.098 -0.200137 -0.123011 -0.194959 -0.120348 -0.190654 -0.117551 -0.186048 -0.115543 -0.181715 -0.113477 -0.192018 -0.115687 -0.18691 -0.11319 
4.059 -0.202876 -0.0606903 -0.197429 -0.0594716 -0.192763 -0.0579837 -0.187777 -0.0572401 -0.183028 -0.0564156 -0.194928 -0.0533639 -0.189558 -0.0522618 
4.406 -0.119326 -0.25176 -0.11644 -0.246341 -0.114158 -0.241012 -0.111552 -0.236472 -0.108924 -0.232033 -0.111221 -0.244372 -0.108367 -0.239251 
3.814 -0.301493 -0.241487 -0.293419 -0.235478 -0.286375 -0.229677 -0.279162 -0.224782 -0.272177 -0.220036 -0.293007 -0.233678 -0.285137 -0.228035 
3.709 -0.282317 0.098192 -0.273786 0.0949822 -0.266196 0.0924435 -0.258614 0.0892989 -0.251408 0.0864168 -0.274644 0.105778 -0.266134 0.102541 
3.355 -0.476127 -0.251075 -0.461909 -0.243977 -0.449237 -0.237069 -0.436645 -0.231239 -0.424603 -0.225703 -0.467059 -0.243048 -0.453209 -0.236277 
4.547 -0.0837146 -0.130544 -0.0816404 -0.127907 -0.0800349 -0.125256 -0.0781561 -0.12326 -0.0762572 -0.121161 -0.0756648 -0.123392 -0.0735965 -0.121019 
3.621 -0.363813 -0.176428 -0.353453 -0.171839 -0.344321 -0.16725 -0.33511 -0.163559 -0.326318 -0.159962 -0.35525 -0.168807 -0.345114 -0.164425 
3.4 -0.4412 -0.120956 -0.428081 -0.117628 -0.416433 -0.114197 -0.404714 -0.111679 -0.393768 -0.109269 -0.432462 -0.113304 -0.41958 -0.110168 
3.918 -0.240542 -0.0428845 -0.234251 -0.0420348 -0.228906 -0.0409596 -0.223315 -0.0406114 -0.217933 -0.0401758 -0.232461 -0.0354719 -0.226321 -0.0348243 
3.416 -0.44257 -0.171634 -0.429576 -0.16695 -0.418115 -0.16228 -0.406654 -0.15861 -0.395642 -0.155083 -0.433879 -0.16384 -0.421179 -0.159415 
3.771 -0.287796 -0.0442542 -0.279818 -0.043296 -0.272877 -0.042132 -0.26581 -0.0417735 -0.259032 -0.041321 -0.279765 -0.0367964 -0.271902 -0.0360556 
3.57 -0.37751 -0.115477 -0.366632 -0.112477 -0.357238 -0.109427 -0.34768 -0.107183 -0.338588 -0.10497 -0.369141 -0.107935 -0.358584 -0.105164 
2.639 -0.21041 0.133804 -0.20369 0.129448 -0.197901 0.125956 -0.192006 0.12177 -0.186499 0.117934 -0.202843 0.141601 -0.196184 0.137262 
3.984 -0.233009 -0.14698 -0.22706 -0.143602 -0.221877 -0.140097 -0.21646 -0.137449 -0.21123 -0.134814 -0.224525 -0.139513 -0.218639 -0.136363 
3.951 -0.254924 -0.233954 -0.248297 -0.228339 -0.242654 -0.22292 -0.236754 -0.218253 -0.231016 -0.213833 -0.246511 -0.226328 -0.240097 -0.220999 
3.51 -0.212464 0.0762772 -0.205705 0.0736417 -0.199981 0.0717196 -0.194138 0.0690775 -0.188572 0.0667037 -0.204746 0.083753 -0.198112 0.0811466 
3.5 -0.405588 -0.113423 -0.393694 -0.110441 -0.383297 -0.107388 -0.372789 -0.105137 -0.362736 -0.102993 -0.397009 -0.105801 -0.385449 -0.103039 
4.016 -0.225476 -0.109999 -0.219601 -0.10752 -0.214473 -0.104867 -0.209213 -0.103025 -0.203999 -0.101157 -0.21734 -0.102621 -0.211543 -0.10034 
4.105 -0.190549 -0.0668539 -0.185775 -0.0656332 -0.181811 -0.0641065 -0.177547 -0.0633265 -0.173442 -0.0624754 -0.182482 -0.0595709 -0.177832 -0.058454 
4.066 -0.202876 -0.0757567 -0.197617 -0.0742576 -0.193214 -0.0724894 -0.188546 -0.0714936 -0.184011 -0.0703893 -0.194717 -0.0684444 -0.189645 -0.0670902 
2.512 -0.239858 0.140652 -0.231975 0.135915 -0.225257 0.132059 -0.218431 0.127541 -0.211992 0.123475 -0.232116 0.14837 -0.224333 0.143652 
4.336 -0.135762 -0.240118 -0.132431 -0.234801 -0.129685 -0.229509 -0.126654 -0.225034 -0.123649 -0.220639 -0.127637 -0.232713 -0.124359 -0.227629 
3.51 -0.39874 -0.100411 -0.387106 -0.097753 -0.376994 -0.0949012 -0.366833 -0.0929612 -0.357237 -0.0910284 -0.390317 -0.0928661 -0.379053 -0.0903805 
4.273 -0.14535 -0.133283 -0.141697 -0.130333 -0.138746 -0.127401 -0.135422 -0.125056 -0.132171 -0.122755 -0.137304 -0.126088 -0.13368 -0.123358 
3.521 -0.399425 -0.157252 -0.387873 -0.153084 -0.377804 -0.148896 -0.367645 -0.145624 -0.358153 -0.142513 -0.390872 -0.149569 -0.379697 -0.145644 
4.402 -0.120696 -0.237378 -0.117772 -0.232187 -0.115444 -0.227073 -0.11277 -0.222722 -0.110042 -0.218449 -0.112615 -0.230004 -0.109685 -0.225082 
3.82 -0.282317 -0.10315 -0.274734 -0.100762 -0.268205 -0.0981983 -0.261444 -0.0964684 -0.254938 -0.094696 -0.273991 -0.095612 -0.266673 -0.0934102 
3.945 -0.244651 -0.120271 -0.238276 -0.11745 -0.232917 -0.114782 -0.227271 -0.112725 -0.221834 -0.110635 -0.236459 -0.112805 -0.230211 -0.110216 
4.363 -0.12275 -0.0908232 -0.119713 -0.0891328 -0.117227 -0.0870977 -0.114495 -0.0858523 -0.111844 -0.0845524 -0.114806 -0.0836455 -0.11174 -0.0820526 
4.332 -0.135077 -0.216833 -0.131749 -0.21197 -0.129094 -0.207201 -0.12608 -0.203284 -0.123115 -0.199355 -0.12701 -0.20945 -0.123708 -0.204899 
4.301 -0.137132 -0.087399 -0.133601 -0.0856131 -0.130669 -0.0836804 -0.127624 -0.0824118 -0.124417 -0.0811055 -0.129135 -0.0800968 -0.125737 -0.078607 
3.691 -0.326832 -0.0880838 -0.317772 -0.0861303 -0.30996 -0.0839024 -0.301946 -0.082519 -0.294285 -0.081122 -0.318474 -0.080735 -0.30971 -0.0788271 
3.453 -0.424079 -0.160677 -0.411737 -0.156328 -0.40067 -0.151979 -0.389774 -0.148562 -0.379134 -0.145265 -0.415353 -0.15292 -0.40322 -0.148803 
4.371 -0.12412 -0.109314 -0.121111 -0.107012 -0.118616 -0.104653 -0.115866 -0.102905 -0.113097 -0.101112 -0.116128 -0.102083 -0.11315 -0.0999881 
4.652 -0.0631694 -0.126435 -0.0616222 -0.124032 -0.0605212 -0.121386 -0.0590815 -0.11968 -0.0575988 -0.117432 -0.0551739 -0.119372 -0.0535876 -0.11711 
4.234 -0.155623 -0.142871 -0.151789 -0.139947 -0.14862 -0.136822 -0.145112 -0.134476 -0.141647 -0.132174 -0.147592 -0.135627 -0.143764 -0.132833 
3.379 -0.439145 -0.0709629 -0.426068 -0.069113 -0.414326 -0.0669983 -0.402521 -0.0657414 -0.391617 -0.0645174 -0.430568 -0.0634001 -0.417665 -0.0616716 
3.477 -0.409012 -0.0647993 -0.397013 -0.0631302 -0.386354 -0.0611606 -0.375885 -0.0601237 -0.365826 -0.0590523 -0.400606 -0.057292 -0.388815 -0.0557135 
4.102 -0.196713 -0.163416 -0.191809 -0.159712 -0.18752 -0.155991 -0.183226 -0.15307 -0.178742 -0.150118 -0.188668 -0.15601 -0.183596 -0.15254 
2.566 -0.196028 0.139967 -0.189753 0.135416 -0.184452 0.13172 -0.179046 0.127319 -0.173841 0.123428 -0.188438 0.147831 -0.182192 0.143364 
3.559 -0.37888 -0.0764416 -0.36807 -0.0745997 -0.358733 -0.0725667 -0.349092 -0.0713106 -0.340088 -0.0700719 -0.370672 -0.0688902 -0.360179 -0.0672205 
4.566 -0.0782359 -0.116162 -0.0763304 -0.113964 -0.0748968 -0.111526 -0.0731498 -0.109958 -0.0714288 -0.108191 -0.0702454 -0.109043 -0.0683013 -0.107015 
4.27 -0.151513 -0.242857 -0.147708 -0.237345 -0.144588 -0.231938 -0.141118 -0.22734 -0.137688 -0.222793 -0.143364 -0.235447 -0.139613 -0.230206 
3.811 -0.237118 0.0762772 -0.229796 0.0737474 -0.223443 0.0718774 -0.216948 0.0692845 -0.210778 0.0669237 -0.229429 0.0838247 -0.222129 0.0812246 
3.732 -0.303547 -0.0442542 -0.295293 -0.0433042 -0.288169 -0.0421155 -0.28089 -0.0416845 -0.273856 -0.0412341 -0.295366 -0.0367915 -0.287342 -0.0360269 
4.398 -0.120696 -0.222312 -0.117852 -0.217553 -0.115515 -0.212791 -0.112861 -0.208895 -0.110235 -0.204948 -0.11263 -0.214946 -0.10976 -0.210488 
3.818 -0.283002 -0.0668539 -0.275556 -0.0653373 -0.269295 -0.0636627 -0.261912 -0.0626718 -0.254903 -0.0616837 -0.274777 -0.0594497 -0.267465 -0.0581021 
3.447 -0.430242 -0.192864 -0.417587 -0.187588 -0.406439 -0.182352 -0.39515 -0.178079 -0.384484 -0.173981 -0.421869 -0.185128 -0.409505 -0.180084 
3.453 -0.417231 -0.101781 -0.404983 -0.0990438 -0.39406 -0.0961251 -0.383298 -0.0940701 -0.372976 -0.09215 -0.408631 -0.0942042 -0.396672 -0.0916105 
4.402 -0.117956 -0.142186 -0.115164 -0.139359 -0.112825 -0.136378 -0.11023 -0.134145 -0.107623 -0.131815 -0.109969 -0.135011 -0.107149 -0.132319 
4.57 -0.0864539 -0.195603 -0.0844789 -0.191714 -0.0829424 -0.187719 -0.0811718 -0.184767 -0.0792252 -0.181505 -0.0784027 -0.188279 -0.0763707 -0.184806 
3.881 -0.267251 -0.14561 -0.260109 -0.142052 -0.254023 -0.138484 -0.247694 -0.135782 -0.24155 -0.13308 -0.258944 -0.138095 -0.251952 -0.134823 
3.885 -0.259718 -0.10589 -0.252804 -0.103496 -0.246908 -0.101112 -0.24073 -0.0993253 -0.234743 -0.0976521 -0.25146 -0.0984568 -0.244767 -0.0963402 
4.352 -0.129599 -0.199712 -0.126413 -0.195286 -0.123781 -0.190987 -0.120929 -0.187387 -0.117975 -0.183758 -0.121549 -0.192307 -0.118354 -0.188269 
4.074 -0.196028 -0.0483632 -0.191005 -0.047446 -0.1868 -0.0462447 -0.182294 -0.0458077 -0.177967 -0.0452538 -0.188074 -0.0410058 -0.183103 -0.0402441 
4.566 -0.0748117 -0.0846596 -0.0730032 -0.0832697 -0.0715585 -0.0813901 -0.0698268 -0.0803842 -0.0681554 -0.0792819 -0.0668918 -0.0776693 -0.0649365 -0.0764453 
4.668 -0.0672785 -0.172319 -0.0656615 -0.168783 -0.064468 -0.165395 -0.0629609 -0.162486 -0.0614096 -0.159547 -0.0592814 -0.165189 -0.0575742 -0.161941 
4 -0.229585 -0.16684 -0.223884 -0.162959 -0.218939 -0.159063 -0.213583 -0.155964 -0.208736 -0.152929 -0.222042 -0.159455 -0.216199 -0.155775 
4.355 -0.121381 -0.0723326 -0.118371 -0.0710927 -0.115965 -0.0696384 -0.113272 -0.0687441 -0.110611 -0.0678962 -0.113411 -0.0650623 -0.110454 -0.0640282 
3.85 -0.287111 -0.242857 -0.279647 -0.23693 -0.273169 -0.231167 -0.26644 -0.226294 -0.259946 -0.221584 -0.278717 -0.235058 -0.271388 -0.229505 
3.828 -0.281633 -0.122326 -0.273995 -0.11942 -0.267419 -0.116414 -0.260624 -0.114162 -0.254022 -0.11198 -0.273375 -0.114853 -0.265943 -0.112149 
4.398 -0.116587 -0.12575 -0.113702 -0.123148 -0.111402 -0.120348 -0.108858 -0.118334 -0.106277 -0.116306 -0.108541 -0.118529 -0.105715 -0.11617 
3.936 -0.244651 -0.105205 -0.23827 -0.102707 -0.232883 -0.100485 -0.227243 -0.0986944 -0.221788 -0.0970419 -0.236468 -0.097895 -0.230253 -0.0957566 
3.758 -0.314505 -0.209985 -0.305881 -0.204626 -0.298314 -0.199426 -0.29062 -0.195119 -0.283234 -0.190945 -0.306071 -0.202242 -0.297663 -0.19727 
4.516 -0.0926174 -0.116162 -0.0904074 -0.114031 -0.0887803 -0.111623 -0.0867498 -0.110039 -0.0847511 -0.108324 -0.0846194 -0.10901 -0.0823191 -0.106972 
4.492 -0.098781 -0.18807 -0.0964075 -0.184126 -0.0945664 -0.180191 -0.0924021 -0.177091 -0.0902291 -0.173851 -0.0907591 -0.18089 -0.0883117 -0.177213 
2.375 -0.197398 0.157088 -0.191045 0.152032 -0.185627 0.147869 -0.18021 0.143168 -0.175076 0.13887 -0.189731 0.164944 -0.183566 0.15999 
4.031 -0.115217 -0.011382 -0.112035 -0.011453 -0.109259 -0.0111598 -0.106494 -0.0115494 -0.10363 -0.0117724 -0.107971 -0.00415434 -0.104745 -0.00429253 
4.543 -0.0912478 -0.208615 -0.0890971 -0.204219 -0.0874823 -0.200206 -0.0854834 -0.196771 -0.0834277 -0.193259 -0.08318 -0.201296 -0.0810301 -0.197502 
3.453 -0.16521 0.089974 -0.160126 0.087107 -0.15599 0.0849903 -0.151582 0.0821268 -0.147441 0.0795066 -0.157289 0.0975572 -0.152273 0.0946323 
4.59 -0.0631694 -0.0641145 -0.0614458 -0.063106 -0.0602722 -0.0618181 -0.058805 -0.0612302 -0.0573005 -0.0604998 -0.0550895 -0.0569469 -0.0534139 -0.0561362 
4.445 -0.110423 -0.212724 -0.10781 -0.208212 -0.105627 -0.203779 -0.103236 -0.200128 -0.100826 -0.196454 -0.102283 -0.205344 -0.099679 -0.201235 
3.307 -0.493932 -0.327092 -0.479236 -0.317798 -0.46607 -0.308683 -0.452958 -0.300709 -0.440351 -0.293261 -0.484725 -0.318686 -0.470282 -0.309748 
3.76 -0.31245 -0.177113 -0.303763 -0.172715 -0.296182 -0.168303 -0.288409 -0.164759 -0.28096 -0.161308 -0.304202 -0.169536 -0.295652 -0.165376 
3.826 -0.289166 -0.20793 -0.281307 -0.202757 -0.274375 -0.19771 -0.26758 -0.193553 -0.260679 -0.1895 -0.280814 -0.200241 -0.273055 -0.19539 
4.527 -0.0864539 -0.0921929 -0.0843239 -0.0904199 -0.0827392 -0.0882 -0.0808476 -0.0869029 -0.0789386 -0.0856647 -0.0784181 -0.0849136 -0.0763023 -0.0833438 
4.047 -0.213834 -0.0860293 -0.20828 -0.0841991 -0.203549 -0.0821536 -0.19853 -0.0808772 -0.193741 -0.0795222 -0.205731 -0.0786961 -0.200296 -0.0769926 
3.678 -0.349432 -0.229845 -0.340182 -0.224012 -0.331702 -0.218242 -0.322592 -0.21331 -0.314108 -0.208651 -0.339879 -0.221937 -0.331248 -0.21645 
3.645 -0.345323 -0.121641 -0.335726 -0.118537 -0.327365 -0.115346 -0.318914 -0.113058 -0.31078 -0.110833 -0.336864 -0.114051 -0.327511 -0.111162 
3.898 -0.138502 0.013957 -0.13455 0.0132462 -0.131292 0.0129271 -0.127879 0.0119757 -0.124517 0.011145 -0.130602 0.0212986 -0.126649 0.0204614 
3.85 -0.268621 -0.0935625 -0.261372 -0.0914579 -0.25516 -0.0891104 -0.24865 -0.0876443 -0.242509 -0.0860784 -0.26027 -0.0861471 -0.253237 -0.084187 
