4.09 -0.181646 -0.032612 -0.205996 -0.0324094 -0.230144 -0.0323398 -0.254737 -0.0325392 -0.279298 -0.0326965 -0.303274 -0.0323557 -0.327394 -0.0319203 
4.113 -0.115902 -0.0196001 -0.139427 -0.0194236 -0.162764 -0.0192361 -0.186519 -0.0194191 -0.210336 -0.0194316 -0.233761 -0.0189709 -0.2575 -0.0185308 
2.922 -0.366553 0.136543 -0.400494 0.137044 -0.434185 0.137443 -0.468343 0.137658 -0.502614 0.137765 -0.536144 0.138246 -0.569597 0.138759 
4.031 -0.178222 0.000260238 -0.202853 0.000171749 -0.2273 6.69589e-05 -0.251527 -0.000160094 -0.276167 -0.000206408 -0.300545 0.000174634 -0.325238 0.000617997 
3.57 -0.340529 -0.0353513 -0.3693 -0.0351486 -0.397786 -0.0350228 -0.426787 -0.0351217 -0.455716 -0.0352871 -0.484054 -0.0349893 -0.512489 -0.03453 
3.082 -0.247391 0.183112 -0.279487 0.183496 -0.311329 0.183724 -0.343439 0.18379 -0.375329 0.183859 -0.40664 0.184142 -0.437999 0.184686 
4.059 -0.156307 -0.0175455 -0.178366 -0.0172527 -0.2003 -0.0171358 -0.222578 -0.0172197 -0.244911 -0.0172828 -0.266805 -0.0169938 -0.28881 -0.0164528 
2.949 -0.386413 0.144761 -0.421147 0.145285 -0.455667 0.145646 -0.490647 0.145821 -0.525757 0.145853 -0.559984 0.146237 -0.594078 0.146716 
2.803 0.624408 -0.120956 0.588361 -0.120568 0.552829 -0.12039 0.516437 -0.120748 0.480836 -0.120366 0.444646 -0.119454 0.409224 -0.118472 
4.051 -0.182331 -0.0134365 -0.206616 -0.0131974 -0.230686 -0.0130868 -0.255311 -0.0131963 -0.279971 -0.0132834 -0.304063 -0.0129437 -0.32828 -0.0124185 
2.943 0.489495 0.0584714 0.454156 0.0586362 0.419152 0.0587339 0.383882 0.0583218 0.348808 0.0584212 0.313993 0.0589426 0.27917 0.059457 
3.33 0.42238 -0.00521846 0.393318 -0.00494322 0.364614 -0.00475065 0.33569 -0.00504149 0.306982 -0.00486108 0.278338 -0.0041571 0.249781 -0.0035312 
3.908 -0.0843994 0.068744 -0.108775 0.0689739 -0.132986 0.0692019 -0.157565 0.0690575 -0.182177 0.0690492 -0.206537 0.0694945 -0.230759 0.0699793 
4.434 -0.0556362 0.0269689 -0.0786791 0.0271904 -0.101669 0.0273125 -0.124941 0.0271875 -0.148187 0.027186 -0.171013 0.0276796 -0.194069 0.0281519 
3.723 -0.143295 0.072853 -0.17033 0.0731447 -0.197053 0.0733778 -0.224182 0.0733646 -0.251447 0.073427 -0.278304 0.0738875 -0.305216 0.0744104 
3.277 -0.4186 -0.0531571 -0.449921 -0.052882 -0.48105 -0.0527231 -0.512673 -0.0527648 -0.544176 -0.0529848 -0.574763 -0.0525907 -0.605345 -0.0521808 
4.125 -0.110423 -0.0339816 -0.134116 -0.0336141 -0.157733 -0.0333521 -0.181612 -0.0336283 -0.205722 -0.0336822 -0.229315 -0.0332043 -0.253049 -0.0328684 
4.211 -0.191234 -0.0784961 -0.215929 -0.0783775 -0.24041 -0.0783121 -0.26531 -0.078512 -0.289803 -0.0786823 -0.313841 -0.0783838 -0.338176 -0.0779143 
3.57 -0.269306 0.047514 -0.298256 0.047844 -0.326989 0.0479806 -0.356093 0.0479262 -0.385239 0.0479629 -0.413808 0.0483431 -0.442369 0.0489063 
4.184 -0.12412 -0.0798658 -0.148214 -0.0796454 -0.172198 -0.0795541 -0.196573 -0.0798211 -0.221035 -0.0800332 -0.244935 -0.0796582 -0.269012 -0.079242 
1.8 0.0998219 0.250226 0.0424433 0.250394 -0.0145646 0.25054 -0.0716789 0.250567 -0.129321 0.250985 -0.186363 0.251806 -0.24363 0.252749 
3.697 -0.304917 -0.0332968 -0.332581 -0.0330148 -0.35997 -0.0328616 -0.387844 -0.0329366 -0.415762 -0.0331401 -0.442983 -0.0327223 -0.470267 -0.0322678 
2.838 -0.381619 0.157773 -0.416606 0.158221 -0.451344 0.158451 -0.486524 0.158598 -0.521798 0.158575 -0.556224 0.158914 -0.590547 0.159261 
3.482 -0.364498 -0.044939 -0.393926 -0.0446016 -0.4231 -0.0444728 -0.452784 -0.0445112 -0.482463 -0.0447113 -0.511358 -0.0443826 -0.540352 -0.0440043 
3.213 -0.259033 0.100931 -0.292109 0.101394 -0.325006 0.101734 -0.358242 0.101824 -0.391544 0.101886 -0.424324 0.102379 -0.45718 0.102923 
2.953 0.484701 -0.0134365 0.449692 -0.0131886 0.415286 -0.0130281 0.380541 -0.013302 0.345893 -0.0130967 0.311745 -0.0125193 0.277611 -0.0118265 
4.188 -0.139186 -0.0798658 -0.163503 -0.0796725 -0.187542 -0.0796119 -0.212137 -0.0798521 -0.236644 -0.0800456 -0.26072 -0.0797075 -0.28478 -0.079297 
3.965 -0.0713875 0.0399808 -0.0956978 0.0402269 -0.119527 0.0403246 -0.143985 0.0403245 -0.168291 0.0403375 -0.192484 0.0407941 -0.216664 0.0413645 
3.264 -0.432982 -0.184646 -0.464091 -0.184406 -0.494944 -0.184295 -0.526322 -0.184392 -0.557369 -0.184656 -0.587462 -0.184181 -0.617484 -0.183632 
3.223 -0.433667 -0.0531571 -0.46526 -0.052837 -0.496633 -0.0526723 -0.528526 -0.0526973 -0.560178 -0.0528836 -0.591059 -0.0525358 -0.621796 -0.0521398 
4.012 -0.0583756 0.0735379 -0.081102 0.07376 -0.103555 0.0738317 -0.126507 0.0736878 -0.149377 0.0736175 -0.171901 0.0739961 -0.195459 0.0746213 
2.951 -0.352856 0.131749 -0.386305 0.132244 -0.419572 0.132598 -0.45321 0.132778 -0.48702 0.132841 -0.520114 0.133253 -0.553118 0.133778 
3.014 -0.254239 0.169415 -0.287232 0.169837 -0.320329 0.170069 -0.353875 0.170142 -0.387613 0.170196 -0.420758 0.17059 -0.454081 0.171159 
3.934 -0.115217 0.0173812 -0.140271 0.0177129 -0.165147 0.0179481 -0.19061 0.017889 -0.215922 0.0179402 -0.240986 0.0184332 -0.266119 0.0189002 
3.67 -0.332311 -0.194919 -0.360094 -0.19475 -0.387655 -0.194679 -0.415695 -0.194887 -0.44343 -0.195176 -0.47083 -0.194869 -0.498291 -0.194512 
3.43 -0.213149 0.179688 -0.243106 0.180034 -0.272939 0.180206 -0.302946 0.180214 -0.33297 0.180285 -0.362552 0.180661 -0.39223 0.181221 
4.039 -0.153568 0.000260238 -0.177301 0.000481105 -0.200863 0.000553501 -0.224538 0.00038898 -0.248186 0.000271608 -0.271583 0.000654154 -0.295174 0.00120594 
1.467 0.061471 0.434447 -0.00769837 0.434748 -0.0763026 0.43509 -0.145451 0.435276 -0.215069 0.4358 -0.283601 0.436585 -0.352015 0.437704 
3.375 -0.406273 -0.177113 -0.436455 -0.176888 -0.466318 -0.176776 -0.496833 -0.176919 -0.527117 -0.177194 -0.55646 -0.176779 -0.585882 -0.176219 
3.781 -0.307656 -0.183276 -0.335013 -0.183184 -0.362157 -0.183203 -0.389866 -0.183481 -0.417441 -0.183908 -0.44431 -0.183626 -0.471305 -0.183326 
3.158 -0.45969 -0.12438 -0.491974 -0.124134 -0.523896 -0.123973 -0.556309 -0.124016 -0.588425 -0.12421 -0.619556 -0.123814 -0.65055 -0.123232 
3.264 0.305958 -0.109999 0.271321 -0.109499 0.236952 -0.109156 0.202528 -0.109434 0.168531 -0.109409 0.13481 -0.109072 0.101094 -0.108121 
3.734 -0.29396 0.0146418 -0.32144 0.0149347 -0.34867 0.0150825 -0.376304 0.0150608 -0.403962 0.0150094 -0.431008 0.0153158 -0.458196 0.0158204 
3.488 -0.371346 -0.170264 -0.400477 -0.170062 -0.429301 -0.169974 -0.458747 -0.170109 -0.48805 -0.170445 -0.516647 -0.170054 -0.545202 -0.169636 
3.213 -0.448048 -0.185331 -0.479551 -0.185146 -0.510751 -0.18501 -0.542511 -0.185084 -0.573859 -0.185282 -0.604246 -0.184735 -0.634542 -0.184121 
3.971 -0.156992 0.0146418 -0.182597 0.0149331 -0.208025 0.0151307 -0.233836 0.0150804 -0.259596 0.0150197 -0.2848 0.0154398 -0.310078 0.0158813 
3.469 -0.367922 -0.0764416 -0.397286 -0.0761752 -0.426399 -0.0760141 -0.456032 -0.0760386 -0.485623 -0.0761999 -0.514445 -0.0758707 -0.543329 -0.0754698 
2.863 -0.348747 0.152294 -0.382996 0.152746 -0.41703 0.153073 -0.451492 0.153219 -0.486173 0.153198 -0.520221 0.153532 -0.554246 0.153978 
3.418 0.386084 -0.032612 0.353089 -0.0323718 0.320512 -0.0321524 0.287752 -0.0323423 0.255134 -0.0321131 0.222777 -0.0313732 0.190359 -0.030691 
3.332 0.332667 -0.0887687 0.297959 -0.0883003 0.263574 -0.0879784 0.228844 -0.088065 0.194478 -0.0877393 0.160436 -0.0868624 0.126487 -0.0859631 
3.609 -0.345323 -0.203821 -0.373601 -0.203688 -0.401554 -0.203635 -0.429895 -0.203806 -0.458008 -0.204076 -0.485601 -0.203743 -0.513444 -0.203396 
3.564 -0.360389 -0.201082 -0.389176 -0.200963 -0.417622 -0.200906 -0.44643 -0.201071 -0.474998 -0.20137 -0.503239 -0.201021 -0.531387 -0.2006 
3.297 -0.428873 -0.225736 -0.459791 -0.225572 -0.490264 -0.225444 -0.521328 -0.225559 -0.551912 -0.225752 -0.581741 -0.225325 -0.611411 -0.224696 
3.676 -0.157677 0.0742227 -0.185401 0.0745489 -0.21293 0.0747676 -0.240664 0.0748082 -0.268556 0.0748237 -0.295877 0.0752975 -0.323357 0.0758477 
4.055 -0.139186 0.00573894 -0.164536 0.00596177 -0.189515 0.00609089 -0.214935 0.00588591 -0.240271 0.00575875 -0.265149 0.00613887 -0.290102 0.00660213 
3.453 -0.383673 -0.178482 -0.413182 -0.178289 -0.442259 -0.178198 -0.472122 -0.178337 -0.501781 -0.178635 -0.530631 -0.17827 -0.55947 -0.177834 
4.184 -0.110423 -0.0757567 -0.134184 -0.0755177 -0.157969 -0.0754503 -0.182231 -0.0757537 -0.206604 -0.075977 -0.230381 -0.0755095 -0.254379 -0.0751271 
3.404 -0.399425 -0.21067 -0.429371 -0.210488 -0.459107 -0.210419 -0.489256 -0.210543 -0.519143 -0.210818 -0.548225 -0.21039 -0.577237 -0.209824 
2.961 -0.269306 0.152294 -0.303353 0.152789 -0.337069 0.153031 -0.371274 0.153135 -0.405626 0.153193 -0.439332 0.153625 -0.473089 0.15421 
3.32 -0.419285 -0.1867 -0.449833 -0.186464 -0.480208 -0.186339 -0.511188 -0.186479 -0.541818 -0.186732 -0.571606 -0.186335 -0.601283 -0.185756 
3.775 -0.277524 0.0187509 -0.305886 0.0189945 -0.333944 0.0191193 -0.362456 0.0190627 -0.390999 0.0189675 -0.418964 0.0193283 -0.447027 0.0198278 
2.701 -0.332311 0.225572 -0.370768 0.226007 -0.408958 0.226374 -0.447496 0.2266 -0.486337 0.226622 -0.524285 0.22701 -0.562088 0.227405 
3.943 -0.183701 0.0132722 -0.209584 0.0134894 -0.235089 0.0135073 -0.261183 0.0132866 -0.287234 0.0129831 -0.31278 0.0131282 -0.338291 0.0133497 
3.684 -0.311081 -0.0463087 -0.338807 -0.0460956 -0.366252 -0.0459206 -0.394203 -0.0460044 -0.422129 -0.0461406 -0.449398 -0.045816 -0.476763 -0.0453607 
3.457 -0.37614 -0.133968 -0.405334 -0.133576 -0.434355 -0.133352 -0.464088 -0.133394 -0.493616 -0.133578 -0.522362 -0.133186 -0.551138 -0.132775 
2.854 -0.363813 0.151609 -0.398328 0.152019 -0.432629 0.152292 -0.467276 0.152428 -0.502167 0.152404 -0.536226 0.152744 -0.570176 0.153179 
3.605 -0.343953 -0.14561 -0.37229 -0.145399 -0.400254 -0.145288 -0.428848 -0.145459 -0.457342 -0.145748 -0.485123 -0.145399 -0.513018 -0.144996 
3.645 0.375812 -0.103835 0.343381 -0.103449 0.311288 -0.103158 0.278925 -0.103292 0.246742 -0.103012 0.214877 -0.102158 0.183169 -0.10128 
4.047 -0.230955 -0.0305575 -0.256081 -0.0302953 -0.280962 -0.0301888 -0.306326 -0.0302814 -0.331671 -0.0304147 -0.356426 -0.0301186 -0.381343 -0.0296922 
3.902 -0.240542 0.0153267 -0.268652 0.0156392 -0.29681 0.0158339 -0.325294 0.0158085 -0.353799 0.015758 -0.381784 0.0161749 -0.409712 0.0166194 
3.281 0.387454 0.0112176 0.355287 0.0112962 0.323338 0.0112979 0.291173 0.0109513 0.259181 0.0109747 0.227488 0.01141 0.195938 0.0117614 
4.387 -0.202191 -0.214094 -0.225392 -0.213929 -0.248319 -0.213809 -0.271842 -0.214092 -0.29512 -0.214385 -0.31792 -0.21404 -0.340784 -0.213584 
4.449 -0.199452 -0.264772 -0.222421 -0.264545 -0.245129 -0.264502 -0.268476 -0.264874 -0.29154 -0.265178 -0.314178 -0.264911 -0.336802 -0.264498 
2.695 -0.325462 0.244062 -0.363439 0.244695 -0.40133 0.245122 -0.439634 0.245396 -0.478147 0.245534 -0.515755 0.245923 -0.55333 0.246383 
3.662 -0.326832 -0.110683 -0.354711 -0.110468 -0.382535 -0.110351 -0.410731 -0.110485 -0.438858 -0.110709 -0.466371 -0.110396 -0.493941 -0.109948 
3.324 0.360745 0.0105328 0.328504 0.010662 0.296411 0.0108197 0.264041 0.0105758 0.23185 0.0106848 0.200047 0.0111236 0.168393 0.0116508 
3.441 -0.387782 -0.203137 -0.417309 -0.202959 -0.44669 -0.202914 -0.476437 -0.203039 -0.50585 -0.203296 -0.534765 -0.202907 -0.563603 -0.202412 
3.369 -0.402849 -0.162046 -0.433122 -0.161814 -0.463071 -0.161704 -0.493545 -0.161815 -0.523734 -0.162067 -0.55315 -0.161694 -0.58242 -0.161194 
4.41 -0.200137 -0.182591 -0.223361 -0.182433 -0.246424 -0.182399 -0.269952 -0.182581 -0.293403 -0.182924 -0.316369 -0.182566 -0.339416 -0.1822 
3.25 -0.437091 -0.144925 -0.468356 -0.144672 -0.499394 -0.144551 -0.530883 -0.144552 -0.562173 -0.144752 -0.592502 -0.144284 -0.622775 -0.143748 
3.17 -0.46243 -0.151089 -0.49468 -0.150846 -0.526451 -0.150672 -0.558689 -0.150672 -0.590679 -0.150841 -0.621669 -0.150326 -0.652551 -0.149779 
2.771 -0.391207 0.187221 -0.426094 0.18786 -0.460556 0.18826 -0.495552 0.188402 -0.530566 0.188425 -0.564712 0.188826 -0.598848 0.18936 
3.295 0.40252 0.0119025 0.370004 0.0120015 0.337816 0.0122318 0.305528 0.0118866 0.273338 0.0119477 0.2414 0.0122872 0.209515 0.0125986 
1.759 0.0710588 0.287892 0.0124139 0.288137 -0.0458337 0.288341 -0.104387 0.288539 -0.163382 0.288979 -0.221776 0.289821 -0.280315 0.290701 
3.672 -0.329571 -0.140816 -0.357462 -0.140598 -0.385132 -0.140494 -0.413319 -0.140651 -0.441393 -0.140919 -0.468747 -0.140564 -0.496297 -0.140146 
4.168 -0.00495822 0.0755924 -0.0365617 0.0759636 -0.0682607 0.076189 -0.10064 0.0760916 -0.132672 0.0762987 -0.164492 0.0768862 -0.190525 0.0775419 
4.09 -0.119326 0.000945076 -0.143898 0.0011134 -0.168403 0.0011588 -0.193247 0.000951095 -0.218117 0.000821601 -0.242458 0.00115867 -0.266888 0.00145289 
1.766 0.0881797 0.287892 0.0304767 0.288044 -0.0268631 0.288261 -0.0844621 0.288351 -0.142611 0.288803 -0.200011 0.289543 -0.25751 0.290414 
4.262 -0.152883 -0.0826051 -0.177083 -0.0824374 -0.201324 -0.0823738 -0.225989 -0.0826029 -0.250523 -0.0827987 -0.274553 -0.0824712 -0.298794 -0.0820889 
2.789 0.630571 -0.146295 0.596503 -0.146096 0.562536 -0.14591 0.52823 -0.146187 0.493893 -0.145921 0.459717 -0.145012 0.425478 -0.143984 
3.785 -0.309026 -0.199712 -0.336424 -0.199525 -0.363588 -0.199429 -0.391318 -0.199602 -0.418852 -0.199832 -0.445752 -0.199529 -0.472701 -0.199146 
3.943 0.0149021 -0.095617 -0.0107229 -0.095423 -0.0361466 -0.0952431 -0.0619971 -0.0954195 -0.0875499 -0.0954896 -0.112864 -0.0951172 -0.138253 -0.0946051 
4.359 -0.206985 -0.246966 -0.230331 -0.246758 -0.253526 -0.246697 -0.27719 -0.246995 -0.30063 -0.247254 -0.323546 -0.246915 -0.346517 -0.246499 
1.777 0.103246 0.27625 0.0460968 0.276367 -0.0104536 0.27652 -0.067396 0.276558 -0.12464 0.276964 -0.181432 0.277807 -0.238383 0.278761 
1.81 0.618244 0.158458 0.572724 0.158762 0.527285 0.158922 0.481539 0.158532 0.435745 0.158744 0.390245 0.15916 0.345419 0.159712 
3.391 0.33883 0.0612108 0.303446 0.0612317 0.268407 0.0612535 0.233165 0.0609686 0.198111 0.0610526 0.16335 0.06145 0.12882 0.0621839 
4.477 -0.191919 -0.223682 -0.21482 -0.223514 -0.237465 -0.223418 -0.260655 -0.223659 -0.28361 -0.223967 -0.306075 -0.223507 -0.328596 -0.223067 
3.568 -0.188495 0.159143 -0.217973 0.159523 -0.247129 0.159805 -0.27668 0.159858 -0.306377 0.159927 -0.335531 0.160334 -0.364848 0.16091 
3.383 -0.396685 -0.14835 -0.426841 -0.148083 -0.456711 -0.147973 -0.487104 -0.14808 -0.517289 -0.148276 -0.546632 -0.14794 -0.57592 -0.147471 
4.09 -0.25013 -0.245596 -0.275158 -0.245424 -0.299923 -0.245334 -0.325267 -0.245637 -0.350343 -0.245926 -0.374879 -0.24555 -0.399537 -0.245208 
3.5 -0.380249 -0.244227 -0.409468 -0.244044 -0.438426 -0.243955 -0.467895 -0.244105 -0.497153 -0.24441 -0.525613 -0.24397 -0.55399 -0.243325 
3.209 0.460731 0.0112176 0.426446 0.011225 0.392439 0.0112074 0.358203 0.0107946 0.324202 0.010989 0.290434 0.0116501 0.256659 0.0122119 
3.275 -0.424079 -0.116162 -0.455326 -0.115988 -0.486383 -0.115933 -0.517911 -0.115956 -0.549173 -0.116094 -0.579575 -0.115667 -0.609922 -0.11503 
1.662 0.0224353 0.274195 -0.0381657 0.274485 -0.0987263 0.274979 -0.15954 0.275294 -0.220965 0.275845 -0.281521 0.276656 -0.342743 0.277721 
1.759 0.0840707 0.261183 0.0260076 0.261314 -0.0316265 0.26152 -0.089554 0.261634 -0.1479 0.262192 -0.205678 0.26299 -0.263772 0.264024 
1.655 0.0231201 0.328297 -0.0377641 0.328625 -0.0984165 0.329008 -0.159369 0.329325 -0.220853 0.329773 -0.281646 0.330687 -0.342708 0.331661 
3.906 -0.273415 -0.16547 -0.299688 -0.165256 -0.325707 -0.165112 -0.352232 -0.165317 -0.378621 -0.165483 -0.404442 -0.165185 -0.430344 -0.164854 
4.355 -0.206985 -0.233269 -0.230365 -0.233146 -0.253556 -0.233101 -0.277219 -0.23333 -0.300676 -0.233541 -0.323647 -0.23326 -0.346657 -0.232888 
3.623 -0.326832 -0.04083 -0.355209 -0.0405767 -0.38332 -0.0404322 -0.411966 -0.0405082 -0.44054 -0.040677 -0.468569 -0.0403653 -0.496671 -0.0399212 
3.107 0.310752 -0.0689084 0.278821 -0.0684854 0.246559 -0.0682249 0.212533 -0.0685041 0.17835 -0.0682092 0.144481 -0.0672703 0.110991 -0.0665162 
3.848 -0.260403 0.0160115 -0.288345 0.0163714 -0.316316 0.016514 -0.344499 0.0164933 -0.37285 0.0164373 -0.400574 0.0167372 -0.428228 0.0172318 
3.293 -0.415176 -0.0250788 -0.446534 -0.0248571 -0.477754 -0.0247511 -0.509388 -0.0248188 -0.540969 -0.0250306 -0.571674 -0.024708 -0.602443 -0.0243314 
3.283 -0.42134 -0.0819203 -0.452626 -0.0816481 -0.48372 -0.0816374 -0.515346 -0.0817297 -0.546757 -0.0820248 -0.577242 -0.0816804 -0.607743 -0.0812954 
3.225 -0.426133 0.0119025 -0.464915 0.0122681 -0.503211 0.0125517 -0.542043 0.0126534 -0.580684 0.0125427 -0.61813 0.0129327 -0.655554 0.0132454 
4.48 -0.193973 -0.240118 -0.216875 -0.240029 -0.239522 -0.239998 -0.262718 -0.240296 -0.28564 -0.240547 -0.308105 -0.240205 -0.330612 -0.239813 
4.082 -0.0843994 0.0208054 -0.108641 0.0210394 -0.132497 0.0212183 -0.156808 0.0210824 -0.18108 0.0210552 -0.204392 0.0216129 -0.22764 0.0222257 
3.596 -0.341214 -0.114108 -0.369564 -0.113881 -0.397588 -0.113756 -0.426234 -0.113886 -0.454847 -0.114148 -0.482603 -0.113803 -0.51075 -0.1134 
4.277 -0.217258 -0.216148 -0.241156 -0.216022 -0.264888 -0.215987 -0.28908 -0.216213 -0.313106 -0.216458 -0.336587 -0.216163 -0.36011 -0.215783 
3.135 0.312806 -0.0497329 0.280313 -0.0494495 0.248239 -0.0492568 0.214396 -0.0494287 0.180049 -0.0492118 0.146363 -0.0485067 0.112663 -0.0477656 
3.541 -0.359704 -0.138762 -0.388474 -0.138526 -0.41695 -0.138419 -0.446034 -0.138576 -0.474933 -0.138885 -0.5032 -0.138523 -0.531435 -0.13809 
4.031 -0.165895 -0.00727298 -0.18846 -0.00695246 -0.210894 -0.00680131 -0.233824 -0.00687664 -0.256731 -0.00694423 -0.279116 -0.00660511 -0.301529 -0.00612011 
4.238 -0.220682 -0.153828 -0.244952 -0.153737 -0.268982 -0.15365 -0.293505 -0.153915 -0.317935 -0.15414 -0.341705 -0.15379 -0.365611 -0.153415 
3.15 -0.456951 -0.0374058 -0.489561 -0.0370695 -0.521753 -0.0368356 -0.554517 -0.0367305 -0.587041 -0.0369405 -0.618617 -0.0365016 -0.649919 -0.0360968 
4.5 -0.187125 -0.161361 -0.210082 -0.161254 -0.232761 -0.16103 -0.255978 -0.161286 -0.279043 -0.161751 -0.301567 -0.161238 -0.324197 -0.160847 
3.547 -0.351486 -0.0969867 -0.380352 -0.0967536 -0.408938 -0.0966473 -0.438064 -0.0967638 -0.466966 -0.0970261 -0.495483 -0.0966948 -0.523966 -0.0962985 
3.984 -0.263827 -0.214094 -0.289536 -0.213909 -0.315023 -0.213867 -0.34101 -0.214156 -0.366775 -0.214453 -0.392012 -0.214122 -0.417365 -0.213733 
3.709 -0.318614 -0.123695 -0.346285 -0.123485 -0.373614 -0.123395 -0.40151 -0.123541 -0.429343 -0.123805 -0.456471 -0.123453 -0.483746 -0.123088 
3.594 -0.337105 -0.0531571 -0.365761 -0.0528857 -0.394221 -0.0527293 -0.423146 -0.0528381 -0.451988 -0.0530346 -0.480281 -0.052671 -0.508646 -0.0522748 
3.701 -0.324093 -0.154513 -0.351768 -0.154327 -0.379179 -0.154236 -0.4071 -0.154375 -0.434995 -0.154669 -0.462118 -0.154299 -0.489455 -0.15392 
3.629 0.363484 -0.0401452 0.331318 -0.0398026 0.299346 -0.0395162 0.267013 -0.0397079 0.234925 -0.0394645 0.203128 -0.0387236 0.171524 -0.0379351 
3.652 -0.326147 -0.0846596 -0.354371 -0.0844472 -0.382214 -0.0843333 -0.410571 -0.0844586 -0.438634 -0.0846933 -0.46637 -0.0843666 -0.494013 -0.0839319 
3.814 0.0792768 -0.0524723 0.052782 -0.0521487 0.0266752 -0.0519156 0.000134879 -0.0520664 -0.0262784 -0.0520942 -0.0523224 -0.0516127 -0.0783824 -0.0511463 
3.012 -0.253554 0.155034 -0.287294 0.155362 -0.320751 0.155605 -0.354558 0.155654 -0.388628 0.155623 -0.422023 0.156037 -0.455464 0.156554 
4.379 -0.202876 -0.199712 -0.226229 -0.199536 -0.249359 -0.199474 -0.273062 -0.199791 -0.296476 -0.200024 -0.319487 -0.199667 -0.342446 -0.199225 
3.387 -0.411067 0.0208054 -0.449694 0.0211565 -0.487842 0.0214089 -0.526634 0.0214692 -0.565433 0.0213275 -0.603104 0.0217521 -0.640458 0.0220104 
2.775 0.633311 -0.0250788 0.604783 -0.0246958 0.568581 -0.0246372 0.532017 -0.0249103 0.495389 -0.0245564 0.458905 -0.023841 0.422509 -0.0229616 
3.318 -0.41997 -0.173004 -0.45066 -0.172775 -0.480976 -0.172652 -0.511899 -0.17274 -0.542688 -0.172989 -0.572356 -0.172616 -0.60221 -0.172091 
4.008 -0.262457 -0.196288 -0.288136 -0.196175 -0.313463 -0.195992 -0.339401 -0.196198 -0.365171 -0.196478 -0.390353 -0.196077 -0.41561 -0.195668 
4.156 -0.131653 -0.0606903 -0.155485 -0.0604649 -0.179167 -0.0603847 -0.203148 -0.0605385 -0.227117 -0.0606424 -0.250889 -0.060356 -0.274637 -0.0599246 
2.812 0.604547 -0.171634 0.570412 -0.171307 0.536449 -0.171075 0.501975 -0.171251 0.467731 -0.170809 0.43357 -0.169922 0.399439 -0.168682 
3.348 -0.416546 -0.214094 -0.447085 -0.213897 -0.477287 -0.213793 -0.507952 -0.21391 -0.538202 -0.214126 -0.567808 -0.213689 -0.597317 -0.213123 
3.465 -0.371346 -0.109314 -0.400643 -0.109148 -0.429709 -0.10907 -0.45929 -0.109255 -0.488809 -0.109554 -0.517522 -0.109167 -0.546265 -0.10872 
3.461 -0.364498 -0.0216546 -0.393986 -0.0213898 -0.423219 -0.0212775 -0.452979 -0.0213516 -0.482692 -0.0215736 -0.511671 -0.0211919 -0.540666 -0.0207931 
3.646 0.364854 -0.0627448 0.333099 -0.0622605 0.301468 -0.061888 0.26952 -0.0619762 0.237611 -0.0617383 0.206194 -0.0609216 0.175048 -0.0600955 
3.947 -0.223421 0.013957 -0.250653 0.0142528 -0.277212 0.0144373 -0.304334 0.0143898 -0.331262 0.0143501 -0.358081 0.0147742 -0.384927 0.0152462 
3.512 0.328558 -0.0469936 0.2938 -0.0466672 0.259238 -0.0463838 0.224579 -0.0465198 0.190225 -0.0463136 0.156251 -0.0455256 0.12239 -0.0447697 
3.9 -0.263142 -0.0716477 -0.28958 -0.0715057 -0.31567 -0.0714177 -0.34228 -0.0715579 -0.368805 -0.0717485 -0.394736 -0.0714554 -0.420774 -0.0709741 
3.258 -0.432982 -0.162046 -0.464137 -0.161701 -0.49505 -0.161464 -0.526492 -0.161492 -0.557663 -0.161629 -0.587922 -0.161126 -0.618074 -0.160514 
3.234 -0.437091 -0.10452 -0.468594 -0.104372 -0.49985 -0.104289 -0.531613 -0.104454 -0.563122 -0.104745 -0.593797 -0.104404 -0.624283 -0.103974 
4.254 -0.222737 -0.244227 -0.24673 -0.243992 -0.270444 -0.243783 -0.294668 -0.244068 -0.318729 -0.244442 -0.3422 -0.243963 -0.365793 -0.243618 
3.271 0.384714 -0.00864265 0.35257 -0.00827921 0.320621 -0.00815995 0.288511 -0.00842479 0.256536 -0.00825965 0.22485 -0.00759466 0.193306 -0.00695819 
3.344 0.342254 -0.00932749 0.307044 -0.00904058 0.27205 -0.00886958 0.236951 -0.00903778 0.202118 -0.0088557 0.167557 -0.00814344 0.13329 -0.00738608 
4.02 -0.204931 0.00916313 -0.229351 0.00947662 -0.253606 0.00968286 -0.278412 0.009636 -0.303192 0.00960461 -0.327416 0.0100454 -0.351747 0.0105404 
3.66 -0.324093 -0.0675387 -0.351986 -0.067299 -0.379727 -0.0671964 -0.407884 -0.0673088 -0.436017 -0.0675106 -0.463511 -0.0671834 -0.491119 -0.066775 
4.473 -0.08166 -0.0264484 -0.1051 -0.026211 -0.128372 -0.0261662 -0.152037 -0.0263071 -0.175663 -0.0263833 -0.198999 -0.0260759 -0.222363 -0.0254785 
3.049 0.313491 -0.0285029 0.278869 -0.0280412 0.244682 -0.0278316 0.21062 -0.0280159 0.176576 -0.0277876 0.142794 -0.0271831 0.108953 -0.0264462 
3.912 -0.280263 -0.239433 -0.306547 -0.239312 -0.332549 -0.239253 -0.359102 -0.239608 -0.385423 -0.239929 -0.411226 -0.239649 -0.437082 -0.239233 
3.797 -0.304232 -0.223682 -0.331583 -0.223537 -0.358707 -0.223345 -0.386385 -0.223523 -0.413911 -0.223816 -0.440735 -0.223471 -0.467655 -0.222908 
1.532 0.0936584 0.417326 0.0289559 0.417639 -0.0355353 0.417942 -0.0999909 0.418034 -0.165038 0.418525 -0.229266 0.419273 -0.293679 0.420265 
4.258 -0.21041 -0.0997261 -0.234476 -0.0995579 -0.258288 -0.0994257 -0.282625 -0.0996674 -0.306823 -0.0998688 -0.330522 -0.0994995 -0.354184 -0.099026 
4.082 -0.252185 -0.23053 -0.277299 -0.230387 -0.302231 -0.230349 -0.327669 -0.230628 -0.352821 -0.230922 -0.377555 -0.230628 -0.402351 -0.230234 
3.799 0.107355 -0.299699 0.0803082 -0.299295 0.0535348 -0.298845 0.0264499 -0.298954 -0.000322362 -0.298842 -0.0268231 -0.298317 -0.0531467 -0.297519 
4.434 -0.0419395 0.047514 -0.0644422 0.0476931 -0.0868434 0.0478024 -0.109837 0.0476946 -0.13268 0.0476837 -0.154859 0.0479685 -0.177204 0.0484108 
3.881 0.0375017 -0.136022 0.0118001 -0.135712 -0.0138186 -0.135571 -0.0395506 -0.135684 -0.0652517 -0.135705 -0.0911953 -0.135354 -0.116704 -0.134882 
3.381 -0.396001 -0.0949322 -0.426276 -0.0946544 -0.456234 -0.0946572 -0.486807 -0.0947883 -0.517262 -0.0951111 -0.546923 -0.0945879 -0.576517 -0.0940222 
4.344 -0.198767 -0.109999 -0.222346 -0.109797 -0.245681 -0.109609 -0.26953 -0.109878 -0.293173 -0.110004 -0.316434 -0.109754 -0.339686 -0.109245 
3.91 -0.261772 -0.0545268 -0.288087 -0.0542692 -0.314162 -0.0541578 -0.340687 -0.0542514 -0.367108 -0.0543768 -0.392995 -0.0540633 -0.419022 -0.0536568 
4.426 -0.0261882 0.0461444 -0.0491881 0.0464206 -0.0719518 0.0465725 -0.0950891 0.0464266 -0.118214 0.0464056 -0.140981 0.0468227 -0.163897 0.0473254 
3.631 -0.319984 -0.0271333 -0.347975 -0.0268524 -0.375779 -0.0267095 -0.404018 -0.0267733 -0.432355 -0.0269149 -0.459902 -0.0265877 -0.487589 -0.0261281 
3.17 -0.448048 -0.0538419 -0.480394 -0.053584 -0.512427 -0.0534523 -0.54495 -0.0534756 -0.57715 -0.0536336 -0.60854 -0.0533383 -0.639743 -0.0528579 
3.342 0.36143 -0.00864265 0.329121 -0.00838713 0.297131 -0.00817755 0.264827 -0.00844294 0.232632 -0.00826625 0.200903 -0.00759897 0.169328 -0.00687112 
2.738 -0.314505 0.23242 -0.351686 0.232919 -0.388466 0.23318 -0.425763 0.233276 -0.463402 0.23335 -0.500192 0.233681 -0.53688 0.234153 
3.551 0.345679 -0.0291878 0.310775 -0.0290851 0.276121 -0.0289717 0.241265 -0.0292828 0.206573 -0.029201 0.172549 -0.028744 0.139871 -0.0278362 
3.547 -0.356965 -0.161361 -0.385992 -0.161186 -0.414463 -0.161092 -0.44337 -0.161246 -0.472231 -0.161539 -0.500369 -0.161155 -0.528601 -0.16071 
3.934 -0.278208 -0.223682 -0.304355 -0.223517 -0.330231 -0.223427 -0.356659 -0.223653 -0.382832 -0.223931 -0.40855 -0.223595 -0.434279 -0.2232 
4.422 -0.0234488 0.060526 -0.0464767 0.0606925 -0.0692199 0.0607038 -0.0923505 0.0604122 -0.115514 0.0603748 -0.13821 0.0606326 -0.161118 0.0610245 
3.291 0.401835 -0.00932749 0.369449 -0.00907816 0.337309 -0.00887944 0.304969 -0.00913342 0.272878 -0.00897972 0.241027 -0.00825442 0.209219 -0.0075366 
2.992 -0.39874 0.152979 -0.433638 0.153403 -0.46828 0.153701 -0.503316 0.153869 -0.538476 0.153852 -0.572659 0.154185 -0.606792 0.154545 
3.68 -0.156992 0.0399808 -0.185371 0.0401804 -0.213267 0.0403654 -0.241798 0.0402771 -0.270464 0.0402064 -0.298543 0.0404812 -0.326608 0.0409942 
3.379 -0.389152 -0.0332968 -0.419426 -0.0330142 -0.449533 -0.0328847 -0.480104 -0.0328874 -0.510596 -0.0330354 -0.540426 -0.032795 -0.570216 -0.0323463 
2.797 -0.306972 0.25639 -0.343656 0.256914 -0.380189 0.25744 -0.416988 0.257582 -0.454159 0.257728 -0.490556 0.258176 -0.526849 0.258765 
3.236 -0.429558 -0.0230242 -0.461155 -0.022734 -0.492378 -0.0226101 -0.524177 -0.0226142 -0.55584 -0.0227639 -0.586522 -0.0224832 -0.617255 -0.0220211 
4.184 -0.235064 -0.236694 -0.259508 -0.236491 -0.283599 -0.236309 -0.308287 -0.236708 -0.332724 -0.237064 -0.356587 -0.236711 -0.380574 -0.236258 
3.996 -0.265881 -0.234639 -0.29153 -0.234449 -0.316966 -0.234417 -0.342921 -0.234728 -0.36874 -0.23509 -0.393904 -0.23477 -0.419244 -0.23438 
3.191 -0.444624 -0.0689084 -0.47685 -0.0686283 -0.508745 -0.0684935 -0.541219 -0.0685157 -0.573385 -0.0687188 -0.604604 -0.0684125 -0.635678 -0.0679915 
4.246 -0.213149 -0.123011 -0.237257 -0.122899 -0.261164 -0.122814 -0.285485 -0.123185 -0.309756 -0.123255 -0.333342 -0.122814 -0.357092 -0.122584 
1.867 0.173784 0.259129 0.119401 0.259419 0.0658723 0.259421 0.0121601 0.259268 -0.0417097 0.259492 -0.0950826 0.260303 -0.148466 0.261176 
3.166 -0.453527 -0.100411 -0.485975 -0.1002 -0.518136 -0.100104 -0.550607 -0.100141 -0.5828 -0.100336 -0.614271 -0.100033 -0.645442 -0.0995542 
3.434 -0.378195 -0.0887687 -0.407871 -0.0884687 -0.437357 -0.0884808 -0.467353 -0.0886135 -0.49726 -0.0888998 -0.526434 -0.0885678 -0.555611 -0.0879915 
3.619 -0.185755 0.10778 -0.214589 0.108203 -0.2432 0.108554 -0.272316 0.108619 -0.301495 0.108683 -0.330243 0.109071 -0.3588 0.109724 
2.797 0.620299 -0.180537 0.586337 -0.180271 0.552443 -0.180112 0.518164 -0.180331 0.483981 -0.179974 0.449904 -0.179044 0.415794 -0.177945 
4.23 -0.224791 -0.197658 -0.24898 -0.197575 -0.272842 -0.197514 -0.297232 -0.197739 -0.321534 -0.198109 -0.34516 -0.197624 -0.368935 -0.197152 
3.867 -0.278893 -0.146295 -0.305355 -0.146072 -0.331538 -0.146045 -0.358243 -0.146162 -0.384883 -0.146472 -0.410911 -0.146103 -0.437063 -0.145722 
4.355 -0.202876 -0.157937 -0.226442 -0.157988 -0.24975 -0.157925 -0.273623 -0.158018 -0.297299 -0.158268 -0.320382 -0.157938 -0.343639 -0.157666 
2.779 0.651116 -0.0558965 0.614852 -0.0557636 0.579143 -0.0555494 0.542314 -0.0559997 0.506213 -0.0557894 0.469853 -0.0551783 0.433556 -0.0544219 
3.34 -0.402849 -0.0805506 -0.433475 -0.0802788 -0.463732 -0.0801503 -0.494561 -0.0802143 -0.525285 -0.0804027 -0.5552 -0.0801299 -0.585123 -0.0797193 
3.791 0.112834 -0.188755 0.0857143 -0.188326 0.0589391 -0.187935 0.0320157 -0.18795 0.00531037 -0.187962 -0.0212117 -0.18749 -0.0476507 -0.186777 
2.887 0.57236 -0.16684 0.538834 -0.166665 0.505619 -0.166516 0.471637 -0.166695 0.438377 -0.166582 0.404807 -0.165662 0.370508 -0.16443 
4.148 -0.213149 -0.0531571 -0.237396 -0.0527834 -0.261448 -0.0528851 -0.285975 -0.0529669 -0.310407 -0.0530313 -0.334352 -0.0526243 -0.358375 -0.0520609 
3.623 0.401151 -0.036721 0.368487 -0.0363739 0.33609 -0.0361012 0.303497 -0.036313 0.271107 -0.0361378 0.238964 -0.0354445 0.207065 -0.0345678 
2.941 0.499082 0.068744 0.463804 0.0688059 0.42871 0.0689507 0.393468 0.0684581 0.358441 0.0685697 0.323686 0.069042 0.288869 0.069508 
3.75 -0.16658 0.0262841 -0.194681 0.0266229 -0.222603 0.026816 -0.251008 0.026748 -0.279473 0.0267023 -0.307392 0.0270976 -0.33531 0.027624 
3.803 0.101192 0.0119025 0.0743387 0.0121415 0.0478706 0.0122639 0.020974 0.0121393 -0.00554107 0.0121869 -0.031892 0.0127518 -0.0582081 0.0131881 
2.818 -0.365868 0.169415 -0.40063 0.170029 -0.435117 0.170501 -0.469909 0.170883 -0.504868 0.171162 -0.5392 0.171585 -0.573416 0.172047 
1.654 0.0224353 0.289947 -0.038232 0.290415 -0.0988751 0.290937 -0.159705 0.291297 -0.221161 0.291908 -0.281802 0.292783 -0.342877 0.293751 
4.035 -0.25013 -0.151089 -0.275374 -0.150881 -0.300471 -0.150915 -0.326047 -0.151137 -0.351605 -0.151409 -0.376555 -0.151168 -0.401524 -0.150771 
3.779 -0.315875 0.0269689 -0.342869 0.0271844 -0.369737 0.0273453 -0.396936 0.0272141 -0.424287 0.026989 -0.450881 0.0272235 -0.477899 0.027654 
3.24 -0.444624 -0.215464 -0.476062 -0.215276 -0.507184 -0.215169 -0.538724 -0.21522 -0.569904 -0.215405 -0.600136 -0.214907 -0.630222 -0.214249 
1.793 0.63605 0.160512 0.589713 0.161199 0.543308 0.161442 0.496575 0.161117 0.450012 0.161416 0.403676 0.161919 0.35734 0.162495 
3.926 0.0395562 0.0639501 0.0136287 0.0642067 -0.0121225 0.06438 -0.0380384 0.0642837 -0.0640708 0.0643398 -0.0897387 0.0647361 -0.115521 0.0653693 
4.051 -0.252185 -0.168895 -0.277622 -0.168737 -0.302709 -0.168511 -0.328428 -0.168739 -0.35383 -0.168955 -0.378783 -0.168609 -0.403814 -0.168126 
4.402 -0.0378304 0.0666895 -0.0610029 0.0669718 -0.0838216 0.0670918 -0.107284 0.0670198 -0.130519 0.0670448 -0.153351 0.0674711 -0.176478 0.068043 
3.922 0.0183263 -0.198343 -0.0075833 -0.197983 -0.0333258 -0.197632 -0.0594859 -0.197658 -0.0853683 -0.197765 -0.110422 -0.197492 -0.136179 -0.196792 
3.619 -0.242597 0.0427202 -0.27149 0.0429878 -0.300212 0.0431902 -0.329333 0.043126 -0.358529 0.0430416 -0.387141 0.0435096 -0.415885 0.0440068 
3.332 -0.410382 -0.112738 -0.441039 -0.112571 -0.471438 -0.11244 -0.502415 -0.112521 -0.533267 -0.112734 -0.563194 -0.112316 -0.593096 -0.111803 
3.807 0.0854404 -0.0743871 0.0590117 -0.0741754 0.0327759 -0.074016 0.00608834 -0.074195 -0.0204317 -0.0741264 -0.0464612 -0.0736292 -0.0725472 -0.0730909 
3.25 0.327873 -0.0298726 0.292839 -0.0294752 0.258062 -0.0292439 0.223065 -0.0294328 0.188363 -0.0292696 0.15402 -0.0286603 0.119818 -0.0279014 
3.541 -0.256978 0.0625805 -0.285837 0.0630761 -0.314581 0.0634144 -0.343628 0.0635186 -0.372849 0.0635714 -0.40135 0.0641394 -0.430207 0.0645107 
