4.68 0.00531434 -0.0428845 0.00537917 -0.0421273 0.00515517 -0.041287 0.00523003 -0.0409999 0.00538799 -0.0406311 0.0134316 -0.0356595 0.0135886 -0.0353051 
3.586 -0.382304 -0.374346 -0.371663 -0.364304 -0.362214 -0.354814 -0.352691 -0.346361 -0.343493 -0.338363 -0.373328 -0.365864 -0.362898 -0.356354 
3.436 -0.437776 -0.235324 -0.425016 -0.22885 -0.413667 -0.222602 -0.402438 -0.217348 -0.391534 -0.212323 -0.428644 -0.227231 -0.416152 -0.221094 
3.666 -0.351486 -0.370922 -0.341894 -0.361201 -0.333471 -0.351999 -0.324861 -0.343798 -0.316512 -0.336007 -0.342662 -0.362586 -0.333312 -0.353347 
4.703 0.0101082 -0.0572661 0.0100703 -0.0563074 0.00977908 -0.055043 0.00977327 -0.0545754 0.00983325 -0.0538087 0.0182415 -0.0501115 0.0183622 -0.0493165 
3.676 -0.345323 -0.403794 -0.33592 -0.39329 -0.327613 -0.383231 -0.319177 -0.37429 -0.31096 -0.365724 -0.336405 -0.39529 -0.327218 -0.385235 
2.084 -0.152198 0.163936 -0.147668 0.159154 -0.143925 0.155238 -0.139975 0.150666 -0.136223 0.146526 -0.144367 0.172081 -0.139898 0.167306 
3.623 -0.368607 -0.381194 -0.358388 -0.371021 -0.349435 -0.361326 -0.340329 -0.352777 -0.331554 -0.3446 -0.359627 -0.37272 -0.349715 -0.363022 
3.693 -0.344638 -0.383934 -0.33523 -0.373895 -0.32693 -0.364343 -0.31851 -0.355854 -0.310321 -0.347775 -0.335777 -0.375519 -0.326594 -0.365965 
3.793 -0.309026 -0.374346 -0.300793 -0.364851 -0.293547 -0.355745 -0.286154 -0.347751 -0.278935 -0.340037 -0.300304 -0.366051 -0.292194 -0.356983 
3.582 -0.383673 -0.414751 -0.373046 -0.403683 -0.36361 -0.393195 -0.354116 -0.383847 -0.344931 -0.37486 -0.374598 -0.406144 -0.364211 -0.395595 
3.611 -0.359704 -0.0757567 -0.349373 -0.0738396 -0.340316 -0.0718359 -0.331185 -0.0705844 -0.322473 -0.0693604 -0.35138 -0.0680813 -0.341306 -0.066483 
3.586 -0.382989 -0.394891 -0.37232 -0.384348 -0.362859 -0.3743 -0.353356 -0.365406 -0.344126 -0.356848 -0.37394 -0.386349 -0.363506 -0.376308 
3.715 -0.330256 -0.4216 -0.321406 -0.410755 -0.313604 -0.400437 -0.30569 -0.391246 -0.297895 -0.382417 -0.321313 -0.412978 -0.312668 -0.402667 
3.822 -0.29396 -0.372291 -0.286222 -0.363002 -0.279513 -0.354135 -0.272573 -0.346302 -0.265793 -0.338759 -0.285259 -0.364037 -0.277738 -0.355227 
3.734 -0.325462 -0.396261 -0.316656 -0.386072 -0.308922 -0.376329 -0.301032 -0.367638 -0.29332 -0.359347 -0.316651 -0.387873 -0.308048 -0.378152 
4.773 -0.0111218 -0.044939 -0.0107222 -0.0441759 -0.010585 -0.0433256 -0.010193 -0.0430449 -0.00973039 -0.0426151 -0.00309131 -0.0377203 -0.00252836 -0.0373163 
3.887 -0.274099 -0.345583 -0.266871 -0.337027 -0.260592 -0.328831 -0.254055 -0.321606 -0.247715 -0.314654 -0.265517 -0.337524 -0.258489 -0.329407 
3.617 -0.365183 -0.155198 -0.354757 -0.151187 -0.345657 -0.147185 -0.336433 -0.144008 -0.327629 -0.140997 -0.356673 -0.147444 -0.346504 -0.143739 
4.609 -0.0556362 -0.036721 -0.0541594 -0.0362239 -0.0531212 -0.0354059 -0.0517784 -0.0352935 -0.0504353 -0.0350406 -0.0476455 -0.0295557 -0.0460961 -0.0292184 
4.137 -0.180277 -0.0538419 -0.175648 -0.0528029 -0.171717 -0.0514892 -0.167545 -0.0509025 -0.163487 -0.0502022 -0.172277 -0.0465548 -0.167706 -0.0456312 
3.842 -0.289166 -0.347637 -0.281515 -0.338931 -0.274879 -0.330625 -0.268009 -0.323274 -0.261298 -0.316235 -0.280607 -0.339545 -0.273152 -0.331311 
3.707 -0.337105 -0.370237 -0.327933 -0.360632 -0.319805 -0.351463 -0.311562 -0.343379 -0.303546 -0.335623 -0.328401 -0.361932 -0.319392 -0.352812 
3.838 -0.290536 -0.385988 -0.282851 -0.376279 -0.276192 -0.367044 -0.269307 -0.358818 -0.262573 -0.350934 -0.281877 -0.377694 -0.274406 -0.368474 
3.797 -0.308341 -0.354486 -0.300107 -0.345483 -0.292951 -0.336922 -0.285512 -0.329331 -0.278372 -0.322052 -0.299639 -0.346245 -0.291612 -0.337762 
3.883 -0.275469 -0.401739 -0.268249 -0.391753 -0.261951 -0.382233 -0.255416 -0.373748 -0.249021 -0.365595 -0.266839 -0.393437 -0.259748 -0.383954 
4.023 -0.219997 -0.0586358 -0.214263 -0.057449 -0.209417 -0.05604 -0.204316 -0.0553609 -0.199393 -0.0545756 -0.211889 -0.0512935 -0.206323 -0.0502805 
3.734 -0.329571 -0.382564 -0.32073 -0.372754 -0.312954 -0.3634 -0.305058 -0.355122 -0.297303 -0.347187 -0.320748 -0.374205 -0.312111 -0.364882 
4.152 -0.182331 -0.190809 -0.177726 -0.186439 -0.173872 -0.182197 -0.169754 -0.178708 -0.165687 -0.175255 -0.17412 -0.183253 -0.169627 -0.179307 
3.764 -0.302863 -0.066169 -0.294656 -0.0646942 -0.287556 -0.0630059 -0.28024 -0.0619817 -0.273278 -0.0610325 -0.294706 -0.058845 -0.286693 -0.0574968 
3.775 -0.31245 -0.416121 -0.304206 -0.405542 -0.296923 -0.395475 -0.28949 -0.386514 -0.282214 -0.377927 -0.303622 -0.407571 -0.29554 -0.397508 
4.523 0.0669497 0.00231475 0.0656655 0.00194809 0.0641512 0.00193459 0.0630945 0.00125824 0.0621246 0.000885596 0.0753949 0.00947992 0.0742484 0.00896559 
3.176 -0.287796 0.117367 -0.27891 0.113686 -0.271228 0.110725 -0.263436 0.107153 -0.256097 0.10384 -0.280097 0.124974 -0.27141 0.121266 
3.604 -0.361074 -0.101096 -0.35072 -0.0985998 -0.341684 -0.0959153 -0.3325 -0.0940603 -0.323777 -0.0923162 -0.35271 -0.0935507 -0.342581 -0.0912145 
3.674 -0.346007 -0.423654 -0.336619 -0.412599 -0.328336 -0.40209 -0.319883 -0.392704 -0.311672 -0.383704 -0.337095 -0.415097 -0.327914 -0.404541 
2.938 -0.185071 0.128325 -0.179244 0.124242 -0.174285 0.120961 -0.169165 0.116996 -0.164359 0.113437 -0.17734 0.136061 -0.171601 0.131948 
3.777 -0.311766 -0.396261 -0.303462 -0.386234 -0.296226 -0.376634 -0.288793 -0.368135 -0.281522 -0.359938 -0.302928 -0.387852 -0.294859 -0.378301 
3.85 -0.287111 -0.418176 -0.279491 -0.407617 -0.272883 -0.39756 -0.266034 -0.38858 -0.259281 -0.37997 -0.278477 -0.409818 -0.271027 -0.399765 
3.438 -0.435036 -0.205876 -0.422213 -0.200245 -0.41085 -0.194708 -0.399508 -0.190164 -0.388688 -0.185846 -0.426239 -0.198005 -0.413728 -0.192669 
3.887 -0.276839 -0.367498 -0.269599 -0.358438 -0.263336 -0.349815 -0.256801 -0.342159 -0.250443 -0.334824 -0.268182 -0.359339 -0.261168 -0.350759 
3.885 -0.275469 -0.383249 -0.26826 -0.373751 -0.261966 -0.364659 -0.255436 -0.356602 -0.24906 -0.348865 -0.266828 -0.375002 -0.259787 -0.365954 
3.541 -0.401479 -0.238063 -0.389936 -0.231588 -0.37978 -0.225329 -0.36957 -0.220037 -0.359784 -0.215008 -0.392582 -0.230117 -0.381375 -0.224034 
3.752 -0.324093 -0.357225 -0.315375 -0.348062 -0.307702 -0.339284 -0.299847 -0.331547 -0.292217 -0.324129 -0.315382 -0.348997 -0.306813 -0.340282 
3.689 -0.330941 -0.130544 -0.321849 -0.127299 -0.313995 -0.123976 -0.305899 -0.121523 -0.298182 -0.119118 -0.322596 -0.122998 -0.313753 -0.120027 
3.623 -0.355595 -0.136022 -0.345623 -0.132508 -0.336828 -0.128917 -0.327896 -0.126212 -0.319382 -0.123573 -0.347309 -0.128484 -0.337533 -0.12521 
3.475 -0.417231 -0.197658 -0.405246 -0.192332 -0.394646 -0.187126 -0.384046 -0.18287 -0.373892 -0.178792 -0.408497 -0.189863 -0.396759 -0.184845 
4.84 -0.0213943 -0.100411 -0.0207643 -0.098395 -0.0203693 -0.0962415 -0.0197821 -0.0947511 -0.0190094 -0.0931531 -0.0134057 -0.0933666 -0.0125902 -0.0915928 
3.582 -0.379564 -0.199712 -0.368854 -0.194481 -0.359406 -0.189369 -0.349871 -0.185204 -0.34075 -0.18119 -0.37094 -0.19195 -0.360447 -0.187056 
4.043 -0.0433091 -0.0100123 -0.0420111 -0.0101645 -0.0412248 -0.00992484 -0.0401304 -0.0104122 -0.0390155 -0.0107074 -0.0352026 -0.00287353 -0.0339375 -0.00313294 
4.141 -0.0261882 -0.0182304 -0.0253927 -0.0180599 -0.0249436 -0.0176311 -0.0241557 -0.0178376 -0.0233508 -0.0178532 -0.0181684 -0.0110288 -0.017281 -0.0110048 
3.65 -0.35765 -0.395576 -0.347764 -0.385188 -0.339041 -0.375286 -0.330183 -0.366451 -0.321587 -0.358018 -0.348729 -0.387124 -0.339105 -0.377177 
2.314 -0.165895 0.142706 -0.160878 0.138458 -0.156674 0.134962 -0.15229 0.130892 -0.14814 0.127173 -0.158281 0.150577 -0.153316 0.146326 
4.336 0.0422956 0.0146418 0.0416255 0.014025 0.0406635 0.013756 0.0400739 0.0128183 0.0395187 0.0121608 0.0506871 0.0219115 0.0500241 0.021097 
3.717 -0.326832 -0.185331 -0.31783 -0.180591 -0.310042 -0.175925 -0.302093 -0.17214 -0.294483 -0.168515 -0.318233 -0.177634 -0.309439 -0.17323 
3.758 -0.319299 -0.215464 -0.310591 -0.21004 -0.303027 -0.204781 -0.295258 -0.200418 -0.287817 -0.19618 -0.3108 -0.207736 -0.302303 -0.202686 
3.617 -0.369977 -0.223682 -0.35954 -0.217851 -0.350466 -0.212241 -0.341284 -0.207509 -0.332452 -0.202989 -0.361316 -0.215836 -0.351068 -0.210362 
3.861 -0.278208 -0.179167 -0.270866 -0.174787 -0.264502 -0.170479 -0.257925 -0.166998 -0.251563 -0.163601 -0.269798 -0.171556 -0.262696 -0.167499 
4.195 -0.0433091 -0.0237091 -0.0421545 -0.0234785 -0.0414149 -0.022927 -0.0403293 -0.0230792 -0.0392636 -0.022996 -0.0352303 -0.0165609 -0.0340586 -0.0164957 
3.697 -0.332995 -0.154513 -0.323826 -0.150652 -0.315886 -0.146824 -0.307723 -0.143852 -0.299985 -0.140973 -0.32458 -0.146871 -0.315655 -0.143324 
2.188 -0.16658 0.158458 -0.161587 0.153733 -0.157375 0.149853 -0.152968 0.145329 -0.148757 0.141244 -0.158994 0.166278 -0.154009 0.16154 
3.68 -0.293275 0.101616 -0.284242 0.0982959 -0.27646 0.0956931 -0.268551 0.092372 -0.261091 0.0893791 -0.285551 0.109269 -0.276732 0.10589 
3.936 -0.242597 -0.0908232 -0.236243 -0.0887407 -0.230854 -0.0864743 -0.225235 -0.0850319 -0.219823 -0.0835771 -0.234406 -0.0834389 -0.22822 -0.08155 
4.688 -0.0350911 -0.044939 -0.0340766 -0.0442915 -0.0335105 -0.043399 -0.0326238 -0.0431826 -0.031671 -0.0426763 -0.0269887 -0.0378532 -0.0259097 -0.0373177 
3.82 -0.294645 -0.403794 -0.286933 -0.393599 -0.2802 -0.38387 -0.273289 -0.375225 -0.266518 -0.366891 -0.28598 -0.395423 -0.278433 -0.385718 
3.951 -0.244651 -0.174373 -0.238243 -0.170299 -0.232813 -0.166222 -0.227029 -0.162914 -0.221546 -0.159716 -0.236346 -0.166845 -0.230158 -0.163054 
3.768 -0.161101 0.0194357 -0.156763 0.0185585 -0.153091 0.0182202 -0.14915 0.0171679 -0.145318 0.0163816 -0.153167 0.0268796 -0.148923 0.0258548 
3.484 -0.4186 -0.229845 -0.406518 -0.223622 -0.395851 -0.217675 -0.385191 -0.212627 -0.3749 -0.207813 -0.409804 -0.221846 -0.398026 -0.216113 
4.867 -0.00427339 -0.101096 -0.00397469 -0.0990786 -0.00399601 -0.0969287 -0.00376039 -0.0954564 -0.00342286 -0.0938618 0.00377751 -0.0940874 0.00410689 -0.0922976 
3.869 -0.277524 -0.213409 -0.27021 -0.208174 -0.263887 -0.202994 -0.257302 -0.19871 -0.250973 -0.19459 -0.269166 -0.205786 -0.261998 -0.200848 
4.156 -0.183701 -0.204506 -0.179045 -0.199898 -0.175156 -0.195298 -0.17103 -0.191539 -0.166961 -0.18782 -0.175449 -0.197004 -0.170943 -0.192667 
3.65 -0.35491 -0.192864 -0.344955 -0.187852 -0.336308 -0.182983 -0.327617 -0.178992 -0.319136 -0.175169 -0.346443 -0.185107 -0.33686 -0.180461 
3.344 -0.476127 -0.233269 -0.461849 -0.22664 -0.449162 -0.220227 -0.436574 -0.214835 -0.424528 -0.20971 -0.46704 -0.225215 -0.453108 -0.218929 
3.523 -0.402164 -0.224367 -0.390692 -0.218302 -0.380564 -0.212496 -0.370352 -0.207638 -0.360575 -0.20294 -0.393355 -0.216321 -0.382118 -0.210729 
3.568 -0.135077 0.115313 -0.131161 0.111996 -0.127997 0.109303 -0.12453 0.105903 -0.12127 0.102952 -0.127228 0.123024 -0.12335 0.119599 
3.75 -0.308341 -0.0805506 -0.3 -0.0787147 -0.292711 -0.0765559 -0.285276 -0.075273 -0.278164 -0.0739439 -0.300159 -0.0731661 -0.291991 -0.0714371 
3.686 -0.340529 -0.216833 -0.331383 -0.211332 -0.323348 -0.205949 -0.315008 -0.201414 -0.30707 -0.197095 -0.332304 -0.209089 -0.323174 -0.2039 
3.646 -0.35765 -0.415436 -0.347785 -0.404533 -0.339031 -0.394124 -0.330154 -0.384846 -0.321574 -0.375973 -0.348706 -0.406905 -0.339022 -0.396491 
4.832 0.00942337 -0.0976716 0.00934901 -0.0956532 0.00908375 -0.0935873 0.0090756 -0.0922214 0.00910059 -0.0906913 0.0175493 -0.0905166 0.0176183 -0.0888649 
3.914 -0.259718 -0.203137 -0.252937 -0.198227 -0.246935 -0.19342 -0.240885 -0.189489 -0.234858 -0.185631 -0.25136 -0.195426 -0.244862 -0.190979 
3.689 -0.339844 -0.173004 -0.330445 -0.16856 -0.322248 -0.164086 -0.31392 -0.160536 -0.305901 -0.157076 -0.331376 -0.165378 -0.322177 -0.161163 
4.234 -0.0570059 -0.0216546 -0.055511 -0.0214129 -0.0544759 -0.0208512 -0.0531228 -0.0209765 -0.0517614 -0.0209426 -0.0489997 -0.0144436 -0.047458 -0.0143774 
4.188 -0.00427339 -0.00727298 -0.00396587 -0.00742742 -0.00392516 -0.00727619 -0.00365325 -0.00771078 -0.00333157 -0.00800367 0.00377701 -2.76326e-05 0.00419228 -0.000355631 
3.787 -0.302178 -0.184646 -0.294065 -0.18003 -0.286997 -0.175496 -0.279729 -0.171869 -0.272697 -0.168289 -0.293711 -0.176992 -0.285843 -0.172715 
4.75 -0.0378304 -0.0969867 -0.0367745 -0.0949666 -0.0361308 -0.0928869 -0.0352138 -0.0914431 -0.0341592 -0.089883 -0.0297354 -0.089881 -0.0286644 -0.0881561 
4.082 -0.202876 -0.150404 -0.197725 -0.147023 -0.193429 -0.143633 -0.188776 -0.140986 -0.184336 -0.138372 -0.194754 -0.143008 -0.189708 -0.139878 
4.555 0.0299685 -0.00521846 0.0295156 -0.00542533 0.0287788 -0.00527569 0.0283398 -0.00576595 0.0280253 -0.00610009 0.0382222 0.00197317 0.0378889 0.00155455 
3.861 -0.282317 -0.229845 -0.274905 -0.224295 -0.268427 -0.218899 -0.261738 -0.214273 -0.25525 -0.209882 -0.273923 -0.222095 -0.266625 -0.216903 
3.877 -0.283002 -0.323668 -0.275578 -0.315626 -0.269132 -0.30783 -0.262505 -0.301077 -0.256004 -0.294556 -0.274422 -0.315687 -0.267204 -0.308011 
4.473 -0.100836 -0.138077 -0.0983734 -0.135296 -0.0965382 -0.132485 -0.0943002 -0.130253 -0.0920831 -0.128039 -0.0927887 -0.130886 -0.0903374 -0.128344 
4.324 -0.0255034 -0.0339816 -0.0247906 -0.0335964 -0.0243548 -0.0328634 -0.0236474 -0.0328304 -0.022933 -0.032591 -0.0174816 -0.0269292 -0.0166557 -0.0267114 
4.672 -0.0638543 -0.225736 -0.0623714 -0.221209 -0.0613473 -0.216711 -0.0599889 -0.213011 -0.0585134 -0.209238 -0.0557925 -0.218454 -0.0542886 -0.214328 
3.922 -0.257663 -0.181907 -0.251005 -0.177585 -0.24505 -0.173314 -0.239171 -0.169848 -0.233145 -0.166454 -0.249395 -0.174347 -0.24288 -0.170345 
4.656 -0.0556362 -0.0531571 -0.0541932 -0.0522173 -0.0531629 -0.0510509 -0.0518471 -0.0506296 -0.0505189 -0.0499775 -0.047628 -0.0460255 -0.0461271 -0.0453084 
4.48 -0.10152 -0.163416 -0.0990747 -0.160063 -0.0971457 -0.156616 -0.0949182 -0.15396 -0.0926066 -0.151215 -0.0934814 -0.156166 -0.0910113 -0.153074 
4.016 -0.23164 -0.202452 -0.225631 -0.197714 -0.220567 -0.193143 -0.215175 -0.189357 -0.209978 -0.185675 -0.223163 -0.194767 -0.217442 -0.190484 
3.471 -0.41997 -0.174373 -0.407822 -0.169733 -0.397036 -0.165107 -0.386104 -0.161433 -0.375815 -0.157913 -0.411262 -0.16656 -0.39929 -0.162211 
4.344 -0.0111218 -0.0298726 -0.0107898 -0.0295149 -0.0106088 -0.0287367 -0.0101065 -0.0287116 -0.00962673 -0.028471 -0.00314055 -0.0228594 -0.00256706 -0.0226087 
4.035 -0.217258 -0.153828 -0.211664 -0.150316 -0.206803 -0.146811 -0.201714 -0.144093 -0.196771 -0.141378 -0.209001 -0.146388 -0.203445 -0.143169 
4.699 -0.0624846 -0.205876 -0.0609903 -0.201838 -0.0599715 -0.197744 -0.0586097 -0.194206 -0.057222 -0.190932 -0.0544065 -0.198733 -0.0529112 -0.194922 
4.172 -0.136447 -0.00864265 -0.132817 -0.00874234 -0.129798 -0.00841397 -0.126585 -0.00887769 -0.123509 -0.0091065 -0.128548 -0.0013882 -0.125053 -0.00153734 
4.43 -0.10152 -0.0524723 -0.0990139 -0.0514863 -0.0970201 -0.0502936 -0.0947723 -0.0498857 -0.0924468 -0.0493565 -0.0935456 -0.0452625 -0.0910085 -0.044579 
4.82 0.00873853 -0.0716477 0.00872173 -0.0704089 0.00847101 -0.0689283 0.00847549 -0.0681646 0.00856067 -0.0672497 0.0168185 -0.0646089 0.0169329 -0.0635725 
3.803 -0.301493 -0.219573 -0.293524 -0.214129 -0.286602 -0.208814 -0.279361 -0.204334 -0.272472 -0.200055 -0.29323 -0.211935 -0.285395 -0.20682 
3.857 -0.274784 -0.16547 -0.267437 -0.161398 -0.261164 -0.157357 -0.254578 -0.154138 -0.24829 -0.150955 -0.266415 -0.157938 -0.259336 -0.154177 
4.703 -0.0590604 -0.273675 -0.0576647 -0.268197 -0.0566843 -0.262801 -0.0553995 -0.258182 -0.053989 -0.253584 -0.0509278 -0.266414 -0.0494791 -0.261237 
4.324 -0.0741268 -0.0148062 -0.0723274 -0.014822 -0.0708917 -0.0144938 -0.0691491 -0.014859 -0.0674828 -0.0150201 -0.0662174 -0.00763893 -0.0643392 -0.00774974 
4.078 -0.206985 -0.197658 -0.201738 -0.193103 -0.19717 -0.188625 -0.192424 -0.184944 -0.187804 -0.181352 -0.198601 -0.190067 -0.193544 -0.185928 
3.16 -0.274099 0.115998 -0.265533 0.112213 -0.258122 0.10922 -0.250561 0.105527 -0.243519 0.102222 -0.266044 0.123508 -0.257567 0.119656 
4.047 -0.214519 -0.125065 -0.209043 -0.122323 -0.204283 -0.119473 -0.199258 -0.117369 -0.194373 -0.115291 -0.206381 -0.117717 -0.200992 -0.115177 
3.51 -0.404219 -0.171634 -0.392533 -0.167118 -0.38249 -0.16261 -0.37221 -0.159031 -0.362299 -0.155597 -0.395619 -0.163863 -0.384263 -0.159653 
3.691 -0.339844 -0.192864 -0.330361 -0.187973 -0.322125 -0.183141 -0.313728 -0.179247 -0.305676 -0.175463 -0.331426 -0.185156 -0.322265 -0.180633 
3.832 -0.298069 -0.317504 -0.290037 -0.309451 -0.282985 -0.301648 -0.275792 -0.294928 -0.268801 -0.288411 -0.289479 -0.309546 -0.281652 -0.301891 
3.775 -0.294645 -0.0949322 -0.286468 -0.0926775 -0.279418 -0.0902392 -0.272145 -0.0886146 -0.265191 -0.0870125 -0.286397 -0.087456 -0.278459 -0.0853814 
4.297 -0.14398 -0.152459 -0.140337 -0.149063 -0.13739 -0.145762 -0.134101 -0.14316 -0.130878 -0.14054 -0.135896 -0.1451 -0.132301 -0.142053 
4.562 -0.0864539 -0.16684 -0.0842596 -0.163318 -0.0826769 -0.159941 -0.0806674 -0.157224 -0.0787439 -0.1545 -0.078401 -0.15959 -0.0762246 -0.156418 
3.766 -0.308341 -0.149034 -0.300052 -0.14533 -0.292906 -0.141684 -0.285544 -0.138825 -0.278503 -0.136038 -0.300005 -0.141432 -0.291974 -0.138089 
4.289 0.00873853 -0.0264484 0.00874396 -0.0262314 0.00843816 -0.0256166 0.00844585 -0.0257108 0.0085361 -0.0256118 0.0168684 -0.0193512 0.0169834 -0.0192655 
3.658 -0.121381 0.118737 -0.117827 0.115263 -0.114902 0.112551 -0.111879 0.109073 -0.108788 0.106071 -0.113613 0.12643 -0.110094 0.122922 
3.955 -0.254924 -0.309286 -0.24825 -0.301689 -0.242542 -0.294381 -0.236615 -0.288045 -0.230765 -0.281852 -0.246389 -0.301393 -0.239919 -0.294194 
3.541 -0.394631 -0.198343 -0.38338 -0.193036 -0.373413 -0.18784 -0.363362 -0.183595 -0.353712 -0.179526 -0.386047 -0.190531 -0.375049 -0.185558 
4.648 -0.0686481 -0.256554 -0.0669992 -0.251363 -0.0658208 -0.246147 -0.0642987 -0.241801 -0.0627025 -0.237424 -0.0605675 -0.249176 -0.0588841 -0.244318 
4.305 -0.144665 -0.175743 -0.141044 -0.171979 -0.138067 -0.168103 -0.134755 -0.164891 -0.131506 -0.161852 -0.136606 -0.168434 -0.13297 -0.164856 
4.758 -0.0494727 -0.22916 -0.0482295 -0.224573 -0.0473825 -0.219987 -0.0462054 -0.216259 -0.0449225 -0.212443 -0.0413794 -0.22187 -0.0400964 -0.217639 
4.375 0.0607862 0.0201205 0.0596235 0.0193444 0.0582524 0.0190053 0.0571429 0.017964 0.0562271 0.0171694 0.0692373 0.0273734 0.0682205 0.0264598 
4.059 -0.202876 -0.0606903 -0.197454 -0.0594714 -0.192806 -0.0579806 -0.187822 -0.0572338 -0.183098 -0.0564291 -0.194974 -0.0533719 -0.189563 -0.0522617 
3.531 -0.389837 -0.0860293 -0.378733 -0.0838969 -0.368985 -0.0815977 -0.359141 -0.0801498 -0.349726 -0.0787337 -0.381549 -0.0784543 -0.37072 -0.0765357 
4.098 -0.200137 -0.123011 -0.195048 -0.12035 -0.190823 -0.117563 -0.186217 -0.11555 -0.18183 -0.113498 -0.19216 -0.115693 -0.187086 -0.113206 
3.502 -0.402164 -0.131229 -0.390647 -0.127828 -0.380518 -0.124329 -0.370199 -0.121753 -0.360361 -0.119278 -0.393733 -0.123561 -0.382313 -0.120391 
4.598 -0.0830297 -0.25176 -0.0810104 -0.246403 -0.0794538 -0.241214 -0.0776248 -0.236837 -0.0756858 -0.23245 -0.0749423 -0.244279 -0.0728703 -0.239473 
3.176 -0.543241 -0.225051 -0.526208 -0.218419 -0.510932 -0.211928 -0.495875 -0.20655 -0.481528 -0.201397 -0.534006 -0.217043 -0.517283 -0.210614 
4.727 -0.0364608 -0.0634297 -0.035411 -0.0623998 -0.0347951 -0.061126 -0.0338666 -0.0605922 -0.0328444 -0.0598384 -0.0283843 -0.0562586 -0.0272938 -0.0554755 
4.191 -0.178222 -0.286002 -0.17371 -0.279354 -0.169914 -0.272957 -0.165867 -0.267396 -0.161867 -0.261976 -0.169967 -0.278346 -0.165578 -0.272121 
3.77 -0.304232 -0.164786 -0.296016 -0.160716 -0.288877 -0.156596 -0.281538 -0.15337 -0.274526 -0.150205 -0.295896 -0.15723 -0.287877 -0.153427 
2.338 -0.278208 0.172839 -0.268879 0.167001 -0.260687 0.162089 -0.252556 0.156608 -0.244901 0.151544 -0.270789 0.180763 -0.261506 0.174904 
3.426 -0.437091 -0.166155 -0.424172 -0.161534 -0.412711 -0.156917 -0.401191 -0.153294 -0.390244 -0.149826 -0.428404 -0.158358 -0.415628 -0.153966 
3.574 -0.380249 -0.151089 -0.369489 -0.147185 -0.359994 -0.14323 -0.35038 -0.140165 -0.341249 -0.137234 -0.371884 -0.143446 -0.361273 -0.139793 
3.785 -0.296699 -0.12438 -0.288497 -0.12134 -0.281399 -0.118325 -0.274095 -0.115988 -0.267081 -0.113711 -0.288388 -0.116872 -0.280421 -0.114126 
4.754 -0.048103 -0.177113 -0.046885 -0.17351 -0.0460751 -0.169975 -0.0449366 -0.167198 -0.0437414 -0.164328 -0.039999 -0.169649 -0.038749 -0.16654 
4.406 -0.119326 -0.25176 -0.116404 -0.246327 -0.114142 -0.241016 -0.111566 -0.236471 -0.108923 -0.232071 -0.111223 -0.24437 -0.10836 -0.239249 
4.543 -0.0837146 -0.130544 -0.0816332 -0.127944 -0.0800425 -0.125242 -0.0781653 -0.123267 -0.0762799 -0.121222 -0.0756918 -0.123406 -0.0735933 -0.121022 
3.178 -0.54598 -0.296274 -0.529138 -0.287589 -0.514091 -0.279263 -0.49912 -0.271956 -0.484902 -0.265155 -0.536614 -0.287972 -0.520115 -0.279628 
3.352 -0.476127 -0.251075 -0.461895 -0.243978 -0.449224 -0.237049 -0.436633 -0.231236 -0.424596 -0.225701 -0.467063 -0.243046 -0.453203 -0.236328 
4.414 -0.115217 -0.173004 -0.112377 -0.169368 -0.110094 -0.165744 -0.107463 -0.162889 -0.104885 -0.159981 -0.107218 -0.165729 -0.104373 -0.162339 
3.4 -0.441885 -0.12575 -0.428782 -0.122338 -0.417201 -0.118848 -0.405578 -0.116303 -0.394515 -0.113813 -0.433227 -0.118057 -0.420314 -0.114865 
3.191 -0.534338 -0.213409 -0.517562 -0.207087 -0.502592 -0.200775 -0.487766 -0.195657 -0.47365 -0.190679 -0.525202 -0.205331 -0.508733 -0.199302 
3.775 -0.287796 -0.0442542 -0.279817 -0.0432873 -0.272855 -0.0421288 -0.265818 -0.0417744 -0.259047 -0.0413253 -0.279773 -0.0367829 -0.271923 -0.0360796 
3.611 -0.356965 -0.0469936 -0.346678 -0.0459143 -0.337717 -0.044668 -0.328628 -0.0441734 -0.319971 -0.0436492 -0.348773 -0.0394553 -0.338742 -0.0386408 
3.621 -0.363813 -0.176428 -0.353447 -0.171818 -0.34429 -0.167245 -0.335127 -0.163549 -0.326318 -0.159974 -0.355252 -0.168768 -0.345123 -0.164443 
3.568 -0.37751 -0.115477 -0.366729 -0.112506 -0.357282 -0.109433 -0.34768 -0.107194 -0.338587 -0.104984 -0.369164 -0.107923 -0.358576 -0.105171 
3.812 -0.302178 -0.240803 -0.294142 -0.234792 -0.287065 -0.229038 -0.279862 -0.224126 -0.272874 -0.21937 -0.293705 -0.233002 -0.285829 -0.227384 
4.73 -0.0535817 -0.258608 -0.0522583 -0.253323 -0.051345 -0.248151 -0.0501063 -0.243796 -0.0487661 -0.23952 -0.0454735 -0.251187 -0.044112 -0.246343 
4.566 -0.0782359 -0.116162 -0.0763144 -0.113922 -0.0748931 -0.111523 -0.0731729 -0.109926 -0.0714429 -0.108164 -0.0702376 -0.108973 -0.0683301 -0.107008 
3.738 -0.309711 -0.117532 -0.301306 -0.114651 -0.294072 -0.111724 -0.286616 -0.109618 -0.279498 -0.107499 -0.301358 -0.110034 -0.293196 -0.107422 
2.455 -0.221367 0.142022 -0.214232 0.137442 -0.20804 0.133691 -0.201732 0.129343 -0.195758 0.125372 -0.213881 0.14981 -0.206774 0.145211 
4.613 -0.0727572 -0.10315 -0.0709825 -0.101112 -0.0695876 -0.0988356 -0.0679069 -0.0973522 -0.066261 -0.0957335 -0.0648054 -0.0960385 -0.0628965 -0.094215 
3.918 -0.238488 -0.0435694 -0.232191 -0.0427124 -0.226866 -0.0416309 -0.221291 -0.0412729 -0.215907 -0.0408458 -0.2304 -0.0361466 -0.224278 -0.0355462 
3.436 -0.432297 -0.14835 -0.419561 -0.144233 -0.408167 -0.140072 -0.396869 -0.136883 -0.386101 -0.133772 -0.423769 -0.140649 -0.411286 -0.136788 
4.598 -0.08166 -0.227106 -0.0797225 -0.222413 -0.0781808 -0.217862 -0.0763909 -0.214107 -0.0744962 -0.210217 -0.0736058 -0.219634 -0.0716102 -0.215448 
4.105 -0.190549 -0.0668539 -0.18578 -0.0656218 -0.181817 -0.0641063 -0.177552 -0.0633164 -0.173432 -0.0625003 -0.182474 -0.0595615 -0.177825 -0.0584705 
4.723 0.0402411 -0.0497329 0.0394972 -0.049039 0.0384728 -0.0480562 0.0378165 -0.0476833 0.0372426 -0.0471854 0.048444 -0.0427611 0.0478804 -0.0421589 
4.016 -0.225476 -0.109999 -0.219582 -0.107514 -0.214495 -0.104864 -0.209246 -0.103022 -0.20398 -0.101154 -0.217352 -0.102627 -0.211539 -0.100331 
3.498 -0.405588 -0.113423 -0.393668 -0.110431 -0.383287 -0.107381 -0.372795 -0.105144 -0.362802 -0.103003 -0.397055 -0.105823 -0.385568 -0.103064 
4.301 -0.137132 -0.087399 -0.133593 -0.0855987 -0.130678 -0.083693 -0.12762 -0.0824214 -0.124372 -0.0811223 -0.129089 -0.0801063 -0.125701 -0.0786158 
2.398 -0.239173 0.146131 -0.231349 0.141233 -0.224651 0.137281 -0.217906 0.132618 -0.21139 0.12841 -0.23159 0.153954 -0.223849 0.149062 
3.527 -0.212464 0.0762772 -0.205727 0.0736611 -0.2 0.0717363 -0.194175 0.0690798 -0.188567 0.066708 -0.204677 0.0837642 -0.198131 0.0811517 
3.279 -0.180962 0.113258 -0.175222 0.109684 -0.170357 0.106832 -0.165332 0.103326 -0.160584 0.100186 -0.173209 0.120958 -0.167542 0.117322 
3.951 -0.254924 -0.233954 -0.248296 -0.228331 -0.24266 -0.222933 -0.236763 -0.218271 -0.230985 -0.213832 -0.246507 -0.226284 -0.240072 -0.220967 
3.982 -0.233009 -0.14698 -0.226914 -0.143624 -0.221722 -0.140093 -0.216353 -0.137457 -0.211172 -0.134821 -0.224405 -0.139535 -0.218559 -0.136391 
2.479 -0.196028 0.139282 -0.189719 0.13477 -0.184437 0.131071 -0.179005 0.126675 -0.173851 0.12284 -0.188414 0.147045 -0.182172 0.142557 
3.521 -0.399425 -0.157937 -0.38794 -0.153738 -0.37801 -0.149555 -0.367749 -0.146235 -0.358159 -0.143127 -0.390867 -0.150235 -0.379809 -0.146334 
3.377 -0.439145 -0.0709629 -0.426006 -0.0690956 -0.414231 -0.0669779 -0.402586 -0.0657383 -0.391542 -0.0645307 -0.430537 -0.063377 -0.417644 -0.0616661 
4.652 -0.0631694 -0.126435 -0.0616143 -0.124023 -0.0605108 -0.121407 -0.0590643 -0.119636 -0.0576083 -0.117425 -0.0551836 -0.119409 -0.0535815 -0.117016 
3.393 -0.439145 -0.107944 -0.426095 -0.105 -0.41452 -0.101965 -0.402964 -0.0997739 -0.392056 -0.0976704 -0.430419 -0.100317 -0.41773 -0.0975797 
3.82 -0.282317 -0.10315 -0.274754 -0.100756 -0.268227 -0.0981869 -0.261488 -0.0965231 -0.255006 -0.0947736 -0.274049 -0.0956931 -0.266735 -0.0934677 
4.102 -0.196713 -0.162731 -0.191785 -0.15902 -0.187527 -0.155317 -0.183171 -0.152374 -0.178751 -0.149452 -0.188655 -0.155327 -0.183592 -0.151879 
4.336 -0.135762 -0.240118 -0.132428 -0.234806 -0.129702 -0.229485 -0.126659 -0.225047 -0.123648 -0.220628 -0.127648 -0.232698 -0.124351 -0.227632 
3.998 -0.098781 -0.0106972 -0.0961947 -0.0107602 -0.0938989 -0.0104495 -0.0918037 -0.0108443 -0.0892305 -0.0110503 -0.0915486 -0.00346298 -0.0884672 -0.00362387 
4.402 -0.120696 -0.237378 -0.11778 -0.23221 -0.115429 -0.22704 -0.112756 -0.222706 -0.110063 -0.218474 -0.112606 -0.230011 -0.109691 -0.225116 
4.234 -0.155623 -0.142871 -0.15178 -0.139902 -0.148608 -0.136793 -0.145096 -0.134429 -0.141628 -0.132148 -0.14757 -0.135623 -0.143763 -0.132825 
4.758 -0.0487878 -0.194234 -0.047551 -0.190304 -0.046704 -0.186432 -0.045563 -0.183281 -0.0443169 -0.180079 -0.0406806 -0.186794 -0.039414 -0.183354 
4.363 -0.120696 -0.0867141 -0.117677 -0.0850156 -0.11517 -0.083012 -0.112499 -0.0817709 -0.109856 -0.0804848 -0.112738 -0.0794813 -0.109791 -0.0779077 
3.885 -0.267251 -0.14561 -0.260172 -0.142178 -0.254046 -0.138554 -0.247709 -0.135865 -0.24156 -0.133143 -0.258923 -0.138129 -0.251953 -0.134905 
3.559 -0.37888 -0.0764416 -0.368069 -0.0745826 -0.358691 -0.0725642 -0.349071 -0.0713119 -0.339953 -0.0700671 -0.370603 -0.0688788 -0.360146 -0.067221 
4.371 -0.12412 -0.108629 -0.121092 -0.106362 -0.118616 -0.103966 -0.115842 -0.102246 -0.113095 -0.100518 -0.11612 -0.101399 -0.113149 -0.099368 
2.912 0.484016 -0.0353513 0.467717 -0.0347632 0.452502 -0.0338765 0.438443 -0.0336359 0.425387 -0.0330809 0.396901 -0.020872 0.384524 -0.0207039 
3.84 -0.237118 0.0762772 -0.229705 0.0737313 -0.223416 0.0718777 -0.216923 0.0692787 -0.210714 0.0668752 -0.229389 0.0838113 -0.222025 0.0811623 
4.273 -0.14535 -0.133283 -0.141677 -0.130326 -0.138713 -0.127385 -0.13539 -0.125059 -0.132156 -0.122769 -0.137254 -0.126043 -0.133634 -0.123332 
3.451 -0.424079 -0.160677 -0.411823 -0.156334 -0.400784 -0.151994 -0.389782 -0.148558 -0.37923 -0.145275 -0.415354 -0.152919 -0.403159 -0.148827 
4.336 -0.135077 -0.221627 -0.131791 -0.216744 -0.129071 -0.211905 -0.126085 -0.207939 -0.123108 -0.203994 -0.127023 -0.214238 -0.123707 -0.209671 
4.27 -0.151513 -0.243542 -0.147714 -0.237979 -0.14457 -0.23257 -0.141117 -0.228022 -0.137678 -0.223472 -0.143378 -0.236117 -0.139607 -0.230895 
3.447 -0.430242 -0.192864 -0.417502 -0.187561 -0.406416 -0.182329 -0.395123 -0.178073 -0.384432 -0.173986 -0.421843 -0.185095 -0.409529 -0.180099 
4.078 -0.18644 0.000260238 -0.181638 -5.25449e-05 -0.177484 -2.27421e-05 -0.173224 -0.00065554 -0.169103 -0.0010755 -0.178513 0.00758964 -0.173779 0.00714853 
4.594 -0.0823449 -0.191494 -0.0803859 -0.187563 -0.0788286 -0.183567 -0.0770615 -0.180612 -0.075141 -0.177489 -0.0743267 -0.184172 -0.0722806 -0.180692 
4.352 -0.130968 -0.203137 -0.127739 -0.198746 -0.125152 -0.194483 -0.122253 -0.190831 -0.1193 -0.187245 -0.122885 -0.19575 -0.119695 -0.191696 
3.738 -0.303547 -0.0442542 -0.29528 -0.0432949 -0.288144 -0.042139 -0.280872 -0.0417002 -0.273843 -0.0412489 -0.295374 -0.0367653 -0.287354 -0.0360641 
4.398 -0.120696 -0.222312 -0.117881 -0.217536 -0.115484 -0.212775 -0.112893 -0.208865 -0.110214 -0.204931 -0.112503 -0.214895 -0.109644 -0.21043 
3.691 -0.326832 -0.0880838 -0.317771 -0.0861115 -0.30996 -0.0839039 -0.301959 -0.0825066 -0.294294 -0.0811375 -0.318495 -0.0807055 -0.309732 -0.0788686 
4.164 -0.190549 -0.299014 -0.185703 -0.292289 -0.181747 -0.285585 -0.177474 -0.280056 -0.173218 -0.274591 -0.182217 -0.291258 -0.177581 -0.284972 
2.57 -0.21041 0.133804 -0.203686 0.129463 -0.197925 0.125932 -0.192057 0.121739 -0.186543 0.117937 -0.202815 0.141602 -0.196195 0.137253 
3.773 0.174469 -0.0723326 0.17004 -0.0707332 0.165733 -0.0688959 0.161937 -0.067751 0.158318 -0.066413 0.183397 -0.0655252 0.17926 -0.0641023 
2.346 -0.12549 0.137913 -0.121855 0.133911 -0.118857 0.130609 -0.115677 0.126663 -0.112704 0.123106 -0.117728 0.1457 -0.114106 0.14165 
3.449 -0.417231 -0.101781 -0.404958 -0.0990389 -0.394158 -0.0961267 -0.383297 -0.0940767 -0.372952 -0.092154 -0.408704 -0.094183 -0.396667 -0.0916355 
3.66 -0.35491 -0.222997 -0.345167 -0.217263 -0.336448 -0.211658 -0.327514 -0.206947 -0.31905 -0.202447 -0.346419 -0.215186 -0.33678 -0.209799 
4.523 -0.0980962 -0.255184 -0.0957513 -0.249813 -0.0938831 -0.244549 -0.0917317 -0.240012 -0.0895133 -0.235404 -0.0899562 -0.24789 -0.087613 -0.242803 
4.402 -0.117956 -0.142186 -0.115108 -0.139387 -0.112789 -0.136429 -0.110188 -0.134178 -0.107609 -0.1319 -0.109903 -0.135017 -0.107129 -0.132326 
4.27 0.0970826 0.0214902 0.0950291 0.0207048 0.0928238 0.0203017 0.0909852 0.0192617 0.0892781 0.0184746 0.10557 0.0287355 0.103702 0.027803 
3.818 -0.283002 -0.0668539 -0.275514 -0.0653256 -0.269345 -0.0636612 -0.261906 -0.062684 -0.254968 -0.0616931 -0.274782 -0.0594463 -0.267066 -0.058092 
4.355 -0.121381 -0.0723326 -0.118398 -0.0710828 -0.115976 -0.0696204 -0.113284 -0.068737 -0.11062 -0.067889 -0.11341 -0.0650594 -0.110471 -0.0640672 
3.998 -0.229585 -0.16684 -0.223821 -0.162951 -0.218985 -0.159065 -0.213582 -0.155962 -0.208798 -0.152943 -0.222053 -0.159449 -0.216177 -0.155766 
4.566 -0.0741268 -0.0846596 -0.0723325 -0.0831756 -0.0708904 -0.0814454 -0.0691649 -0.0803381 -0.0675284 -0.0789341 -0.0662087 -0.0776045 -0.0642598 -0.0763586 
4.664 -0.0672785 -0.172319 -0.0656613 -0.168778 -0.0644829 -0.165347 -0.0629816 -0.162599 -0.0613981 -0.15961 -0.0592671 -0.165089 -0.0575465 -0.162022 
3.848 -0.287111 -0.242857 -0.279631 -0.236943 -0.273147 -0.231171 -0.266434 -0.226319 -0.259929 -0.221588 -0.278704 -0.235068 -0.271386 -0.229507 
4.184 -0.176168 -0.264087 -0.171646 -0.257979 -0.167862 -0.251981 -0.163774 -0.246931 -0.159809 -0.241907 -0.167923 -0.256454 -0.163526 -0.250781 
4.477 -0.0960416 -0.087399 -0.0936063 -0.0857607 -0.0917754 -0.0838094 -0.0895899 -0.0827307 -0.0874106 -0.0814088 -0.0880284 -0.0802368 -0.0856005 -0.0787103 
4.648 -0.0686481 -0.241487 -0.0669806 -0.236585 -0.0658086 -0.231648 -0.0642901 -0.227608 -0.0627203 -0.223634 -0.0605424 -0.234062 -0.0588703 -0.229368 
4.398 -0.116587 -0.12575 -0.113711 -0.123119 -0.111412 -0.120375 -0.108848 -0.118338 -0.106271 -0.11627 -0.108537 -0.118555 -0.105708 -0.116155 
4.52 -0.094672 -0.208615 -0.0925014 -0.204305 -0.0908075 -0.200239 -0.088795 -0.196594 -0.0866701 -0.193182 -0.086594 -0.201229 -0.0843753 -0.197376 
3.625 -0.365868 -0.366128 -0.355858 -0.356434 -0.347 -0.347191 -0.338043 -0.33901 -0.32941 -0.331199 -0.356925 -0.357759 -0.347162 -0.348533 
3.83 -0.281633 -0.122326 -0.273979 -0.119373 -0.267411 -0.116388 -0.260598 -0.114137 -0.25401 -0.111945 -0.27335 -0.11481 -0.265941 -0.112131 
4.516 -0.0974113 -0.186016 -0.0951087 -0.182047 -0.0933223 -0.178125 -0.0911699 -0.175037 -0.0890205 -0.171711 -0.0894423 -0.178817 -0.0870339 -0.175108 
4.039 -0.213834 -0.0860293 -0.208258 -0.0842112 -0.203521 -0.0821868 -0.198527 -0.0809089 -0.193718 -0.0795584 -0.205723 -0.0787127 -0.200277 -0.0770652 
3.463 -0.16521 0.089974 -0.160159 0.0871207 -0.156054 0.0849473 -0.151712 0.0820743 -0.147598 0.0795383 -0.157422 0.0975405 -0.152405 0.0946593 
3.307 -0.493932 -0.327092 -0.479237 -0.317743 -0.466071 -0.308639 -0.452927 -0.300688 -0.440315 -0.293226 -0.484686 -0.318829 -0.470277 -0.309738 
4.078 -0.196028 -0.0483632 -0.190986 -0.0474241 -0.18677 -0.0462441 -0.182302 -0.0458108 -0.177994 -0.0452515 -0.18806 -0.0409864 -0.183101 -0.0402742 
4.445 -0.110423 -0.212724 -0.107817 -0.208202 -0.105649 -0.203772 -0.103246 -0.200154 -0.100827 -0.196482 -0.102305 -0.205351 -0.0997069 -0.201245 
3.904 -0.256294 -0.120271 -0.24953 -0.117437 -0.243701 -0.114578 -0.2376 -0.112454 -0.231812 -0.110365 -0.248158 -0.112805 -0.241554 -0.110232 
4.516 -0.0926174 -0.116847 -0.0904214 -0.114648 -0.0887963 -0.112265 -0.086801 -0.110695 -0.0847887 -0.108999 -0.0846502 -0.109725 -0.0823672 -0.107732 
4.008 -0.112478 -0.0120668 -0.109283 -0.0121229 -0.106445 -0.0118232 -0.103794 -0.0121895 -0.100985 -0.0124057 -0.104945 -0.00483341 -0.101745 -0.00498957 
4.07 -0.196713 0.0707985 -0.190587 0.0684558 -0.185456 0.066756 -0.180031 0.0642967 -0.174984 0.0621795 -0.18886 0.0782704 -0.182717 0.0758157 
2.477 -0.154938 0.131064 -0.150277 0.127212 -0.146388 0.124034 -0.142333 0.120283 -0.138509 0.116856 -0.146973 0.138824 -0.142564 0.134925 
3.473 -0.406958 -0.0867141 -0.39498 -0.0845269 -0.3844 -0.0821576 -0.37369 -0.0806416 -0.363609 -0.0791523 -0.398493 -0.0791161 -0.38669 -0.0771233 
3.707 -0.323408 -0.109314 -0.314553 -0.106684 -0.306699 -0.103954 -0.298645 -0.101989 -0.29106 -0.100108 -0.315049 -0.101766 -0.306423 -0.0994124 
