4.074 -0.181646 -0.032612 -0.206001 -0.0324006 -0.230157 -0.0323519 -0.254752 -0.032543 -0.279315 -0.0327009 -0.303295 -0.0323519 -0.327459 -0.0319301 
4.098 -0.115902 -0.0196001 -0.139422 -0.0194426 -0.162775 -0.0192552 -0.186536 -0.0194278 -0.210343 -0.0194545 -0.233771 -0.0189687 -0.257557 -0.0185395 
2.885 -0.35765 0.141337 -0.391945 0.14168 -0.425924 0.141953 -0.460286 0.142121 -0.494842 0.142132 -0.528626 0.142512 -0.562359 0.142909 
3.568 -0.340529 -0.0353513 -0.36929 -0.0351529 -0.39778 -0.0350385 -0.426787 -0.0351234 -0.455711 -0.0352921 -0.48407 -0.0349959 -0.512529 -0.0345255 
3.078 -0.247391 0.183112 -0.279509 0.183483 -0.311346 0.183726 -0.343467 0.183802 -0.375343 0.183847 -0.406679 0.184128 -0.438078 0.184677 
4.039 -0.156307 -0.0175455 -0.178387 -0.0172499 -0.200323 -0.0171319 -0.222611 -0.0172107 -0.244944 -0.0172816 -0.266845 -0.0169877 -0.288871 -0.0164512 
2.941 0.489495 0.0584714 0.454144 0.0586689 0.419152 0.0587667 0.383899 0.058327 0.348789 0.058414 0.313962 0.05895 0.279135 0.0594946 
3.574 -0.0570059 0.0975072 -0.0797877 0.0977415 -0.102234 0.0979345 -0.125067 0.0978476 -0.147927 0.0979263 -0.170406 0.0984444 -0.192932 0.0989977 
3.916 -0.0843994 0.068744 -0.108761 0.0689715 -0.132959 0.0691946 -0.157573 0.069052 -0.182175 0.0690641 -0.20653 0.0695292 -0.230777 0.0700073 
4.055 -0.182331 -0.0141214 -0.206597 -0.013877 -0.230658 -0.0137818 -0.255294 -0.0138784 -0.279935 -0.0139642 -0.304032 -0.0136214 -0.328283 -0.0131048 
4.449 -0.0556362 0.0269689 -0.0786625 0.0272071 -0.101644 0.0273347 -0.124922 0.0272206 -0.148195 0.0272141 -0.170994 0.0277062 -0.19406 0.0281672 
4.074 -0.133023 -0.0216546 -0.15539 -0.0215022 -0.177479 -0.0214157 -0.199941 -0.0214933 -0.222262 -0.0215229 -0.244408 -0.0211746 -0.266669 -0.0206159 
3.301 0.42238 -0.00521846 0.393334 -0.00495413 0.364598 -0.00476072 0.335668 -0.00502911 0.306965 -0.00486543 0.278351 -0.00415154 0.249721 -0.00351937 
3.277 -0.4186 -0.0531571 -0.449929 -0.0528756 -0.481066 -0.0527204 -0.512696 -0.052767 -0.544189 -0.0529794 -0.574782 -0.0525875 -0.605376 -0.052158 
4.113 -0.110423 -0.0339816 -0.134132 -0.0336289 -0.157749 -0.0333719 -0.181636 -0.0336242 -0.205736 -0.0336962 -0.229335 -0.0332255 -0.253098 -0.03289 
2.924 -0.374771 0.135858 -0.408658 0.136297 -0.442418 0.136689 -0.476536 0.136857 -0.510772 0.136903 -0.544226 0.137328 -0.577731 0.137777 
3.473 -0.202191 0.18996 -0.232669 0.190394 -0.262933 0.190736 -0.293574 0.190822 -0.324167 0.190915 -0.354103 0.191335 -0.384239 0.191992 
3.109 -0.239858 0.202287 -0.271038 0.202765 -0.301888 0.203131 -0.333178 0.203296 -0.364639 0.203425 -0.395456 0.20389 -0.426325 0.204443 
3.697 -0.304917 -0.0332968 -0.332572 -0.0329986 -0.359968 -0.0328373 -0.387863 -0.0329314 -0.415764 -0.0331253 -0.442976 -0.0327126 -0.470303 -0.0322588 
3.73 -0.139871 0.0824408 -0.166907 0.0828319 -0.193685 0.0829997 -0.220831 0.0830474 -0.248163 0.0830948 -0.275064 0.0836581 -0.302068 0.0842124 
3.037 0.454568 -0.0469936 0.420706 -0.0469919 0.387085 -0.0469216 0.353156 -0.0472514 0.319484 -0.0471886 0.285963 -0.0462547 0.252466 -0.0457678 
4.211 -0.191234 -0.0784961 -0.21593 -0.0783882 -0.240398 -0.0783182 -0.265305 -0.0785198 -0.289773 -0.078675 -0.313822 -0.0783852 -0.338191 -0.0779199 
2.838 -0.381619 0.157773 -0.416625 0.158192 -0.451374 0.158451 -0.486541 0.158584 -0.521821 0.158549 -0.556224 0.158896 -0.590617 0.159232 
4.16 -0.12412 -0.0798658 -0.148202 -0.0796517 -0.17218 -0.0795601 -0.196589 -0.0798294 -0.221047 -0.0800351 -0.244905 -0.0796663 -0.269015 -0.0792529 
3.186 -0.259033 0.100931 -0.292121 0.101391 -0.324986 0.101727 -0.358219 0.101821 -0.391592 0.1019 -0.424343 0.102387 -0.457258 0.102931 
3.014 -0.254239 0.169415 -0.287237 0.169827 -0.320333 0.17007 -0.353866 0.17015 -0.387597 0.170187 -0.420751 0.170577 -0.454037 0.17113 
3.223 -0.433667 -0.0531571 -0.46524 -0.052837 -0.496639 -0.0526783 -0.528527 -0.0527094 -0.560172 -0.0528972 -0.591073 -0.0525437 -0.621809 -0.0521445 
3.486 -0.364498 -0.044939 -0.393914 -0.0446094 -0.423098 -0.0444771 -0.452783 -0.0445163 -0.482446 -0.0447037 -0.511341 -0.0443723 -0.540354 -0.0439983 
3.973 -0.0707026 0.0406657 -0.0950771 0.0408985 -0.118884 0.0410049 -0.143362 0.0409986 -0.167659 0.0410105 -0.191861 0.0414467 -0.216105 0.0420086 
4.148 -0.139186 -0.0798658 -0.163496 -0.0796763 -0.187558 -0.0796137 -0.21216 -0.0798577 -0.236658 -0.0800513 -0.260707 -0.0797102 -0.284839 -0.0793014 
2.951 0.484701 -0.0127517 0.449684 -0.0124956 0.415265 -0.0123281 0.380497 -0.0125987 0.345876 -0.0123855 0.311685 -0.0117676 0.277538 -0.0110918 
3.57 -0.269306 0.047514 -0.298241 0.0478603 -0.326964 0.0479973 -0.35609 0.0479322 -0.385249 0.04794 -0.413777 0.0484072 -0.442423 0.0489062 
4.016 -0.0583756 0.0735379 -0.081089 0.0737521 -0.103561 0.0738295 -0.126507 0.073672 -0.149389 0.0736305 -0.171924 0.0739902 -0.195453 0.0746114 
3.949 -0.115217 0.0173812 -0.140258 0.017683 -0.165157 0.0179318 -0.190614 0.0178794 -0.215937 0.0179135 -0.240984 0.0184214 -0.266183 0.0188872 
2.787 0.630571 -0.0442542 0.595083 -0.0441159 0.558867 -0.0439626 0.522722 -0.0442376 0.486706 -0.0440636 0.450474 -0.0432087 0.41479 -0.0426732 
3.227 -0.452157 -0.219573 -0.483648 -0.219328 -0.514795 -0.219173 -0.54638 -0.219186 -0.577623 -0.219344 -0.607877 -0.218773 -0.638019 -0.218089 
3.375 -0.406273 -0.177113 -0.436454 -0.176886 -0.466324 -0.176782 -0.496846 -0.176895 -0.52712 -0.177181 -0.556465 -0.176772 -0.585913 -0.176207 
4.035 -0.153568 -0.000424599 -0.176833 -0.000140867 -0.199706 -3.89602e-05 -0.223301 -0.000187723 -0.246939 -0.000282691 -0.27061 6.39912e-05 -0.294357 0.000625145 
3.266 -0.432982 -0.185331 -0.464075 -0.185099 -0.494933 -0.184974 -0.52632 -0.185075 -0.557356 -0.185349 -0.587458 -0.184861 -0.617479 -0.184318 
3.215 -0.452157 -0.18807 -0.483864 -0.187808 -0.515206 -0.18766 -0.547063 -0.187731 -0.57854 -0.187884 -0.609029 -0.187372 -0.639468 -0.186767 
3.488 -0.371346 -0.170264 -0.400473 -0.170056 -0.429295 -0.169957 -0.458744 -0.17012 -0.488052 -0.170444 -0.516642 -0.170075 -0.545218 -0.169629 
3.783 -0.307656 -0.183276 -0.33499 -0.183169 -0.362139 -0.183209 -0.38986 -0.183509 -0.417419 -0.183916 -0.444291 -0.183613 -0.47131 -0.183322 
3.646 -0.33505 -0.192864 -0.362854 -0.192678 -0.390462 -0.192615 -0.41857 -0.192799 -0.446333 -0.19307 -0.473743 -0.192751 -0.501245 -0.19237 
3.389 -0.406273 -0.211355 -0.436378 -0.211135 -0.466182 -0.211041 -0.496502 -0.211163 -0.526564 -0.211426 -0.555811 -0.211003 -0.584971 -0.210438 
3.73 -0.29396 0.0146418 -0.321399 0.0149481 -0.348622 0.0151009 -0.376277 0.0150743 -0.403925 0.0150148 -0.430958 0.015325 -0.458238 0.0158234 
3.424 -0.213149 0.179688 -0.243091 0.180064 -0.272893 0.180208 -0.302887 0.180244 -0.332965 0.180281 -0.362526 0.180687 -0.392237 0.181261 
3.158 -0.45969 -0.12438 -0.49198 -0.12412 -0.523897 -0.123969 -0.556294 -0.124019 -0.588456 -0.12421 -0.619561 -0.123799 -0.650578 -0.123225 
2.861 -0.348747 0.152294 -0.382955 0.152759 -0.417014 0.153084 -0.451477 0.153206 -0.486149 0.153217 -0.520197 0.153558 -0.554261 0.153979 
3.473 -0.367922 -0.0764416 -0.39728 -0.0761887 -0.426397 -0.0759985 -0.456045 -0.0760518 -0.485625 -0.0762032 -0.514447 -0.0758969 -0.543344 -0.0754462 
3.973 -0.156992 0.0146418 -0.182576 0.0149427 -0.208027 0.0151474 -0.233833 0.015091 -0.259596 0.0150459 -0.28479 0.0154499 -0.310124 0.0158891 
3.721 -0.321353 -0.198343 -0.348717 -0.198178 -0.3758 -0.198071 -0.403295 -0.198215 -0.43064 -0.198501 -0.457415 -0.198152 -0.484581 -0.197778 
3.654 0.371703 -0.0757567 0.339128 -0.0753716 0.306908 -0.0750719 0.274488 -0.0752094 0.242255 -0.0748909 0.210369 -0.0740833 0.178608 -0.073214 
3.375 -0.412437 -0.341474 -0.44237 -0.34126 -0.471963 -0.341097 -0.50214 -0.341199 -0.531893 -0.341453 -0.560715 -0.340739 -0.589508 -0.33995 
3.418 0.386084 -0.032612 0.353104 -0.0323648 0.32056 -0.0321505 0.287773 -0.0323241 0.255165 -0.0321146 0.22278 -0.0313389 0.190367 -0.0306786 
4.023 -0.0974113 0.0208054 -0.120863 0.0210983 -0.144015 0.0213724 -0.167513 0.0213771 -0.191095 0.0214578 -0.214418 0.022122 -0.237758 0.0226751 
3.566 -0.360389 -0.201082 -0.389143 -0.20094 -0.417597 -0.200904 -0.446418 -0.201065 -0.474984 -0.201352 -0.50318 -0.201008 -0.531384 -0.20059 
4.051 -0.139186 0.00573894 -0.164528 0.00596612 -0.189527 0.00609081 -0.214917 0.00587658 -0.240276 0.00575549 -0.265124 0.00613031 -0.29011 0.00660251 
3.373 0.332667 -0.0887687 0.297946 -0.0882543 0.263569 -0.0879395 0.228817 -0.0880244 0.194463 -0.0877175 0.160416 -0.0868008 0.126413 -0.0858791 
2.959 -0.269306 0.152294 -0.303337 0.152782 -0.337046 0.153072 -0.371284 0.153136 -0.405608 0.153182 -0.439357 0.153656 -0.473154 0.154205 
3.299 -0.428873 -0.225736 -0.459773 -0.225572 -0.490288 -0.225444 -0.52132 -0.22557 -0.551898 -0.225749 -0.58174 -0.225324 -0.61141 -0.224692 
3.686 -0.311081 -0.0463087 -0.338803 -0.0460616 -0.366255 -0.0459093 -0.394198 -0.0459789 -0.422126 -0.0461172 -0.449387 -0.0457949 -0.476793 -0.045345 
4.172 -0.110423 -0.0757567 -0.134177 -0.0755118 -0.157961 -0.0754444 -0.182228 -0.0757389 -0.206596 -0.0759566 -0.230373 -0.0755098 -0.25442 -0.0751141 
3.771 -0.277524 0.0187509 -0.305854 0.0189861 -0.333899 0.0191242 -0.362388 0.0190556 -0.390957 0.0189762 -0.41895 0.0193276 -0.447025 0.0198164 
3.684 -0.158362 0.0749075 -0.186175 0.0752141 -0.213861 0.0753918 -0.24168 0.0754432 -0.269682 0.0754529 -0.297041 0.0759074 -0.324541 0.0764804 
3.459 -0.37614 -0.133968 -0.405318 -0.133591 -0.434337 -0.133372 -0.464098 -0.133406 -0.493621 -0.133617 -0.522377 -0.133208 -0.551177 -0.132795 
3.611 -0.345323 -0.203821 -0.373596 -0.203677 -0.401565 -0.203643 -0.429914 -0.20381 -0.458016 -0.204087 -0.48562 -0.203742 -0.513419 -0.203386 
3.906 -0.239858 0.0153267 -0.268015 0.0156477 -0.296166 0.0158421 -0.324734 0.0158123 -0.353125 0.0157605 -0.381116 0.0161797 -0.40904 0.0166234 
3.154 0.299795 -0.0784961 0.268044 -0.0781192 0.23649 -0.0777698 0.204631 -0.077866 0.173257 -0.0775701 0.141654 -0.0767689 0.108457 -0.0758675 
3.166 -0.465854 -0.195603 -0.498009 -0.195364 -0.529771 -0.195212 -0.561996 -0.195212 -0.593842 -0.195348 -0.624604 -0.194829 -0.655369 -0.194136 
3.434 -0.390522 -0.175743 -0.420293 -0.175517 -0.449603 -0.175419 -0.479638 -0.175608 -0.509462 -0.175897 -0.538491 -0.175512 -0.567466 -0.175009 
3.332 0.360745 0.0105328 0.328504 0.0106668 0.296412 0.0108137 0.264051 0.0105703 0.231836 0.0106666 0.200029 0.0111201 0.168364 0.0116197 
3.176 0.455938 -0.00795781 0.422003 -0.00795664 0.387858 -0.00778485 0.353669 -0.00804998 0.319714 -0.007845 0.285878 -0.00719168 0.25191 -0.00679116 
3.607 -0.343953 -0.14561 -0.372344 -0.145432 -0.400297 -0.145308 -0.428891 -0.145472 -0.457359 -0.145762 -0.485176 -0.145417 -0.513085 -0.145013 
4.051 -0.23027 -0.0305575 -0.255385 -0.0303082 -0.280296 -0.0302154 -0.305656 -0.0303047 -0.330945 -0.0304462 -0.355726 -0.0301294 -0.380618 -0.0297178 
2.936 -0.394631 0.149555 -0.42951 0.150068 -0.464161 0.15043 -0.499257 0.150614 -0.534468 0.150632 -0.568689 0.151018 -0.602934 0.151415 
3.291 0.387454 0.0112176 0.355292 0.0112725 0.323337 0.0113235 0.291191 0.0109668 0.259184 0.0109294 0.227496 0.0113741 0.195908 0.0118046 
4.391 -0.202191 -0.214094 -0.225378 -0.213898 -0.248306 -0.213797 -0.271824 -0.214061 -0.295119 -0.214364 -0.3179 -0.213994 -0.340813 -0.213555 
4.453 -0.199452 -0.264772 -0.222439 -0.264602 -0.245145 -0.264537 -0.268491 -0.264909 -0.291563 -0.265203 -0.314175 -0.264946 -0.336843 -0.264544 
3.447 -0.389837 -0.212039 -0.419431 -0.211845 -0.448706 -0.211746 -0.478481 -0.211884 -0.50804 -0.212167 -0.536924 -0.21177 -0.565705 -0.211253 
3.17 -0.461745 -0.151089 -0.494048 -0.15086 -0.525819 -0.150665 -0.558052 -0.150669 -0.590042 -0.150837 -0.621045 -0.150323 -0.651959 -0.149796 
3.494 -0.381619 -0.322298 -0.410918 -0.322055 -0.439974 -0.32189 -0.469545 -0.321984 -0.498814 -0.32216 -0.527236 -0.321575 -0.555654 -0.320855 
3.662 -0.326832 -0.110683 -0.35473 -0.110465 -0.382561 -0.110345 -0.410801 -0.110484 -0.438905 -0.110714 -0.466398 -0.110381 -0.494025 -0.109944 
3.654 0.258704 0.000945076 0.230301 0.00113317 0.202179 0.00127567 0.173852 0.00102445 0.145955 0.00129786 0.117186 0.00176204 0.0882287 0.00204494 
3.359 -0.412437 -0.235324 -0.442528 -0.23508 -0.472351 -0.234942 -0.50269 -0.234977 -0.532762 -0.23515 -0.561905 -0.234585 -0.591019 -0.233824 
3.674 -0.329571 -0.140816 -0.357481 -0.140609 -0.385172 -0.140501 -0.41332 -0.140655 -0.441423 -0.140926 -0.468773 -0.140563 -0.496357 -0.140144 
4.215 -0.152883 -0.0826051 -0.177106 -0.082431 -0.20131 -0.0823727 -0.22598 -0.0825989 -0.250512 -0.0827898 -0.274537 -0.0824673 -0.298803 -0.082076 
2.773 -0.391207 0.187221 -0.426137 0.187836 -0.460639 0.188235 -0.495637 0.188393 -0.530652 0.188422 -0.564779 0.188817 -0.598934 0.189353 
3.369 -0.402164 -0.162046 -0.43242 -0.161823 -0.46238 -0.161712 -0.492857 -0.161835 -0.522996 -0.162058 -0.552433 -0.161708 -0.581776 -0.161198 
3.785 -0.111793 0.172154 -0.140369 0.172487 -0.168979 0.17271 -0.197797 0.172737 -0.226887 0.172824 -0.255336 0.173341 -0.283827 0.17396 
3.217 -0.447363 -0.140816 -0.479207 -0.140594 -0.510708 -0.140483 -0.542737 -0.140536 -0.574274 -0.140718 -0.605155 -0.140324 -0.63568 -0.139751 
4.164 -0.00495822 0.0755924 -0.0365505 0.0759713 -0.0682303 0.0761895 -0.100624 0.0760783 -0.132665 0.0762807 -0.164477 0.0768697 -0.190515 0.0775565 
4.414 -0.200137 -0.182591 -0.223355 -0.182409 -0.246414 -0.182401 -0.269964 -0.182668 -0.293384 -0.182902 -0.31639 -0.182551 -0.339468 -0.182196 
4.094 -0.118641 0.00231475 -0.143344 0.00246377 -0.167875 0.00248772 -0.192748 0.00228528 -0.217516 0.00215541 -0.241948 0.00249516 -0.266561 0.00278311 
4.074 -0.246021 -0.161361 -0.271281 -0.161195 -0.296289 -0.161143 -0.321822 -0.161371 -0.347152 -0.161619 -0.371991 -0.161272 -0.396908 -0.160907 
3.238 -0.211779 0.205712 -0.241943 0.205958 -0.271935 0.206042 -0.302419 0.206009 -0.333197 0.206047 -0.363391 0.206331 -0.393736 0.20672 
3.951 0.0128476 -0.095617 -0.0126815 -0.0954085 -0.038172 -0.0952726 -0.063996 -0.0954422 -0.0896065 -0.0955017 -0.114781 -0.0951359 -0.140188 -0.0946176 
3.322 -0.417231 -0.186016 -0.447737 -0.185781 -0.478074 -0.185661 -0.508936 -0.185786 -0.539568 -0.186044 -0.569343 -0.185656 -0.599015 -0.185057 
3.285 -0.42134 -0.0819203 -0.452628 -0.0816409 -0.483735 -0.081596 -0.51533 -0.0817068 -0.546746 -0.0820171 -0.57723 -0.0816672 -0.607755 -0.0812677 
3.275 -0.424079 -0.116162 -0.455317 -0.115993 -0.48636 -0.115935 -0.517898 -0.115919 -0.549168 -0.116092 -0.579567 -0.115661 -0.609934 -0.115053 
4.367 -0.206985 -0.246966 -0.230323 -0.246694 -0.253498 -0.246657 -0.277196 -0.246975 -0.300629 -0.247255 -0.323544 -0.246909 -0.346567 -0.246451 
4.48 -0.191919 -0.223682 -0.214817 -0.223532 -0.23747 -0.223416 -0.260653 -0.223661 -0.283601 -0.223957 -0.306072 -0.223526 -0.328634 -0.223068 
3.559 -0.188495 0.159143 -0.217961 0.15951 -0.247166 0.15979 -0.276717 0.159842 -0.306393 0.159893 -0.335525 0.160343 -0.364963 0.160897 
3.906 -0.273415 -0.166155 -0.299654 -0.166001 -0.325678 -0.16587 -0.352224 -0.166012 -0.378591 -0.166285 -0.404399 -0.165905 -0.430327 -0.165569 
3.385 -0.396685 -0.14835 -0.426843 -0.148108 -0.456711 -0.147981 -0.487116 -0.148079 -0.517277 -0.148331 -0.546602 -0.147972 -0.575973 -0.147496 
4.094 -0.25013 -0.245596 -0.275149 -0.245387 -0.299937 -0.245359 -0.325265 -0.245629 -0.350353 -0.245902 -0.374894 -0.245538 -0.399569 -0.24519 
4.023 -0.165895 -0.00727298 -0.188447 -0.00694293 -0.210888 -0.00678025 -0.233829 -0.00686594 -0.256731 -0.00693461 -0.279115 -0.00658074 -0.30155 -0.00609236 
3.264 0.460731 0.0112176 0.426454 0.0112316 0.392419 0.0112297 0.358227 0.0107851 0.324201 0.0109868 0.290446 0.0116606 0.256593 0.012232 
3.225 -0.426133 0.0119025 -0.464907 0.0122767 -0.503194 0.0125477 -0.542094 0.0126552 -0.580733 0.0125345 -0.618144 0.0129372 -0.655566 0.0132515 
3.504 -0.380249 -0.244227 -0.409446 -0.243971 -0.43842 -0.243926 -0.467923 -0.244048 -0.497156 -0.244352 -0.525574 -0.243886 -0.554024 -0.243335 
3.895 0.0251746 -0.155883 -0.00061922 -0.15556 -0.0261977 -0.155247 -0.0521858 -0.15554 -0.0780618 -0.155626 -0.103429 -0.155169 -0.128987 -0.15476 
3.311 -0.425449 -0.212039 -0.456319 -0.21184 -0.486776 -0.211722 -0.517649 -0.211802 -0.548209 -0.212008 -0.577977 -0.211531 -0.607536 -0.210919 
3.623 -0.326147 -0.0435694 -0.354358 -0.043312 -0.38238 -0.0431831 -0.410741 -0.043253 -0.438995 -0.0434172 -0.466833 -0.0430935 -0.494787 -0.0426384 
4.359 -0.206985 -0.233269 -0.230354 -0.233109 -0.25353 -0.233071 -0.277219 -0.233316 -0.300686 -0.233539 -0.323633 -0.233186 -0.346708 -0.232843 
3.191 -0.222737 0.1927 -0.253495 0.193188 -0.284085 0.193532 -0.314922 0.193771 -0.345946 0.194055 -0.376519 0.194592 -0.407272 0.19505 
3.471 -0.211779 0.155034 -0.241557 0.155364 -0.271062 0.155641 -0.300907 0.155691 -0.330828 0.155715 -0.360272 0.156157 -0.389842 0.156698 
3.117 0.310752 -0.0689084 0.2788 -0.0684635 0.246559 -0.0681535 0.212559 -0.0684227 0.178348 -0.06819 0.144474 -0.0672998 0.110945 -0.0665417 
4.281 -0.217258 -0.216148 -0.241138 -0.216016 -0.264883 -0.216029 -0.289052 -0.216155 -0.31308 -0.216408 -0.33657 -0.21614 -0.36013 -0.21571 
3.141 0.312806 -0.0497329 0.280318 -0.0494377 0.248272 -0.0492426 0.214368 -0.0494098 0.180026 -0.0492033 0.146301 -0.0485085 0.112608 -0.0477683 
4.484 -0.193289 -0.237378 -0.216186 -0.237275 -0.238832 -0.237245 -0.262018 -0.237476 -0.284923 -0.2377 -0.307413 -0.237375 -0.329955 -0.237038 
4.504 -0.187125 -0.161361 -0.210087 -0.161284 -0.232768 -0.161105 -0.256001 -0.161475 -0.279072 -0.161948 -0.301589 -0.161443 -0.324241 -0.161025 
3.199 -0.46243 -0.234639 -0.49418 -0.234366 -0.525547 -0.234195 -0.557317 -0.234195 -0.588728 -0.234319 -0.619172 -0.233741 -0.6493 -0.23292 
3.598 -0.341214 -0.114108 -0.369535 -0.11386 -0.397575 -0.113754 -0.426253 -0.11388 -0.454816 -0.114134 -0.482569 -0.113791 -0.510787 -0.113388 
4.117 -0.131653 -0.0606903 -0.155454 -0.0604475 -0.179153 -0.0603697 -0.203157 -0.0605112 -0.227121 -0.0606362 -0.250849 -0.0603214 -0.274623 -0.0598857 
2.838 -0.365868 0.157773 -0.400532 0.158258 -0.434951 0.158605 -0.469752 0.158749 -0.50473 0.158771 -0.538969 0.159168 -0.573069 0.159629 
3.988 -0.263827 -0.214094 -0.289521 -0.213913 -0.31501 -0.213856 -0.340983 -0.214138 -0.366785 -0.214451 -0.392001 -0.214122 -0.417406 -0.21372 
3.852 -0.260403 0.0160115 -0.288411 0.0163741 -0.316331 0.0165153 -0.34461 0.0164838 -0.37294 0.0164338 -0.400583 0.0167375 -0.428487 0.017221 
3.541 -0.359704 -0.138762 -0.388462 -0.138531 -0.416905 -0.138419 -0.446024 -0.138577 -0.474931 -0.138893 -0.503201 -0.138527 -0.531464 -0.138094 
3.709 -0.318614 -0.123695 -0.346304 -0.123488 -0.373632 -0.123391 -0.401587 -0.123535 -0.42937 -0.123802 -0.456522 -0.123468 -0.483793 -0.123091 
3.461 -0.364498 -0.0216546 -0.39397 -0.021372 -0.423156 -0.0212852 -0.45293 -0.0213616 -0.482671 -0.0215632 -0.511653 -0.0211898 -0.540647 -0.0207864 
3.609 -0.111793 0.193384 -0.140457 0.193836 -0.169014 0.194114 -0.197897 0.194174 -0.227103 0.194377 -0.255618 0.194958 -0.284227 0.19551 
3.549 -0.351486 -0.0969867 -0.380351 -0.0967602 -0.408894 -0.0966433 -0.438026 -0.0967764 -0.466983 -0.0970232 -0.495447 -0.0966891 -0.523931 -0.0962868 
3.902 0.0272291 -0.0990412 0.00146401 -0.0988553 -0.0239811 -0.0988086 -0.0499093 -0.0990506 -0.0757034 -0.0990732 -0.101159 -0.0985946 -0.126689 -0.0980987 
3.701 -0.324093 -0.154513 -0.351723 -0.154294 -0.379142 -0.154213 -0.40711 -0.15436 -0.434979 -0.154638 -0.462114 -0.154287 -0.489489 -0.153886 
3.758 0.13064 0.0762772 0.104132 0.0766188 0.0779407 0.076818 0.0515257 0.0766127 0.0250633 0.0766909 -0.000934344 0.0772029 -0.0269075 0.0777383 
3.289 -0.412437 -0.0237091 -0.443736 -0.0234615 -0.474896 -0.0233181 -0.506494 -0.0233601 -0.538055 -0.0235602 -0.568704 -0.0231817 -0.599458 -0.0228078 
3.467 -0.371346 -0.109314 -0.400603 -0.109131 -0.429696 -0.109072 -0.459279 -0.109251 -0.488792 -0.109522 -0.517492 -0.109193 -0.54627 -0.108776 
3.396 -0.411067 0.0208054 -0.449625 0.02116 -0.48773 0.021416 -0.526625 0.0214696 -0.565526 0.0213229 -0.603082 0.021753 -0.640377 0.0220171 
2.998 0.466895 -0.0264484 0.439213 -0.0260159 0.408397 -0.0257467 0.374452 -0.0259556 0.340307 -0.0256214 0.306754 -0.0248705 0.273286 -0.0241035 
3.273 0.384714 -0.00864265 0.352605 -0.00837313 0.320626 -0.00817086 0.288525 -0.00838149 0.256519 -0.00826161 0.224862 -0.00762355 0.193286 -0.00696291 
3.324 -0.432297 -0.25039 -0.463071 -0.250176 -0.493467 -0.250071 -0.524446 -0.250143 -0.554978 -0.25033 -0.584667 -0.249814 -0.614238 -0.24909 
3.012 -0.253554 0.155034 -0.287274 0.155369 -0.320733 0.155605 -0.354557 0.15564 -0.3886 0.155635 -0.422012 0.156039 -0.455475 0.156564 
3.594 -0.337105 -0.0531571 -0.365758 -0.0528489 -0.394226 -0.0527277 -0.42314 -0.0528207 -0.451984 -0.0530454 -0.480277 -0.052645 -0.508672 -0.0522838 
3.152 -0.456951 -0.0374058 -0.489544 -0.0370168 -0.521763 -0.0367801 -0.554583 -0.0367109 -0.587041 -0.0369964 -0.618597 -0.0364809 -0.64998 -0.0360301 
4.051 -0.0617998 0.0598411 -0.0847567 0.0602326 -0.107461 0.0605422 -0.130489 0.0605156 -0.153486 0.0606319 -0.176093 0.0611196 -0.19865 0.0616135 
3.623 0.363484 -0.0401452 0.331283 -0.0398005 0.299338 -0.0395175 0.266976 -0.0396882 0.234867 -0.0394716 0.203034 -0.038721 0.171404 -0.0379293 
3.652 -0.326147 -0.0846596 -0.35437 -0.0844428 -0.382243 -0.0843428 -0.410594 -0.0844789 -0.438744 -0.0847128 -0.466402 -0.08437 -0.494038 -0.0839338 
2.801 -0.407643 0.186536 -0.443489 0.186955 -0.479174 0.187247 -0.515232 0.187328 -0.551268 0.187203 -0.586391 0.187439 -0.621358 0.187794 
3.812 0.0820162 -0.0463087 0.0555107 -0.046003 0.0292823 -0.0458116 0.0028688 -0.045987 -0.0234827 -0.0459748 -0.0495988 -0.0455143 -0.0757346 -0.0449735 
3.258 -0.432982 -0.161361 -0.464132 -0.161014 -0.495042 -0.160777 -0.526492 -0.160809 -0.557664 -0.160934 -0.587912 -0.160462 -0.618102 -0.159849 
3.959 -0.223421 0.013957 -0.250608 0.0142572 -0.276956 0.0144418 -0.303934 0.0143822 -0.331242 0.0143437 -0.357744 0.014772 -0.384656 0.0152479 
4.258 -0.211094 -0.0990412 -0.235237 -0.0988741 -0.25914 -0.0987892 -0.283515 -0.0990593 -0.307744 -0.0992068 -0.331385 -0.0988454 -0.355137 -0.0983641 
3.383 -0.396001 -0.0949322 -0.426244 -0.094635 -0.456192 -0.0946511 -0.486804 -0.0947895 -0.51722 -0.0950926 -0.546918 -0.0945408 -0.576521 -0.0939401 
3.648 0.364854 -0.0627448 0.333144 -0.0622587 0.301442 -0.061901 0.269497 -0.0619911 0.23755 -0.0618321 0.206194 -0.0609381 0.174977 -0.0601339 
3.916 -0.280263 -0.239433 -0.306536 -0.239298 -0.332535 -0.239238 -0.359102 -0.239596 -0.38543 -0.239899 -0.41123 -0.239644 -0.437127 -0.239243 
3.551 -0.189864 0.176948 -0.21931 0.177442 -0.248569 0.177812 -0.278282 0.177943 -0.308046 0.178102 -0.337278 0.178635 -0.366757 0.179181 
3.631 -0.320668 -0.0271333 -0.348694 -0.0268336 -0.376515 -0.026685 -0.404809 -0.0267256 -0.433142 -0.0268556 -0.460688 -0.0265314 -0.488487 -0.0260584 
4.445 -0.0392001 0.0447747 -0.0615727 0.0449617 -0.0839924 0.0450716 -0.107004 0.0449567 -0.129903 0.0449724 -0.152132 0.045282 -0.174498 0.0457515 
4.488 -0.0809752 -0.0257636 -0.104409 -0.0255202 -0.127684 -0.0254736 -0.151397 -0.0256479 -0.17501 -0.0257422 -0.198324 -0.0253847 -0.221724 -0.0248007 
3.504 0.329243 -0.0469936 0.294435 -0.0466588 0.259838 -0.0463789 0.225165 -0.0465104 0.190755 -0.04628 0.156798 -0.0455247 0.122883 -0.0447467 
3.234 -0.437091 -0.10452 -0.46857 -0.104343 -0.499834 -0.104289 -0.531598 -0.104415 -0.563115 -0.104719 -0.593767 -0.10438 -0.62433 -0.103975 
4.383 -0.202876 -0.199712 -0.226214 -0.199487 -0.249352 -0.19943 -0.27306 -0.199782 -0.29647 -0.200027 -0.319465 -0.199661 -0.342474 -0.19922 
4.266 -0.214519 -0.142186 -0.238577 -0.141782 -0.262416 -0.141547 -0.286745 -0.141815 -0.310929 -0.142001 -0.334569 -0.141602 -0.358282 -0.141118 
3.658 -0.324093 -0.0675387 -0.352014 -0.0673383 -0.379753 -0.0672237 -0.407893 -0.0673192 -0.436067 -0.06756 -0.463544 -0.0672109 -0.491189 -0.066811 
3.812 -0.303547 -0.223682 -0.330859 -0.223401 -0.357982 -0.223359 -0.385658 -0.223593 -0.413173 -0.22386 -0.440001 -0.22342 -0.466963 -0.222991 
4.262 -0.222737 -0.244227 -0.246719 -0.244031 -0.270429 -0.243824 -0.294657 -0.244072 -0.318738 -0.244401 -0.34219 -0.243932 -0.365831 -0.243603 
4.027 -0.205616 0.00916313 -0.230028 0.00947888 -0.2543 0.00967743 -0.279099 0.00962442 -0.303868 0.00960716 -0.328102 0.0100212 -0.352494 0.0105488 
2.805 -0.306972 0.25639 -0.343629 0.256957 -0.380173 0.25744 -0.416993 0.257592 -0.45413 0.25772 -0.490548 0.258179 -0.526909 0.258816 
4.035 -0.077551 0.0262841 -0.101717 0.0265622 -0.125565 0.026754 -0.149958 0.0266315 -0.174283 0.0266058 -0.198277 0.0270771 -0.222381 0.0275025 
4.086 -0.252185 -0.23053 -0.27727 -0.230351 -0.302146 -0.230303 -0.32763 -0.230596 -0.352792 -0.230892 -0.377515 -0.230588 -0.402332 -0.230186 
4.008 -0.262457 -0.195603 -0.288111 -0.195508 -0.313458 -0.195366 -0.339379 -0.195619 -0.365151 -0.195867 -0.390322 -0.195457 -0.415642 -0.195044 
3.367 -0.221367 0.165991 -0.251216 0.166531 -0.280947 0.167065 -0.310998 0.167323 -0.341221 0.167706 -0.370809 0.168181 -0.400506 0.168588 
4.41 -0.0213943 0.0502534 -0.0444589 0.0504498 -0.0672315 0.0505767 -0.0903848 0.0504162 -0.113529 0.0503608 -0.136303 0.0507678 -0.159291 0.0512679 
3.172 -0.448048 -0.0538419 -0.480417 -0.0535959 -0.512426 -0.0534638 -0.544947 -0.0534841 -0.577134 -0.0536444 -0.608549 -0.0533515 -0.639763 -0.0528636 
3.322 0.36143 -0.00864265 0.329125 -0.00838032 0.297107 -0.00813542 0.264834 -0.00840774 0.232603 -0.00821567 0.200897 -0.00755642 0.169253 -0.00684972 
4.441 -0.0556362 0.047514 -0.078532 0.0478393 -0.101376 0.0481071 -0.124441 0.048061 -0.147458 0.0480959 -0.169856 0.0484919 -0.192433 0.048972 
3.877 0.0375017 -0.136022 0.0116109 -0.135733 -0.0138448 -0.135583 -0.0396448 -0.135677 -0.0653023 -0.135736 -0.0912191 -0.135322 -0.11676 -0.134777 
3.91 -0.261772 -0.0545268 -0.288096 -0.0542754 -0.314172 -0.0541607 -0.340689 -0.0542532 -0.367092 -0.0543775 -0.393012 -0.054065 -0.419069 -0.0536495 
2.74 -0.314505 0.23242 -0.351771 0.232899 -0.388533 0.233176 -0.425793 0.233267 -0.463491 0.233338 -0.500207 0.233675 -0.536952 0.234153 
3.016 -0.248076 0.220093 -0.280438 0.220499 -0.312528 0.220782 -0.344998 0.220813 -0.377716 0.220826 -0.409724 0.221284 -0.441735 0.221987 
3.547 -0.356965 -0.161361 -0.385981 -0.161167 -0.414451 -0.161089 -0.443382 -0.161249 -0.472144 -0.161526 -0.500397 -0.161157 -0.528543 -0.160705 
2.795 0.63468 -0.087399 0.598611 -0.0872158 0.562839 -0.0871182 0.526595 -0.0872966 0.490398 -0.0871208 0.454436 -0.0861429 0.418321 -0.0854025 
3.795 0.108725 -0.015491 0.0818538 -0.0151868 0.0551293 -0.0149655 0.0283408 -0.0150251 0.00158778 -0.0149645 -0.0247257 -0.0143683 -0.0512789 -0.0139031 
3.561 -0.173428 0.174894 -0.20294 0.175361 -0.232119 0.175732 -0.26172 0.17597 -0.291611 0.176182 -0.320813 0.176742 -0.350064 0.177285 
3.799 0.117628 -0.0380907 0.0906413 -0.0378907 0.0640312 -0.0376198 0.0371391 -0.0377944 0.0104228 -0.0375386 -0.0160076 -0.0370012 -0.0425256 -0.0364523 
3.436 -0.378195 -0.0887687 -0.407869 -0.0884889 -0.437342 -0.0884636 -0.46734 -0.0886281 -0.497257 -0.0888897 -0.526433 -0.0885267 -0.555652 -0.0879351 
3.258 -0.426818 -0.0250788 -0.45831 -0.0247998 -0.489527 -0.024686 -0.521275 -0.0247343 -0.552889 -0.0248929 -0.583546 -0.0246406 -0.614292 -0.0242022 
3.383 -0.389152 -0.0332968 -0.419421 -0.0330087 -0.449555 -0.0328677 -0.480108 -0.0328913 -0.510609 -0.0330196 -0.540366 -0.0327851 -0.570265 -0.0323035 
3.156 -0.454897 -0.0689084 -0.487224 -0.0686189 -0.51927 -0.068421 -0.551748 -0.0684928 -0.583988 -0.0687717 -0.615289 -0.0684347 -0.646501 -0.0679466 
4.188 -0.235064 -0.236694 -0.259501 -0.236543 -0.283601 -0.236445 -0.308283 -0.236592 -0.33272 -0.237028 -0.356586 -0.236807 -0.380589 -0.23626 
3.166 -0.453527 -0.100411 -0.485937 -0.100169 -0.518137 -0.100102 -0.550624 -0.100143 -0.582771 -0.100327 -0.614207 -0.100012 -0.645429 -0.0995259 
4 -0.265881 -0.234639 -0.291536 -0.234446 -0.316965 -0.234406 -0.342934 -0.234711 -0.368735 -0.23508 -0.393912 -0.234756 -0.419297 -0.234354 
3.934 -0.276839 -0.222997 -0.302888 -0.222793 -0.3287 -0.222726 -0.35502 -0.22293 -0.381137 -0.223209 -0.406678 -0.222849 -0.43248 -0.222455 
3.869 -0.278893 -0.146295 -0.305333 -0.146074 -0.331533 -0.146091 -0.358237 -0.146185 -0.384871 -0.146512 -0.410906 -0.146174 -0.437099 -0.145799 
4.078 -0.249445 -0.214094 -0.274353 -0.213837 -0.299034 -0.213704 -0.324319 -0.213933 -0.349255 -0.214188 -0.373827 -0.213784 -0.398477 -0.213352 
3.896 -0.267936 -0.0682235 -0.294605 -0.0680669 -0.320918 -0.067959 -0.347697 -0.0680321 -0.374484 -0.0681857 -0.400598 -0.0679231 -0.426927 -0.067398 
2.773 0.651116 -0.0627448 0.614805 -0.0626167 0.579247 -0.0625454 0.542587 -0.0626254 0.506518 -0.0625549 0.470353 -0.0617325 0.433799 -0.0609259 
3.695 -0.156307 0.039296 -0.18472 0.0394909 -0.212603 0.0397052 -0.24116 0.0395805 -0.269791 0.0394858 -0.297923 0.0398088 -0.325951 0.0402569 
4.25 -0.213149 -0.123011 -0.237271 -0.122916 -0.261167 -0.122832 -0.285494 -0.122967 -0.309716 -0.123005 -0.333375 -0.12284 -0.35715 -0.122554 
3.643 0.366224 -0.0928777 0.33432 -0.0924993 0.302655 -0.0922433 0.27064 -0.0923898 0.238907 -0.092118 0.207539 -0.0912754 0.176213 -0.0904286 
3.039 0.313491 -0.0285029 0.278865 -0.028036 0.244676 -0.0277984 0.210598 -0.0280042 0.176531 -0.0277707 0.142784 -0.0271929 0.108928 -0.0264131 
3.342 -0.402849 -0.0805506 -0.43343 -0.0802598 -0.463779 -0.0801303 -0.494578 -0.0801937 -0.525287 -0.0803936 -0.555193 -0.0801157 -0.585111 -0.0796989 
4.355 -0.203561 -0.157937 -0.227106 -0.157868 -0.250464 -0.157792 -0.274329 -0.157998 -0.298001 -0.158267 -0.321115 -0.157883 -0.344383 -0.157639 
3.582 -0.159732 0.179688 -0.188722 0.180273 -0.217731 0.18069 -0.247195 0.180952 -0.276548 0.181236 -0.305608 0.181832 -0.334745 0.182353 
3.283 0.401835 -0.00932749 0.369444 -0.00911369 0.337344 -0.00888985 0.304984 -0.00916949 0.272898 -0.00900664 0.24106 -0.00830161 0.209197 -0.0075965 
4.234 -0.224791 -0.197658 -0.248997 -0.197848 -0.272859 -0.197781 -0.297259 -0.197914 -0.321553 -0.198201 -0.3452 -0.197795 -0.368996 -0.197273 
3.258 -0.439145 -0.214094 -0.470428 -0.213907 -0.501555 -0.213835 -0.532884 -0.21388 -0.5638 -0.214048 -0.59407 -0.21362 -0.623899 -0.21292 
3.627 -0.185755 0.102986 -0.214558 0.103406 -0.243132 0.103798 -0.27227 0.103865 -0.30152 0.103848 -0.330172 0.104323 -0.358747 0.10497 
3.25 -0.445994 -0.232585 -0.47741 -0.232387 -0.508657 -0.232312 -0.540104 -0.232368 -0.571161 -0.232524 -0.601392 -0.232036 -0.631393 -0.231336 
3.916 0.0402411 0.0639501 0.0142955 0.0642092 -0.0113409 0.0644071 -0.0373231 0.0643355 -0.0633742 0.0643607 -0.089017 0.0647779 -0.114764 0.0652442 
3.686 -0.276154 0.0324476 -0.304873 0.0328457 -0.333353 0.0330424 -0.362187 0.0331498 -0.391067 0.0331875 -0.419441 0.0337403 -0.447886 0.0341308 
4.152 -0.213149 -0.0531571 -0.237411 -0.0529472 -0.261462 -0.0529653 -0.285992 -0.0531169 -0.310435 -0.0532809 -0.334392 -0.0527787 -0.358451 -0.0523136 
4.406 -0.0357759 0.0653198 -0.0588782 0.0655944 -0.0817798 0.0657269 -0.105156 0.0656402 -0.128484 0.0656836 -0.151273 0.0660948 -0.1744 0.0666483 
3.803 0.102561 0.0119025 0.0757282 0.0121971 0.0491819 0.0123094 0.0223531 0.012182 -0.00414059 0.0122085 -0.0305216 0.0127387 -0.0569569 0.0132503 
3.207 -0.437776 -0.0675387 -0.469435 -0.0672199 -0.500789 -0.0670548 -0.532697 -0.0670739 -0.564445 -0.067262 -0.595239 -0.0669118 -0.626097 -0.0664799 
3.803 -0.16658 0.0262841 -0.194655 0.026635 -0.222588 0.0268168 -0.250999 0.0267818 -0.279436 0.0267332 -0.307365 0.0271262 -0.335387 0.0276213 
3.109 -0.240542 0.125586 -0.273543 0.125929 -0.306141 0.126195 -0.339072 0.126133 -0.372255 0.126114 -0.40471 0.126512 -0.437322 0.12696 
3.695 -0.31245 -0.0600055 -0.34005 -0.0594262 -0.367435 -0.059069 -0.395284 -0.0588531 -0.423126 -0.0587611 -0.450418 -0.0584165 -0.477782 -0.0578688 
4.121 -0.116587 -0.0497329 -0.140335 -0.0495243 -0.164096 -0.0496012 -0.188247 -0.0499639 -0.212453 -0.050303 -0.236211 -0.0501397 -0.260256 -0.0500194 
3.793 0.117628 -0.0839748 0.0906712 -0.0836147 0.0640119 -0.0833934 0.037159 -0.0834877 0.010423 -0.0833973 -0.015986 -0.0827852 -0.0424208 -0.0822639 
3.365 -0.414491 -0.306547 -0.444468 -0.306285 -0.474203 -0.306158 -0.504462 -0.30629 -0.534259 -0.306407 -0.563179 -0.305781 -0.592066 -0.305004 
3.777 -0.316559 0.0235447 -0.343487 0.0237294 -0.37038 0.0238572 -0.397635 0.0237823 -0.424885 0.0234974 -0.451644 0.0238316 -0.478535 0.0242272 
3.738 0.115573 0.0762772 0.0886545 0.0765281 0.0619465 0.0768029 0.0350655 0.0767223 0.00821608 0.0769277 -0.0181867 0.0775208 -0.0448061 0.0780797 
3.732 -0.144665 0.114628 -0.171532 0.114896 -0.198377 0.115165 -0.225832 0.115226 -0.253228 0.115314 -0.279886 0.115658 -0.307424 0.116407 
2.938 -0.346692 0.132434 -0.380106 0.132938 -0.41334 0.133245 -0.446963 0.133404 -0.480711 0.13346 -0.513766 0.133839 -0.546824 0.134351 
3.379 -0.408328 -0.279838 -0.438233 -0.279625 -0.468013 -0.279485 -0.498264 -0.279564 -0.528026 -0.279721 -0.55695 -0.279155 -0.585776 -0.278486 
3.754 -0.232324 0.0269689 -0.260776 0.0272243 -0.289212 0.027394 -0.318002 0.0273168 -0.346793 0.0272759 -0.374937 0.0276709 -0.40336 0.0281343 
3.814 0.105301 0.0365566 0.0783426 0.0367369 0.0518401 0.0367524 0.0249672 0.0367071 -0.00168727 0.0367424 -0.0279798 0.0372928 -0.0545221 0.0377899 
3.604 -0.337789 -0.0709629 -0.366384 -0.0705806 -0.394724 -0.0703407 -0.42364 -0.0703243 -0.452432 -0.070404 -0.480598 -0.0699349 -0.50892 -0.0693429 
3.922 0.0183263 -0.198343 -0.00750777 -0.197969 -0.0332854 -0.19756 -0.0595391 -0.197582 -0.0853963 -0.197644 -0.110529 -0.197438 -0.136113 -0.196737 
3.883 -0.272045 -0.0826051 -0.29878 -0.0824538 -0.325053 -0.0823738 -0.35197 -0.0825015 -0.378687 -0.0827144 -0.40487 -0.0824184 -0.431245 -0.08208 
3.596 -0.248076 0.0454595 -0.277018 0.0457009 -0.305771 0.0458967 -0.3349 0.0458627 -0.36409 0.0457722 -0.392718 0.0461263 -0.421586 0.0466365 
3.209 -0.446679 -0.116847 -0.478478 -0.116597 -0.509868 -0.116426 -0.541651 -0.116443 -0.573165 -0.116582 -0.603952 -0.116174 -0.634652 -0.115647 
3.334 -0.415861 -0.166155 -0.446791 -0.165985 -0.477168 -0.165871 -0.508005 -0.165962 -0.538319 -0.16616 -0.568405 -0.165874 -0.598362 -0.165383 
2.787 0.63605 -0.0737022 0.599937 -0.0733961 0.564247 -0.0734348 0.527398 -0.0732285 0.491108 -0.0729084 0.455258 -0.0719366 0.419089 -0.0714862 
3.482 -0.371346 -0.149719 -0.400467 -0.149311 -0.429368 -0.14902 -0.458855 -0.149106 -0.488173 -0.149214 -0.516806 -0.148893 -0.545496 -0.148474 
3.203 0.321025 -0.0812354 0.286295 -0.0807581 0.251836 -0.080455 0.217263 -0.0805572 0.183002 -0.0802624 0.149376 -0.0794076 0.115827 -0.07856 
3.637 -0.184386 0.0420353 -0.213112 0.0422131 -0.241708 0.0423835 -0.270692 0.0422936 -0.299851 0.0423266 -0.328309 0.0429368 -0.357007 0.0433185 
2.941 0.499082 0.068744 0.463787 0.0689523 0.428706 0.0690453 0.393505 0.0685684 0.358485 0.0686016 0.323679 0.0690764 0.288921 0.069572 
3.832 0.0943432 0.0536776 0.0676387 0.054017 0.0411079 0.0542374 0.0144502 0.0541862 -0.0122834 0.0543922 -0.0385503 0.0547963 -0.0648264 0.0553059 
3.6 -0.184386 0.122161 -0.213228 0.122627 -0.241731 0.122924 -0.270761 0.122945 -0.299891 0.122978 -0.328395 0.123369 -0.357102 0.124046 
3.812 0.0854404 -0.0743871 0.0588775 -0.0741292 0.0325821 -0.0739453 0.00591566 -0.0741162 -0.0204848 -0.0741037 -0.0465889 -0.07359 -0.0727781 -0.0729679 
