4.07 -0.181646 -0.032612 -0.206007 -0.0324148 -0.230159 -0.0323498 -0.25481 -0.0325517 -0.279307 -0.0326995 -0.30327 -0.0323623 -0.327465 -0.0319376 
4.102 -0.115902 -0.0196001 -0.139428 -0.0194448 -0.162757 -0.0192453 -0.186585 -0.0194235 -0.210312 -0.0194302 -0.233756 -0.0189799 -0.257538 -0.0185456 
2.885 -0.35765 0.141337 -0.391924 0.141702 -0.425906 0.14197 -0.460391 0.142129 -0.494806 0.142157 -0.528612 0.142535 -0.562368 0.142927 
4.023 -0.178222 0.000260238 -0.202843 0.000154946 -0.227288 5.14096e-05 -0.251586 -0.000155622 -0.276151 -0.000205028 -0.300544 0.000174843 -0.325283 0.000597056 
4.043 -0.156307 -0.0175455 -0.178345 -0.0172624 -0.200285 -0.0171444 -0.222619 -0.0172257 -0.244893 -0.0172901 -0.266814 -0.0170033 -0.288845 -0.0164706 
3.084 -0.247391 0.183112 -0.279509 0.183485 -0.311319 0.183715 -0.343509 0.183821 -0.375329 0.183864 -0.406645 0.184124 -0.438095 0.184668 
3.57 -0.340529 -0.0353513 -0.369249 -0.0351664 -0.397758 -0.0350398 -0.42681 -0.0351249 -0.455693 -0.0352989 -0.484011 -0.0350054 -0.512514 -0.0345586 
4.043 -0.182331 -0.0134365 -0.206607 -0.0131946 -0.230674 -0.0130838 -0.255348 -0.0131724 -0.27994 -0.0132743 -0.304027 -0.0129371 -0.328291 -0.0124206 
2.939 0.489495 0.0571018 0.45417 0.0572701 0.419166 0.0574091 0.383868 0.0569732 0.348821 0.057082 0.313963 0.0575953 0.279179 0.0581638 
3.727 -0.143295 0.072853 -0.170361 0.0731499 -0.19703 0.0733774 -0.22425 0.0733951 -0.251453 0.0734252 -0.278299 0.0738589 -0.305254 0.0744317 
4.438 -0.0556362 0.0269689 -0.0786858 0.0271914 -0.101685 0.0273148 -0.12498 0.0272029 -0.148215 0.0271933 -0.170986 0.027682 -0.194089 0.0281552 
3.623 -0.0570059 0.0975072 -0.0797785 0.0977308 -0.102218 0.0979216 -0.125108 0.097872 -0.147924 0.0978889 -0.170398 0.0984419 -0.19294 0.0989814 
3.93 -0.0843994 0.068744 -0.108803 0.0689713 -0.133006 0.0691999 -0.157684 0.0690585 -0.182226 0.0690547 -0.206537 0.0695186 -0.230848 0.0700083 
3.32 0.421696 -0.00521846 0.39271 -0.00495183 0.363968 -0.00475194 0.334994 -0.00503104 0.306312 -0.00486304 0.277691 -0.00417478 0.249104 -0.00352125 
2.939 -0.386413 0.144761 -0.421145 0.145279 -0.455665 0.145645 -0.490701 0.145824 -0.525726 0.145851 -0.559938 0.146256 -0.594141 0.146716 
3.115 -0.239858 0.202287 -0.271006 0.202776 -0.301886 0.203156 -0.333189 0.203295 -0.364595 0.2034 -0.395401 0.203895 -0.426298 0.204446 
4.113 -0.110423 -0.0339816 -0.13412 -0.0336504 -0.157741 -0.0334069 -0.181681 -0.0336427 -0.205732 -0.0337316 -0.229302 -0.033259 -0.253093 -0.0329165 
3.279 -0.4186 -0.0531571 -0.449935 -0.0528893 -0.481069 -0.0527379 -0.512732 -0.0527621 -0.544178 -0.0529996 -0.574751 -0.0526161 -0.605403 -0.0521957 
4.145 -0.139186 -0.0798658 -0.163522 -0.0796867 -0.187553 -0.0796134 -0.212161 -0.0798555 -0.236623 -0.0800444 -0.260679 -0.0797109 -0.284849 -0.079304 
4.078 -0.133023 -0.0216546 -0.15535 -0.0215094 -0.177497 -0.0214241 -0.199944 -0.0214947 -0.222251 -0.0215258 -0.24438 -0.021179 -0.266676 -0.0206238 
3.482 -0.202191 0.18996 -0.232679 0.190378 -0.262988 0.190709 -0.293656 0.190809 -0.324176 0.190907 -0.354057 0.191305 -0.384252 0.191973 
4.207 -0.191234 -0.0784961 -0.215924 -0.0783769 -0.240405 -0.0783204 -0.265353 -0.0785238 -0.289774 -0.0786678 -0.313806 -0.078371 -0.338201 -0.0779265 
4.199 -0.12549 -0.0819203 -0.149623 -0.0817093 -0.173598 -0.0816173 -0.198051 -0.0818776 -0.22248 -0.0820927 -0.246344 -0.081723 -0.270475 -0.0813256 
3.992 -0.0707026 0.0406657 -0.0950742 0.0408808 -0.118883 0.0409929 -0.143396 0.0409972 -0.167615 0.0409716 -0.191849 0.0414096 -0.216074 0.041995 
3.697 -0.304917 -0.0332968 -0.332572 -0.0330131 -0.359949 -0.0328451 -0.387906 -0.0329288 -0.415746 -0.0331116 -0.442921 -0.032738 -0.470307 -0.0322781 
3.484 -0.364498 -0.044939 -0.393914 -0.0446107 -0.423102 -0.0444597 -0.452856 -0.044518 -0.482453 -0.0446885 -0.511337 -0.0443984 -0.540373 -0.044 
3.225 -0.452157 -0.218888 -0.483694 -0.218664 -0.514827 -0.2185 -0.546449 -0.218506 -0.577655 -0.218655 -0.607871 -0.218083 -0.638082 -0.217416 
3.574 -0.269306 0.047514 -0.29823 0.0478583 -0.326948 0.047998 -0.356103 0.0479885 -0.385224 0.0479577 -0.413726 0.0483683 -0.44238 0.0489452 
3.018 -0.254239 0.169415 -0.28719 0.169824 -0.320279 0.170054 -0.353821 0.170137 -0.387531 0.17018 -0.420655 0.170552 -0.454049 0.171131 
3.223 -0.433667 -0.0531571 -0.465254 -0.0528544 -0.496625 -0.0526879 -0.528566 -0.0527124 -0.560162 -0.0528954 -0.591036 -0.0525585 -0.621826 -0.052159 
2.953 0.484701 -0.0134365 0.449692 -0.013195 0.415286 -0.013045 0.380504 -0.0133102 0.345894 -0.0131098 0.311745 -0.0125332 0.277589 -0.011849 
3.941 -0.115217 0.0173812 -0.140257 0.0176897 -0.165139 0.017938 -0.190672 0.0178939 -0.215936 0.017929 -0.240966 0.0184424 -0.266191 0.0188923 
2.924 -0.374771 0.135858 -0.408658 0.136299 -0.442399 0.136671 -0.476517 0.136864 -0.510722 0.136903 -0.544178 0.137315 -0.577724 0.137801 
3.266 -0.432982 -0.184646 -0.464109 -0.184427 -0.494962 -0.184308 -0.526374 -0.184407 -0.557375 -0.184658 -0.587457 -0.184198 -0.617515 -0.183639 
4.043 -0.0583756 0.0735379 -0.0811136 0.0737606 -0.103576 0.0738436 -0.126558 0.0736936 -0.149382 0.0736351 -0.171897 0.0739971 -0.195446 0.0745965 
3.195 -0.259033 0.100931 -0.292127 0.101393 -0.325009 0.101721 -0.358284 0.101842 -0.391575 0.101903 -0.424303 0.102372 -0.457222 0.102928 
4.039 -0.153568 0.000260238 -0.177459 0.000478388 -0.20161 0.000531431 -0.225333 0.000359135 -0.248961 0.000259319 -0.272161 0.000628113 -0.295657 0.00119115 
3.781 -0.307656 -0.183276 -0.334999 -0.183208 -0.362145 -0.18322 -0.389931 -0.183527 -0.417426 -0.183916 -0.444286 -0.183638 -0.471356 -0.183366 
3.648 -0.335735 -0.195603 -0.363562 -0.19544 -0.391147 -0.195358 -0.419281 -0.195538 -0.446986 -0.195811 -0.474406 -0.195494 -0.501886 -0.195111 
3.375 -0.406273 -0.177113 -0.436446 -0.176892 -0.466318 -0.176783 -0.496896 -0.176901 -0.527093 -0.177176 -0.556441 -0.176768 -0.585923 -0.176227 
3.434 -0.213149 0.179688 -0.243121 0.18004 -0.272924 0.180196 -0.302983 0.180236 -0.332973 0.18028 -0.362519 0.180651 -0.392286 0.181212 
3.488 -0.371346 -0.170264 -0.400469 -0.170071 -0.429287 -0.169977 -0.458811 -0.170134 -0.488042 -0.170446 -0.516616 -0.170074 -0.545224 -0.169641 
3.16 -0.45969 -0.12438 -0.491995 -0.124151 -0.523912 -0.123989 -0.55638 -0.124015 -0.588432 -0.124215 -0.61955 -0.123803 -0.650612 -0.123239 
3.734 -0.29396 0.0146418 -0.321446 0.0149335 -0.348683 0.0150873 -0.376367 0.0150708 -0.40393 0.0150083 -0.430977 0.0152941 -0.458263 0.0158173 
3.182 -0.463115 -0.188755 -0.495194 -0.188513 -0.52685 -0.188367 -0.559074 -0.188373 -0.590795 -0.188509 -0.621443 -0.187978 -0.652173 -0.187298 
3.215 -0.448048 -0.185331 -0.479574 -0.185137 -0.510744 -0.185005 -0.542582 -0.185049 -0.573853 -0.185268 -0.604239 -0.184734 -0.634582 -0.184128 
3.471 -0.367922 -0.0764416 -0.397278 -0.0761711 -0.426396 -0.0759882 -0.456105 -0.0760289 -0.485605 -0.076196 -0.514413 -0.0758876 -0.543362 -0.075455 
3.564 -0.360389 -0.201082 -0.389184 -0.200966 -0.417617 -0.200913 -0.446474 -0.201072 -0.475033 -0.201344 -0.503211 -0.201007 -0.531417 -0.200613 
3.336 0.332667 -0.0887687 0.297938 -0.0882894 0.263572 -0.0879611 0.228799 -0.0880373 0.194467 -0.0877368 0.160423 -0.086837 0.126435 -0.0859383 
3.322 -0.419285 -0.1867 -0.449839 -0.18648 -0.480211 -0.186348 -0.511236 -0.186478 -0.541792 -0.186713 -0.571572 -0.186324 -0.601286 -0.185756 
3.971 -0.156992 0.0146418 -0.182571 0.0149157 -0.208016 0.0151491 -0.233874 0.015079 -0.259564 0.0150304 -0.284768 0.0154083 -0.310111 0.0158823 
3.43 0.386084 -0.032612 0.353135 -0.0323763 0.320554 -0.0321618 0.287721 -0.0323246 0.255108 -0.0321252 0.222746 -0.0313573 0.190339 -0.0306919 
3.654 0.372387 -0.0778113 0.339867 -0.0774085 0.307667 -0.0770756 0.275119 -0.077229 0.242888 -0.0769232 0.211069 -0.0761218 0.179336 -0.075235 
3.719 -0.321353 -0.198343 -0.348639 -0.198156 -0.37572 -0.198069 -0.403281 -0.198201 -0.430531 -0.198467 -0.45731 -0.198124 -0.484508 -0.197774 
3.686 -0.311081 -0.0463087 -0.338802 -0.0460625 -0.366243 -0.0459281 -0.394223 -0.0459773 -0.422109 -0.0461257 -0.449349 -0.0458063 -0.476804 -0.0453481 
3.951 -0.183701 0.0132722 -0.209596 0.0135061 -0.235064 0.0135319 -0.261218 0.0132896 -0.287223 0.0129911 -0.312714 0.0131335 -0.338334 0.0133464 
2.961 -0.269306 0.152294 -0.303321 0.152723 -0.337051 0.152959 -0.371278 0.153101 -0.405581 0.153115 -0.439305 0.153588 -0.473127 0.154122 
4.051 -0.139186 0.00573894 -0.164508 0.00595834 -0.189521 0.00608173 -0.214986 0.00587755 -0.240263 0.00575244 -0.265124 0.00612153 -0.290109 0.00657643 
3.293 -0.431612 -0.222312 -0.462514 -0.222113 -0.492996 -0.221983 -0.524133 -0.222076 -0.554664 -0.222243 -0.584459 -0.221768 -0.614201 -0.221158 
4.168 -0.110423 -0.0757567 -0.134201 -0.0755264 -0.157943 -0.0753993 -0.182288 -0.0757249 -0.206594 -0.0759576 -0.230365 -0.0754831 -0.254433 -0.0751301 
3.455 -0.383673 -0.178482 -0.413202 -0.178291 -0.442271 -0.178188 -0.472193 -0.178346 -0.501781 -0.178628 -0.530618 -0.17826 -0.559494 -0.177833 
3.775 -0.277524 0.0187509 -0.305855 0.0189856 -0.333906 0.0191149 -0.362431 0.0190719 -0.390912 0.0189774 -0.418881 0.0193226 -0.446995 0.0198157 
3.893 -0.244651 0.0160115 -0.272842 0.0162948 -0.300851 0.0164611 -0.329413 0.0164427 -0.357838 0.0163969 -0.385799 0.0167965 -0.413777 0.0172722 
3.459 -0.37614 -0.133968 -0.405346 -0.133559 -0.434386 -0.133365 -0.464161 -0.1334 -0.493622 -0.133569 -0.522339 -0.133196 -0.551202 -0.132744 
3.387 -0.406273 -0.211355 -0.436378 -0.21116 -0.466185 -0.211061 -0.496568 -0.211172 -0.526574 -0.211428 -0.555774 -0.210996 -0.585018 -0.210457 
3.678 -0.157677 0.0742227 -0.185407 0.0745349 -0.21293 0.0747505 -0.240697 0.0747871 -0.268525 0.0748162 -0.29586 0.0752536 -0.32341 0.0758305 
3.443 -0.389837 -0.212724 -0.419467 -0.212565 -0.448716 -0.212465 -0.478556 -0.212598 -0.50804 -0.212848 -0.536933 -0.212485 -0.565768 -0.21201 
4.051 -0.230955 -0.0305575 -0.25608 -0.0303043 -0.280987 -0.0302157 -0.306435 -0.0302771 -0.331657 -0.0304123 -0.356412 -0.0301067 -0.381384 -0.0296952 
3.605 -0.343953 -0.14561 -0.372273 -0.145417 -0.400212 -0.145299 -0.428889 -0.145453 -0.45729 -0.145746 -0.485072 -0.145407 -0.513053 -0.145016 
4.012 -0.0974113 0.0214902 -0.120964 0.0217722 -0.144239 0.0219938 -0.167791 0.0219773 -0.191417 0.0220501 -0.214834 0.0226756 -0.238482 0.0232377 
3.139 0.299795 -0.0784961 0.268036 -0.078137 0.236472 -0.0777728 0.204557 -0.0778796 0.173259 -0.0775786 0.141644 -0.0768089 0.108444 -0.0759432 
3.344 0.360745 0.0105328 0.328519 0.01064 0.296426 0.0108077 0.26401 0.0105825 0.231845 0.0106675 0.20003 0.0111204 0.168372 0.0116254 
3.291 0.387454 0.0112176 0.35529 0.0112488 0.323317 0.0113264 0.291113 0.0109787 0.259163 0.0109953 0.22747 0.0114344 0.195899 0.0117979 
3.17 -0.461745 -0.151089 -0.494069 -0.150863 -0.525823 -0.150672 -0.558152 -0.150688 -0.590045 -0.150844 -0.621039 -0.150321 -0.652046 -0.149811 
3.645 0.375812 -0.10452 0.343366 -0.104151 0.311277 -0.103841 0.278824 -0.10397 0.246662 -0.103691 0.214805 -0.102843 0.183067 -0.101966 
4.094 -0.118641 0.00231475 -0.14336 0.00244412 -0.167865 0.0024906 -0.192765 0.00229256 -0.217538 0.0021501 -0.241966 0.0024781 -0.266589 0.00275523 
3.492 -0.214519 0.155718 -0.244274 0.156073 -0.273838 0.156341 -0.303798 0.15639 -0.333802 0.156406 -0.363235 0.1568 -0.392817 0.1574 
4.387 -0.204246 -0.209985 -0.227584 -0.209854 -0.250718 -0.209771 -0.274483 -0.210116 -0.297839 -0.210352 -0.320793 -0.210039 -0.34384 -0.209611 
3.16 0.0101082 0.133804 -0.0226695 0.134484 -0.052209 0.13441 -0.0830679 0.13437 -0.113997 0.134549 -0.144629 0.13506 -0.175747 0.135857 
3.662 -0.326832 -0.110683 -0.354753 -0.110474 -0.382594 -0.110352 -0.410876 -0.110484 -0.438877 -0.110704 -0.466437 -0.110388 -0.494091 -0.109946 
3.377 -0.410382 -0.246281 -0.440502 -0.246127 -0.470305 -0.246037 -0.500765 -0.246159 -0.530764 -0.246412 -0.559878 -0.245921 -0.589062 -0.245311 
3.42 0.339515 0.0612108 0.304145 0.0612977 0.269105 0.0613568 0.233818 0.0611324 0.198815 0.0612118 0.164048 0.0615823 0.129518 0.0622983 
4.211 -0.152883 -0.0826051 -0.177063 -0.082443 -0.201288 -0.08237 -0.225999 -0.0825983 -0.250471 -0.0827795 -0.274526 -0.0824624 -0.298834 -0.0820871 
3.215 -0.447363 -0.140816 -0.479145 -0.140592 -0.510688 -0.140497 -0.542787 -0.140537 -0.574246 -0.140715 -0.605129 -0.140341 -0.635747 -0.139774 
4.074 -0.246021 -0.161361 -0.271297 -0.16117 -0.296313 -0.161122 -0.321865 -0.161341 -0.347147 -0.161576 -0.371978 -0.161275 -0.396937 -0.160915 
3.285 -0.42134 -0.0819203 -0.452641 -0.081645 -0.483717 -0.0816163 -0.515387 -0.0816529 -0.546748 -0.0819854 -0.577202 -0.0816875 -0.607777 -0.0812953 
3.371 -0.402164 -0.162046 -0.432438 -0.161847 -0.462383 -0.161738 -0.492911 -0.16185 -0.52302 -0.162083 -0.552401 -0.161722 -0.581845 -0.161242 
3.576 -0.187125 0.159827 -0.216684 0.160189 -0.245795 0.160437 -0.275427 0.160515 -0.305101 0.160566 -0.334239 0.160987 -0.363586 0.161581 
3.674 -0.329571 -0.140816 -0.357465 -0.140611 -0.385169 -0.140508 -0.413327 -0.140646 -0.441412 -0.140926 -0.46874 -0.140575 -0.496328 -0.14016 
3.23 -0.215203 0.208451 -0.245833 0.208846 -0.276337 0.20915 -0.3072 0.209244 -0.338253 0.209409 -0.368735 0.209851 -0.399376 0.210388 
3.748 -0.111793 0.172154 -0.140373 0.172495 -0.168943 0.172716 -0.197785 0.172743 -0.226794 0.172834 -0.255247 0.173361 -0.283742 0.173974 
3.275 -0.424079 -0.116162 -0.455324 -0.116035 -0.48638 -0.115951 -0.517944 -0.115955 -0.549162 -0.116125 -0.579544 -0.115708 -0.609946 -0.115096 
3.693 0.258704 -0.10589 0.230519 -0.105422 0.202558 -0.105072 0.174404 -0.105104 0.146656 -0.104925 0.119093 -0.104151 0.0921987 -0.103464 
3.572 0.346364 -0.0428845 0.311432 -0.0423363 0.27678 -0.0419887 0.241926 -0.0420547 0.207242 -0.0417876 0.172947 -0.040916 0.138793 -0.039876 
3.955 0.0128476 -0.095617 -0.0126988 -0.0953983 -0.0381582 -0.0952784 -0.0640488 -0.0954071 -0.089562 -0.0954792 -0.114743 -0.0951178 -0.140188 -0.094614 
3.295 -0.415176 -0.0250788 -0.446572 -0.0248808 -0.477752 -0.0247829 -0.509423 -0.0248183 -0.540968 -0.0250369 -0.571648 -0.0246952 -0.60243 -0.0243423 
3.906 -0.273415 -0.166155 -0.299677 -0.165942 -0.325675 -0.165797 -0.352288 -0.165971 -0.378609 -0.166232 -0.404391 -0.165885 -0.430339 -0.165537 
4.094 -0.00495822 0.0755924 -0.0365831 0.0759635 -0.0682517 0.0761842 -0.100701 0.0760888 -0.132683 0.0762847 -0.164491 0.0768428 -0.190509 0.0775384 
4.414 -0.200137 -0.182591 -0.223349 -0.182486 -0.246412 -0.182455 -0.270018 -0.182641 -0.293379 -0.182909 -0.316364 -0.182572 -0.339484 -0.182224 
2.861 0.576469 -0.151089 0.542364 -0.150545 0.508427 -0.150165 0.474201 -0.150315 0.440207 -0.149873 0.406273 -0.148737 0.372374 -0.147556 
3.852 -0.260403 0.0160115 -0.288405 0.0163615 -0.316316 0.0165157 -0.344554 0.016491 -0.37283 0.01643 -0.400564 0.0167259 -0.428362 0.0172206 
3.109 0.310752 -0.0689084 0.278803 -0.068478 0.246463 -0.0681514 0.212463 -0.0684497 0.17827 -0.0681177 0.14436 -0.0672603 0.110923 -0.0665009 
3.217 -0.426133 0.0119025 -0.464939 0.0122758 -0.503204 0.0125466 -0.542073 0.0126748 -0.580674 0.0125535 -0.618119 0.0129299 -0.655613 0.0132418 
3.881 -0.230955 0.0208054 -0.2593 0.0211352 -0.28739 0.0213414 -0.315993 0.0213149 -0.344424 0.0212829 -0.372355 0.0216802 -0.40052 0.0221658 
4.359 -0.206985 -0.233269 -0.230351 -0.233095 -0.253553 -0.233052 -0.277269 -0.233303 -0.30066 -0.233552 -0.323627 -0.233213 -0.346711 -0.232859 
4.094 -0.25013 -0.245596 -0.275186 -0.245457 -0.299937 -0.245379 -0.325361 -0.245668 -0.350371 -0.245936 -0.374954 -0.24562 -0.399631 -0.245239 
4.023 -0.165895 -0.00727298 -0.188485 -0.00694887 -0.210912 -0.00677632 -0.233887 -0.00686084 -0.256708 -0.00693248 -0.279082 -0.00659094 -0.30155 -0.00610285 
3.5 -0.380249 -0.244227 -0.409476 -0.244042 -0.438451 -0.243937 -0.46798 -0.24409 -0.497162 -0.244379 -0.52557 -0.243943 -0.554053 -0.243364 
3.182 -0.230955 0.158458 -0.262928 0.159007 -0.292918 0.158984 -0.323045 0.159028 -0.353187 0.159033 -0.38272 0.159484 -0.412568 0.160199 
3.404 -0.394631 -0.150404 -0.424819 -0.150139 -0.454649 -0.150003 -0.485159 -0.150107 -0.515284 -0.150332 -0.544592 -0.149978 -0.574003 -0.14952 
3.193 -0.222737 0.1927 -0.253468 0.193205 -0.284035 0.193568 -0.314991 0.193807 -0.345956 0.194088 -0.376503 0.194585 -0.407311 0.195047 
3.596 -0.341214 -0.114108 -0.369599 -0.113889 -0.397579 -0.113765 -0.426332 -0.113894 -0.454867 -0.114154 -0.482622 -0.113794 -0.510792 -0.113407 
3.135 0.312806 -0.0497329 0.280304 -0.0494738 0.2483 -0.0492676 0.214375 -0.049438 0.180081 -0.0492309 0.146377 -0.0485277 0.112685 -0.0478017 
3.988 -0.263827 -0.214094 -0.289502 -0.213926 -0.315008 -0.213882 -0.341051 -0.214161 -0.366746 -0.214453 -0.391975 -0.214139 -0.417395 -0.213737 
3.623 -0.326147 -0.0435694 -0.354327 -0.0433187 -0.382325 -0.0431835 -0.410744 -0.0432501 -0.438994 -0.0434191 -0.466876 -0.0430924 -0.494833 -0.0426413 
3.701 -0.324093 -0.154513 -0.351772 -0.154319 -0.379219 -0.154219 -0.40717 -0.154343 -0.435012 -0.154669 -0.46205 -0.154285 -0.489459 -0.153927 
4.281 -0.217258 -0.216148 -0.241162 -0.216045 -0.264893 -0.21592 -0.28916 -0.216226 -0.313115 -0.216401 -0.336592 -0.21621 -0.360163 -0.215688 
3.27 0.460731 0.0112176 0.42643 0.0112219 0.392408 0.0112214 0.358156 0.0108332 0.324167 0.0109986 0.290403 0.011641 0.256602 0.012207 
3.541 -0.359704 -0.138762 -0.388483 -0.138531 -0.416964 -0.138419 -0.446088 -0.13859 -0.474937 -0.138892 -0.50323 -0.138539 -0.53153 -0.138109 
3.709 -0.318614 -0.123695 -0.346224 -0.123486 -0.373597 -0.123385 -0.401506 -0.123526 -0.429234 -0.12379 -0.456412 -0.123451 -0.483835 -0.123102 
3.596 -0.337105 -0.0531571 -0.365775 -0.0528772 -0.394235 -0.0527516 -0.42319 -0.0528035 -0.451982 -0.0530406 -0.480264 -0.0526778 -0.50868 -0.0522967 
4.117 -0.131653 -0.0606903 -0.155477 -0.0604635 -0.179143 -0.0603725 -0.203176 -0.060503 -0.227122 -0.0606383 -0.250836 -0.0603175 -0.274664 -0.0599075 
3.549 -0.351486 -0.0969867 -0.380347 -0.0967666 -0.408931 -0.0966515 -0.438098 -0.0967617 -0.467042 -0.0970294 -0.495435 -0.096691 -0.524024 -0.0962992 
2.998 0.466895 -0.0264484 0.439648 -0.0260343 0.408523 -0.0257409 0.374355 -0.0259463 0.340569 -0.0256105 0.30694 -0.0248755 0.273544 -0.0241053 
3.76 0.13064 0.0762772 0.104161 0.0765913 0.0779485 0.0767996 0.0514576 0.0766187 0.0250553 0.0766768 -0.00093681 0.077165 -0.0269227 0.0776973 
2.77 0.633311 -0.0250788 0.597005 -0.0247559 0.560839 -0.0246337 0.524067 -0.0249068 0.487662 -0.0246025 0.451087 -0.0238845 0.414717 -0.023036 
3.193 -0.459006 -0.233954 -0.490741 -0.233711 -0.521946 -0.233527 -0.553761 -0.233537 -0.585023 -0.233672 -0.615296 -0.233077 -0.645476 -0.232311 
4.203 -0.208355 -0.0716477 -0.232552 -0.0716489 -0.256776 -0.0717988 -0.281594 -0.0722309 -0.306239 -0.0726808 -0.330219 -0.0726075 -0.354509 -0.0724138 
3.609 -0.111793 0.193384 -0.140461 0.19384 -0.169003 0.194127 -0.197989 0.194181 -0.227094 0.194378 -0.255544 0.194939 -0.284222 0.19552 
3.645 0.364854 -0.0627448 0.333127 -0.0622384 0.301474 -0.0619269 0.269487 -0.0619894 0.237547 -0.061761 0.206146 -0.0609449 0.174947 -0.0601169 
4.07 -0.0617998 0.0598411 -0.0848267 0.0602562 -0.107524 0.0605619 -0.130576 0.0605444 -0.153551 0.0606492 -0.176098 0.0611069 -0.198796 0.061664 
3.615 0.363484 -0.0401452 0.331252 -0.0398054 0.299324 -0.0395284 0.266933 -0.0397095 0.234856 -0.0394511 0.203054 -0.0387395 0.171417 -0.0379255 
3.715 -0.31382 -0.0928777 -0.341372 -0.0926459 -0.36874 -0.0925293 -0.396481 -0.0926391 -0.424161 -0.092883 -0.451177 -0.0925206 -0.478479 -0.0921022 
3.814 0.0820162 -0.0463087 0.0555027 -0.0460127 0.0292876 -0.0458007 0.00277797 -0.0459936 -0.0235781 -0.0460172 -0.0496318 -0.0455523 -0.0757294 -0.0449928 
3.271 0.384714 -0.00864265 0.352606 -0.00842024 0.320619 -0.00823365 0.288495 -0.00846011 0.256552 -0.00827933 0.224845 -0.00761811 0.193287 -0.00702979 
3.916 -0.280263 -0.239433 -0.306555 -0.239344 -0.332546 -0.239277 -0.359147 -0.239598 -0.385412 -0.23992 -0.411206 -0.239647 -0.437126 -0.23927 
3.652 -0.326832 -0.0846596 -0.354922 -0.0844423 -0.382956 -0.0843497 -0.411287 -0.084472 -0.439317 -0.0846863 -0.467018 -0.0843638 -0.494718 -0.0839223 
3.562 -0.190549 0.176948 -0.220043 0.177412 -0.249366 0.177754 -0.279096 0.177902 -0.308755 0.17809 -0.337944 0.178578 -0.367439 0.179179 
3.643 0.381975 -0.131913 0.34994 -0.131344 0.318199 -0.130971 0.28617 -0.131134 0.254585 -0.130846 0.223022 -0.129898 0.191479 -0.128826 
4.438 -0.0412546 0.047514 -0.0637254 0.0476866 -0.0861035 0.0477889 -0.109145 0.0476836 -0.131924 0.0476746 -0.154107 0.047964 -0.176528 0.0484159 
3.814 -0.303547 -0.223682 -0.330866 -0.223435 -0.357996 -0.223366 -0.385732 -0.223567 -0.413185 -0.22396 -0.440015 -0.223443 -0.466978 -0.22305 
4.441 -0.0830297 0.0119025 -0.106651 0.0121561 -0.130204 0.012379 -0.154097 0.0123758 -0.177945 0.0124571 -0.201489 0.0129818 -0.225026 0.0136358 
4.488 -0.08166 -0.0264484 -0.105066 -0.0262584 -0.128369 -0.0262031 -0.152068 -0.0263639 -0.175628 -0.0264081 -0.198967 -0.0260762 -0.222402 -0.0254759 
4.008 -0.262457 -0.195603 -0.288126 -0.195411 -0.313461 -0.195307 -0.339464 -0.195551 -0.365152 -0.195796 -0.390338 -0.195378 -0.415661 -0.194994 
3.9 0.0265443 -0.0990412 0.000723913 -0.0988691 -0.0246806 -0.0987644 -0.0506069 -0.0989954 -0.0763732 -0.0990071 -0.10185 -0.0985948 -0.127333 -0.0980917 
3.301 -0.432982 -0.248336 -0.463738 -0.248148 -0.49414 -0.248019 -0.525151 -0.248102 -0.555658 -0.248277 -0.585325 -0.247745 -0.614931 -0.247054 
3.461 -0.364498 -0.0216546 -0.393987 -0.0214002 -0.423195 -0.0212888 -0.453025 -0.0213534 -0.482656 -0.0215585 -0.511647 -0.0211799 -0.540715 -0.0208073 
3.799 0.107355 -0.299699 0.0802738 -0.29923 0.0535023 -0.298783 0.0263958 -0.298929 -0.000357682 -0.298855 -0.0268326 -0.298229 -0.0532796 -0.297382 
4.023 -0.201507 0.00916313 -0.225916 0.00948155 -0.250196 0.00972566 -0.27502 0.00969929 -0.299755 0.00968119 -0.323965 0.0100831 -0.348425 0.0105187 
3.26 -0.432982 -0.161361 -0.464143 -0.161024 -0.495045 -0.160795 -0.526543 -0.160806 -0.557641 -0.160952 -0.587879 -0.16044 -0.618105 -0.159854 
3.32 -0.41997 -0.173004 -0.450611 -0.172793 -0.480907 -0.172663 -0.511986 -0.172758 -0.542675 -0.172986 -0.572391 -0.172625 -0.602295 -0.172128 
3.486 -0.370662 -0.109314 -0.399946 -0.10918 -0.429029 -0.10915 -0.458666 -0.109249 -0.488092 -0.10953 -0.516791 -0.109147 -0.545599 -0.108658 
3.662 -0.324093 -0.0668539 -0.351981 -0.0666125 -0.379765 -0.0665483 -0.407932 -0.0666416 -0.43605 -0.0668814 -0.463507 -0.0665415 -0.491154 -0.066126 
3.609 -0.326147 -0.0271333 -0.354554 -0.0268658 -0.382713 -0.0267123 -0.411451 -0.0267575 -0.439972 -0.0268927 -0.467963 -0.0265651 -0.496174 -0.0261372 
3.15 -0.456951 -0.0374058 -0.489531 -0.0370884 -0.52172 -0.0368184 -0.554573 -0.0367574 -0.58704 -0.0369626 -0.618561 -0.0365391 -0.650088 -0.0361465 
3.898 -0.263142 -0.0695932 -0.289603 -0.0694511 -0.315741 -0.0693674 -0.34235 -0.0695146 -0.368877 -0.0696902 -0.39485 -0.0694062 -0.420956 -0.0689393 
3.045 0.313491 -0.0278181 0.278881 -0.0273837 0.244681 -0.0272031 0.210644 -0.0273491 0.17663 -0.0270691 0.142819 -0.0265296 0.108991 -0.025773 
4.086 -0.252185 -0.23053 -0.277293 -0.230381 -0.302168 -0.230331 -0.327722 -0.230611 -0.352785 -0.230897 -0.377512 -0.230626 -0.402369 -0.230223 
3.475 0.329243 -0.0490481 0.294499 -0.0486968 0.259961 -0.0484045 0.225287 -0.0485369 0.19104 -0.048282 0.157096 -0.0475002 0.123224 -0.0467303 
4.266 -0.214519 -0.142186 -0.238587 -0.141851 -0.26241 -0.141466 -0.286793 -0.141687 -0.31091 -0.141987 -0.334531 -0.141673 -0.358269 -0.141039 
3.311 -0.422709 -0.21067 -0.453393 -0.210484 -0.483837 -0.210394 -0.514727 -0.210499 -0.545098 -0.210686 -0.574916 -0.210263 -0.604518 -0.209651 
4.262 -0.211094 -0.0990412 -0.235247 -0.0988974 -0.259166 -0.0988195 -0.283592 -0.0990544 -0.307764 -0.0992486 -0.331385 -0.0988595 -0.35518 -0.0984247 
3.42 -0.385043 -0.0935625 -0.414969 -0.093397 -0.444588 -0.093396 -0.47484 -0.0936273 -0.50493 -0.0939931 -0.534285 -0.0935758 -0.563726 -0.0930395 
3.219 -0.437776 -0.10452 -0.469276 -0.104384 -0.500525 -0.104295 -0.53235 -0.104449 -0.563811 -0.104741 -0.594449 -0.104389 -0.625051 -0.103982 
4.039 -0.077551 0.0262841 -0.10173 0.0265513 -0.125593 0.0267483 -0.150013 0.026626 -0.174305 0.0266054 -0.19831 0.0270683 -0.222403 0.0274888 
3.016 -0.253554 0.155034 -0.287272 0.155383 -0.320729 0.155618 -0.354616 0.15566 -0.388619 0.155645 -0.422 0.156039 -0.455529 0.156564 
3.912 -0.261772 -0.0545268 -0.288079 -0.0542774 -0.314154 -0.0541632 -0.340741 -0.054249 -0.367091 -0.0543863 -0.392959 -0.0540831 -0.419075 -0.0536805 
3.189 -0.447363 -0.0538419 -0.479716 -0.0536048 -0.511737 -0.0534646 -0.544318 -0.0534938 -0.576469 -0.0536507 -0.607846 -0.0533671 -0.639075 -0.0528588 
4.426 -0.0261882 0.0461444 -0.0491718 0.0463971 -0.0719457 0.0465462 -0.095131 0.0464138 -0.11819 0.0464214 -0.140963 0.0467931 -0.163919 0.0473308 
3.797 0.108725 -0.015491 0.0817844 -0.0151223 0.0550909 -0.014892 0.0283217 -0.0149765 0.0016254 -0.0148858 -0.0247152 -0.0143116 -0.0513086 -0.013826 
3.387 -0.411067 0.0208054 -0.449822 0.0211571 -0.487981 0.0214067 -0.526922 0.0214778 -0.565524 0.0213294 -0.603229 0.0217465 -0.640577 0.0219963 
3.877 0.0375017 -0.136022 0.0116744 -0.135742 -0.0138576 -0.135529 -0.0396721 -0.135744 -0.0653817 -0.135772 -0.0912364 -0.135418 -0.11683 -0.134894 
3.34 0.36143 -0.00864265 0.329143 -0.00837443 0.297163 -0.00814729 0.264766 -0.00838099 0.232668 -0.00823419 0.200906 -0.00754956 0.169256 -0.00688286 
3.35 -0.416546 -0.222997 -0.447172 -0.222868 -0.477381 -0.222762 -0.507997 -0.222863 -0.538053 -0.223062 -0.567895 -0.222687 -0.597508 -0.222166 
4.188 -0.235064 -0.236694 -0.259471 -0.236498 -0.283574 -0.236452 -0.308319 -0.236558 -0.332682 -0.236834 -0.356543 -0.236572 -0.380563 -0.236077 
3.578 -0.174798 0.176264 -0.20419 0.17675 -0.233463 0.177108 -0.263213 0.177313 -0.292956 0.177548 -0.322161 0.178068 -0.351548 0.17863 
3.547 -0.356965 -0.161361 -0.385888 -0.161179 -0.414371 -0.161098 -0.443526 -0.16126 -0.472266 -0.161547 -0.500398 -0.161159 -0.5287 -0.160749 
3.332 0.342254 -0.00864265 0.307056 -0.00839462 0.272034 -0.00817145 0.236889 -0.00840264 0.2021 -0.00821484 0.167522 -0.00749238 0.133241 -0.00665523 
3.295 0.401835 -0.00864265 0.369486 -0.00839875 0.337366 -0.00817471 0.304992 -0.00844356 0.272927 -0.00826157 0.241076 -0.00756185 0.209238 -0.00684938 
3.605 0.38403 -0.0463087 0.351795 -0.0459508 0.320004 -0.0456014 0.287905 -0.0458294 0.256048 -0.0455146 0.22441 -0.0449661 0.192813 -0.0440011 
3.191 -0.444624 -0.0689084 -0.47688 -0.0686382 -0.508752 -0.0685032 -0.541296 -0.0685103 -0.573383 -0.0687195 -0.604607 -0.0684206 -0.635738 -0.0680038 
3.326 -0.408328 -0.0908232 -0.438971 -0.0905737 -0.469387 -0.0904205 -0.500381 -0.0905322 -0.531211 -0.0907483 -0.561152 -0.090368 -0.591143 -0.0898874 
3.588 -0.159732 0.179688 -0.188679 0.180279 -0.21769 0.180688 -0.247212 0.180897 -0.276641 0.181253 -0.305493 0.181825 -0.334534 0.182407 
3.936 -0.278208 -0.223682 -0.304345 -0.223491 -0.330215 -0.223398 -0.35669 -0.223601 -0.382808 -0.223893 -0.408479 -0.223532 -0.434327 -0.223178 
3.645 0.366224 -0.0935625 0.334356 -0.0932126 0.302676 -0.0929231 0.270619 -0.093052 0.238888 -0.0927928 0.207561 -0.0919408 0.176244 -0.0911376 
3.998 -0.265881 -0.235324 -0.291568 -0.235176 -0.316986 -0.235119 -0.34301 -0.235377 -0.368735 -0.235739 -0.393906 -0.235407 -0.419342 -0.235056 
3.609 -0.346692 -0.20793 -0.374956 -0.207794 -0.402943 -0.207737 -0.431382 -0.207882 -0.459415 -0.208141 -0.486963 -0.207793 -0.514816 -0.207431 
3.385 -0.390522 -0.0353513 -0.420849 -0.0352007 -0.450951 -0.0351321 -0.48154 -0.035161 -0.512 -0.0352274 -0.541733 -0.03492 -0.571591 -0.0344101 
3.896 -0.278208 -0.146295 -0.304637 -0.146143 -0.33082 -0.146153 -0.357564 -0.146328 -0.384099 -0.14658 -0.410089 -0.146278 -0.436232 -0.145959 
3.627 0.401151 -0.036721 0.368505 -0.0363724 0.336077 -0.0361064 0.303461 -0.036312 0.271129 -0.0361028 0.238996 -0.0354395 0.207063 -0.0345549 
4.355 -0.203561 -0.157937 -0.227116 -0.157774 -0.250473 -0.157841 -0.274388 -0.157902 -0.297975 -0.158213 -0.321095 -0.157875 -0.3444 -0.157649 
3.236 -0.428873 -0.0237091 -0.460431 -0.0234238 -0.491645 -0.0233048 -0.523484 -0.0233112 -0.555077 -0.0234527 -0.58572 -0.023189 -0.61652 -0.0227518 
3.166 -0.453527 -0.100411 -0.485976 -0.100195 -0.518099 -0.1001 -0.550686 -0.100148 -0.582745 -0.100322 -0.614181 -0.100005 -0.645435 -0.099534 
3.686 -0.156992 0.0399808 -0.185365 0.0402206 -0.213283 0.0403844 -0.241859 0.0402606 -0.270484 0.0401986 -0.298536 0.0404869 -0.326629 0.0409688 
3.883 -0.272045 -0.0805506 -0.298798 -0.0803753 -0.325097 -0.0803107 -0.352084 -0.0804198 -0.378746 -0.0806102 -0.40493 -0.0803327 -0.431358 -0.0799866 
4.25 -0.213149 -0.123011 -0.237272 -0.122897 -0.261182 -0.122827 -0.285569 -0.123063 -0.309737 -0.1231 -0.333338 -0.122853 -0.357169 -0.122584 
4.152 -0.213149 -0.0531571 -0.237384 -0.0528347 -0.261439 -0.0528943 -0.286035 -0.0529498 -0.310383 -0.0530101 -0.334326 -0.0526512 -0.35843 -0.0520505 
3.604 -0.18918 0.105725 -0.217978 0.106184 -0.246579 0.106531 -0.275742 0.106623 -0.304837 0.106704 -0.333504 0.107119 -0.362161 0.107797 
3.926 0.0395562 0.0639501 0.0135996 0.0641578 -0.0121427 0.064441 -0.0380857 0.0642694 -0.0640468 0.0642981 -0.0896151 0.0647167 -0.115451 0.0653011 
3.811 0.101192 0.0119025 0.0743984 0.0122006 0.0479005 0.0123672 0.0209737 0.0121651 -0.00550496 0.0122377 -0.0317808 0.0127196 -0.0582676 0.0132204 
3.775 -0.315875 0.0276537 -0.342829 0.0278373 -0.369723 0.0280278 -0.397024 0.0278533 -0.424094 0.0276146 -0.450915 0.0278923 -0.477893 0.0282512 
3.248 -0.443254 -0.231215 -0.474597 -0.231035 -0.505748 -0.230964 -0.537073 -0.230994 -0.568017 -0.231169 -0.598231 -0.230676 -0.628271 -0.230042 
3.693 -0.277524 0.0324476 -0.306249 0.0327744 -0.33474 0.0329611 -0.363614 0.0331018 -0.392466 0.0330664 -0.420785 0.0336754 -0.449272 0.0341061 
4.406 -0.0385153 0.0666895 -0.0616871 0.0669768 -0.0845467 0.0670986 -0.107987 0.0670264 -0.131203 0.0670455 -0.154014 0.0674578 -0.177276 0.0680665 
3.561 -0.200822 0.157088 -0.230679 0.15742 -0.260245 0.157651 -0.290033 0.157695 -0.319923 0.157734 -0.34928 0.158156 -0.378853 0.158663 
2.941 0.499082 0.068744 0.463677 0.068849 0.428607 0.0689602 0.393325 0.0684602 0.358335 0.0685458 0.3236 0.0689814 0.288684 0.0695192 
3.414 -0.383673 -0.0798658 -0.413746 -0.079619 -0.443494 -0.0794607 -0.473782 -0.0795093 -0.503796 -0.0796738 -0.533301 -0.0794126 -0.562735 -0.0789958 
2.805 -0.367922 0.174894 -0.403158 0.17537 -0.438071 0.175772 -0.473442 0.176071 -0.508842 0.176224 -0.54343 0.176635 -0.578092 0.17703 
3.158 -0.456266 -0.0771264 -0.488573 -0.0767298 -0.520588 -0.0765781 -0.553117 -0.0765821 -0.585292 -0.0767366 -0.616588 -0.0763521 -0.647833 -0.0758739 
2.938 -0.346692 0.132434 -0.380037 0.132939 -0.413284 0.133263 -0.44696 0.133428 -0.480634 0.133477 -0.513633 0.133868 -0.546749 0.134364 
3.814 0.118997 0.0331324 0.0920226 0.0333764 0.0653383 0.0333676 0.0384463 0.0332646 0.0116365 0.0333617 -0.0147932 0.0337647 -0.0413397 0.0344912 
3.74 0.115573 0.0762772 0.0886336 0.0765383 0.0619455 0.0768358 0.0349627 0.0767382 0.0082287 0.0769562 -0.0182274 0.077525 -0.0448679 0.0780824 
3.898 -0.172059 0.0208054 -0.199678 0.0211563 -0.227017 0.0213819 -0.254967 0.021417 -0.282968 0.0214456 -0.31031 0.0218903 -0.337886 0.0225128 
3.812 0.0854404 -0.0743871 0.058984 -0.0741736 0.032686 -0.0740027 0.0059746 -0.0741158 -0.020419 -0.0741028 -0.0465117 -0.0736285 -0.072678 -0.0730785 
3.477 -0.369977 -0.0921929 -0.399341 -0.0920451 -0.428441 -0.0919235 -0.458144 -0.0922567 -0.487657 -0.0927181 -0.51644 -0.0923085 -0.545381 -0.091645 
3.375 -0.408328 -0.279838 -0.438179 -0.279616 -0.467983 -0.279463 -0.498213 -0.279517 -0.528008 -0.279707 -0.556863 -0.279149 -0.585726 -0.278447 
3.332 -0.410382 -0.112738 -0.44106 -0.112595 -0.471449 -0.112462 -0.502508 -0.112525 -0.533271 -0.112748 -0.563199 -0.112314 -0.593136 -0.111797 
3.59 -0.127544 0.168045 -0.156854 0.168304 -0.186111 0.16847 -0.214554 0.168563 -0.242893 0.168775 -0.270131 0.169483 -0.297504 0.170329 
3.631 -0.184386 0.0420353 -0.213167 0.0421874 -0.241681 0.0423719 -0.270792 0.0422822 -0.299821 0.0422799 -0.328253 0.0428784 -0.357032 0.0432938 
3.621 -0.242597 0.0427202 -0.27153 0.0429544 -0.300245 0.0431858 -0.329486 0.0431989 -0.358546 0.0430948 -0.387199 0.0435206 -0.415933 0.0440564 
3.732 -0.144665 0.114628 -0.171757 0.114942 -0.198666 0.115217 -0.226053 0.115278 -0.253433 0.115384 -0.2801 0.115704 -0.307616 0.116449 
3.795 0.117628 -0.0839748 0.0906451 -0.0836962 0.064025 -0.0835133 0.0371276 -0.083526 0.0104377 -0.0833685 -0.0159418 -0.0828909 -0.0424202 -0.0823307 
3.236 0.327873 -0.0298726 0.292794 -0.0295083 0.258009 -0.0292942 0.222999 -0.0294335 0.188324 -0.0292731 0.153971 -0.0287098 0.119758 -0.0279371 
3.539 -0.256978 0.0625805 -0.285845 0.0630438 -0.314572 0.0634018 -0.343782 0.0634092 -0.37282 0.0635806 -0.401304 0.0641409 -0.43015 0.0646079 
3.799 0.114888 -0.204506 0.0877947 -0.204111 0.060966 -0.20381 0.0339687 -0.203983 0.0072988 -0.203987 -0.0192323 -0.203477 -0.045656 -0.202873 
3.625 -0.339844 -0.131229 -0.368121 -0.131023 -0.396086 -0.13092 -0.42466 -0.131056 -0.45284 -0.131319 -0.480671 -0.130988 -0.508558 -0.130598 
4.113 -0.160416 -0.0613752 -0.184509 -0.0612029 -0.208657 -0.0611004 -0.233344 -0.0612449 -0.257888 -0.0614111 -0.281022 -0.0612523 -0.303903 -0.0610789 
3.834 0.0943432 0.0536776 0.0675053 0.0539774 0.0410217 0.0542414 0.0143198 0.0542214 -0.0122907 0.0543743 -0.0385722 0.0548277 -0.064721 0.0552988 
3.922 0.0183263 -0.198343 -0.00755262 -0.197977 -0.0333134 -0.197494 -0.0596231 -0.197592 -0.0853206 -0.197647 -0.110498 -0.197313 -0.136067 -0.196754 
3.389 -0.393946 -0.110683 -0.424068 -0.110531 -0.453953 -0.110455 -0.484429 -0.110602 -0.514686 -0.110825 -0.544234 -0.110431 -0.57381 -0.10995 
