4.086 -0.181646 -0.032612 -0.206003 -0.0324067 -0.230147 -0.0323401 -0.25475 -0.0325391 -0.279309 -0.0326934 -0.303275 -0.0324139 -0.327443 -0.0319097 
4.117 -0.115902 -0.0196001 -0.139407 -0.0194295 -0.162744 -0.0192362 -0.18652 -0.0194137 -0.210308 -0.0194306 -0.23375 -0.0190714 -0.257521 -0.0185525 
3.371 -0.414491 -0.425709 -0.444386 -0.425291 -0.473898 -0.424874 -0.504021 -0.424813 -0.533529 -0.424747 -0.562119 -0.423795 -0.590705 -0.422611 
3.248 -0.450788 -0.433242 -0.481763 -0.432649 -0.512187 -0.432095 -0.543254 -0.431755 -0.573457 -0.431448 -0.60285 -0.430252 -0.632342 -0.429043 
3.373 -0.413121 -0.40037 -0.443043 -0.400002 -0.472672 -0.399689 -0.502797 -0.399626 -0.532467 -0.399657 -0.561137 -0.398837 -0.589754 -0.397752 
3.244 -0.450788 -0.419545 -0.481813 -0.419 -0.512407 -0.418562 -0.543566 -0.41835 -0.573857 -0.418044 -0.603354 -0.416957 -0.632787 -0.415724 
3.316 -0.431612 -0.433927 -0.461974 -0.433427 -0.491996 -0.43298 -0.522589 -0.432817 -0.552529 -0.432659 -0.581388 -0.431566 -0.610309 -0.430323 
3.283 -0.43846 -0.401739 -0.46905 -0.401236 -0.499294 -0.400768 -0.530137 -0.40063 -0.560313 -0.400496 -0.589419 -0.399428 -0.618521 -0.398213 
2.889 -0.35765 0.141337 -0.391904 0.14169 -0.425904 0.141968 -0.46026 0.14213 -0.494746 0.142164 -0.528548 0.142478 -0.5623 0.142939 
3.086 -0.247391 0.183112 -0.27949 0.183474 -0.311313 0.183722 -0.343444 0.183807 -0.375328 0.183857 -0.406638 0.18407 -0.438058 0.184682 
3.32 -0.431612 -0.381879 -0.462179 -0.381499 -0.492366 -0.381148 -0.523089 -0.381056 -0.553234 -0.381026 -0.582356 -0.380148 -0.611451 -0.379015 
3.297 -0.435036 -0.416806 -0.465632 -0.416356 -0.495827 -0.415918 -0.526612 -0.415786 -0.5567 -0.415662 -0.585733 -0.414576 -0.614779 -0.413347 
3.572 -0.340529 -0.0353513 -0.369239 -0.0351576 -0.397753 -0.035039 -0.426762 -0.0351263 -0.455687 -0.0353048 -0.483999 -0.0350326 -0.512511 -0.0345571 
4.062 -0.156307 -0.0175455 -0.178335 -0.0172505 -0.200293 -0.017137 -0.22259 -0.0172162 -0.244893 -0.0172871 -0.266808 -0.0170283 -0.288838 -0.01645 
4.031 -0.178222 0.000260238 -0.202835 0.000160505 -0.227306 7.49844e-05 -0.251531 -0.000134262 -0.276128 -0.000165821 -0.300526 0.000167319 -0.325283 0.000628823 
3.268 -0.446679 -0.388728 -0.477637 -0.38825 -0.508246 -0.387836 -0.5394 -0.387677 -0.56983 -0.387555 -0.599322 -0.386531 -0.628712 -0.385322 
3.375 -0.414491 -0.383249 -0.44455 -0.382924 -0.474287 -0.38266 -0.504536 -0.38266 -0.534322 -0.382721 -0.563131 -0.381928 -0.591865 -0.380887 
2.797 0.624408 -0.120956 0.588347 -0.120584 0.552796 -0.120413 0.516435 -0.120733 0.480794 -0.120372 0.444618 -0.119533 0.409156 -0.118515 
3.344 0.42238 -0.00521846 0.393363 -0.0049405 0.364608 -0.00475704 0.335684 -0.00501611 0.306965 -0.00483491 0.27833 -0.00417649 0.249729 -0.00351598 
3.906 -0.0843994 0.068744 -0.108768 0.0689392 -0.133027 0.0691495 -0.157636 0.0690003 -0.182236 0.0690068 -0.206571 0.0693835 -0.230888 0.0699581 
4.438 -0.0556362 0.0269689 -0.0786999 0.0272002 -0.101664 0.0273186 -0.124927 0.0272111 -0.148209 0.0272088 -0.17102 0.0275941 -0.194086 0.0281647 
4.055 -0.182331 -0.0134365 -0.206612 -0.0131895 -0.230685 -0.0130903 -0.255323 -0.0131845 -0.279943 -0.013288 -0.304035 -0.0129864 -0.328314 -0.0124236 
4.125 -0.110423 -0.0339816 -0.134124 -0.0336291 -0.157742 -0.0333768 -0.181605 -0.0336499 -0.205703 -0.0337035 -0.229292 -0.0332966 -0.25308 -0.0328928 
3.359 -0.4186 -0.368867 -0.448725 -0.368517 -0.478545 -0.368234 -0.508846 -0.368204 -0.538729 -0.368245 -0.567611 -0.367444 -0.596439 -0.366409 
3.117 -0.239858 0.202287 -0.271008 0.202758 -0.301885 0.203146 -0.333169 0.203295 -0.364585 0.203414 -0.395402 0.203854 -0.426315 0.204443 
3.279 -0.4186 -0.0531571 -0.449913 -0.0528798 -0.481057 -0.0527198 -0.512678 -0.0527691 -0.544169 -0.0529934 -0.574725 -0.0526636 -0.605386 -0.0521754 
3.414 -0.403534 -0.365443 -0.433285 -0.365138 -0.462628 -0.364812 -0.492609 -0.364835 -0.522074 -0.364925 -0.550645 -0.364229 -0.579183 -0.363245 
3.729 -0.143295 0.072853 -0.170347 0.073202 -0.197048 0.0734023 -0.22418 0.0733721 -0.251466 0.0734635 -0.278315 0.0738316 -0.305245 0.0744649 
2.945 -0.386413 0.145446 -0.421135 0.145957 -0.455711 0.146323 -0.490706 0.146501 -0.525803 0.146529 -0.559996 0.146869 -0.594178 0.147397 
4.191 -0.12412 -0.0798658 -0.148211 -0.0796432 -0.172205 -0.0795552 -0.196581 -0.07981 -0.221055 -0.0800259 -0.244946 -0.0796788 -0.269071 -0.0792575 
4.191 -0.139186 -0.0798658 -0.163525 -0.0796836 -0.187559 -0.0796116 -0.212143 -0.0798415 -0.236623 -0.0800453 -0.260698 -0.0797395 -0.284849 -0.0793087 
3.697 -0.304917 -0.0332968 -0.33258 -0.0330299 -0.35996 -0.0328692 -0.387869 -0.0329432 -0.415737 -0.0331372 -0.442931 -0.0327861 -0.470306 -0.0322806 
4.102 -0.133023 -0.0216546 -0.155328 -0.0215137 -0.177451 -0.0214215 -0.199874 -0.0214978 -0.222209 -0.0215214 -0.24437 -0.0212481 -0.266619 -0.0206252 
4.23 -0.191234 -0.0784961 -0.21592 -0.0783799 -0.240388 -0.0783225 -0.265298 -0.0785185 -0.289758 -0.0786636 -0.313798 -0.0784293 -0.338193 -0.0779307 
3.486 -0.364498 -0.044939 -0.393904 -0.0445991 -0.423088 -0.0444517 -0.452765 -0.0445219 -0.48243 -0.044673 -0.51132 -0.0444054 -0.540359 -0.0440061 
3.961 -0.0707026 0.0406657 -0.0950518 0.0408801 -0.118886 0.0409954 -0.143366 0.0409763 -0.167687 0.0409819 -0.19182 0.0413292 -0.216112 0.0419989 
3.225 -0.434351 -0.0538419 -0.465946 -0.0535271 -0.497319 -0.0533594 -0.52922 -0.0533827 -0.560852 -0.0535734 -0.591728 -0.0532703 -0.622508 -0.0528303 
3.578 -0.269306 0.047514 -0.298223 0.0478779 -0.32695 0.0480061 -0.356039 0.047967 -0.385251 0.0479137 -0.413765 0.0482584 -0.442399 0.0489059 
4.004 -0.0583756 0.0735379 -0.0811019 0.0737365 -0.103575 0.073829 -0.126514 0.0736701 -0.149371 0.0736152 -0.171921 0.0739441 -0.195435 0.074574 
3.939 -0.115217 0.0173812 -0.14026 0.0176994 -0.165137 0.0179366 -0.190618 0.0178955 -0.215942 0.0179387 -0.240967 0.0183851 -0.266188 0.0188924 
3.016 -0.254239 0.1701 -0.287019 0.170471 -0.319977 0.170698 -0.35341 0.170752 -0.387077 0.170785 -0.420185 0.171101 -0.453497 0.171701 
3.27 -0.432982 -0.185331 -0.46411 -0.185109 -0.494961 -0.18497 -0.526344 -0.185074 -0.557374 -0.185326 -0.587457 -0.184919 -0.617516 -0.184327 
3.184 -0.259033 0.100931 -0.292115 0.101401 -0.324981 0.101748 -0.358219 0.101853 -0.39155 0.101907 -0.424323 0.10234 -0.457207 0.102949 
2.928 -0.374771 0.135858 -0.408634 0.136299 -0.442375 0.136682 -0.476494 0.136875 -0.510715 0.136912 -0.544187 0.137274 -0.577705 0.137796 
3.229 -0.448733 -0.218888 -0.48018 -0.218661 -0.511327 -0.218519 -0.542891 -0.218555 -0.57408 -0.218726 -0.604323 -0.218241 -0.634494 -0.217548 
4.039 -0.153568 0.000260238 -0.177363 0.000495902 -0.200833 0.000563868 -0.224492 0.00040942 -0.248115 0.000300951 -0.271475 0.000611477 -0.295142 0.00122923 
3.352 0.450459 -0.0285029 0.416647 -0.0278845 0.382908 -0.0275169 0.348896 -0.0277317 0.315182 -0.0274063 0.281591 -0.0268407 0.248148 -0.0259785 
3.275 0.305958 -0.109999 0.27131 -0.109513 0.236934 -0.109137 0.202545 -0.109408 0.168525 -0.10938 0.13483 -0.109094 0.101056 -0.108129 
3.781 -0.307656 -0.183276 -0.335008 -0.183192 -0.362147 -0.1832 -0.38986 -0.18351 -0.417411 -0.183911 -0.444279 -0.183671 -0.471328 -0.18333 
3.648 -0.33505 -0.192864 -0.362795 -0.192678 -0.390412 -0.192608 -0.418511 -0.192786 -0.446272 -0.19306 -0.473691 -0.192782 -0.501184 -0.192361 
2.838 -0.380249 0.159143 -0.415237 0.159582 -0.44999 0.159846 -0.48518 0.160006 -0.52046 0.159994 -0.554849 0.160259 -0.589263 0.160693 
3.379 -0.406273 -0.177113 -0.436438 -0.176899 -0.466311 -0.176765 -0.496828 -0.176903 -0.527095 -0.177178 -0.55644 -0.176793 -0.585917 -0.176224 
3.447 0.386084 -0.032612 0.353072 -0.0323599 0.320498 -0.0321452 0.287726 -0.0323411 0.255102 -0.0321255 0.222734 -0.0313967 0.19032 -0.0306741 
3.199 -0.457636 -0.187385 -0.489488 -0.187142 -0.521038 -0.187034 -0.553082 -0.187046 -0.584694 -0.18723 -0.615285 -0.186782 -0.645859 -0.186086 
3.736 -0.29396 0.0146418 -0.321434 0.0149287 -0.34864 0.0150742 -0.376277 0.0150694 -0.403899 0.0150032 -0.430913 0.0152468 -0.458267 0.015812 
3.471 -0.367922 -0.0764416 -0.397276 -0.0761745 -0.426402 -0.0760382 -0.456042 -0.0760472 -0.485615 -0.0762051 -0.514415 -0.0759406 -0.543353 -0.0754795 
3.49 -0.371346 -0.170264 -0.400463 -0.170063 -0.42929 -0.169979 -0.458746 -0.170131 -0.488053 -0.17045 -0.51661 -0.170106 -0.545214 -0.169643 
3.162 -0.45969 -0.12438 -0.491956 -0.124134 -0.523885 -0.123965 -0.556295 -0.124007 -0.58841 -0.124202 -0.619519 -0.123835 -0.650569 -0.12323 
2.865 -0.348747 0.152294 -0.38296 0.15275 -0.417033 0.153071 -0.451489 0.153203 -0.486166 0.153213 -0.520194 0.153481 -0.554271 0.153986 
3.646 0.379921 -0.0730174 0.347595 -0.0725925 0.31564 -0.0722025 0.283347 -0.0723161 0.251365 -0.0719743 0.219631 -0.0712261 0.18793 -0.0702149 
3.977 -0.156992 0.0146418 -0.182567 0.0149309 -0.208011 0.0151547 -0.233822 0.0150923 -0.259568 0.0150375 -0.284774 0.0154269 -0.310102 0.0158818 
3.297 -0.431612 -0.222312 -0.46248 -0.222111 -0.492973 -0.221984 -0.524071 -0.222063 -0.554645 -0.222254 -0.584452 -0.221835 -0.614188 -0.221159 
3.375 -0.412437 -0.341474 -0.442363 -0.341261 -0.471962 -0.341107 -0.502147 -0.341213 -0.531891 -0.341432 -0.560699 -0.340838 -0.589506 -0.339977 
3.324 -0.419285 -0.187385 -0.449809 -0.187159 -0.480198 -0.187029 -0.511177 -0.187154 -0.541793 -0.187406 -0.571565 -0.187071 -0.60127 -0.186442 
3.686 -0.311081 -0.0463087 -0.338805 -0.0460665 -0.366253 -0.0459195 -0.3942 -0.0459786 -0.422121 -0.0461185 -0.449365 -0.0458586 -0.476822 -0.0453412 
3.721 -0.321353 -0.198343 -0.348684 -0.198171 -0.37576 -0.198072 -0.403232 -0.198218 -0.430583 -0.198484 -0.457369 -0.198191 -0.484549 -0.197782 
3.459 -0.37614 -0.133968 -0.405325 -0.133563 -0.434333 -0.133312 -0.464104 -0.133355 -0.49361 -0.133572 -0.522332 -0.133268 -0.551203 -0.132727 
3.369 -0.408328 -0.216833 -0.438409 -0.216636 -0.468249 -0.216533 -0.498563 -0.216636 -0.528625 -0.216887 -0.557868 -0.216513 -0.587112 -0.215926 
3.455 -0.383673 -0.178482 -0.413209 -0.178274 -0.442285 -0.178177 -0.472157 -0.178331 -0.501797 -0.178619 -0.53065 -0.178292 -0.559519 -0.177832 
4.055 -0.139186 0.00573894 -0.164513 0.00597903 -0.189506 0.00608796 -0.214931 0.00587918 -0.240256 0.00576394 -0.265117 0.00606481 -0.290117 0.00658554 
3.564 -0.360389 -0.201082 -0.389142 -0.200943 -0.41761 -0.200895 -0.4464 -0.201051 -0.475008 -0.201349 -0.503195 -0.201065 -0.531407 -0.200597 
3.215 -0.454212 -0.2319 -0.485817 -0.231697 -0.517015 -0.231515 -0.54867 -0.231567 -0.579922 -0.231735 -0.610156 -0.231214 -0.640288 -0.230433 
3.102 0.299795 -0.0784961 0.268022 -0.078139 0.236463 -0.0777702 0.204603 -0.0778853 0.173244 -0.0775862 0.141652 -0.0768583 0.108475 -0.0759308 
3.611 -0.345323 -0.203821 -0.373568 -0.203678 -0.401552 -0.203633 -0.42991 -0.203809 -0.458022 -0.204083 -0.485633 -0.203802 -0.513488 -0.203402 
3.014 -0.256978 0.155034 -0.290783 0.155399 -0.324342 0.155655 -0.358229 0.155737 -0.392375 0.155745 -0.425855 0.156108 -0.459459 0.156678 
4.184 -0.110423 -0.0757567 -0.134205 -0.0755238 -0.157955 -0.075428 -0.182243 -0.0757428 -0.206599 -0.0759599 -0.230366 -0.0755405 -0.254423 -0.0751344 
3.957 -0.183701 0.0132722 -0.20959 0.0135006 -0.235025 0.0134947 -0.261114 0.0132524 -0.287163 0.0129457 -0.312665 0.0130388 -0.338253 0.0132988 
3.781 -0.277524 0.0187509 -0.305853 0.018981 -0.333908 0.0191061 -0.362408 0.0190601 -0.390925 0.018969 -0.418885 0.01926 -0.447044 0.0197967 
2.701 -0.332311 0.225572 -0.370791 0.225997 -0.408953 0.226397 -0.447501 0.226601 -0.486366 0.226658 -0.524261 0.226928 -0.562161 0.227411 
3.684 -0.157677 0.0742227 -0.185422 0.0745356 -0.212958 0.0747549 -0.240657 0.0748173 -0.268545 0.0748375 -0.29586 0.0752006 -0.32343 0.0758252 
3.646 0.375812 -0.103835 0.343333 -0.103435 0.311231 -0.103129 0.278825 -0.103262 0.246664 -0.102989 0.214823 -0.102185 0.183081 -0.101283 
3.906 -0.239858 0.0146418 -0.268066 0.0149529 -0.296199 0.0151537 -0.324667 0.0151376 -0.353241 0.0150949 -0.381125 0.0154486 -0.409102 0.0159463 
4.125 -0.100151 0.0160115 -0.123302 0.0162559 -0.146234 0.0165459 -0.169612 0.0165148 -0.192959 0.0165613 -0.21595 0.0170941 -0.239061 0.0176425 
3.447 -0.389837 -0.212724 -0.419427 -0.212543 -0.448707 -0.212454 -0.478518 -0.212577 -0.508064 -0.212844 -0.536924 -0.212529 -0.565735 -0.211987 
3.605 -0.343953 -0.14561 -0.372291 -0.14541 -0.400255 -0.145303 -0.428897 -0.145464 -0.457351 -0.145748 -0.485073 -0.145444 -0.513073 -0.14501 
4.047 -0.230955 -0.0305575 -0.256057 -0.0303021 -0.280964 -0.0302297 -0.306351 -0.0302907 -0.331652 -0.0304531 -0.356401 -0.0301767 -0.381338 -0.0297425 
3.172 -0.461745 -0.151089 -0.494 -0.150854 -0.525759 -0.150659 -0.558066 -0.150675 -0.590001 -0.150842 -0.620978 -0.150396 -0.651981 -0.149826 
2.635 -0.423394 0.222148 -0.462036 0.222583 -0.500367 0.22283 -0.539063 0.222977 -0.577668 0.222854 -0.615179 0.222896 -0.652343 0.223009 
3.662 -0.326832 -0.110683 -0.354741 -0.110475 -0.382595 -0.110365 -0.410797 -0.110488 -0.438938 -0.11072 -0.466408 -0.110429 -0.49405 -0.109961 
2.689 -0.325462 0.244062 -0.36344 0.244686 -0.40133 0.245099 -0.439626 0.245387 -0.478082 0.245519 -0.515735 0.245879 -0.55336 0.246371 
2.801 0.630571 -0.146295 0.596497 -0.146119 0.562508 -0.145921 0.528197 -0.146196 0.493882 -0.145914 0.459691 -0.14506 0.425444 -0.144014 
3.361 -0.416546 -0.241487 -0.446659 -0.241223 -0.476495 -0.241083 -0.506859 -0.24115 -0.536941 -0.241326 -0.566068 -0.240849 -0.595251 -0.240081 
3.4 0.339515 0.0612108 0.304138 0.0612828 0.269095 0.0613499 0.233864 0.0611143 0.198808 0.0612132 0.164045 0.0615468 0.12951 0.0623117 
2.771 -0.391207 0.187221 -0.426074 0.187836 -0.46063 0.188237 -0.495612 0.188395 -0.530621 0.188421 -0.564728 0.188734 -0.598881 0.189378 
4.059 -0.00495822 0.0755924 -0.0365787 0.0759585 -0.0682668 0.0761922 -0.100663 0.0760605 -0.132657 0.0762771 -0.164472 0.0768187 -0.190475 0.0775188 
4.094 -0.119326 0.00162991 -0.143936 0.00179891 -0.168458 0.00185371 -0.193272 0.00164751 -0.218113 0.00151133 -0.242508 0.00178528 -0.267082 0.00211842 
3.672 -0.329571 -0.140816 -0.357465 -0.1406 -0.385166 -0.140501 -0.413305 -0.140637 -0.4414 -0.140903 -0.468725 -0.140584 -0.496336 -0.140153 
3.494 -0.381619 -0.322298 -0.410951 -0.322077 -0.440008 -0.321904 -0.469586 -0.321999 -0.498846 -0.32215 -0.527274 -0.321642 -0.555691 -0.320882 
4.277 -0.152883 -0.0826051 -0.17705 -0.0824329 -0.201289 -0.0823659 -0.225952 -0.0825951 -0.25047 -0.0827773 -0.274526 -0.0824866 -0.298802 -0.0820831 
3.285 -0.42134 -0.0819203 -0.452606 -0.0816069 -0.483713 -0.0815911 -0.515324 -0.0816635 -0.54673 -0.0819489 -0.577177 -0.0816949 -0.607758 -0.0812582 
3.373 -0.402164 -0.162046 -0.432372 -0.161818 -0.462374 -0.161727 -0.492804 -0.161817 -0.522993 -0.162068 -0.552393 -0.161749 -0.581716 -0.161202 
4.074 -0.246021 -0.161361 -0.271291 -0.161197 -0.296302 -0.161154 -0.321816 -0.16135 -0.347153 -0.161606 -0.371998 -0.161314 -0.396945 -0.160939 
3.254 -0.437091 -0.144925 -0.468353 -0.144664 -0.499383 -0.144535 -0.530883 -0.144558 -0.562153 -0.144735 -0.592471 -0.144316 -0.62279 -0.143719 
3.277 -0.424079 -0.116162 -0.455312 -0.11602 -0.486361 -0.115927 -0.517886 -0.116001 -0.549147 -0.116114 -0.579527 -0.115771 -0.609931 -0.11508 
3.562 -0.187125 0.159827 -0.216625 0.16018 -0.245767 0.160448 -0.275273 0.160508 -0.304928 0.160568 -0.334148 0.160929 -0.363481 0.161574 
3.93 0.0149021 -0.0949322 -0.0106999 -0.0947284 -0.0361185 -0.0945499 -0.0620112 -0.0946919 -0.0875527 -0.0948798 -0.112864 -0.0944498 -0.138259 -0.0938889 
3.908 -0.273415 -0.16547 -0.299671 -0.165298 -0.325706 -0.165171 -0.352237 -0.165338 -0.378615 -0.165573 -0.404421 -0.165223 -0.430377 -0.16487 
4.031 -0.165895 -0.00727298 -0.188452 -0.00694573 -0.210857 -0.00678928 -0.233796 -0.00687154 -0.256688 -0.0069375 -0.279046 -0.00663813 -0.301505 -0.00610536 
3.406 -0.395316 -0.149719 -0.425503 -0.149476 -0.455347 -0.14932 -0.485723 -0.149415 -0.515885 -0.149615 -0.545255 -0.149363 -0.574672 -0.148849 
2.84 -0.365868 0.157773 -0.400527 0.158239 -0.434939 0.158575 -0.469739 0.158759 -0.504693 0.158768 -0.538913 0.159114 -0.57306 0.159611 
3.445 -0.113163 0.207081 -0.140119 0.207817 -0.166672 0.208431 -0.193915 0.2088 -0.221137 0.209251 -0.248019 0.210051 -0.274201 0.211047 
3.068 0.310752 -0.0689084 0.278797 -0.0684566 0.246432 -0.0681562 0.212465 -0.0684395 0.178265 -0.0681594 0.144353 -0.067387 0.110849 -0.0665229 
4.074 -0.0843994 0.0208054 -0.108616 0.0210438 -0.132483 0.0212127 -0.156788 0.0210944 -0.181047 0.0210635 -0.204329 0.0215724 -0.227659 0.0222174 
3.502 -0.380249 -0.244227 -0.409444 -0.244013 -0.438412 -0.243932 -0.46791 -0.244069 -0.497154 -0.244361 -0.525574 -0.24395 -0.554012 -0.243332 
3.082 0.312806 -0.0497329 0.280276 -0.0494579 0.248206 -0.0492546 0.214323 -0.0494128 0.179984 -0.0491946 0.146247 -0.0485563 0.112595 -0.0477759 
3.473 -0.211779 0.155034 -0.241536 0.155355 -0.271018 0.155637 -0.300848 0.155686 -0.330781 0.155731 -0.360218 0.156087 -0.389856 0.156697 
3.195 -0.222737 0.1927 -0.253522 0.193186 -0.284092 0.193553 -0.314996 0.193788 -0.346007 0.194065 -0.376525 0.194536 -0.407376 0.195025 
3.623 -0.326147 -0.0435694 -0.354336 -0.0433205 -0.382295 -0.0431811 -0.410705 -0.0432509 -0.43902 -0.0434187 -0.466831 -0.0431419 -0.494809 -0.0426438 
3.541 -0.359704 -0.138762 -0.38845 -0.138506 -0.416959 -0.138411 -0.445987 -0.138566 -0.474919 -0.138866 -0.503187 -0.138531 -0.531437 -0.138078 
3.598 -0.341214 -0.114108 -0.369532 -0.113859 -0.397601 -0.113752 -0.426273 -0.113873 -0.454843 -0.114129 -0.482585 -0.113828 -0.510774 -0.113385 
3.85 -0.260403 0.0160115 -0.288459 0.0163529 -0.316307 0.0165176 -0.344772 0.0164843 -0.372863 0.0164368 -0.400612 0.0166951 -0.428507 0.0172116 
3.65 0.364169 -0.0737022 0.331853 -0.0733329 0.299808 -0.073113 0.267433 -0.0733731 0.235212 -0.0731233 0.203421 -0.0723981 0.171652 -0.0715395 
3.467 -0.371346 -0.109314 -0.400623 -0.109071 -0.429708 -0.10899 -0.459283 -0.109137 -0.488801 -0.109428 -0.517478 -0.109135 -0.546287 -0.108684 
3.596 -0.337105 -0.0531571 -0.365757 -0.0528815 -0.394221 -0.0527547 -0.423139 -0.0528153 -0.451978 -0.053048 -0.480256 -0.052722 -0.508674 -0.0522919 
3.9 0.0251746 -0.155883 -0.000584903 -0.155596 -0.026193 -0.155357 -0.0521542 -0.1555 -0.0780426 -0.15566 -0.103411 -0.155265 -0.128989 -0.154816 
3.703 -0.324093 -0.154513 -0.351729 -0.154284 -0.379169 -0.154209 -0.407104 -0.154339 -0.434977 -0.154624 -0.462103 -0.154301 -0.489494 -0.153923 
3.988 -0.263827 -0.214094 -0.289499 -0.213932 -0.315 -0.213868 -0.340958 -0.21414 -0.366751 -0.21445 -0.391943 -0.21416 -0.417392 -0.213739 
3.709 -0.318614 -0.123695 -0.34628 -0.123472 -0.373633 -0.123383 -0.40154 -0.123526 -0.42931 -0.123797 -0.456331 -0.123467 -0.48384 -0.123096 
3.549 -0.351486 -0.0969867 -0.380343 -0.0967579 -0.408941 -0.0966504 -0.438066 -0.0967689 -0.466994 -0.0970165 -0.495375 -0.0967232 -0.523973 -0.096294 
3.775 0.13064 0.0762772 0.104128 0.076613 0.0779055 0.0768334 0.0514966 0.0766301 0.0250548 0.0767149 -0.000964564 0.0771402 -0.0269641 0.0777093 
4.207 -0.208355 -0.0716477 -0.232541 -0.0716147 -0.256788 -0.0717465 -0.281537 -0.0722128 -0.306217 -0.0726618 -0.330202 -0.0726115 -0.354494 -0.0723981 
2.947 -0.275469 0.14887 -0.309399 0.149371 -0.343164 0.149618 -0.377359 0.149714 -0.411631 0.14977 -0.445338 0.150132 -0.479164 0.150779 
2.996 0.466895 -0.0264484 0.438918 -0.0260187 0.406795 -0.0256871 0.373339 -0.0259047 0.339521 -0.02558 0.30613 -0.0248963 0.272707 -0.0240832 
2.797 -0.407643 0.186536 -0.443526 0.186984 -0.479185 0.18725 -0.515251 0.187342 -0.551292 0.187203 -0.586421 0.187381 -0.621368 0.187785 
3.602 0.363484 -0.0401452 0.331296 -0.039811 0.299285 -0.0395341 0.267 -0.0397106 0.234855 -0.0394549 0.203082 -0.0387878 0.171421 -0.0379483 
2.65 -0.396001 0.224887 -0.433919 0.225385 -0.471742 0.225734 -0.509827 0.225975 -0.547986 0.225984 -0.585172 0.226169 -0.622181 0.226443 
4.426 -0.0528969 0.0509382 -0.0756435 0.0512073 -0.0982427 0.0514113 -0.121189 0.0513435 -0.144132 0.0513801 -0.166602 0.0517523 -0.189257 0.0523186 
4.156 -0.131653 -0.0606903 -0.155478 -0.0604712 -0.179157 -0.0603729 -0.203146 -0.0604996 -0.227162 -0.0606653 -0.250869 -0.0603785 -0.274684 -0.0599245 
3.555 -0.189864 0.176948 -0.219392 0.177397 -0.248647 0.177776 -0.278325 0.177903 -0.308109 0.17806 -0.337359 0.178534 -0.366861 0.17913 
2.826 0.604547 -0.171634 0.570423 -0.171335 0.536439 -0.171068 0.501985 -0.171305 0.467742 -0.170836 0.433586 -0.169984 0.399423 -0.168728 
3.652 -0.326832 -0.0846596 -0.354985 -0.0844304 -0.382922 -0.0843319 -0.411231 -0.0844593 -0.439343 -0.0846762 -0.466993 -0.0843886 -0.494853 -0.0839271 
3.631 -0.319984 -0.0271333 -0.347977 -0.0268408 -0.375788 -0.026691 -0.404037 -0.0267518 -0.432336 -0.026888 -0.45986 -0.026637 -0.487636 -0.0261271 
3.322 -0.41997 -0.173004 -0.450705 -0.172798 -0.481 -0.172658 -0.511923 -0.172746 -0.542613 -0.172969 -0.57236 -0.172662 -0.602292 -0.172126 
3.26 -0.432982 -0.162046 -0.464141 -0.161699 -0.495045 -0.16145 -0.526493 -0.161475 -0.557651 -0.161601 -0.58789 -0.161177 -0.618114 -0.160519 
3.443 0.566196 -0.185331 0.532993 -0.184939 0.500016 -0.184764 0.466587 -0.184909 0.433528 -0.184574 0.400526 -0.183703 0.367609 -0.182632 
3.152 -0.456951 -0.0374058 -0.489592 -0.0370336 -0.52179 -0.0367768 -0.554602 -0.036689 -0.587132 -0.036972 -0.618628 -0.0365918 -0.650084 -0.0360915 
3.291 -0.412437 -0.0237091 -0.443751 -0.0234579 -0.474946 -0.0233273 -0.506508 -0.0233453 -0.538044 -0.0235437 -0.568669 -0.0232507 -0.599464 -0.0228068 
4.48 -0.0809752 -0.0257636 -0.104399 -0.025525 -0.127675 -0.0254767 -0.151359 -0.0256571 -0.174999 -0.0257247 -0.198314 -0.025392 -0.221717 -0.0247748 
3.463 -0.364498 -0.0216546 -0.393977 -0.0214089 -0.423188 -0.0212867 -0.452938 -0.0213567 -0.482647 -0.0215577 -0.51164 -0.021274 -0.5407 -0.0208019 
3.918 -0.280263 -0.239433 -0.306527 -0.239276 -0.332531 -0.239234 -0.359086 -0.239578 -0.385405 -0.239877 -0.411184 -0.239645 -0.437124 -0.239249 
3.447 0.329243 -0.0490481 0.294528 -0.0486817 0.260011 -0.0484045 0.225414 -0.0485324 0.191058 -0.0482752 0.157139 -0.0475579 0.123258 -0.0467302 
3.82 0.0806465 -0.0511026 0.0541395 -0.0507702 0.027961 -0.050547 0.00150995 -0.0507264 -0.0248694 -0.0507028 -0.0509612 -0.0503522 -0.0770404 -0.0497133 
3.301 -0.432982 -0.248336 -0.463745 -0.248117 -0.494152 -0.247999 -0.525117 -0.248072 -0.555668 -0.248255 -0.585309 -0.247777 -0.614941 -0.24704 
4.41 -0.0213943 0.0502534 -0.044441 0.0504386 -0.0672194 0.0505902 -0.0903832 0.0504066 -0.113503 0.0503699 -0.136285 0.050711 -0.159282 0.0512549 
3.66 -0.324093 -0.0668539 -0.351994 -0.0666326 -0.379724 -0.0665295 -0.407886 -0.0666381 -0.436045 -0.0668721 -0.463488 -0.0665871 -0.491119 -0.066089 
3.826 0.112834 -0.387358 0.0856702 -0.386954 0.0587451 -0.386583 0.0315404 -0.386721 0.00476376 -0.386831 -0.0218167 -0.386135 -0.0483772 -0.385466 
4.023 -0.205616 0.00916313 -0.230003 0.00947094 -0.254278 0.00967044 -0.279059 0.0096363 -0.303806 0.0095973 -0.328036 0.00998411 -0.352443 0.0105274 
3.881 0.0375017 -0.136022 0.0116747 -0.135753 -0.0137376 -0.135541 -0.0394535 -0.135739 -0.0652883 -0.135792 -0.0910635 -0.135431 -0.116662 -0.134833 
2.645 -0.396685 0.247487 -0.43466 0.247936 -0.472366 0.248244 -0.510476 0.24838 -0.548584 0.248313 -0.58558 0.248605 -0.622634 0.24895 
3.814 -0.303547 -0.223682 -0.330858 -0.223386 -0.357975 -0.223257 -0.385651 -0.223437 -0.413172 -0.223781 -0.439997 -0.223466 -0.46697 -0.222883 
3.957 -0.223421 0.013957 -0.250548 0.0142453 -0.276965 0.0144289 -0.304094 0.0143912 -0.330801 0.0143389 -0.357631 0.0147052 -0.384444 0.0152441 
3.354 -0.220682 0.165991 -0.250527 0.166458 -0.280234 0.166952 -0.310281 0.167242 -0.340529 0.167698 -0.370074 0.168027 -0.399807 0.168518 
3.314 -0.422709 -0.209985 -0.453368 -0.209777 -0.483837 -0.209707 -0.514655 -0.209795 -0.545129 -0.210003 -0.574901 -0.209614 -0.604523 -0.208965 
3.383 -0.396001 -0.0949322 -0.426271 -0.0947432 -0.456219 -0.0946855 -0.486789 -0.0948313 -0.517219 -0.0951022 -0.546886 -0.0946447 -0.576535 -0.0939717 
2.801 -0.306972 0.25639 -0.343616 0.256912 -0.380179 0.2574 -0.417009 0.25755 -0.454108 0.257699 -0.490461 0.258043 -0.526885 0.25872 
3.238 -0.437091 -0.108629 -0.468559 -0.108312 -0.499813 -0.108165 -0.531552 -0.108195 -0.563052 -0.108376 -0.593654 -0.108047 -0.624263 -0.107499 
4.094 -0.16795 -0.0271333 -0.191982 -0.0267756 -0.215697 -0.0266596 -0.239568 -0.0267677 -0.263398 -0.0269019 -0.26586 -0.0261952 -0.287925 -0.0256892 
3.797 0.10804 -0.015491 0.0810654 -0.0150941 0.0544571 -0.0149442 0.0276243 -0.0148788 0.000988795 -0.0148522 -0.0254307 -0.0144006 -0.0519348 -0.0138851 
3.58 -0.159732 0.179688 -0.188762 0.180278 -0.217743 0.180711 -0.247187 0.180905 -0.276752 0.181262 -0.305717 0.18179 -0.334838 0.18234 
3.912 -0.261772 -0.0545268 -0.288066 -0.0542591 -0.31416 -0.0541582 -0.340685 -0.054242 -0.367084 -0.0543817 -0.392956 -0.0540906 -0.419068 -0.0536712 
3.014 0.313491 -0.0285029 0.27886 -0.028016 0.244676 -0.027767 0.210625 -0.0279654 0.17658 -0.0276688 0.142806 -0.0271428 0.108932 -0.0263894 
2.744 -0.314505 0.23242 -0.351708 0.232859 -0.388501 0.233127 -0.425821 0.23322 -0.463419 0.233289 -0.50023 0.233612 -0.536936 0.234086 
3.383 -0.389152 -0.032612 -0.419378 -0.032358 -0.449499 -0.0322499 -0.480062 -0.0322553 -0.510583 -0.0323944 -0.540318 -0.0321798 -0.570188 -0.03169 
3.293 0.342254 -0.00932749 0.307069 -0.00906946 0.272017 -0.00884914 0.236907 -0.00906273 0.202092 -0.00884045 0.167517 -0.00819005 0.133207 -0.00735837 
3.141 -0.45969 -0.0613752 -0.491947 -0.0612377 -0.524013 -0.061143 -0.556469 -0.0612528 -0.588665 -0.0616254 -0.61999 -0.0613591 -0.651235 -0.0609318 
3.328 0.36143 -0.00864265 0.329072 -0.00837075 0.297115 -0.00814169 0.264777 -0.00840456 0.232589 -0.0082359 0.200856 -0.00758292 0.169217 -0.00687145 
3.564 -0.174798 0.176264 -0.204293 0.176764 -0.233497 0.177123 -0.263233 0.177302 -0.293101 0.177518 -0.322313 0.177992 -0.351623 0.178612 
3.549 -0.35765 -0.161361 -0.386554 -0.161179 -0.41502 -0.161079 -0.444024 -0.161242 -0.472808 -0.161497 -0.501124 -0.161202 -0.529337 -0.160733 
3.314 0.401835 -0.00864265 0.369442 -0.00840461 0.337303 -0.00819373 0.305007 -0.00845748 0.272883 -0.00823682 0.241019 -0.00761803 0.209189 -0.00684767 
3.688 -0.156992 0.0399808 -0.185353 0.0402093 -0.213276 0.0403638 -0.241806 0.0402814 -0.27044 0.0401711 -0.298547 0.0404866 -0.326648 0.0409482 
3.438 -0.378195 -0.0887687 -0.407874 -0.0884973 -0.437368 -0.0884853 -0.467354 -0.088624 -0.49724 -0.0889112 -0.526412 -0.0885589 -0.555667 -0.08803 
3.936 -0.276839 -0.222312 -0.30282 -0.222097 -0.32866 -0.222006 -0.354931 -0.222211 -0.381126 -0.222504 -0.406601 -0.222175 -0.432474 -0.221769 
3.898 -0.267936 -0.0675387 -0.294558 -0.0673913 -0.320898 -0.0672955 -0.34767 -0.0673804 -0.374423 -0.0675093 -0.400538 -0.0672896 -0.426862 -0.0667278 
2.65 -0.381619 0.247487 -0.419827 0.247916 -0.457742 0.24839 -0.495879 0.248508 -0.53438 0.248469 -0.571616 0.248624 -0.608725 0.249043 
4 -0.265881 -0.234639 -0.291556 -0.234439 -0.317001 -0.234436 -0.342946 -0.234717 -0.368749 -0.235061 -0.393907 -0.234793 -0.419328 -0.234381 
3.209 -0.437776 -0.0675387 -0.469417 -0.0672148 -0.500758 -0.0670471 -0.532685 -0.0670611 -0.564393 -0.0672283 -0.595203 -0.0669486 -0.626085 -0.0664664 
4.152 -0.116587 -0.0497329 -0.140305 -0.049526 -0.164085 -0.0496145 -0.18823 -0.0499402 -0.212447 -0.0503318 -0.236197 -0.0502136 -0.260263 -0.0500304 
2.938 -0.346692 0.132434 -0.380089 0.132939 -0.413314 0.13326 -0.446924 0.133409 -0.480686 0.133465 -0.513662 0.133797 -0.546776 0.134363 
3.619 0.377181 -0.0456239 0.344959 -0.0453457 0.31303 -0.0450856 0.280945 -0.0453268 0.248935 -0.0451061 0.217362 -0.0445764 0.185855 -0.0436664 
3.26 -0.426818 -0.0250788 -0.4583 -0.0248308 -0.489519 -0.0246935 -0.521255 -0.0247379 -0.552867 -0.0248985 -0.583507 -0.024707 -0.614291 -0.024228 
3.805 0.0991371 -0.346268 0.0723532 -0.345777 0.0456255 -0.345494 0.0185521 -0.345642 -0.00820636 -0.345772 -0.0345004 -0.345284 -0.0610035 -0.344545 
3.342 -0.402849 -0.0805506 -0.433445 -0.0802645 -0.463812 -0.0801493 -0.494534 -0.0801829 -0.525249 -0.0803864 -0.555148 -0.0801755 -0.585148 -0.0797135 
3.635 -0.185755 0.102986 -0.214615 0.10336 -0.243182 0.103752 -0.272263 0.103869 -0.301513 0.103884 -0.330162 0.104202 -0.358776 0.104916 
3.926 0.0402411 0.0639501 0.0142224 0.0641474 -0.0114807 0.0643148 -0.0374279 0.0642566 -0.0633577 0.064385 -0.0890768 0.0646488 -0.114879 0.0653469 
3.871 -0.279578 -0.146295 -0.306015 -0.146073 -0.33225 -0.146012 -0.359021 -0.146104 -0.385734 -0.146417 -0.411808 -0.146101 -0.438071 -0.145753 
3.703 -0.276154 0.0324476 -0.304849 0.0328242 -0.333347 0.0330269 -0.362195 0.033088 -0.391059 0.0331462 -0.41942 0.0336502 -0.447893 0.0340755 
3.818 0.114888 -0.35791 0.087708 -0.357408 0.0607306 -0.357123 0.0336164 -0.357376 0.00688921 -0.357616 -0.0197301 -0.356882 -0.0462396 -0.356327 
3.158 -0.454897 -0.0750719 -0.487235 -0.074745 -0.519245 -0.0746017 -0.551687 -0.0746045 -0.583954 -0.0747685 -0.615237 -0.0744718 -0.646482 -0.0739727 
3.771 -0.16658 0.0269689 -0.194718 0.027278 -0.22259 0.0274747 -0.251028 0.0274404 -0.279472 0.027426 -0.30745 0.0277593 -0.335461 0.0282996 
4.234 -0.225476 -0.197658 -0.249658 -0.197603 -0.273541 -0.197611 -0.297937 -0.197737 -0.322259 -0.198163 -0.345881 -0.197737 -0.369716 -0.197195 
3.168 -0.453527 -0.100411 -0.485947 -0.100177 -0.518119 -0.100085 -0.550592 -0.100138 -0.582783 -0.100336 -0.614181 -0.100062 -0.64546 -0.0995424 
3.625 0.401151 -0.036721 0.368553 -0.0363484 0.336154 -0.0361016 0.303555 -0.0363094 0.271162 -0.0361018 0.239036 -0.0354578 0.207086 -0.0345566 
3.885 -0.272045 -0.0826051 -0.298752 -0.0824331 -0.325048 -0.0823713 -0.351957 -0.0824747 -0.378686 -0.0826702 -0.404828 -0.0824204 -0.431267 -0.0820725 
3.811 0.101192 0.0119025 0.0743908 0.0121332 0.047878 0.0123142 0.0210062 0.0120877 -0.00549029 0.0122033 -0.0318261 0.0126319 -0.0582945 0.0131571 
3.604 -0.337789 -0.0709629 -0.366356 -0.0705896 -0.394706 -0.0703569 -0.423635 -0.0703013 -0.452417 -0.0703966 -0.480566 -0.0699751 -0.508941 -0.0693343 
3.381 -0.409012 -0.301068 -0.438975 -0.300812 -0.46871 -0.30068 -0.498921 -0.300732 -0.528747 -0.300917 -0.557631 -0.300326 -0.586552 -0.299569 
3.801 0.108725 -0.318874 0.0816217 -0.318381 0.0549281 -0.318077 0.027691 -0.318351 0.000850941 -0.318544 -0.0254723 -0.317885 -0.0520899 -0.317272 
4.398 -0.0378304 0.0666895 -0.0609546 0.0669678 -0.083771 0.067078 -0.107185 0.0670046 -0.130496 0.0670402 -0.153316 0.0674005 -0.17656 0.0680552 
3.779 -0.317244 0.0235447 -0.344251 0.0237779 -0.371079 0.0239374 -0.398393 0.0237854 -0.42569 0.0235782 -0.452341 0.02383 -0.479295 0.024276 
3.812 0.0854404 -0.0743871 0.0588512 -0.0741446 0.0326029 -0.0739987 0.00603868 -0.0742192 -0.0204772 -0.0741611 -0.0465906 -0.0737389 -0.0727803 -0.0731061 
3.637 -0.185071 0.0413505 -0.213771 0.0415691 -0.242379 0.0417239 -0.271364 0.0416522 -0.300422 0.0416757 -0.328954 0.0422231 -0.357566 0.0426919 
3.602 -0.247391 0.0440899 -0.276339 0.0443325 -0.305162 0.044558 -0.334223 0.0444752 -0.363385 0.0443839 -0.392055 0.0446543 -0.420842 0.0452609 
3.92 0.0169566 -0.135338 -0.00870477 -0.13514 -0.0345028 -0.134922 -0.0605544 -0.135141 -0.0863194 -0.135193 -0.111431 -0.135053 -0.137044 -0.134422 
2.588 -0.422709 0.259129 -0.4609 0.259539 -0.499158 0.259835 -0.537471 0.259848 -0.575668 0.259635 -0.613166 0.259672 -0.650622 0.259841 
3.377 -0.408328 -0.279838 -0.438213 -0.2796 -0.468037 -0.27946 -0.498225 -0.279531 -0.528025 -0.279693 -0.556942 -0.2792 -0.585773 -0.278492 
3.818 0.105985 0.0365566 0.0791354 0.0367783 0.052529 0.0368623 0.0256781 0.0367807 -0.000973551 0.0368105 -0.0273312 0.0371624 -0.0537125 0.0379488 
3.625 -0.339844 -0.131229 -0.368055 -0.130997 -0.396121 -0.130919 -0.42449 -0.131035 -0.452668 -0.131292 -0.48056 -0.131005 -0.508496 -0.130582 
3.834 0.0943432 0.0536776 0.0675115 0.053901 0.0410474 0.0541978 0.014499 0.054175 -0.0123089 0.0543333 -0.0386222 0.0547609 -0.0648468 0.0552412 
3.391 -0.392576 -0.109999 -0.422652 -0.109839 -0.452545 -0.109762 -0.482926 -0.109922 -0.5132 -0.11015 -0.542743 -0.109798 -0.572286 -0.109295 
