4.078 -0.181646 -0.032612 -0.205988 -0.0324058 -0.23014 -0.032339 -0.254747 -0.0325413 -0.279279 -0.0326871 -0.303259 -0.0323703 -0.327445 -0.0319515 
4.102 -0.115902 -0.0196001 -0.139417 -0.0194316 -0.162755 -0.0192317 -0.186515 -0.0194156 -0.210304 -0.0194279 -0.233731 -0.0189715 -0.257498 -0.0185502 
2.883 -0.35765 0.141337 -0.391906 0.141689 -0.425903 0.141983 -0.460274 0.142117 -0.494786 0.142139 -0.528552 0.142557 -0.562365 0.14293 
3.568 -0.340529 -0.0353513 -0.369247 -0.0351464 -0.397761 -0.0350209 -0.42679 -0.0351159 -0.455681 -0.0352723 -0.484021 -0.0349913 -0.512488 -0.0345226 
4.047 -0.156307 -0.0175455 -0.178343 -0.0172504 -0.200301 -0.0171401 -0.22263 -0.0172274 -0.244892 -0.0172885 -0.26681 -0.0170043 -0.288813 -0.0164747 
3.316 0.42238 -0.00521846 0.393321 -0.0049535 0.364647 -0.00476486 0.335655 -0.0050284 0.306926 -0.0048592 0.278336 -0.00415931 0.249723 -0.00355486 
2.797 0.624408 -0.120956 0.588268 -0.120571 0.552769 -0.120379 0.516382 -0.1207 0.480751 -0.120339 0.444586 -0.119433 0.409118 -0.118484 
4.055 -0.182331 -0.015491 -0.20662 -0.0152424 -0.230708 -0.0151398 -0.255361 -0.0152487 -0.27995 -0.0153247 -0.303989 -0.0149736 -0.32829 -0.0144631 
3.727 -0.143295 0.072853 -0.170333 0.0731286 -0.197055 0.0733848 -0.224175 0.0733656 -0.251458 0.0734162 -0.278323 0.0738536 -0.305268 0.0744286 
4.445 -0.0556362 0.0269689 -0.0787083 0.0272016 -0.101664 0.0273301 -0.124951 0.0272079 -0.148207 0.0271889 -0.170999 0.0276767 -0.19407 0.0281423 
3.6 -0.0570059 0.0975072 -0.0797841 0.0977494 -0.102238 0.0979396 -0.125088 0.0978301 -0.147901 0.097918 -0.170414 0.0984594 -0.192944 0.0989914 
3.279 -0.4186 -0.0531571 -0.449899 -0.0528738 -0.481071 -0.0527307 -0.512688 -0.0527592 -0.544149 -0.0529896 -0.574739 -0.0525976 -0.605382 -0.0521815 
3.912 -0.0843994 0.068744 -0.108752 0.0690222 -0.133036 0.0692199 -0.157623 0.0690603 -0.182249 0.0690551 -0.206531 0.0695238 -0.230816 0.070009 
4.215 -0.191234 -0.0784961 -0.215917 -0.0783596 -0.240409 -0.0783073 -0.26531 -0.0785018 -0.289768 -0.0786533 -0.31383 -0.0783658 -0.33821 -0.0779237 
4.156 -0.12412 -0.0798658 -0.148184 -0.0796429 -0.172158 -0.0795641 -0.196598 -0.0798093 -0.221027 -0.0800236 -0.244967 -0.0796628 -0.269009 -0.0792472 
2.943 -0.386413 0.144761 -0.421135 0.145299 -0.455694 0.145666 -0.490696 0.145826 -0.525744 0.145849 -0.559946 0.146246 -0.594152 0.146715 
4.082 -0.133023 -0.0216546 -0.155336 -0.0215159 -0.177448 -0.0214196 -0.19993 -0.0214944 -0.222205 -0.0215178 -0.244335 -0.0211646 -0.266645 -0.020624 
2.922 -0.374771 0.135858 -0.40861 0.136289 -0.442419 0.136691 -0.476504 0.136855 -0.510707 0.136897 -0.544189 0.137316 -0.57772 0.137787 
4.145 -0.139186 -0.0798658 -0.16351 -0.0796778 -0.187588 -0.0796197 -0.21221 -0.0798631 -0.236647 -0.0800453 -0.260712 -0.0797214 -0.284863 -0.079301 
3.564 -0.269306 0.047514 -0.298212 0.0478519 -0.326957 0.0480449 -0.356025 0.0479999 -0.38522 0.0479688 -0.413767 0.0483454 -0.442399 0.0489094 
3.484 -0.364498 -0.044939 -0.393889 -0.0445976 -0.423109 -0.0444726 -0.452784 -0.0445221 -0.482444 -0.0446835 -0.511328 -0.0443799 -0.540367 -0.0440162 
2.951 0.484701 -0.0127517 0.449653 -0.0124834 0.41529 -0.0123339 0.380503 -0.0126058 0.345871 -0.0123824 0.31171 -0.0117809 0.277548 -0.0111237 
3.695 -0.304917 -0.0332968 -0.332575 -0.0330096 -0.359988 -0.032852 -0.387897 -0.0329409 -0.415719 -0.0331227 -0.442937 -0.0327406 -0.470306 -0.0322818 
2.832 -0.381619 0.157773 -0.416587 0.158187 -0.451348 0.158446 -0.486553 0.158579 -0.521787 0.158532 -0.556176 0.158902 -0.590586 0.159232 
2.781 0.629886 -0.0442542 0.594381 -0.0441475 0.558202 -0.0439704 0.522024 -0.0442377 0.485974 -0.044079 0.449796 -0.0432169 0.414107 -0.0426708 
3.979 -0.0707026 0.0406657 -0.0950449 0.0408707 -0.118874 0.0409787 -0.143368 0.0409763 -0.167646 0.0409726 -0.191885 0.0414153 -0.216132 0.041985 
3.225 -0.452157 -0.219573 -0.483649 -0.219313 -0.51481 -0.219175 -0.546428 -0.219183 -0.577617 -0.219336 -0.607851 -0.218756 -0.638044 -0.218101 
3.277 0.450459 -0.125065 0.416798 -0.124842 0.383269 -0.124689 0.349296 -0.124833 0.315678 -0.124703 0.282257 -0.123811 0.248975 -0.123111 
3.225 -0.433667 -0.0531571 -0.465229 -0.0528327 -0.496644 -0.0526711 -0.52853 -0.0527015 -0.560145 -0.0528847 -0.591039 -0.0525349 -0.621814 -0.0521479 
4.02 -0.0583756 0.0735379 -0.0810848 0.0737577 -0.10356 0.0738396 -0.126526 0.0736736 -0.149354 0.0736255 -0.171928 0.0739765 -0.195416 0.0745768 
3.201 -0.259033 0.100931 -0.292104 0.101385 -0.325 0.101732 -0.358263 0.101828 -0.391525 0.101893 -0.42431 0.102382 -0.457188 0.102928 
3.943 -0.115217 0.0173812 -0.14028 0.0176991 -0.16517 0.0179508 -0.190636 0.0178982 -0.215946 0.0179307 -0.240999 0.0184335 -0.266202 0.0188691 
3.592 0.465525 -0.128489 0.437241 -0.128537 0.409197 -0.128553 0.380808 -0.129108 0.352683 -0.129253 0.324779 -0.128793 0.296722 -0.128555 
3.014 -0.254239 0.169415 -0.287166 0.16981 -0.320312 0.170069 -0.353878 0.170148 -0.387557 0.170179 -0.420659 0.170557 -0.454036 0.171118 
3.264 -0.432982 -0.184646 -0.464063 -0.184393 -0.494947 -0.184287 -0.526333 -0.184386 -0.55733 -0.184639 -0.587442 -0.184185 -0.617505 -0.183639 
4.031 -0.153568 0.000260238 -0.177294 0.000504011 -0.201156 0.000570806 -0.224818 0.000405072 -0.248359 0.000294054 -0.271717 0.000660674 -0.295269 0.00120093 
3.373 -0.406273 -0.177113 -0.43642 -0.176855 -0.466302 -0.176773 -0.496812 -0.1769 -0.527057 -0.177163 -0.556415 -0.176763 -0.585889 -0.17623 
3.781 -0.307656 -0.183276 -0.334976 -0.183166 -0.362154 -0.183209 -0.38986 -0.183492 -0.417376 -0.183859 -0.444274 -0.18361 -0.471338 -0.183352 
3.486 -0.371346 -0.170264 -0.400429 -0.17003 -0.429291 -0.169975 -0.45874 -0.170123 -0.488013 -0.170457 -0.516598 -0.17007 -0.545198 -0.169645 
3.748 -0.29396 0.0146418 -0.321402 0.0149448 -0.34864 0.0150891 -0.376306 0.0150706 -0.403898 0.0150148 -0.430945 0.0153063 -0.458215 0.0157991 
3.719 -0.321353 -0.198343 -0.34864 -0.198151 -0.375716 -0.198069 -0.403257 -0.198212 -0.430551 -0.198473 -0.457357 -0.198135 -0.484507 -0.197776 
3.645 0.305958 -0.109999 0.271326 -0.109489 0.236965 -0.109119 0.202515 -0.109447 0.168541 -0.109422 0.134834 -0.1091 0.101088 -0.108197 
3.471 -0.367922 -0.0764416 -0.397259 -0.0761657 -0.42641 -0.0760128 -0.456047 -0.0760715 -0.485603 -0.0762003 -0.514421 -0.0759184 -0.54337 -0.0754848 
3.658 0.371703 -0.0757567 0.339098 -0.0753696 0.306906 -0.075074 0.274436 -0.075202 0.242207 -0.0748981 0.210391 -0.0740839 0.178573 -0.0732425 
3.645 -0.33505 -0.192864 -0.362851 -0.192677 -0.390418 -0.19262 -0.418608 -0.192799 -0.446284 -0.193066 -0.473717 -0.192758 -0.501196 -0.19238 
3.158 -0.45969 -0.12438 -0.491958 -0.124126 -0.523927 -0.123973 -0.556291 -0.124008 -0.588404 -0.124198 -0.619545 -0.123786 -0.650587 -0.123247 
3.32 -0.419285 -0.1867 -0.449785 -0.186462 -0.480197 -0.186346 -0.511168 -0.186465 -0.54176 -0.186702 -0.571576 -0.186336 -0.601276 -0.185759 
3.564 -0.360389 -0.201082 -0.389108 -0.200936 -0.417585 -0.200899 -0.446382 -0.201056 -0.474957 -0.201337 -0.503172 -0.201007 -0.531405 -0.200615 
3.428 -0.213149 0.179688 -0.243088 0.180051 -0.272923 0.180251 -0.302915 0.180225 -0.332982 0.180281 -0.362535 0.180661 -0.392253 0.181225 
2.861 -0.347377 0.152294 -0.381605 0.152745 -0.415699 0.153071 -0.45022 0.153173 -0.484856 0.153154 -0.51889 0.153484 -0.553087 0.153859 
3.23 -0.446679 -0.192179 -0.478167 -0.191988 -0.509366 -0.191829 -0.541138 -0.191887 -0.572426 -0.192061 -0.602826 -0.191533 -0.633149 -0.190926 
3.293 -0.431612 -0.222312 -0.462482 -0.222097 -0.493028 -0.221985 -0.524128 -0.222075 -0.554667 -0.222258 -0.584496 -0.221788 -0.614226 -0.221191 
3.967 -0.156992 0.0146418 -0.182564 0.0149423 -0.208026 0.0151751 -0.233882 0.015131 -0.259569 0.0150548 -0.284787 0.015472 -0.310111 0.0158709 
4.043 -0.139186 0.00573894 -0.164518 0.00596002 -0.18953 0.00609787 -0.214954 0.00589084 -0.240264 0.00576147 -0.26514 0.00613507 -0.290128 0.00657869 
3.18 -0.463115 -0.188755 -0.495145 -0.188509 -0.526846 -0.188361 -0.558985 -0.18836 -0.590745 -0.188513 -0.621448 -0.187987 -0.652148 -0.187306 
3.438 0.386084 -0.032612 0.353097 -0.0323614 0.32054 -0.0321329 0.287758 -0.0323246 0.255086 -0.0320962 0.222775 -0.0313456 0.190337 -0.0306836 
3.387 -0.406273 -0.211355 -0.436355 -0.211132 -0.466183 -0.211046 -0.496516 -0.211166 -0.526514 -0.211414 -0.555781 -0.210997 -0.584995 -0.210455 
3.596 0.299795 -0.0784961 0.268016 -0.0781416 0.236482 -0.0777742 0.204636 -0.077889 0.173275 -0.0775756 0.14167 -0.0768124 0.108462 -0.0759206 
3.684 -0.311081 -0.0463087 -0.338811 -0.0460754 -0.366269 -0.0459263 -0.394209 -0.0459879 -0.422105 -0.046133 -0.449368 -0.0458108 -0.476793 -0.045364 
3.955 -0.183701 0.0132722 -0.2096 0.0135005 -0.235107 0.0135105 -0.261181 0.0132374 -0.287227 0.0129716 -0.312729 0.0131386 -0.338333 0.013295 
4.164 -0.110423 -0.0757567 -0.134177 -0.075523 -0.157949 -0.0754409 -0.182201 -0.0757205 -0.206552 -0.0759591 -0.230349 -0.0755096 -0.254399 -0.0751224 
4.043 -0.230955 -0.0305575 -0.25604 -0.0302791 -0.280985 -0.030192 -0.306327 -0.0302549 -0.331625 -0.0303832 -0.356399 -0.0301055 -0.381339 -0.029691 
3.785 -0.277524 0.0187509 -0.30582 0.0189793 -0.333868 0.0191185 -0.362363 0.0190693 -0.390877 0.0189738 -0.418873 0.0193342 -0.446972 0.0197963 
3.453 -0.383673 -0.179167 -0.413155 -0.178944 -0.442273 -0.178851 -0.472149 -0.17903 -0.501752 -0.179296 -0.530625 -0.178944 -0.559506 -0.178518 
3.609 -0.345323 -0.203821 -0.373645 -0.2037 -0.401575 -0.203653 -0.429965 -0.203814 -0.458049 -0.204083 -0.485653 -0.203758 -0.513501 -0.203409 
3.443 -0.389837 -0.212039 -0.419426 -0.211846 -0.44867 -0.211745 -0.478502 -0.21188 -0.508006 -0.212159 -0.5369 -0.211766 -0.565712 -0.211268 
3.904 -0.239858 0.0153267 -0.268043 0.0156528 -0.296179 0.0158428 -0.324718 0.0158227 -0.353156 0.0157732 -0.381153 0.0161784 -0.40907 0.0166091 
2.957 -0.269306 0.152294 -0.303338 0.152766 -0.337038 0.153022 -0.37127 0.153107 -0.405607 0.153175 -0.439352 0.153667 -0.473177 0.154172 
2.697 -0.332311 0.225572 -0.370752 0.225971 -0.408916 0.226385 -0.447499 0.226601 -0.486293 0.226645 -0.524247 0.226972 -0.562143 0.227381 
3.68 -0.157677 0.0742227 -0.185339 0.0745492 -0.212892 0.0747737 -0.240575 0.0748211 -0.26844 0.0748598 -0.295803 0.0752598 -0.323339 0.0758309 
3.301 0.387454 0.0112176 0.355284 0.0112374 0.323349 0.0112848 0.291163 0.0109701 0.259178 0.0110001 0.227484 0.0114032 0.19591 0.0117749 
3.457 -0.37614 -0.133968 -0.405312 -0.133539 -0.434342 -0.133316 -0.464098 -0.133375 -0.493586 -0.133572 -0.522327 -0.133253 -0.551187 -0.132735 
3.605 -0.343953 -0.14561 -0.372281 -0.145408 -0.400276 -0.14531 -0.428896 -0.145448 -0.457318 -0.145742 -0.485155 -0.145416 -0.513073 -0.145028 
3.346 0.360745 0.0105328 0.328486 0.0106588 0.296449 0.0108195 0.264016 0.01057 0.231821 0.0106664 0.200033 0.0111215 0.168367 0.0116215 
3.168 -0.461745 -0.151089 -0.493964 -0.150846 -0.525846 -0.150697 -0.55804 -0.150678 -0.590012 -0.150841 -0.620974 -0.150329 -0.651992 -0.14982 
3.482 -0.213834 0.155718 -0.243594 0.156063 -0.273141 0.15635 -0.303003 0.156381 -0.332945 0.156421 -0.36241 0.156811 -0.391982 0.15738 
4.09 -0.118641 0.00231475 -0.143334 0.00245674 -0.167873 0.00247743 -0.192731 0.00225882 -0.217484 0.00212799 -0.241906 0.00246832 -0.266509 0.00274959 
3.369 -0.402164 -0.162046 -0.43241 -0.161809 -0.462375 -0.161698 -0.492871 -0.161821 -0.522975 -0.162041 -0.552397 -0.161697 -0.581782 -0.161209 
3.66 -0.326832 -0.110683 -0.354693 -0.110448 -0.382545 -0.11035 -0.410805 -0.110484 -0.438872 -0.110685 -0.466358 -0.110371 -0.494031 -0.109948 
3.375 -0.410382 -0.246281 -0.440463 -0.246046 -0.470296 -0.245984 -0.500692 -0.246145 -0.530729 -0.246366 -0.559879 -0.245892 -0.589057 -0.245289 
4.07 -0.246021 -0.161361 -0.271275 -0.161159 -0.296315 -0.16113 -0.321819 -0.161342 -0.347131 -0.161592 -0.371976 -0.161273 -0.396922 -0.160919 
3.285 -0.42134 -0.0819203 -0.452588 -0.0816139 -0.483729 -0.081609 -0.515302 -0.0816737 -0.546713 -0.0819978 -0.577195 -0.0816985 -0.607746 -0.0812483 
3.672 -0.329571 -0.140816 -0.357487 -0.140607 -0.385189 -0.140499 -0.413345 -0.140638 -0.441391 -0.140906 -0.468776 -0.140572 -0.496331 -0.14016 
3.25 -0.437091 -0.144925 -0.46834 -0.144661 -0.499411 -0.14454 -0.530886 -0.144575 -0.562146 -0.14475 -0.59249 -0.144272 -0.622813 -0.143756 
3.615 0.346364 -0.0428845 0.311455 -0.0422637 0.276784 -0.0419229 0.241959 -0.0420414 0.207224 -0.0417473 0.17295 -0.0409108 0.138754 -0.0398728 
3.277 -0.424079 -0.116162 -0.455301 -0.115967 -0.486381 -0.115918 -0.517878 -0.115913 -0.549148 -0.116039 -0.579544 -0.115632 -0.609929 -0.115005 
3.754 -0.111793 0.172154 -0.140388 0.172483 -0.169006 0.172717 -0.197789 0.17273 -0.226828 0.172808 -0.255267 0.173359 -0.283752 0.173968 
3.924 0.0149021 -0.0963019 -0.0107024 -0.0961049 -0.0360783 -0.0958855 -0.0619498 -0.0961073 -0.087535 -0.0961306 -0.112796 -0.0958249 -0.138249 -0.0952727 
4.211 -0.152883 -0.0826051 -0.177028 -0.0824355 -0.2013 -0.0823813 -0.226009 -0.0825975 -0.250488 -0.0827793 -0.274517 -0.0824612 -0.298788 -0.0820852 
2.781 0.630571 -0.146295 0.596506 -0.146111 0.562503 -0.145911 0.528193 -0.146187 0.49386 -0.145908 0.459637 -0.145015 0.425415 -0.143989 
4.02 -0.165895 -0.00727298 -0.188437 -0.00694251 -0.210875 -0.00678894 -0.233757 -0.00686623 -0.256656 -0.00693954 -0.279029 -0.00659905 -0.301494 -0.00611146 
4.148 -0.00495822 0.0755924 -0.0365513 0.0759555 -0.0682176 0.0762037 -0.100653 0.0760877 -0.132671 0.0762844 -0.164459 0.0768579 -0.190416 0.077521 
3.568 -0.188495 0.159143 -0.217996 0.159502 -0.247171 0.15979 -0.276705 0.159849 -0.30636 0.159903 -0.335625 0.160305 -0.364945 0.160895 
3.549 0.310752 -0.0689084 0.27885 -0.0685003 0.24652 -0.068258 0.212506 -0.0685379 0.178307 -0.0681843 0.14443 -0.0673404 0.110935 -0.0665419 
4.062 -0.191919 -0.00453363 -0.216076 -0.00427414 -0.240084 -0.00415196 -0.264534 -0.00432768 -0.288954 -0.00452853 -0.312921 -0.004259 -0.337071 -0.00423539 
3.904 -0.273415 -0.166155 -0.299664 -0.165977 -0.325691 -0.165822 -0.352245 -0.165977 -0.378574 -0.166238 -0.404374 -0.165895 -0.43031 -0.165567 
3.404 -0.395316 -0.149719 -0.425452 -0.149484 -0.455318 -0.149363 -0.485751 -0.149483 -0.515842 -0.149681 -0.545252 -0.149326 -0.574597 -0.148888 
2.836 -0.365868 0.157773 -0.4005 0.158243 -0.434959 0.158594 -0.469763 0.158741 -0.50468 0.158779 -0.538947 0.159164 -0.573048 0.159611 
3.557 0.312806 -0.0497329 0.280246 -0.0494412 0.248169 -0.0492575 0.214315 -0.0494112 0.179961 -0.0492013 0.14623 -0.0485004 0.112547 -0.0477834 
3.596 -0.341214 -0.114108 -0.369489 -0.113863 -0.397598 -0.113744 -0.42627 -0.113879 -0.454807 -0.114123 -0.482597 -0.113799 -0.510747 -0.113392 
3.502 -0.380249 -0.244227 -0.409416 -0.243976 -0.438423 -0.243922 -0.467929 -0.244038 -0.497145 -0.244336 -0.525546 -0.243895 -0.554009 -0.243378 
3.539 -0.359704 -0.138762 -0.388443 -0.138509 -0.416959 -0.138411 -0.44603 -0.138574 -0.474874 -0.138873 -0.503155 -0.138496 -0.531453 -0.138087 
3.293 -0.415176 -0.0250788 -0.446542 -0.0248691 -0.477754 -0.0247632 -0.5094 -0.0248252 -0.540966 -0.0250512 -0.571645 -0.0246903 -0.602438 -0.024348 
3.852 -0.260403 0.0160115 -0.288394 0.0163652 -0.316261 0.0165176 -0.344564 0.016488 -0.372814 0.0164438 -0.400532 0.0167288 -0.428352 0.0172139 
3.621 -0.326832 -0.04083 -0.355208 -0.0405732 -0.383336 -0.0404311 -0.41197 -0.0405062 -0.440567 -0.0406771 -0.468542 -0.0403566 -0.496749 -0.0399283 
3.984 -0.263827 -0.214094 -0.289502 -0.213902 -0.315016 -0.213878 -0.340983 -0.214134 -0.36673 -0.214431 -0.391942 -0.214113 -0.417356 -0.21373 
3.596 -0.111793 0.193384 -0.14046 0.193822 -0.169002 0.194123 -0.197921 0.194194 -0.227061 0.194376 -0.255567 0.194958 -0.284187 0.195491 
3.891 0.0251746 -0.155883 -0.000577588 -0.155557 -0.0262013 -0.155335 -0.0521874 -0.1555 -0.0779924 -0.155608 -0.103365 -0.155264 -0.128988 -0.154789 
3.699 -0.324093 -0.154513 -0.351745 -0.154264 -0.379207 -0.154201 -0.407129 -0.154337 -0.43496 -0.154609 -0.462021 -0.154248 -0.489537 -0.153911 
3.15 -0.456951 -0.0374058 -0.489528 -0.0370034 -0.521767 -0.0367355 -0.554534 -0.0366909 -0.587033 -0.0369215 -0.618529 -0.0363951 -0.650054 -0.0360087 
3.182 -0.230955 0.158458 -0.262941 0.159021 -0.292972 0.159043 -0.32306 0.159099 -0.353233 0.159108 -0.382787 0.159546 -0.412603 0.160232 
3.547 -0.351486 -0.0969867 -0.380336 -0.0967521 -0.408924 -0.0966493 -0.438084 -0.096761 -0.466982 -0.097013 -0.495466 -0.0966935 -0.523947 -0.0962908 
3.707 -0.318614 -0.123695 -0.346255 -0.123475 -0.373637 -0.123381 -0.401483 -0.123526 -0.42929 -0.123786 -0.456365 -0.123439 -0.483737 -0.123092 
3.01 -0.253554 0.155034 -0.287248 0.155373 -0.320728 0.155646 -0.354553 0.155663 -0.388593 0.155633 -0.421971 0.156049 -0.455484 0.156565 
3.176 -0.464484 -0.234639 -0.496538 -0.234396 -0.528026 -0.234234 -0.559782 -0.234231 -0.591217 -0.234334 -0.621705 -0.233718 -0.651902 -0.232933 
2.994 0.466895 -0.0264484 0.439204 -0.0260248 0.410896 -0.0258018 0.376589 -0.0259833 0.342215 -0.0256399 0.30838 -0.0248952 0.274794 -0.024134 
3.627 -0.328886 -0.0552116 -0.357155 -0.0549859 -0.385226 -0.0548733 -0.413684 -0.0549329 -0.442097 -0.0550249 -0.469916 -0.0547586 -0.497802 -0.0543426 
3.461 -0.364498 -0.0216546 -0.393947 -0.0213823 -0.423204 -0.0212752 -0.452959 -0.0213471 -0.482664 -0.0215493 -0.511637 -0.0211779 -0.540678 -0.0208111 
3.467 -0.371346 -0.109314 -0.400596 -0.109094 -0.429702 -0.109006 -0.459269 -0.10919 -0.488766 -0.109434 -0.517465 -0.109098 -0.54628 -0.108682 
3.756 0.13064 0.0762772 0.10415 0.0766184 0.0779356 0.0768218 0.0514915 0.076629 0.0250698 0.0766917 -0.000943163 0.07718 -0.0269164 0.0777096 
4.125 -0.131653 -0.0606903 -0.155526 -0.0604728 -0.179137 -0.060365 -0.203154 -0.0605191 -0.227097 -0.0606314 -0.250882 -0.0603444 -0.274691 -0.0599323 
3.65 -0.326147 -0.0846596 -0.354256 -0.0844363 -0.382323 -0.0843467 -0.410461 -0.0844654 -0.438601 -0.0846737 -0.466239 -0.0843619 -0.493997 -0.0839361 
3.895 -0.263142 -0.0695932 -0.289585 -0.0694322 -0.315712 -0.0693524 -0.342317 -0.0695063 -0.368854 -0.069688 -0.394787 -0.0694001 -0.420901 -0.0689548 
2.795 -0.407643 0.186536 -0.443521 0.186929 -0.479227 0.187221 -0.515236 0.1873 -0.551298 0.187175 -0.586407 0.187383 -0.621416 0.187756 
2.65 -0.396001 0.224887 -0.433914 0.225395 -0.471767 0.225751 -0.509808 0.225984 -0.547912 0.225978 -0.585126 0.22624 -0.62211 0.226436 
2.914 -0.280948 0.176948 -0.315575 0.177462 -0.350019 0.177829 -0.384863 0.178022 -0.419886 0.178164 -0.45424 0.178672 -0.488791 0.179246 
3.289 0.384714 -0.00864265 0.352613 -0.00828556 0.320658 -0.00813312 0.288526 -0.00837438 0.25653 -0.0081931 0.224886 -0.00758191 0.193292 -0.00693386 
3.486 0.553184 -0.164101 0.520359 -0.163885 0.487758 -0.163704 0.454675 -0.163917 0.422003 -0.163727 0.389491 -0.16295 0.356934 -0.162277 
3.617 0.329243 -0.0497329 0.294498 -0.0493831 0.26004 -0.0490949 0.225409 -0.0491931 0.191124 -0.0489128 0.157241 -0.0481361 0.123366 -0.047381 
3.318 -0.432297 -0.249706 -0.463023 -0.249516 -0.493449 -0.249401 -0.524439 -0.249452 -0.554926 -0.249638 -0.584624 -0.249118 -0.614231 -0.248455 
3.629 -0.319984 -0.0271333 -0.347971 -0.0268335 -0.375766 -0.0266848 -0.404011 -0.0267524 -0.432321 -0.0268783 -0.459868 -0.0265684 -0.487616 -0.0261263 
4.199 -0.208355 -0.0716477 -0.232543 -0.0716302 -0.256786 -0.0717791 -0.281551 -0.072196 -0.306198 -0.0726461 -0.330201 -0.0725891 -0.354488 -0.072369 
3.641 0.363484 -0.0401452 0.331279 -0.0397661 0.299384 -0.0395158 0.267032 -0.0396899 0.234931 -0.039431 0.203105 -0.0387469 0.171469 -0.03797 
4.043 -0.077551 0.0262841 -0.101683 0.0265379 -0.125595 0.0267342 -0.149951 0.0266119 -0.174288 0.0265986 -0.198288 0.027036 -0.222397 0.0274668 
3.66 0.364854 -0.0627448 0.333081 -0.0621885 0.301434 -0.0618652 0.269414 -0.0619995 0.2375 -0.0617559 0.206095 -0.0609219 0.174886 -0.060146 
4.484 -0.08166 -0.0257636 -0.105096 -0.0255493 -0.128366 -0.0254834 -0.152036 -0.0256455 -0.175662 -0.0257063 -0.198978 -0.0253769 -0.222395 -0.0248228 
4.438 -0.0392001 0.0447747 -0.0615931 0.044947 -0.0839068 0.0450462 -0.106993 0.0449434 -0.129847 0.0449314 -0.152002 0.0452271 -0.174509 0.0457164 
3.018 -0.248076 0.220093 -0.28042 0.220456 -0.312543 0.220738 -0.344985 0.220748 -0.377724 0.220752 -0.409663 0.22121 -0.44179 0.221901 
3.812 0.0820162 -0.0463087 0.0554812 -0.0460355 0.0293413 -0.0458696 0.00288096 -0.0460476 -0.0234917 -0.0459836 -0.0495806 -0.0455476 -0.0757296 -0.0450173 
4.406 -0.0213943 0.0495686 -0.0444626 0.0497698 -0.0672445 0.0499286 -0.0903978 0.0497368 -0.113519 0.0497159 -0.136302 0.050102 -0.159291 0.050591 
2.838 -0.306972 0.18996 -0.343464 0.19046 -0.379778 0.190834 -0.416543 0.19106 -0.453457 0.191163 -0.48977 0.191661 -0.526159 0.192244 
3.258 -0.432982 -0.162046 -0.464112 -0.161685 -0.495054 -0.161453 -0.526504 -0.161483 -0.557619 -0.161596 -0.587883 -0.161121 -0.618109 -0.160543 
3.318 -0.41997 -0.173004 -0.45056 -0.172748 -0.480899 -0.172632 -0.511878 -0.172723 -0.542621 -0.172959 -0.572342 -0.172604 -0.602242 -0.172097 
4.02 -0.205616 0.00916313 -0.230021 0.00946458 -0.254315 0.00967216 -0.279093 0.00963028 -0.30383 0.00960089 -0.328065 0.0100161 -0.352472 0.0105211 
3.172 -0.448048 -0.0538419 -0.48036 -0.0535963 -0.512434 -0.053463 -0.544914 -0.0534798 -0.577104 -0.0536347 -0.608517 -0.0533457 -0.639745 -0.0528675 
3.797 -0.304232 -0.223682 -0.331545 -0.22343 -0.35869 -0.223314 -0.386383 -0.22359 -0.413859 -0.223819 -0.440706 -0.22339 -0.467664 -0.222903 
3.91 -0.261772 -0.0545268 -0.288057 -0.0542638 -0.314163 -0.0541664 -0.340728 -0.0542372 -0.367077 -0.054368 -0.392987 -0.0540656 -0.419053 -0.0536789 
3.383 -0.396001 -0.0949322 -0.42624 -0.094646 -0.456231 -0.0946846 -0.486831 -0.0947755 -0.517201 -0.0951154 -0.546907 -0.0945805 -0.576549 -0.0940274 
3.793 0.108725 -0.015491 0.0818421 -0.0152155 0.0551054 -0.0149817 0.0283341 -0.0150323 0.0016167 -0.0148641 -0.0247525 -0.0143998 -0.0513064 -0.0139585 
2.236 0.0169566 0.174209 -0.0203149 0.174712 -0.0572898 0.175097 -0.0947908 0.175216 -0.132342 0.175545 -0.169474 0.176405 -0.206964 0.177013 
2.91 0.560718 -0.146295 0.528018 -0.14612 0.495174 -0.14593 0.461882 -0.146235 0.429071 -0.146054 0.396489 -0.145437 0.364 -0.144788 
3.547 -0.356965 -0.161361 -0.385911 -0.161167 -0.414489 -0.161092 -0.44343 -0.16123 -0.472174 -0.161503 -0.500309 -0.161126 -0.52858 -0.160731 
3.955 -0.222737 0.013957 -0.2498 0.014255 -0.27611 0.0144333 -0.303196 0.0143959 -0.330117 0.0143425 -0.356908 0.0147694 -0.38377 0.0152458 
2.654 -0.381619 0.223517 -0.419722 0.224058 -0.457646 0.224422 -0.495815 0.224683 -0.534329 0.224746 -0.571514 0.225067 -0.608789 0.225289 
3.328 -0.417915 -0.222312 -0.448644 -0.222174 -0.479013 -0.222107 -0.509758 -0.222232 -0.540084 -0.222454 -0.569736 -0.222041 -0.599292 -0.221491 
3.373 0.36143 -0.00932749 0.329096 -0.00908121 0.297128 -0.00883451 0.264786 -0.00911277 0.232621 -0.00890264 0.200894 -0.00826947 0.169267 -0.00761615 
2.742 -0.314505 0.23242 -0.351532 0.232837 -0.388359 0.233128 -0.425668 0.233176 -0.463211 0.23324 -0.500036 0.233594 -0.536764 0.234064 
3.234 -0.437091 -0.10452 -0.468564 -0.104354 -0.49984 -0.104294 -0.531602 -0.104453 -0.563084 -0.104736 -0.593754 -0.104395 -0.624335 -0.10398 
3.166 -0.453527 -0.100411 -0.485982 -0.100188 -0.518156 -0.100094 -0.550637 -0.100154 -0.582725 -0.100316 -0.614163 -0.100006 -0.645493 -0.0995716 
3.574 -0.173428 0.179688 -0.202776 0.180188 -0.232118 0.180518 -0.26176 0.180614 -0.291651 0.180749 -0.320914 0.181258 -0.350131 0.181782 
1.569 0.651801 -0.0730174 0.615604 -0.0727582 0.580042 -0.0725225 0.54351 -0.0727107 0.507131 -0.0723632 0.469984 -0.07151 0.433636 -0.0706538 
3.074 0.313491 -0.0278181 0.278849 -0.0273817 0.244709 -0.0270945 0.210651 -0.0273112 0.176585 -0.0270574 0.142839 -0.0265037 0.108966 -0.0257279 
3.994 -0.265881 -0.234639 -0.291531 -0.234471 -0.316987 -0.234436 -0.342958 -0.234736 -0.36872 -0.23509 -0.39392 -0.234785 -0.419316 -0.234406 
2.654 -0.396685 0.247487 -0.434662 0.24799 -0.472358 0.248348 -0.510472 0.248543 -0.548507 0.248314 -0.585552 0.248632 -0.622577 0.249038 
3.299 0.401835 -0.00864265 0.369417 -0.00840034 0.33738 -0.00820752 0.305021 -0.00846471 0.27292 -0.00827352 0.241028 -0.00762447 0.209213 -0.00690539 
3.381 -0.389152 -0.0332968 -0.419435 -0.0329976 -0.449488 -0.0329059 -0.480109 -0.0329064 -0.510585 -0.0330401 -0.540352 -0.0327887 -0.570212 -0.0323874 
3.658 0.366224 -0.0894535 0.334341 -0.0891375 0.302703 -0.0888459 0.270653 -0.0889388 0.238929 -0.0887106 0.207542 -0.0878731 0.176247 -0.0869635 
2.986 -0.39874 0.152979 -0.433568 0.15335 -0.468201 0.15364 -0.503277 0.153827 -0.538422 0.153823 -0.572601 0.154149 -0.606809 0.154514 
3.389 0.342254 -0.00932749 0.306985 -0.00903067 0.27203 -0.00886787 0.236903 -0.0090359 0.202102 -0.00880717 0.167539 -0.00812234 0.133244 -0.00734316 
3.797 0.117628 -0.0380907 0.0906504 -0.0377921 0.0640499 -0.0374937 0.0371452 -0.0376913 0.0104616 -0.0375357 -0.0159971 -0.0370105 -0.0425221 -0.036354 
3.635 0.401151 -0.036721 0.36851 -0.0363151 0.336152 -0.0360733 0.303508 -0.0362877 0.271134 -0.0360599 0.238992 -0.0353731 0.207104 -0.0345083 
3.932 -0.278208 -0.223682 -0.304321 -0.223491 -0.330225 -0.223414 -0.356635 -0.223632 -0.382762 -0.223882 -0.408466 -0.223524 -0.434301 -0.223192 
3.871 0.0368169 -0.136707 0.0110019 -0.136437 -0.014448 -0.136281 -0.0402255 -0.136458 -0.0659545 -0.136437 -0.0918252 -0.136115 -0.117348 -0.135572 
3.564 0.350473 -0.0285029 0.315759 -0.0284695 0.281418 -0.0283149 0.246787 -0.0286255 0.212475 -0.0283852 0.178571 -0.0278981 0.144717 -0.0274955 
3.691 -0.156992 0.0399808 -0.185363 0.0402039 -0.213323 0.0403434 -0.241872 0.0402592 -0.270473 0.0401789 -0.29856 0.0404181 -0.326683 0.0409302 
2.873 0.57236 -0.16684 0.538902 -0.166691 0.505694 -0.166541 0.471617 -0.16672 0.438457 -0.166591 0.405044 -0.165781 0.370694 -0.16455 
4.242 -0.213149 -0.123011 -0.237254 -0.122859 -0.261165 -0.122794 -0.285507 -0.122956 -0.309686 -0.122973 -0.33334 -0.122762 -0.357143 -0.122503 
3.881 -0.272045 -0.0805506 -0.298788 -0.0803881 -0.3251 -0.0803328 -0.352085 -0.0804431 -0.378719 -0.0806181 -0.404928 -0.0803417 -0.431328 -0.0800161 
3.869 -0.279578 -0.146295 -0.306033 -0.146045 -0.332269 -0.145994 -0.359059 -0.146167 -0.3857 -0.146352 -0.41182 -0.146033 -0.438067 -0.145673 
3.246 -0.445994 -0.232585 -0.477432 -0.232396 -0.508652 -0.232308 -0.540115 -0.232368 -0.571198 -0.232528 -0.601376 -0.232028 -0.631399 -0.231329 
3.924 0.0395562 0.0639501 0.0135555 0.0642231 -0.0121576 0.0644233 -0.0381671 0.0642849 -0.0640842 0.064323 -0.0897892 0.0648146 -0.115543 0.065339 
3.342 -0.402849 -0.0805506 -0.433414 -0.0802752 -0.463781 -0.0801619 -0.4946 -0.0802004 -0.525273 -0.0803915 -0.555188 -0.0801348 -0.585138 -0.0797226 
3.646 0.38403 -0.0463087 0.351778 -0.045943 0.32006 -0.0455901 0.287947 -0.0458251 0.256081 -0.0455028 0.224412 -0.044959 0.192837 -0.0440049 
3.158 -0.454897 -0.0682235 -0.487196 -0.067954 -0.519268 -0.0677685 -0.551746 -0.0678379 -0.583921 -0.0681217 -0.615242 -0.0678036 -0.646503 -0.0673254 
3.457 -0.374771 -0.0928777 -0.404134 -0.0926841 -0.433386 -0.0927317 -0.463029 -0.0928865 -0.492729 -0.0933006 -0.521666 -0.0929248 -0.550676 -0.0923401 
2.934 -0.346692 0.132434 -0.380013 0.132936 -0.413296 0.133264 -0.446875 0.133411 -0.480613 0.133457 -0.513631 0.133846 -0.546763 0.134335 
3.236 -0.430242 -0.0230242 -0.461816 -0.0226944 -0.493103 -0.0225662 -0.52489 -0.0225749 -0.556525 -0.0227147 -0.587166 -0.022452 -0.617995 -0.0220184 
3.209 -0.437776 -0.0675387 -0.469408 -0.0672206 -0.500849 -0.0670634 -0.532679 -0.0670723 -0.564418 -0.067255 -0.595236 -0.066916 -0.626116 -0.066506 
3.801 -0.167265 0.0262841 -0.195368 0.0266254 -0.223211 0.0268356 -0.251647 0.0267772 -0.280064 0.0267545 -0.308038 0.027116 -0.336047 0.0276318 
4.125 -0.116587 -0.0497329 -0.140314 -0.0495405 -0.16409 -0.0496058 -0.188253 -0.0499943 -0.212435 -0.0503005 -0.236203 -0.0501535 -0.260252 -0.0500423 
4.121 -0.160416 -0.0613752 -0.184507 -0.0611883 -0.208639 -0.0610923 -0.233355 -0.0612369 -0.257849 -0.0614163 -0.281042 -0.0612463 -0.303892 -0.0610922 
3.109 -0.240542 0.125586 -0.273466 0.125937 -0.306138 0.126046 -0.339094 0.126092 -0.372207 0.126056 -0.404572 0.126525 -0.437223 0.12687 
3.807 0.101192 0.0119025 0.0743892 0.0122321 0.0479182 0.012422 0.021024 0.0121601 -0.00551767 0.0122888 -0.0317628 0.0127729 -0.0583031 0.0132388 
2.867 -0.318614 0.158458 -0.355961 0.158943 -0.39304 0.159323 -0.430679 0.159465 -0.468396 0.159501 -0.505296 0.159919 -0.542465 0.160417 
3.621 -0.33368 -0.0709629 -0.362149 -0.0706973 -0.390421 -0.0705465 -0.419245 -0.0706241 -0.447904 -0.0707809 -0.475982 -0.0704249 -0.504227 -0.0699604 
3.793 0.117628 -0.0839748 0.0906372 -0.0836565 0.0639992 -0.083495 0.0371348 -0.0835787 0.0104143 -0.0834538 -0.0159849 -0.0829827 -0.0424596 -0.0823843 
3.414 -0.383673 -0.0791809 -0.413742 -0.0789235 -0.443557 -0.0787815 -0.473749 -0.0788273 -0.50376 -0.0789787 -0.533347 -0.0787155 -0.562732 -0.0783215 
3.811 0.118997 0.0331324 0.0919981 0.0333201 0.0653311 0.0334072 0.0384695 0.0333375 0.0116461 0.0334256 -0.0147843 0.0338276 -0.0413247 0.0345831 
3.615 -0.242597 0.0427202 -0.27149 0.04296 -0.300226 0.0431678 -0.329335 0.0431209 -0.358507 0.0430891 -0.387026 0.0434642 -0.415857 0.0439447 
4.414 -0.0357759 0.0653198 -0.0588846 0.065593 -0.0817464 0.0657225 -0.105137 0.0656317 -0.12843 0.0656697 -0.151202 0.0660545 -0.17449 0.0666456 
3.334 -0.410382 -0.112738 -0.44105 -0.112572 -0.471474 -0.112457 -0.502442 -0.112525 -0.533232 -0.112715 -0.563208 -0.112321 -0.593124 -0.111799 
3.621 -0.339844 -0.131229 -0.368011 -0.13099 -0.396179 -0.130932 -0.424425 -0.131028 -0.452733 -0.131299 -0.48055 -0.130964 -0.508409 -0.130574 
3.732 -0.144665 0.114628 -0.171776 0.114997 -0.198612 0.115264 -0.225936 0.115267 -0.253446 0.115413 -0.280127 0.115722 -0.307521 0.116434 
3.48 -0.371346 -0.149719 -0.400457 -0.149307 -0.429396 -0.149062 -0.458875 -0.149082 -0.488149 -0.149188 -0.516789 -0.148893 -0.545518 -0.148471 
3.912 0.0162717 -0.136022 -0.00938559 -0.135773 -0.0350294 -0.135706 -0.061088 -0.135995 -0.0868482 -0.136086 -0.111877 -0.135596 -0.137526 -0.135129 
3.83 0.0943432 0.0536776 0.0674862 0.0539266 0.0410345 0.0542434 0.0143958 0.0542039 -0.0122135 0.0543984 -0.0385033 0.0548305 -0.0647142 0.0552211 
2.803 -0.367922 0.174894 -0.403141 0.175374 -0.438097 0.175778 -0.473466 0.176034 -0.508814 0.176201 -0.543431 0.176631 -0.578172 0.176929 
3.633 -0.185071 0.0413505 -0.213673 0.0415799 -0.242309 0.041662 -0.27136 0.0416933 -0.300424 0.0416215 -0.328974 0.0422177 -0.357641 0.0426959 
