4.074 -0.181646 -0.032612 -0.205991 -0.0324201 -0.230152 -0.0323602 -0.254763 -0.0325505 -0.279302 -0.0326869 -0.303286 -0.032381 -0.327469 -0.0319421 
4.105 -0.115902 -0.0196001 -0.139407 -0.0194386 -0.162765 -0.0192506 -0.186527 -0.0194178 -0.210303 -0.0194336 -0.233732 -0.0189573 -0.257517 -0.0185325 
2.885 -0.35765 0.141337 -0.391878 0.141685 -0.425908 0.141966 -0.460275 0.142127 -0.494765 0.142143 -0.528569 0.142514 -0.562358 0.142915 
3.086 -0.247391 0.183112 -0.279485 0.183473 -0.311345 0.183727 -0.343465 0.183814 -0.375319 0.183854 -0.406623 0.18411 -0.438046 0.184666 
3.572 -0.340529 -0.0353513 -0.369253 -0.0351455 -0.397771 -0.0350267 -0.426776 -0.035107 -0.455692 -0.0352819 -0.484014 -0.0349798 -0.512505 -0.0345246 
4.047 -0.156307 -0.0175455 -0.178358 -0.0172519 -0.200318 -0.0171413 -0.222625 -0.0172241 -0.244913 -0.0172822 -0.26683 -0.016997 -0.288832 -0.0164697 
4.441 -0.0556362 0.0269689 -0.0786635 0.0271865 -0.101673 0.0273321 -0.124945 0.0272 -0.148203 0.0272012 -0.171003 0.027666 -0.194068 0.0281419 
2.945 0.489495 0.0584714 0.454148 0.0586296 0.419161 0.0587135 0.383893 0.0583082 0.348785 0.0584035 0.313957 0.0589245 0.27916 0.0594637 
3.934 -0.0843994 0.068744 -0.10875 0.0689824 -0.132982 0.0691949 -0.157595 0.0690517 -0.18219 0.0690539 -0.206462 0.069524 -0.230776 0.0700028 
4.039 -0.182331 -0.0134365 -0.206608 -0.0132075 -0.230699 -0.0130992 -0.255336 -0.0131987 -0.27995 -0.0132822 -0.304041 -0.0129325 -0.328325 -0.0124368 
4.121 -0.110423 -0.0339816 -0.134118 -0.0336184 -0.157745 -0.0333746 -0.181634 -0.0336061 -0.205718 -0.0336911 -0.2293 -0.033206 -0.253091 -0.0328723 
3.414 -0.402849 -0.364758 -0.432582 -0.364439 -0.461963 -0.364174 -0.491915 -0.364183 -0.521371 -0.36428 -0.549927 -0.363508 -0.578486 -0.362615 
3.279 -0.4186 -0.0531571 -0.44989 -0.0528796 -0.481064 -0.0527287 -0.512681 -0.0527516 -0.544142 -0.052995 -0.574732 -0.0526009 -0.605376 -0.0521846 
3.473 -0.202191 0.18996 -0.232696 0.190363 -0.262979 0.190721 -0.293592 0.190806 -0.32416 0.190892 -0.354076 0.191299 -0.384252 0.191955 
3.316 0.42238 -0.00521846 0.393301 -0.0049318 0.364616 -0.0047608 0.335659 -0.00501344 0.306929 -0.00485247 0.278326 -0.00413867 0.249716 -0.00352555 
4.219 -0.191234 -0.0784961 -0.215938 -0.0783816 -0.240428 -0.0783337 -0.265317 -0.0785038 -0.289774 -0.0786599 -0.313839 -0.0783912 -0.338234 -0.0779348 
2.949 -0.386413 0.144761 -0.421144 0.145286 -0.45569 0.145661 -0.490684 0.145835 -0.525727 0.145857 -0.55994 0.146249 -0.594144 0.146723 
4.176 -0.12412 -0.0798658 -0.148204 -0.0796442 -0.172172 -0.0795665 -0.19659 -0.0798052 -0.221045 -0.0800269 -0.244973 -0.0796621 -0.269041 -0.0792511 
3.73 -0.143295 0.072853 -0.17035 0.0731276 -0.197076 0.0733754 -0.224189 0.0733806 -0.251479 0.0734162 -0.278327 0.0738863 -0.305263 0.0743968 
2.838 -0.381619 0.157773 -0.416566 0.158185 -0.451339 0.158427 -0.486533 0.158573 -0.521778 0.158533 -0.556161 0.158889 -0.59057 0.159224 
4.086 -0.133023 -0.0216546 -0.155347 -0.0215176 -0.177471 -0.0214215 -0.199922 -0.0214894 -0.222221 -0.0215209 -0.244339 -0.0211651 -0.26666 -0.0206307 
3.117 -0.239858 0.202287 -0.271006 0.202761 -0.301917 0.203142 -0.333164 0.203286 -0.364561 0.203397 -0.39541 0.203896 -0.42631 0.204445 
2.92 -0.374771 0.135858 -0.408626 0.13628 -0.442429 0.136672 -0.476508 0.136847 -0.510711 0.136884 -0.544187 0.137293 -0.577722 0.137784 
4.168 -0.139186 -0.0798658 -0.163509 -0.07968 -0.187587 -0.0796197 -0.2122 -0.0798596 -0.236657 -0.0800457 -0.260706 -0.0797216 -0.284866 -0.0793017 
3.697 -0.304917 -0.0332968 -0.33256 -0.0330158 -0.359957 -0.0328618 -0.387832 -0.0329269 -0.415723 -0.0331241 -0.442914 -0.0327243 -0.470281 -0.0322863 
3.994 -0.0707026 0.0406657 -0.0950463 0.0408871 -0.118913 0.0409806 -0.143367 0.041007 -0.167691 0.0410002 -0.191848 0.0414553 -0.216106 0.0419999 
3.486 -0.364498 -0.044939 -0.393877 -0.0445965 -0.4231 -0.0444721 -0.452774 -0.0445142 -0.482432 -0.0446788 -0.511315 -0.0443804 -0.54037 -0.044018 
3.223 -0.433667 -0.0531571 -0.46523 -0.0528473 -0.496646 -0.0526881 -0.528544 -0.0527047 -0.560147 -0.0529 -0.591043 -0.0525433 -0.621824 -0.0521566 
3.572 -0.269306 0.047514 -0.298184 0.0479009 -0.326945 0.0480306 -0.35602 0.0480295 -0.3852 0.0479896 -0.413748 0.0483941 -0.4424 0.0489372 
3.014 -0.254239 0.169415 -0.287176 0.16981 -0.320321 0.170071 -0.353878 0.170159 -0.38755 0.170182 -0.420698 0.170563 -0.45407 0.171139 
3.334 0.450459 -0.125065 0.416792 -0.12485 0.383259 -0.1247 0.349303 -0.124845 0.315672 -0.124719 0.282266 -0.123816 0.248976 -0.123128 
3.207 -0.259033 0.100931 -0.292121 0.101387 -0.325018 0.101729 -0.35825 0.101831 -0.391502 0.101892 -0.424327 0.102371 -0.457211 0.102926 
4.039 -0.0611149 0.0721682 -0.0838609 0.0723504 -0.106378 0.0724291 -0.129333 0.0722581 -0.152237 0.0721899 -0.174801 0.0725438 -0.198082 0.073122 
3.947 -0.115217 0.0173812 -0.14025 0.0176973 -0.165146 0.0179521 -0.190621 0.0179057 -0.215905 0.0179166 -0.240964 0.0184327 -0.266181 0.0188783 
3.225 -0.452157 -0.218888 -0.48367 -0.218648 -0.514822 -0.218497 -0.546443 -0.218497 -0.577662 -0.21865 -0.607884 -0.218079 -0.638082 -0.217424 
3.266 -0.432982 -0.184646 -0.46408 -0.184406 -0.49497 -0.184305 -0.526358 -0.184383 -0.557366 -0.184646 -0.587466 -0.184204 -0.617523 -0.18364 
2.953 0.484701 -0.0127517 0.449662 -0.0124891 0.415267 -0.0123335 0.380522 -0.0125987 0.345829 -0.0123839 0.311679 -0.0117602 0.277531 -0.0111172 
3.783 -0.307656 -0.183276 -0.334976 -0.183201 -0.362153 -0.183244 -0.389857 -0.183501 -0.417393 -0.183882 -0.44426 -0.183648 -0.471335 -0.183361 
3.344 -0.424764 -0.335995 -0.455502 -0.335893 -0.485961 -0.335808 -0.516892 -0.336034 -0.547321 -0.336214 -0.576896 -0.335649 -0.606424 -0.334853 
4.016 -0.156992 0.00573894 -0.182166 0.00596328 -0.207316 0.00606635 -0.232844 0.005917 -0.258295 0.00582174 -0.283307 0.0062333 -0.308425 0.00675951 
3.375 -0.406273 -0.177113 -0.436414 -0.176871 -0.466319 -0.176779 -0.496824 -0.176909 -0.527065 -0.177165 -0.556422 -0.176769 -0.585898 -0.176228 
3.49 -0.371346 -0.170264 -0.400428 -0.170052 -0.429279 -0.169994 -0.458718 -0.170137 -0.488001 -0.170449 -0.516588 -0.170065 -0.545191 -0.169629 
3.473 -0.367922 -0.0764416 -0.397232 -0.0761684 -0.426395 -0.0760163 -0.456032 -0.0760457 -0.485568 -0.0761794 -0.514387 -0.0758742 -0.543345 -0.075466 
3.16 -0.45969 -0.12438 -0.491923 -0.124138 -0.523907 -0.12398 -0.556296 -0.124018 -0.588381 -0.124207 -0.619497 -0.123794 -0.65056 -0.123252 
3.182 -0.463115 -0.188755 -0.495148 -0.188505 -0.526859 -0.18835 -0.558965 -0.188353 -0.59075 -0.188508 -0.621439 -0.18798 -0.65216 -0.187297 
2.861 -0.347377 0.152294 -0.381612 0.15272 -0.415684 0.153054 -0.450196 0.15317 -0.48482 0.153177 -0.518878 0.153485 -0.553081 0.153851 
3.42 -0.213149 0.179688 -0.2431 0.180036 -0.272914 0.180226 -0.302925 0.180248 -0.332976 0.180269 -0.362528 0.180647 -0.392261 0.181211 
3.215 -0.448048 -0.185331 -0.479532 -0.185105 -0.510754 -0.184983 -0.542538 -0.185029 -0.573834 -0.185238 -0.604238 -0.184705 -0.63457 -0.184107 
3.322 -0.419285 -0.1867 -0.449781 -0.186475 -0.480189 -0.186358 -0.511165 -0.186475 -0.54174 -0.18672 -0.571548 -0.186342 -0.601256 -0.185766 
3.719 -0.321353 -0.198343 -0.348657 -0.198154 -0.375742 -0.198076 -0.403248 -0.198218 -0.430564 -0.198468 -0.457364 -0.198137 -0.484557 -0.197778 
3.732 -0.29396 0.0146418 -0.321452 0.0149346 -0.348652 0.0150841 -0.376346 0.0150747 -0.403928 0.0150042 -0.430967 0.0153025 -0.458275 0.0158195 
3.299 -0.428873 -0.225736 -0.459736 -0.225553 -0.490258 -0.225447 -0.521348 -0.225551 -0.551844 -0.225735 -0.581724 -0.225308 -0.611418 -0.224694 
3.648 -0.33505 -0.192864 -0.362829 -0.192683 -0.390404 -0.192626 -0.418556 -0.192789 -0.446289 -0.193067 -0.473718 -0.192761 -0.501202 -0.192381 
3.771 -0.277524 0.0187509 -0.305836 0.0189776 -0.333879 0.0191013 -0.362366 0.0190666 -0.39088 0.0189631 -0.418873 0.0193113 -0.446963 0.0197993 
3.949 -0.183701 0.0132722 -0.209584 0.0135144 -0.235124 0.0135023 -0.261218 0.0132956 -0.287273 0.013009 -0.312783 0.0131673 -0.338417 0.0133525 
3.418 0.386084 -0.032612 0.353106 -0.0323639 0.320532 -0.0321464 0.287754 -0.0323246 0.255103 -0.0321149 0.22277 -0.0313427 0.190377 -0.0306908 
3.457 -0.37614 -0.133968 -0.405322 -0.133551 -0.434346 -0.133332 -0.464082 -0.133365 -0.493585 -0.13358 -0.522319 -0.133206 -0.551198 -0.132733 
4.047 -0.139186 0.00573894 -0.1645 0.0059588 -0.189526 0.00608044 -0.214943 0.00588879 -0.240244 0.00574717 -0.265135 0.00611668 -0.290124 0.0065628 
3.387 -0.406273 -0.211355 -0.436356 -0.211136 -0.466186 -0.211059 -0.496529 -0.211168 -0.526539 -0.211417 -0.555775 -0.210994 -0.584995 -0.21045 
3.611 -0.345323 -0.203821 -0.373586 -0.203697 -0.401592 -0.203657 -0.429937 -0.203804 -0.457989 -0.204067 -0.485617 -0.203754 -0.513495 -0.20341 
4.18 -0.110423 -0.0757567 -0.134177 -0.0755178 -0.157948 -0.0754342 -0.182195 -0.0757149 -0.20656 -0.0759532 -0.230352 -0.0754869 -0.254406 -0.0751145 
3.455 -0.383673 -0.179167 -0.41315 -0.178961 -0.442266 -0.178877 -0.47213 -0.17902 -0.50175 -0.179294 -0.530606 -0.178948 -0.559501 -0.178518 
3.564 -0.360389 -0.201082 -0.389094 -0.200934 -0.417566 -0.200902 -0.446351 -0.201045 -0.474922 -0.201316 -0.503141 -0.201 -0.531347 -0.200598 
3.686 -0.311081 -0.0463087 -0.338779 -0.0460678 -0.366247 -0.0459281 -0.394186 -0.0459759 -0.422082 -0.0461205 -0.449339 -0.0457918 -0.476786 -0.0453562 
3.447 -0.389837 -0.212039 -0.419443 -0.211858 -0.448675 -0.21176 -0.478503 -0.211883 -0.508012 -0.212148 -0.536895 -0.211773 -0.565722 -0.211279 
2.701 -0.332311 0.225572 -0.37074 0.225979 -0.408927 0.226391 -0.447516 0.226589 -0.486303 0.226633 -0.52426 0.226991 -0.562144 0.227401 
3.277 0.387454 0.0112176 0.355262 0.0113297 0.323334 0.0113203 0.29116 0.0110122 0.259157 0.0109946 0.227473 0.0114089 0.195919 0.0117863 
3.014 -0.256978 0.155034 -0.290748 0.15539 -0.32434 0.155659 -0.358243 0.155739 -0.392351 0.155735 -0.425857 0.156154 -0.459452 0.156678 
4.02 -0.0974113 0.0214902 -0.120953 0.0217875 -0.144249 0.0220054 -0.167751 0.0219919 -0.19146 0.0220634 -0.214914 0.0226825 -0.2386 0.0232349 
3.902 -0.239858 0.0153267 -0.268037 0.015643 -0.296172 0.0158432 -0.324698 0.0158234 -0.353157 0.01577 -0.381127 0.0161751 -0.409063 0.0166038 
3.682 -0.157677 0.0742227 -0.185401 0.0745462 -0.212948 0.0747417 -0.240672 0.0748008 -0.268541 0.0748232 -0.295876 0.0752484 -0.32347 0.0758344 
3.607 -0.343953 -0.14561 -0.372262 -0.145405 -0.400282 -0.145299 -0.42888 -0.145451 -0.457332 -0.14574 -0.48513 -0.145406 -0.513098 -0.145026 
3.328 0.360745 0.0105328 0.328489 0.0106736 0.296437 0.0108136 0.264033 0.0105839 0.231813 0.0106932 0.200024 0.0111202 0.168364 0.011622 
3.646 0.258704 0.000945076 0.230275 0.00110454 0.202167 0.00126735 0.173829 0.00100159 0.145956 0.00124866 0.117181 0.00176447 0.08823 0.00206885 
2.693 -0.325462 0.244062 -0.363414 0.244702 -0.401304 0.245122 -0.439638 0.245403 -0.478073 0.245512 -0.515722 0.24592 -0.553348 0.246384 
3.154 0.455938 -0.00795781 0.421964 -0.00794335 0.387848 -0.00778577 0.353645 -0.00803635 0.319648 -0.00784721 0.285846 -0.00718566 0.251922 -0.00676733 
3.17 -0.461745 -0.151089 -0.494032 -0.150867 -0.525852 -0.150701 -0.558111 -0.15069 -0.590037 -0.150853 -0.621001 -0.150346 -0.652102 -0.149846 
3.492 -0.382304 -0.321613 -0.411591 -0.321377 -0.440683 -0.321236 -0.470268 -0.321322 -0.499484 -0.321475 -0.527905 -0.320906 -0.556336 -0.320205 
3.283 0.342939 0.0105328 0.307742 0.0106334 0.27289 0.0109242 0.237869 0.0109803 0.20294 0.0113281 0.168403 0.0118882 0.13395 0.012167 
4.07 -0.246021 -0.161361 -0.271259 -0.161166 -0.296302 -0.161122 -0.321813 -0.161332 -0.347142 -0.161557 -0.371962 -0.161268 -0.396914 -0.160908 
4.047 -0.230955 -0.0305575 -0.25605 -0.0303275 -0.280969 -0.0302336 -0.306345 -0.0303075 -0.331631 -0.0304375 -0.356412 -0.0301367 -0.381352 -0.0297071 
3.471 -0.213149 0.155718 -0.242924 0.15606 -0.272442 0.156334 -0.302274 0.156374 -0.332191 0.156418 -0.361671 0.156829 -0.39126 0.157391 
3.357 -0.412437 -0.235324 -0.442492 -0.235049 -0.472331 -0.234895 -0.502656 -0.234919 -0.532697 -0.235083 -0.561856 -0.234545 -0.591019 -0.233842 
3.664 -0.326832 -0.110683 -0.354676 -0.110454 -0.382547 -0.11036 -0.410751 -0.110476 -0.438919 -0.110701 -0.466346 -0.110377 -0.494052 -0.109959 
3.695 0.258704 -0.10589 0.230484 -0.105414 0.202556 -0.105157 0.174414 -0.10512 0.146605 -0.10489 0.119074 -0.104176 0.0922022 -0.103465 
3.285 -0.42134 -0.0819203 -0.452597 -0.0815986 -0.483725 -0.081592 -0.51531 -0.0816747 -0.546708 -0.0819573 -0.577178 -0.0816656 -0.607745 -0.0812404 
4.094 -0.118641 0.00231475 -0.143341 0.00244955 -0.167862 0.00247083 -0.192699 0.00228023 -0.217531 0.00211821 -0.241942 0.00244475 -0.266529 0.00273191 
3.252 -0.437091 -0.144925 -0.468329 -0.144674 -0.499402 -0.14457 -0.530882 -0.144583 -0.562145 -0.144767 -0.592481 -0.144305 -0.622808 -0.143765 
3.676 -0.329571 -0.140816 -0.357428 -0.140602 -0.385162 -0.140501 -0.413315 -0.140638 -0.441369 -0.140908 -0.468757 -0.140573 -0.496324 -0.140156 
3.371 -0.402164 -0.162046 -0.432392 -0.161808 -0.462386 -0.161708 -0.492865 -0.161819 -0.52298 -0.162058 -0.552399 -0.161701 -0.581784 -0.161214 
3.465 -0.113847 0.207081 -0.140739 0.207802 -0.167349 0.208457 -0.194535 0.208811 -0.221725 0.209244 -0.248625 0.210115 -0.274877 0.211058 
3.291 0.40252 0.0112176 0.37 0.0113223 0.337796 0.0115017 0.305526 0.0111882 0.273307 0.0112407 0.241371 0.0116269 0.20949 0.0119215 
3.248 -0.212464 0.205027 -0.242877 0.205364 -0.273172 0.20558 -0.303937 0.205712 -0.334925 0.205823 -0.365262 0.206162 -0.395697 0.206586 
2.771 -0.391207 0.187221 -0.426099 0.187815 -0.46069 0.188235 -0.495593 0.188398 -0.530615 0.188413 -0.564736 0.188802 -0.598906 0.189347 
3.422 0.33883 0.0612108 0.303424 0.0612571 0.268407 0.0612987 0.233158 0.0610156 0.198089 0.0610946 0.163339 0.0615098 0.128799 0.0621919 
3.756 -0.111793 0.172154 -0.140402 0.172475 -0.168987 0.17271 -0.1978 0.172733 -0.22686 0.172817 -0.25532 0.173327 -0.283819 0.173964 
3.559 -0.187125 0.159827 -0.216711 0.160161 -0.245855 0.160428 -0.275403 0.160502 -0.305036 0.160547 -0.334304 0.160962 -0.363643 0.161546 
4.031 -0.00495822 0.0755924 -0.0365843 0.0759366 -0.068266 0.0761671 -0.100662 0.0760647 -0.132698 0.0762553 -0.164529 0.0768248 -0.190649 0.0775056 
4.246 -0.152883 -0.0826051 -0.177039 -0.0824359 -0.201289 -0.0823799 -0.226002 -0.0825938 -0.250481 -0.0827755 -0.274507 -0.0824609 -0.298788 -0.0820839 
1.802 0.618244 0.158458 0.57272 0.158769 0.527481 0.158941 0.481686 0.15856 0.435949 0.158754 0.390399 0.159165 0.345361 0.159719 
3.928 0.0149021 -0.0963019 -0.0106868 -0.0960698 -0.03614 -0.0959123 -0.0619803 -0.0961022 -0.0875682 -0.0961913 -0.112856 -0.0958311 -0.138248 -0.0952704 
4.023 -0.165895 -0.00727298 -0.188418 -0.00694443 -0.210858 -0.00679442 -0.233747 -0.00686803 -0.256658 -0.00693336 -0.279032 -0.00659813 -0.301499 -0.00610235 
3.275 -0.424079 -0.116162 -0.455299 -0.115971 -0.486374 -0.115937 -0.517876 -0.115945 -0.549147 -0.11606 -0.579529 -0.115696 -0.609938 -0.115044 
3.387 -0.396685 -0.14835 -0.426853 -0.148107 -0.456728 -0.148028 -0.487132 -0.148081 -0.517214 -0.148289 -0.546599 -0.147971 -0.576025 -0.147527 
3.906 -0.273415 -0.166155 -0.299651 -0.165955 -0.325686 -0.165799 -0.352235 -0.165957 -0.378564 -0.166193 -0.404361 -0.165851 -0.430309 -0.165555 
3.109 0.310752 -0.0689084 0.278819 -0.0684859 0.246512 -0.0683122 0.212489 -0.0685405 0.1783 -0.0682502 0.144414 -0.0673404 0.1109 -0.0665774 
3.627 -0.326832 -0.04083 -0.355196 -0.0405699 -0.383311 -0.0404404 -0.411991 -0.0405065 -0.440518 -0.0406704 -0.468516 -0.0403539 -0.496738 -0.0399235 
3.502 -0.380249 -0.244227 -0.409423 -0.244 -0.438409 -0.24391 -0.4679 -0.244058 -0.49711 -0.244289 -0.525543 -0.24391 -0.554006 -0.243347 
3.123 0.312806 -0.0497329 0.28026 -0.0494494 0.24817 -0.0492687 0.214326 -0.0494117 0.179958 -0.0492065 0.14624 -0.0485064 0.112561 -0.0477836 
3.297 -0.415176 -0.0250788 -0.446526 -0.0248497 -0.477746 -0.0247438 -0.509373 -0.0247973 -0.540931 -0.0250172 -0.571612 -0.024689 -0.602418 -0.0243081 
3.848 -0.260403 0.0160115 -0.288366 0.0163661 -0.316269 0.0165068 -0.344612 0.0164848 -0.372795 0.0164403 -0.400547 0.0167207 -0.428346 0.0172101 
2.836 -0.365868 0.157773 -0.400502 0.158229 -0.43496 0.158588 -0.469747 0.158733 -0.504682 0.158765 -0.538919 0.159142 -0.573058 0.159606 
3.197 -0.222737 0.1927 -0.253504 0.193148 -0.284093 0.193518 -0.314954 0.193763 -0.345955 0.194028 -0.376519 0.194541 -0.407312 0.195013 
3.191 0.460731 0.0112176 0.426414 0.0112222 0.392436 0.0112198 0.358184 0.0108259 0.324154 0.0110023 0.290409 0.0116531 0.25657 0.0122425 
3.393 -0.409012 -0.329147 -0.438901 -0.328902 -0.468545 -0.328742 -0.498722 -0.328844 -0.528438 -0.329029 -0.557235 -0.32842 -0.586037 -0.327689 
3.598 -0.341214 -0.114108 -0.369466 -0.11387 -0.397561 -0.113744 -0.426263 -0.113878 -0.4548 -0.114125 -0.48259 -0.113806 -0.510751 -0.113396 
3.541 -0.359704 -0.138762 -0.388409 -0.138501 -0.416898 -0.138403 -0.446029 -0.138572 -0.474909 -0.138876 -0.503179 -0.138505 -0.531498 -0.138087 
2.918 0.559348 -0.139447 0.526457 -0.139256 0.493764 -0.139054 0.460614 -0.13941 0.427863 -0.139161 0.39535 -0.13856 0.36273 -0.137959 
3.701 -0.324093 -0.154513 -0.351762 -0.154292 -0.379219 -0.154225 -0.407153 -0.154358 -0.434981 -0.154645 -0.462035 -0.15427 -0.489544 -0.153931 
3.178 -0.464484 -0.234639 -0.496566 -0.234415 -0.528052 -0.23424 -0.559906 -0.234232 -0.591241 -0.234334 -0.621717 -0.233722 -0.651915 -0.23292 
3.898 0.0251746 -0.155883 -0.000594767 -0.155569 -0.0262124 -0.155321 -0.0522107 -0.155484 -0.0780588 -0.15559 -0.103426 -0.155193 -0.128994 -0.154793 
3.709 -0.318614 -0.123695 -0.346251 -0.123484 -0.373621 -0.123381 -0.401503 -0.123538 -0.429226 -0.123785 -0.456368 -0.123448 -0.483757 -0.123104 
3.152 -0.456951 -0.0374058 -0.489528 -0.0370302 -0.521768 -0.0368005 -0.55457 -0.0367539 -0.587041 -0.0369544 -0.618548 -0.0364755 -0.650037 -0.036089 
3.27 0.384714 -0.00864265 0.352597 -0.00828548 0.320651 -0.00821103 0.288529 -0.00840089 0.256516 -0.00826512 0.224882 -0.00757761 0.19328 -0.00694084 
3.551 -0.351486 -0.0969867 -0.380326 -0.0967533 -0.408908 -0.0966535 -0.43805 -0.0967632 -0.466932 -0.0970141 -0.495438 -0.0966957 -0.523939 -0.0962951 
3.99 -0.263827 -0.214094 -0.289514 -0.213911 -0.315037 -0.213884 -0.340986 -0.21415 -0.366745 -0.214435 -0.391972 -0.214126 -0.417403 -0.213735 
4.133 -0.131653 -0.0606903 -0.155459 -0.0604537 -0.179167 -0.0603838 -0.20315 -0.0605083 -0.227083 -0.0606304 -0.250843 -0.0603297 -0.274644 -0.0599146 
3.467 -0.371346 -0.109314 -0.400607 -0.109143 -0.429701 -0.109068 -0.459278 -0.109195 -0.488774 -0.10954 -0.51746 -0.109172 -0.546263 -0.108696 
3.596 -0.337105 -0.0531571 -0.365742 -0.0528732 -0.394238 -0.0527581 -0.423147 -0.0528213 -0.451962 -0.053032 -0.480261 -0.0526624 -0.508688 -0.0523287 
3.49 0.553184 -0.164786 0.520375 -0.164563 0.487754 -0.164368 0.454712 -0.16463 0.422002 -0.164425 0.38949 -0.163631 0.356948 -0.162966 
2.943 -0.275469 0.149555 -0.309501 0.150006 -0.343244 0.150222 -0.377502 0.15035 -0.411733 0.150433 -0.445405 0.15082 -0.479243 0.151404 
4.426 -0.052212 0.0516231 -0.0749667 0.0519076 -0.0976217 0.0521252 -0.120567 0.0520526 -0.143457 0.0520696 -0.165956 0.0525198 -0.188549 0.0529917 
3.777 0.13064 0.0762772 0.104134 0.0765916 0.0779243 0.0768067 0.0514851 0.076628 0.0250652 0.0766932 -0.000956079 0.0771799 -0.0269423 0.0777059 
3.32 -0.41997 -0.173004 -0.450588 -0.172773 -0.480979 -0.172655 -0.511956 -0.17274 -0.542635 -0.172974 -0.572362 -0.172619 -0.602266 -0.17211 
2.646 -0.396001 0.224887 -0.433905 0.22537 -0.471764 0.225743 -0.50982 0.225969 -0.547899 0.225981 -0.58513 0.226224 -0.622124 0.226422 
3.652 -0.326147 -0.0846596 -0.354175 -0.0844369 -0.382309 -0.0843555 -0.410502 -0.0844712 -0.438614 -0.0846922 -0.466281 -0.0843698 -0.494055 -0.0839509 
3.896 -0.263142 -0.0695932 -0.289594 -0.0694395 -0.31573 -0.0693591 -0.342301 -0.069504 -0.36886 -0.0696921 -0.394799 -0.0694009 -0.420886 -0.0689485 
4.008 -0.262457 -0.196288 -0.288093 -0.196077 -0.313457 -0.195979 -0.339391 -0.196224 -0.365125 -0.196474 -0.390325 -0.196067 -0.415625 -0.195668 
3.828 0.112834 -0.387358 0.0856423 -0.386914 0.0587471 -0.386527 0.0315337 -0.386731 0.00477505 -0.38687 -0.0218108 -0.386124 -0.0483892 -0.385413 
3.32 -0.432297 -0.249706 -0.463014 -0.249505 -0.493463 -0.249413 -0.52443 -0.249463 -0.554913 -0.24965 -0.584616 -0.249123 -0.614218 -0.248457 
4.258 -0.222737 -0.244227 -0.246712 -0.24402 -0.270444 -0.24386 -0.294685 -0.244051 -0.318724 -0.244434 -0.342188 -0.243961 -0.365871 -0.243664 
4.086 -0.148089 -0.0291878 -0.170242 -0.02896 -0.19227 -0.0288454 -0.214787 -0.0288867 -0.237169 -0.0289128 -0.259148 -0.028618 -0.281276 -0.0279825 
3.82 0.0806465 -0.0511026 0.054164 -0.0508123 0.0279433 -0.0506558 0.00151128 -0.0507832 -0.0248197 -0.0507186 -0.0509406 -0.0503108 -0.0770967 -0.0497746 
3.492 0.329243 -0.0497329 0.294454 -0.0493822 0.260048 -0.049107 0.225417 -0.0492104 0.191082 -0.0489413 0.157237 -0.0481499 0.123334 -0.0473849 
3.619 -0.111793 0.193384 -0.140452 0.193812 -0.169013 0.194094 -0.19794 0.194197 -0.227105 0.19437 -0.255595 0.194937 -0.284202 0.195493 
4.012 -0.0782359 0.0242296 -0.102386 0.024501 -0.126261 0.0246921 -0.15065 0.0245729 -0.174956 0.0245484 -0.198959 0.0249954 -0.223079 0.0254103 
4.383 -0.202876 -0.199712 -0.226189 -0.19952 -0.249368 -0.199428 -0.273077 -0.199728 -0.296456 -0.199968 -0.319456 -0.199599 -0.342489 -0.199187 
3.02 -0.248076 0.220093 -0.280431 0.220489 -0.312581 0.22074 -0.344995 0.220774 -0.37773 0.220788 -0.409657 0.221245 -0.441776 0.221948 
4.023 -0.204931 0.00916313 -0.229316 0.00945861 -0.253628 0.00967015 -0.278399 0.00963663 -0.303138 0.00960444 -0.327368 0.0100325 -0.351797 0.0105236 
4.086 -0.252185 -0.23053 -0.277258 -0.230344 -0.302189 -0.230289 -0.32765 -0.230573 -0.352776 -0.23086 -0.37752 -0.230573 -0.402356 -0.230211 
4.266 -0.214519 -0.142186 -0.238553 -0.14184 -0.262439 -0.141635 -0.286764 -0.141768 -0.310912 -0.142104 -0.334556 -0.141639 -0.358273 -0.141071 
3.465 -0.361074 -0.0237091 -0.390521 -0.0234727 -0.419719 -0.0233984 -0.44947 -0.0234694 -0.479136 -0.0237069 -0.508067 -0.0233846 -0.537095 -0.023023 
4.48 -0.08166 -0.0257636 -0.105101 -0.0255516 -0.128338 -0.0254862 -0.152034 -0.0256537 -0.175645 -0.0257003 -0.198983 -0.0253691 -0.222385 -0.0247903 
4.438 -0.0392001 0.0447747 -0.0615256 0.0449209 -0.0839273 0.0450286 -0.106907 0.0449202 -0.129875 0.044944 -0.151918 0.0452076 -0.17445 0.0457016 
3.633 -0.319984 -0.0271333 -0.347938 -0.0268648 -0.375781 -0.0267117 -0.404014 -0.0267636 -0.432288 -0.0269023 -0.459839 -0.0265857 -0.487615 -0.0261338 
4.414 -0.0213943 0.0495686 -0.0444297 0.0497476 -0.0672234 0.0498987 -0.090367 0.049745 -0.113496 0.0496926 -0.136267 0.0500909 -0.159262 0.050591 
3.4 -0.386413 -0.0887687 -0.416383 -0.0885071 -0.446125 -0.0884677 -0.476419 -0.0885601 -0.506576 -0.088842 -0.536026 -0.0884733 -0.565495 -0.0879713 
3.547 -0.190549 0.176948 -0.220041 0.177394 -0.249406 0.177769 -0.279072 0.177921 -0.308841 0.178076 -0.338159 0.178561 -0.367551 0.179143 
3.26 -0.432982 -0.162046 -0.464102 -0.161694 -0.495039 -0.161474 -0.526482 -0.161485 -0.557617 -0.161609 -0.587869 -0.161146 -0.618104 -0.160551 
3.172 -0.448048 -0.0538419 -0.480367 -0.0536028 -0.512446 -0.0534775 -0.544941 -0.0534831 -0.577107 -0.0536393 -0.608535 -0.0533615 -0.639779 -0.0528821 
3.812 -0.303547 -0.223682 -0.330835 -0.223414 -0.357972 -0.223272 -0.385649 -0.22353 -0.413151 -0.2238 -0.439987 -0.223374 -0.46697 -0.222947 
3.916 -0.280263 -0.239433 -0.306529 -0.239322 -0.332551 -0.239291 -0.359114 -0.239609 -0.38542 -0.239919 -0.411213 -0.239641 -0.437162 -0.23928 
3.043 0.313491 -0.0285029 0.278814 -0.0280869 0.244685 -0.027822 0.210618 -0.0280385 0.176562 -0.0277614 0.142797 -0.0271554 0.108943 -0.0264334 
4.262 -0.209725 -0.0969867 -0.233747 -0.0968382 -0.257533 -0.0967126 -0.281907 -0.0969589 -0.306063 -0.0971243 -0.329704 -0.0967546 -0.35347 -0.0962966 
3.549 -0.356965 -0.161361 -0.38588 -0.161174 -0.414495 -0.161105 -0.443401 -0.161236 -0.472175 -0.16152 -0.500348 -0.161143 -0.528635 -0.160747 
3.912 -0.261772 -0.0545268 -0.288066 -0.0542688 -0.314181 -0.0541722 -0.340694 -0.0542361 -0.367079 -0.0543671 -0.392985 -0.0540686 -0.419049 -0.053688 
3.66 -0.324093 -0.0668539 -0.35199 -0.0666395 -0.379725 -0.0665317 -0.4079 -0.0666434 -0.436012 -0.0668763 -0.463508 -0.0665642 -0.491155 -0.0661362 
2.639 -0.396685 0.247487 -0.434608 0.247947 -0.472405 0.248222 -0.510437 0.248443 -0.548521 0.248332 -0.585615 0.248584 -0.622597 0.24904 
3.312 -0.422709 -0.21067 -0.453262 -0.210463 -0.483772 -0.210387 -0.514609 -0.210473 -0.545044 -0.210689 -0.574832 -0.210243 -0.60446 -0.209649 
3.797 0.108725 -0.015491 0.0818304 -0.0151352 0.055137 -0.0149719 0.0283827 -0.015089 0.00161791 -0.0149019 -0.0247403 -0.0144011 -0.0512741 -0.0139434 
2.658 -0.381619 0.223517 -0.419753 0.224013 -0.457653 0.224419 -0.495846 0.224685 -0.53434 0.224751 -0.571534 0.225052 -0.608806 0.225286 
3.559 -0.173428 0.174894 -0.202863 0.175383 -0.232056 0.17575 -0.261754 0.17597 -0.291572 0.176188 -0.320777 0.176728 -0.350093 0.177295 
3.236 -0.437091 -0.10452 -0.468556 -0.104353 -0.499838 -0.104303 -0.531601 -0.104453 -0.563085 -0.104743 -0.593737 -0.104436 -0.624343 -0.103995 
3.385 -0.389152 -0.0332968 -0.419457 -0.0330191 -0.449525 -0.0329041 -0.480127 -0.0329147 -0.510538 -0.0330426 -0.540341 -0.0328096 -0.570207 -0.0323933 
3.141 -0.45969 -0.0613752 -0.491866 -0.0612934 -0.523908 -0.0612427 -0.556426 -0.0613076 -0.588615 -0.0616825 -0.619938 -0.061362 -0.651187 -0.0610013 
3.953 -0.223421 0.013957 -0.250777 0.0142436 -0.277192 0.0144299 -0.304158 0.0143883 -0.331108 0.0143321 -0.357863 0.0147635 -0.384864 0.0152327 
3.344 -0.404219 -0.0901383 -0.434779 -0.0899263 -0.46516 -0.0898475 -0.496025 -0.0899319 -0.526859 -0.0901234 -0.556723 -0.0897485 -0.586711 -0.0893057 
3.158 -0.454897 -0.0750719 -0.487187 -0.0747454 -0.519229 -0.0745621 -0.551688 -0.0745762 -0.583907 -0.0747548 -0.615215 -0.0743833 -0.646473 -0.0739571 
2.775 0.651116 -0.0558965 0.614771 -0.0558068 0.579134 -0.0556153 0.54229 -0.0560204 0.506195 -0.0558218 0.469874 -0.0552323 0.433561 -0.0544895 
3.348 0.36143 -0.00864265 0.329069 -0.00836753 0.297111 -0.00814792 0.264803 -0.00839817 0.232584 -0.00823879 0.200891 -0.00755307 0.169227 -0.00689599 
3.965 -0.16795 0.013957 -0.194781 0.0142439 -0.221551 0.0144083 -0.248635 0.0143352 -0.275713 0.0143011 -0.302164 0.0146924 -0.328887 0.0151746 
3.285 0.401835 -0.00864265 0.369451 -0.0083664 0.33736 -0.00818111 0.305 -0.00841752 0.272904 -0.00829263 0.241036 -0.00757468 0.209217 -0.00684123 
3.877 0.0375017 -0.136022 0.0116952 -0.135711 -0.0138193 -0.135544 -0.0396089 -0.135753 -0.0654449 -0.135766 -0.0912322 -0.135357 -0.116796 -0.134863 
3.166 -0.453527 -0.100411 -0.485893 -0.100182 -0.518114 -0.100095 -0.550559 -0.100125 -0.582701 -0.100304 -0.614157 -0.100011 -0.645383 -0.0995353 
3.35 -0.417231 -0.249706 -0.447327 -0.24943 -0.477193 -0.249277 -0.507591 -0.249325 -0.537633 -0.249509 -0.566794 -0.248985 -0.59603 -0.248301 
3.936 -0.278208 -0.223682 -0.304383 -0.223511 -0.330238 -0.223416 -0.356678 -0.223638 -0.382787 -0.223878 -0.408501 -0.223555 -0.434347 -0.2232 
3.998 -0.265881 -0.234639 -0.291519 -0.234507 -0.31699 -0.234476 -0.342945 -0.234759 -0.36871 -0.23511 -0.393899 -0.234799 -0.419302 -0.234426 
2.99 -0.39874 0.152979 -0.433572 0.153358 -0.468284 0.153702 -0.503322 0.153871 -0.538393 0.153845 -0.572549 0.154139 -0.606783 0.154505 
3.24 -0.429558 -0.0230242 -0.461091 -0.0227297 -0.492369 -0.0226052 -0.524163 -0.0226103 -0.555756 -0.0227466 -0.58644 -0.0224905 -0.617259 -0.0220493 
3.801 0.117628 -0.0380907 0.0906624 -0.0377095 0.0640719 -0.0376068 0.0371654 -0.0376844 0.0104469 -0.0375913 -0.0159934 -0.0370788 -0.0425055 -0.036438 
3.576 -0.159732 0.179688 -0.188781 0.180199 -0.217814 0.18071 -0.247167 0.180932 -0.27659 0.181259 -0.305704 0.181821 -0.334689 0.18238 
4.059 -0.171374 -0.0216546 -0.195719 -0.0214003 -0.219417 -0.0213585 -0.24327 -0.021517 -0.267018 -0.0216383 -0.290294 -0.0213226 -0.313869 -0.0210391 
3.627 -0.185755 0.102986 -0.214546 0.103352 -0.243123 0.103748 -0.27227 0.103851 -0.301437 0.10389 -0.330173 0.104277 -0.358774 0.104939 
3.92 0.0402411 0.0639501 0.014184 0.0642171 -0.0114714 0.0643846 -0.037446 0.0642225 -0.0634052 0.0642797 -0.0890793 0.0647484 -0.114824 0.0652172 
3.869 -0.279578 -0.146295 -0.306027 -0.146025 -0.33227 -0.145971 -0.359047 -0.146121 -0.385699 -0.146352 -0.411828 -0.146063 -0.438078 -0.145709 
3.521 0.350473 -0.0285029 0.315756 -0.0283996 0.281404 -0.0282997 0.246818 -0.0285848 0.212503 -0.0283416 0.178563 -0.0279341 0.144699 -0.0275109 
3.369 -0.414491 -0.306547 -0.444441 -0.306239 -0.474239 -0.306145 -0.504468 -0.306221 -0.534265 -0.306372 -0.563174 -0.305731 -0.592109 -0.305009 
4.25 -0.213149 -0.123011 -0.23725 -0.122872 -0.261168 -0.122865 -0.28549 -0.122954 -0.309699 -0.122973 -0.333339 -0.122819 -0.357153 -0.122535 
4.234 -0.224791 -0.197658 -0.248955 -0.197659 -0.272818 -0.197557 -0.297237 -0.197915 -0.321499 -0.198115 -0.345136 -0.1977 -0.368958 -0.197243 
3.812 0.0854404 -0.0743871 0.0589564 -0.0741541 0.0326805 -0.0739675 0.00605502 -0.0741297 -0.020435 -0.0741532 -0.0465283 -0.0736876 -0.0727013 -0.0731018 
3.883 -0.272045 -0.0805506 -0.298812 -0.0803891 -0.325095 -0.0803179 -0.352054 -0.0804395 -0.378723 -0.0806175 -0.404951 -0.0803348 -0.431354 -0.0799854 
2.928 -0.346692 0.132434 -0.38009 0.132908 -0.413326 0.13323 -0.446916 0.133404 -0.480619 0.133459 -0.51367 0.133843 -0.546811 0.134334 
3.691 -0.156992 0.0399808 -0.185349 0.0401397 -0.213267 0.04038 -0.241796 0.040248 -0.270438 0.040169 -0.298553 0.0404291 -0.326648 0.0408911 
3.107 -0.240542 0.125586 -0.273489 0.125903 -0.306104 0.126032 -0.339163 0.125991 -0.372191 0.126054 -0.404604 0.126395 -0.437328 0.126884 
3.686 -0.277524 0.0324476 -0.306202 0.0328216 -0.334726 0.0329899 -0.363563 0.0330946 -0.39241 0.0331584 -0.420788 0.0336801 -0.449234 0.0341265 
4.355 -0.202876 -0.157937 -0.226392 -0.157811 -0.249761 -0.157796 -0.273611 -0.157937 -0.297242 -0.158178 -0.320353 -0.157967 -0.343663 -0.157634 
2.943 0.499082 0.068744 0.463726 0.0688242 0.428621 0.0689463 0.393371 0.0684599 0.358307 0.0685286 0.323624 0.0690185 0.288744 0.069502 
3.811 0.101192 0.0119025 0.0744313 0.0122053 0.0478988 0.0123568 0.0210613 0.012176 -0.00549957 0.0122607 -0.031831 0.012806 -0.0582916 0.013264 
3.234 -0.223421 0.167361 -0.253264 0.167913 -0.283013 0.168324 -0.3131 0.1685 -0.343266 0.168668 -0.372913 0.169226 -0.402671 0.169793 
3.811 0.118997 0.0331324 0.0919959 0.0333712 0.0653284 0.0334154 0.0384734 0.0333625 0.0116417 0.0334799 -0.01479 0.0338345 -0.0413343 0.0346116 
2.762 -0.31245 0.260499 -0.349203 0.261024 -0.385902 0.261412 -0.422882 0.261566 -0.460162 0.261562 -0.496766 0.262038 -0.533338 0.262574 
3.775 -0.315875 0.0269689 -0.342709 0.0271484 -0.36969 0.0273071 -0.396882 0.0271356 -0.42421 0.0269269 -0.450757 0.0271989 -0.4779 0.0275595 
3.596 -0.248076 0.0454595 -0.277022 0.0457307 -0.305776 0.0458804 -0.334885 0.0458238 -0.36411 0.0457426 -0.392785 0.046185 -0.421555 0.0466077 
3.811 0.0854404 -0.211355 0.0588826 -0.210977 0.0322888 -0.210722 0.00508386 -0.210801 -0.0216172 -0.210681 -0.0475599 -0.210134 -0.0739515 -0.209562 
3.381 -0.408328 -0.279838 -0.438197 -0.279581 -0.467933 -0.279431 -0.498165 -0.279518 -0.527975 -0.27966 -0.556818 -0.279102 -0.585727 -0.278448 
3.604 -0.337789 -0.0709629 -0.366335 -0.070607 -0.394725 -0.0703276 -0.423619 -0.0703262 -0.452373 -0.0704085 -0.48056 -0.0699465 -0.508921 -0.0693623 
3.801 0.108725 -0.319559 0.0816151 -0.319195 0.0549262 -0.318945 0.0277106 -0.319078 0.000861767 -0.319194 -0.0255163 -0.318645 -0.052087 -0.317915 
4.41 -0.0357759 0.0653198 -0.0589268 0.0655929 -0.0818038 0.0657165 -0.105168 0.0656365 -0.128469 0.0656681 -0.151231 0.0660585 -0.174409 0.0666264 
3.26 -0.439145 -0.214094 -0.470507 -0.213918 -0.501631 -0.213847 -0.533032 -0.213901 -0.563864 -0.214056 -0.594213 -0.213653 -0.624237 -0.213 
3.797 0.117628 -0.0839748 0.0906347 -0.0837101 0.064026 -0.08345 0.0371626 -0.0835158 0.0104281 -0.0833234 -0.0159762 -0.0828927 -0.0424449 -0.0823685 
2.809 -0.366553 0.176264 -0.401773 0.176756 -0.436653 0.177208 -0.471888 0.177579 -0.507213 0.177789 -0.54188 0.178183 -0.576652 0.178475 
3.924 0.0183263 -0.198343 -0.00740711 -0.198 -0.0331934 -0.197631 -0.059511 -0.197749 -0.085228 -0.197846 -0.110369 -0.197558 -0.136035 -0.196855 
3.482 -0.371346 -0.149719 -0.400434 -0.149297 -0.429383 -0.14907 -0.458869 -0.149134 -0.488145 -0.149203 -0.51679 -0.148881 -0.545521 -0.148476 
3.334 -0.410382 -0.112053 -0.441023 -0.111902 -0.471462 -0.111792 -0.502425 -0.111846 -0.533258 -0.112056 -0.563147 -0.111654 -0.59312 -0.111142 
3.248 -0.445994 -0.232585 -0.477455 -0.232401 -0.508649 -0.232325 -0.540139 -0.232377 -0.571211 -0.232531 -0.601401 -0.232048 -0.631431 -0.231345 
3.623 -0.339844 -0.131229 -0.368006 -0.130997 -0.396173 -0.130934 -0.424428 -0.131028 -0.452757 -0.131307 -0.480532 -0.130963 -0.508422 -0.130574 
3.732 -0.14398 0.114628 -0.170915 0.114986 -0.197845 0.115268 -0.225042 0.115272 -0.252551 0.1154 -0.279438 0.115792 -0.306873 0.116527 
3.916 0.0244898 -0.0798658 -0.00118915 -0.0795451 -0.0267967 -0.079409 -0.052684 -0.0796319 -0.0783777 -0.0796771 -0.103897 -0.0792675 -0.12936 -0.0788189 
3.631 -0.185071 0.0413505 -0.21373 0.0415324 -0.242331 0.04168 -0.271361 0.0415869 -0.300462 0.0415683 -0.328975 0.0421811 -0.357586 0.0426536 
4.16 0.0046295 0.0584714 -0.0207515 0.0590563 -0.0458474 0.059422 -0.0714206 0.0596425 -0.0968545 0.0598419 -0.122078 0.0604805 -0.147383 0.0609802 
